14 5 2
275 1027 1842 3242
665 1312 2339
702 2174
1238
969 1285 2190 3017 4519
951 1396 2394 3059 4189
832 1436 2525 3375 4418
937 1349 2387 3192 4493
929 1431 2210 3156 4417
881 1405 2102 2947 4783
916 1390 2424 3073 4206
827 1313 2112 3053 4155
870 1506 2106 2866 4169
913 1430 2381 3297 4333
888 1315 2215 3014 4482
960 1255 2119 3043 4723
828 1497 2342 2874 4104
823 1463 2556 3416 4550
5 6 8 8 8
9 5 6 5 6
5 6 9 6 10
6 7 6 9 8
9 8 5 5 7
10 8 5 6 8
9 5 10 9 10
5 7 8 8 9
8 5 10 5 6
8 10 6 6 7
9 9 5 10 8
5 9 5 5 9
9 6 8 5 10
5 5 6 10 6
4 4 7 3 5
0 0 0 1 1
4 0 2 2 0
1 2 0 0 1
0 1 4 13 1
0 4 3 1 2
6 1 2 0 1
1 3 1 2 1
1 2 9 2 5
0 1 0 3 2
0 5 1 1 0
5 1 1 1 1
6 0 1 3 3
2 7 2 0 1
2 3 6 0 3
