14 5 2
401 1461 1862 2437
901 1243 1949
476 1207
1008
852 1421 2464 2973 4094
878 1404 2548 2942 3713
810 1530 2280 3393 3743
895 1300 2388 2881 4376
916 1506 2337 3110 4106
808 1392 2202 3073 3952
810 1308 2593 2902 4362
844 1416 2188 2977 4383
901 1539 2254 3400 4087
791 1365 2269 3397 4469
934 1368 2187 3188 4488
849 1521 2227 3226 4113
847 1472 2347 3181 3761
925 1351 2178 3302 3907
5 7 7 7 8
9 5 5 10 8
6 8 8 10 9
6 10 6 8 5
5 8 10 9 9
5 10 5 7 7
6 6 5 8 6
5 7 9 6 5
8 7 7 8 9
5 8 10 6 7
7 8 6 5 6
6 10 10 6 10
5 9 9 7 5
9 8 6 6 6
3 7 2 1 3
0 0 2 0 3
1 2 2 0 0
2 2 1 0 0
1 0 1 1 1
1 0 2 2 2
2 1 1 0 8
2 1 1 0 1
0 0 0 4 3
1 2 1 2 7
1 1 0 6 0
4 4 2 3 0
0 1 0 0 1
0 2 7 2 0
1 1 4 0 1
