14 5 2
400 1008 1830 2005
721 1511 1821
650 1232
552
660 1126 1952 2789 3467
696 1155 1963 2738 3274
734 1213 1750 2510 3451
754 1135 2003 2487 3135
704 1185 1690 2728 3103
676 1130 1911 2466 3243
695 1310 2011 2624 2993
747 1247 1738 2800 3103
646 1144 1822 2728 3148
685 1131 1867 2334 3399
753 1238 1948 2786 3592
730 1190 1755 2314 3171
733 1093 1731 2573 2979
659 1141 1860 2464 3068
6 8 7 5 7
10 8 7 7 9
7 9 7 5 9
10 10 5 9 9
5 5 7 5 6
8 8 7 6 8
6 10 7 7 9
8 10 6 7 9
10 8 8 8 10
9 6 10 9 9
7 10 5 10 7
8 6 8 5 10
10 6 7 6 5
5 7 10 7 7
3 6 4 3 4
0 4 0 1 0
0 1 6 0 0
2 2 2 0 1
3 2 1 6 1
1 1 4 4 4
7 3 2 2 4
0 1 3 10 0
0 4 2 0 0
1 2 0 1 1
1 1 2 4 3
0 1 3 1 6
4 1 1 2 0
3 4 0 1 0
1 1 1 1 6
