14 5 2
459 805 1566 1910
388 962 1332
553 1127
501
746 1401 1810 2553 3092
735 1498 1929 2477 3009
709 1454 1936 2389 2898
773 1457 1803 2503 3439
663 1534 1902 2721 3467
657 1301 2052 2780 3361
645 1477 1941 2530 3069
683 1333 1771 2816 3516
761 1328 1765 2692 3012
694 1430 1709 2791 2957
644 1379 1738 2697 3408
669 1270 1979 2499 3204
692 1429 1838 2624 3021
758 1450 1780 2748 3476
9 8 8 9 7
9 8 6 5 7
5 7 5 7 5
8 7 5 5 8
6 8 8 10 9
10 5 5 8 7
8 7 9 10 7
6 5 8 5 5
7 6 10 8 9
5 6 8 6 6
6 9 7 5 7
10 9 8 10 7
6 7 5 5 9
9 8 10 8 5
4 2 7 6 2
6 0 1 0 1
6 2 0 0 0
1 2 3 0 5
1 1 2 1 3
1 6 1 1 4
0 0 4 0 2
3 1 3 0 2
2 3 1 1 7
3 2 0 1 1
2 1 5 2 3
2 2 1 4 3
0 2 0 2 4
1 1 1 0 0
7 0 7 5 0
