14 5 2
395 897 2220 1929
578 1752 1546
1007 1222
70
800 1321 1970 3262 3337
830 1323 2108 3191 3710
781 1320 2013 3052 3791
852 1351 1781 3302 3548
765 1372 2100 3164 3733
743 1352 2044 2909 3491
853 1312 1892 3247 3645
807 1431 1882 2799 3259
714 1460 2096 3244 3579
733 1331 2085 3276 3365
782 1358 1813 3035 3822
746 1533 1931 2780 3553
719 1462 2121 2949 3946
805 1444 1821 2929 3262
9 8 5 5 9
8 10 10 10 7
9 9 8 9 8
5 10 7 10 9
8 9 9 9 9
5 8 8 6 6
6 7 6 10 6
9 5 8 8 8
9 10 5 9 7
7 10 5 9 6
9 9 5 7 7
8 7 7 8 9
7 7 8 7 5
10 6 10 6 6
1 3 4 4 4
1 0 3 0 2
1 2 2 3 2
0 1 6 0 7
6 0 4 0 3
2 2 0 7 4
3 1 3 0 0
1 2 0 1 1
0 1 3 0 0
2 1 2 5 3
2 2 0 3 8
4 0 2 0 1
2 1 1 0 0
1 1 1 1 3
1 1 2 1 2
