14 5 2
384 926 1387 1656
538 858 1680
349 797
540
687 1161 1876 2363 3008
628 1262 1867 2526 3127
728 1137 2005 2367 2864
616 1221 2019 2382 2836
684 1194 1708 2537 3286
722 1131 1949 2367 3008
642 1087 2021 2434 3074
674 1216 1959 2457 3360
690 1173 1824 2619 3276
605 1259 1999 2421 2927
613 1130 1819 2614 3231
630 1108 1740 2373 2990
729 1182 1914 2635 3079
663 1276 1925 2622 3345
8 7 10 8 9
5 10 9 5 5
7 7 6 6 7
6 9 9 5 9
10 5 6 6 10
10 5 5 8 9
7 9 5 10 5
10 10 9 5 6
6 10 6 9 7
9 9 9 10 5
7 6 9 6 6
9 5 10 7 9
8 7 9 10 8
10 10 8 6 6
2 1 8 5 1
0 2 10 5 10
1 1 0 1 3
2 4 2 2 7
1 2 1 1 4
1 0 4 1 3
9 1 0 2 4
1 5 0 6 1
0 3 2 1 2
1 2 3 2 3
0 0 0 0 1
0 1 0 1 1
4 2 1 3 2
2 2 1 2 2
1 1 1 1 4
