14 5 2
443 1109 1672 1770
762 1187 1575
342 889
634
629 1122 1952 2392 3137
630 1257 2034 2625 3119
653 1325 1924 2445 2843
646 1269 1748 2648 3268
620 1133 1694 2417 3136
647 1201 1991 2267 2992
657 1148 1808 2425 2838
644 1311 1870 2495 3084
732 1215 1957 2264 3383
624 1169 1741 2566 2806
638 1145 1785 2711 2870
609 1215 2015 2647 2872
643 1161 1918 2698 2875
693 1097 1758 2425 3176
8 6 8 10 10
9 10 8 5 10
9 9 9 10 10
6 7 8 10 9
8 8 8 8 7
6 7 7 10 10
6 5 5 7 9
10 6 5 5 10
6 7 5 5 8
9 10 8 6 7
8 10 5 9 9
6 5 6 8 6
9 9 5 9 5
9 9 5 8 5
8 3 6 2 3
3 2 0 2 1
1 2 2 0 2
1 3 5 11 5
0 1 0 2 6
2 9 2 4 5
0 1 0 4 3
2 0 2 1 0
3 0 1 1 3
0 2 0 0 3
2 3 4 2 2
2 1 5 3 1
1 4 7 1 0
0 3 2 3 1
2 1 5 0 3
