14 5 2
411 1374 1878 2353
975 1372 1603
431 891
496
771 1260 2397 2974 3506
716 1082 2389 2905 3576
699 1244 2402 2683 3417
693 1087 2222 2802 3998
755 1205 2217 2772 3862
695 1188 2019 2607 3533
820 1197 2383 2734 3983
725 1101 2110 2895 3768
743 1274 2278 2777 3857
791 1107 2348 3012 3869
751 1180 2174 2979 3785
706 1282 2367 2574 3354
763 1235 2240 2679 3945
684 1263 2123 2527 3887
6 8 9 7 7
6 10 9 9 10
5 9 10 8 6
7 9 6 5 10
8 6 7 7 9
8 8 6 5 5
7 9 7 9 8
10 8 5 8 7
8 6 7 10 7
9 5 9 5 8
6 8 7 7 7
8 9 6 10 8
10 6 5 6 6
9 5 8 10 10
2 1 5 9 1
1 0 0 3 0
0 3 0 5 7
5 0 1 2 1
4 2 0 10 0
3 2 0 0 7
4 3 5 4 1
0 1 2 2 1
1 0 5 0 0
1 6 4 2 9
1 1 0 0 1
2 2 0 0 0
8 6 0 0 2
1 0 0 4 4
0 0 2 3 1
