14 5 2
330 1180 1784 2034
662 1769 1497
846 990
66
792 1255 2182 3269 3345
876 1368 1994 2985 3352
810 1383 2104 3115 3453
874 1412 1846 3309 3647
749 1226 2071 3129 3836
844 1317 2150 3482 3635
869 1475 2146 3280 3968
732 1291 2081 3088 3676
749 1355 1948 3115 3701
782 1350 1923 2958 3372
772 1455 2103 3182 3907
752 1464 1862 3462 3642
776 1448 2146 3315 3636
813 1455 2161 3095 3810
6 6 6 9 9
5 5 10 7 5
8 5 6 10 9
8 8 7 6 7
5 5 5 10 9
7 8 8 5 9
7 10 10 9 10
10 7 9 6 6
7 8 9 9 5
8 8 5 5 10
7 8 5 8 5
5 5 8 6 10
6 6 10 6 10
7 5 8 6 6
1 5 1 7 3
0 0 2 0 6
1 1 3 2 1
2 0 1 0 5
1 1 0 1 3
3 1 0 4 0
2 1 2 5 1
0 3 0 1 0
1 0 0 2 1
3 1 1 5 0
1 1 0 2 1
4 0 1 0 1
5 3 1 2 2
4 6 4 2 3
0 2 0 4 3
