14 5 2
669 1397 1614 2800
645 1037 1891
405 1469
961
763 1682 2409 2911 4034
890 1608 2491 3146 3783
868 1668 2238 3532 3495
770 1510 2507 3057 4138
733 1509 2313 3412 3494
820 1688 2149 3475 3760
871 1440 2134 3077 3848
815 1616 2448 2922 3625
830 1667 2574 3131 3774
878 1594 2376 3175 3960
869 1544 2253 3017 3913
840 1705 2433 2997 3889
739 1584 2473 3124 3921
823 1651 2361 3260 4017
10 7 10 7 7
8 9 8 6 7
5 7 10 8 5
10 10 6 9 5
8 5 10 10 7
10 10 10 10 8
7 9 10 10 10
7 6 8 7 8
6 6 8 7 7
8 5 6 6 9
7 8 9 5 9
6 6 9 7 8
9 10 6 5 5
7 9 10 5 6
4 0 1 0 2
3 0 1 0 1
0 1 2 1 3
5 3 2 0 1
4 2 0 2 0
1 2 2 2 2
2 2 0 5 1
3 0 1 5 0
1 0 0 3 1
2 0 2 2 1
3 1 0 1 0
1 4 2 6 3
3 3 0 2 2
2 2 0 1 0
0 1 2 6 2
