14 5 2
441 805 1761 2279
455 1252 1822
886 1387
400
809 1300 1785 2899 3369
792 1569 2014 2902 3287
785 1538 1987 2947 3962
795 1390 2128 2486 3866
785 1508 1994 2857 3321
748 1332 2021 2896 3349
743 1517 2112 2711 3543
742 1356 2021 2618 3683
747 1330 1925 2415 3692
739 1530 1833 2947 3429
722 1394 2045 2530 3741
792 1411 1839 2804 3441
679 1428 1990 2461 3756
734 1504 2001 2584 3612
7 9 7 10 7
8 5 6 7 7
5 7 6 8 9
7 6 6 6 6
7 9 8 7 6
10 9 8 8 6
10 8 5 6 6
6 8 6 9 10
5 6 5 9 10
6 9 8 5 5
5 9 10 6 10
5 10 10 7 8
5 6 8 5 5
6 7 9 7 9
3 8 7 0 0
1 1 0 9 1
0 3 3 1 2
0 1 1 9 0
0 1 1 0 0
6 2 0 2 3
1 3 1 0 3
0 4 2 4 4
2 0 4 6 4
0 2 0 2 6
0 1 4 2 3
2 2 3 2 5
5 5 1 7 1
2 2 2 0 2
6 3 0 0 0
