14 5 2
632 1161 2059 2745
495 1302 2482
617 2160
1128
830 1613 2259 3116 4575
827 1930 2646 3533 4027
882 1608 2367 3721 4496
978 1833 2403 3190 4192
817 1720 2612 3525 4141
848 1728 2479 3432 4082
848 1886 2446 3307 4533
906 1684 2377 3685 4096
840 1612 2568 3709 4319
841 1938 2562 3478 4402
873 1932 2603 3352 4836
919 1769 2496 3704 4839
818 1860 2712 3499 4693
816 1814 2476 3610 4536
6 7 5 10 10
7 5 10 7 6
8 10 10 8 10
5 10 6 7 9
10 9 10 8 7
10 7 5 10 9
7 5 5 10 6
9 9 6 10 10
9 9 5 6 9
9 6 6 8 6
10 8 8 8 9
5 6 5 8 6
8 7 5 10 6
10 6 10 6 6
1 7 7 2 4
0 0 4 0 5
2 1 0 0 0
2 7 0 2 1
2 1 0 0 3
0 2 2 0 0
0 0 1 2 4
2 4 3 1 2
3 2 3 4 2
1 2 2 1 3
2 0 0 1 0
0 0 2 3 4
1 1 3 6 1
3 0 0 3 1
7 6 0 2 3
