14 4 15
622 990 2343
323 1516
1297
931 1768 2118 3843
890 1471 2168 3584
923 1734 2356 3603
927 1473 2460 3946
864 1510 2433 3874
885 1620 2475 3712
840 1549 2384 3844
902 1588 2326 3535
890 1629 2181 3388
928 1522 2285 3508
861 1470 2414 3740
898 1548 2214 3905
997 1619 2225 4018
858 1601 2123 3986
46 42 29 25
45 45 33 30
29 27 43 31
40 39 47 30
30 50 35 47
25 27 43 28
37 28 25 36
27 31 46 43
37 47 41 29
40 29 27 45
47 42 34 42
40 43 47 25
41 41 25 28
36 48 37 47
2 21 48 1
8 5 3 3
6 7 7 0
5 9 3 4
14 4 2 6
1 3 1 6
6 12 4 1
9 4 4 2
3 6 5 4
4 4 4 8
5 7 5 5
5 5 8 4
5 3 3 6
4 3 7 5
6 6 7 4
