14 4 15
313 773 1415
382 900
568
457 867 1399 2049
474 875 1184 2026
478 949 1325 1820
540 1005 1168 1733
469 1038 1255 1958
491 1015 1369 2047
516 1018 1250 1733
550 887 1304 1789
513 1044 1270 2045
546 998 1276 2036
524 904 1243 1870
499 1034 1315 2023
509 948 1388 1975
484 986 1191 1762
42 32 26 30
38 28 41 31
41 28 38 31
39 43 50 33
50 42 38 40
31 31 47 26
31 28 34 47
32 47 44 43
30 39 26 47
27 33 28 49
40 41 40 25
35 25 25 32
40 38 50 35
31 33 29 42
10 40 27 2
6 10 7 7
1 4 5 2
3 3 7 4
8 4 4 8
2 4 4 5
9 7 9 2
3 10 2 6
14 7 3 2
4 4 5 9
11 7 3 5
8 8 5 10
5 6 4 6
6 2 7 3
3 5 2 5
