14 4 15
189 879 990
738 637
102
532 789 1587 1698
515 771 1369 2025
504 887 1437 2002
490 808 1561 1711
515 830 1415 1845
524 881 1510 2025
486 902 1419 1689
501 831 1467 1780
573 867 1601 1746
519 843 1457 1953
550 794 1554 1719
509 765 1620 1851
499 904 1581 1780
505 912 1417 1998
44 40 32 39
49 26 27 25
26 33 45 32
47 36 50 29
34 44 48 40
46 35 27 30
30 29 41 41
30 35 36 44
31 36 34 26
36 49 28 27
26 40 46 48
27 34 46 35
27 48 41 50
25 26 30 34
47 5 29 21
6 8 4 7
2 8 1 2
7 3 6 5
4 6 3 6
1 7 7 7
3 7 1 4
6 3 2 10
3 3 4 1
7 3 5 5
5 3 5 3
3 3 7 8
5 6 2 6
3 8 3 5
5 5 6 8
