14 4 15
813 1152 2221
506 1430
922
948 1854 2469 3481
943 1674 2533 3529
857 1913 2647 3444
928 1893 2292 3579
899 1931 2699 3899
1031 1732 2579 3697
1026 2015 2758 3708
895 1803 2490 3713
1005 1955 2667 3469
958 1690 2670 3419
886 1770 2688 3652
916 2026 2586 3451
998 1672 2641 3715
904 2031 2345 3599
38 42 33 40
31 35 26 48
26 40 44 37
26 47 32 40
42 28 36 45
30 42 26 40
37 26 46 35
31 33 43 29
28 36 38 35
41 33 43 48
41 45 40 39
44 28 50 26
40 27 30 43
38 32 41 45
6 18 24 4
2 5 7 8
4 4 2 0
6 6 1 4
5 5 5 5
4 6 5 7
2 7 6 2
6 5 5 4
6 1 6 8
3 6 3 2
3 1 6 5
8 4 7 4
9 9 6 5
2 4 3 5
7 5 4 7
