14 4 15
680 1447 1785
623 1260
783
859 1680 2407 3312
940 1506 2737 3366
847 1471 2598 3887
1011 1443 2426 3256
963 1613 2671 3487
981 1464 2396 3812
970 1663 2326 3617
923 1508 2662 3827
1008 1591 2385 3592
919 1596 2654 3325
986 1648 2376 3891
881 1719 2444 3887
886 1679 2429 3847
917 1556 2639 3370
26 27 37 30
43 30 27 43
44 26 49 47
34 46 37 45
29 31 36 28
34 26 27 33
29 45 40 41
45 43 31 29
39 36 31 44
43 26 35 48
33 43 39 39
33 45 33 30
27 36 37 47
45 27 38 50
4 7 37 7
6 4 8 3
4 7 2 4
8 11 8 3
6 1 4 9
8 4 1 7
7 6 5 6
6 5 6 6
8 5 5 7
4 3 4 3
1 3 2 5
8 3 2 4
2 4 9 4
2 1 3 3
2 2 5 6
