14 4 15
390 1152 2102
911 2030
817
756 1247 2311 3440
891 1432 2094 3276
831 1237 2442 3521
806 1304 2370 3526
839 1398 2361 3032
801 1305 2251 3230
915 1352 2489 3315
808 1383 2355 3248
907 1297 2189 3331
759 1189 2218 2997
891 1228 2475 3251
836 1231 2103 3023
774 1378 2072 3224
907 1279 2163 3221
33 39 40 26
50 28 30 35
49 28 49 48
39 48 27 36
43 41 37 48
44 38 27 28
29 42 26 44
43 42 32 29
25 26 30 38
27 47 39 50
48 42 41 39
44 41 30 42
45 29 36 44
46 48 26 36
11 9 24 26
3 6 4 6
3 7 6 6
5 4 4 4
3 9 4 5
2 6 3 2
2 7 7 4
3 7 6 1
1 10 2 5
5 6 7 6
8 4 4 3
8 6 2 4
10 5 5 12
4 10 7 7
4 9 12 5
