14 4 15
336 1466 1876
922 1634
573
786 1157 2405 3139
770 1176 2604 2780
756 1157 2689 2876
804 1243 2521 3168
766 1335 2302 3081
814 1253 2506 2647
877 1373 2589 2804
898 1309 2601 2937
793 1252 2372 2712
757 1227 2372 3063
900 1260 2435 2690
766 1228 2273 2719
764 1299 2371 3164
800 1211 2682 2894
39 25 26 37
35 36 36 48
48 37 25 35
34 33 30 26
39 36 45 50
26 36 47 50
39 36 34 39
47 47 49 31
29 36 33 45
39 28 39 38
37 49 36 35
35 26 47 43
42 42 35 35
27 26 33 29
50 18 15 12
2 11 4 2
7 6 3 7
9 9 9 6
4 9 9 3
6 6 7 9
6 7 8 6
3 1 6 4
5 3 7 7
7 6 6 6
4 5 5 9
8 0 6 5
8 2 3 2
9 7 5 5
4 9 9 1
