14 4 15
391 1196 2508
928 1890
888
923 1346 2618 3587
947 1624 2559 3398
1041 1597 2755 3436
901 1478 2562 3684
932 1402 2595 4105
956 1552 2319 3405
956 1555 2606 3857
952 1572 2425 3828
1059 1398 2618 3795
1058 1596 2587 3520
1045 1565 2633 3677
933 1458 2540 4028
1054 1587 2500 3807
1022 1595 2465 3877
33 27 44 50
50 25 41 29
38 44 31 33
30 36 26 33
48 27 27 31
47 34 30 36
46 29 32 47
26 41 46 40
28 29 25 26
46 44 25 41
38 36 33 49
32 48 27 40
41 36 38 30
42 32 32 34
8 32 12 25
6 4 7 8
7 2 4 4
5 2 1 11
4 7 4 8
6 7 4 1
4 8 13 1
6 5 9 2
4 10 3 1
1 10 3 2
5 3 4 2
5 4 8 5
5 5 7 4
7 4 2 10
5 5 7 4
