14 4 15
467 1300 2089
997 1775
556
965 1524 2788 3509
817 1382 2584 3688
900 1319 2305 3231
912 1447 2529 3139
982 1466 2702 3273
976 1454 2564 3511
959 1544 2323 3402
915 1307 2676 3264
871 1410 2400 3424
898 1560 2640 3205
841 1303 2540 3674
949 1366 2761 3559
981 1519 2511 3285
980 1510 2758 3190
37 29 44 50
30 25 27 43
40 32 27 30
32 25 46 39
37 43 31 34
47 39 29 39
36 44 35 45
33 35 42 28
30 46 29 32
39 31 35 29
31 32 29 46
36 50 37 40
43 35 47 34
30 29 33 47
26 41 17 16
3 4 10 6
7 1 11 7
2 3 4 2
6 3 6 5
5 2 3 6
9 2 5 3
7 6 2 9
6 2 11 7
2 4 9 5
2 5 7 2
2 4 4 2
7 4 5 4
4 3 9 3
7 2 3 1
