14 4 15
486 1297 2146
787 1731
742
764 1333 2177 3178
896 1289 2457 2757
771 1357 2168 3193
887 1273 2284 2827
800 1389 2457 2910
919 1449 2520 2890
834 1431 2453 3158
927 1288 2132 2769
823 1290 2137 2882
806 1272 2128 3327
886 1409 2147 2933
842 1372 2511 2779
802 1240 2461 3214
767 1384 2377 2991
49 30 40 28
39 34 37 49
32 40 37 33
25 50 39 28
36 32 40 38
36 35 45 35
35 37 41 47
28 39 29 36
31 35 35 46
49 46 43 29
47 25 43 34
37 34 28 30
27 32 40 40
44 26 50 37
6 1 40 4
5 7 9 10
5 4 5 6
9 9 4 8
2 2 8 5
7 5 6 3
3 7 3 5
3 5 6 3
8 4 4 2
5 8 1 8
4 5 5 7
3 4 2 8
5 10 6 3
9 12 4 2
4 10 5 3
