14 5 2
573 1088 2188 2764
406 1692 1866
926 1788
507
901 1593 2147 3402 4051
824 1774 2466 3724 4252
975 1713 2228 3412 4772
963 1718 2440 3702 4864
891 1741 2543 3201 4131
905 1572 2318 3515 4220
935 1809 2145 3205 4470
901 1682 2517 3313 4356
870 1620 2368 3207 4362
957 1860 2332 3571 4894
904 1809 2567 3620 4513
997 1913 2553 3174 4757
969 1684 2222 3350 4115
850 1806 2247 3604 4190
138 200 160 140 163
152 180 180 184 134
185 126 158 146 171
120 157 195 112 124
129 101 126 115 197
154 152 145 147 161
151 120 141 174 131
107 175 120 159 123
192 169 177 146 184
144 147 199 200 159
131 169 115 172 169
119 199 183 111 138
126 120 149 196 180
148 133 184 163 107
53 21 190 59 37
1 4 2 5 2
2 0 5 0 0
2 1 0 5 2
3 0 5 0 0
2 0 0 0 1
1 2 1 0 1
2 0 0 1 4
3 1 3 3 2
1 0 0 7 1
0 1 0 1 0
0 2 6 6 0
1 3 3 1 0
1 4 3 6 1
1 2 0 1 1
