14 5 2
501 748 1307 1823
262 997 1441
538 903
404
583 1154 1526 2254 2754
537 1155 1390 2312 2612
606 1146 1568 2303 2713
591 1164 1593 2260 2841
628 1280 1634 2211 2917
605 1097 1598 2167 3059
630 1119 1540 2121 3064
571 1153 1489 2282 2950
547 1117 1380 2381 2666
543 1072 1447 2304 2958
643 1246 1620 2288 3038
540 1196 1530 2143 3027
601 1240 1359 2456 3002
637 1071 1634 2363 3046
132 142 167 155 195
125 106 158 104 152
196 111 155 171 157
126 106 133 126 143
150 133 166 200 108
151 162 175 144 183
142 120 142 200 181
196 147 188 109 159
119 136 198 164 104
125 124 163 175 167
142 159 105 174 107
146 125 115 190 101
157 154 185 122 188
115 124 156 105 157
3 199 67 34 75
2 1 0 4 1
1 2 0 1 1
0 2 3 1 7
4 2 2 1 1
0 1 1 7 0
2 1 0 3 11
6 3 0 4 0
5 4 0 0 1
5 1 0 2 1
4 1 1 1 1
5 2 2 5 2
0 2 0 3 3
0 5 1 3 0
1 5 1 1 3
