14 5 2
742 1520 1881 2969
729 1325 2092
553 1175
559
824 1725 2658 3258 3960
790 1782 2765 3503 4169
833 1812 2721 3343 4451
844 1698 2626 3240 4185
914 1712 2677 3047 3822
847 1780 2332 3017 4046
902 1795 2437 3529 4119
825 1699 2562 3566 4001
926 1730 2441 3317 4458
801 1556 2703 3222 4174
904 1766 2441 3636 4223
893 1675 2631 3149 3787
791 1571 2625 3123 3780
810 1556 2393 3018 3726
158 139 160 118 147
190 158 142 138 193
143 130 198 179 193
103 150 191 174 146
147 104 192 152 180
129 147 152 198 115
170 173 111 183 159
106 146 138 111 151
140 107 169 111 123
116 176 190 117 142
115 131 110 160 120
119 123 152 120 136
180 146 122 163 104
139 160 183 145 182
161 15 132 25 90
1 1 2 2 2
0 2 1 5 1
2 0 0 3 0
2 0 5 1 3
1 0 0 1 1
0 5 4 9 1
4 2 2 4 4
0 3 2 0 3
0 2 0 2 0
3 3 1 4 4
0 1 4 1 3
0 0 6 1 0
3 3 9 4 0
2 3 0 4 6
