14 5 2
441 963 1339 2044
494 824 1826
355 1078
890
616 1093 1648 2100 3160
608 1102 1488 2045 2702
567 1179 1403 2328 2908
605 1100 1362 2295 2674
650 1065 1363 2373 2862
624 1153 1474 2094 3084
624 1053 1480 2159 2870
610 1221 1611 2288 2757
588 1122 1570 2079 2955
655 1232 1642 2268 2681
635 1084 1427 2236 2680
562 1054 1612 2182 3115
658 1248 1548 2030 2718
589 1116 1369 1980 2668
141 159 130 142 187
200 114 117 199 134
186 185 168 164 160
193 185 119 174 199
200 173 178 198 117
134 187 113 158 185
155 150 151 176 116
164 102 161 134 147
103 170 158 122 134
186 162 129 193 122
177 151 158 102 126
161 177 190 137 157
124 188 157 169 194
101 184 198 189 144
39 25 13 136 56
3 2 2 1 0
2 7 5 2 0
1 5 0 6 1
0 0 0 2 2
5 1 2 1 5
1 1 4 5 0
2 0 1 2 1
0 0 1 4 4
1 5 0 3 0
1 5 0 0 0
0 1 8 3 1
0 5 1 2 0
0 0 0 3 2
1 4 0 6 2
