14 5 2
614 1556 1582 2676
749 922 2346
259 1550
1110
748 1524 2420 2753 4286
798 1337 2351 3120 3741
775 1420 2482 2830 3760
809 1485 2075 3144 4264
755 1504 2363 2983 3632
904 1380 2198 2989 3707
800 1463 2332 2908 3995
885 1555 2145 2804 4125
826 1381 2202 2973 4311
755 1496 2152 3048 3742
763 1564 2150 3316 3754
874 1423 2240 3049 3756
837 1412 2113 3260 4130
873 1347 2458 3245 4372
109 114 178 130 169
120 170 193 151 166
101 105 115 184 157
131 138 143 181 131
103 125 175 108 130
153 147 143 172 117
199 139 124 173 106
193 177 188 179 145
159 110 157 171 114
109 158 104 166 176
157 102 151 167 184
173 126 136 175 134
107 123 178 111 113
139 120 190 142 170
55 79 42 110 49
0 1 3 1 11
0 6 4 1 5
5 1 1 1 1
2 0 4 2 2
1 7 0 2 1
3 3 0 2 5
0 3 1 7 2
2 0 2 0 0
5 0 1 0 0
1 0 0 1 1
2 1 9 0 3
1 1 3 6 1
6 0 1 2 1
1 2 0 8 5
