14 5 2
405 909 1372 1751
524 1028 1385
620 673
167
571 1097 1706 2379 2560
652 1115 1512 2206 2876
588 976 1415 2344 3029
608 1080 1567 2457 2682
605 1038 1593 2164 2688
554 1091 1598 2580 2950
633 1070 1430 2165 2722
576 1088 1687 2490 2786
660 1113 1681 2196 2676
577 941 1550 2560 3011
660 964 1450 2136 2525
574 1018 1704 2383 2689
640 989 1602 2350 2999
546 1093 1637 2330 2729
187 115 143 130 112
135 133 158 146 156
108 195 162 143 184
173 106 151 148 101
134 140 120 159 135
138 170 103 191 100
131 183 113 153 180
104 183 157 165 182
184 190 133 105 162
144 165 188 165 131
144 116 167 176 132
125 174 179 160 117
180 193 177 159 166
130 159 101 121 127
53 194 41 38 88
4 1 0 2 1
3 2 0 0 1
3 1 4 0 0
1 3 0 0 1
1 2 2 1 9
0 2 2 0 2
2 0 1 1 0
1 5 2 6 2
0 2 2 8 1
0 0 4 12 1
7 0 1 2 9
1 1 1 1 2
1 0 0 0 12
1 2 4 4 1
