14 5 2
551 1375 1884 2939
781 1344 2625
599 1479
974
927 1592 2547 3212 4488
941 1846 2341 3169 4484
846 1872 2338 3600 4195
901 1752 2420 3320 4018
916 1753 2583 3535 3847
900 1852 2644 3580 4340
908 1909 2270 3676 4256
962 1907 2496 3567 4368
941 1893 2246 3619 4525
921 1672 2370 3751 4293
809 1827 2370 3496 4581
954 1818 2660 3137 3753
974 1865 2634 3347 4265
833 1748 2563 3260 3797
117 129 179 101 144
178 171 155 193 127
136 149 115 132 168
134 128 173 175 161
169 117 131 157 197
150 129 196 115 122
102 100 154 151 124
104 119 115 200 178
194 182 111 189 106
121 157 175 143 114
132 134 114 180 182
117 171 172 151 177
100 200 121 109 111
180 114 167 197 117
34 79 165 9 105
1 3 4 2 2
0 0 2 4 2
1 2 1 0 1
0 0 3 0 1
0 0 1 1 1
0 2 0 1 2
1 6 1 2 0
2 4 0 2 5
1 5 1 1 1
5 1 3 1 1
2 3 1 5 3
1 1 0 4 0
0 1 2 2 2
1 2 3 3 5
