14 5 2
255 970 1850 2696
808 1532 2694
646 1566
1132
897 1198 2091 2924 4320
755 1332 2392 3141 4191
792 1203 2093 3118 4248
856 1215 2029 3249 3728
861 1274 2247 3041 3744
892 1436 2086 2936 4215
858 1203 2441 3056 4153
768 1295 2230 3066 4320
770 1264 2167 2756 3860
817 1377 2323 2938 4126
857 1238 2178 2772 3652
868 1240 2441 3085 3809
752 1342 2056 3144 4251
891 1233 2018 2852 4011
163 186 107 163 138
134 145 173 195 190
196 195 195 154 187
161 141 189 119 184
193 130 112 183 106
151 163 100 168 145
186 153 111 182 138
125 193 153 108 193
168 192 137 187 105
107 118 106 107 126
142 116 100 198 113
158 185 145 167 161
150 172 168 141 168
107 158 194 180 162
237 88 1 20 70
0 1 2 0 3
0 9 1 1 2
0 2 9 3 2
2 0 1 0 2
0 0 0 0 2
1 2 1 0 3
1 0 3 0 3
0 5 1 2 13
0 1 2 1 0
1 4 0 0 0
0 4 1 2 7
2 1 2 0 3
5 1 9 4 4
1 2 0 3 4
