14 5 2
384 1100 1559 2248
617 891 1851
277 1085
897
579 1011 1855 2220 3352
702 1121 1670 2428 2879
610 1096 1677 2564 3304
688 1006 1887 2459 2948
702 1092 1821 2337 2929
667 1095 1914 2340 3253
604 1058 1875 2285 3295
678 977 1743 2438 2927
608 1101 1956 2476 2970
630 982 1857 2165 3189
623 1163 1729 2217 3106
641 985 1712 2563 3018
592 1071 1993 2565 3316
621 969 1914 2245 3035
119 103 102 116 199
111 137 117 166 154
108 161 131 110 123
105 184 198 137 143
137 177 176 106 188
165 194 145 166 188
114 166 189 132 107
186 104 140 109 110
180 155 124 161 164
147 107 127 121 190
156 144 160 151 144
192 104 161 192 136
144 179 186 170 194
191 178 200 158 161
95 113 49 131 58
1 1 3 1 1
0 8 2 1 2
2 3 0 1 3
3 0 0 2 0
1 6 1 6 5
1 1 1 0 4
0 0 1 6 3
2 7 0 3 7
2 2 1 1 6
1 3 2 2 0
0 1 0 1 1
0 0 2 3 3
0 1 4 0 4
0 0 1 2 3
