14 5 2
257 1110 1631 2139
903 1321 1677
346 902
622
779 1058 2090 2542 3252
666 1244 1901 2617 3259
719 1187 2204 2485 3214
662 1136 2056 2452 3464
749 1035 1948 2788 3470
742 1118 2134 2872 3277
680 1026 2288 2538 3232
707 1153 2130 2468 3249
685 1191 2004 2623 3461
715 1226 1987 2396 3323
654 1099 2284 2819 3162
775 1140 2005 2508 3499
766 1212 2042 2676 3492
772 1074 2264 2472 3530
163 183 194 130 172
105 160 135 150 140
123 106 188 128 105
130 180 188 120 109
199 149 140 174 165
107 165 192 186 162
164 129 158 133 130
144 178 134 118 149
185 196 188 120 122
146 144 173 104 116
141 131 143 200 195
124 167 119 115 170
167 152 180 178 100
147 163 117 102 193
65 131 36 91 73
1 1 1 2 0
0 2 0 4 2
1 1 1 2 0
2 3 1 1 4
1 0 0 1 1
0 2 1 0 0
1 0 0 4 1
0 2 1 1 0
0 7 3 0 0
4 0 0 2 2
0 5 1 1 6
0 8 0 0 2
3 0 3 4 0
0 1 2 1 2
