14 5 2
270 1010 1409 2091
617 989 1758
296 1081
751
633 996 1735 2126 2924
648 932 1777 2392 2685
566 971 1739 2450 2776
627 978 1648 2228 2870
630 995 1818 2491 2708
644 946 1799 2297 2866
625 834 1817 2402 3054
556 986 1945 2258 2846
644 945 1814 2350 2809
554 953 1623 2245 2909
547 948 1639 2256 2829
581 981 1816 2424 2639
598 960 1892 2300 2963
612 842 1653 2283 2652
188 191 165 147 109
140 180 200 158 134
185 169 110 176 196
115 112 114 144 198
101 120 197 161 168
155 105 154 158 174
119 127 147 138 127
197 134 178 190 121
154 194 146 174 144
123 122 188 166 137
180 130 177 161 195
190 145 184 128 100
150 149 122 132 140
156 180 122 158 183
51 184 14 169 59
3 3 0 0 3
4 3 2 5 1
1 2 0 2 3
0 1 5 2 2
2 5 1 1 1
2 2 1 0 4
2 2 0 3 1
2 1 4 1 4
4 2 2 0 4
4 2 4 0 0
2 2 3 2 0
1 2 0 1 6
0 7 3 0 1
4 0 2 1 0
