14 5 2
304 819 1311 1709
591 1079 1343
406 839
369
651 1006 1772 2336 2844
633 1006 1844 2270 3142
617 954 1747 2649 3299
624 995 1848 2680 3200
588 933 1705 2404 2950
623 1046 1708 2354 3170
579 1036 1933 2628 3080
640 868 1951 2661 3157
675 982 1798 2521 2961
638 997 1903 2465 3349
661 869 1823 2456 3019
657 875 1714 2377 3042
641 1000 1724 2743 3090
576 1032 1727 2563 3190
167 120 188 117 106
101 113 104 187 140
115 135 188 112 157
190 123 117 173 161
151 128 196 161 186
125 175 128 195 104
123 153 172 131 109
131 162 180 133 166
164 109 173 180 194
130 121 178 118 114
146 173 190 140 148
126 118 110 112 135
154 117 134 161 186
150 163 188 141 120
122 113 92 70 56
2 1 5 1 1
0 0 0 5 0
1 0 3 2 2
1 3 2 0 5
7 6 0 5 0
2 0 1 0 1
0 1 4 3 3
9 6 1 0 0
1 0 3 1 1
1 2 1 1 2
1 0 2 3 4
3 0 4 1 0
1 1 3 3 1
0 0 1 1 1
