14 5 2
259 678 1185 1534
517 958 1461
455 802
462
610 961 1507 2072 2620
570 890 1548 1977 2684
543 962 1715 1843 2632
535 856 1556 1944 2733
574 881 1653 1890 2412
554 985 1562 1929 2708
593 987 1696 1827 2430
571 859 1550 2231 2447
564 1038 1499 1894 2738
530 950 1629 2117 2367
585 968 1468 2160 2316
528 967 1510 2174 2504
511 1005 1663 1924 2496
597 1037 1646 2065 2739
7 9 10 6 8
7 7 7 7 5
7 7 9 5 5
10 9 6 8 7
8 8 7 5 10
5 10 6 7 8
9 9 7 10 7
6 9 7 8 6
5 5 10 9 9
7 8 10 9 10
10 9 10 8 6
10 10 9 6 6
6 5 10 6 5
8 10 8 8 8
4 11 0 5 5
5 13 15 2 2
25 6 4 3 2
2 4 2 3 5
2 13 7 11 1
11 0 2 2 9
1 10 4 11 2
6 15 2 2 6
16 5 1 9 5
0 0 4 4 13
15 9 14 1 0
2 5 10 12 0
1 5 5 10 13
6 3 0 1 13
13 9 2 4 3
