14 5 2
341 711 1228 1326
378 1048 834
553 511
-24
554 931 1431 2137 2110
505 984 1391 2206 2248
540 887 1342 2055 2443
499 823 1242 2089 2550
471 950 1380 2167 2285
555 877 1204 2194 2490
513 943 1431 1840 2332
484 828 1293 1900 2445
523 916 1390 1974 2422
523 872 1429 1840 2362
458 884 1253 2045 2123
494 893 1246 2026 2488
517 861 1263 1976 2330
485 894 1448 1967 2334
6 8 5 8 9
10 5 7 6 8
9 10 10 8 5
9 7 5 5 6
10 10 10 7 5
7 10 6 7 6
8 10 6 5 8
8 8 7 8 6
10 10 10 8 8
10 5 5 5 9
8 10 5 8 5
8 8 7 9 5
6 5 7 7 9
8 8 8 5 10
3 8 3 4 5
5 6 0 12 4
0 10 1 7 2
7 1 11 2 6
4 8 4 15 15
17 4 14 12 12
5 5 2 7 2
3 8 5 14 2
6 4 12 7 10
8 3 4 12 4
3 3 4 5 4
7 7 2 5 11
9 6 4 1 9
7 23 1 13 2
4 7 9 8 2
