14 5 2
606 1420 1944 2816
566 1226 1973
582 1415
1128
939 1777 2474 3092 4284
963 1731 2337 3101 3753
955 1755 2248 3584 4120
858 1782 2185 3583 4257
831 1623 2272 3247 4203
834 1748 2453 3394 4092
820 1675 2330 3197 3800
868 1619 2280 3325 4207
960 1752 2238 3380 4044
816 1603 2466 3387 3977
821 1822 2209 3579 3766
833 1547 2289 3415 4323
904 1776 2514 3568 3975
930 1838 2347 3229 4033
6 7 6 9 10
6 5 8 5 6
7 7 6 10 7
8 6 10 7 10
10 6 6 5 5
8 9 9 8 8
10 10 9 6 5
6 7 9 8 6
6 5 7 9 10
9 6 6 7 8
9 9 5 8 8
7 8 8 9 9
10 10 7 9 7
6 9 8 5 10
6 5 10 4 0
0 11 3 0 3
3 0 4 1 7
3 1 6 3 11
6 6 3 3 21
10 7 6 17 20
1 11 6 5 12
0 2 3 5 7
4 9 2 7 1
1 5 5 1 1
0 4 13 5 19
9 2 8 6 2
7 6 14 10 1
7 9 2 2 8
4 2 7 3 4
