14 5 2
484 767 1560 2412
293 987 1970
938 1655
598
815 1374 1745 2759 3513
775 1322 1905 2784 3724
758 1327 1852 2646 3154
696 1192 2123 2794 3520
728 1207 2017 2606 3824
723 1343 2067 2823 3724
767 1316 1876 2767 3723
801 1389 1921 2867 3270
722 1157 2085 3091 3659
790 1141 1860 3006 3643
812 1256 1998 3103 3267
698 1240 2080 2610 3453
763 1267 1940 2639 3313
780 1227 1994 2886 3775
9 5 7 7 10
7 9 7 6 7
8 6 7 10 10
10 8 10 9 7
8 6 10 10 9
6 10 9 9 8
10 6 5 6 7
9 9 7 6 7
8 5 8 8 6
7 10 8 9 9
6 7 9 9 10
6 5 9 7 7
6 5 10 7 7
5 7 8 7 8
3 2 4 4 5
7 25 4 3 4
3 4 6 10 9
3 7 13 5 5
0 13 0 7 2
5 0 4 1 1
8 37 4 1 5
8 4 4 6 6
1 4 5 7 2
10 8 7 15 17
8 16 3 8 3
5 3 6 0 6
11 2 6 1 2
15 4 6 3 7
0 2 1 3 4
