14 5 2
366 984 1621 2124
613 1300 2115
614 1375
510
679 1168 1935 2776 3417
779 1150 1893 2529 3390
780 1085 1899 2609 3168
705 1076 1922 2694 3597
770 1087 2136 2543 3549
655 1074 2158 2596 3495
716 1154 1840 2702 3046
739 1131 2019 3066 3402
722 1166 2141 2580 3017
676 982 2040 2593 3185
701 1170 1998 2982 3213
666 1182 1854 2681 3563
729 1024 2140 2734 3292
735 1187 2159 2983 3587
6 9 7 10 6
8 5 5 10 7
8 6 8 10 5
10 5 10 7 9
5 9 5 8 9
7 10 8 7 10
6 7 6 10 5
10 7 9 8 8
9 5 9 6 8
10 8 6 6 10
9 10 6 6 6
6 8 7 6 6
5 10 7 10 8
6 10 6 5 9
5 4 7 3 3
0 3 4 0 5
14 11 8 6 6
9 6 5 2 0
1 4 2 28 9
2 13 3 2 12
3 0 7 14 2
0 6 3 6 9
11 10 8 2 12
4 4 3 9 7
3 4 3 0 3
12 13 7 8 1
5 4 6 1 9
2 10 2 8 2
6 1 7 5 9
