14 5 2
481 1111 1887 2550
647 1575 2319
880 1840
736
829 1403 2263 3388 4258
857 1635 2381 3657 4667
863 1399 2259 3147 4005
900 1644 2498 3653 4228
842 1405 2369 3587 4582
904 1487 2259 3373 3924
812 1563 2430 3356 4340
971 1619 2724 3301 4253
949 1487 2702 3540 4267
963 1576 2368 3553 3975
885 1487 2593 3744 3902
972 1671 2468 3588 4202
925 1509 2370 3397 4045
935 1454 2638 3436 4645
8 8 5 10 10
7 10 7 5 6
8 10 6 7 5
9 6 8 10 5
7 10 10 5 6
5 9 9 10 9
6 5 10 10 5
6 8 5 10 9
9 6 10 5 8
6 10 6 6 10
8 9 7 8 6
8 8 6 6 9
5 5 7 7 5
9 7 10 9 8
3 6 8 4 1
3 5 7 7 2
2 0 1 6 4
10 4 5 9 3
1 18 5 13 2
4 9 1 7 1
2 2 3 12 17
5 13 2 16 9
5 7 6 4 6
9 11 17 13 15
1 5 9 16 2
0 5 5 2 0
0 0 7 3 16
9 8 4 9 11
6 0 0 5 12
