14 5 2
409 1178 1482 2270
541 1084 1803
429 1051
758
701 1256 1980 2592 3421
736 1094 2188 2502 3210
724 1109 2271 2397 3458
700 1235 2233 2744 3426
726 1299 2005 2445 3545
655 1210 1911 2279 3359
698 1097 2283 2674 3256
753 1208 2259 2416 3388
694 1255 2264 2298 3147
709 1245 1925 2297 3385
779 1279 2081 2385 3184
726 1266 2189 2343 3582
703 1123 1933 2624 3234
771 1099 2297 2635 3386
6 5 5 10 9
5 10 5 9 9
10 9 8 7 10
6 8 8 9 10
5 8 10 9 5
7 5 8 6 9
6 6 5 7 9
5 8 5 8 8
10 5 9 9 7
6 10 9 5 9
10 8 10 10 10
5 8 6 9 8
5 9 7 8 6
6 8 5 9 8
10 2 3 4 5
9 4 2 1 10
5 2 5 7 3
11 13 12 0 16
10 6 13 1 6
1 7 6 11 4
1 4 1 8 5
10 7 2 7 6
16 1 3 5 2
1 4 10 12 19
0 6 4 4 8
12 14 5 3 2
2 5 9 2 10
13 1 8 5 6
5 8 2 14 9
