14 5 2
459 837 1590 2128
406 1282 1771
814 1283
389
708 1270 1795 2890 3362
635 1228 1982 2727 2997
667 1190 1769 2504 3218
678 1331 1822 2510 3401
742 1321 1921 2581 3402
711 1207 1935 2470 3112
648 1167 1781 2680 2959
679 1294 1766 2742 3170
626 1225 2013 2468 3101
667 1399 1762 2435 3383
655 1312 1914 2883 3037
670 1179 1903 2581 3459
727 1278 2032 2713 3508
737 1361 1918 2561 2969
6 8 5 10 5
6 5 10 9 7
5 9 10 10 10
6 6 6 7 8
10 8 8 9 8
10 9 9 6 9
7 6 8 8 6
6 10 6 6 10
7 8 6 5 8
9 8 5 10 5
5 5 9 8 10
5 6 8 8 5
6 6 9 7 7
7 7 6 7 9
9 8 6 0 1
1 6 6 8 3
18 9 14 17 12
10 2 5 1 0
11 8 3 7 1
14 8 2 9 11
3 8 3 4 6
3 7 2 2 4
3 0 10 1 2
7 0 11 8 29
10 5 3 9 8
1 8 13 3 0
17 5 5 4 6
14 2 3 2 7
1 10 0 10 1
