14 5 2
394 1238 1208 1640
767 869 1249
117 610
547
526 1058 1890 2054 2630
635 1050 1710 2259 2973
640 1215 1613 1915 2844
599 1110 1555 2103 2653
618 1116 1774 2299 2619
576 1257 1792 2061 2518
556 1155 1777 1981 2637
613 1085 1553 2288 2911
581 1216 1592 2306 2687
598 1071 1615 1976 2486
552 1171 1872 2049 2644
597 1171 1869 2115 2896
593 1165 1724 2022 2548
636 1107 1596 2168 2554
10 9 7 10 8
5 10 7 10 10
5 7 5 9 7
9 9 9 10 7
8 9 6 7 7
8 5 5 10 7
7 10 9 5 7
9 5 8 9 5
5 10 8 7 6
6 8 5 7 8
9 5 7 5 7
8 10 9 9 5
6 5 10 6 9
5 5 6 7 6
12 4 3 5 0
3 0 3 4 7
8 2 6 8 6
10 4 5 0 7
5 12 10 2 5
13 5 0 13 2
4 1 8 20 0
6 7 34 7 3
3 3 3 3 6
9 3 3 6 1
2 9 7 2 2
3 21 2 2 9
4 5 0 10 8
2 6 1 18 10
5 4 5 2 5
