14 5 2
272 952 1944 2290
729 1793 1954
1101 1313
250
699 1008 1889 3055 3341
712 1062 1948 2760 3324
679 1061 2051 2787 3759
772 1178 1929 2981 3794
680 1094 2023 2982 3661
786 1219 1937 2859 3931
704 1028 2070 3148 3829
789 1033 1889 2626 3746
802 1036 2116 2879 3530
767 1125 2063 2758 3277
660 1116 1827 2943 3451
751 1019 1946 2846 3421
752 1102 2187 2650 3535
786 1207 2027 2955 3269
7 5 7 5 6
7 7 5 9 9
9 10 10 6 7
7 8 10 6 6
8 5 10 5 8
6 5 7 6 5
10 9 5 9 5
5 7 8 10 10
6 10 6 9 7
5 7 6 5 8
7 5 5 6 10
9 6 9 8 6
8 9 8 7 7
10 8 7 10 8
1 16 0 1 3
1 0 3 3 4
8 5 2 12 8
8 3 0 4 8
0 0 14 2 3
26 6 5 6 17
5 11 11 7 7
5 9 9 17 14
2 5 8 2 8
3 7 8 5 9
3 5 5 7 6
1 3 1 11 11
10 8 5 8 3
4 7 7 6 10
10 7 6 5 10
