14 5 2
459 1203 2358 2958
633 1699 2447
886 1739
532
949 1548 2234 3442 4164
795 1681 2141 3598 4381
879 1790 2014 3339 4148
847 1817 2092 3439 4139
967 1581 2303 3108 4155
930 1527 2105 3454 4563
920 1817 2228 3708 4249
848 1760 2227 3112 4414
893 1598 2217 3161 4263
855 1661 2353 3385 4022
797 1533 2154 3636 4251
894 1559 2023 3304 3857
855 1580 2307 3301 3780
924 1701 2262 3662 4470
5 9 9 8 10
5 7 8 9 8
7 10 10 6 10
6 7 7 9 5
8 7 5 8 10
9 10 8 6 9
5 10 7 5 10
7 10 6 5 8
9 8 7 9 10
9 8 5 7 8
8 8 10 8 10
9 5 7 7 9
10 9 6 9 8
8 10 6 9 10
7 11 4 0 2
11 8 6 9 3
5 12 6 21 1
5 21 3 11 2
4 9 1 0 8
2 7 7 11 9
14 5 5 6 10
10 15 3 3 13
11 3 2 0 0
1 0 3 5 3
1 4 12 2 11
3 5 1 3 6
7 5 12 5 10
4 18 3 2 1
6 4 0 0 2
