14 5 2
603 1234 1567 2288
717 987 1654
214 1454
909
735 1573 2343 2648 3878
774 1363 2344 2898 3437
863 1392 2567 2784 3866
730 1537 2315 2617 3503
791 1555 2419 2794 3601
830 1412 2524 2978 3669
855 1578 2318 2868 3246
843 1467 2445 2583 3777
783 1476 2313 2645 3678
722 1520 2487 2571 3653
753 1505 2490 2825 3338
803 1497 2407 3007 3657
742 1423 2523 2721 3936
807 1527 2405 2798 3421
10 7 6 7 8
6 8 6 7 7
9 10 10 7 5
10 7 6 9 6
8 8 9 6 6
9 9 5 6 8
9 5 7 7 9
8 9 10 7 10
6 9 6 8 8
6 5 5 7 7
8 8 9 6 7
5 10 5 10 10
6 5 8 8 6
10 6 8 5 5
1 6 9 2 1
0 12 8 10 4
15 14 7 4 4
6 10 4 10 7
2 13 11 9 0
19 22 4 13 0
1 12 5 11 6
5 4 7 14 10
1 6 14 6 4
12 9 6 12 10
7 6 6 4 1
0 22 3 7 5
8 4 2 7 4
12 6 4 2 4
6 0 5 2 23
