14 5 2
531 1441 1790 1879
806 1213 1649
528 914
324
811 1417 2383 3033 3387
820 1436 2252 2861 3509
874 1387 2519 2806 3699
880 1396 2307 3020 3568
881 1446 2541 2845 3713
839 1392 2518 2800 3382
769 1516 2588 3073 3362
878 1399 2505 2882 3885
749 1439 2324 2809 3671
786 1571 2298 2993 3900
818 1480 2417 3085 3710
756 1554 2176 2651 3418
849 1538 2291 2749 3364
738 1473 2364 2713 3982
9 7 8 7 8
6 9 7 10 9
5 7 5 5 10
7 10 7 7 9
7 9 5 7 10
6 9 5 5 9
10 8 6 5 10
5 9 5 10 7
8 10 6 5 7
9 5 6 6 5
9 8 9 6 9
8 8 7 6 9
10 10 7 7 7
6 6 9 8 8
6 4 6 9 0
1 7 11 8 9
7 9 4 0 2
1 1 9 1 1
6 4 11 4 6
8 3 4 2 6
5 2 4 7 4
3 10 11 0 5
9 2 7 2 6
4 5 6 6 6
2 7 9 3 8
15 10 13 5 1
2 5 2 8 2
3 5 4 11 14
9 1 4 7 11
