14 3 5
361 1028
604
546 956 1725
598 997 1631
564 985 1716
563 987 1526
603 1126 1549
640 1036 1675
617 1149 1559
534 1031 1713
565 1119 1492
639 1118 1563
581 1114 1620
612 1081 1575
621 1147 1706
533 1090 1688
150 114 149
174 105 199
187 169 105
192 135 134
120 166 174
162 176 125
168 200 106
168 193 200
166 154 197
113 157 158
164 174 173
104 140 153
190 187 175
170 179 114
62 122 2
12 19 18
4 8 26
17 5 19
35 17 4
9 11 8
8 21 17
23 9 25
2 19 23
17 21 10
7 13 21
16 9 26
26 11 12
20 19 31
32 18 11
