14 3 5
477 1296
796
992 1648 2627
968 1431 2551
924 1429 2585
977 1445 2707
936 1490 2800
1028 1629 2531
899 1563 2828
1076 1390 2373
932 1454 2552
1015 1513 2690
998 1574 2474
961 1406 2484
976 1412 2666
1031 1421 2692
160 200 172
152 170 171
127 117 133
173 132 141
198 110 192
171 148 192
129 183 173
122 101 105
120 154 110
149 102 103
138 148 148
139 130 192
200 128 129
151 199 180
132 101 28
18 15 28
39 25 14
18 21 10
21 19 2
15 3 14
5 22 5
13 13 13
9 10 19
17 18 11
34 12 16
18 14 16
22 16 13
11 11 10
11 16 7
