14 3 5
824 1261
713
948 1833 2639
994 1754 2305
973 1960 2303
886 1771 2615
860 1934 2642
1035 1842 2276
895 1692 2470
944 1865 2343
979 1728 2547
995 1811 2411
1027 1983 2500
910 1704 2363
1014 1883 2384
926 1818 2525
102 143 200
100 115 162
185 163 158
143 139 107
188 135 195
146 196 105
149 187 157
147 170 122
154 101 103
176 191 121
188 181 150
154 108 118
171 144 169
146 115 140
108 92 40
9 15 23
9 12 3
12 24 9
29 11 15
9 19 18
18 22 14
10 5 14
10 14 18
23 8 12
15 19 23
19 20 15
15 20 9
14 12 34
25 11 2
