14 3 5
480 815
389
551 1222 1689
528 1120 1480
571 1121 1671
628 1112 1783
554 1221 1465
627 1038 1738
610 1158 1671
529 1143 1765
565 1034 1698
593 1072 1742
562 1178 1703
554 1055 1568
579 1187 1722
532 1117 1627
177 196 157
160 105 166
142 194 184
167 115 163
147 191 105
108 112 155
137 178 108
100 125 151
158 117 194
101 139 194
112 154 196
131 162 200
172 127 103
174 134 147
84 30 66
17 11 5
24 40 5
14 19 7
26 19 3
15 20 10
11 29 13
14 4 13
9 8 5
21 15 18
17 8 13
13 6 11
12 10 17
23 21 11
22 17 11
