14 3 5
478 1144
727
971 1491 2369
994 1522 2629
870 1434 2501
941 1734 2659
888 1516 2292
864 1738 2373
971 1605 2265
923 1520 2440
898 1491 2426
851 1736 2638
1014 1539 2459
1024 1708 2386
850 1673 2572
1000 1442 2613
136 166 107
130 123 113
107 175 177
153 125 145
118 161 126
112 154 176
152 174 136
163 200 138
123 157 113
113 171 102
108 140 200
111 159 197
165 107 134
133 169 146
121 38 100
8 8 9
12 15 8
20 10 28
29 5 7
7 23 9
14 10 21
12 32 19
9 5 19
13 11 20
11 19 28
10 17 25
23 23 5
14 30 16
3 21 24
