14 3 5
595 1809
1040
1007 1848 3071
985 1999 2565
965 1763 3031
937 1967 2893
1024 2017 2695
1008 2038 2867
1077 1742 2721
965 1933 2823
1011 1792 2633
1027 1946 2705
911 1985 2835
1026 2059 2975
1013 1854 2694
1012 1701 2610
137 111 139
140 126 136
131 179 119
102 176 117
199 173 109
147 142 174
143 103 186
148 149 195
192 112 131
200 129 198
199 135 162
147 113 179
115 102 185
144 130 102
126 47 6
12 9 15
22 17 13
11 13 12
7 6 9
25 8 13
17 2 28
11 10 31
7 5 27
33 7 15
20 10 7
38 18 10
13 15 15
8 7 31
11 10 23
