14 3 5
325 989
555
587 1037 1745
613 1081 1510
580 1064 1656
586 1155 1561
607 1143 1695
567 1175 1782
611 1133 1567
588 1158 1515
580 1128 1744
611 1171 1615
544 1106 1487
585 1111 1588
541 1059 1762
611 1036 1555
180 106 183
133 141 196
132 145 112
103 104 158
181 134 179
194 160 144
193 146 123
179 183 121
158 114 167
134 197 112
200 144 106
108 178 101
130 133 105
111 108 121
99 9 72
23 14 4
9 18 12
26 10 33
10 27 17
15 5 19
11 15 20
20 6 7
26 17 16
14 9 8
6 8 6
10 16 8
24 27 24
10 8 18
6 16 17
