14 3 5
478 1050
516
546 1156 1717
606 1122 1723
557 1073 1516
617 1090 1844
621 1265 1627
595 1073 1545
598 1160 1796
548 1133 1661
599 1106 1627
545 1259 1671
597 1128 1674
647 1184 1802
543 1285 1554
636 1164 1747
196 111 122
157 155 136
153 117 194
116 128 104
173 166 187
186 111 199
185 115 103
172 101 135
119 138 191
178 189 188
179 150 111
158 136 129
200 136 175
113 143 105
120 62 14
27 22 8
28 22 15
8 14 21
11 3 12
9 26 5
13 11 9
8 18 15
14 26 24
11 24 27
24 19 10
6 21 29
4 21 21
15 26 16
9 17 20
