14 3 5
707 1060
369
1001 1780 2230
888 1624 2536
978 1750 2276
963 1959 2343
920 1752 2543
953 1734 2271
983 1745 2378
885 1864 2368
964 1668 2532
891 1700 2307
920 1947 2636
829 1623 2510
914 1906 2666
989 1796 2516
110 117 195
189 116 108
176 185 191
131 118 183
118 103 190
186 156 157
200 120 159
158 119 142
195 160 102
122 185 180
176 148 144
135 117 170
179 104 183
200 158 130
9 150 26
6 13 23
4 10 25
14 22 11
22 16 11
17 18 14
14 36 3
15 13 8
16 6 33
8 11 13
10 28 12
7 17 14
26 22 23
14 18 21
25 18 11
