14 3 5
690 1807
1066
898 1723 3039
1035 1943 3091
869 1727 3057
982 1737 2768
1053 2093 2563
882 1891 2986
921 1747 2767
953 1919 2599
1034 1837 2562
977 1993 2636
1003 1896 2746
980 1941 3011
958 1817 2587
948 1802 2993
114 191 148
120 146 113
178 132 177
168 107 175
197 124 180
121 194 196
138 130 156
192 159 128
120 130 148
197 140 182
155 106 118
138 142 146
199 100 183
167 170 181
23 25 34
6 24 25
12 7 14
8 7 10
24 24 22
19 19 10
33 25 1
18 26 14
18 8 10
11 24 4
20 25 8
7 14 27
7 11 20
13 5 11
16 26 34
