14 3 5
327 1038
971
722 1088 2122
775 1167 1924
748 1250 2180
715 1262 1995
747 1112 1961
749 1222 2175
739 1080 2146
727 1271 1991
771 1126 2064
738 1236 1865
835 1078 1894
840 1109 1825
734 1128 2149
717 1273 1912
132 144 149
153 137 121
177 130 177
165 120 157
177 123 104
181 167 124
192 118 112
160 138 140
189 130 178
167 124 128
122 129 152
169 189 156
150 139 149
113 106 113
20 11 96
12 6 7
15 5 16
11 10 24
16 10 11
12 16 16
6 20 8
15 25 13
12 18 30
2 9 19
6 18 14
12 20 30
22 11 31
8 8 11
31 17 19
