14 4 2
371 1037 1480
613 1021
405
659 1156 1957 2445
723 1302 1711 2493
656 1184 1914 2495
716 1207 1874 2444
775 1155 1922 2845
704 1201 1883 2543
774 1262 1839 2434
770 1163 1780 2400
757 1358 1811 2713
658 1175 1745 2822
720 1266 1996 2718
748 1270 1713 2625
684 1311 1693 2669
673 1339 1690 2470
101 146 200 141
130 166 195 164
183 135 126 126
138 200 176 160
158 184 118 197
182 115 131 121
172 121 117 134
193 163 194 144
127 131 139 113
174 153 158 103
192 158 119 185
115 146 107 164
134 108 123 197
112 112 192 140
106 88 47 51
0 0 1 0
2 3 1 0
1 1 0 0
0 2 0 2
0 0 1 0
1 0 1 2
0 0 0 2
0 1 2 1
0 0 2 0
0 0 0 2
0 0 0 1
4 0 0 0
1 0 1 0
0 0 2 0
