14 4 2
494 1019 2062
455 1248
946
771 1317 1937 2948
767 1426 1908 2601
753 1400 1987 3136
795 1420 1964 3038
828 1444 2154 2593
760 1408 2056 2921
744 1408 2290 2602
719 1433 2130 3007
760 1481 1932 2583
811 1267 1994 2803
838 1436 1915 2584
735 1395 1941 3067
783 1358 1982 2838
779 1224 1937 2814
131 133 188 154
160 178 183 104
173 128 153 184
130 131 189 188
133 111 128 188
189 161 196 151
117 111 133 120
176 149 121 114
193 191 143 177
182 171 159 198
180 115 166 163
192 128 124 170
135 142 172 192
198 121 129 172
80 99 54 82
4 2 1 2
0 0 1 0
3 0 1 0
0 0 0 1
0 0 0 2
0 1 1 0
1 2 2 0
1 1 0 1
1 1 0 0
1 0 0 1
0 3 1 1
1 0 1 0
0 0 0 0
0 0 0 0
