14 4 2
521 1018 1418
485 697
380
480 1084 1647 2065
539 928 1671 1797
533 1018 1658 1968
485 897 1435 1803
560 1040 1448 2051
563 982 1531 1905
534 992 1645 2104
464 1050 1659 1909
561 996 1540 2154
479 944 1664 1803
555 1035 1566 1970
508 1036 1523 1917
483 929 1640 2142
546 1080 1553 1846
175 167 134 133
151 158 200 168
132 123 188 154
106 173 167 165
164 197 136 179
194 158 162 103
112 173 159 127
114 168 179 125
136 151 149 141
168 179 177 194
113 113 195 110
145 142 167 186
193 179 131 122
148 118 185 198
264 9 73 49
1 0 1 4
1 0 1 1
1 2 0 0
0 0 0 0
0 1 0 1
0 0 1 2
0 0 1 0
0 3 0 0
1 0 0 2
0 1 0 0
0 0 2 0
0 1 0 1
1 0 1 1
1 2 2 0
