14 4 2
351 756 1594
325 1270
1035
715 1125 1566 2809
662 1230 1625 2771
663 1341 1585 2574
681 1158 1653 2597
686 1160 1560 2900
674 1298 1849 2901
613 1232 1630 2710
666 1333 1639 2442
609 1354 1663 2457
679 1332 1589 2896
673 1221 1794 2642
720 1350 1743 2606
687 1273 1779 2656
698 1224 1851 2687
114 157 153 104
137 194 153 141
115 189 109 115
148 109 156 182
158 160 111 145
109 105 112 142
131 189 199 162
186 191 134 193
189 169 107 133
120 147 116 151
160 115 137 143
197 152 188 120
145 109 115 119
134 195 196 148
163 55 95 48
2 0 0 0
0 1 0 0
2 0 1 0
2 0 1 1
0 1 0 0
0 2 0 3
2 0 0 1
1 2 0 0
2 0 0 1
0 0 2 2
0 1 0 0
0 0 0 0
0 0 0 1
0 0 0 0
