14 4 2
263 657 1232
469 963
434
515 815 1444 1902
460 748 1357 1803
528 778 1434 1999
477 770 1201 1938
523 715 1325 1944
536 716 1350 1970
455 823 1435 1874
506 764 1438 1975
533 854 1371 1875
509 790 1221 1912
459 750 1203 1848
509 849 1353 2107
543 755 1355 1807
513 803 1419 1833
114 143 146 153
200 183 181 175
149 196 102 158
198 174 178 171
130 155 109 137
178 199 153 182
194 187 118 123
175 165 152 149
124 192 192 137
119 172 184 106
188 139 160 195
172 114 165 117
182 173 179 168
185 167 177 119
126 144 93 51
0 0 0 0
1 0 0 0
1 1 0 0
0 3 0 0
1 0 2 0
2 1 1 1
1 3 2 1
2 0 1 1
1 0 1 1
1 0 0 0
0 0 0 0
0 2 0 2
0 1 0 1
0 2 4 0
