14 4 2
198 783 1555
659 1164
656
748 1023 1786 2518
788 1192 1944 2544
685 1094 1926 2621
775 1035 1928 2547
755 1049 1719 2616
656 1029 1815 2680
653 1202 1765 2541
679 1008 1677 2795
738 1146 1974 2692
730 1128 1785 2808
711 1192 1884 2389
678 1166 1756 2711
714 1013 1667 2554
767 1024 1658 2703
107 166 107 150
157 142 161 169
113 173 151 103
131 119 195 124
122 189 123 146
116 198 128 188
176 148 160 171
162 196 117 166
124 163 169 194
166 140 114 100
128 129 125 166
116 191 103 139
174 184 178 101
115 180 186 111
129 179 40 74
1 1 1 0
0 0 0 0
2 0 3 0
0 0 2 0
0 0 2 0
2 0 0 2
0 3 0 2
0 0 0 0
4 1 0 0
2 0 2 1
0 1 0 1
0 0 0 0
0 0 0 1
0 0 1 5
