14 4 2
392 1012 2104
588 1775
950
952 1414 2142 3476
923 1683 1990 3302
924 1604 2327 3362
801 1540 2183 3170
906 1492 2004 3286
822 1442 2187 3039
893 1554 2399 3617
838 1564 2427 2969
882 1716 2162 3408
847 1544 2145 2989
865 1459 2020 3247
869 1603 2341 3284
823 1569 2008 3523
826 1656 2290 2966
135 116 146 129
175 155 111 136
151 150 170 141
137 179 193 100
178 137 142 115
148 167 170 156
184 155 150 109
159 170 161 183
191 188 111 169
164 116 189 139
148 123 112 115
179 200 147 103
158 170 138 181
123 195 144 105
150 16 126 83
0 1 1 0
1 1 0 0
0 0 3 0
0 0 1 0
0 0 2 0
0 1 2 1
0 0 1 1
0 0 0 0
2 0 0 3
2 0 1 0
1 1 1 4
1 0 0 1
0 1 0 0
0 0 0 3
