14 4 2
514 866 1725
526 1175
899
777 1382 1965 2938
864 1421 2109 2865
858 1210 1937 2852
756 1221 1983 2683
854 1354 2043 2781
774 1280 2139 2576
759 1241 1861 2987
807 1468 2218 2676
860 1226 2224 2685
772 1288 1846 3051
856 1388 2247 2720
821 1360 2240 2847
845 1232 2186 3060
802 1451 1984 2625
179 179 138 125
137 101 143 139
137 131 139 101
196 148 130 101
160 186 108 193
158 160 192 147
156 121 107 126
101 156 186 120
174 197 191 147
166 158 127 192
160 110 184 197
132 128 147 141
116 144 156 132
193 139 177 164
66 170 31 39
0 1 0 0
1 2 0 0
1 0 2 0
0 1 0 0
0 0 0 0
0 1 2 2
0 1 0 0
1 0 0 1
1 1 0 1
0 0 0 1
0 2 1 1
4 0 0 0
1 0 0 1
0 0 0 1
