14 4 2
564 890 2295
426 1571
1102
946 1632 2184 3535
1011 1575 2297 3781
941 1691 2409 3844
842 1639 2477 3627
967 1767 2428 3328
908 1620 2154 3881
886 1659 2510 3765
947 1578 2196 3559
876 1679 2434 3496
885 1686 2305 3610
851 1612 2498 3590
928 1634 2118 3822
873 1765 2209 3722
893 1756 2563 3798
137 136 131 123
119 149 108 152
161 169 193 141
122 185 103 175
108 139 109 194
192 145 167 182
122 106 159 190
125 192 192 163
103 136 146 194
138 113 198 125
160 183 141 113
159 103 124 170
106 195 122 114
106 165 113 136
184 12 144 63
3 1 1 2
0 0 3 0
4 0 1 1
1 1 0 1
1 0 0 2
1 0 0 0
0 0 0 2
1 1 1 0
1 0 0 1
0 0 1 1
1 0 1 0
0 3 1 0
1 0 0 1
0 1 0 1
