14 4 2
280 1124 1658
872 1364
738
706 1045 2108 2955
792 1108 2035 3047
710 1192 1837 2610
696 1070 1869 2984
681 1219 1838 2752
799 1188 2080 2580
703 1224 2118 2722
792 1073 1934 2629
773 1113 1792 3126
742 1214 1845 2860
813 1236 1772 2908
699 1227 1962 2698
689 1126 1932 2922
673 1229 1743 2594
190 158 119 126
161 182 104 178
105 137 118 163
179 170 117 188
132 124 200 196
112 195 102 169
176 166 197 198
135 103 129 164
143 167 177 197
167 160 168 192
173 192 158 105
147 129 109 138
176 150 111 125
181 169 123 189
20 126 28 56
0 2 0 0
0 0 0 1
1 1 0 1
0 0 2 1
1 0 6 0
0 1 0 2
0 0 1 0
2 0 0 0
0 0 0 2
1 1 1 1
0 0 1 0
2 1 0 0
0 1 1 0
0 1 1 0
