14 4 2
352 978 1669
707 1446
780
935 1421 2315 3163
872 1377 2594 3725
899 1360 2578 3217
923 1586 2532 3374
893 1509 2575 3610
987 1637 2472 3096
968 1525 2589 3642
994 1385 2566 3257
903 1406 2753 3542
929 1354 2723 3562
834 1609 2680 3489
839 1609 2387 3723
948 1484 2425 3742
1002 1537 2423 3332
173 173 148 115
194 145 164 133
176 146 111 107
190 154 140 169
189 151 167 111
189 107 120 103
182 195 128 139
100 193 120 169
192 172 185 173
163 131 188 145
174 159 172 110
127 168 131 139
172 135 124 132
136 125 119 171
102 77 51 95
1 0 1 0
0 1 1 2
0 0 1 0
4 2 1 0
0 2 0 2
1 0 0 1
0 0 0 0
0 0 0 1
0 3 0 2
0 1 1 1
2 0 1 0
0 1 0 0
0 4 1 0
0 0 2 2
