14 4 2
346 712 1300
401 890
422
463 897 1356 1874
495 1015 1496 2152
470 890 1346 2075
527 916 1265 1953
525 998 1506 1941
549 1031 1318 1838
550 1003 1275 2142
474 1042 1248 1987
489 889 1290 1984
527 1032 1291 1901
482 924 1313 1998
557 1030 1443 2033
523 944 1264 1780
513 897 1424 1850
118 170 121 134
153 121 140 199
161 145 145 197
114 116 123 106
102 184 134 194
166 115 106 134
178 112 127 184
117 139 124 102
188 177 190 159
166 118 159 170
130 169 149 120
158 195 148 166
154 198 178 127
173 172 168 151
27 164 117 31
2 0 0 0
2 4 1 0
0 3 0 1
1 0 0 5
0 0 0 3
2 2 0 0
0 2 1 0
0 0 0 1
2 0 1 1
1 0 0 0
0 0 0 1
0 0 3 0
0 0 0 0
0 1 0 0
