14 4 2
512 1180 1944
642 1384
673
724 1332 2075 2888
700 1289 2170 2748
806 1516 1886 2658
696 1305 2204 3058
695 1346 2091 2845
704 1454 2204 2802
737 1446 2126 2869
743 1493 1907 2882
705 1408 2173 3152
764 1521 1895 2746
797 1287 2028 2673
690 1346 2159 2777
816 1443 1885 2943
717 1475 2011 2912
142 175 134 126
142 166 111 124
133 151 124 157
163 125 132 154
120 197 158 125
112 187 167 158
151 193 186 105
135 111 152 124
187 182 165 174
126 102 144 127
190 147 166 129
116 101 131 183
156 120 142 158
122 120 126 126
97 85 51 69
0 0 0 0
0 2 0 1
1 1 0 1
0 0 0 0
0 1 1 0
0 1 1 2
1 3 0 2
1 0 1 0
0 2 0 0
0 0 0 1
0 0 1 0
2 0 1 0
0 0 1 0
2 1 0 0
