14 4 2
473 1393 1842
728 1032
407
695 1315 2252 2764
727 1240 2027 2770
696 1123 1981 3244
729 1364 2252 3190
784 1318 2129 2885
826 1183 2372 3230
709 1304 2346 2759
798 1140 2157 2978
809 1223 2176 3171
785 1162 2138 2786
835 1244 2369 3100
692 1168 2116 2799
712 1160 1991 2932
768 1124 2121 2980
185 160 131 159
178 113 146 115
127 182 179 122
117 186 108 172
136 142 129 165
102 178 186 168
149 176 134 133
111 149 178 182
169 119 180 195
133 170 172 118
200 188 180 115
105 132 111 177
166 133 114 156
156 158 196 140
70 167 16 94
0 0 2 2
0 0 0 1
1 0 2 0
1 0 2 1
0 1 0 1
0 0 0 0
0 1 0 1
1 1 2 0
0 0 0 0
1 1 0 0
0 0 0 0
0 0 0 1
0 1 1 2
1 0 0 0
