14 5 5
332 1061 1780 2313
638 1540 1912
829 1207
323
781 1200 1956 3074 3489
791 1376 2195 3267 3762
841 1294 1883 3208 3536
780 1401 2240 3287 3998
700 1303 2212 2849 3500
767 1193 2164 2977 4071
735 1416 2196 2826 3396
725 1186 2026 3086 3788
802 1409 2184 3317 3698
700 1165 1872 3174 3415
824 1219 2102 3247 3575
832 1253 2217 3120 3679
742 1394 2020 3088 3670
824 1337 2119 3273 3864
139 130 114 169 126
200 109 104 113 182
150 113 174 125 107
174 134 171 160 170
172 177 171 136 197
108 176 188 123 175
110 103 193 125 154
123 104 137 130 177
100 163 181 123 122
154 132 147 196 151
111 152 142 104 109
148 150 128 133 119
118 125 124 137 115
158 133 144 146 133
198 124 92 1 26
1 0 3 1 4
4 2 4 1 1
0 2 6 0 0
2 2 0 1 1
1 2 3 0 1
2 2 1 0 1
4 2 2 0 2
4 1 0 3 1
1 2 1 2 0
2 0 0 1 1
2 2 3 2 1
1 0 2 0 0
1 1 1 0 3
0 3 3 3 5
