14 5 5
558 1105 2415 3230
891 1864 2300
1104 1650
514
974 1596 2534 3905 4463
970 1773 2438 3921 4417
966 1580 2620 3748 5255
894 1601 2542 3287 5115
1028 1735 2474 3297 4581
892 1587 2376 3722 5071
977 1673 2615 3295 4453
1041 1799 2283 3447 4975
915 1678 2402 3391 5082
1027 1669 2453 3779 4481
970 1632 2599 3686 4656
982 1709 2442 3504 4724
943 1678 2451 3854 5014
923 1759 2568 3491 4532
120 117 195 143 186
119 178 110 171 147
193 167 125 183 187
129 192 107 105 200
126 178 196 146 121
160 150 169 117 161
199 187 168 198 159
116 192 114 111 172
143 113 166 147 135
165 168 187 166 102
124 171 187 107 179
196 105 119 159 165
169 143 114 127 139
123 141 185 122 145
16 134 152 14 97
7 2 1 5 1
0 3 3 2 3
0 3 1 2 0
2 2 1 3 1
1 2 3 3 0
1 0 1 0 1
0 2 2 0 2
3 2 2 2 2
0 2 2 3 2
2 1 0 1 3
2 1 0 3 0
1 0 2 1 3
3 1 0 1 4
4 0 0 1 0
