14 5 5
582 1087 1836 2412
612 1385 2560
808 1572
875
792 1465 2202 3091 4227
809 1699 2456 2667 3878
864 1590 2423 3043 4266
786 1712 2439 2802 3949
876 1630 2383 3122 4182
870 1545 2453 2976 3701
732 1608 2255 3105 4142
861 1632 2284 2884 3798
762 1409 2349 2993 4332
846 1624 2406 3089 4145
797 1640 2308 3124 4125
799 1550 2378 3028 3798
734 1687 2527 3045 3907
810 1536 2546 2590 4044
187 138 155 170 111
106 164 106 194 194
148 176 125 107 126
106 144 108 197 125
146 160 182 173 154
124 161 110 166 153
100 195 131 122 124
188 109 111 134 183
191 111 173 130 164
140 137 118 101 104
120 184 125 102 195
120 199 134 120 100
123 184 130 112 198
144 165 197 162 149
10 85 86 95 50
1 0 0 1 0
3 2 0 2 0
2 1 3 1 1
7 1 2 1 1
1 2 3 1 3
1 2 3 1 3
3 3 0 0 1
3 1 1 2 3
1 1 2 1 0
3 1 1 0 3
0 1 0 0 1
3 1 1 0 2
1 1 1 4 2
1 1 2 0 3
