14 5 5
317 772 1285 2091
511 1088 1790
497 1068
627
621 983 1659 2343 3156
596 965 1871 2438 2908
671 936 1755 2535 3196
594 947 1625 2412 3117
678 1022 1968 2252 2917
642 1057 1856 2647 3201
664 962 1916 2548 3081
682 1002 1751 2360 3119
625 1006 1974 2261 2938
686 1106 1918 2292 3154
594 1092 1689 2528 3203
651 992 1725 2207 3066
675 1063 1875 2434 2883
617 1016 1675 2528 2665
115 194 173 179 198
174 156 134 185 142
135 194 125 137 172
159 154 130 174 131
174 136 118 152 171
103 147 144 129 138
122 143 137 180 124
179 116 158 181 175
160 166 159 113 189
112 114 129 189 193
152 145 150 148 144
196 188 162 108 182
117 155 132 169 135
178 119 108 145 106
57 49 151 11 50
1 3 2 4 2
1 4 2 1 3
3 3 4 0 1
0 1 2 0 0
1 1 2 6 2
0 4 2 0 2
2 0 2 1 4
0 3 2 1 0
1 1 3 4 1
1 1 2 0 2
3 0 2 1 2
0 3 1 2 2
3 0 2 2 3
1 0 1 6 1
