14 5 5
713 1453 2065 2587
732 1587 2428
620 1248
670
951 1851 2802 3523 4423
988 1879 2645 3625 4605
907 1815 2595 3424 4928
1027 1648 2612 3801 4783
950 1832 2630 3579 4908
994 1901 2520 4130 4382
938 1814 2795 4101 4608
895 1662 2447 3480 4575
954 1790 2331 4115 4161
1022 1625 2349 3788 4793
892 1798 2544 3888 4306
1013 1800 2562 3988 4397
987 1704 2337 3507 4363
896 1741 2595 3800 4158
103 134 133 170 144
116 175 133 193 165
171 106 124 134 170
100 149 197 181 149
187 113 117 188 128
114 177 179 194 140
158 118 162 146 198
121 200 108 190 168
172 128 105 153 153
200 178 182 146 123
106 200 177 189 121
116 133 155 130 156
117 126 138 149 200
156 141 188 190 102
110 62 85 76 100
4 3 1 1 2
0 1 0 0 3
2 1 0 0 0
0 2 2 4 2
0 1 2 0 1
1 1 1 2 1
2 2 0 0 0
1 0 2 0 5
2 2 4 1 0
0 1 6 0 0
1 0 3 2 2
2 3 3 1 4
1 3 2 2 1
2 2 4 0 3
