14 5 5
719 1318 1696 2229
482 1043 1513
681 881
311
755 1619 2223 3011 3363
713 1544 2051 2757 3564
813 1398 2344 2852 3344
753 1632 2141 2661 3398
689 1531 2165 2935 3750
688 1428 2118 2668 3567
779 1462 2043 2719 3994
721 1606 2107 3064 3427
767 1528 2053 3038 3492
809 1491 2303 2973 3734
774 1396 2026 2870 3504
689 1505 2143 2732 3690
724 1346 2211 3041 3582
702 1638 2218 3024 3748
117 161 133 118 133
113 154 193 150 172
163 100 154 158 173
194 158 195 175 126
104 178 142 165 159
148 146 126 135 165
153 181 122 141 179
192 129 195 181 139
139 126 121 151 181
177 156 156 117 183
140 194 126 145 166
133 158 114 136 174
161 126 177 106 168
170 151 168 156 152
224 6 97 103 105
4 4 4 1 0
0 0 0 1 1
6 1 0 0 0
0 1 2 3 2
1 2 4 0 2
3 1 0 1 2
3 1 1 0 0
0 1 3 3 5
0 0 1 0 2
2 3 1 1 4
4 3 2 2 1
2 3 0 1 0
0 1 3 3 4
2 2 1 1 1
