14 5 5
462 1070 1735 2199
748 1421 2054
821 1077
574
842 1368 2174 3048 3691
801 1522 2425 3246 4292
762 1437 2377 3351 3708
841 1397 2026 2995 3720
797 1368 2355 2968 4304
918 1383 2143 3206 4253
794 1386 2412 3239 3859
841 1527 2226 3324 3834
925 1558 2262 3301 3705
849 1521 2274 3233 4236
855 1438 2293 2913 4044
839 1507 2026 3321 4033
846 1367 2188 3160 4098
846 1453 2440 3215 4305
155 135 188 182 116
155 133 100 167 108
188 140 191 176 154
127 199 153 130 132
141 179 163 151 128
177 120 123 169 182
180 189 129 166 174
127 195 186 183 103
132 141 198 177 109
175 190 143 152 119
113 170 166 152 161
108 167 108 177 168
125 130 169 114 115
131 196 191 164 125
139 9 148 43 58
1 2 1 0 0
0 4 0 0 0
2 0 0 3 2
3 0 1 6 1
0 0 2 3 4
1 1 0 1 3
0 4 4 2 1
2 3 2 0 0
1 2 0 3 4
2 1 0 1 3
2 0 0 1 4
3 1 6 0 3
3 3 2 1 0
0 0 1 2 2
