14 5 5
477 1093 1634 2952
686 1283 2434
714 1922
1082
709 1245 1984 2840 4051
713 1314 2177 2770 3525
735 1203 1903 2986 3716
785 1099 2191 2882 3864
758 1194 1938 3136 3956
768 1248 1863 2825 3740
849 1248 2204 3119 3442
717 1264 1931 2668 3882
716 1277 2109 3244 4142
831 1296 2080 2767 3478
833 1174 2125 3119 3786
765 1114 2001 2915 4096
713 1216 2057 3112 3944
843 1148 1921 2972 4154
142 163 161 164 145
158 197 177 175 152
192 141 142 149 113
190 146 127 181 121
190 115 190 162 185
107 162 197 172 129
177 167 178 180 154
136 118 108 197 154
161 153 196 139 103
168 106 117 133 141
123 182 163 170 133
141 152 149 101 131
117 117 150 128 163
111 113 159 116 137
185 34 174 48 83
4 0 4 3 7
0 1 2 0 1
1 1 1 2 2
0 4 0 1 3
3 5 1 3 1
3 1 3 2 1
2 3 0 2 4
1 2 1 3 1
1 1 6 1 2
2 2 0 2 3
2 0 0 3 0
0 1 6 2 1
2 0 2 1 1
4 0 2 1 1
