14 5 5
622 1022 1518 3060
387 894 2370
545 1720
1162
893 1612 2023 2780 4241
866 1581 2101 3163 3717
780 1485 2105 2710 3576
786 1515 2117 3022 3863
840 1367 2243 3179 3971
865 1571 2146 3257 4063
897 1348 1987 3271 3875
831 1504 2139 3138 4182
830 1484 2087 3251 3605
854 1583 1920 3186 4075
845 1581 2148 2974 3952
790 1412 1990 3247 3907
764 1488 2006 2922 4227
895 1438 1926 2965 3935
121 119 155 102 179
174 128 131 144 125
102 148 167 120 141
152 175 167 126 177
159 129 154 131 138
158 199 127 142 104
140 149 118 146 174
121 177 197 163 131
178 105 105 115 173
145 119 113 189 110
120 122 133 151 127
110 187 183 169 121
111 113 115 155 155
108 115 117 153 128
151 84 146 108 2
2 1 2 0 3
2 2 0 3 2
1 2 1 1 2
0 1 0 0 0
2 1 1 1 1
5 0 3 2 1
4 3 5 0 3
0 0 1 0 2
1 1 2 3 0
1 1 1 0 1
0 0 2 1 2
2 1 3 2 2
1 0 2 1 3
1 0 1 0 5
