14 5 5
675 1241 2319 2949
584 1533 2362
977 1431
502
870 1636 2462 3516 4165
923 1592 2295 3168 3810
956 1694 2550 3301 3979
848 1624 2400 3399 3667
833 1608 2487 2987 4431
892 1431 2149 3563 4011
953 1636 2332 2997 3675
870 1497 2260 3001 4335
810 1655 2518 3537 4277
831 1429 2347 3244 3736
876 1425 2464 3057 3816
965 1449 2354 2933 4090
957 1481 2404 3515 3912
792 1708 2321 3425 3729
137 186 169 156 144
171 145 130 140 165
116 129 179 192 102
111 117 158 164 116
123 149 102 182 137
189 167 175 122 196
160 135 137 145 102
122 135 167 160 167
184 154 194 194 113
193 129 157 106 138
103 150 101 187 129
186 108 147 120 105
104 119 198 155 102
135 148 189 186 140
149 9 227 2 8
1 2 3 0 4
2 0 0 0 2
2 1 2 0 5
0 2 2 0 2
1 0 2 1 0
0 1 1 0 3
0 5 3 0 0
4 3 0 0 2
2 2 0 2 5
1 0 1 0 2
3 1 2 5 1
2 1 2 2 1
2 2 1 2 0
1 0 1 4 0
