14 5 5
494 1183 1665 2826
755 1268 2173
658 1755
967
898 1426 2301 3038 4259
892 1291 2301 2987 3872
884 1318 2661 3142 4350
817 1328 2266 3271 3751
783 1267 2427 2866 4362
791 1262 2506 3227 3862
806 1286 2363 3235 4030
902 1453 2295 2903 4266
805 1292 2234 3018 4453
897 1476 2296 3051 3866
873 1351 2378 2805 3926
799 1380 2202 3076 4503
899 1359 2374 3118 4139
913 1464 2559 2916 4029
168 171 155 121 112
125 166 149 188 113
116 140 164 144 162
170 195 147 160 160
126 152 158 153 144
135 174 109 152 125
144 152 162 111 146
145 200 117 183 108
104 113 188 150 178
175 180 146 150 122
133 106 104 174 123
189 185 103 125 158
119 184 168 163 167
144 146 186 188 153
125 90 97 53 51
1 1 2 1 3
2 0 2 0 1
2 4 1 2 1
4 2 3 4 0
1 1 0 1 4
5 1 0 1 3
2 1 1 2 0
3 2 0 1 2
3 8 3 1 1
0 1 3 1 4
0 0 3 1 2
2 0 1 1 0
4 0 3 3 1
1 1 0 1 2
