2 5 2 1000
404 704 1176 1334
353 904 1079
481 722
262
471 935 1352 1922 2269
461 992 1213 1921 2166
10 5 5 8 9
10 5 7 5 10
5 3 4 6 8
0 2 2 0 0
0 0 0 0 0
0 1 0 0 0
0 0 0 4 0
0 1 3 1 0
1 3 1 1 0
3 1 2 3 1
0 0 1 0 1
3 1 0 0 0
1 1 2 0 0
0 0 0 0 0
0 4 0 1 0
0 0 1 2 1
0 1 0 4 0
2 0 0 0 1
2 0 1 3 0
0 0 0 1 3
0 1 0 0 0
0 0 4 0 3
0 0 0 1 0
0 1 0 0 0
0 0 1 0 0
0 0 0 1 0
0 0 1 2 0
0 1 1 0 0
1 0 1 0 0
0 0 0 0 0
0 2 0 1 0
0 4 1 0 0
1 0 0 0 1
0 0 0 1 1
0 3 0 0 0
2 1 0 0 1
0 0 2 2 1
2 1 0 0 0
0 0 0 0 0
2 0 2 1 1
2 0 0 0 2
3 0 0 1 1
0 2 0 1 0
0 0 1 0 0
0 0 0 0 0
0 0 1 0 0
0 2 0 1 1
1 0 0 0 0
3 0 1 0 2
0 0 0 0 0
0 1 0 0 2
0 0 0 0 0
1 1 0 0 1
0 0 0 1 0
1 1 2 1 0
0 2 1 0 0
0 1 1 1 0
0 1 1 0 0
0 0 0 2 1
0 0 1 1 1
1 2 0 1 0
0 1 0 0 1
0 1 2 1 0
0 1 1 0 0
2 1 1 2 0
0 0 1 0 0
2 0 1 0 0
1 0 0 4 0
1 3 3 0 0
0 0 0 1 0
1 3 0 0 1
0 0 1 0 1
1 0 1 0 1
0 0 1 0 1
2 0 0 1 2
2 0 0 0 0
0 0 0 0 0
0 1 0 0 0
2 0 0 0 1
0 0 0 1 0
0 0 0 1 1
1 0 0 0 0
0 1 1 1 0
0 1 1 1 0
0 0 0 0 0
0 0 0 0 1
1 0 0 2 0
1 1 2 0 0
2 1 1 1 0
1 0 1 2 0
0 0 1 0 1
1 1 0 0 0
1 0 1 0 0
1 0 0 1 1
1 0 0 1 1
0 0 0 0 0
0 0 0 0 2
2 1 1 3 0
0 0 0 0 0
1 0 2 1 0
1 0 0 0 1
1 0 0 1 0
1 2 0 1 1
0 0 0 0 0
1 0 0 1 0
1 1 1 0 1
0 0 2 3 0
1 0 0 0 0
0 2 0 0 3
0 0 2 1 2
2 0 0 2 0
1 1 1 1 1
1 2 0 1 0
1 0 0 0 0
0 0 0 0 4
0 0 0 2 1
0 0 1 3 2
1 1 0 3 0
0 1 0 1 0
2 1 0 0 1
0 1 0 1 2
1 0 1 0 1
0 0 0 1 2
0 0 0 1 2
0 0 0 0 0
0 1 0 1 0
1 0 0 0 0
2 2 3 0 0
1 1 0 0 0
0 0 1 0 1
0 3 1 0 0
0 1 0 1 1
0 0 2 2 0
0 0 0 0 2
0 0 0 0 0
0 0 0 1 0
0 1 0 1 0
0 1 1 2 0
0 0 2 0 0
1 0 1 0 0
2 2 0 0 1
0 0 1 1 1
2 0 0 1 0
0 0 0 0 4
0 1 0 0 0
4 0 1 0 0
0 0 2 0 0
0 0 0 1 0
1 0 2 3 0
0 1 1 0 1
1 1 0 0 0
0 0 0 0 1
0 1 1 1 1
1 3 1 1 2
0 2 0 2 0
2 1 0 1 1
1 0 0 1 0
1 0 0 0 2
0 1 0 1 0
0 0 1 0 0
0 2 0 0 0
2 2 0 0 0
0 0 2 0 0
0 1 0 1 0
0 0 2 1 1
0 1 0 1 0
1 0 1 0 0
1 2 0 0 0
1 3 0 0 1
2 0 2 0 1
1 1 3 2 0
0 1 1 0 0
0 0 0 0 1
0 2 2 3 3
1 0 0 4 0
0 0 0 1 0
2 1 0 0 0
0 1 1 0 1
0 0 0 2 0
0 1 0 1 0
1 0 0 0 1
1 1 3 0 0
1 0 0 0 0
1 1 2 0 0
0 1 0 0 1
3 1 2 0 0
0 0 1 2 1
1 1 0 1 0
0 0 1 2 0
1 0 0 0 0
1 0 2 0 0
0 0 0 0 2
2 1 0 0 3
0 2 1 0 2
1 0 0 0 0
1 0 1 1 0
0 1 0 0 1
1 0 1 0 0
1 0 2 0 1
1 0 0 0 2
0 2 0 0 0
1 0 1 1 0
1 0 1 0 0
0 0 2 0 1
1 1 1 0 0
0 0 2 0 2
0 4 2 1 0
0 0 0 0 1
0 0 1 0 1
0 0 3 1 1
1 0 1 2 0
3 0 0 3 0
0 2 0 0 0
1 1 0 0 2
0 2 0 0 0
0 1 1 1 0
0 3 0 0 0
1 0 1 1 0
2 0 1 1 1
0 0 2 0 0
3 1 0 0 0
0 1 0 0 2
1 1 0 0 0
0 0 3 0 0
0 0 0 0 2
2 0 2 0 0
1 0 0 0 1
0 1 0 1 0
0 0 0 0 0
0 1 0 0 0
0 0 0 0 0
0 0 0 0 3
0 2 0 0 2
1 1 0 2 4
0 0 1 0 0
0 0 1 2 1
0 0 0 2 1
0 1 1 3 0
0 0 2 0 1
1 0 1 2 0
0 0 1 1 0
1 0 0 0 1
1 0 0 0 0
0 1 0 0 0
0 0 0 1 0
1 1 0 0 0
0 0 1 1 0
0 0 1 0 0
0 2 1 1 2
2 0 2 0 2
0 3 1 1 1
0 2 0 0 0
0 0 0 1 1
0 0 0 0 0
1 3 0 0 2
2 0 1 0 0
2 1 0 0 0
3 1 0 0 1
0 1 0 1 0
0 1 0 0 0
2 0 0 2 1
0 1 1 1 0
0 0 0 0 4
0 1 2 0 1
0 0 1 0 1
0 0 0 0 0
3 1 0 0 1
1 0 0 2 4
0 1 0 1 0
2 0 1 1 1
0 0 0 0 1
1 1 0 0 1
2 0 1 2 2
0 0 1 0 2
1 0 0 0 1
1 0 1 0 0
0 0 0 2 0
1 1 0 0 0
0 2 0 0 0
0 0 0 1 0
0 4 0 0 1
1 0 1 1 0
1 2 0 2 0
2 2 0 1 0
0 4 0 0 0
0 1 4 0 0
0 0 1 1 0
0 0 1 0 0
0 1 0 0 0
0 1 0 2 0
0 1 1 0 0
0 1 2 1 2
2 2 0 0 0
0 2 0 2 0
0 1 0 0 0
0 1 0 2 0
0 1 0 1 0
0 1 2 0 0
0 0 0 1 2
0 3 0 1 0
1 0 0 0 0
1 1 2 0 0
1 0 0 0 1
1 0 2 1 0
1 2 1 0 0
0 0 1 2 2
1 0 2 1 0
0 2 0 1 0
1 1 2 1 0
2 1 0 0 0
0 0 1 1 2
0 0 2 0 0
0 2 0 2 0
3 1 1 2 1
0 0 0 1 0
1 2 0 1 1
0 0 0 2 1
0 2 2 0 2
0 0 0 0 1
1 0 4 1 1
1 0 0 0 0
0 0 2 0 0
0 0 0 0 1
0 1 3 0 0
2 0 0 1 0
0 0 0 1 3
0 0 0 0 1
0 0 0 0 1
0 0 0 2 0
0 1 1 0 0
0 2 0 0 1
0 2 0 1 1
0 3 0 0 0
1 0 1 1 1
1 1 0 0 0
0 2 0 0 2
1 0 0 0 0
0 0 2 1 1
1 0 0 1 1
0 0 0 0 0
0 0 0 1 0
0 3 0 1 0
0 0 0 1 0
0 0 0 0 0
0 0 0 0 1
0 1 0 0 3
1 2 1 0 0
0 0 1 0 0
1 0 1 0 2
1 1 1 0 1
1 2 0 0 0
2 0 4 0 1
0 0 0 1 1
2 2 1 1 0
0 0 0 0 0
0 0 0 2 1
0 0 0 0 0
0 1 0 1 0
1 0 2 0 0
0 1 0 0 0
0 0 1 0 0
0 4 0 0 1
0 0 0 0 0
0 0 1 1 0
3 1 2 0 0
1 0 0 0 0
0 3 2 1 0
0 1 0 2 0
0 0 0 1 0
0 1 4 1 1
0 0 0 3 0
2 0 1 1 0
1 0 2 0 2
1 1 2 0 2
0 0 0 3 2
1 0 0 0 2
0 1 1 0 0
0 0 2 0 0
0 0 0 0 0
0 1 2 0 1
1 2 0 2 1
1 1 0 0 0
1 2 2 0 0
1 0 2 1 2
0 1 0 1 0
2 0 1 0 0
1 1 0 0 0
0 0 0 0 2
0 2 0 3 0
2 0 0 3 0
0 3 2 0 0
2 1 0 0 0
0 0 1 0 0
0 0 1 0 1
0 1 1 0 1
0 2 0 0 0
0 3 1 1 0
1 3 1 0 0
0 0 0 0 2
0 0 0 1 1
0 2 0 0 0
0 0 1 0 1
2 0 0 1 1
1 0 1 0 1
1 0 2 0 2
0 0 1 2 1
0 0 0 0 0
0 0 0 0 0
1 1 0 0 1
0 0 0 0 0
0 1 1 1 1
0 4 0 1 0
3 2 0 1 1
1 0 0 1 0
1 3 0 1 2
1 0 1 1 1
0 0 1 0 0
0 0 1 0 1
0 2 0 4 1
0 0 3 1 0
0 0 0 0 1
0 0 1 0 0
0 0 0 1 0
0 2 0 0 0
0 3 1 0 1
0 0 0 0 0
0 0 0 0 1
0 0 1 1 0
1 1 3 0 2
1 1 0 0 3
1 0 1 0 3
1 2 0 0 0
3 0 2 0 2
0 0 1 0 0
0 1 0 1 1
4 3 1 2 3
2 1 0 0 1
0 0 1 1 1
0 1 0 1 1
3 0 0 2 0
0 2 2 1 0
2 0 0 1 1
0 0 0 0 0
0 0 1 2 0
1 0 0 0 0
1 0 1 0 0
0 0 0 1 0
0 2 2 1 0
2 1 2 0 0
0 0 1 0 0
1 0 3 0 2
1 0 0 2 1
0 1 1 2 0
0 2 0 1 1
1 2 0 1 1
0 1 0 0 1
0 2 3 1 0
1 0 1 0 2
0 0 0 0 0
2 2 0 0 0
0 0 0 2 2
3 0 1 0 0
2 1 1 0 0
1 0 2 0 0
2 0 1 2 1
0 0 0 3 0
1 0 0 1 2
1 1 0 1 2
0 1 2 0 0
0 0 1 1 1
3 3 0 2 0
0 4 0 0 1
1 0 0 0 0
1 0 0 0 2
1 2 0 1 0
0 0 0 0 0
0 0 1 0 0
3 1 0 0 0
1 0 0 0 2
1 0 0 1 2
2 1 1 1 1
0 0 0 1 0
3 0 0 0 1
1 0 1 0 0
2 0 1 2 2
0 0 0 1 1
1 0 1 2 0
1 3 0 0 2
1 0 0 0 1
0 1 2 1 0
1 1 0 0 1
1 0 0 0 0
0 1 0 1 0
1 0 1 3 0
0 1 0 1 1
2 0 0 1 0
0 1 1 0 0
0 0 0 1 0
0 1 0 0 0
3 3 0 0 0
0 0 1 0 1
1 2 0 0 1
0 2 0 0 1
3 4 1 0 1
0 0 1 1 3
1 0 0 0 2
0 0 1 0 0
1 0 0 1 1
1 2 1 0 2
1 0 0 1 0
0 1 0 1 0
1 0 0 0 1
0 3 0 1 1
0 2 0 1 1
1 1 1 1 1
0 0 1 0 0
1 0 1 1 1
2 0 0 0 1
0 0 0 0 1
1 2 2 0 0
0 0 3 2 0
1 1 2 0 0
0 0 0 1 0
1 2 1 0 0
0 1 0 3 2
0 1 2 4 0
1 0 1 0 0
3 0 4 0 0
1 1 0 1 1
1 2 0 1 1
2 0 1 1 2
0 0 0 0 0
2 0 1 0 0
1 1 0 0 0
0 0 1 1 0
0 0 0 1 0
0 0 0 0 1
0 0 0 0 1
1 0 0 0 1
0 0 1 1 0
2 2 0 1 1
0 0 0 0 0
1 0 0 0 0
1 0 0 3 0
0 1 0 0 0
1 0 0 1 1
1 0 0 0 0
4 0 1 1 3
2 0 0 1 1
0 0 1 3 0
1 0 0 0 3
0 1 2 1 0
1 2 0 0 0
0 0 1 2 1
0 2 1 0 1
0 0 0 1 1
0 1 0 0 0
0 0 0 2 0
0 0 1 0 0
0 0 0 1 1
3 0 0 2 0
0 1 1 2 0
0 2 2 2 2
0 2 3 0 0
1 2 2 0 0
1 0 0 1 3
1 0 0 1 0
1 0 0 2 0
0 1 0 0 0
0 0 0 0 0
2 2 0 0 1
2 0 1 0 0
1 0 0 0 0
1 0 1 1 0
2 1 0 0 4
1 2 0 0 0
1 0 0 1 1
0 3 1 0 0
0 0 0 0 0
0 1 1 1 0
0 0 0 1 2
1 2 1 1 1
0 1 1 0 1
0 1 1 0 0
0 0 1 0 2
2 0 0 2 0
0 0 0 1 1
0 1 1 2 1
1 0 0 0 2
0 0 0 1 1
0 0 2 0 0
2 0 0 1 2
1 0 1 0 0
0 0 0 0 1
0 0 3 1 0
0 0 0 0 0
0 0 2 2 0
0 0 0 0 2
0 1 4 1 0
0 1 1 0 0
0 1 3 0 0
2 0 2 0 1
1 0 0 3 1
0 0 1 0 2
1 0 0 0 2
2 0 0 3 0
1 1 0 0 0
0 0 0 0 0
0 1 3 0 1
1 0 1 0 2
0 0 2 0 0
1 0 0 0 0
0 1 0 1 1
0 2 0 0 1
0 0 0 0 0
0 1 2 1 0
0 0 1 3 0
0 0 0 0 0
0 2 0 1 0
3 0 3 0 1
0 1 0 1 0
0 0 3 0 1
0 1 1 0 1
0 0 0 1 0
2 0 0 0 0
0 0 2 0 0
0 1 1 2 0
0 0 0 0 0
0 2 0 0 0
1 0 0 0 1
0 2 0 0 1
1 2 0 1 1
0 2 1 1 1
0 1 0 0 0
1 1 1 1 3
2 0 0 0 0
0 1 1 0 0
1 0 0 1 2
0 0 0 0 0
0 0 1 0 0
0 1 1 0 0
0 0 0 1 3
0 0 0 0 0
1 0 2 0 0
0 0 1 2 1
1 0 2 0 1
1 2 1 1 0
0 0 0 0 0
1 1 1 1 0
3 1 1 1 1
1 0 0 0 1
0 0 0 0 0
2 2 0 0 0
0 2 0 0 1
0 0 0 0 0
0 0 0 0 0
0 2 1 0 0
1 0 1 1 0
2 1 0 1 0
0 0 0 0 1
0 3 0 0 0
0 0 0 1 0
0 0 0 0 0
0 0 1 0 3
0 0 0 1 0
3 0 0 1 0
1 1 0 0 1
0 2 0 0 0
1 0 1 0 1
0 1 2 2 0
0 0 0 0 1
1 1 0 0 0
0 0 0 0 1
0 0 0 4 0
0 0 1 0 0
0 0 3 1 0
0 4 2 0 0
2 1 1 0 1
0 0 2 2 0
0 0 0 3 1
0 0 2 2 2
2 0 0 0 0
0 0 1 2 2
0 1 0 0 0
0 0 4 0 0
0 1 2 3 1
0 0 0 0 1
0 0 0 1 0
0 0 0 0 1
0 1 0 2 0
0 1 0 1 2
1 2 0 0 1
0 0 1 1 1
1 1 0 2 1
0 0 0 0 0
0 0 0 0 0
0 0 2 0 0
0 2 0 1 0
0 1 0 0 0
1 0 0 0 3
1 1 1 1 0
0 0 1 3 0
0 0 0 0 0
0 0 1 0 2
1 3 1 0 1
1 0 2 0 1
0 0 0 0 0
2 0 0 1 0
0 0 0 0 1
1 0 1 2 0
0 0 1 0 1
0 0 1 2 0
0 0 0 2 1
3 1 3 0 2
1 0 2 2 0
2 0 0 2 1
4 0 0 3 0
2 1 2 0 0
0 2 0 0 2
1 2 1 0 0
3 1 1 0 4
1 0 1 0 0
2 0 0 2 1
0 0 0 0 0
2 0 1 3 0
0 1 0 1 0
1 3 1 0 0
0 1 1 1 1
0 0 0 1 0
1 0 1 1 0
1 0 0 0 1
0 1 4 2 1
3 0 0 1 2
0 1 0 1 1
1 1 3 3 0
0 1 0 0 2
2 0 2 0 1
2 1 1 1 2
0 0 0 1 3
1 0 1 1 0
1 0 0 0 0
1 1 0 0 0
2 4 2 1 0
1 1 0 0 1
3 1 0 2 2
0 0 0 0 0
0 0 2 0 2
0 1 1 1 1
0 0 0 0 1
0 0 1 1 0
1 0 2 0 1
0 1 1 1 0
0 1 2 0 3
2 0 3 1 0
1 0 2 1 0
0 0 0 0 0
1 1 0 0 1
0 0 0 2 0
1 0 0 0 1
0 0 0 0 0
0 2 0 0 2
2 0 1 0 0
3 1 1 0 0
0 0 0 0 1
1 1 2 0 0
1 2 1 0 2
1 0 1 1 0
0 0 3 0 1
2 0 1 0 2
0 0 1 0 2
1 0 3 0 0
0 1 0 1 1
1 1 2 0 0
0 0 0 1 1
0 0 0 0 1
2 1 0 0 2
0 0 0 0 0
0 0 1 0 4
3 1 2 0 0
0 1 0 0 0
2 0 2 2 1
0 1 1 3 2
0 0 2 0 0
0 1 4 2 0
3 0 1 1 0
1 1 0 0 1
0 1 1 1 1
1 0 0 0 1
1 1 1 0 2
1 0 0 1 0
1 0 1 1 1
0 0 0 1 0
0 4 1 1 2
0 1 0 1 0
0 0 1 0 2
0 1 0 1 0
0 1 2 0 2
1 3 2 4 1
0 0 3 1 0
0 1 0 2 0
0 2 0 0 0
3 2 0 0 1
1 0 1 0 0
2 0 3 0 0
0 0 0 0 0
4 1 2 2 1
0 0 1 1 0
3 1 0 0 0
0 0 1 0 0
3 1 0 0 0
0 0 2 0 1
0 0 0 0 0
0 0 0 2 0
0 1 0 0 0
0 1 0 0 1
1 1 0 0 0
0 0 1 1 1
0 1 1 0 0
2 0 1 0 0
1 0 0 1 1
2 2 0 2 0
1 0 0 0 0
3 1 1 0 0
0 0 4 0 0
0 1 2 0 0
0 1 0 0 0
0 2 1 0 4
1 1 0 0 0
0 0 0 0 2
2 1 1 0 1
0 0 0 1 0
0 1 0 0 0
0 2 0 2 0
0 0 0 1 0
1 0 0 0 0
2 0 0 4 2
0 1 2 0 0
2 1 0 1 0
1 2 0 3 0
0 1 0 0 0
0 4 1 0 0
0 0 0 0 0
0 0 0 0 0
0 0 0 0 0
1 2 1 1 2
1 1 1 0 0
0 2 0 1 0
1 0 0 0 0
0 1 0 0 0
0 0 0 1 0
2 0 0 0 0
1 0 0 0 0
2 1 1 1 0
2 0 0 0 2
1 3 1 0 1
2 0 0 1 1
0 0 0 0 0
0 2 0 3 0
2 0 0 0 0
1 1 0 0 0
0 2 1 0 2
0 0 2 1 2
0 0 0 0 0
0 2 2 0 1
1 1 0 1 2
1 1 0 1 0
1 4 0 1 0
0 2 0 1 0
2 0 1 1 0
3 0 1 0 1
0 0 4 0 0
2 4 0 0 0
0 0 0 0 1
0 0 3 0 1
1 0 0 0 0
0 0 2 0 0
0 0 2 0 0
0 0 0 1 0
0 3 1 3 0
0 1 2 0 1
0 0 0 0 2
1 0 1 1 0
0 2 0 1 3
0 3 0 4 0
0 0 1 0 2
0 2 0 2 1
2 0 0 1 0
3 0 0 0 1
0 0 0 0 0
0 0 1 0 1
0 1 0 1 1
0 0 0 0 1
0 1 0 0 0
1 1 0 1 0
0 0 0 0 0
1 2 1 1 2
1 1 3 1 0
0 0 2 1 1
2 0 1 0 1
1 1 1 2 2
1 0 0 2 1
0 1 0 0 1
1 0 2 0 0
0 1 0 0 0
0 3 1 3 0
0 0 0 0 0
1 0 3 0 0
0 2 0 0 0
0 2 0 1 0
1 2 0 1 0
0 0 0 1 2
0 1 0 0 1
2 0 1 1 0
1 0 0 1 2
0 0 1 0 4
2 0 0 0 1
1 1 1 0 0
0 0 1 0 3
0 1 0 0 0
0 0 1 1 1
1 2 0 1 1
0 0 0 0 1
0 1 0 0 2
0 0 1 0 0
0 0 0 1 4
1 0 0 0 1
1 1 3 0 0
1 0 0 0 2
1 0 0 1 0
0 1 0 1 0
0 0 1 0 0
2 0 0 0 0
0 0 1 0 1
1 3 1 1 0
0 0 0 0 1
0 1 2 0 2
1 1 1 1 0
2 1 2 1 0
1 0 0 2 0
0 1 1 0 0
0 0 1 0 1
0 1 2 0 1
0 0 0 0 0
1 2 0 0 0
0 0 0 1 0
0 0 1 1 0
1 0 0 0 2
0 0 0 2 0
1 0 1 2 0
0 0 0 3 1
0 3 1 1 1
2 0 1 1 0
0 0 0 1 0
1 1 1 0 1
2 0 0 1 0
0 2 0 0 1
0 0 3 2 0
0 1 1 1 0
1 0 1 0 0
1 3 0 1 2
0 0 0 1 0
1 0 0 0 0
0 0 1 1 0
4 0 1 1 1
1 1 0 0 0
1 1 0 0 0
1 2 4 0 1
1 0 0 0 0
0 0 1 1 1
0 0 1 0 0
1 1 0 1 1
0 0 0 0 0
1 1 1 0 1
3 1 3 1 0
2 0 0 0 2
0 0 1 1 1
0 0 2 1 0
0 0 2 0 1
0 0 0 1 0
1 0 0 3 0
0 2 2 2 0
0 1 0 0 1
1 2 3 0 0
1 2 0 1 0
0 1 0 1 3
1 0 0 3 0
1 0 0 0 0
0 2 0 2 0
0 0 0 1 0
1 0 3 0 0
0 0 1 0 0
0 0 0 1 1
0 0 1 0 0
0 3 0 3 1
0 0 1 0 0
1 4 1 0 3
0 1 0 2 0
0 2 0 0 0
0 0 2 0 0
0 1 1 0 0
2 1 0 2 1
0 0 2 0 0
0 0 1 2 0
0 0 0 1 1
2 0 0 1 1
1 3 0 0 2
0 0 0 0 0
0 1 0 0 0
1 0 0 0 0
0 1 0 0 1
1 0 1 0 0
0 0 0 0 1
0 0 0 0 0
1 0 2 0 1
0 1 0 0 0
2 1 0 0 0
3 0 1 0 1
2 1 4 0 1
1 0 0 0 0
1 2 0 0 1
0 1 0 1 0
0 0 0 2 0
0 3 1 2 3
0 0 0 2 2
3 0 0 0 0
0 0 2 1 3
2 1 1 0 1
0 1 0 0 1
1 0 1 1 0
0 1 0 0 0
0 0 0 1 0
2 2 1 1 0
0 0 1 0 2
3 0 0 0 1
0 0 2 1 1
0 0 0 1 1
2 2 0 0 0
0 3 0 1 0
0 1 3 0 0
1 1 0 1 0
0 0 1 0 1
1 0 1 1 0
1 0 0 0 0
2 2 4 0 1
0 0 1 0 2
1 1 0 1 2
0 0 4 0 0
0 0 1 1 1
4 2 0 0 1
0 0 0 0 1
2 1 1 2 4
2 1 0 1 0
1 2 0 3 2
1 1 0 0 0
1 2 1 0 0
0 0 0 0 2
0 0 0 2 1
0 0 0 0 0
1 2 0 0 0
0 0 2 0 2
0 1 0 1 1
0 1 1 2 0
1 0 1 0 3
0 3 0 1 1
0 0 0 0 0
0 0 1 0 0
0 0 0 1 1
0 0 0 0 1
0 0 1 0 1
0 0 1 1 0
1 0 0 2 0
0 1 1 0 0
3 0 0 3 0
2 1 0 1 0
1 1 0 3 2
0 0 2 0 1
0 4 0 1 0
0 1 1 1 2
0 0 1 0 1
0 0 2 0 0
0 1 0 1 0
0 1 2 1 1
0 2 0 0 0
0 0 0 0 0
1 0 2 0 0
0 1 1 0 0
0 1 0 0 0
1 0 0 2 0
0 0 0 3 0
1 2 2 2 0
1 1 0 0 0
3 0 0 2 1
2 0 0 0 0
0 1 0 3 3
0 2 0 1 1
4 0 0 1 0
0 1 0 0 0
0 0 0 0 1
0 3 2 0 1
0 1 1 1 1
0 1 2 2 0
0 0 0 0 1
0 0 0 0 0
0 0 0 2 3
2 0 3 0 1
0 1 1 2 0
0 0 0 0 0
4 0 2 0 3
0 0 2 0 1
4 0 0 0 0
0 0 0 0 0
1 0 0 0 2
2 0 3 3 1
1 1 0 0 0
2 2 1 0 2
0 0 1 0 0
2 1 0 0 0
0 2 0 1 1
0 1 2 1 0
0 0 1 0 0
0 1 0 1 1
0 3 1 0 1
0 1 2 1 1
0 0 0 0 0
2 0 2 2 1
0 1 0 0 0
0 0 1 1 0
2 1 1 1 0
2 0 0 0 0
0 0 0 2 0
3 0 1 0 2
0 0 2 1 0
0 0 0 0 0
1 1 3 0 0
0 2 0 2 4
0 1 0 0 2
0 0 0 1 0
2 0 1 0 0
0 2 0 0 3
2 0 0 1 0
0 0 0 0 0
4 0 2 0 2
1 1 0 2 1
0 1 2 1 1
1 1 2 1 0
1 2 0 2 0
2 1 0 1 0
0 0 2 0 1
1 0 0 1 3
0 0 1 0 0
1 0 0 0 2
0 0 0 0 0
2 0 1 1 1
1 0 1 0 0
3 2 1 0 0
1 0 1 0 0
0 0 0 0 0
0 1 1 0 0
1 0 1 1 1
0 0 1 1 2
0 0 2 1 0
1 1 2 0 0
0 0 0 0 1
0 0 1 0 2
4 1 2 0 0
0 1 0 0 0
0 2 1 0 1
2 0 1 0 0
3 0 0 0 0
0 0 0 3 1
2 0 1 0 0
0 0 1 1 2
1 2 1 2 0
0 0 0 1 0
2 0 3 0 2
0 2 0 0 0
0 0 1 1 0
2 0 0 1 0
1 0 0 1 0
0 0 0 1 1
1 0 0 0 0
0 0 1 0 1
0 2 1 0 2
0 1 1 2 2
1 2 1 3 1
1 0 2 0 0
0 1 1 2 0
0 0 0 0 2
0 0 0 1 0
1 0 1 0 3
0 0 1 0 0
2 3 2 0 3
2 0 0 0 0
1 2 2 0 0
0 1 0 2 1
1 2 1 0 1
0 1 1 1 1
0 0 1 1 0
1 0 1 1 1
1 0 0 1 2
1 0 1 1 0
0 1 0 0 1
2 0 0 1 1
0 0 0 0 0
2 0 0 1 3
1 1 0 0 3
2 0 0 0 2
0 0 0 0 0
1 0 1 1 1
0 0 2 0 0
0 1 0 2 3
2 0 1 0 2
0 0 0 0 1
1 1 3 0 0
1 0 0 1 1
0 0 0 1 0
1 1 0 0 0
0 0 0 0 1
0 0 1 0 0
1 1 1 1 2
0 0 1 0 0
0 0 1 1 0
1 2 0 0 0
0 2 0 1 1
1 0 2 1 1
0 0 1 1 0
0 1 0 0 2
0 1 0 0 0
0 0 3 1 0
0 1 0 1 0
0 0 1 0 3
0 0 1 0 1
0 1 0 2 0
0 0 1 0 1
0 0 0 0 1
1 0 0 1 0
1 0 0 0 3
0 2 1 0 0
0 1 2 0 0
0 1 1 0 0
0 0 1 1 1
0 1 0 3 0
1 0 2 2 0
2 1 0 0 0
1 0 0 1 1
0 1 0 2 0
1 0 0 3 1
0 0 1 2 4
0 1 0 1 2
0 0 0 1 3
0 1 1 2 1
0 0 1 0 0
3 2 0 2 1
0 1 2 0 0
0 3 1 1 0
0 0 3 2 0
1 0 0 1 0
3 1 0 0 2
0 0 1 0 0
2 0 1 0 0
1 0 0 1 2
1 3 1 0 0
0 1 2 0 0
1 0 1 0 1
0 3 1 0 2
0 4 0 0 0
0 1 3 1 0
0 1 0 0 1
0 0 1 2 0
0 0 1 1 0
0 0 1 1 0
0 2 0 1 0
0 2 0 1 0
1 0 0 1 1
1 4 0 0 0
0 3 0 0 1
2 0 0 0 2
0 0 3 0 1
0 0 0 0 0
1 0 2 0 1
0 0 1 0 2
1 4 0 0 0
0 0 3 0 1
0 0 1 0 0
2 1 0 1 0
0 0 3 0 0
1 1 1 2 0
0 1 0 1 0
0 0 0 0 1
3 0 3 2 2
0 0 1 0 2
0 1 0 0 1
1 0 0 3 1
0 1 4 2 0
1 1 0 1 1
0 2 1 2 0
0 1 0 0 0
0 1 0 2 0
1 1 0 1 1
0 1 1 0 1
0 1 1 0 1
0 0 1 1 0
1 1 0 2 2
2 0 0 0 1
3 3 1 2 2
0 0 2 0 4
0 3 0 0 1
2 0 0 0 0
0 1 1 0 0
1 0 0 0 0
2 1 0 0 0
0 2 0 2 1
0 0 0 0 1
0 0 0 0 0
0 1 0 0 3
1 0 0 2 2
2 0 0 1 1
1 0 1 0 0
2 0 0 0 1
0 0 0 0 1
0 3 0 4 1
0 0 0 0 0
0 0 1 3 0
1 0 1 3 0
0 0 0 0 0
0 0 0 0 0
0 0 0 0 0
1 0 0 0 1
1 2 0 0 0
0 2 1 1 0
0 2 2 0 3
0 0 0 1 0
0 0 1 0 1
1 1 0 0 0
0 2 0 1 3
0 0 2 0 0
0 0 1 1 4
0 0 0 0 1
0 3 1 3 1
1 1 0 1 2
1 0 0 1 0
0 0 0 1 0
1 0 0 1 0
0 0 0 0 0
0 1 1 1 0
0 0 0 1 0
0 3 1 1 0
0 0 1 0 0
1 2 1 1 0
0 0 1 0 0
4 1 0 0 0
1 0 0 0 0
0 1 0 0 1
1 0 1 0 0
0 0 3 0 2
1 1 1 1 0
0 1 0 1 0
2 1 1 4 1
1 0 0 0 1
1 0 3 0 1
2 1 2 0 0
2 0 0 0 0
0 0 0 2 1
0 1 0 1 1
1 0 1 3 0
2 2 1 4 1
1 0 1 2 0
2 1 1 2 1
0 3 0 0 0
2 0 2 0 0
1 0 3 2 1
0 1 0 0 0
0 1 1 0 0
0 1 0 2 1
2 0 1 1 0
1 1 0 0 0
2 0 0 0 0
0 0 1 1 0
0 1 0 0 2
1 1 0 1 0
0 0 0 2 0
0 0 0 1 3
0 0 0 3 0
0 1 0 1 1
0 1 0 1 0
0 2 0 0 1
1 4 0 0 1
0 0 0 3 1
0 0 1 0 0
0 1 0 0 0
2 0 0 1 0
1 1 1 0 0
1 0 1 0 0
0 1 1 1 0
0 0 0 1 1
0 0 0 2 1
0 1 2 0 1
2 1 0 0 1
3 0 0 4 1
0 0 2 0 0
0 0 0 0 0
0 2 2 1 1
2 0 0 0 2
0 0 0 2 0
3 2 2 0 1
0 1 0 0 0
1 1 0 0 0
0 0 0 0 1
0 0 0 0 2
0 1 0 0 0
1 0 0 0 1
2 0 0 0 0
2 4 0 0 0
2 3 0 2 1
1 2 0 1 0
0 1 0 0 2
0 1 2 2 0
1 1 0 0 1
0 2 0 0 0
0 1 0 0 0
0 0 4 2 0
3 0 1 1 0
1 1 0 0 1
3 2 0 0 2
0 0 1 0 1
1 0 0 2 0
1 1 1 2 0
0 0 0 0 1
0 0 0 1 0
1 0 3 0 1
3 0 0 0 0
2 0 1 1 2
0 0 2 0 0
0 0 0 1 2
0 0 1 0 0
1 0 1 0 0
0 1 0 1 0
3 0 0 0 0
0 1 1 1 0
0 1 0 3 3
0 1 0 0 0
0 0 0 1 2
1 1 2 0 0
0 1 1 0 0
0 1 1 0 3
0 1 1 0 0
1 1 0 0 1
0 1 0 4 0
0 0 1 2 1
4 1 0 1 1
1 2 0 0 0
1 1 1 1 1
0 4 1 0 0
0 1 0 0 0
2 2 1 0 0
2 0 0 1 1
1 1 1 0 0
0 4 0 0 1
0 1 0 0 0
1 0 0 0 1
0 0 1 4 0
0 0 2 0 1
2 0 0 1 0
1 0 1 0 1
0 0 1 1 0
1 0 1 2 3
1 1 0 0 1
0 3 0 1 0
0 0 0 1 0
1 1 0 1 1
0 0 0 0 0
0 0 1 0 0
0 0 0 3 1
2 2 1 0 0
0 0 0 1 0
1 1 0 1 1
0 0 0 1 0
1 0 0 4 1
0 0 1 2 2
0 0 0 3 0
1 0 0 0 3
2 1 0 1 1
0 0 1 0 0
2 1 0 0 0
0 0 0 1 1
0 1 2 0 1
1 0 0 0 0
2 0 2 0 0
0 0 1 2 0
1 0 0 0 0
1 3 0 1 2
0 2 0 1 1
0 1 0 0 0
1 1 0 0 2
1 1 0 1 1
0 1 0 0 0
0 3 2 1 0
0 0 0 1 0
1 0 0 0 0
1 1 0 0 0
0 2 0 0 0
0 1 2 0 0
0 0 3 0 1
0 1 1 0 2
1 0 2 3 0
0 0 1 0 0
0 1 1 1 0
0 0 2 0 0
1 0 0 0 0
0 0 0 1 0
0 1 0 1 0
2 0 0 0 1
1 0 0 2 0
0 0 0 1 0
1 0 1 0 0
2 0 0 0 0
1 3 0 0 1
0 0 1 2 2
1 0 2 0 3
0 0 1 0 0
3 0 2 0 1
0 0 2 0 0
2 0 0 0 2
1 0 0 0 0
1 2 1 0 0
0 0 0 0 0
0 0 0 1 0
0 0 1 1 0
1 1 1 3 0
0 1 0 1 0
0 1 0 3 1
0 3 0 0 1
0 1 0 1 1
0 1 0 0 0
2 1 1 0 0
0 0 0 2 0
0 0 1 1 0
0 0 1 0 0
0 1 1 0 1
3 1 1 1 0
0 0 0 1 0
2 0 0 0 1
0 0 0 2 2
1 2 0 0 1
1 0 0 1 2
0 0 0 0 0
0 0 0 0 1
1 2 0 0 0
1 0 1 2 1
3 0 1 0 0
0 0 0 0 0
0 3 1 3 0
1 1 1 0 1
0 0 0 1 1
0 1 0 0 2
0 0 0 0 1
0 0 1 0 0
1 0 2 1 1
0 1 3 0 0
2 1 2 0 1
1 0 0 2 1
2 0 0 1 0
0 0 0 0 1
2 1 1 0 1
0 0 0 0 1
0 1 0 0 1
0 1 0 3 1
1 1 2 0 1
0 0 0 1 0
0 2 0 3 1
0 0 1 0 0
3 0 0 1 0
0 1 0 0 4
1 1 0 0 0
0 1 0 0 0
1 2 0 1 0
0 0 0 0 2
1 0 0 0 1
0 0 0 0 0
0 1 0 2 0
1 3 0 0 1
1 1 0 0 2
0 0 0 3 0
0 1 1 4 0
0 0 2 0 1
0 2 0 0 0
0 1 0 1 2
0 0 1 0 0
4 0 1 0 0
0 1 0 0 1
1 0 1 2 4
0 0 1 0 0
0 1 1 0 0
1 2 1 1 0
0 2 1 1 0
1 1 0 0 0
0 1 0 0 0
0 0 0 2 0
0 0 1 0 0
1 1 1 0 2
0 0 1 0 0
1 1 0 0 0
0 0 0 0 0
0 0 3 0 0
0 0 0 0 0
2 1 0 0 0
0 0 2 0 2
0 0 2 3 1
1 1 2 2 1
1 0 1 1 1
0 0 1 0 0
0 0 1 0 0
0 0 0 0 4
0 0 0 0 2
0 1 0 0 1
1 1 0 1 0
0 0 0 0 0
0 0 0 1 0
0 0 0 1 0
0 0 0 2 0
1 0 1 0 1
2 1 2 0 3
1 0 0 1 0
2 2 0 2 0
0 0 0 4 2
0 1 1 0 1
0 0 1 3 0
1 0 1 0 0
0 1 0 0 0
0 0 0 1 1
2 1 0 2 1
1 0 0 0 0
0 0 0 3 0
1 0 0 0 1
4 1 0 1 1
0 1 1 1 1
1 0 0 2 1
0 0 1 1 0
0 1 0 0 1
0 0 0 0 1
0 0 0 0 0
0 1 0 0 1
3 0 0 0 1
0 0 0 1 0
3 0 0 1 0
2 1 0 0 0
1 0 1 2 0
1 1 1 0 1
1 2 1 3 0
0 0 1 0 0
0 3 1 2 0
1 2 1 1 2
0 3 3 2 0
1 0 0 0 2
1 1 0 4 1
0 0 1 0 0
0 0 4 1 1
0 1 4 0 0
1 0 0 1 0
0 0 3 1 2
1 0 1 3 1
0 0 0 0 2
0 0 0 0 0
3 0 0 0 0
0 0 1 2 2
0 0 0 0 0
0 2 1 2 0
2 0 1 1 2
0 0 0 0 0
0 0 0 0 0
2 0 0 2 0
2 1 1 0 1
1 1 0 0 0
2 0 2 2 0
0 2 0 0 2
1 1 1 1 0
2 0 1 0 0
1 0 0 3 1
1 2 1 1 0
0 1 2 0 3
2 2 2 0 3
1 1 2 0 0
1 0 0 0 0
0 1 1 0 0
1 0 0 1 0
0 1 0 2 2
0 1 0 0 2
1 0 0 2 1
3 3 2 1 0
1 0 2 0 1
0 0 0 1 1
0 2 1 0 1
2 0 0 2 0
1 0 2 1 0
0 0 3 1 0
1 0 2 1 1
0 0 0 1 0
0 0 1 1 1
0 0 1 1 0
1 1 0 2 0
0 2 0 4 0
0 4 1 0 0
1 0 0 2 0
0 3 0 0 0
0 2 0 2 1
2 1 2 0 0
0 0 0 0 0
2 0 1 0 1
3 0 0 1 2
1 0 0 3 1
1 0 0 1 1
0 1 0 2 1
0 0 0 0 0
0 1 1 1 2
0 1 0 1 4
0 0 0 2 1
0 0 0 1 2
1 1 1 0 0
1 0 2 2 1
1 1 0 0 2
1 1 2 3 0
1 0 0 0 0
0 1 1 0 2
1 0 1 0 0
1 0 1 0 0
0 0 1 1 0
0 0 0 1 0
0 2 1 1 1
0 2 2 2 1
0 0 0 1 0
0 0 0 1 1
0 0 0 0 0
1 1 0 0 1
0 1 0 0 0
0 0 1 2 1
0 2 1 0 2
0 0 1 2 0
0 0 2 0 2
1 0 0 1 2
1 0 0 0 2
0 0 0 2 0
0 0 4 2 2
0 0 0 0 1
0 0 0 0 0
0 1 0 0 0
1 0 0 0 0
0 4 1 0 0
0 0 0 3 0
0 0 1 0 0
0 0 0 1 2
4 1 0 1 0
1 0 0 0 0
1 0 1 1 1
1 1 1 0 0
0 0 1 0 0
1 0 0 0 3
0 1 0 0 1
2 0 0 0 1
0 0 1 2 3
1 0 0 1 0
1 2 0 0 0
0 0 0 1 1
2 1 0 0 0
0 1 0 3 1
0 0 0 2 0
2 0 0 2 1
1 1 0 0 0
2 1 1 0 0
0 1 1 0 0
0 0 0 2 2
0 1 2 1 0
3 0 2 0 1
1 0 2 0 0
1 0 1 0 0
0 0 1 2 0
0 2 0 1 1
1 0 0 3 0
0 1 0 1 0
3 0 2 0 1
0 1 0 0 0
0 0 0 4 1
3 0 1 1 1
2 0 1 0 1
2 1 1 0 0
0 1 2 1 1
0 1 1 0 3
3 1 1 0 0
1 0 0 0 1
0 2 0 2 2
0 1 0 0 2
1 2 1 1 1
0 2 3 0 0
0 0 0 0 1
0 2 1 1 0
0 1 3 1 0
0 1 0 2 3
0 2 2 2 0
1 0 3 0 2
0 0 0 0 0
0 0 1 0 1
0 0 0 0 3
1 1 1 1 3
2 0 0 0 0
3 1 0 0 1
3 1 0 1 1
0 2 0 1 1
0 1 1 0 2
0 0 2 1 0
0 0 1 1 0
1 0 0 1 0
0 0 0 0 1
2 1 1 0 3
0 0 0 0 1
0 0 0 0 0
1 1 0 0 3
2 0 1 1 2
0 2 0 0 1
1 0 1 1 1
0 0 1 0 0
0 1 0 1 1
0 1 1 0 0
0 1 0 0 0
2 1 0 0 2
0 2 0 1 0
2 0 0 1 1
1 0 0 0 1
0 0 0 0 0
1 1 2 0 0
2 2 1 0 2
0 0 1 0 1
0 1 2 1 0
0 1 1 0 0
0 0 0 0 4
1 1 0 1 0
0 0 1 0 0
0 0 0 0 0
1 1 0 1 0
0 0 0 3 1
0 2 0 0 1
0 0 0 2 0
1 2 0 1 3
1 0 0 0 2
0 0 4 1 1
0 0 0 1 0
0 0 1 1 2
1 0 1 1 1
1 2 0 0 1
1 0 2 0 0
2 0 1 0 0
2 2 3 1 0
0 0 0 0 1
0 1 0 1 1
0 0 0 0 1
0 1 0 0 2
0 2 0 1 1
1 2 1 2 1
0 0 1 1 0
0 0 2 0 1
0 1 0 1 0
1 0 0 0 0
3 1 3 1 1
0 3 0 2 1
2 0 0 0 1
3 1 3 1 0
0 0 0 0 0
1 0 2 0 0
0 0 2 1 0
0 1 0 0 0
0 0 0 1 0
1 2 1 0 1
1 0 1 0 0
0 0 0 1 2
0 0 1 0 4
0 0 0 0 1
1 0 0 3 0
0 0 0 1 0
1 2 0 0 1
0 2 0 0 0
4 0 0 1 1
0 0 0 2 1
1 1 2 0 0
0 0 1 0 0
0 0 1 1 0
0 0 0 1 0
2 0 0 0 0
0 0 2 1 0
0 0 0 0 0
0 1 1 0 1
0 0 3 1 0
0 2 0 3 0
1 0 0 2 0
0 1 0 1 2
0 0 0 0 2
0 1 0 4 0
1 0 0 1 0
0 1 0 0 3
0 1 1 1 2
1 0 0 0 1
1 0 0 1 1
0 0 0 0 0
0 2 0 3 0
0 0 1 0 1
0 0 0 0 1
0 1 0 1 0
0 0 1 1 1
0 0 0 0 0
0 1 0 1 1
1 2 0 0 1
1 1 0 0 1
0 0 0 0 0
0 0 4 0 0
1 1 1 0 0
0 0 1 1 2
0 0 1 2 1
0 0 0 1 0
1 1 1 0 1
1 1 0 2 2
1 0 1 0 0
0 0 1 1 1
0 1 0 1 0
0 1 3 2 0
0 0 2 1 1
1 0 0 3 0
0 0 1 0 0
0 0 1 1 0
1 0 0 0 0
0 1 0 0 1
0 1 0 2 0
1 0 2 1 0
0 0 2 0 0
0 0 1 0 0
0 0 1 0 1
0 0 0 2 0
1 0 0 0 0
0 1 2 2 1
0 0 1 0 2
0 0 0 1 0
1 0 1 0 1
0 1 0 0 0
2 2 0 1 1
0 0 0 2 0
1 0 0 2 0
2 0 1 2 0
0 0 1 0 0
3 0 2 0 0
0 0 2 1 1
1 2 2 0 3
0 0 0 0 1
0 0 1 1 0
0 0 0 1 2
0 0 1 1 0
1 0 2 1 1
2 0 0 1 0
0 0 0 0 1
0 0 1 0 0
0 1 0 2 0
0 1 2 0 2
1 0 1 1 1
1 0 0 0 0
0 1 0 0 0
1 0 0 0 1
0 0 0 0 1
1 2 0 1 1
2 1 0 0 1
0 0 1 1 2
2 1 2 0 1
1 0 1 0 0
0 0 0 1 1
0 0 0 0 1
1 2 0 2 4
0 1 0 0 1
1 0 0 2 0
0 2 1 1 2
0 1 0 1 0
1 3 2 1 0
0 0 0 0 0
2 0 0 1 0
1 0 1 0 1
0 0 0 2 1
0 2 0 2 1
0 0 0 0 0
0 0 2 1 1
0 0 1 1 1
3 2 0 1 0
1 0 0 1 1
1 0 0 1 1
0 0 0 0 1
0 1 0 2 0
2 0 0 0 3
0 0 0 0 1
2 0 1 0 0
0 0 0 1 0
1 1 0 2 0
1 4 3 0 0
0 0 1 2 1
0 3 1 1 1
0 1 1 0 0
0 0 1 0 1
1 3 1 2 1
0 0 1 0 0
0 1 0 0 0
0 1 0 0 0
0 0 1 2 2
