14 5 2
443 1272 2153 1929
638 1361 2059
886 1245
271
810 1307 2212 3187 3549
798 1457 2200 3211 3484
779 1410 2119 3463 3449
843 1496 2187 3281 3630
836 1453 2482 3405 3843
897 1519 2171 3109 3500
885 1363 2394 3063 3681
822 1325 2255 3023 3728
890 1350 2269 3090 4039
874 1418 2408 3328 3720
791 1417 2440 3187 3519
758 1389 2386 3267 3671
793 1325 2440 3247 3646
774 1547 2278 3455 3672
150 123 120 185 110
174 112 112 188 199
197 113 191 200 185
144 126 144 154 200
100 113 159 141 100
133 152 107 106 183
127 180 179 102 125
191 169 136 157 110
200 154 161 106 192
185 176 143 183 146
117 143 168 126 134
176 156 135 109 168
112 174 122 182 188
193 111 150 139 137
111 73 162 109 12
0 0 0 0 1
1 0 4 3 3
1 0 1 1 1
0 0 0 1 0
1 0 0 0 0
2 0 0 1 1
0 0 2 0 1
0 0 0 0 0
0 0 3 0 2
0 0 0 2 0
0 0 1 1 2
1 0 0 1 1
1 0 0 0 1
1 0 0 0 0
