14 5 2
570 1052 1601 2597
773 1354 2505
639 1347
852
796 1446 2280 2975 4119
812 1348 2475 3197 3653
836 1389 2097 3029 4130
889 1457 2216 3356 4014
760 1423 2142 3115 3930
780 1530 2257 3039 3898
776 1379 2452 3283 3668
786 1382 2091 2828 3757
766 1524 2204 3197 3989
855 1635 2065 2965 3693
784 1562 2216 3281 3805
766 1487 2273 3337 3987
764 1541 2484 3206 3827
861 1392 2413 3371 3484
111 199 136 113 124
146 193 108 184 113
142 193 171 123 111
113 119 113 108 111
191 133 117 161 197
186 178 199 121 121
140 154 195 125 135
153 109 171 182 159
150 110 147 180 150
149 105 180 135 131
157 177 173 170 179
178 186 138 122 128
101 196 197 172 150
199 174 103 147 102
8 9 186 29 86
1 0 0 0 0
4 1 2 1 0
0 2 0 0 0
2 0 2 0 0
2 0 1 0 3
0 0 1 2 2
0 2 1 2 0
1 2 1 1 1
0 0 0 0 0
2 1 0 1 0
0 0 1 0 1
0 1 0 0 1
2 0 1 4 1
2 0 0 0 1
