14 5 2
554 1295 1883 3032
651 1337 2557
510 2249
1610
905 1540 2428 2968 4806
912 1366 2240 2907 4010
805 1344 2329 2978 4107
823 1454 2135 3244 4538
917 1424 2286 3225 4713
871 1585 2306 3207 4650
819 1564 2139 3240 4449
818 1394 2163 3297 4088
833 1414 2147 2911 4357
847 1352 2438 3243 4290
942 1343 2093 2989 3962
831 1349 2180 3477 4508
847 1484 2452 3190 4114
914 1554 2241 3375 4547
192 159 118 102 109
137 105 111 111 143
172 160 187 159 114
200 172 145 177 181
139 155 144 161 175
102 177 195 155 195
145 161 162 140 169
108 179 151 178 136
138 168 146 118 177
123 164 163 100 109
163 127 151 106 100
119 128 156 198 179
126 126 172 109 140
162 178 162 130 151
11 17 130 31 70
0 0 0 1 0
1 0 0 1 3
0 0 0 3 0
0 0 1 2 1
2 0 0 0 0
0 1 0 2 2
0 0 0 0 0
0 2 0 1 0
0 0 0 0 0
1 0 0 2 0
1 0 1 3 0
1 0 0 0 0
1 0 2 3 0
3 0 1 0 0
