14 5 2
319 1292 1816 1950
910 1201 1393
407 561
163
695 1103 2154 2634 2812
597 1177 2090 2759 2919
707 1114 1859 2772 3026
664 1209 2026 2707 2907
611 1208 2120 2515 2820
675 1218 2144 2525 3079
726 1225 2137 2538 2863
636 1222 2011 2326 3237
633 1202 2120 2380 3038
603 1261 1783 2778 3206
619 1198 1853 2749 3316
664 1245 1999 2400 3060
604 1141 2053 2538 2898
643 1216 2129 2602 3251
182 103 164 162 155
132 140 177 193 168
148 157 178 118 141
138 155 152 182 199
189 199 124 140 134
103 111 108 158 178
139 106 180 150 195
196 172 158 177 111
134 180 199 189 117
183 125 149 102 167
187 120 178 132 132
104 185 175 192 140
176 171 168 116 117
106 137 112 108 136
20 58 79 133 73
0 0 1 0 2
2 1 0 0 0
0 1 1 0 0
4 0 0 0 1
0 0 0 1 1
1 0 0 0 0
2 1 1 0 0
1 0 0 2 0
2 0 0 0 0
1 0 0 0 3
1 1 0 0 1
0 0 0 3 0
0 0 0 0 0
0 1 0 0 0
