14 5 2
552 1137 1697 2556
564 1044 1738
686 1123
507
723 1382 2014 2829 3448
774 1382 2330 2760 3785
792 1491 2174 2594 3524
725 1454 2107 2685 3557
745 1429 2315 2437 3327
710 1467 2060 2531 3412
766 1260 1970 2529 3750
802 1448 1945 2725 3447
784 1265 2309 2402 3738
743 1314 2350 2898 3622
701 1370 2046 2709 3616
798 1465 2174 2614 3303
802 1299 2247 2757 3279
747 1350 2136 2928 3547
152 140 178 157 191
120 171 125 185 186
184 145 143 155 149
192 112 189 107 145
192 145 126 113 105
127 118 198 114 118
123 191 152 174 199
190 168 157 149 176
120 102 155 187 154
153 173 112 195 111
114 190 160 106 181
153 152 192 108 157
133 129 190 140 143
109 193 147 107 147
81 107 194 59 43
0 2 0 1 0
2 0 1 0 1
1 1 1 0 2
2 0 1 1 0
1 1 0 0 1
0 0 0 0 1
0 0 4 1 1
0 0 0 0 0
0 0 0 0 1
0 0 0 0 1
2 0 0 1 2
0 0 3 3 0
1 1 0 0 0
0 1 0 0 0
