14 5 2
618 932 1511 1759
377 856 1399
627 872
328
726 1394 1875 2600 3000
628 1185 1716 2610 2978
621 1322 1759 2503 3349
738 1264 1846 2195 3302
689 1364 1750 2620 3248
722 1374 1765 2498 3330
605 1380 1666 2315 3093
724 1293 1888 2596 3087
648 1222 1749 2278 2939
657 1164 1897 2279 2888
651 1290 1827 2442 3299
629 1299 1880 2600 3430
673 1401 1864 2265 2992
704 1199 1816 2501 3387
135 144 128 175 113
140 119 176 172 150
125 118 186 142 122
103 150 135 116 169
159 200 161 158 172
168 174 169 153 171
124 130 122 128 102
197 101 199 123 127
181 103 103 156 132
186 156 142 151 103
102 163 178 162 105
126 103 130 186 110
137 134 120 164 195
109 132 153 155 121
13 25 154 101 44
0 1 1 0 0
0 1 3 3 2
0 0 0 0 1
3 1 0 1 1
1 1 0 0 0
3 2 0 1 0
0 1 0 1 0
0 1 0 0 0
1 3 2 1 0
0 2 0 1 3
0 0 1 2 0
2 1 0 1 0
0 2 2 1 0
0 1 1 0 0
