14 5 2
379 862 1550 1841
492 1276 1259
580 799
290
725 1145 1770 2571 2901
724 1037 1821 2932 2962
742 1119 1659 2833 2878
680 1165 1562 2454 2771
653 1159 1819 2914 3221
642 1143 1707 2502 2964
717 972 1672 2600 3217
657 1115 1686 2548 3205
628 1151 1687 2483 2755
713 1092 1850 2934 3007
656 1108 1728 2598 3227
639 1140 1852 2895 3251
691 1085 1769 2736 3065
706 998 1611 2893 2819
177 135 119 132 199
185 146 197 147 197
185 186 121 114 114
139 189 113 160 123
176 161 112 185 107
184 134 147 187 146
129 160 145 151 125
193 182 100 132 150
123 106 128 105 110
185 192 112 200 168
148 157 144 121 121
188 109 175 144 121
113 143 126 167 169
137 110 185 169 188
123 1 122 45 43
1 0 0 1 0
0 2 1 0 0
0 0 2 1 1
1 1 0 0 0
0 1 0 0 0
0 0 1 0 0
0 1 0 1 1
0 0 1 0 2
0 1 1 0 3
0 3 0 0 0
1 1 0 1 0
1 3 0 3 3
1 1 1 1 0
1 1 1 1 0
