14 5 2
716 1227 1663 2730
401 1126 1926
738 1687
1243
955 1892 2354 3314 4638
893 1715 2858 3395 3918
883 1794 2482 3736 4496
958 1635 2844 3743 4441
970 1868 2427 3642 3981
855 1893 2651 3157 3978
989 1727 2541 3633 4021
949 1861 2467 3100 4052
966 1793 2448 3508 3898
1021 1949 2632 3469 4113
876 1976 2387 3178 4304
886 1834 2761 3624 3951
852 1822 2691 3445 4359
858 1712 2539 3389 4153
110 180 166 148 119
118 104 120 140 189
189 131 182 165 101
148 167 184 162 153
154 127 160 161 120
152 174 103 178 182
123 137 195 162 185
144 199 161 189 141
134 117 198 194 192
113 166 189 123 116
100 155 139 183 138
135 143 120 106 170
113 142 162 106 148
119 146 158 184 132
41 48 173 136 1
1 0 0 0 0
1 0 0 0 0
0 0 2 0 0
2 0 2 0 1
2 0 1 1 0
0 0 0 2 1
0 0 0 2 0
0 1 2 0 0
1 0 0 0 0
0 1 0 1 1
0 0 0 0 1
0 3 1 2 1
0 1 0 0 0
1 0 1 0 0
