14 5 2
349 985 1138 1667
409 644 1291
133 846
850
527 1017 1590 1769 2704
569 991 1349 2138 2632
497 1112 1379 1930 2453
535 1014 1494 1969 2376
502 944 1384 2140 2413
551 1028 1351 2116 2557
544 1091 1389 1844 2442
593 1071 1455 1997 2669
554 1115 1443 2017 2398
564 1099 1328 2091 2744
533 1096 1404 2099 2377
538 1024 1489 1784 2453
550 1078 1440 2041 2725
571 1137 1574 1938 2494
142 145 161 193 149
180 187 182 191 170
133 191 105 162 162
182 157 148 113 125
136 193 166 196 112
126 150 190 114 186
107 141 118 121 168
119 196 114 109 112
126 199 172 100 187
123 113 150 127 135
171 161 179 104 187
141 183 157 171 151
144 125 161 149 185
105 171 132 194 104
87 40 60 126 41
0 0 2 3 0
1 1 1 2 1
0 0 2 1 2
0 0 0 2 0
0 0 0 0 1
1 0 0 0 1
0 0 0 1 1
0 0 2 0 0
0 3 1 0 0
1 0 1 0 2
0 2 2 0 0
0 0 0 0 1
0 4 0 0 0
1 0 1 0 0
