14 5 2
543 1297 1973 2626
742 1491 2033
460 1108
569
773 1373 2396 3015 3768
784 1137 2067 2561 3445
720 1326 2270 2930 3589
720 1170 2340 3005 3490
746 1223 2290 2797 3855
827 1166 2439 3047 3782
737 1162 2009 2828 3552
814 1274 2141 3082 3605
777 1217 2334 2858 3804
691 1320 2177 3030 3641
780 1346 2133 3107 3526
729 1284 2429 2652 3296
757 1239 2008 2836 3787
814 1129 2332 2607 3462
178 170 143 192 176
101 127 191 192 190
151 168 155 141 188
107 177 153 111 142
198 193 131 131 173
101 176 142 139 184
177 125 198 105 105
128 183 195 199 121
166 164 123 156 187
160 152 117 130 158
140 196 146 104 172
137 190 120 127 131
195 157 172 130 119
104 132 155 154 104
88 67 48 132 30
2 1 1 0 1
0 0 2 0 1
0 0 1 0 0
1 0 0 0 0
1 2 0 1 0
0 0 0 0 2
1 0 0 2 2
0 1 1 1 0
0 0 0 0 1
2 0 3 1 0
2 0 0 0 0
0 2 0 0 0
0 1 1 0 3
1 2 0 1 1
