14 5 2
493 1206 2259 2129
762 1282 1895
679 1123
431
738 1439 2309 3125 3612
854 1644 1989 3015 3839
818 1451 2159 3141 4297
885 1395 2200 2939 4008
878 1547 2245 2866 4062
791 1429 2176 2939 3856
890 1639 2200 2870 3658
795 1651 1965 3365 4170
779 1606 2096 2908 3656
853 1636 2349 2931 4138
863 1499 2177 3283 4100
835 1405 2294 3220 3992
740 1609 2010 2930 3621
876 1636 2278 3336 3739
175 164 136 164 141
163 133 123 177 132
102 130 192 186 166
152 144 189 119 191
129 118 119 149 107
184 184 110 166 125
142 124 121 147 181
109 102 180 111 164
101 129 102 198 155
101 116 100 162 131
141 181 113 156 120
102 190 149 128 130
146 137 172 172 125
136 159 199 146 108
42 120 24 52 93
2 0 5 0 0
0 1 2 0 0
1 1 2 0 1
0 2 0 0 2
1 0 0 1 0
0 1 1 0 0
0 0 1 0 0
0 0 0 0 1
0 0 2 1 3
1 0 0 1 0
2 2 0 0 1
0 0 0 0 0
2 1 0 1 3
1 0 1 2 0
