14 5 2
294 1485 1784 2526
1193 1313 2885
434 1607
1184
915 1299 2592 3116 4377
965 1404 2642 3238 4639
859 1311 2553 3417 4351
915 1289 2377 3382 4351
941 1268 2419 3581 4631
899 1301 2276 3246 4375
794 1368 2487 3290 4102
843 1302 2280 3146 3891
956 1484 2618 3466 3906
912 1451 2224 2976 4251
872 1485 2678 3052 4639
870 1454 2587 3290 3797
949 1352 2501 3007 4021
842 1467 2366 3470 4443
116 106 150 157 143
160 122 188 187 171
121 135 106 143 150
140 171 120 177 105
131 137 128 133 173
133 165 127 143 128
131 101 111 141 129
164 182 154 150 128
153 142 153 198 122
152 148 162 123 196
108 162 143 156 187
148 179 146 140 156
114 163 152 137 171
108 129 156 156 197
113 57 24 119 65
2 0 0 0 0
1 1 0 0 1
1 1 1 2 1
0 2 0 5 0
0 2 0 0 1
2 1 1 1 1
2 0 0 0 1
1 0 1 0 0
1 0 0 0 0
0 0 0 0 1
0 0 0 2 0
0 1 0 0 1
0 1 1 0 0
0 3 0 0 1
