14 4 10
369 862 1566
516 1168
531
666 1138 1810 2466
686 1119 1891 2476
703 1257 1793 2492
693 1201 2025 2666
697 1235 2020 2875
707 1181 2099 2813
656 1159 2001 2640
760 1128 1946 2481
660 1188 1927 2824
722 1234 2050 2495
733 1122 2075 2743
681 1063 1896 2892
675 1189 1824 2799
712 1276 1729 2981
35 29 43 37
28 36 43 44
46 25 34 46
49 35 43 43
40 33 43 47
35 29 28 46
45 34 43 28
50 42 45 34
48 30 30 37
29 47 36 32
47 45 42 47
49 29 33 31
28 27 46 39
42 31 28 41
1 12 27 19
9 9 10 5
5 7 12 10
7 12 13 15
9 7 16 22
5 16 5 16
16 6 7 17
17 8 3 8
10 11 7 10
11 25 23 16
8 14 8 12
10 6 8 9
12 7 3 5
11 0 12 5
6 17 11 18
