14 4 10
375 942 1662
665 1396
526
746 1199 2013 2762
789 1308 2151 2537
792 1381 1866 2745
833 1358 2094 2467
691 1247 1968 2658
717 1412 1865 2616
743 1322 1912 2874
805 1390 1937 2915
766 1273 2046 2692
798 1265 1886 2867
799 1413 2100 2813
795 1176 2177 2921
822 1331 2125 2869
767 1314 1804 2762
39 30 25 35
33 46 26 30
42 32 44 45
49 31 32 45
47 39 41 35
30 29 33 30
50 46 28 38
33 36 30 35
27 47 28 42
44 39 38 34
49 49 47 47
34 48 43 42
39 37 39 31
45 48 39 46
5 8 42 9
7 12 10 21
14 13 11 12
4 12 7 12
8 11 16 11
19 11 4 6
12 19 9 18
4 10 4 7
16 7 13 12
7 4 11 9
16 12 13 9
8 6 7 10
7 7 6 16
10 9 2 5
7 17 10 14
