14 4 10
505 896 1622
510 1162
790
815 1350 1931 2818
885 1414 2161 2759
809 1324 2009 2933
792 1566 1952 3055
875 1456 2037 2904
735 1498 1947 3191
852 1500 2043 3340
827 1570 1855 3201
768 1491 1915 2956
742 1546 1842 3224
880 1336 2188 2814
861 1547 1829 3198
781 1434 2154 3098
867 1590 1837 2750
40 25 30 26
37 28 42 32
38 44 32 27
30 27 41 27
31 46 41 44
39 39 31 32
41 43 30 37
33 48 25 41
25 42 30 27
29 40 33 30
32 33 32 26
29 37 29 47
30 38 39 37
25 36 26 35
40 1 40 9
6 7 19 4
16 16 12 9
9 18 13 18
4 12 7 11
15 8 7 10
6 9 15 14
10 9 10 6
9 13 11 5
14 8 14 8
12 14 10 5
12 15 2 19
11 7 14 12
8 13 10 11
7 5 16 13
