14 4 10
675 948 1949
229 1430
1182
714 1512 1764 3093
746 1464 1918 2695
790 1518 2042 2973
805 1298 1800 2856
671 1281 1775 3153
734 1465 1938 2703
745 1275 2074 3127
697 1509 1964 3125
736 1264 1984 2821
704 1355 1797 2767
721 1363 1751 2670
777 1391 2064 3000
777 1274 2039 3135
737 1256 2004 3037
40 44 46 38
45 42 29 28
25 39 32 43
28 43 33 26
48 40 49 45
47 30 29 37
49 30 47 46
32 30 31 36
47 33 26 39
49 44 36 41
35 28 50 34
42 27 41 37
48 34 39 50
50 45 36 36
1 1 7 21
8 4 9 12
7 10 8 14
7 4 13 6
13 7 10 11
14 9 4 6
10 10 7 5
7 5 7 4
13 16 15 5
18 12 8 13
15 9 9 4
7 5 11 12
6 6 2 10
6 8 5 7
14 7 14 5
