14 4 10
715 1579 1630
849 1007
380
847 1670 2575 3056
886 1779 2389 3630
997 1789 2799 3655
858 1637 2591 3394
905 1756 2590 3654
992 1552 2362 3289
861 1806 2682 3351
934 1536 2653 3608
992 1616 2640 3603
865 1742 2604 3380
924 1805 2836 3551
836 1567 2686 3331
958 1706 2840 3415
820 1691 2700 3563
43 28 34 45
31 31 32 38
28 33 34 43
34 26 50 33
49 36 28 44
38 35 30 46
31 43 27 38
33 30 43 29
42 33 38 37
35 32 38 48
37 30 45 30
29 26 45 42
46 47 27 37
41 47 26 44
25 16 23 2
24 4 7 0
7 11 14 4
9 13 11 12
19 8 15 16
18 13 11 11
8 3 10 9
15 16 8 14
11 16 9 12
12 9 8 17
9 11 6 8
4 7 20 5
6 8 5 16
7 11 9 11
12 13 10 11
