14 4 10
359 917 1208
545 817
379
624 1119 1713 2222
635 1139 1626 2331
598 1125 1862 2142
588 1125 1795 2497
666 1072 1722 2325
695 1108 1577 2337
573 1137 1821 2167
686 1100 1679 2279
624 1071 1720 2060
650 1077 1900 2328
647 1056 1836 2100
607 1100 1733 2384
690 1222 1609 2416
610 1164 1851 2185
27 44 32 35
30 39 35 37
30 37 27 27
37 31 41 30
36 49 50 33
37 47 30 38
36 37 37 28
32 40 50 27
42 33 25 43
34 29 48 32
42 43 36 46
32 28 26 39
43 40 49 44
29 41 49 45
12 3 45 0
7 4 17 10
4 17 3 12
12 14 8 7
19 2 6 7
11 6 18 11
10 5 8 10
17 11 9 8
8 3 7 10
8 11 23 16
9 10 27 15
2 8 10 7
8 15 5 10
6 12 8 11
21 25 6 10
