14 4 10
514 848 1560
344 1073
770
781 1473 1871 2961
709 1369 1695 3049
726 1514 1990 2575
703 1300 1732 3036
782 1257 1879 2643
682 1425 1885 2673
683 1484 1803 2654
710 1462 1982 2789
666 1506 1982 2619
770 1452 1830 2983
643 1470 1965 2857
659 1525 1762 2610
701 1340 1668 2940
687 1442 2005 3008
44 32 31 43
33 48 32 41
28 44 44 44
49 31 28 36
34 49 44 48
34 26 43 32
40 38 49 46
35 40 48 26
40 44 35 46
31 40 26 38
39 50 33 39
35 39 38 42
46 49 34 45
26 25 42 42
40 4 2 23
6 7 6 4
9 9 5 10
10 12 12 8
8 12 9 9
4 2 21 7
13 14 15 8
8 7 11 10
3 15 20 17
5 10 8 7
8 7 9 4
13 14 14 14
12 6 12 13
13 24 7 12
9 13 8 11
