14 4 10
577 1110 2622
391 1894
1469
1025 1811 2363 4291
1017 1782 2514 3973
976 1900 2552 3929
1019 1859 2330 3719
932 1839 2327 4275
931 1890 2615 3926
1020 1822 2501 3700
984 2047 2729 3775
890 1784 2473 4172
1070 1842 2324 3611
938 1967 2424 3615
889 1742 2308 3925
897 1922 2581 4316
1030 2001 2366 4115
46 40 40 30
28 50 25 40
42 33 48 27
28 45 28 35
41 31 31 50
45 40 29 37
45 33 49 47
30 26 34 35
47 41 25 25
29 43 50 31
32 36 27 38
25 28 44 44
43 25 30 37
28 31 47 44
31 8 23 18
18 11 14 12
7 11 7 5
10 14 10 13
10 14 16 4
8 22 10 9
4 4 12 7
10 14 4 7
8 16 12 6
14 5 9 9
6 6 7 6
9 8 10 7
3 12 24 10
11 15 9 8
5 2 6 11
