14 4 10
528 988 1267
519 1017
361
621 1210 1850 2347
621 1034 1765 2047
606 1225 1925 2309
593 1195 1869 2019
630 1112 1914 2319
613 1030 1762 2128
603 1075 1995 2139
634 1239 1903 2003
633 1033 1661 2314
563 1185 1775 2008
615 1213 1936 2004
607 1104 1776 2320
652 1102 1818 2274
623 1209 1795 2094
33 34 36 42
44 38 32 36
50 29 40 36
31 46 49 31
30 45 35 38
25 41 27 41
50 45 35 46
50 46 45 48
33 30 40 47
45 41 30 37
50 30 42 28
27 28 29 32
41 25 30 28
46 33 41 44
16 12 2 23
9 11 10 9
5 10 7 6
13 8 8 8
7 8 1 7
4 11 14 15
14 11 11 20
5 10 3 19
6 7 9 10
7 7 7 16
10 14 7 7
16 20 8 7
14 9 7 10
5 5 12 4
6 7 11 10
