14 4 10
426 1063 1458
536 1364
626
626 1106 1751 2547
597 1154 1671 2215
636 1052 1742 2382
621 1026 1829 2338
559 1074 1755 2499
637 1022 1674 2593
635 1105 1630 2484
610 1094 1630 2472
614 1180 1633 2318
586 1109 1780 2583
585 1216 1620 2165
552 1088 1654 2280
554 1006 1743 2282
543 1135 1614 2190
50 41 28 36
37 34 48 45
32 29 26 34
45 32 25 50
42 29 35 38
50 26 50 45
48 42 47 47
41 50 32 36
39 42 34 29
38 38 36 47
38 48 27 46
33 31 26 26
41 49 31 32
46 31 44 26
19 13 18 24
8 17 13 10
15 15 10 8
21 11 6 7
11 8 12 14
6 4 13 10
15 6 10 9
8 10 7 7
13 10 18 17
13 21 9 6
2 19 8 13
10 14 8 7
8 8 1 9
8 14 10 10
14 3 8 3
