14 4 10
300 898 1468
419 1024
565
713 1100 1671 2278
636 1071 1787 2487
697 1130 1875 2405
629 990 1694 2656
737 1021 1931 2467
618 1051 1894 2622
657 1076 2012 2479
723 1100 1994 2462
605 946 1977 2623
730 1046 1777 2463
659 1116 1698 2303
731 1153 1844 2542
682 1121 1891 2416
722 969 1696 2672
48 37 30 36
35 26 39 43
47 46 31 37
41 39 38 32
34 44 49 44
37 37 48 47
43 33 27 34
28 35 31 42
49 34 44 39
29 48 30 33
37 28 45 37
35 30 25 25
33 47 30 50
26 43 48 42
22 32 31 7
8 10 10 5
4 10 7 17
5 5 8 10
10 12 12 14
16 5 11 4
13 12 10 5
13 12 2 11
15 8 11 3
11 13 9 13
11 14 5 8
13 3 15 16
5 18 10 3
14 7 5 14
6 7 7 6
