14 4 10
361 706 1380
248 949
723
623 1136 1457 2241
614 1163 1621 2423
525 1039 1591 2153
572 1076 1499 2229
534 1196 1436 2133
559 1147 1580 2086
603 1178 1530 2484
631 1014 1493 2091
585 1200 1411 2196
592 1178 1649 2469
602 1155 1601 2331
537 1002 1664 2467
544 1173 1447 2532
567 1027 1405 2292
28 50 48 30
36 29 32 32
36 41 50 47
50 49 31 45
27 40 36 35
32 45 25 45
32 32 44 43
33 33 38 38
29 49 36 32
35 44 36 43
29 34 37 35
30 49 31 35
45 37 33 28
45 29 33 39
19 36 19 24
7 16 9 11
7 7 19 13
10 9 16 18
17 14 26 3
7 11 14 27
13 11 1 9
14 1 7 6
15 9 17 20
3 10 12 4
16 17 7 4
23 16 8 10
9 7 8 12
8 8 5 5
9 13 5 8
