14 4 10
223 750 1175
606 1002
448
534 782 1522 2015
484 827 1599 2000
476 842 1598 1855
504 836 1595 2002
530 778 1510 2029
501 887 1637 1927
489 797 1644 1802
534 866 1438 1876
512 739 1591 1729
499 895 1412 1837
467 753 1565 1911
467 868 1545 1971
560 858 1620 1822
546 747 1397 1964
48 35 30 32
31 38 40 48
32 32 34 36
43 47 44 32
39 46 48 39
39 42 31 31
34 25 49 39
46 42 25 28
28 44 33 49
26 36 32 32
46 39 48 35
49 46 45 32
37 26 30 42
44 27 31 35
27 45 22 1
9 8 11 14
6 13 10 12
10 13 13 7
10 4 10 9
10 21 7 13
4 8 8 7
21 15 10 6
7 11 2 9
13 14 15 5
5 15 11 10
6 8 21 5
7 12 6 4
15 9 15 11
5 13 6 15
