14 4 2
540 986 2055
481 1332
840
635 1217 1799 2851
724 1166 2020 2638
712 1078 1770 2820
733 1179 1787 2462
700 1226 1998 2839
686 1054 1743 2744
732 1194 1974 2429
722 1087 1761 2724
733 1194 1996 2525
667 1222 1890 2604
737 1125 2018 2735
673 1153 1961 2738
687 1186 1699 2553
667 1252 1725 2741
10 10 5 8
6 10 10 6
6 8 9 8
6 6 5 5
7 7 8 8
6 10 5 7
8 9 10 9
8 6 9 7
8 7 9 8
5 8 5 10
6 5 10 7
9 8 9 9
9 10 6 9
5 9 5 10
8 7 0 5
2 3 5 1
4 3 2 0
5 0 0 3
1 0 1 0
2 0 3 2
7 6 0 2
0 3 3 7
0 0 1 0
2 1 1 3
1 2 4 0
3 0 2 1
0 4 0 0
1 1 0 0
3 1 2 3
