14 4 2
474 1276 2014
663 1794
1020
746 1362 2224 3393
762 1198 2119 3151
852 1206 2161 3472
848 1368 2250 3163
819 1186 2207 3219
772 1311 2438 3164
886 1341 2270 3285
751 1164 2239 3045
781 1257 2447 3304
884 1289 2139 3318
761 1340 2162 3261
891 1313 2079 3136
770 1220 2293 2998
832 1227 2175 3524
6 5 9 5
8 7 10 5
10 5 7 7
9 7 9 8
10 5 7 6
8 7 8 8
8 6 8 6
5 5 10 9
6 7 7 7
6 5 9 8
7 6 9 7
9 9 10 10
7 6 6 6
6 8 9 7
13 1 0 1
4 1 2 1
0 4 0 1
0 0 0 3
0 1 1 2
1 1 3 1
1 1 1 0
3 3 3 3
2 3 0 3
1 1 2 0
3 1 2 4
2 2 0 1
4 6 2 2
2 0 1 6
2 0 0 4
