14 4 2
718 1607 2528
781 1707
1014
929 1721 2708 3914
1041 1615 2565 3931
865 1516 2264 3626
968 1563 2459 3554
934 1708 2471 3716
858 1737 2478 3887
926 1491 2702 3945
917 1440 2425 3476
917 1485 2402 3549
970 1439 2336 3700
920 1568 2307 3359
910 1492 2487 3914
895 1725 2625 3598
983 1464 2316 3489
6 5 6 5
5 9 6 6
7 10 9 10
8 10 6 8
8 7 7 5
5 7 10 10
7 8 6 5
10 10 10 10
9 9 8 6
8 8 8 6
7 5 9 9
7 6 8 10
6 10 5 8
10 7 9 6
1 2 1 0
6 3 0 5
1 1 1 0
1 7 4 4
1 1 2 1
0 1 0 4
1 2 1 0
3 1 2 5
0 4 3 2
3 4 2 1
2 4 2 5
4 2 4 4
0 0 1 4
5 5 1 0
4 1 0 4
