14 4 2
904 1604 1781
643 892
338
971 2008 2853 3269
903 1917 2474 3463
966 1800 2721 3508
897 1853 2474 3138
971 1866 2753 3497
903 1686 2610 3505
918 1819 2714 3182
979 1711 2812 3736
921 1950 2784 3163
888 1917 2788 3371
875 1752 2827 3498
917 1782 2842 3639
897 1878 2687 3333
908 1649 2457 3475
10 6 8 10
6 10 6 5
8 6 8 10
8 8 5 9
7 8 7 10
7 7 5 8
7 9 6 6
10 6 7 5
5 6 7 9
10 10 5 10
10 10 7 5
10 7 7 8
6 5 10 6
9 10 10 9
2 1 0 2
0 0 1 7
1 1 1 5
1 2 1 0
1 0 1 3
2 5 1 0
0 0 1 3
1 4 0 1
2 1 2 3
1 2 1 4
2 4 8 4
2 0 4 2
2 0 4 0
2 2 0 1
0 1 2 0
