14 4 2
428 713 1889
509 1364
995
623 1077 1631 2719
611 1031 1608 2771
644 1036 1854 2760
709 1200 1628 2625
680 1136 1737 2320
675 1230 1902 2728
708 1167 1907 2290
657 1202 1900 2577
613 1098 1814 2544
729 1161 1606 2434
680 1132 1895 2499
655 1126 1839 2464
648 1010 1738 2707
630 1040 1805 2776
5 8 5 10
6 7 7 8
7 9 8 7
5 8 8 8
9 9 8 10
7 5 10 6
8 7 9 5
10 9 7 10
7 10 7 9
6 8 9 5
5 10 10 7
9 8 10 7
7 9 9 6
8 7 5 8
2 7 5 3
0 3 1 2
1 0 1 3
0 2 3 1
1 2 1 5
4 1 0 1
0 0 3 4
6 3 3 0
0 1 1 0
1 1 2 0
3 0 0 1
4 1 1 5
0 3 2 3
1 3 1 0
2 0 1 1
