14 4 2
347 1334 1798
713 1608
716
817 1273 2238 3160
863 1250 2098 3326
716 1139 2234 2818
782 1134 2327 2879
868 1324 2179 3215
764 1322 2119 3152
798 1202 2394 2859
737 1144 2092 3176
861 1124 2391 3386
731 1121 2202 2855
734 1116 2073 3160
794 1175 2141 3283
777 1265 2370 3242
779 1316 2427 3394
8 7 8 5
6 9 5 9
7 9 6 6
6 10 10 7
7 10 9 9
7 5 9 10
10 10 5 9
8 9 10 6
10 10 6 8
5 8 7 6
5 6 8 8
10 6 10 10
7 8 7 5
10 7 5 9
6 4 0 4
2 1 0 3
0 0 1 1
7 3 0 0
1 0 4 1
2 0 2 0
5 7 3 0
1 6 0 2
2 3 7 1
4 5 3 8
0 0 2 2
1 3 5 2
2 3 9 2
4 1 0 3
5 2 0 2
