14 4 2
296 1102 1408
707 929
282
612 1008 1828 2188
670 1121 1544 2261
645 1099 1566 2322
573 1105 1717 2294
677 1166 1857 2270
612 1166 1617 2227
619 1036 1581 2378
648 1116 1796 2381
582 1068 1659 2556
672 1169 1793 2348
613 1103 1828 2320
654 1037 1780 2156
621 1056 1550 2164
646 1033 1809 2510
5 6 5 9
9 9 9 8
5 5 10 6
5 9 8 9
8 6 9 6
8 7 9 7
10 6 10 7
8 5 10 8
7 9 10 7
10 10 5 5
8 7 9 8
6 5 9 6
7 8 6 10
8 10 8 9
3 3 3 1
1 2 4 1
2 0 3 1
4 2 2 3
1 0 2 3
1 1 0 3
3 0 2 0
4 1 5 2
0 0 3 3
0 1 4 3
3 2 0 1
3 0 0 1
3 1 3 4
0 2 1 1
2 1 1 3
