14 4 2
404 749 1503
300 951
596
523 1072 1394 2131
586 1027 1300 2037
565 1102 1276 2336
493 1144 1287 2349
511 1087 1402 1966
522 1153 1433 2199
551 1152 1423 2195
555 1099 1374 2242
533 985 1382 2288
526 1123 1270 2081
575 1010 1338 2100
553 1125 1466 2087
518 1119 1364 2268
557 981 1498 2162
7 7 8 10
5 10 6 9
6 5 7 5
7 7 6 5
10 8 8 9
7 9 7 7
9 8 6 7
6 8 10 5
7 5 8 10
8 7 10 7
8 6 8 10
10 9 10 6
8 10 6 9
6 8 8 6
8 9 0 3
3 0 0 2
0 0 2 3
2 1 5 3
1 5 1 0
3 12 0 2
2 3 4 5
0 1 1 2
1 2 0 8
1 0 1 2
1 2 1 0
1 2 0 2
1 3 1 3
1 4 1 0
0 2 0 1
