14 4 2
719 1092 1760
524 1237
761
900 1673 2371 3317
887 1848 2342 3908
1000 1861 2284 3851
928 1638 2493 3451
951 1736 2204 3484
1016 1642 2203 3372
941 1840 2596 3688
939 1600 2604 3420
1032 1720 2300 3392
975 1688 2425 3406
978 1924 2461 3807
894 1697 2516 3417
1025 1847 2215 3346
971 1596 2374 3924
5 8 6 5
9 10 9 8
6 6 5 9
9 10 9 5
7 5 10 6
6 7 10 6
8 8 7 6
9 5 7 6
6 5 5 8
9 7 5 5
10 7 8 7
6 5 10 6
10 10 5 7
5 8 9 7
4 11 2 2
1 0 1 1
1 2 1 1
1 1 0 6
2 1 5 3
3 3 0 3
2 1 3 3
1 1 2 1
3 1 1 5
0 4 0 1
1 4 1 1
1 1 6 2
0 0 2 1
1 2 1 1
3 3 1 0
