14 4 2
426 1013 1723
641 1218
378
634 1101 2006 2540
634 1247 1863 2489
687 1193 1976 2536
645 1182 2236 2506
678 1284 2060 2323
628 1246 2015 2530
672 1283 2154 2371
638 1092 1874 2743
646 1285 1970 2515
660 1269 1987 2759
744 1300 1978 2765
713 1189 1962 2586
688 1144 1852 2627
653 1191 2113 2420
7 6 7 5
7 5 8 5
5 9 8 5
5 8 8 8
10 6 5 6
10 10 8 7
8 10 7 5
7 7 8 7
9 6 8 5
9 9 10 5
8 6 8 6
9 6 8 6
8 6 8 10
8 5 8 6
5 5 6 3
5 0 4 1
4 1 4 0
9 2 1 2
0 1 1 0
4 0 2 0
0 0 0 1
3 7 4 2
1 1 3 0
0 2 1 2
2 0 4 3
4 4 3 1
2 1 0 3
1 2 0 3
2 0 2 2
