14 4 2
563 933 1834
521 1210
878
739 1345 1917 3073
743 1372 1884 2713
790 1554 1932 2822
777 1408 2168 2645
695 1468 2126 2895
740 1534 1901 2809
676 1423 1920 2690
719 1461 2103 2756
707 1405 1901 3064
761 1395 2126 2768
763 1560 2172 2981
787 1464 2172 2825
739 1414 2196 2771
672 1584 1911 2688
9 7 7 10
8 10 7 10
10 5 6 9
5 6 7 7
7 9 5 6
5 9 8 8
5 9 8 7
9 5 6 7
10 9 7 6
10 8 9 7
6 5 9 8
8 8 6 9
7 5 5 5
9 9 5 6
6 9 4 1
3 1 3 2
3 1 3 2
0 2 5 3
2 4 2 2
0 2 5 4
4 1 1 0
8 2 4 0
1 4 1 1
4 0 1 2
0 2 1 2
1 9 0 2
0 0 1 2
0 3 3 2
1 1 1 0
