14 5 15
369 1006 1015 1672
546 869 1229
153 754
702
496 930 1660 1848 2596
474 889 1631 1868 2679
498 875 1411 1937 2342
554 989 1510 2039 2268
504 958 1587 2046 2482
489 982 1543 1883 2456
550 892 1625 1735 2316
511 982 1554 1926 2736
502 985 1567 1890 2683
551 897 1575 1869 2736
565 997 1490 1879 2636
487 913 1460 1941 2341
575 860 1494 1785 2697
505 945 1413 1755 2628
198 136 176 110 131
183 127 100 165 128
101 123 164 185 185
117 199 161 149 135
114 103 186 146 198
185 155 131 178 192
180 170 152 167 125
153 153 161 145 103
110 182 134 190 176
169 148 173 153 132
101 106 166 170 137
163 160 115 172 179
108 169 133 185 175
175 111 162 154 133
12 192 28 190 1
5 7 8 4 3
8 3 1 7 4
2 8 6 5 3
1 3 7 8 4
6 4 7 1 1
2 0 2 5 4
4 6 10 8 2
5 5 7 7 2
3 3 7 3 3
7 5 3 1 6
6 2 4 11 3
6 2 5 0 1
2 5 2 4 6
3 6 1 6 5
