14 5 15
319 762 1431 2449
489 1027 1911
455 1184
770
607 972 1658 2161 3198
625 1050 1624 2436 2996
604 1092 1884 2248 2830
631 1106 1723 2408 3167
570 1043 1649 2339 3156
635 1113 1657 2249 3184
563 1057 1813 2273 2860
671 997 1847 2124 2747
601 1039 1677 2135 2922
667 944 1835 2325 3161
578 944 1877 2248 2793
572 975 1708 2182 3066
667 1044 1590 2335 3074
627 1103 1755 2254 3008
114 148 169 178 115
192 196 186 160 199
151 116 109 167 171
186 134 133 136 101
185 121 177 154 191
141 155 194 145 117
147 199 122 186 115
199 122 171 162 137
140 179 123 175 165
167 132 119 197 107
173 180 149 174 170
144 137 130 168 160
164 190 181 165 117
174 154 125 148 181
194 145 68 47 37
9 4 4 5 4
1 2 5 4 1
8 5 8 3 2
5 6 1 3 3
7 7 0 2 3
11 6 5 8 1
2 6 3 6 11
10 4 5 6 10
10 1 3 7 4
5 6 6 5 4
5 4 6 5 8
2 7 10 3 5
2 4 4 7 7
4 6 10 2 6
