14 5 15
356 964 1440 1491
452 1084 1111
591 762
244
675 1133 1715 2390 2673
661 1215 1833 2553 3009
593 1072 1945 2546 3095
641 1092 2039 2524 2687
614 1157 2020 2636 2801
672 1227 1840 2191 2737
573 1215 2025 2654 2740
576 1058 1900 2362 2835
584 1123 2003 2310 2999
623 1096 1996 2280 2774
684 1169 1855 2254 3194
673 1079 1794 2367 3181
574 1006 1881 2362 2691
591 1018 1880 2546 2824
166 134 181 123 101
200 187 129 150 138
181 118 108 129 145
117 106 196 129 109
135 188 101 178 200
161 125 172 104 148
144 185 134 114 182
141 110 169 145 177
196 138 123 106 143
107 152 129 113 173
173 184 107 126 169
147 132 144 176 165
164 132 151 157 134
172 181 104 144 175
22 29 101 12 95
9 1 9 2 8
4 3 6 7 5
3 1 5 10 1
5 5 2 5 5
4 0 7 5 9
3 5 3 7 9
1 7 1 6 8
8 3 4 6 3
6 4 4 5 6
0 3 5 1 5
4 4 3 3 8
2 4 1 6 6
6 5 8 4 3
2 4 3 10 8
