14 5 15
475 915 1508 1902
286 992 1783
698 1357
703
602 1231 1611 2392 3308
731 1329 1779 2224 3343
719 1291 1791 2301 2945
673 1286 1686 2445 2880
656 1188 1862 2127 3276
730 1168 1924 2287 2947
682 1351 1630 2181 3180
655 1245 1935 2445 3132
711 1335 1811 2209 3379
633 1223 1777 2257 3175
682 1284 1608 2511 3205
694 1293 1792 2348 3383
613 1354 1921 2316 3260
709 1257 1607 2419 3109
159 127 108 192 117
150 200 173 183 106
134 130 188 187 115
174 111 141 141 124
149 136 187 196 124
168 102 131 141 116
159 132 140 114 128
105 126 127 200 174
146 112 133 112 110
182 119 155 190 100
176 136 116 187 159
106 182 126 111 114
171 135 122 134 192
187 197 104 169 194
45 116 39 124 68
5 4 10 2 9
7 5 1 9 3
6 6 5 6 5
4 8 5 3 4
8 5 3 11 2
7 4 4 1 5
7 2 1 5 6
7 4 6 2 7
8 3 1 3 7
5 7 4 6 6
5 3 10 4 6
10 5 6 2 1
8 8 8 3 2
6 10 4 2 3
