14 5 15
417 941 1531 1697
537 926 1296
560 929
463
682 1238 1874 2486 3074
654 1220 1949 2623 3109
688 1128 1776 2512 2906
698 1271 1785 2448 3331
624 1143 1973 2397 2860
696 1199 1681 2632 2939
618 1273 1870 2597 3375
699 1272 1864 2431 3146
668 1309 1682 2680 3063
648 1210 1770 2367 3315
713 1110 1969 2327 3019
689 1176 1775 2686 3319
670 1089 1875 2586 3213
650 1195 1901 2507 3303
112 139 156 173 158
137 151 180 134 120
155 168 103 186 133
160 146 140 196 147
112 136 100 149 120
144 102 194 146 186
136 171 152 132 168
149 187 186 154 151
118 146 163 188 171
129 135 154 130 173
139 105 176 112 146
124 190 169 117 197
138 173 180 176 182
134 174 120 154 186
0 74 259 27 7
2 4 9 8 3
5 5 5 1 0
8 6 2 5 4
5 1 4 4 3
4 3 7 4 12
4 12 9 3 3
4 7 2 8 6
5 5 4 8 3
5 3 0 8 4
5 10 3 2 5
6 8 4 1 5
4 8 3 4 3
8 2 1 10 2
2 4 2 8 4
