14 5 15
214 838 1357 1799
604 1246 1371
599 985
446
586 853 1499 2168 2700
529 923 1589 2289 2579
605 949 1619 2063 2693
604 890 1464 2091 2977
580 879 1356 1881 2909
498 935 1442 2045 2723
568 972 1618 2237 2468
541 870 1624 1887 2469
589 955 1415 2040 2867
498 975 1405 2290 2944
551 926 1359 2119 2963
542 851 1464 2009 2852
592 982 1351 2287 2981
589 918 1525 1925 2696
120 152 170 100 142
144 180 113 185 189
182 108 146 147 119
190 195 141 157 185
101 104 100 162 132
100 166 133 179 150
129 140 152 178 198
183 139 126 138 174
162 106 167 155 138
129 168 169 101 155
164 144 126 129 138
166 123 123 110 160
159 200 124 116 175
100 149 195 143 113
29 21 167 22 86
6 9 5 7 4
7 3 7 1 4
1 7 7 6 0
5 5 9 4 6
6 6 3 4 4
13 1 9 8 3
4 5 5 9 4
3 7 3 3 3
4 4 7 9 13
3 4 6 7 5
3 7 7 11 2
3 3 3 6 11
6 2 3 8 4
7 7 9 4 8
