14 5 15
483 1420 1730 3134
839 1342 2039
423 1583
1072
713 1400 2489 2972 4221
768 1556 2208 3197 4196
805 1633 2162 2807 3764
841 1453 2237 3134 3546
809 1384 2145 3023 3613
769 1360 2451 2874 4009
789 1339 2288 3184 4187
728 1463 2259 2863 3859
807 1574 2170 2753 3478
847 1465 2378 2799 3926
713 1498 2229 2730 3735
708 1438 2150 2982 3500
855 1444 2534 2891 4075
815 1479 2180 2826 3507
166 153 162 182 120
111 180 149 148 126
151 162 157 120 199
165 185 156 146 147
144 164 147 194 159
152 123 187 199 111
133 174 114 154 122
116 115 108 166 117
111 107 199 141 130
131 120 125 129 193
159 102 138 177 136
169 172 134 120 105
111 181 187 170 124
123 140 137 105 197
197 11 7 114 92
3 7 2 2 2
6 6 4 5 6
4 3 6 4 3
4 6 5 4 3
2 9 3 3 3
9 7 3 11 8
4 9 4 0 2
8 7 4 6 6
4 4 7 2 4
7 5 3 7 9
3 3 3 2 1
1 7 13 5 5
5 4 2 6 4
3 6 3 8 8
