14 5 15
295 949 2090 1907
777 1405 2078
775 1341
374
762 1075 1997 3020 3453
727 1131 1958 2924 3405
699 1137 1968 2936 3762
769 1112 1792 2848 3333
745 1093 1796 2847 3824
718 1229 2090 2818 3541
644 1238 1909 2580 3510
669 1227 2072 2780 3863
739 1112 1924 2627 3325
695 1191 1862 2903 3678
651 1056 2020 2891 3420
774 1042 1862 2731 3738
737 1155 1939 2822 3438
743 1170 1837 3008 3831
104 173 104 114 183
197 176 128 134 165
176 184 155 125 150
183 188 118 115 192
108 135 145 133 146
141 199 179 166 178
153 142 133 101 162
178 119 195 146 168
191 200 161 100 164
122 195 179 196 163
151 138 193 119 109
145 143 166 115 100
139 121 126 158 170
125 194 197 178 134
247 78 57 80 7
3 5 4 3 3
8 5 4 4 5
4 6 0 5 1
6 7 6 5 6
5 5 6 3 4
3 4 9 4 10
6 7 8 0 12
3 3 2 4 7
2 6 2 3 8
4 5 1 8 9
5 5 4 5 3
3 9 3 3 8
6 3 4 4 6
6 3 4 2 4
