14 5 15
519 1270 1763 3425
586 1305 2958
872 1956
996
848 1537 2217 3291 4675
855 1714 2275 3346 4002
871 1565 2352 2918 4414
896 1783 2122 3411 4600
905 1719 2507 3086 4057
903 1854 2475 3415 3997
946 1646 2079 3038 4293
933 1570 2314 3440 4066
909 1739 2520 3125 4586
832 1588 2239 3428 4630
876 1821 2374 3519 4609
918 1649 2328 3416 4390
822 1641 2323 3127 4241
820 1592 2108 2918 4599
109 129 112 117 181
127 163 175 105 115
132 183 192 138 123
113 105 174 149 131
124 112 114 157 103
119 180 110 154 167
187 101 185 111 180
115 111 113 109 160
126 169 176 165 178
134 175 109 160 153
145 113 170 145 105
157 112 185 189 166
127 196 103 158 126
126 144 101 156 189
140 75 145 32 76
1 6 5 5 7
2 6 7 3 3
6 6 6 4 8
6 10 3 6 3
4 7 4 9 11
8 8 9 3 2
6 7 5 4 6
3 6 4 7 2
5 3 12 7 3
4 4 3 2 0
10 5 7 8 5
5 3 1 7 3
7 5 4 5 2
11 5 7 5 4
