2 2 10 1000
479
696 1235
716 1128
162 147
153 155
84 142
19 18
30 28
25 28
27 40
23 18
28 24
38 24
15 41
41 23
39 28
35 14
38 35
34 30
37 33
39 22
31 32
27 39
34 25
26 21
17 23
28 34
32 38
33 27
19 31
18 31
20 36
21 30
33 29
26 34
19 25
22 33
22 32
27 44
33 22
13 28
34 40
33 23
14 44
27 15
26 20
20 30
29 20
29 36
35 32
43 23
36 31
20 34
16 40
35 39
24 25
27 21
18 31
24 31
27 21
31 33
25 19
37 37
27 32
32 26
31 38
23 21
34 35
14 32
17 20
46 39
35 16
30 30
15 18
37 42
32 29
29 16
32 21
14 27
33 45
23 31
21 33
30 20
20 20
13 29
36 45
22 24
22 30
17 26
21 38
20 39
32 21
26 19
22 34
37 15
36 41
45 38
31 29
17 22
43 35
32 43
28 32
20 31
41 37
25 13
36 39
19 28
36 22
39 34
21 38
20 33
34 16
29 25
28 26
23 41
31 19
27 23
24 44
33 23
26 19
40 16
36 23
23 34
20 38
32 33
29 30
26 36
28 33
22 21
37 28
39 28
30 41
42 39
31 30
22 32
23 22
36 24
25 36
32 41
18 17
24 45
21 29
29 38
23 31
27 42
37 19
22 35
44 26
40 32
34 44
37 29
21 28
23 27
29 25
29 33
33 19
19 43
36 24
21 41
32 28
44 39
29 40
28 30
43 20
23 22
17 24
43 21
27 27
36 20
33 18
45 45
23 22
18 25
15 37
30 41
31 37
24 30
26 36
27 35
37 30
30 24
22 26
32 20
20 35
39 41
16 41
28 33
16 14
18 43
35 27
31 29
31 28
18 43
25 22
31 17
25 32
38 46
30 33
21 31
30 22
29 26
39 27
13 22
21 19
32 41
43 43
43 25
32 13
27 18
29 45
39 41
33 21
31 24
27 33
31 18
39 37
19 16
33 27
23 41
29 22
34 22
41 38
18 28
30 28
23 40
25 28
35 24
20 43
15 29
21 13
19 42
24 23
27 24
22 15
35 24
33 17
32 38
27 25
14 40
20 19
37 22
30 15
44 24
40 33
42 25
14 36
34 25
34 23
22 21
34 25
27 29
16 32
18 16
17 26
45 19
32 42
19 24
17 18
25 14
25 20
38 19
15 40
39 34
23 14
14 32
40 30
33 20
23 22
31 21
34 23
41 26
13 21
23 20
31 14
17 44
33 24
38 45
36 26
43 29
38 32
17 31
21 20
32 20
42 28
42 17
32 28
15 38
26 24
30 30
26 16
15 19
24 42
14 42
18 45
28 25
26 40
21 24
43 37
27 36
28 30
21 14
18 20
44 23
14 42
43 17
15 24
42 19
44 26
20 46
46 43
42 16
30 26
31 13
25 43
36 27
22 35
38 33
41 26
31 32
16 19
16 26
34 26
24 17
35 26
33 19
17 31
25 36
18 34
22 41
40 18
31 14
28 13
34 14
33 28
45 26
43 34
33 30
35 44
20 26
20 24
30 30
29 28
42 21
41 17
34 22
19 24
27 30
43 32
42 25
24 31
39 31
22 36
17 24
26 29
22 38
43 37
20 31
21 27
42 29
21 28
32 35
23 23
46 35
19 20
13 35
33 18
14 22
20 31
35 24
41 36
26 17
25 24
17 26
32 22
28 29
26 41
13 24
24 32
22 35
14 28
26 16
31 37
17 18
35 25
46 21
18 27
27 13
19 23
35 40
43 35
28 36
44 43
23 17
35 35
24 17
42 25
42 21
27 28
16 31
31 36
40 26
35 29
46 18
30 33
18 21
43 22
27 14
34 28
31 42
29 27
28 26
31 27
26 16
21 24
32 19
35 39
32 30
27 41
29 37
34 23
23 34
41 22
29 34
35 35
24 36
15 42
35 36
35 32
23 42
20 13
25 30
19 46
23 32
24 36
32 29
46 25
24 31
32 31
22 16
35 24
41 27
17 23
40 36
29 36
42 21
18 19
20 32
25 16
22 25
30 32
28 46
19 18
34 44
33 14
30 26
33 26
30 25
28 26
34 42
32 19
30 20
27 37
26 24
30 46
26 40
37 30
20 30
41 18
32 37
24 16
22 40
30 38
18 16
42 17
35 17
25 42
23 25
41 20
31 38
34 42
20 32
38 13
22 34
36 18
36 20
22 15
25 33
25 38
43 31
41 17
35 31
33 15
39 26
39 18
27 21
23 29
31 29
21 13
19 26
43 25
21 38
24 44
13 39
34 19
31 27
46 23
25 25
21 22
15 31
29 25
33 36
31 25
32 18
20 23
34 31
45 32
25 39
41 23
17 36
34 23
28 29
15 31
46 43
31 31
19 40
16 28
32 28
33 20
28 33
23 26
17 38
34 27
15 30
21 15
15 22
25 26
22 26
40 30
21 33
24 31
29 33
28 34
27 37
24 13
26 41
44 37
45 27
15 25
21 30
21 26
45 16
43 21
32 43
39 20
35 21
38 34
21 34
17 28
36 36
24 45
21 27
41 20
28 22
21 20
42 34
41 24
24 13
41 31
28 26
30 29
30 19
31 27
21 33
25 44
30 23
19 27
43 38
40 29
34 30
26 19
30 21
15 24
19 41
41 37
36 23
28 38
27 21
35 44
39 18
34 35
15 17
20 35
24 44
31 25
20 22
41 31
23 19
24 19
35 18
38 26
25 20
25 25
25 21
30 15
25 40
26 31
26 14
33 25
42 38
22 22
25 24
28 22
18 21
28 38
26 13
31 31
19 34
16 37
21 15
14 14
27 36
41 34
25 17
36 21
29 23
28 31
40 35
22 25
28 24
22 31
27 25
34 29
18 21
39 22
44 37
19 20
46 29
18 30
37 17
14 30
21 30
24 20
25 15
24 23
33 40
34 19
37 24
25 17
30 20
39 15
21 26
45 31
29 23
16 19
17 21
19 17
41 21
27 34
40 30
26 43
40 20
34 31
34 38
25 37
40 24
34 40
44 36
28 46
28 19
31 21
37 43
36 20
24 42
33 44
26 34
24 36
22 17
28 35
41 28
30 29
34 21
20 28
37 26
25 29
23 30
31 25
26 28
16 35
23 28
29 25
14 15
45 27
19 35
17 24
15 21
30 35
30 18
18 26
22 37
35 32
14 41
30 21
26 24
31 19
28 30
16 34
21 21
36 27
23 34
34 27
16 32
43 14
37 17
21 45
20 22
26 17
28 35
29 19
44 19
14 28
31 28
42 22
27 16
20 24
26 45
37 38
37 32
26 20
36 46
17 18
32 19
28 40
21 32
19 34
19 44
45 18
23 24
42 21
22 32
45 30
42 42
43 28
19 21
43 23
24 23
17 36
34 39
44 26
40 39
28 21
34 38
42 36
40 30
27 28
42 20
25 45
27 40
19 21
18 38
40 31
38 20
41 27
18 17
43 27
34 44
18 15
38 32
29 32
34 24
16 39
22 17
15 25
37 41
23 44
22 27
22 25
21 32
33 33
40 37
16 18
45 26
27 25
39 21
17 32
46 37
27 23
28 22
45 36
35 29
19 23
21 24
21 23
32 30
33 24
14 22
23 16
28 24
41 29
17 16
19 35
34 15
39 24
20 30
25 18
18 23
28 46
29 43
34 24
27 23
31 25
39 24
26 44
19 32
35 29
39 24
27 22
33 21
33 40
26 30
23 36
25 44
46 32
35 34
42 20
31 20
21 33
21 20
42 21
21 36
17 43
45 29
19 36
41 23
26 41
29 37
29 31
23 30
16 21
30 40
20 18
34 33
36 29
26 34
45 35
20 34
15 38
16 18
17 35
44 22
22 27
35 24
19 17
17 20
31 30
46 26
22 28
30 42
14 18
44 29
40 28
26 45
39 37
34 22
32 22
46 44
17 15
36 31
32 42
19 29
25 39
14 30
40 17
33 32
30 24
40 25
35 33
16 15
14 34
31 26
25 14
34 24
19 22
38 33
40 35
30 16
40 34
31 46
36 26
46 21
23 29
19 20
41 24
32 25
13 23
34 26
32 26
18 30
35 31
20 25
34 22
19 13
33 27
14 23
19 18
23 34
32 32
21 23
18 44
23 14
37 27
27 25
27 38
43 16
39 32
26 20
28 24
23 17
25 14
23 37
13 21
32 25
35 26
28 31
14 17
14 37
31 36
16 33
13 25
41 33
24 22
25 19
30 18
29 28
29 42
21 16
41 21
25 16
28 45
29 27
35 35
21 19
18 26
19 20
38 21
34 26
17 25
23 22
20 27
30 26
20 25
23 28
34 33
43 20
36 30
38 43
21 32
38 21
41 25
19 15
40 16
20 43
21 36
38 41
42 23
31 28
19 32
36 46
22 27
38 20
17 33
27 28
18 16
39 30
39 17
22 21
23 30
15 42
39 45
37 15
21 31
35 24
17 28
21 38
21 42
41 18
32 32
26 21
32 32
30 35
33 15
21 30
25 24
17 44
33 32
20 30
19 35
36 23
25 35
23 17
35 29
28 24
39 22
26 16
39 18
40 40
32 32
38 38
23 25
27 18
37 15
36 23
29 46
33 19
26 39
24 36
21 13
30 26
34 24
24 29
21 36
22 23
35 30
14 30
15 16
28 24
23 44
15 33
34 44
22 35
20 20
38 14
15 17
43 44
27 19
25 20
41 36
22 27
43 34
45 21
41 30
34 23
40 35
27 31
40 39
32 33
33 32
26 14
41 26
17 29
22 28
21 40
27 18
26 26
34 35
34 31
28 26
29 33
32 19
28 30
35 30
25 37
28 28
39 40
32 14
30 17
39 26
19 24
30 31
40 26
21 26
29 23
31 26
38 38
14 32
33 22
21 27
24 30
39 37
38 35
37 27
32 30
31 19
31 33
19 21
27 24
33 29
46 25
29 33
26 16
16 28
20 28
29 25
40 23
37 16
29 23
44 28
27 32
35 33
19 21
26 39
26 14
30 26
24 41
44 34
25 26
25 34
31 33
36 42
29 20
44 32
28 23
33 25
39 29
25 29
27 46
18 24
17 25
15 29
34 41
27 28
46 21
30 21
25 41
27 24
18 29
37 37
43 33
46 28
25 30
37 35
29 25
28 32
26 32
16 16
22 13
33 46
39 31
37 22
23 39
28 40
42 23
13 40
41 37
42 29
21 31
20 27
27 18
27 22
25 43
15 31
20 13
32 27
17 34
28 26
27 35
25 27
40 31
28 26
19 39
15 30
36 35
37 21
39 30
20 27
26 37
22 22
30 39
26 18
20 22
25 13
22 13
30 35
23 16
42 41
36 15
20 43
45 39
29 39
35 34
35 13
22 29
27 38
33 24
39 16
31 39
23 31
39 18
34 36
16 22
18 36
31 31
27 26
36 31
28 28
21 27
29 17
27 32
26 32
20 27
22 25
16 42
23 28
32 35
20 36
35 42
36 19
46 30
18 21
34 42
20 19
17 18
26 34
20 14
36 24
27 27
24 27
22 30
17 46
41 34
26 28
34 45
20 33
36 25
28 31
32 34
39 28
25 38
32 39
40 13
42 21
39 31
20 25
37 27
20 25
16 23
22 41
24 33
33 23
37 16
28 32
27 20
35 23
46 36
20 18
21 30
25 24
22 19
17 18
43 13
46 25
16 32
24 41
31 30
26 30
18 26
21 18
19 26
38 39
20 24
30 29
38 38
24 26
26 28
25 42
29 23
30 25
34 17
38 32
37 31
35 20
36 14
27 29
24 36
25 37
28 24
41 36
22 37
26 33
44 27
19 21
30 41
27 33
39 23
27 22
16 20
38 30
13 35
24 26
30 25
28 29
30 43
34 34
32 27
32 25
29 16
36 36
37 30
22 33
22 31
27 31
34 22
17 27
34 35
18 14
22 29
41 34
17 28
26 41
41 38
25 18
43 27
30 35
22 25
25 17
32 24
42 26
46 35
26 38
35 23
46 27
36 36
37 30
20 17
38 25
46 31
21 28
29 35
43 31
21 32
31 31
23 26
38 16
25 21
22 27
38 32
39 35
34 19
40 34
26 28
42 27
34 45
26 15
28 20
32 16
36 24
42 32
37 32
27 28
41 35
25 29
14 21
33 40
13 28
36 45
31 36
21 24
37 27
31 22
38 38
35 23
38 29
17 18
42 35
35 22
33 26
28 32
22 40
37 20
31 16
24 34
31 21
43 19
36 45
24 40
26 13
38 24
30 19
24 14
23 26
41 26
23 25
33 31
33 29
38 31
21 34
17 19
35 39
46 40
36 27
34 29
35 32
28 42
22 28
35 20
26 28
21 41
46 30
24 46
24 23
19 17
28 24
26 34
26 34
22 33
33 29
24 19
21 28
17 26
28 17
14 32
31 13
27 19
27 24
31 42
36 25
28 38
38 26
32 43
33 17
28 15
37 30
32 28
21 21
41 24
18 25
38 31
32 30
16 32
32 23
35 26
31 18
38 39
33 34
42 29
36 32
34 22
27 34
20 22
16 35
27 30
45 19
18 35
40 41
25 44
14 28
26 32
25 46
21 23
20 29
14 27
33 33
42 22
31 20
34 21
26 32
24 45
33 23
38 24
45 32
32 38
43 31
24 31
25 29
27 27
41 18
29 36
40 17
27 16
36 34
30 26
28 22
19 29
24 17
19 18
24 38
19 33
44 20
32 34
35 35
13 42
43 34
21 35
34 30
20 35
24 21
36 30
24 37
15 29
26 18
21 32
41 27
40 26
29 37
16 28
35 14
25 29
22 27
20 30
37 19
37 18
21 13
32 16
30 39
30 45
20 21
37 24
28 22
34 42
34 21
31 25
19 38
40 30
20 42
35 27
36 13
39 32
21 33
28 18
27 27
24 19
30 26
36 16
37 25
43 37
46 22
41 35
28 28
26 33
29 25
18 26
42 31
33 34
18 20
46 36
33 16
27 41
38 24
26 27
33 40
36 23
22 17
31 31
24 19
33 33
22 26
26 23
37 32
46 26
34 28
37 26
25 30
30 17
17 30
27 30
21 22
35 28
43 38
37 41
32 26
15 43
17 24
24 21
16 30
43 32
34 17
22 30
33 32
34 36
27 29
40 19
17 36
22 41
22 24
30 31
27 32
13 36
28 37
42 42
29 28
26 26
36 30
45 26
39 18
22 25
43 40
26 25
22 24
45 35
22 15
26 41
28 38
41 32
27 25
41 28
25 18
41 33
20 24
32 28
38 32
25 26
21 36
19 33
35 21
14 13
31 35
20 17
25 27
31 33
18 29
35 18
25 24
24 22
26 30
42 42
34 22
26 15
41 16
46 25
29 32
29 44
25 26
13 33
42 30
36 23
41 17
36 43
14 34
32 18
18 38
28 44
33 30
29 43
46 42
23 35
29 28
20 28
24 35
22 25
30 23
35 42
45 40
25 19
34 28
36 27
16 24
38 18
36 32
19 33
25 31
23 29
20 25
29 33
26 16
31 29
32 20
18 31
43 24
21 14
24 37
20 17
15 37
26 33
35 31
28 17
25 29
27 22
45 24
23 22
31 32
14 22
16 28
32 23
35 34
15 35
25 17
28 20
21 32
21 32
44 41
24 26
26 21
39 16
17 25
31 36
35 30
44 35
29 45
24 41
27 27
25 31
42 39
28 39
16 25
34 39
17 14
26 29
35 21
18 37
27 19
42 18
44 39
40 24
21 22
28 27
20 42
18 45
44 20
19 41
35 45
25 37
26 44
42 17
25 23
34 21
22 34
23 46
25 39
31 43
31 29
33 22
27 40
39 41
21 17
46 26
30 28
41 29
19 30
27 30
27 32
39 19
18 28
17 40
46 14
30 23
38 31
30 37
21 31
43 32
38 27
26 42
20 28
41 26
20 40
37 38
39 15
30 28
32 46
37 15
28 24
23 21
32 22
34 26
24 37
45 30
27 30
29 29
23 22
32 35
39 29
22 34
17 27
18 45
22 28
20 29
30 28
20 24
16 27
23 31
17 33
38 45
22 29
23 32
32 16
32 29
28 30
44 31
32 26
29 46
22 27
26 24
26 31
40 25
39 25
42 32
45 30
39 32
30 36
32 29
22 18
27 17
26 38
37 33
28 42
25 23
22 35
29 26
27 34
14 34
28 22
17 24
27 44
27 46
24 40
13 18
42 27
23 35
34 19
41 14
28 28
22 28
43 21
25 33
40 16
31 14
19 41
43 16
33 22
38 23
26 16
32 36
21 20
39 44
26 25
31 45
26 41
22 26
29 19
13 39
45 32
37 21
19 46
25 29
29 24
13 29
36 27
29 44
38 33
40 21
35 35
15 20
22 29
14 32
32 22
28 33
13 45
36 34
30 36
31 28
17 40
20 35
29 29
14 22
40 20
23 38
22 29
46 33
18 46
33 36
14 42
39 19
15 21
25 17
18 23
27 24
24 29
29 22
19 26
22 28
22 43
27 43
29 36
29 28
30 45
28 46
37 31
23 32
27 42
24 22
27 19
36 33
35 37
44 29
18 33
19 21
15 16
28 34
17 41
30 36
14 15
38 27
25 41
42 29
19 33
23 33
28 25
35 41
18 24
41 26
22 14
21 23
36 35
35 27
26 29
37 31
32 17
36 31
39 19
39 16
25 22
25 30
44 21
34 23
13 32
19 30
36 41
22 34
20 27
36 22
18 27
36 35
29 38
29 31
23 26
18 18
23 23
22 22
35 19
29 14
28 35
16 39
36 21
30 33
18 19
22 25
43 32
19 21
42 22
17 21
36 32
41 24
34 24
25 38
27 28
27 37
25 22
24 39
19 14
24 31
45 44
37 28
19 22
34 23
21 36
20 20
19 36
33 44
21 19
25 20
21 41
46 18
22 28
35 22
18 34
35 42
38 35
38 45
26 25
37 20
34 44
38 32
26 46
21 31
34 20
34 13
42 32
24 17
21 18
37 42
28 30
29 25
28 23
31 27
38 24
40 13
22 17
14 35
34 40
14 35
13 36
36 31
21 30
35 41
37 18
31 33
34 24
39 27
30 14
19 32
21 39
32 45
25 32
26 19
33 17
37 27
18 24
26 38
