3 10 10 5
1 1
1 5
2 5
1 2
1 5
3 5
2 3
1 5
3 4
3 4
2 2 3
1 3
0 
21914 58205 69144 28529 104376 48779 51611 115804 41323 32982
1 599 1285
2 596
3
1 543 1307
2 672
3
1 610 1282
2 595
3
1 615 1111
2 639
3
1 559 1191
2 572
3
1 531 1303
2 643
3
1 549 1130
2 574
3
1 590 1279
2 600
3
1 508 1090
2 577
3
1 551 1167
2 616
3
16 4 3
11 4 0
7 4 4
12 3 2
9 8 2
9 4 3
12 4 6
15 3 4
12 5 4
13 5 1
25 25 25
915 1843 2486
930 1744 2634
1004 1842 2706
1048 1920 2585
1042 1661 2755
