3 10 10 5
1 1
1 5
2 5
1 2
2 5
3 4
3 4
1 4
3 3
1 1
2 2 3
1 3
0 
23574 101867 82068 43754 81177 37824 27988 90008 23867 19517
1 534 1280
2 677
3
1 523 1098
2 619
3
1 575 1085
2 599
3
1 533 1287
2 677
3
1 512 1176
2 569
3
1 604 1206
2 583
3
1 609 1074
2 682
3
1 575 1283
2 658
3
1 512 1141
2 641
3
1 517 1302
2 660
3
8 13 0
11 4 3
13 2 5
14 2 6
14 6 2
13 6 1
12 2 2
7 7 4
6 10 3
13 4 3
25 25 25
1059 1819 2796
1067 1668 2502
973 1979 2454
1077 1839 2963
942 1675 2722
