3 10 10 5
1 1
1 5
2 5
1 2
2 5
2 5
1 5
1 4
3 4
1 3
2 2 3
1 3
0 
21354 105815 88549 36481 82757 102258 131299 78477 40963 65568
1 573 1192
2 662
3
1 524 1169
2 638
3
1 553 1114
2 592
3
1 599 1233
2 668
3
1 583 1071
2 641
3
1 549 1296
2 585
3
1 581 1235
2 679
3
1 571 1230
2 590
3
1 536 1220
2 638
3
1 586 1260
2 685
3
7 7 3
8 5 6
13 6 3
10 3 4
15 2 5
10 6 6
12 5 5
11 8 1
6 9 3
13 7 3
25 25 25
1051 1877 2538
1000 1964 2754
938 1786 2953
984 1947 2581
1029 1699 2478
