3 10 10 5
1 1
1 5
2 5
1 2
1 3
5 5
3 5
1 4
1 1
2 3
2 2 3
1 3
0 
16619 130230 73567 32440 51424 18986 58219 66452 26354 32620
1 607 1287
2 596
3
1 564 1166
2 610
3
1 572 1180
2 611
3
1 592 1279
2 591
3
1 563 1248
2 690
3
1 513 1146
2 604
3
1 514 1186
2 602
3
1 609 1283
2 654
3
1 611 1235
2 628
3
1 554 1295
2 669
3
9 5 3
5 9 5
8 7 3
11 4 2
12 3 3
12 1 5
11 4 4
6 7 3
12 4 6
7 7 2
25 25 25
1047 1833 2575
1013 1643 2689
910 1805 2703
900 1946 2520
916 1700 2814
