3 10 10 5
1 1
1 5
2 5
1 2
1 5
2 2
2 5
2 2
2 4
3 5
2 2 3
1 3
0 
20528 99339 88996 39603 86457 20416 77280 20206 49472 70632
1 539 1107
2 661
3
1 585 1141
2 603
3
1 577 1103
2 619
3
1 587 1242
2 684
3
1 535 1296
2 687
3
1 539 1117
2 634
3
1 579 1257
2 675
3
1 556 1167
2 570
3
1 593 1203
2 584
3
1 560 1192
2 574
3
6 9 3
8 6 3
6 3 8
12 2 4
5 10 1
10 8 2
11 7 2
7 10 2
9 7 1
7 8 5
25 25 25
1021 1774 2651
1025 1644 2711
918 1695 2547
913 1633 2874
1068 1933 2637
