3 10 10 5
1 1
1 5
2 5
1 2
1 5
5 5
3 3
1 3
1 1
2 2
2 2 3
1 3
0 
23536 103497 84834 33844 96483 16293 15781 65867 14304 18927
1 522 1253
2 596
3
1 561 1078
2 581
3
1 509 1181
2 647
3
1 517 1279
2 597
3
1 586 1261
2 645
3
1 571 1253
2 590
3
1 521 1269
2 599
3
1 525 1308
2 636
3
1 518 1097
2 569
3
1 611 1139
2 642
3
12 4 5
10 4 5
10 5 5
11 6 1
17 1 3
13 3 2
10 5 1
14 6 3
12 4 1
13 7 2
25 25 25
1032 1675 2769
925 1688 2653
918 1877 2964
1011 1681 2895
986 1938 2538
