3 10 10 5
1 1
1 5
2 5
1 2
1 5
1 2
3 4
2 3
1 5
2 4
2 2 3
1 3
0 
19991 94733 90745 42570 91911 30393 45210 39875 111553 63686
1 516 1240
2 644
3
1 529 1270
2 605
3
1 521 1282
2 691
3
1 510 1209
2 657
3
1 598 1178
2 604
3
1 517 1095
2 613
3
1 576 1080
2 578
3
1 510 1178
2 577
3
1 607 1187
2 679
3
1 604 1239
2 642
3
14 4 3
15 1 3
11 8 3
13 6 2
8 8 2
9 5 2
13 5 3
8 6 3
10 6 3
11 4 4
25 25 25
917 1667 2944
996 1906 2601
1008 1963 2944
962 1702 2579
1000 1906 2950
