3 10 10 5
1 1
1 5
2 5
1 2
1 2
3 4
1 5
2 5
4 4
3 4
2 2 3
1 3
0 
26049 78206 81262 38525 50370 44045 91207 59851 19842 33751
1 570 1127
2 596
3
1 580 1100
2 648
3
1 540 1108
2 632
3
1 578 1296
2 626
3
1 569 1278
2 571
3
1 508 1160
2 689
3
1 564 1098
2 607
3
1 576 1089
2 581
3
1 599 1130
2 571
3
1 597 1159
2 675
3
10 5 6
14 3 2
11 5 4
13 4 3
11 7 4
10 8 2
7 5 4
8 7 1
12 4 3
8 4 4
25 25 25
990 1665 2722
1005 1698 2716
1028 1862 2566
979 1628 2661
911 1645 2939
