3 10 10 5
1 1
1 5
2 5
1 2
1 3
4 4
5 5
3 5
5 5
4 5
2 2 3
1 3
0 
25202 92166 55873 45176 63716 21208 20834 70499 18288 30553
1 607 1215
2 690
3
1 574 1076
2 590
3
1 595 1275
2 662
3
1 533 1169
2 693
3
1 548 1109
2 674
3
1 598 1267
2 592
3
1 574 1188
2 672
3
1 589 1079
2 588
3
1 521 1097
2 643
3
1 513 1235
2 680
3
11 7 3
2 9 4
8 5 2
6 4 7
3 8 5
7 11 3
12 3 5
7 8 5
11 6 2
12 3 2
25 25 25
1077 1868 2921
943 1724 2431
940 1786 2638
955 1652 2760
955 1910 2450
