2 2 10 1000
272
581 908
513 903
8 7
6 6
12 0
8 7
6 6
3 7
6 6
8 6
6 6
8 7
6 6
5 7
5 6
8 7
6 6
6 7
5 6
8 7
6 6
5 7
6 6
4 7
6 6
8 7
6 6
8 7
6 6
8 7
6 6
8 7
6 6
7 7
6 6
7 7
6 6
8 7
6 6
7 3
6 6
8 7
6 2
8 7
6 6
8 7
6 6
7 7
6 6
8 7
6 6
8 3
6 6
6 7
5 4
8 7
6 6
3 2
6 6
6 7
4 6
8 7
6 6
5 7
6 6
8 7
6 3
8 5
6 6
8 7
6 6
2 7
6 6
3 4
6 6
2 4
6 6
7 4
6 6
8 6
6 4
8 7
6 6
8 5
6 6
8 3
6 2
8 7
4 6
8 7
6 6
8 7
6 6
5 7
6 6
8 4
6 6
7 6
6 3
8 2
6 6
8 7
6 6
7 7
6 6
4 7
6 6
7 7
6 6
8 7
6 6
7 7
6 4
8 7
6 2
8 7
6 3
8 7
6 6
8 7
6 5
8 7
6 6
8 7
6 6
8 6
6 6
8 7
5 5
8 7
6 6
3 7
6 6
8 7
6 6
8 7
6 6
4 7
6 5
8 7
5 6
8 7
6 6
8 7
5 6
8 4
6 6
8 4
6 6
6 7
5 6
8 3
6 6
6 7
6 6
8 7
6 4
3 7
6 6
8 6
6 6
7 6
6 6
8 6
6 6
8 4
6 5
8 4
6 6
5 7
5 6
7 7
5 6
8 5
6 6
6 7
6 6
7 7
6 6
3 6
6 6
6 7
6 6
7 7
6 6
7 7
6 6
8 5
6 6
8 7
3 5
7 7
6 6
7 7
6 6
8 7
6 2
3 7
6 6
8 7
6 4
7 7
6 4
5 7
6 6
7 7
6 6
6 7
6 6
7 7
6 6
8 7
6 6
8 6
6 2
8 7
6 6
8 6
6 6
8 4
6 6
7 7
6 6
8 7
6 5
8 7
6 6
8 7
6 6
8 4
6 6
8 7
6 5
8 7
6 3
8 7
6 6
2 7
6 6
3 6
6 6
8 7
6 6
7 7
5 6
8 7
6 6
7 7
6 6
8 7
6 6
8 7
3 6
8 7
6 6
8 7
6 6
8 7
6 6
8 6
6 6
8 6
6 6
8 7
6 6
8 7
6 5
8 3
6 6
4 7
2 6
8 7
3 6
7 7
6 4
6 7
6 6
8 7
6 6
8 7
5 6
5 7
6 6
5 7
6 6
8 2
6 6
8 7
6 6
7 7
6 6
7 7
4 6
8 7
6 4
7 7
3 6
8 7
3 5
8 5
6 6
4 7
5 6
8 7
6 6
8 7
4 6
7 7
6 6
8 7
4 6
8 7
6 6
6 7
6 6
8 2
6 6
6 7
6 5
6 4
5 5
8 7
6 4
8 7
4 6
7 7
6 6
8 7
6 6
8 7
6 6
7 7
6 6
8 7
6 6
6 5
6 6
3 7
6 6
8 7
6 5
8 7
6 6
8 7
6 4
8 2
6 6
8 7
6 6
6 7
6 6
8 7
6 4
8 7
6 6
8 7
6 6
8 7
6 6
8 7
6 6
6 4
6 6
8 7
6 6
8 7
6 6
7 7
6 6
8 5
6 6
8 6
6 6
8 7
6 6
8 4
6 3
5 3
6 6
7 7
5 3
8 7
6 6
8 7
6 6
8 7
6 4
8 7
6 6
8 7
6 6
8 7
6 6
5 7
5 6
8 7
6 6
8 7
6 6
6 3
6 6
8 7
6 6
8 7
6 6
8 7
6 6
8 7
6 3
3 7
6 6
8 7
6 5
8 7
6 6
8 7
6 6
6 7
6 6
8 7
6 6
6 7
6 6
8 7
4 5
8 7
6 5
4 6
5 6
5 4
6 4
8 7
6 6
8 7
6 6
7 7
6 6
8 7
6 6
8 7
6 6
8 7
6 6
8 6
6 6
2 7
6 6
8 7
6 6
5 7
6 6
8 7
6 6
8 7
5 6
8 7
6 6
8 7
6 5
8 7
6 6
8 7
6 6
8 7
5 6
5 7
6 6
8 7
6 6
7 7
6 6
5 7
5 2
8 7
6 4
8 7
6 6
5 7
6 6
2 7
6 6
8 5
6 6
8 7
6 6
7 7
6 6
8 7
6 6
8 5
6 6
8 7
6 6
6 7
6 6
8 7
6 4
5 7
6 6
8 5
6 4
7 7
6 6
6 7
6 6
8 7
6 6
7 7
6 6
5 7
6 6
7 7
6 6
7 7
6 5
8 7
6 6
4 7
6 6
8 7
6 4
8 7
6 6
8 7
4 2
8 2
6 6
8 7
6 6
8 7
6 6
8 6
6 6
8 7
6 6
8 6
5 6
8 7
6 6
8 7
6 6
7 7
6 4
3 7
6 6
8 5
6 6
6 6
6 6
8 4
6 6
8 7
5 6
8 7
6 6
7 7
5 6
7 7
6 6
8 7
5 6
8 7
6 6
8 7
6 6
2 7
6 5
8 7
6 6
8 7
6 6
8 7
6 6
8 7
6 4
8 7
6 5
6 7
5 6
8 7
6 6
6 7
6 2
5 7
6 6
5 7
6 6
8 3
6 6
8 7
6 6
3 7
3 6
8 7
6 6
4 7
6 4
7 7
6 6
8 7
6 6
8 7
6 4
5 7
6 6
3 7
6 5
8 5
5 6
8 7
3 5
8 7
2 6
8 7
6 6
4 7
6 6
7 5
6 6
8 7
6 6
6 7
6 6
8 7
6 6
8 6
6 6
7 7
6 6
8 7
6 6
8 7
4 6
8 7
3 6
8 7
6 3
8 7
6 6
8 7
2 6
6 6
6 6
8 6
6 4
7 7
6 6
8 6
6 6
8 7
6 6
7 4
6 6
8 6
6 6
8 7
6 6
8 3
3 6
8 5
6 6
8 7
6 6
8 7
5 6
8 7
6 6
5 7
6 6
5 5
6 6
8 7
6 2
8 7
6 6
4 7
6 6
8 7
3 4
7 7
5 4
8 7
6 6
7 7
6 6
7 7
6 6
8 7
5 5
8 7
6 6
8 7
5 6
8 7
3 6
4 5
6 6
8 7
6 6
3 7
6 6
8 2
6 6
4 7
4 6
8 7
6 6
8 6
6 6
8 7
6 6
7 6
6 6
8 4
6 6
4 7
6 6
4 7
6 6
8 7
6 4
8 7
6 6
8 7
6 6
8 7
6 6
8 2
6 6
8 6
4 6
8 7
6 3
7 5
6 6
8 7
6 6
7 7
6 6
8 3
6 6
8 5
6 6
8 7
6 4
8 6
6 6
8 7
6 6
8 7
5 6
8 7
5 6
8 2
6 6
8 7
3 6
8 7
6 6
3 7
6 6
8 7
6 6
5 5
6 6
8 7
6 5
8 6
6 6
8 7
3 6
7 7
6 6
8 5
3 3
3 4
4 6
8 7
6 6
7 7
6 6
8 7
6 6
8 7
6 6
5 4
6 6
8 7
6 6
8 7
6 6
4 7
6 6
7 6
6 6
4 7
6 6
8 7
6 6
8 3
2 6
8 7
6 6
8 5
6 6
8 7
6 5
7 7
6 6
8 7
6 5
8 3
4 6
8 7
6 6
8 7
6 6
8 7
6 6
8 7
6 6
8 7
6 6
8 7
6 6
8 7
6 6
8 7
6 6
7 7
6 5
8 7
6 5
8 6
6 6
8 7
6 6
8 5
6 6
8 7
6 6
5 7
5 6
6 7
6 6
8 7
6 6
8 7
6 6
8 7
6 6
8 4
6 5
8 7
4 6
8 7
6 6
8 7
6 6
8 7
6 6
8 2
6 3
6 7
6 6
6 3
6 3
6 7
6 6
3 7
6 6
5 4
6 5
8 6
6 6
8 6
6 6
8 7
6 6
8 7
6 6
8 6
6 6
6 7
6 6
8 5
6 6
8 7
6 6
8 6
5 3
8 2
6 6
2 7
4 6
8 5
6 6
8 7
6 6
8 7
6 6
8 6
2 6
8 7
6 6
6 7
6 6
8 5
6 6
5 2
6 5
8 5
6 6
8 7
6 6
8 7
6 6
8 7
6 6
8 7
6 6
6 7
6 6
8 6
6 6
7 5
6 6
7 7
5 6
8 7
6 6
8 7
6 6
8 7
6 6
8 7
6 3
8 5
6 6
3 7
6 6
6 7
6 6
8 7
2 6
8 7
6 6
8 7
6 6
8 6
6 6
5 7
6 6
8 7
6 5
7 4
6 6
8 7
6 6
7 7
6 6
7 7
6 6
8 7
5 6
8 7
6 6
6 7
6 6
8 7
6 6
8 7
6 6
6 6
6 6
8 6
6 4
8 7
6 6
8 7
6 6
8 7
6 6
8 7
5 6
4 7
6 6
8 7
6 6
8 7
5 6
7 7
6 6
8 7
6 6
8 7
6 6
4 6
3 6
8 7
6 6
8 7
6 5
8 7
6 6
6 6
6 6
8 4
6 4
8 7
4 6
8 7
6 6
5 6
6 6
8 7
6 6
8 7
6 6
8 6
6 6
8 7
6 6
8 7
6 6
4 7
6 6
5 7
6 4
8 7
6 6
2 7
6 6
8 7
6 6
6 7
6 6
4 7
6 6
5 7
6 4
8 7
4 6
8 7
6 6
8 7
6 6
8 7
6 6
8 7
4 6
8 7
6 6
8 7
3 6
4 4
6 6
8 7
6 6
8 7
6 4
6 5
6 6
8 7
6 6
6 7
6 6
8 4
6 6
8 7
6 6
8 4
5 6
8 7
6 6
8 7
4 6
6 3
6 6
5 7
6 6
8 4
6 6
6 6
6 6
8 7
6 6
8 5
6 5
8 7
6 5
7 6
6 6
5 6
6 6
7 7
6 6
7 7
6 6
8 6
3 6
7 7
6 6
3 7
6 5
8 7
2 6
3 7
6 6
8 7
6 6
8 6
6 6
6 7
6 6
6 7
6 6
8 7
6 6
2 7
6 6
3 7
6 6
5 7
6 6
8 5
5 6
8 7
6 6
8 7
6 6
7 7
4 3
6 7
6 6
8 4
6 6
8 7
6 6
8 7
6 6
4 7
6 4
5 6
3 6
7 5
6 6
8 7
6 4
5 5
6 6
8 7
6 4
4 7
4 6
8 6
6 6
8 7
6 4
5 7
6 6
8 7
6 6
8 7
6 6
8 7
5 5
8 7
6 6
8 7
6 6
8 7
6 6
7 3
6 6
8 7
6 6
7 7
6 6
4 7
6 6
8 7
5 6
8 7
5 6
8 5
6 6
8 7
6 6
8 6
6 6
6 7
6 6
8 7
6 4
7 7
6 6
8 7
6 6
8 7
4 6
6 7
3 6
8 7
6 6
6 7
6 5
8 7
6 6
8 4
6 6
8 7
6 6
8 7
6 6
6 7
6 6
6 7
6 4
6 7
6 6
6 7
6 6
8 7
6 6
6 7
6 6
8 7
6 6
8 5
5 6
5 7
6 6
6 7
3 6
4 7
6 6
4 7
6 6
5 5
6 6
8 7
6 6
8 5
6 6
8 7
6 3
8 7
6 6
8 7
6 6
8 6
6 6
8 4
5 6
8 7
6 6
8 7
5 6
6 7
6 6
5 7
6 6
8 7
6 6
7 6
6 6
5 5
6 6
8 5
6 6
5 7
6 3
7 7
6 6
8 6
6 6
8 7
6 3
8 4
4 6
8 7
6 6
5 7
3 6
8 7
6 5
8 5
6 6
7 7
6 6
8 7
6 4
5 4
6 4
8 7
6 6
8 7
6 6
8 2
4 6
8 7
6 6
8 7
6 6
8 7
6 6
8 3
6 6
8 7
6 6
6 7
6 6
8 7
6 6
8 7
6 6
6 5
6 6
8 2
3 6
3 7
6 6
8 7
6 6
6 5
6 5
8 7
6 6
7 7
6 6
8 3
5 6
7 7
6 6
8 7
6 2
8 6
6 3
8 5
6 6
7 7
6 5
6 7
6 6
8 7
6 6
8 7
6 4
8 7
6 6
8 7
6 6
8 7
6 4
8 7
6 6
8 7
6 6
8 7
6 6
8 5
6 6
8 6
6 6
8 5
6 6
8 4
6 6
7 6
5 6
8 7
6 6
8 7
6 6
8 7
6 6
5 7
6 6
6 7
6 6
8 7
3 6
8 6
6 6
7 4
6 6
5 7
6 6
7 5
6 6
8 7
6 5
8 4
6 2
8 7
6 3
8 7
6 6
5 7
6 6
8 7
6 6
4 7
6 5
8 7
6 6
8 6
6 6
4 7
3 5
8 7
6 6
7 7
6 6
4 7
6 6
8 7
6 6
7 5
6 6
8 7
6 6
8 5
6 4
7 6
6 6
7 5
6 5
8 7
5 6
8 7
5 3
8 7
6 6
5 7
6 6
8 7
6 6
4 4
6 6
8 7
3 6
5 7
6 6
6 7
6 6
3 7
6 6
7 7
6 6
8 7
6 5
3 7
6 6
8 7
6 6
4 7
6 6
8 7
6 5
8 7
6 4
8 2
6 6
8 7
6 6
8 7
6 6
8 7
6 6
8 7
6 6
6 6
6 4
7 6
5 2
8 7
6 6
6 6
6 6
5 7
5 5
6 5
5 6
8 7
6 6
8 7
6 6
8 7
6 6
8 7
6 6
8 7
5 6
8 7
6 6
4 7
6 6
8 7
6 6
6 7
6 5
8 6
6 6
5 6
6 2
8 7
2 6
8 6
6 6
8 7
6 6
8 7
6 3
8 7
6 6
8 7
6 6
7 7
6 6
4 7
6 6
2 3
6 6
8 6
6 6
3 7
6 6
8 7
6 6
8 4
6 6
7 7
6 3
8 7
6 5
8 7
6 6
8 7
5 6
3 7
6 5
7 7
6 6
8 7
6 6
7 5
6 4
8 7
5 6
8 5
6 6
6 7
6 5
8 7
6 6
8 7
6 6
8 6
6 6
8 7
6 6
5 7
6 6
8 7
6 4
8 7
6 6
8 7
6 6
8 7
6 6
3 7
5 2
8 7
6 6
6 6
6 6
8 6
6 6
6 7
6 6
8 6
3 6
8 7
6 6
2 7
6 6
8 6
6 6
8 7
5 6
8 7
6 6
8 6
6 6
6 7
6 6
7 7
6 6
8 7
6 6
8 7
6 6
8 6
2 6
4 7
5 5
8 6
6 6
6 7
6 6
7 5
4 6
8 7
6 6
3 7
6 6
6 7
6 6
7 6
3 2
8 7
6 6
8 7
6 6
8 6
6 6
8 7
6 5
7 7
5 6
8 7
6 6
8 5
3 6
8 6
4 6
5 6
6 6
8 7
3 3
6 7
6 6
8 7
4 6
6 7
6 6
8 5
6 4
8 7
6 6
8 7
6 6
8 7
6 6
8 7
2 6
8 7
6 6
8 7
6 6
8 6
6 6
5 7
6 6
8 7
6 6
5 5
6 6
8 7
6 6
8 7
6 5
7 7
6 6
8 3
4 6
7 7
6 4
8 5
6 6
8 5
6 6
8 4
6 6
8 7
6 6
8 3
6 6
8 7
6 6
6 7
6 6
8 7
5 6
5 7
6 4
8 7
3 6
3 6
6 6
8 7
6 6
6 7
6 5
5 7
6 5
3 7
6 6
8 7
6 6
8 7
6 6
8 7
6 6
8 6
6 6
8 7
6 5
7 7
6 6
8 6
6 6
5 6
6 6
8 7
6 6
8 7
6 6
8 7
6 6
8 7
5 5
8 7
6 6
3 7
6 6
8 7
4 3
8 7
6 5
2 7
6 6
8 5
6 6
8 7
6 6
8 7
6 6
8 7
6 2
8 7
6 5
8 7
6 6
8 7
6 6
8 7
6 6
8 4
6 6
3 7
6 6
7 4
6 6
8 6
6 6
8 7
6 6
8 7
6 6
8 6
6 6
8 7
6 6
8 7
5 6
6 7
6 5
3 7
6 6
8 7
6 5
8 7
6 2
5 7
6 6
8 7
6 6
8 7
6 6
8 7
6 6
8 4
6 6
8 5
6 6
2 7
5 6
7 7
6 6
8 7
6 6
8 7
6 6
5 7
6 6
8 7
5 6
8 7
6 6
3 6
6 6
6 7
6 6
8 7
5 3
7 7
6 5
5 7
2 6
8 7
6 6
8 7
6 6
8 7
6 6
4 7
6 6
8 7
6 6
8 7
6 6
8 7
5 6
5 7
6 4
2 7
6 6
8 7
6 5
8 7
6 6
8 5
6 5
7 6
6 6
8 7
6 6
8 7
6 6
8 7
6 6
8 7
6 6
5 7
6 6
8 7
6 6
8 7
6 6
7 7
6 6
8 7
5 6
3 7
6 6
8 7
6 6
8 7
3 6
8 7
6 6
8 7
6 6
8 7
6 6
8 7
6 3
8 6
6 6
8 7
6 6
5 7
6 6
8 7
6 2
8 4
6 6
8 7
6 6
4 7
6 6
8 7
6 6
6 7
6 6
8 7
6 6
8 7
6 6
8 2
6 6
6 7
6 6
8 7
6 6
8 7
6 6
7 7
5 6
8 7
6 6
8 7
6 6
8 7
6 6
8 6
6 6
2 7
6 6
8 7
5 6
8 7
6 6
7 4
6 6
8 4
6 6
8 7
6 6
8 7
6 6
8 7
6 6
8 7
6 6
8 7
6 6
8 7
6 6
8 6
6 6
8 7
6 6
8 7
6 6
8 7
6 3
5 7
6 6
8 7
6 6
8 5
6 3
8 7
6 4
8 7
6 4
4 7
6 6
8 4
4 6
3 7
6 5
8 7
6 5
8 7
6 6
5 7
2 6
7 5
3 6
8 7
6 6
8 7
6 6
8 7
6 6
8 7
6 6
8 7
6 6
8 7
6 6
8 7
6 6
7 7
6 6
6 7
6 6
8 7
6 6
8 7
6 6
8 7
6 4
5 7
6 6
8 7
6 6
8 7
4 6
