14 4 15
279 1166 1760
853 1461
626
845 1154 2165 2949
730 1246 2120 2820
725 1153 2005 2811
768 1145 1917 3053
714 1156 1858 3178
748 1207 1873 3104
771 1177 1955 3027
823 1108 1963 3198
829 1260 2249 3053
733 1205 2031 3129
718 1257 2129 3009
722 1246 2112 3223
765 1170 2176 3172
716 1259 1997 3123
8 9 6 10
6 7 10 9
10 5 7 5
5 6 8 5
7 8 9 5
8 6 5 8
10 9 6 5
9 7 6 8
5 6 10 6
8 8 5 5
5 9 6 9
10 5 8 8
8 10 10 10
5 9 9 6
7 2 6 2
3 7 10 5
7 6 9 5
4 6 5 3
3 5 7 6
4 6 1 8
2 3 6 0
3 10 3 8
5 7 12 3
4 1 3 9
7 5 5 3
5 4 4 4
5 11 0 9
2 7 4 5
4 4 2 5
