14 4 15
371 839 1529
614 1010
541
625 1025 1698 2419
639 1173 1674 2095
580 1046 1649 2180
662 1023 1712 2191
652 987 1535 2114
639 1038 1661 2132
601 1191 1532 2059
566 1171 1457 2102
567 1090 1587 2179
652 1161 1602 2153
604 1050 1659 2459
572 1015 1443 2412
611 1170 1440 2248
659 1012 1576 2357
7 8 7 10
6 5 9 8
5 8 9 7
8 7 10 7
10 10 10 7
7 10 6 8
9 5 7 8
9 8 6 5
10 5 7 5
6 8 8 6
8 5 9 10
5 10 7 8
8 6 10 7
5 8 5 8
9 4 2 5
11 5 3 3
3 3 6 3
4 1 5 7
5 7 2 3
9 6 4 3
12 6 7 5
2 8 3 9
6 7 6 5
3 4 2 1
7 3 3 8
7 4 3 5
5 1 10 3
6 2 3 1
6 7 3 4
