14 4 15
695 1552 2128
828 1493
938
856 1596 2644 3701
981 1614 2671 4015
868 1440 2585 3789
981 1689 2333 3586
976 1714 2684 3892
1023 1728 2304 4028
867 1489 2353 4072
1006 1488 2453 3415
910 1722 2642 3581
883 1559 2396 3558
856 1510 2645 3922
870 1748 2452 4088
907 1482 2225 3905
1020 1590 2338 3463
10 5 8 5
5 7 10 9
6 10 10 7
8 9 7 5
7 9 10 9
7 7 7 5
10 7 8 8
8 8 8 10
6 10 5 5
5 8 10 7
8 8 5 7
9 8 5 6
10 8 7 10
9 7 7 7
7 3 5 2
4 3 8 9
8 4 2 8
6 2 10 5
13 5 7 4
9 2 8 5
4 7 3 4
5 4 7 2
4 8 5 10
6 2 5 6
3 6 8 7
7 3 8 3
4 3 7 10
6 5 6 1
6 1 10 9
