14 4 15
651 1501 2546
1171 2027
860
1012 1770 3020 3940
867 1851 2713 3553
875 1525 2862 3493
903 1562 3056 3935
880 1847 2690 3699
904 1680 2806 3412
935 1692 2672 3814
911 1543 2775 3860
872 1661 2657 3637
926 1797 2983 3650
872 1721 2645 4071
982 1540 2834 3749
981 1731 2711 3624
1026 1621 2924 3644
6 9 8 7
7 7 9 7
9 9 5 6
10 8 5 5
9 9 7 5
6 5 7 9
9 8 5 5
7 9 7 6
6 10 6 10
9 8 8 7
6 6 5 5
5 8 9 8
9 7 9 6
9 6 7 10
0 9 5 1
4 9 9 0
7 6 9 5
9 5 3 3
2 6 6 5
4 7 5 3
5 6 3 4
2 7 1 2
10 2 4 9
6 1 2 6
4 4 5 4
5 3 2 10
4 6 5 6
6 9 12 3
4 8 7 7
