14 4 15
308 1007 1314
525 864
338
490 899 1571 1956
464 935 1307 1831
481 824 1440 1849
464 920 1334 1831
536 916 1523 2059
541 887 1462 2046
560 953 1419 1776
525 896 1330 2061
509 989 1562 1784
511 847 1318 1883
552 932 1549 1752
493 953 1365 1846
526 945 1514 1779
558 932 1445 2043
9 6 6 6
10 9 9 9
6 9 10 7
8 8 6 7
9 9 5 5
6 6 5 9
10 9 5 10
6 6 5 6
7 8 7 8
9 9 10 9
9 6 9 6
9 6 5 6
6 5 7 5
6 10 10 7
10 5 1 3
2 3 4 6
11 2 8 8
1 4 2 3
13 2 5 8
2 4 10 4
9 5 3 6
7 7 4 4
4 4 7 4
4 8 3 8
4 1 7 5
5 4 9 3
6 7 5 5
6 5 3 6
5 1 1 5
