14 4 15
561 881 1736
411 989
765
682 1376 1883 2770
665 1233 1943 2394
640 1255 1864 2459
734 1233 2090 2601
722 1255 2013 2507
733 1234 2118 2879
701 1371 2078 2678
645 1395 1872 2515
638 1297 2161 2762
715 1221 1836 2570
673 1251 1806 2688
706 1146 2051 2393
638 1361 1988 2668
616 1354 1793 2720
7 5 6 9
8 10 9 9
5 8 6 6
8 7 7 8
9 10 8 7
10 5 7 9
7 7 5 9
6 5 9 10
9 10 10 9
5 10 7 7
10 5 6 8
6 5 10 8
5 10 9 5
10 8 5 9
0 3 7 1
1 4 3 3
4 9 8 10
6 6 3 4
5 4 5 5
7 8 1 4
1 2 5 8
2 6 5 2
6 5 3 4
6 10 6 8
6 1 6 11
5 4 6 4
2 5 5 6
5 8 3 2
5 9 8 6
