14 4 15
380 866 1428
571 783
338
633 1040 1684 2157
550 1149 1573 2531
631 1150 1457 2384
616 1100 1553 2236
558 1091 1538 2444
606 1151 1485 2254
530 1249 1673 2091
545 1099 1679 2231
630 1247 1409 2227
552 1035 1536 2373
562 1113 1562 2351
563 1079 1436 2383
561 1127 1417 2400
618 1083 1411 2284
7 9 6 8
5 5 6 8
5 5 5 9
7 9 10 6
8 9 10 10
9 5 10 8
6 7 6 10
9 5 7 8
6 6 10 5
10 10 6 10
5 9 6 6
6 5 6 8
10 6 6 8
10 7 7 10
3 6 7 2
4 7 4 1
7 4 8 1
6 3 1 3
6 6 6 9
3 8 2 3
3 4 4 2
7 3 5 9
6 5 3 4
2 9 5 4
5 4 4 5
4 8 3 2
6 5 4 3
11 7 3 7
3 4 7 9
