14 4 15
355 601 1226
294 733
385
543 980 1363 1843
566 921 1537 1814
482 910 1360 2043
524 880 1514 1819
537 959 1415 2126
535 1061 1387 1952
549 893 1541 1969
478 953 1529 2150
514 1066 1641 2197
478 1023 1623 1957
535 939 1586 2024
559 981 1632 2074
488 875 1449 1875
491 876 1365 1915
7 10 5 6
8 10 9 10
7 8 6 8
10 8 5 9
5 5 7 9
5 10 6 8
6 6 9 6
9 8 8 8
9 8 9 10
8 6 9 10
7 6 9 6
5 9 6 7
7 7 6 5
5 9 10 5
9 1 1 5
3 2 4 4
4 1 4 6
5 3 3 3
5 5 6 8
2 8 7 5
2 3 8 6
6 9 4 8
5 5 5 2
6 4 2 8
7 7 2 2
6 12 2 5
3 3 7 2
6 6 3 8
4 3 5 3
