14 4 15
485 1031 2427
757 1634
981
800 1362 2206 3397
786 1272 2170 3262
794 1342 2102 3248
844 1305 2114 3336
813 1195 2321 3178
800 1351 2133 2862
821 1196 2206 2861
744 1328 2252 3122
793 1388 1940 2930
809 1250 1969 2900
824 1319 2316 3031
815 1319 1988 2880
727 1317 2156 3440
801 1412 1919 3296
10 8 6 5
5 6 6 7
8 7 9 6
6 7 5 6
8 8 6 8
10 10 8 7
5 9 8 9
8 7 7 7
7 10 9 5
9 10 5 8
10 6 6 6
7 5 5 9
5 7 6 6
7 10 5 10
2 4 4 5
1 9 5 3
2 7 8 9
4 10 1 7
2 7 9 1
8 6 8 5
8 3 5 4
3 8 6 3
1 3 4 3
2 4 5 5
10 5 5 9
4 5 8 5
4 3 4 0
3 3 6 2
2 7 4 4
