14 4 15
545 979 1393
481 754
423
618 1234 1752 2248
679 1227 1902 2547
721 1185 1843 2480
705 1302 1628 2555
621 1199 1899 2331
701 1115 1650 2395
695 1314 1620 2392
705 1182 1730 2191
712 1285 1833 2428
695 1319 1814 2286
625 1177 1908 2301
621 1230 1954 2260
683 1153 1635 2412
633 1221 1840 2192
9 8 6 9
9 9 8 8
8 6 8 7
9 10 6 5
5 7 5 10
5 10 10 7
9 6 6 10
5 5 8 7
5 6 5 8
7 5 10 6
5 10 6 5
7 6 5 10
10 8 9 10
10 6 10 7
1 7 5 2
11 4 3 13
5 5 5 5
4 5 4 12
3 7 7 3
6 9 3 2
10 14 4 5
0 9 5 5
4 6 6 5
4 6 5 4
0 6 8 6
8 5 3 1
6 6 4 4
5 6 8 3
3 8 1 7
