14 4 15
399 722 1297
349 908
704
544 1046 1424 2328
643 1143 1621 2209
545 976 1663 2198
645 1079 1664 2401
553 1152 1621 2443
646 1139 1624 2233
634 967 1441 2302
598 1022 1465 2196
576 1039 1482 2500
556 1087 1598 2568
599 1097 1537 2393
618 1035 1525 2168
655 1015 1636 2580
556 1112 1686 2546
6 6 7 5
7 6 9 6
5 6 7 7
9 6 8 8
8 8 9 7
7 8 9 6
6 6 6 8
9 7 7 6
5 5 5 6
10 10 9 7
7 6 8 7
10 10 5 10
8 6 9 6
6 5 7 9
5 3 5 2
3 3 11 3
2 12 7 5
1 6 6 6
10 14 2 4
9 2 4 10
10 3 5 2
10 4 5 5
4 4 5 3
6 3 7 4
4 8 4 3
6 6 6 3
7 6 2 1
4 4 6 3
7 3 2 7
