14 3 15
363 948
630
590 1108 1871
571 1059 1644
555 987 1769
645 1133 1680
654 1123 1874
543 1140 1727
541 1083 1629
641 1187 1607
638 1162 1698
590 1051 1870
597 1039 1790
639 1184 1645
605 1130 1889
576 1043 1661
114 128 135
146 138 163
136 193 163
121 144 152
187 124 178
114 154 157
182 133 126
141 160 128
134 191 190
120 174 158
121 150 153
156 121 123
163 191 179
158 197 135
13 134 76
68 46 62
46 41 43
39 31 26
46 45 93
43 37 55
24 44 44
45 81 52
29 30 52
58 58 23
31 59 61
49 44 46
50 39 45
20 41 22
61 45 38
