14 3 15
649 1136
451
818 1649 2261
931 1832 2097
902 1537 2201
829 1643 2201
931 1682 2346
859 1642 2015
817 1661 2040
870 1565 2346
840 1569 1966
917 1822 2391
921 1608 2002
936 1613 2382
857 1757 2028
776 1648 2079
179 128 118
151 128 179
147 136 128
135 194 105
146 105 200
125 161 149
187 180 184
187 143 117
109 114 151
189 189 111
120 157 151
119 195 113
185 173 130
109 148 158
4 126 59
59 38 71
49 44 56
50 42 41
43 66 47
45 42 35
69 42 38
41 34 43
27 42 78
38 59 42
23 64 24
29 46 58
37 40 39
32 48 36
21 39 60
