14 3 15
486 903
506
726 1254 1920
650 1243 1909
761 1101 2062
650 1109 2249
758 1135 2135
635 1223 2106
750 1245 1985
727 1093 2110
716 1077 1951
668 1160 2136
718 1063 2210
638 1117 2010
635 1167 2037
714 1151 1906
154 170 159
114 106 200
135 131 132
186 179 121
198 135 197
101 197 156
190 172 146
151 151 196
167 100 158
199 179 109
169 181 128
182 157 102
113 102 120
137 148 157
119 5 2
70 57 40
41 54 49
43 34 60
41 51 20
83 77 38
49 41 43
36 50 43
29 36 42
69 41 37
44 31 26
53 48 67
30 44 51
41 40 40
39 81 38
