14 3 15
397 1542
1034
780 1242 2534
853 1284 2264
788 1404 2497
855 1371 2344
755 1290 2230
824 1219 2362
850 1199 2465
882 1352 2398
762 1322 2232
778 1290 2298
752 1204 2511
814 1257 2278
762 1305 2303
878 1346 2493
129 110 148
163 142 107
149 162 111
152 158 109
174 159 157
171 108 123
186 161 193
200 111 100
128 167 185
118 113 124
172 158 166
126 149 118
106 159 184
139 164 181
183 11 91
53 40 46
21 55 43
37 63 54
27 75 33
50 65 51
51 31 54
59 43 40
48 37 36
30 50 72
43 30 46
73 45 47
30 38 38
48 27 30
30 49 104
