14 3 15
330 1322
798
926 1329 2421
973 1512 2514
983 1386 2241
981 1550 2236
912 1606 2359
930 1482 2702
984 1466 2664
1011 1321 2659
1035 1530 2711
875 1360 2262
905 1361 2535
870 1413 2247
1027 1370 2439
943 1407 2495
139 159 121
170 127 166
193 188 121
166 177 154
137 188 147
107 151 120
112 152 126
145 114 180
101 193 135
110 106 137
193 175 127
121 101 157
177 101 115
200 134 179
126 124 19
45 37 44
77 38 39
57 54 49
44 46 55
54 49 78
54 18 29
35 42 38
53 28 43
49 19 37
45 28 29
62 44 84
41 16 38
26 45 39
28 67 38
