14 3 15
378 964
565
721 1203 1940
803 1098 1867
702 1303 1940
692 1116 1775
782 1192 1897
734 1125 2103
774 1142 1773
712 1234 1913
740 1089 1841
803 1219 1772
700 1124 1885
777 1185 1808
684 1262 1788
713 1237 1851
148 181 164
130 130 187
141 198 134
114 116 122
160 160 198
184 142 111
162 198 155
200 138 104
119 177 197
137 107 162
143 188 116
121 168 110
196 164 108
191 187 198
182 137 0
41 37 54
46 56 34
70 58 34
44 50 46
47 63 42
55 36 41
32 43 36
36 48 49
38 60 46
56 48 55
31 41 29
50 44 28
28 29 45
65 68 73
