14 3 15
586 1271
612
894 1596 2356
976 1594 2389
1007 1610 2290
956 1619 2290
888 1868 2344
959 1744 2334
969 1926 2359
890 1814 2725
1036 1705 2527
1048 1921 2296
984 1732 2385
995 1643 2675
912 1626 2612
970 1711 2588
147 186 160
106 121 189
150 183 185
132 178 199
196 180 148
117 148 146
120 161 191
135 198 138
193 100 106
151 196 166
137 171 101
122 156 106
123 187 151
135 107 166
79 33 24
37 38 56
52 41 28
35 75 42
32 45 58
41 37 77
30 43 76
51 24 64
39 57 34
37 30 34
27 54 51
35 42 70
39 43 36
44 60 52
44 49 56
