14 3 15
237 733
607
493 757 1466
537 833 1246
551 820 1300
506 834 1250
488 822 1505
579 898 1504
557 773 1413
492 780 1246
525 911 1378
512 855 1404
532 768 1401
489 881 1252
500 855 1430
535 812 1408
106 142 169
186 162 100
102 116 164
193 139 139
197 162 197
132 178 133
165 180 128
118 158 116
151 103 114
113 112 145
146 169 103
180 196 181
200 121 157
177 109 138
101 128 51
35 42 41
50 63 54
69 18 51
48 36 45
40 62 55
60 40 41
49 40 40
53 31 30
35 47 38
43 39 65
28 48 33
44 65 49
36 30 46
45 64 28
