14 3 15
493 850
408
723 1344 1921
755 1163 1893
776 1303 1783
692 1121 1722
745 1122 1695
754 1152 1742
652 1216 1767
708 1268 1827
719 1123 1657
727 1284 1931
667 1202 1685
725 1271 1747
654 1196 1803
700 1293 1648
196 185 125
170 117 116
172 109 156
166 132 125
175 188 151
103 148 193
164 188 122
128 192 134
107 171 149
163 124 157
142 118 105
131 113 103
147 198 189
142 151 121
58 151 55
35 48 38
68 35 70
68 51 52
47 48 56
47 59 76
50 28 38
63 41 61
56 39 33
47 52 54
57 42 45
47 56 33
31 35 51
66 39 52
63 37 45
