14 3 15
419 1431
833
802 1374 2319
767 1381 2331
788 1386 2268
797 1482 2424
707 1536 2351
753 1276 2037
853 1447 2280
847 1428 2436
853 1536 2264
707 1282 2425
711 1348 2010
829 1336 2015
848 1315 2421
805 1394 2164
171 165 172
167 160 177
173 100 132
141 125 115
107 187 191
108 117 134
178 134 110
139 125 133
133 113 196
195 151 174
137 140 182
158 109 181
180 141 190
174 121 146
42 74 41
36 76 51
50 63 36
32 36 44
48 43 39
38 44 39
56 33 66
42 53 46
24 60 41
59 23 32
56 60 36
57 23 49
51 42 53
26 40 27
46 57 31
