14 3 15
590 1292
711
941 1564 2435
845 1418 2274
958 1441 2454
978 1383 2218
887 1369 2297
918 1341 2539
866 1512 2187
875 1488 2405
876 1548 2595
920 1448 2458
944 1337 2613
941 1361 2226
823 1419 2342
868 1332 2206
194 181 175
117 200 171
144 123 125
160 135 109
116 163 120
181 111 148
156 100 160
135 116 124
120 135 101
166 149 102
121 123 185
177 145 133
184 147 142
195 104 122
148 117 42
42 31 63
43 38 25
30 27 50
38 34 28
36 51 33
57 42 36
20 68 47
31 33 68
41 51 64
42 36 67
52 58 48
58 45 42
44 68 59
71 27 23
