14 3 15
391 777
337
681 1147 1581
638 1221 1597
621 1323 1769
695 1341 1679
700 1139 1809
623 1146 1758
653 1350 1851
700 1272 1593
582 1164 1778
675 1202 1758
652 1259 1825
625 1158 1787
650 1313 1778
664 1118 1794
164 110 130
152 171 183
168 115 174
100 124 129
130 139 132
150 119 147
137 165 190
135 144 112
106 101 196
142 134 122
165 148 184
166 169 128
125 165 193
117 112 182
214 42 23
41 28 51
51 37 54
49 46 29
41 37 41
50 42 55
47 29 63
45 62 44
53 52 39
54 29 31
52 49 60
35 45 59
81 84 41
51 73 35
29 37 32
