14 3 15
672 1265
559
828 1634 2224
803 1506 2585
867 1504 2276
931 1522 2435
956 1752 2204
870 1701 2504
933 1796 2553
820 1607 2192
897 1782 2178
934 1717 2539
885 1606 2614
867 1624 2428
951 1599 2302
873 1495 2480
162 151 176
100 135 154
173 133 131
130 127 104
182 179 171
193 142 131
163 100 103
164 191 195
175 109 163
145 199 151
173 100 137
174 139 112
103 145 161
173 195 147
102 39 79
42 50 38
52 65 32
26 36 30
60 53 52
31 41 46
56 54 47
45 36 28
31 62 53
29 59 39
37 41 81
33 49 59
57 55 24
44 29 39
49 17 56
