14 3 15
566 1317
937
838 1548 2631
910 1490 2282
901 1693 2558
884 1662 2608
846 1514 2546
903 1604 2490
940 1621 2442
918 1675 2631
942 1456 2569
971 1668 2575
865 1512 2498
965 1537 2520
941 1619 2534
814 1553 2269
114 153 140
148 143 111
199 150 140
109 100 108
193 109 176
125 194 181
147 150 104
135 129 174
181 182 189
149 117 140
155 150 138
196 112 179
163 120 114
180 156 143
18 188 3
35 44 35
47 46 30
38 28 34
69 64 38
32 64 42
45 28 31
39 52 39
54 43 23
29 48 28
35 52 43
54 50 57
49 40 41
64 49 44
42 33 42
