14 4 5
434 850 1935
419 1296
812
864 1356 1893 2987
736 1360 1969 2853
834 1425 2134 2769
800 1460 1978 2938
818 1502 2165 2676
850 1316 2233 2729
863 1386 1889 2973
813 1343 2175 2630
823 1344 2110 3014
790 1531 1965 2735
855 1497 2113 3015
750 1366 2217 2579
751 1358 1866 2918
850 1350 2101 2756
10 6 6 8
10 9 7 5
6 7 5 7
8 9 8 6
7 7 8 7
9 5 10 5
7 10 5 5
8 6 9 9
8 9 5 8
7 5 9 10
8 5 7 6
8 8 5 5
9 8 9 10
8 8 5 9
8 4 4 3
5 8 4 10
13 3 6 3
7 7 3 6
5 8 9 7
4 1 5 9
5 4 5 4
0 2 5 3
2 0 8 5
5 3 11 4
5 2 3 4
8 2 5 1
5 7 3 3
4 3 6 6
8 4 3 0
