14 4 5
623 1545 1653
968 1181
424
873 1547 2639 3126
814 1488 2551 3447
888 1511 2707 3350
956 1418 2610 3405
923 1505 2316 3318
911 1482 2798 3187
824 1500 2368 3599
953 1407 2336 3564
885 1409 2751 3001
938 1570 2459 3495
917 1365 2605 3460
837 1501 2414 3013
932 1564 2466 3036
841 1581 2690 3448
6 7 9 10
6 7 7 5
7 7 8 9
8 7 7 5
6 10 10 6
9 6 5 10
6 7 5 5
9 7 9 5
8 8 10 6
9 9 9 7
7 9 9 9
6 8 5 9
6 6 8 10
8 9 9 9
7 7 0 4
8 4 1 6
1 6 9 7
4 4 14 8
3 2 3 3
3 2 4 8
3 8 4 6
7 0 6 6
5 2 0 0
3 3 2 1
5 5 0 17
5 6 12 5
6 2 9 9
4 3 6 8
9 1 8 2
