14 4 5
354 1017 1246
661 958
209
519 895 1655 1948
560 998 1545 2031
482 861 1517 2048
489 945 1584 2045
579 959 1476 1959
572 894 1675 1809
494 822 1555 2047
483 934 1512 1982
548 944 1412 1822
545 1002 1412 1961
552 981 1393 2111
572 891 1430 2045
491 963 1643 1882
533 926 1450 2110
9 8 8 10
9 10 6 6
5 5 5 6
6 6 9 7
6 10 9 9
9 5 10 10
6 8 6 8
7 7 5 10
9 6 10 8
5 9 9 8
9 8 6 5
7 10 6 8
10 9 6 8
9 7 10 5
7 0 2 3
4 15 1 2
0 6 5 3
1 2 13 2
4 15 7 6
5 6 4 4
3 6 11 1
1 5 3 2
9 2 5 11
5 6 2 4
5 8 3 8
1 9 6 2
6 8 1 4
10 2 5 6
3 8 7 8
