14 4 5
484 1412 1656
1054 1236
331
887 1570 2775 3136
1014 1796 2398 3255
964 1609 2334 3483
970 1806 2355 3588
1034 1629 2608 3130
915 1853 2448 3663
923 1620 2495 3537
955 1615 2665 3574
996 1673 2768 3197
885 1618 2810 3566
955 1563 2627 3288
1017 1771 2373 3341
1016 1833 2724 3408
975 1743 2668 3284
6 9 5 10
10 6 6 8
9 5 7 8
7 10 6 10
8 7 6 10
7 7 8 6
9 7 6 8
5 5 10 9
9 9 5 9
8 10 6 7
7 7 5 5
7 10 9 6
9 9 8 6
9 9 7 5
3 4 5 1
7 4 6 3
4 3 4 6
5 13 2 7
1 10 4 4
0 1 1 4
3 8 3 7
2 7 6 8
4 5 6 7
8 4 1 1
5 8 7 20
5 0 5 3
4 2 3 15
3 6 2 2
9 1 10 2
