14 4 5
459 1114 1421
620 946
385
717 1247 1978 2469
707 1331 2005 2642
611 1279 1895 2617
643 1105 1883 2482
652 1327 1730 2906
670 1149 1954 2739
645 1154 2036 2813
685 1229 1715 2703
632 1175 1736 2766
725 1167 2053 2632
713 1157 1814 2777
665 1166 1996 2503
722 1209 1815 2630
702 1137 2080 2858
5 9 7 8
8 7 5 8
5 9 9 6
7 5 6 7
8 10 6 10
7 5 8 9
8 9 5 5
5 9 7 9
8 7 9 8
6 6 9 7
5 7 7 10
9 5 7 6
6 5 6 10
9 10 10 7
7 10 0 3
8 2 6 8
4 3 8 6
3 8 8 9
7 12 2 5
3 12 5 6
6 3 2 4
12 6 7 6
7 1 9 6
2 2 5 6
5 3 3 3
2 6 0 2
12 8 5 16
11 4 0 4
5 10 5 1
