14 4 5
405 737 1393
458 824
585
701 1165 1695 2322
642 1295 1642 2407
686 1167 1834 2528
641 1234 1765 2509
640 1216 1733 2627
605 1295 1676 2313
592 1266 1816 2310
623 1107 1757 2442
605 1279 1607 2262
680 1323 1862 2374
609 1095 1606 2660
676 1172 1748 2238
646 1253 1805 2295
657 1156 1791 2387
10 8 9 6
8 6 10 10
6 7 10 9
8 6 6 5
10 8 10 7
9 5 7 6
6 6 10 6
6 8 6 5
8 10 7 10
5 10 6 7
7 6 8 10
10 5 6 7
9 7 7 7
6 5 10 5
6 1 5 4
3 2 1 8
10 4 4 0
8 1 1 4
4 2 0 1
0 7 5 2
14 4 1 7
6 4 3 5
1 6 6 0
3 1 6 1
2 9 2 3
2 2 7 8
9 4 2 1
2 8 1 6
15 2 5 12
