14 4 5
387 986 1793
574 1236
714
774 1263 2037 2987
861 1266 2210 3210
836 1246 2127 3194
876 1158 2097 3183
830 1303 2039 3426
820 1394 1923 3170
858 1294 1847 3110
856 1232 2154 3099
737 1383 1996 3020
754 1234 1948 3153
863 1346 2016 3355
831 1376 1983 2971
862 1158 2229 3377
869 1340 2126 3170
9 5 7 9
10 9 7 7
7 5 9 9
8 8 5 9
9 7 7 9
7 8 8 9
6 8 9 8
10 6 7 5
5 7 7 6
5 9 7 10
9 5 6 5
10 9 7 6
5 5 8 6
8 10 8 8
10 0 5 1
4 4 5 1
2 5 4 4
1 1 3 6
11 1 5 4
9 11 7 4
4 8 9 1
1 9 11 10
8 7 5 1
1 2 3 2
3 7 5 1
9 8 4 3
5 8 3 5
8 1 4 2
3 4 3 4
