14 4 5
318 654 1372
392 1063
568
558 981 1402 2181
605 1055 1507 2226
580 1025 1458 2134
586 1106 1417 2257
567 1091 1627 2320
533 956 1486 2263
642 1063 1389 2458
619 953 1671 2155
530 1106 1534 2293
547 957 1591 2356
535 1012 1410 2244
592 1095 1530 2344
550 1007 1594 2370
606 950 1615 2234
6 7 7 8
6 5 9 10
10 8 9 9
8 10 8 10
7 7 6 9
5 6 6 7
8 9 7 9
5 6 9 5
9 7 10 10
7 5 8 5
7 8 5 9
9 6 9 6
9 5 7 6
5 7 5 10
5 0 9 0
8 7 6 6
7 6 6 2
3 4 7 2
13 14 8 4
1 2 1 3
4 8 0 2
1 8 8 4
1 5 4 1
4 3 3 12
2 4 4 5
10 1 7 4
3 1 6 3
2 4 3 10
9 5 6 5
