14 4 5
374 1087 1633
732 1642
642
822 1330 2211 3113
930 1223 2282 2942
827 1407 2478 3027
840 1390 2307 3312
831 1258 2131 3192
807 1253 2462 2772
934 1227 2493 3197
805 1436 2261 3287
955 1437 2127 3324
813 1394 2444 3025
880 1425 2446 3032
802 1257 2111 3119
938 1422 2443 3157
875 1401 2252 2884
8 8 9 7
9 6 6 5
10 9 5 8
7 6 5 8
9 7 6 5
7 7 9 10
8 10 10 8
7 9 9 7
7 6 6 9
9 6 7 5
7 6 10 6
8 6 8 7
9 10 9 9
10 6 10 6
3 8 6 2
7 1 6 3
7 7 5 6
2 12 3 2
0 0 6 3
9 3 6 5
1 5 11 3
8 6 4 3
11 2 6 6
6 4 9 3
8 3 8 8
4 1 6 2
6 4 8 4
5 4 5 7
2 4 7 14
