14 4 5
536 1288 1704
743 1234
723
870 1474 2276 3100
843 1422 2034 2810
864 1240 1936 2820
792 1295 2075 2595
803 1440 2257 3071
842 1450 2119 2733
849 1289 1924 2772
802 1452 2200 3072
814 1398 2138 3063
742 1390 2184 2591
836 1434 2265 2676
840 1360 2162 2940
844 1282 2198 3081
850 1459 2081 2676
8 7 10 5
7 6 10 9
6 6 6 6
5 10 5 9
6 10 6 10
7 5 6 7
10 6 6 8
8 7 6 10
8 9 7 10
10 8 6 8
7 8 5 5
7 8 10 5
10 7 5 10
6 7 6 8
0 8 2 3
7 3 5 1
2 5 9 4
4 6 4 6
7 6 0 5
3 2 5 2
9 4 3 1
3 2 2 9
2 8 16 1
2 2 7 2
7 2 4 6
8 4 8 4
0 9 4 3
5 2 6 4
2 3 7 1
