14 4 5
544 1917 2747
970 1700
778
893 1665 2978 3799
905 1672 2831 3283
1022 1858 2760 3845
997 1641 2904 3885
963 1618 2631 3850
865 1708 2616 3319
952 1818 2946 3701
1003 1741 2693 3962
924 1606 2947 3746
874 1714 2853 3916
962 1730 2728 3453
916 1582 2507 3302
970 1808 2698 3251
957 1600 2992 3330
9 8 7 9
9 10 5 6
8 6 5 8
5 6 10 5
6 5 9 8
5 9 5 5
5 7 5 7
5 5 9 5
10 10 9 7
5 6 8 8
6 5 6 7
7 8 5 6
8 7 10 5
7 5 5 7
5 12 1 0
7 9 2 1
5 3 15 2
3 5 4 4
6 6 5 0
3 3 3 8
4 4 4 5
7 5 9 1
4 2 4 2
5 4 3 6
12 4 2 4
13 1 7 7
5 4 4 6
6 9 4 3
9 5 3 4
