14 4 5
202 892 1142
653 1196
434
630 912 1664 2257
631 884 1648 2131
599 907 1425 2131
572 956 1640 2247
564 906 1572 2025
598 887 1621 2223
605 1013 1606 2129
585 949 1491 2116
618 972 1500 2095
576 1007 1667 1996
565 983 1402 2161
523 1022 1411 2303
612 1018 1461 1990
632 895 1648 2119
9 8 5 5
8 9 8 8
8 7 9 7
9 7 8 8
7 6 6 10
5 6 7 7
6 5 9 8
6 9 8 5
6 6 10 7
5 9 6 6
6 9 10 5
5 5 10 9
8 10 10 9
7 7 5 10
2 1 2 4
2 2 10 6
2 7 4 6
7 5 7 2
1 7 6 0
1 2 11 6
8 1 11 8
9 8 4 2
10 4 6 5
7 1 4 5
3 4 4 5
5 3 5 6
5 14 5 3
2 6 7 2
9 8 2 8
