14 4 5
446 1313 2118
668 1666
718
824 1313 2241 3242
900 1559 2200 3336
921 1409 2539 3391
820 1445 2278 3333
768 1365 2499 2977
927 1284 2092 3077
838 1493 2145 3195
936 1355 2212 2978
837 1498 2361 3307
774 1407 2204 2943
894 1437 2458 3335
893 1298 2226 3062
898 1461 2181 3325
847 1524 2375 3160
6 10 8 10
6 9 9 6
7 6 8 10
7 7 8 5
6 7 6 6
8 9 6 6
9 10 10 5
7 6 7 9
10 10 8 9
10 5 6 10
6 10 8 6
10 5 9 7
9 6 9 7
7 10 5 6
0 5 4 5
10 3 2 1
1 9 3 12
6 0 6 6
6 3 10 5
5 1 8 11
4 7 15 4
9 5 8 4
7 10 12 2
6 2 11 0
5 7 1 3
3 11 9 3
1 6 12 12
7 5 8 5
4 9 11 4
