14 4 5
540 1214 1899
738 1440
609
691 1333 2130 2885
710 1542 2174 2983
728 1351 2014 3035
808 1566 1959 2733
699 1412 1834 3073
796 1333 1916 2737
798 1346 1891 3048
777 1494 1914 2930
721 1398 2123 2972
780 1403 1992 2751
748 1475 1970 2836
809 1402 2095 3280
717 1364 2066 3008
698 1411 1888 2891
7 5 9 5
9 10 6 9
8 6 8 9
5 9 7 9
8 7 5 9
8 7 5 7
6 5 9 9
8 8 8 6
8 5 5 10
8 10 7 5
7 8 7 8
7 10 10 6
10 6 8 9
9 7 6 8
1 6 4 5
5 2 5 15
5 4 0 9
6 4 6 3
1 1 2 3
8 5 3 2
4 2 1 8
16 6 7 9
7 3 13 6
3 7 2 1
6 5 7 2
5 5 3 9
6 11 10 8
9 0 1 5
11 10 3 5
