3 10 10 5
1 1
1 5
2 5
1 2
3 4
3 5
3 3
1 5
3 3
2 5
2 2 3
1 3
0 
23243 132176 86967 50377 41339 57121 20034 119795 24752 87364
1 587 1274
2 601
3
1 533 1176
2 618
3
1 607 1278
2 682
3
1 544 1301
2 578
3
1 557 1286
2 626
3
1 580 1248
2 604
3
1 600 1109
2 668
3
1 519 1126
2 599
3
1 574 1230
2 607
3
1 584 1098
2 658
3
9 9 3
5 9 7
10 7 4
9 7 5
15 5 1
8 4 4
11 6 2
13 7 3
10 6 6
14 3 4
25 25 25
1096 1784 2869
976 1967 2805
997 1779 2623
1085 1957 2702
933 1631 2597
