3 10 10 5
1 1
1 5
2 5
1 2
2 4
1 5
5 5
2 3
2 3
3 4
2 2 3
1 3
0 
20694 114078 72238 40341 59283 109756 18185 37520 33761 31520
1 521 1114
2 648
3
1 531 1268
2 642
3
1 611 1201
2 657
3
1 518 1178
2 653
3
1 592 1103
2 678
3
1 556 1197
2 648
3
1 569 1294
2 577
3
1 596 1189
2 691
3
1 600 1250
2 690
3
1 527 1280
2 664
3
13 8 2
7 7 5
10 5 3
10 5 3
11 8 1
7 5 5
10 4 2
8 5 3
12 6 1
9 5 2
25 25 25
1002 1739 2948
933 1713 2734
943 1918 2789
921 1708 2673
1038 1967 2862
