3 10 10 5
1 1
1 5
2 5
1 2
2 4
1 1
2 2
1 5
3 5
4 5
2 2 3
1 3
0 
16994 88463 93636 48043 45042 17249 20917 68035 70686 46274
1 564 1267
2 650
3
1 605 1087
2 586
3
1 537 1082
2 588
3
1 543 1231
2 628
3
1 591 1248
2 622
3
1 557 1089
2 652
3
1 598 1268
2 617
3
1 598 1200
2 676
3
1 613 1086
2 672
3
1 571 1229
2 584
3
11 4 3
15 2 2
12 9 2
14 3 5
14 1 2
8 5 3
11 6 2
10 4 1
8 7 5
11 7 4
25 25 25
1001 1787 2672
1062 1769 2835
974 1731 2666
924 1857 2681
1047 1641 2728
