3 10 10 5
1 1
1 5
2 5
1 2
5 5
2 4
1 1
2 4
3 4
3 5
2 2 3
1 3
0 
17830 93069 84471 40799 15658 53368 19287 54189 31769 67453
1 571 1267
2 640
3
1 517 1129
2 638
3
1 562 1073
2 619
3
1 579 1171
2 651
3
1 591 1122
2 668
3
1 601 1304
2 688
3
1 610 1304
2 583
3
1 588 1076
2 671
3
1 509 1104
2 675
3
1 516 1191
2 594
3
7 6 3
8 5 3
14 7 1
9 6 4
11 2 3
8 4 5
7 6 5
12 3 3
9 6 2
10 8 2
25 25 25
932 1690 2436
953 1956 2561
944 1867 2535
940 1725 2457
1068 1879 2629
