3 10 10 5
1 1
1 5
2 5
1 2
1 3
2 2
1 3
2 4
4 4
2 4
2 2 3
1 3
0 
27663 131485 101943 35325 66291 14124 73656 45224 14885 49250
1 532 1172
2 678
3
1 557 1146
2 620
3
1 555 1073
2 621
3
1 528 1179
2 615
3
1 567 1101
2 686
3
1 545 1124
2 634
3
1 607 1250
2 679
3
1 594 1093
2 592
3
1 525 1155
2 633
3
1 586 1230
2 683
3
10 5 7
7 8 5
12 7 3
14 3 3
9 9 2
15 2 1
10 6 4
13 4 1
10 3 3
10 4 3
25 25 25
957 1924 2635
945 1958 2838
1075 1831 2708
958 1783 2623
1085 1856 2499
