3 10 10 5
1 1
1 5
2 5
1 2
1 2
2 5
4 5
2 5
1 2
2 4
2 2 3
1 3
0 
15190 110684 84791 33511 48980 74733 27190 110449 41289 64449
1 556 1272
2 567
3
1 551 1195
2 692
3
1 547 1215
2 584
3
1 603 1298
2 603
3
1 568 1207
2 663
3
1 524 1135
2 639
3
1 604 1149
2 589
3
1 543 1111
2 684
3
1 577 1200
2 648
3
1 612 1092
2 669
3
9 6 1
11 9 2
9 6 5
8 5 3
10 8 4
13 4 2
12 1 2
11 5 7
12 7 1
9 6 4
25 25 25
1016 1762 2539
997 1902 2732
932 1793 2577
1059 1844 2892
1002 1768 2682
