3 10 10 5
1 1
1 5
2 5
1 2
1 4
1 3
1 4
2 4
4 4
3 5
2 2 3
1 3
0 
22399 76572 77671 25595 67501 63967 75256 63800 18903 56003
1 565 1109
2 634
3
1 587 1138
2 617
3
1 583 1296
2 658
3
1 614 1219
2 570
3
1 613 1269
2 647
3
1 551 1120
2 680
3
1 528 1084
2 648
3
1 584 1119
2 665
3
1 559 1256
2 634
3
1 601 1110
2 578
3
12 7 3
11 2 2
15 4 2
12 3 1
12 4 1
10 8 2
9 3 4
12 4 3
10 6 3
12 4 3
25 25 25
917 1834 2815
1067 1740 2438
1088 1872 2961
1031 1836 2828
969 1758 2840
