3 10 10 5
1 1
1 5
2 5
1 2
3 3
1 5
2 3
2 5
3 5
2 3
2 2 3
1 3
0 
26008 83599 82288 34550 20569 108309 40350 76597 78264 45718
1 559 1152
2 680
3
1 590 1233
2 590
3
1 559 1269
2 663
3
1 583 1262
2 652
3
1 538 1282
2 594
3
1 516 1128
2 611
3
1 570 1150
2 616
3
1 593 1296
2 683
3
1 610 1207
2 669
3
1 583 1092
2 648
3
11 6 5
8 7 2
14 5 2
8 5 4
6 5 5
6 7 4
12 5 4
8 5 5
11 7 4
11 5 4
25 25 25
997 1852 2457
974 1631 2539
1078 1697 2776
962 1935 2783
1098 1659 2681
