3 10 10 5
1 1
1 5
2 5
1 2
1 3
3 4
2 5
1 5
1 2
2 4
2 2 3
1 3
0 
20106 83501 83969 38147 46095 46396 79921 84748 37814 44399
1 518 1299
2 576
3
1 524 1134
2 623
3
1 587 1106
2 603
3
1 543 1256
2 576
3
1 600 1137
2 568
3
1 588 1306
2 676
3
1 551 1169
2 580
3
1 588 1308
2 648
3
1 515 1289
2 641
3
1 558 1111
2 636
3
11 3 6
6 7 2
9 10 2
11 7 2
8 5 2
10 7 5
12 7 1
9 4 3
5 5 6
9 3 3
25 25 25
916 1759 2602
1093 1664 2436
1022 1723 2689
909 1911 2691
946 1801 2557
