3 10 10 5
1 1
1 5
2 5
1 2
1 5
2 2
1 5
1 3
3 5
2 3
2 2 3
1 3
0 
17513 67018 90402 34934 109272 16761 80755 63493 67697 45109
1 580 1179
2 642
3
1 604 1133
2 654
3
1 514 1197
2 592
3
1 584 1281
2 621
3
1 602 1184
2 612
3
1 576 1195
2 607
3
1 574 1163
2 609
3
1 519 1158
2 577
3
1 519 1202
2 692
3
1 545 1187
2 586
3
13 2 4
8 6 1
7 6 5
10 3 3
10 4 6
11 5 2
10 2 4
13 2 5
16 2 4
8 8 3
25 25 25
1014 1724 2645
1076 1657 2672
1009 1728 2610
1089 1704 2542
949 1878 2614
