3 10 10 5
1 1
1 5
2 5
1 2
3 4
3 4
1 4
3 4
2 5
1 5
2 2 3
1 3
0 
26838 75577 84230 40753 41478 28427 81622 53027 82386 102770
1 542 1276
2 679
3
1 592 1145
2 639
3
1 539 1169
2 626
3
1 531 1142
2 688
3
1 611 1256
2 582
3
1 561 1216
2 645
3
1 547 1183
2 636
3
1 600 1193
2 690
3
1 523 1094
2 652
3
1 595 1253
2 626
3
11 5 6
11 4 1
11 4 4
11 5 3
13 4 4
11 5 1
15 4 3
6 11 4
10 5 4
5 7 4
25 25 25
1029 1880 2615
965 1728 2625
995 1845 2574
989 1672 2566
965 1703 2846
