3 10 10 5
1 1
1 5
2 5
1 2
3 3
2 2
4 5
3 3
4 5
1 4
2 2 3
1 3
0 
18932 99624 67032 35566 25173 22158 49995 20655 30496 94547
1 532 1173
2 641
3
1 566 1148
2 581
3
1 522 1264
2 660
3
1 576 1078
2 646
3
1 569 1244
2 598
3
1 504 1296
2 626
3
1 607 1138
2 680
3
1 551 1203
2 650
3
1 550 1153
2 637
3
1 592 1257
2 577
3
9 8 1
11 2 6
9 5 3
10 4 4
12 6 4
10 8 4
12 5 5
14 4 2
12 4 2
13 5 4
25 25 25
997 1819 2721
947 1711 2857
983 1962 2747
905 1682 2533
1093 1687 2610
