14 3 5 1000
499 1226
648
771 1404 2148
784 1502 2066
805 1403 2064
735 1455 1990
756 1404 2244
790 1284 2158
725 1268 1948
767 1475 2195
712 1345 2041
772 1469 2017
808 1309 2208
728 1328 1946
714 1454 2035
753 1320 2101
10 10 10
6 6 8
9 7 6
5 7 8
7 5 8
9 10 9
7 10 10
10 10 10
7 10 9
7 10 7
6 7 9
8 6 5
6 8 9
10 9 10
8 5 2
0 5 2
0 2 2
1 1 3
0 2 6
1 0 1
0 1 1
1 5 4
1 3 0
1 1 2
2 4 0
1 3 1
2 1 5
2 0 2
2 2 1
0 3 0
1 1 2
2 6 0
0 1 1
2 2 3
0 0 2
3 1 0
0 3 3
2 6 1
6 2 2
0 1 1
5 1 1
2 3 1
2 1 1
2 0 1
2 3 3
4 6 0
1 2 6
1 5 3
0 0 2
4 2 1
4 2 1
2 4 1
0 0 1
0 2 6
0 0 1
3 1 3
1 1 2
2 0 3
2 3 3
3 2 0
0 0 1
1 3 3
6 2 0
3 2 0
3 4 0
4 1 1
2 2 4
0 1 2
3 3 2
1 1 2
0 3 3
0 4 1
2 3 1
1 1 2
2 6 1
0 0 1
0 0 1
0 1 2
3 2 3
2 0 2
2 4 2
4 5 1
1 2 1
0 3 0
3 2 1
1 0 2
0 4 2
2 2 1
5 2 0
4 3 2
2 0 0
0 1 2
5 3 0
1 2 1
3 3 1
2 1 3
4 0 2
1 2 3
1 1 4
1 0 0
1 3 1
1 0 1
1 3 1
0 2 0
1 2 1
2 2 1
4 2 2
2 1 0
0 6 0
6 1 0
2 3 1
0 2 2
0 0 2
4 0 1
3 0 4
1 2 3
1 0 5
4 2 1
0 1 0
1 2 0
0 0 3
3 1 0
2 3 3
0 1 2
1 0 3
3 1 1
1 0 3
0 1 2
2 0 1
5 5 0
1 3 1
0 0 1
2 1 1
2 1 1
4 4 1
0 3 0
2 1 1
2 1 0
1 4 1
2 2 0
1 1 1
0 1 1
2 2 2
2 1 1
3 1 3
1 2 3
4 3 5
3 2 3
1 1 4
0 1 1
0 1 2
2 3 1
1 1 0
0 2 0
1 0 0
2 3 4
1 0 1
0 0 2
2 2 0
1 0 4
2 1 1
2 1 1
1 0 2
0 5 2
1 2 1
2 0 2
1 2 2
0 1 0
3 6 0
2 1 0
3 1 2
2 3 0
0 3 0
1 1 6
0 0 3
0 3 1
1 1 0
3 3 1
0 3 1
0 1 0
2 3 3
6 0 1
2 1 1
2 2 0
2 3 1
1 0 1
1 4 1
0 5 3
1 1 1
1 1 0
1 1 2
1 1 3
3 4 0
1 2 0
0 2 1
5 3 6
1 0 2
2 1 1
0 2 1
0 0 1
1 3 2
5 5 0
5 1 0
1 2 3
2 5 2
1 3 1
0 1 3
1 2 0
4 1 0
1 0 3
1 1 3
0 0 1
2 3 1
2 4 2
2 1 2
1 1 4
3 1 0
3 3 2
5 0 0
2 1 6
2 0 2
1 2 1
0 2 2
0 2 1
1 0 5
1 5 2
1 1 0
4 1 1
1 1 0
1 1 2
3 2 1
1 0 0
3 0 2
0 0 1
1 0 1
2 2 3
1 2 2
0 2 4
2 2 0
1 1 0
2 0 0
1 2 2
2 2 1
1 1 1
0 1 3
0 1 0
0 1 0
1 0 3
3 1 1
2 0 4
2 1 1
0 2 3
2 1 3
2 3 2
0 2 2
3 0 2
0 2 1
3 1 2
4 2 3
2 5 3
3 3 2
2 2 0
2 3 1
1 2 1
2 1 4
1 1 2
0 2 1
1 2 1
3 2 0
1 1 4
1 1 5
2 1 1
1 2 1
1 0 0
1 0 0
0 0 0
4 1 0
3 1 4
1 1 1
0 0 2
3 0 0
4 2 4
2 3 0
0 2 0
3 1 1
4 1 2
3 0 1
3 4 2
0 1 1
0 1 0
2 4 2
0 0 2
2 2 3
2 2 0
2 3 1
4 1 2
1 2 3
2 5 2
1 1 0
1 0 1
4 2 2
1 2 2
0 2 2
2 0 2
3 0 0
2 1 3
0 5 0
3 1 3
1 2 1
2 1 6
3 1 2
4 0 3
0 1 1
0 3 1
0 1 3
1 2 1
1 3 1
1 0 2
0 0 0
3 1 2
5 3 5
0 1 3
1 2 1
1 1 0
0 1 1
2 0 1
2 1 2
0 3 0
2 2 5
1 0 1
1 2 1
0 0 4
1 1 5
0 1 2
1 2 1
2 4 2
2 2 1
1 3 1
1 1 5
0 0 2
3 1 0
3 1 1
4 1 2
0 1 3
3 0 3
1 1 0
0 2 4
2 2 2
0 1 0
5 0 3
2 4 1
2 0 1
0 2 1
6 4 2
0 3 0
2 0 2
4 4 0
2 1 2
0 4 2
3 2 3
6 2 2
1 1 2
3 0 3
5 0 0
3 0 3
0 1 4
4 4 2
1 0 3
3 0 1
2 3 2
0 2 4
2 1 0
1 1 0
1 2 1
1 1 0
2 3 2
4 0 1
1 2 2
2 1 2
1 2 1
0 3 1
2 1 1
0 2 0
0 0 1
1 0 2
1 1 3
3 3 0
2 2 1
0 3 0
1 2 0
0 3 3
1 0 1
3 2 1
1 2 1
2 2 2
2 2 1
1 0 5
3 2 0
1 2 2
3 3 0
3 2 1
1 1 4
0 1 0
0 3 1
2 3 2
3 1 1
2 1 1
2 3 1
0 1 1
1 0 2
5 2 1
2 3 1
3 4 3
2 1 2
1 4 4
1 2 1
2 0 0
0 0 1
2 0 4
2 4 0
4 1 1
4 2 3
1 1 3
0 2 0
0 1 3
1 0 0
4 1 0
2 2 4
1 1 2
1 1 0
4 0 2
0 3 2
0 1 1
1 3 2
2 0 2
0 1 0
4 1 3
0 2 5
4 2 0
1 1 2
0 4 1
1 0 0
2 3 3
0 4 1
6 3 2
2 3 6
3 0 0
4 0 0
1 2 1
1 3 2
1 3 0
1 3 0
5 2 3
1 0 0
1 2 0
1 4 2
1 2 0
2 0 0
1 2 1
3 1 3
1 2 1
3 0 2
0 5 1
1 2 1
1 1 2
3 1 2
1 2 0
0 3 0
1 0 4
0 0 0
0 0 4
0 2 2
2 0 1
4 1 3
2 0 1
3 3 1
2 1 2
0 2 3
0 3 0
3 0 0
3 1 3
5 2 0
3 2 1
1 3 1
0 1 1
3 1 2
0 0 2
1 2 1
2 3 2
0 1 4
1 6 1
3 4 3
2 1 0
0 5 1
3 1 3
2 3 2
2 2 1
4 2 4
1 1 2
4 0 3
2 1 0
2 3 3
4 1 2
2 0 1
3 0 5
2 1 0
2 2 0
2 4 0
3 2 0
0 2 5
1 3 2
0 1 3
0 4 1
0 5 4
0 1 1
0 0 0
2 3 3
6 2 5
3 1 2
4 2 2
1 0 1
5 3 3
3 1 2
2 3 2
0 1 2
0 2 2
0 3 2
3 1 0
0 1 1
1 2 0
0 4 2
2 1 0
4 1 0
0 4 1
0 4 0
0 0 1
4 2 0
5 1 0
4 5 1
0 0 3
0 2 1
1 1 3
2 3 2
2 1 0
1 1 0
4 0 3
1 1 0
2 2 5
1 1 0
0 0 4
2 0 1
1 1 1
0 2 1
1 0 2
3 4 1
1 0 1
1 1 6
2 2 0
1 4 1
1 2 4
2 2 1
2 3 1
1 0 2
3 1 1
2 2 0
0 1 4
0 2 1
0 2 2
3 0 5
2 0 2
3 1 5
1 1 1
0 1 2
0 4 1
0 2 6
2 1 0
1 1 1
1 0 1
1 2 1
0 1 3
1 2 3
3 3 1
1 1 2
1 1 4
3 2 1
0 4 1
5 2 0
0 0 0
2 1 1
3 3 2
3 0 0
2 1 3
5 4 3
2 5 4
0 2 1
0 4 0
2 3 3
2 3 0
1 3 4
0 2 4
1 0 3
1 4 5
0 3 1
0 2 4
0 1 2
2 1 2
0 3 4
1 5 4
2 3 1
1 0 0
1 2 2
0 4 3
2 1 2
3 0 1
1 2 0
0 1 1
1 1 1
0 1 1
3 0 0
1 5 2
1 2 1
2 1 3
2 2 3
2 2 2
2 1 2
0 2 0
1 2 4
1 1 1
0 2 1
0 5 3
2 1 2
0 0 1
0 0 4
1 0 1
0 4 2
0 2 1
1 1 1
0 6 1
2 3 1
0 3 1
3 1 2
4 0 1
0 0 0
3 2 2
0 1 2
1 2 4
0 1 1
2 0 0
2 1 2
4 0 1
2 0 2
0 2 0
1 1 1
0 2 0
4 3 2
1 1 2
1 2 2
0 2 1
2 1 2
3 1 4
2 0 2
0 0 4
1 0 2
0 3 2
2 0 2
1 2 0
3 1 0
0 2 6
1 0 1
2 1 0
1 0 3
5 0 1
0 0 2
2 2 0
4 2 2
1 1 3
3 1 1
2 1 3
3 4 1
2 1 2
0 1 2
1 3 5
3 2 3
4 2 0
0 1 5
0 2 1
1 2 2
1 1 1
3 2 0
1 0 2
3 1 3
2 3 1
4 5 1
0 3 1
3 1 2
1 2 2
1 1 1
1 1 1
2 0 1
2 2 6
2 4 0
3 1 1
0 4 2
0 2 2
2 1 3
3 2 1
1 2 5
3 3 4
1 1 1
1 3 1
3 0 0
5 2 2
2 0 1
2 1 1
3 6 2
3 3 0
1 0 4
1 0 1
1 3 0
1 2 0
1 1 0
2 0 3
0 1 1
1 1 2
1 0 2
6 0 1
0 6 1
6 5 2
0 2 3
0 3 1
0 0 3
1 2 3
2 0 0
1 2 1
3 0 4
1 0 2
0 1 2
0 0 1
1 1 3
2 0 1
1 2 0
5 3 2
0 2 1
2 3 1
4 0 1
3 1 0
1 3 3
2 0 0
2 1 0
1 0 4
0 1 0
2 5 0
0 0 2
1 1 1
1 2 0
1 0 0
1 0 1
3 3 4
0 0 2
3 1 4
0 1 1
0 3 2
1 4 1
2 2 2
0 0 2
3 2 4
1 1 1
4 0 0
3 3 2
1 1 0
3 1 1
3 1 0
2 1 0
0 1 1
4 2 4
1 1 3
1 4 1
3 1 2
0 1 1
2 0 2
0 3 1
3 5 1
4 0 0
0 1 5
6 0 3
2 0 3
1 2 2
2 1 2
3 4 0
1 2 2
2 1 4
1 2 1
3 5 4
2 2 2
0 6 4
0 0 3
0 4 4
0 0 3
3 0 4
1 3 0
2 0 1
1 2 3
2 0 1
0 5 2
3 1 1
2 1 0
0 2 1
1 2 3
3 4 1
1 2 0
2 4 3
1 1 0
2 1 0
0 2 1
3 4 3
1 1 1
3 2 3
1 1 0
0 0 3
1 0 0
1 0 0
2 3 3
3 2 3
0 0 1
1 2 0
5 1 1
0 1 2
2 0 3
0 2 2
0 0 2
1 1 1
2 1 6
1 1 1
2 0 4
2 0 3
0 1 3
2 1 0
3 2 2
3 0 3
3 3 3
1 1 2
0 0 4
0 3 2
2 1 2
2 6 1
2 2 0
0 2 1
0 0 2
1 2 1
0 1 3
3 1 2
2 2 0
0 1 1
0 2 2
0 1 1
3 0 5
2 1 2
1 1 1
1 2 3
3 0 5
3 2 2
1 1 1
2 0 1
1 3 3
0 1 1
0 1 1
0 4 3
4 0 2
3 2 0
3 1 1
5 2 1
2 1 2
0 1 3
0 0 0
2 0 2
0 0 6
2 3 1
1 2 0
2 1 1
3 1 2
3 0 1
2 3 1
0 1 2
0 2 0
1 1 0
0 1 2
0 1 0
1 4 2
2 4 3
1 4 4
1 4 2
0 3 0
2 2 2
3 0 1
0 1 1
0 2 2
0 4 0
1 3 2
0 1 0
2 3 0
2 0 3
0 1 1
0 1 4
0 1 3
1 2 0
1 4 1
1 2 3
5 1 1
3 2 1
1 1 4
4 1 1
2 0 4
1 0 0
0 0 1
0 4 2
0 2 0
0 3 3
1 4 1
0 0 1
2 0 1
4 0 0
2 0 5
0 2 2
1 2 2
1 2 1
1 1 4
1 0 1
0 0 1
0 4 1
0 1 2
3 1 1
4 0 3
1 2 1
3 0 1
0 1 1
5 2 1
2 0 0
3 0 1
0 4 3
5 3 0
4 1 2
5 2 0
0 1 2
0 4 2
0 1 2
3 0 0
0 2 4
1 1 3
0 0 0
0 1 3
2 0 3
0 1 0
1 0 1
4 1 6
3 0 2
2 3 0
3 1 0
0 2 3
3 3 2
3 1 4
1 2 3
4 3 2
3 0 2
2 2 3
1 1 2
0 1 0
2 4 0
0 4 1
5 2 3
2 2 2
0 0 1
1 3 2
0 3 0
3 2 2
1 0 3
1 2 0
2 1 2
1 1 0
1 2 2
5 0 2
0 4 3
1 1 1
1 0 1
0 4 2
2 3 0
1 2 4
2 0 1
1 2 1
0 0 0
3 1 2
1 0 4
1 2 0
1 3 1
0 0 0
0 1 1
2 1 2
1 0 1
0 1 1
2 2 4
0 4 3
1 1 5
1 0 2
6 1 1
2 0 2
1 1 1
0 1 3
3 3 2
0 1 3
2 2 1
3 2 3
2 0 4
0 1 1
0 0 5
2 5 0
2 1 0
6 0 2
6 2 0
1 0 0
2 1 3
2 0 2
1 1 0
0 5 2
1 3 0
2 2 1
3 1 0
0 3 3
5 1 3
1 5 0
0 3 4
1 1 4
1 3 0
2 0 1
0 3 0
2 2 0
0 2 1
1 0 0
0 2 0
6 1 3
1 1 1
1 1 1
2 0 0
0 1 1
2 3 1
3 2 0
0 2 4
4 1 3
2 1 2
1 0 3
1 6 0
1 4 3
1 2 2
1 2 2
0 3 2
0 2 2
0 0 0
2 3 0
0 0 1
0 0 2
4 3 1
0 0 1
5 4 3
4 0 0
1 3 0
1 0 5
1 1 1
4 1 0
4 1 3
3 0 4
1 6 1
2 3 1
2 0 1
4 1 1
1 2 2
2 0 0
2 1 1
2 1 0
1 1 1
1 2 1
3 1 5
0 1 1
2 1 2
2 2 5
1 0 3
1 0 2
1 1 3
0 3 3
3 0 2
1 2 2
2 3 2
3 4 1
0 1 3
3 2 2
2 1 2
0 2 1
3 1 0
3 0 2
3 5 0
0 1 2
2 1 0
1 0 2
1 4 0
2 5 2
1 2 1
1 2 4
0 0 1
1 3 2
2 0 2
0 2 0
4 2 1
2 5 1
0 0 3
0 1 1
4 1 1
0 1 4
5 4 1
2 1 4
1 0 0
5 1 3
2 5 1
3 0 6
2 0 1
1 0 3
2 1 1
1 2 1
1 1 1
1 3 0
2 1 1
2 4 0
1 1 2
4 2 1
2 1 1
0 0 0
2 2 0
5 2 0
5 0 0
5 2 1
3 1 0
1 1 2
0 1 0
0 2 3
0 2 0
1 2 1
2 1 0
3 0 2
2 0 1
3 1 1
1 0 0
0 3 3
2 0 4
1 0 3
2 1 1
2 0 1
1 0 0
3 0 1
0 4 1
1 2 1
0 2 1
0 3 1
4 2 0
2 1 0
0 2 4
1 1 2
0 2 3
1 4 0
3 0 2
1 0 1
1 3 2
3 0 0
1 2 0
4 2 2
6 0 1
2 2 2
0 1 0
3 0 2
3 1 3
3 1 2
1 0 2
3 1 0
2 0 2
1 4 0
1 2 2
1 1 1
1 2 0
3 2 2
0 0 1
1 2 1
0 3 2
1 1 1
0 2 2
1 2 0
2 0 2
3 4 0
4 6 0
0 4 1
0 2 1
0 0 1
3 2 1
0 0 0
1 1 1
5 1 3
1 3 1
2 1 3
1 1 1
1 1 2
2 4 1
2 5 0
2 2 0
1 2 0
3 3 1
2 0 1
4 5 2
1 1 4
1 1 0
3 0 2
0 2 1
1 1 0
4 1 1
3 2 3
4 5 3
1 3 1
3 3 2
0 3 3
1 2 2
0 0 4
5 3 0
2 5 4
1 1 5
1 2 2
2 2 4
2 2 4
0 2 3
3 3 2
3 4 1
1 2 0
1 5 3
0 0 0
0 0 5
3 1 1
1 0 3
0 1 0
0 1 5
1 1 3
2 0 0
1 0 3
1 0 1
0 1 1
4 0 0
0 1 3
2 1 2
1 2 1
1 0 2
2 1 1
1 1 3
1 1 1
1 1 6
1 3 4
1 4 0
1 1 1
4 1 3
0 5 0
1 3 0
0 4 1
0 2 2
0 2 2
2 1 1
2 1 1
0 0 5
4 1 2
0 0 2
3 1 2
1 0 1
2 0 2
0 0 1
0 0 2
1 3 5
0 3 3
2 2 2
1 1 3
5 4 3
0 3 3
2 0 0
1 0 1
6 1 0
0 1 0
1 1 5
4 0 1
0 0 0
2 1 1
3 2 0
4 1 1
1 0 3
1 0 6
3 2 2
1 3 0
1 3 1
1 0 1
1 1 0
2 4 1
1 0 1
0 1 1
1 2 2
1 2 3
1 0 0
1 1 4
4 3 1
0 1 3
3 3 2
2 1 0
2 1 1
0 2 5
0 0 0
2 1 2
0 1 2
1 1 1
4 0 1
0 0 5
4 2 0
1 0 2
1 0 2
0 1 0
2 1 1
0 0 4
4 3 2
6 0 1
3 1 0
0 2 6
1 2 1
1 3 0
3 0 1
4 2 3
2 0 1
2 2 0
4 1 3
2 1 0
0 1 1
0 4 0
0 0 2
2 0 0
3 1 2
0 1 1
2 1 1
1 1 5
3 1 1
0 0 2
1 4 0
2 0 2
1 1 2
1 1 2
5 4 1
3 0 4
0 1 0
1 4 1
2 1 5
0 3 0
0 1 1
1 4 2
0 0 0
1 1 2
2 3 1
1 0 1
0 4 3
0 2 0
1 1 2
1 1 1
1 2 2
0 3 0
3 1 1
1 0 1
2 4 3
4 0 1
3 0 3
1 2 1
2 0 1
4 4 3
1 3 3
0 3 2
3 0 0
1 5 1
4 1 1
4 0 0
2 1 2
1 1 0
1 0 1
0 2 2
2 1 1
0 0 2
2 3 3
2 0 1
3 2 1
2 3 4
0 3 0
2 1 3
1 1 0
2 1 5
1 1 1
1 1 4
4 1 4
3 3 0
0 3 0
1 3 1
4 0 2
3 0 0
3 0 2
4 0 2
5 4 0
1 0 4
1 2 2
2 0 1
2 0 4
0 2 5
2 1 0
2 2 1
1 0 0
2 1 0
3 2 1
2 3 2
0 1 1
1 4 1
0 3 2
5 1 1
1 3 2
0 0 4
3 3 0
4 0 3
4 4 1
2 2 1
1 4 0
3 1 0
0 0 0
0 1 1
1 0 1
3 1 1
0 1 2
5 0 0
1 0 0
4 0 1
0 2 1
3 2 5
1 3 1
1 3 1
2 3 0
1 1 2
1 0 2
3 4 1
1 1 0
6 4 2
1 1 2
1 2 2
0 1 3
1 0 1
0 1 1
1 1 3
5 3 0
2 1 4
1 1 3
2 1 1
1 0 1
4 0 4
1 0 2
4 1 4
1 2 4
0 5 2
1 2 3
0 3 4
0 0 2
1 0 1
5 1 1
2 2 3
0 2 1
3 1 2
1 1 1
2 0 3
2 3 1
2 0 0
1 0 2
1 5 3
0 2 1
3 0 2
6 2 1
1 1 2
1 0 2
4 1 0
1 3 0
4 0 0
1 2 1
0 1 2
6 0 3
0 4 3
0 0 1
3 1 1
1 1 2
1 1 1
1 1 1
0 2 1
0 0 1
0 1 4
1 1 5
1 1 1
4 1 1
2 2 0
0 1 3
4 0 4
1 3 0
1 3 2
1 2 1
2 2 2
3 1 4
0 1 1
3 2 4
1 1 1
1 2 1
2 1 2
0 0 3
1 0 4
0 2 2
0 1 1
5 1 1
2 5 0
3 4 1
2 0 1
4 1 3
1 0 5
1 0 5
4 5 0
2 2 1
3 0 3
0 0 2
2 5 2
3 0 4
2 2 0
1 0 1
2 2 1
0 3 1
2 1 3
1 4 1
2 3 1
0 1 2
4 1 3
0 3 2
1 2 2
3 3 3
1 4 1
2 0 0
3 1 0
2 1 1
2 1 1
2 3 0
0 2 1
0 0 2
0 0 1
0 0 2
0 1 1
2 0 1
0 1 1
1 1 2
1 2 0
1 0 2
1 2 0
0 0 0
5 2 1
3 0 1
1 4 2
3 1 1
0 0 0
0 1 2
0 1 3
3 2 2
3 0 2
1 0 3
4 2 2
2 0 1
0 2 3
2 0 2
2 2 1
2 4 1
0 4 3
3 0 1
1 5 0
2 3 0
1 0 0
2 3 0
3 0 0
2 1 3
0 0 0
1 6 3
1 4 2
3 2 2
1 1 3
0 2 2
3 1 3
3 2 4
2 0 2
2 0 0
1 2 2
2 3 0
1 1 4
2 1 0
1 1 2
4 0 3
1 1 1
3 1 3
0 0 2
0 2 1
0 0 1
0 1 1
1 1 0
0 3 1
1 1 1
0 2 1
3 3 3
0 2 3
2 2 1
1 1 3
1 2 2
1 3 3
0 0 3
2 2 1
2 3 0
1 1 2
1 1 2
2 2 6
1 3 3
3 1 2
1 1 4
2 0 2
4 1 2
4 0 3
1 1 3
0 1 0
1 3 1
1 1 1
1 0 1
3 1 3
0 2 1
2 0 0
1 1 0
0 1 1
1 0 1
2 0 1
0 1 0
4 0 3
0 1 0
2 2 2
3 4 3
1 3 1
1 6 0
1 3 1
3 3 2
0 2 0
2 2 0
2 2 3
2 0 2
1 0 2
2 2 3
5 0 2
0 1 0
4 5 3
1 2 1
0 3 1
0 0 2
3 1 3
0 1 3
1 1 0
0 2 1
1 3 2
3 0 2
6 2 0
1 3 0
1 0 1
1 1 2
1 1 3
0 4 2
2 0 0
1 1 2
3 2 1
0 2 4
0 2 1
2 0 0
0 1 1
3 1 2
1 1 2
0 1 2
0 1 0
1 1 2
0 1 3
2 0 1
1 0 1
1 1 3
1 3 2
3 1 3
2 0 3
4 4 0
1 1 1
0 1 0
2 4 1
2 0 1
4 4 1
2 3 0
1 1 2
0 1 4
3 0 6
2 3 0
0 2 2
0 1 2
0 1 1
0 0 0
2 1 2
4 1 2
0 3 4
1 1 0
1 0 3
1 4 2
2 4 0
1 0 1
4 4 2
3 2 1
2 3 1
1 1 1
0 2 1
0 1 1
2 2 2
0 6 1
0 4 2
2 2 4
1 2 3
3 0 0
4 1 0
1 0 1
3 1 0
1 1 1
5 5 0
1 1 5
0 1 0
0 0 0
5 1 0
1 0 1
3 1 1
3 0 0
0 2 4
1 0 0
1 0 1
1 2 1
5 5 1
1 2 1
2 2 5
2 3 1
3 3 5
0 4 2
2 4 1
3 0 1
1 1 0
3 3 2
1 0 1
0 0 1
2 3 2
6 1 3
1 3 0
2 0 1
0 0 1
1 1 2
4 2 0
0 0 4
3 1 1
0 1 1
5 1 1
1 0 3
3 3 0
0 2 1
2 2 1
3 2 1
1 1 2
3 1 2
2 1 1
0 0 1
2 1 1
0 1 1
0 1 2
0 0 1
1 4 1
3 3 0
0 4 5
4 1 4
3 2 2
0 2 2
1 0 0
2 5 0
3 0 0
0 0 2
0 1 1
4 2 1
0 0 2
2 0 0
1 3 1
4 2 0
2 1 2
2 1 1
1 1 4
2 2 0
0 1 1
1 1 0
1 1 2
1 5 1
1 0 1
2 0 1
0 0 0
2 0 1
1 1 2
0 1 6
0 1 1
1 5 1
2 1 2
2 0 0
2 4 1
1 1 2
1 2 0
0 0 4
2 1 3
2 0 0
2 6 2
1 0 1
4 2 0
0 0 1
1 0 0
1 4 1
1 1 4
3 1 0
1 3 0
6 3 1
3 2 3
4 0 3
1 1 2
2 0 0
2 1 4
2 1 4
1 4 3
0 4 0
3 3 1
0 3 5
1 1 1
4 2 0
3 1 0
0 2 2
0 3 0
1 1 0
0 1 0
4 2 2
0 2 5
3 0 1
2 0 0
1 0 2
2 1 0
2 2 0
2 3 1
0 3 0
0 0 1
1 2 2
1 0 4
4 1 5
2 0 4
2 1 2
2 0 0
2 2 0
1 3 2
1 2 0
0 2 3
4 3 1
2 2 1
2 0 0
0 1 0
4 1 1
2 1 1
3 0 2
1 3 1
2 2 1
2 2 0
0 2 0
2 1 1
4 0 4
2 0 1
0 0 0
4 1 2
2 0 2
0 1 0
1 2 1
0 1 0
4 2 2
1 1 1
2 3 2
3 0 0
4 0 2
0 0 2
5 2 3
2 2 1
0 3 0
3 1 4
2 4 1
2 1 0
1 0 0
1 0 4
0 0 2
0 0 3
3 1 1
2 0 2
0 0 1
0 2 2
4 3 3
1 1 2
1 2 2
5 1 1
0 0 2
3 2 2
2 0 2
2 1 0
3 1 1
1 2 0
1 1 2
0 2 2
3 1 5
3 3 1
2 1 1
1 0 1
3 0 0
0 5 2
1 0 4
1 0 0
2 2 3
5 2 1
3 1 1
2 1 1
3 1 1
2 1 2
2 1 1
1 1 2
0 0 3
0 2 0
1 1 0
1 0 4
3 2 1
0 1 0
2 0 0
1 1 0
2 0 3
1 2 2
1 2 2
1 0 0
2 0 2
2 6 1
2 5 2
2 1 4
3 2 5
2 2 3
2 2 0
2 1 4
1 1 4
2 1 0
0 0 2
3 2 1
4 2 5
5 0 3
2 1 2
4 1 1
2 2 1
1 1 0
0 1 0
0 2 4
2 0 2
2 1 0
1 2 2
1 0 0
1 2 1
2 2 0
1 1 4
1 2 1
0 0 1
2 4 2
2 0 2
1 1 3
1 0 0
3 2 4
1 1 1
2 2 2
0 2 1
0 1 2
2 1 4
2 1 2
0 1 2
2 1 0
0 1 1
2 0 2
1 1 0
1 0 0
3 3 0
1 0 2
0 0 0
1 5 0
3 3 1
0 0 2
1 2 3
0 3 2
2 1 1
2 0 0
2 1 5
2 2 2
1 0 1
0 2 2
1 3 2
2 2 3
0 1 0
2 0 0
0 3 0
2 2 3
3 0 5
1 1 5
2 1 2
1 1 2
1 2 0
1 0 0
4 2 3
3 2 2
2 3 3
2 0 4
2 0 1
1 3 1
1 0 4
2 0 1
1 2 3
0 1 4
1 1 2
3 0 2
0 1 1
0 1 2
0 3 0
1 1 0
5 3 3
2 1 0
2 1 0
0 1 2
3 0 0
1 0 0
1 2 1
4 3 1
1 3 3
0 2 0
5 3 0
3 5 2
2 1 0
2 2 0
1 4 0
4 2 3
1 1 1
2 1 1
1 2 0
1 1 0
1 2 2
1 2 2
2 3 3
0 2 1
2 1 0
2 1 0
0 0 0
2 1 5
3 0 0
1 0 1
3 5 1
2 1 1
0 0 5
0 2 3
2 0 0
1 0 3
2 0 1
1 2 2
2 1 5
1 0 2
3 3 4
2 1 4
2 5 1
2 2 1
3 1 1
0 2 1
2 0 0
1 0 0
1 1 0
5 2 4
0 2 2
4 5 2
0 0 2
1 1 3
3 2 2
3 0 1
0 4 2
3 1 2
2 3 3
0 5 2
2 3 1
1 3 4
1 0 3
0 3 1
2 0 2
3 0 4
0 3 0
0 2 5
0 0 1
1 0 2
0 2 0
1 0 1
4 5 0
2 0 1
3 3 2
4 0 2
3 2 2
3 0 1
0 4 0
0 1 1
0 3 0
0 3 1
1 0 3
0 1 1
0 1 3
0 4 1
1 2 6
1 1 1
3 1 2
1 0 0
3 0 0
3 2 0
2 1 1
3 0 1
2 6 0
1 1 1
0 3 1
1 0 1
2 0 0
1 2 2
3 3 1
6 0 0
0 2 5
0 1 2
1 0 2
2 2 2
2 1 4
4 0 4
2 0 0
0 1 1
0 2 1
1 2 1
0 1 2
0 1 2
0 0 1
1 0 1
2 3 1
6 2 1
0 0 1
0 0 2
0 4 4
5 2 1
1 3 2
0 2 0
1 2 2
1 1 1
0 2 2
2 2 3
1 3 6
4 1 1
2 1 3
0 2 3
1 0 1
0 1 2
0 2 2
2 5 2
1 5 1
0 1 2
1 0 2
0 2 0
1 2 1
1 2 1
1 2 3
2 2 1
1 1 1
2 2 4
5 2 1
3 1 1
3 2 3
0 0 0
4 0 0
1 1 0
1 1 1
2 1 3
0 6 0
5 3 0
1 1 2
1 2 2
3 1 4
1 2 2
1 1 1
0 3 2
0 4 0
4 2 5
3 1 1
4 5 2
1 1 3
0 1 3
2 2 0
1 5 2
2 2 2
2 0 4
1 0 1
1 2 2
0 1 1
1 3 2
0 0 2
2 6 4
3 3 3
3 2 2
0 1 1
4 4 3
2 0 0
1 1 1
3 2 0
1 1 5
1 2 2
3 4 0
2 2 2
2 2 1
3 1 3
1 0 4
2 0 6
0 2 3
0 1 0
0 2 3
2 1 2
4 1 1
3 1 3
1 2 1
0 3 4
2 3 1
4 0 4
0 0 1
3 4 3
1 3 2
3 2 0
1 3 0
1 1 1
1 1 0
5 1 1
3 1 0
2 3 1
0 0 3
0 1 1
2 1 1
3 3 1
0 4 1
3 1 3
2 3 2
4 0 2
0 1 2
0 1 1
2 0 4
2 2 1
1 2 2
1 3 0
0 0 0
1 3 1
0 3 2
1 3 2
2 0 2
6 0 2
0 1 1
2 1 1
4 4 3
1 1 3
1 3 2
2 2 1
1 2 3
5 2 1
0 1 0
2 1 0
1 3 1
1 0 1
0 1 1
0 2 0
0 0 0
2 0 2
0 1 4
0 0 2
1 0 1
2 2 6
0 4 0
2 1 0
2 2 1
1 1 2
3 2 1
0 4 3
1 3 1
3 2 4
2 0 2
1 3 2
0 1 2
2 0 1
2 2 5
0 3 4
0 2 2
2 2 3
1 5 0
3 1 0
1 0 2
6 1 1
0 5 0
1 1 0
1 0 1
2 1 0
1 1 0
2 2 4
1 2 1
2 1 0
1 1 0
3 0 3
1 2 2
2 0 1
1 2 0
0 2 4
2 0 1
0 3 1
2 5 2
0 2 1
6 0 3
3 2 1
1 5 0
0 3 0
1 0 1
0 5 0
4 4 2
1 2 1
2 2 2
2 4 4
2 2 2
1 2 0
0 1 1
0 0 1
4 3 1
1 3 0
2 1 0
2 1 1
0 1 1
4 0 2
4 2 5
0 4 5
0 1 2
3 2 0
2 2 0
2 2 3
0 2 0
0 2 4
2 2 1
0 2 0
1 2 1
2 1 3
1 1 2
1 2 1
2 2 0
0 2 0
2 4 1
1 2 1
0 3 1
1 0 4
1 1 2
0 0 0
1 1 3
2 2 2
0 5 1
2 0 0
0 3 1
2 2 2
1 2 2
3 1 2
2 4 0
1 0 2
2 1 2
1 2 0
1 1 1
1 0 2
1 1 2
1 3 0
4 1 2
4 2 0
2 1 4
1 0 0
2 1 0
1 3 3
0 1 3
0 0 2
1 0 0
3 0 3
0 1 3
3 1 2
1 1 5
0 3 1
1 1 2
1 1 0
1 0 1
1 1 0
1 2 0
1 0 0
0 0 3
0 1 1
0 0 1
2 1 1
1 1 1
3 0 3
4 0 0
0 0 0
3 3 0
0 2 0
2 5 3
1 0 2
2 1 4
0 3 1
0 1 1
1 1 3
0 0 2
3 1 4
5 5 0
0 4 0
1 3 3
0 1 2
2 2 3
1 4 1
2 2 1
0 1 3
4 1 3
2 0 1
0 3 1
0 1 3
0 3 2
1 5 1
1 0 2
4 1 1
0 2 2
2 6 5
1 1 1
0 1 0
3 0 1
0 1 1
0 3 2
4 5 1
3 2 1
4 0 2
5 0 2
1 0 1
3 2 2
2 1 1
2 4 0
1 1 2
3 1 0
0 2 0
2 2 1
1 1 0
2 1 0
0 0 1
1 3 0
0 6 2
0 1 1
3 2 2
0 3 0
3 2 0
1 1 3
0 0 4
2 1 2
2 1 3
2 1 2
0 0 1
1 2 2
6 1 1
4 3 1
1 1 3
0 1 1
1 1 2
0 2 2
2 1 2
1 1 3
3 3 0
2 2 2
2 1 1
1 1 1
1 0 3
1 1 1
3 2 0
2 1 0
5 0 0
2 4 2
3 2 1
1 0 0
0 4 0
0 3 0
3 2 0
1 0 2
0 0 4
1 2 2
2 0 2
1 2 5
0 2 4
1 2 3
6 1 0
1 0 0
0 3 3
1 3 0
0 1 1
1 1 0
0 1 2
1 3 1
0 1 1
4 0 0
1 1 2
4 1 3
0 2 3
2 1 2
0 4 0
3 3 1
1 1 1
1 1 1
1 1 2
1 1 2
2 2 1
0 0 0
2 3 1
1 2 4
4 4 4
1 0 1
2 1 2
3 0 0
2 3 1
0 1 1
2 0 5
3 0 1
1 2 3
1 2 0
1 0 4
1 1 0
3 1 2
2 4 3
1 2 1
0 2 1
2 2 1
5 1 0
1 0 1
2 1 1
1 4 3
1 2 1
3 0 1
1 0 0
1 2 3
1 0 1
2 3 0
0 1 3
1 1 3
2 0 3
2 3 2
1 6 3
0 1 5
0 2 2
2 0 3
2 3 3
0 2 0
3 1 0
3 0 3
1 0 2
1 1 1
4 0 1
0 3 0
0 5 4
1 3 2
2 0 2
3 1 2
1 1 0
1 2 3
2 5 1
1 3 4
2 1 2
1 1 3
0 0 1
0 0 1
4 2 1
1 1 0
1 5 0
2 3 1
3 0 1
1 0 3
2 1 3
2 1 3
3 1 1
0 1 2
0 1 2
2 1 3
1 3 1
1 2 4
1 3 2
0 0 1
3 0 1
2 1 0
2 1 2
0 4 2
0 0 0
2 5 2
0 0 3
3 0 1
0 2 1
4 1 1
1 1 3
1 0 1
5 3 1
3 2 5
2 0 3
1 4 0
2 3 2
1 3 3
1 4 4
2 1 2
1 2 1
5 3 2
1 1 1
3 2 0
2 4 0
2 0 0
1 0 0
2 2 3
0 1 1
4 1 1
3 3 3
2 2 0
3 2 1
2 2 2
0 2 0
1 2 2
2 1 1
1 4 1
2 2 0
1 2 0
2 1 2
4 1 1
1 3 1
0 4 2
0 0 0
2 1 5
2 0 2
1 2 4
4 0 2
3 6 3
1 3 2
4 2 1
5 1 3
1 0 1
0 2 2
1 0 3
0 4 2
0 1 0
0 0 0
2 4 2
4 1 1
1 4 2
0 1 2
2 2 0
4 0 1
0 5 2
4 0 0
0 2 0
4 0 0
1 2 3
3 2 3
1 1 1
3 0 0
0 2 4
0 0 0
1 5 4
4 1 1
0 3 1
0 1 3
1 0 2
1 1 1
1 2 5
0 2 1
0 2 3
3 3 3
0 3 1
0 1 4
2 2 1
0 1 4
0 1 3
3 1 0
2 1 3
5 1 3
0 1 1
1 2 4
3 1 1
2 0 4
1 5 2
3 1 1
4 0 6
1 2 4
1 2 2
3 6 3
4 4 0
0 1 0
0 1 0
1 2 0
3 2 0
2 2 1
4 0 3
2 0 0
3 4 2
0 1 0
2 2 1
0 2 1
5 0 0
1 2 1
1 3 0
2 4 3
3 2 0
1 2 3
4 1 3
1 0 2
3 2 0
0 0 1
2 3 2
3 1 0
1 3 1
0 2 1
0 0 2
0 0 0
1 2 0
1 0 1
2 3 1
1 1 0
2 3 2
1 1 0
1 2 1
0 2 0
4 0 2
2 1 5
0 5 3
2 1 3
2 1 4
4 1 2
3 3 1
3 1 0
0 2 2
5 2 1
4 0 4
1 2 5
3 2 2
0 1 2
2 3 0
3 1 2
3 0 4
0 0 0
3 1 4
3 4 2
2 5 4
2 1 3
4 0 0
1 6 1
1 4 1
3 4 3
0 4 6
0 0 3
0 2 1
0 3 0
1 0 3
1 4 4
1 1 2
2 0 1
3 2 1
3 0 1
1 1 2
1 0 1
1 1 0
2 4 1
1 3 0
1 5 0
2 1 1
3 1 4
0 2 1
4 1 1
4 4 3
2 1 0
2 1 2
2 3 1
1 2 2
0 2 4
2 2 1
0 3 4
2 2 4
2 1 5
1 1 1
5 6 2
5 2 1
3 1 1
1 1 4
3 1 2
1 1 0
0 3 2
1 2 0
1 1 0
0 0 2
1 2 4
0 2 0
2 0 0
1 0 0
0 0 1
0 3 0
5 0 0
2 0 1
1 2 0
1 2 0
0 2 5
1 3 1
3 3 4
1 0 3
3 0 2
2 1 5
2 2 5
4 3 2
1 1 1
0 2 3
3 3 0
2 1 2
3 2 0
1 3 5
2 0 2
3 2 2
1 3 3
1 2 0
1 0 1
1 1 1
1 2 1
1 4 3
3 0 1
2 0 3
3 1 1
0 5 2
3 1 2
0 1 3
2 2 1
1 0 4
1 2 2
0 2 1
0 1 2
3 0 0
1 1 4
0 3 1
3 2 1
4 1 2
1 4 4
0 1 3
3 2 0
1 1 3
6 2 1
1 0 4
0 2 1
2 3 1
4 1 0
2 0 2
0 3 1
3 1 4
1 0 3
2 1 3
2 1 1
3 0 2
3 4 3
2 2 3
2 1 2
2 0 1
0 0 0
1 1 1
1 2 2
3 4 1
1 0 0
1 1 1
4 0 3
2 0 2
2 0 2
0 2 1
1 2 1
3 3 2
2 1 5
3 0 1
4 1 3
4 0 2
1 0 3
1 2 1
0 1 2
1 2 2
2 3 2
4 2 1
1 0 2
2 4 2
4 1 0
1 3 1
3 4 1
0 1 4
0 3 0
1 1 1
2 0 1
0 3 2
2 1 1
3 0 3
1 2 2
2 1 0
2 1 1
1 0 2
2 1 0
1 4 3
0 3 1
2 4 0
2 0 2
0 2 1
2 2 3
1 0 2
3 2 1
3 3 0
2 3 1
1 5 0
2 3 2
2 2 0
1 1 5
2 2 4
0 2 0
0 1 4
1 1 1
3 2 1
0 0 0
2 2 2
0 0 1
0 1 0
0 2 1
1 5 0
3 1 1
2 2 2
3 1 0
2 2 2
0 0 3
2 0 1
0 3 1
1 0 3
0 1 1
1 2 2
0 4 0
2 1 1
0 0 1
2 2 2
1 1 1
0 2 1
1 1 2
4 1 5
1 1 3
1 0 3
3 1 1
2 0 4
1 3 1
0 2 5
3 1 1
3 3 1
4 0 5
5 1 4
5 3 1
1 0 0
2 2 1
2 4 1
4 5 2
1 3 0
1 6 0
2 1 1
2 3 3
0 3 1
0 0 2
2 2 2
2 1 1
3 3 0
1 1 1
2 2 1
1 2 3
1 3 1
2 0 2
1 6 0
2 3 1
4 2 2
3 2 5
3 1 2
1 2 2
1 2 5
1 2 0
2 1 1
0 3 3
2 3 1
1 2 4
3 0 0
0 2 1
1 2 1
1 3 1
4 1 1
2 4 6
2 3 2
3 0 4
3 1 3
1 0 0
0 1 5
2 2 2
5 0 0
3 1 2
3 1 2
0 0 0
0 1 2
2 3 1
1 3 0
3 3 3
2 3 2
3 0 2
2 0 1
2 1 0
3 4 2
0 4 0
1 1 2
3 1 4
3 0 2
0 0 5
1 1 1
1 1 3
2 0 0
3 0 2
2 2 2
2 2 1
2 0 1
1 2 1
0 2 1
0 2 1
1 0 0
3 3 1
3 1 3
1 1 0
2 0 1
1 1 0
2 2 1
2 0 3
2 1 1
2 1 1
0 1 4
1 1 1
0 1 4
0 5 1
0 5 6
0 4 2
2 1 3
0 1 4
1 3 1
0 4 1
2 0 1
2 2 2
3 2 0
2 1 2
0 5 1
1 0 1
1 0 1
1 2 3
3 0 1
1 0 0
1 2 1
1 1 3
1 1 0
2 0 1
2 0 1
0 5 2
3 0 0
1 2 1
0 1 2
1 0 2
1 0 1
1 2 1
3 2 1
0 2 1
2 0 1
0 0 1
4 1 3
0 0 0
5 6 2
0 0 2
2 1 1
0 0 3
4 2 0
2 4 1
2 0 3
0 5 2
0 2 3
1 0 1
0 3 3
2 0 0
4 2 1
2 1 0
0 4 2
2 3 2
0 5 1
2 1 3
1 1 0
4 3 1
0 2 0
1 2 2
0 3 1
2 4 1
2 0 1
1 2 0
1 1 1
1 1 1
3 2 2
1 1 1
4 2 2
1 5 2
2 3 1
0 0 0
1 0 0
0 0 0
0 1 0
0 0 2
1 1 2
3 0 0
1 3 1
3 1 5
3 2 1
1 1 1
1 1 1
1 5 2
3 1 0
5 0 0
1 1 1
1 1 2
0 1 1
1 2 1
1 3 2
1 3 1
2 5 0
1 2 1
2 3 4
1 1 4
2 3 0
1 2 2
1 0 1
3 0 0
2 1 3
2 0 3
0 2 3
1 0 1
6 2 1
1 1 3
1 2 1
1 2 4
0 1 1
0 6 4
2 0 1
4 1 3
0 0 1
0 1 0
2 0 2
1 1 1
0 1 4
4 3 0
4 0 0
1 4 2
4 1 0
3 1 0
1 2 3
0 1 1
0 1 0
2 1 2
4 1 0
3 0 2
2 1 3
0 0 3
4 3 1
2 1 1
3 3 0
2 3 1
1 5 2
0 0 1
3 1 2
0 2 2
0 4 2
1 0 0
3 0 2
1 1 6
2 3 0
5 3 3
5 4 0
1 1 0
1 1 1
4 1 3
3 1 4
2 1 1
0 2 1
0 1 2
2 1 4
3 3 3
1 3 3
2 0 2
4 1 0
1 2 3
4 3 1
1 0 1
0 0 0
3 4 0
4 0 1
2 1 3
2 0 2
0 0 0
6 1 0
1 3 2
1 2 5
1 2 1
2 3 0
6 4 1
4 6 2
0 1 1
2 2 1
5 0 1
2 2 2
2 2 1
5 3 2
0 3 3
4 2 2
1 2 1
2 0 0
2 3 2
3 1 3
1 0 1
0 1 3
0 6 2
0 2 0
4 2 1
0 1 2
2 1 1
3 1 3
2 0 1
3 1 3
3 1 1
1 4 3
4 1 3
0 0 2
1 4 1
1 2 4
0 1 2
1 2 3
3 3 1
1 4 1
4 2 4
4 2 1
3 0 0
0 4 2
2 0 4
2 3 1
3 3 3
1 1 3
3 0 1
1 2 1
0 3 1
5 6 1
3 4 1
0 4 1
0 1 3
1 1 1
1 1 0
0 0 0
2 2 2
1 2 4
1 4 4
3 5 5
2 2 1
3 2 2
5 0 0
2 3 2
3 3 2
3 4 1
1 4 2
2 2 4
4 2 4
1 1 1
4 0 2
0 2 2
0 2 1
3 0 1
3 4 2
3 4 2
1 6 0
1 1 5
4 0 1
0 2 1
3 1 3
0 0 1
3 0 1
3 0 0
4 0 1
2 2 0
3 2 1
0 2 0
4 0 0
2 2 2
4 0 3
2 4 0
0 1 0
4 0 1
2 1 2
1 0 2
1 1 0
1 0 2
1 1 1
3 1 6
2 1 2
4 0 2
2 2 3
5 0 2
0 1 6
3 2 3
0 0 0
1 2 0
0 2 0
0 1 1
4 1 3
1 0 2
0 2 2
3 0 1
2 2 0
4 0 0
1 0 1
5 1 0
2 4 1
1 2 2
0 2 2
2 1 4
1 2 0
1 2 1
0 0 1
2 0 1
5 0 2
2 3 2
2 1 3
3 1 1
0 1 4
5 2 1
3 4 3
0 5 1
0 2 0
0 1 2
2 0 0
1 2 1
4 1 0
0 3 1
0 0 1
3 0 3
1 3 0
2 3 2
1 1 1
0 2 0
1 5 0
4 2 0
0 4 1
0 2 1
4 0 1
1 3 0
1 2 0
2 1 1
3 1 0
0 3 0
3 3 0
3 2 1
2 0 4
0 0 1
0 2 4
1 3 2
4 1 1
3 0 2
0 2 2
6 1 1
2 3 1
1 1 0
2 4 2
1 5 0
1 2 1
0 2 5
1 3 1
0 0 1
2 1 3
0 1 1
3 5 1
1 1 0
1 4 2
4 2 2
0 1 2
1 2 2
0 1 4
1 0 3
0 3 0
2 3 2
1 0 6
1 1 0
2 3 3
1 3 1
2 1 3
3 2 3
0 5 1
1 2 0
2 2 1
1 1 2
2 2 1
2 0 2
0 4 2
0 3 1
2 0 4
0 4 2
2 2 5
0 1 0
1 1 0
2 0 2
5 0 3
0 2 2
3 1 1
2 4 0
0 0 0
3 0 0
2 4 2
1 1 0
1 0 2
1 0 5
2 0 1
3 1 0
0 0 0
2 0 6
5 3 4
1 1 1
0 2 0
3 0 1
1 4 0
4 3 5
2 0 1
0 0 1
1 1 2
0 0 0
2 5 0
3 1 1
0 0 1
1 3 0
6 1 4
4 3 0
3 1 3
5 0 2
1 1 2
2 0 2
1 2 1
4 3 2
0 4 0
1 1 4
2 2 2
2 1 5
1 0 0
0 0 0
3 2 1
1 2 2
2 2 0
4 2 0
0 0 1
1 1 1
4 0 1
3 2 1
0 3 1
4 2 0
1 2 1
1 3 2
0 4 1
0 0 1
0 0 4
1 0 3
1 3 2
4 0 3
3 1 1
4 2 0
2 2 1
2 0 0
2 0 2
1 2 1
1 2 6
2 1 0
2 2 2
1 3 2
0 0 1
1 4 1
0 1 4
1 0 2
1 2 1
1 1 1
0 1 1
3 6 3
1 2 1
6 0 0
0 0 3
2 2 3
3 1 1
0 1 3
2 2 0
1 0 3
3 0 0
2 2 2
1 2 4
4 0 2
1 0 0
3 1 3
2 0 0
2 0 3
2 2 0
2 3 2
2 0 0
1 5 0
1 3 6
1 2 1
3 0 2
2 2 0
2 1 1
0 3 0
0 3 0
5 2 0
2 1 0
3 1 0
1 1 1
1 1 4
0 0 0
3 3 4
3 2 3
1 1 4
2 2 0
4 0 2
4 0 2
1 0 1
2 0 1
2 3 1
1 3 1
1 0 1
2 2 1
2 0 0
2 1 0
1 1 4
1 3 0
5 1 1
1 1 2
1 1 1
1 4 3
3 1 4
3 0 5
3 0 0
1 2 2
2 1 1
2 5 0
2 1 2
4 0 1
5 1 3
2 3 2
3 0 0
2 1 4
1 2 3
1 1 2
0 1 1
2 4 1
2 2 0
0 2 2
1 2 1
2 4 2
1 2 0
1 2 4
0 0 6
3 2 3
3 1 0
2 0 2
3 1 4
1 1 2
1 1 1
0 1 1
4 1 1
0 1 1
4 1 2
4 0 2
1 1 2
1 2 3
4 0 0
4 0 1
1 1 1
5 4 0
3 1 1
0 1 1
0 4 0
3 3 1
1 2 5
2 0 5
0 2 4
4 5 3
0 0 5
2 2 1
3 1 5
1 2 4
1 5 1
2 3 1
5 2 0
2 3 2
1 0 3
1 0 1
1 0 3
2 0 1
0 3 2
3 2 1
0 2 0
0 3 2
1 1 3
1 1 0
1 3 1
3 5 0
1 0 3
1 4 2
0 0 1
1 0 2
4 1 2
0 0 1
1 4 3
2 0 2
1 0 1
2 1 0
1 2 2
2 1 5
1 2 5
5 3 0
2 1 0
2 1 0
1 1 1
0 0 0
3 3 1
1 2 3
2 6 1
3 1 2
0 0 1
3 0 1
4 3 3
0 2 0
3 1 0
1 0 2
1 1 1
1 1 0
2 1 3
3 1 0
0 6 3
3 4 1
2 2 3
1 3 0
0 1 5
2 1 1
3 0 3
1 1 1
0 1 0
2 2 1
1 1 0
0 1 3
0 0 1
1 1 4
2 1 1
1 0 3
0 3 1
1 1 1
4 1 1
1 2 5
0 5 3
0 1 5
3 2 2
1 1 1
2 1 4
4 2 2
4 4 2
3 5 2
0 3 1
4 1 1
2 1 5
1 1 2
0 5 3
2 1 2
1 2 1
3 0 2
1 4 1
1 0 2
3 1 0
1 6 2
1 1 0
1 1 1
0 3 4
1 6 0
1 0 0
1 2 2
1 1 1
0 2 2
3 0 2
4 2 2
2 2 4
0 1 0
0 2 1
5 2 1
0 3 0
3 3 1
1 2 5
0 1 1
1 1 2
2 3 2
1 0 1
2 1 1
2 1 3
2 1 0
2 0 1
4 3 1
2 0 5
4 0 3
3 0 2
3 4 0
1 2 1
0 3 2
1 0 1
3 3 0
2 3 3
1 1 0
1 2 1
1 0 0
1 2 3
0 2 2
0 1 1
3 2 0
2 0 3
0 1 2
1 6 2
0 1 2
5 2 2
3 0 0
0 0 0
0 0 1
1 0 2
1 2 2
5 2 0
2 3 4
2 0 0
0 2 0
0 5 3
1 3 2
1 2 0
1 1 3
1 6 5
0 0 0
1 3 0
1 2 0
1 2 3
3 0 0
0 1 1
4 1 1
1 3 2
1 0 0
1 4 0
0 3 3
3 2 0
0 0 1
1 0 1
0 1 0
2 0 0
3 0 4
2 2 1
2 4 2
0 3 0
1 3 2
0 1 6
2 0 0
3 3 2
1 3 4
1 1 2
1 0 1
1 1 2
1 3 0
2 0 1
1 1 0
1 3 2
2 1 0
4 0 2
4 3 0
1 3 2
4 0 2
1 1 2
1 1 0
0 5 1
2 1 1
2 2 2
3 6 1
4 3 1
4 2 1
1 0 1
5 2 0
3 1 0
2 2 1
5 1 1
3 0 1
2 3 6
2 0 4
2 3 1
1 2 1
1 0 1
1 2 1
1 1 0
1 3 2
1 2 2
4 1 4
0 2 1
1 2 1
2 0 0
1 2 1
5 1 2
1 2 3
1 2 2
1 0 1
2 0 0
1 1 2
1 0 2
4 0 3
2 1 0
3 1 0
2 2 0
1 0 5
0 0 1
0 2 5
2 2 2
1 1 2
1 0 1
3 2 0
3 1 0
4 0 3
2 1 1
1 0 2
1 4 2
0 5 1
3 2 1
1 3 3
4 0 1
1 0 0
1 2 0
1 1 0
4 0 2
1 2 1
0 1 2
2 2 2
3 1 0
0 1 0
1 1 0
4 1 2
1 5 2
0 1 1
3 3 2
0 4 1
3 0 1
3 2 2
3 1 0
0 0 1
3 2 0
1 3 3
3 0 3
0 1 1
0 1 4
2 1 1
1 2 1
3 4 2
1 1 0
0 0 3
2 1 0
1 1 2
1 0 0
0 2 0
4 0 1
0 1 4
1 0 0
0 0 1
1 0 0
0 1 2
3 5 1
0 1 0
2 1 0
0 4 2
1 2 0
0 2 2
0 4 1
0 1 3
5 1 4
1 1 2
2 0 1
1 1 2
4 1 0
3 2 1
1 1 3
1 0 2
4 1 1
0 0 1
1 2 1
0 1 2
3 3 0
2 3 0
0 0 1
2 1 1
3 1 0
3 2 1
6 2 0
2 0 4
1 2 0
2 2 2
1 5 2
0 0 1
2 1 0
1 3 0
2 3 0
3 1 1
2 0 3
2 5 2
0 0 1
2 3 2
0 3 4
2 6 0
1 2 1
4 0 2
1 2 1
1 1 0
0 3 0
1 1 1
2 3 2
1 0 3
3 1 3
6 3 1
4 1 2
4 0 1
0 1 3
2 3 2
2 0 2
2 0 4
1 3 2
1 0 1
2 2 1
2 2 2
2 4 4
1 0 3
3 3 1
0 2 1
3 2 2
3 1 2
0 4 2
0 4 2
0 2 0
2 0 2
1 1 0
1 1 3
0 3 1
3 2 1
3 2 4
3 2 1
1 2 2
0 2 1
1 1 1
1 2 4
2 1 1
1 1 1
0 1 3
1 1 0
2 3 5
0 1 1
0 3 3
1 3 4
1 3 0
2 0 1
2 0 3
1 1 3
1 1 3
2 4 5
3 2 2
1 1 3
1 1 0
0 2 1
1 2 0
1 0 6
1 1 1
2 1 0
1 2 0
5 2 1
3 1 0
3 2 2
3 1 1
1 0 2
0 1 2
4 0 2
3 2 1
3 3 2
0 0 1
2 0 1
3 0 2
2 2 2
1 3 2
1 0 1
3 2 0
0 3 0
2 0 3
0 0 3
4 2 0
0 2 2
1 1 0
1 1 0
0 0 1
0 2 6
2 1 1
1 0 1
1 1 1
0 0 0
0 3 2
4 1 5
1 2 0
0 1 1
2 1 2
1 2 0
1 2 3
5 3 5
2 0 4
1 0 1
0 1 3
2 3 2
2 3 3
1 0 4
3 1 0
1 3 1
1 0 4
2 2 3
1 5 1
1 1 1
2 0 0
1 1 6
1 1 6
3 0 1
2 3 1
0 0 2
2 2 0
4 3 2
1 0 2
2 1 1
3 0 2
0 4 1
1 1 3
3 0 1
3 4 1
1 0 1
1 1 4
2 1 1
2 0 3
4 2 1
0 1 1
4 3 1
2 1 0
4 0 2
3 4 1
3 2 2
3 1 3
2 0 3
0 2 3
4 0 0
4 1 0
0 0 2
0 0 1
1 0 4
4 3 1
2 1 2
0 3 0
1 0 1
6 0 3
1 0 0
0 2 0
0 2 1
5 2 2
4 4 0
2 2 0
4 2 0
1 5 1
1 0 0
1 0 3
1 3 1
1 0 6
4 3 0
1 2 0
1 3 2
2 1 0
1 3 1
3 3 4
1 2 0
1 0 0
1 1 1
2 0 0
5 0 1
3 3 1
4 2 1
3 0 1
3 1 0
6 4 0
1 1 0
3 1 1
0 1 0
0 1 1
2 1 3
2 0 0
2 2 1
2 2 1
0 0 1
2 1 1
3 2 1
3 3 1
2 5 4
4 5 4
3 0 1
3 2 2
0 3 1
1 1 5
1 0 4
0 3 1
1 2 1
1 1 2
2 1 0
0 0 4
0 2 1
2 0 2
1 2 1
0 5 1
1 2 0
4 0 0
2 1 1
1 3 1
3 3 0
2 2 0
1 3 6
0 2 1
2 0 1
3 3 3
0 3 3
1 4 0
1 1 0
1 2 0
0 1 0
3 2 6
0 1 1
1 1 1
0 2 0
1 3 0
2 1 5
4 2 2
3 1 4
1 3 3
0 1 0
1 4 1
0 1 0
0 0 1
0 1 0
5 3 2
0 4 1
1 1 1
0 3 2
2 1 0
1 2 2
1 2 0
1 1 0
3 4 3
1 1 4
0 1 0
4 5 0
3 4 1
3 3 2
3 1 2
5 1 2
1 5 0
0 3 5
4 0 1
1 0 0
2 2 2
1 3 0
1 0 1
1 3 0
0 3 1
0 1 2
1 1 1
6 3 2
4 1 0
2 0 1
3 3 0
1 1 4
1 1 1
1 3 3
0 5 3
1 2 1
2 0 2
3 3 6
1 1 1
3 0 3
2 4 2
0 3 1
2 0 0
1 4 0
2 2 3
1 1 3
2 1 2
2 4 0
2 1 3
3 0 1
3 1 1
1 1 0
0 5 4
2 2 3
2 1 1
4 3 3
0 0 2
0 0 0
2 2 1
1 2 2
3 2 2
1 0 0
1 2 0
1 1 0
0 0 1
5 1 3
0 4 2
0 3 2
1 2 0
2 2 1
3 1 0
2 0 4
1 4 2
1 0 1
1 2 2
2 3 0
2 0 0
4 2 1
0 0 2
1 1 0
0 0 0
1 1 1
1 2 1
4 4 0
2 3 1
1 0 1
3 3 1
2 2 1
2 0 0
3 1 0
2 3 0
3 2 4
0 2 0
1 1 1
1 2 3
4 2 3
1 1 6
4 1 2
2 1 3
1 2 1
1 2 3
4 0 0
3 1 0
1 0 2
1 1 1
1 0 1
6 2 4
4 0 2
4 1 2
2 1 2
1 4 3
1 1 1
2 1 5
3 4 4
0 1 1
1 1 3
1 6 2
1 0 3
1 0 0
4 3 3
1 2 3
2 0 0
0 0 0
3 1 2
5 1 1
0 0 0
1 0 0
2 0 1
1 0 0
2 1 1
3 0 1
0 1 0
1 2 0
3 0 4
0 3 1
0 0 1
3 2 1
2 2 0
3 2 1
1 1 1
0 1 2
2 1 1
2 0 1
1 0 2
1 1 2
3 0 2
0 4 2
2 1 4
0 0 1
3 1 4
0 1 1
1 0 3
2 0 4
4 0 2
4 1 0
2 2 3
1 2 0
2 1 0
0 0 1
0 1 0
2 1 0
0 0 3
3 1 2
1 2 4
2 0 0
3 1 0
2 0 3
2 1 2
0 0 2
0 0 0
4 3 2
6 0 4
5 5 1
1 1 2
2 2 4
3 1 1
2 0 3
3 0 3
2 2 2
0 1 0
0 2 3
0 2 1
0 1 1
0 1 2
2 2 3
3 0 3
5 4 1
4 1 2
2 0 0
1 0 6
1 1 0
5 1 1
1 1 1
1 2 0
1 2 3
0 1 1
2 0 2
1 1 1
1 0 4
3 1 1
0 1 2
2 3 1
1 5 1
2 2 0
1 2 3
0 2 2
1 1 1
1 3 1
1 2 0
1 1 0
2 3 5
0 3 0
0 1 1
4 1 2
2 3 2
0 0 1
0 1 0
4 0 0
2 1 3
4 2 5
1 2 3
2 2 5
0 1 2
3 6 2
0 0 2
3 1 4
1 1 2
4 1 2
2 0 1
1 6 1
0 3 1
3 1 2
2 1 4
0 1 1
1 0 5
1 4 1
1 5 1
1 3 0
4 3 0
3 3 3
2 0 2
1 0 1
0 1 1
1 0 6
1 0 2
2 0 1
1 1 0
2 1 0
1 1 4
0 2 1
2 0 2
2 1 2
0 1 3
2 0 1
1 1 3
6 4 1
2 0 0
3 0 1
2 2 3
3 1 0
0 2 2
0 1 1
2 1 1
3 0 0
4 6 5
4 1 1
0 1 1
1 2 3
2 0 2
0 1 0
2 2 1
0 1 2
3 3 1
1 3 4
3 0 3
1 0 2
3 0 1
1 1 1
3 1 0
0 1 2
1 3 1
3 2 3
1 1 2
4 1 2
1 0 1
1 4 2
6 1 2
3 0 0
1 1 2
1 3 3
1 3 0
1 4 0
1 1 0
0 2 0
0 2 3
0 2 2
1 0 1
0 1 1
2 0 1
1 1 4
3 4 1
1 1 1
2 0 4
1 2 1
3 0 1
2 1 1
3 2 2
3 0 5
0 2 1
1 2 1
1 4 1
1 6 2
1 2 4
2 1 1
2 4 0
1 0 1
4 1 2
2 1 1
2 0 2
0 2 1
2 1 2
3 0 0
3 0 0
4 2 1
1 3 1
0 0 1
3 1 1
2 5 1
3 1 1
0 1 3
0 0 0
2 0 0
1 0 2
1 0 2
1 2 1
1 1 0
0 0 4
0 1 5
1 1 0
3 0 2
2 1 1
2 2 1
2 0 2
4 2 1
0 1 1
0 4 1
3 2 1
2 2 0
2 1 6
2 2 2
1 0 2
2 0 5
3 1 2
4 2 4
1 0 2
3 3 1
0 1 1
1 3 0
3 1 0
2 0 0
3 2 1
0 2 1
0 0 3
2 4 0
2 0 4
2 2 1
2 0 0
0 3 4
3 3 2
0 1 2
1 2 1
2 1 1
0 2 2
1 2 3
2 2 1
5 0 2
1 3 2
4 0 5
0 4 1
1 0 3
4 0 0
0 5 0
3 5 1
1 1 1
3 0 3
1 1 2
3 1 1
3 2 3
0 1 4
1 0 0
4 1 1
0 2 3
3 1 2
1 0 5
3 0 3
0 0 1
2 1 3
3 3 1
3 3 5
1 2 2
0 2 1
6 0 3
0 5 2
1 4 3
0 3 1
2 0 0
3 0 0
6 3 4
2 3 4
0 2 1
3 1 1
1 0 1
4 3 3
0 1 1
2 2 4
2 0 0
1 0 4
2 3 1
6 0 1
4 0 0
0 4 0
1 0 5
1 0 2
0 3 1
3 0 4
5 2 1
5 0 1
2 2 1
3 1 1
3 3 0
0 0 1
1 2 4
1 1 0
0 2 1
2 0 2
1 1 1
0 3 2
3 2 1
2 0 3
2 0 3
1 2 2
1 0 2
1 2 3
0 2 0
1 2 4
1 3 0
4 1 0
4 4 1
1 3 0
2 0 0
3 0 0
5 1 2
3 1 1
0 5 1
1 1 2
2 0 1
1 1 0
1 4 3
3 4 3
4 6 3
5 0 0
1 1 0
2 1 0
1 3 1
0 2 1
1 5 1
3 2 1
3 0 3
1 5 0
3 2 3
6 2 2
1 2 1
0 2 3
1 1 2
2 1 1
5 2 1
1 2 2
4 2 4
2 0 0
0 1 1
0 0 4
5 3 1
3 1 0
1 2 0
4 2 2
1 1 3
2 2 0
3 3 0
0 2 2
5 1 1
1 0 2
2 0 0
4 4 1
3 0 1
1 2 1
1 4 0
5 0 2
1 1 4
4 1 1
0 1 1
1 1 1
2 1 1
4 2 3
3 2 0
1 0 6
0 4 5
1 2 0
1 0 1
3 1 1
2 1 2
1 4 1
1 1 1
3 3 2
0 2 3
2 1 1
2 4 1
2 3 0
1 0 2
1 2 2
1 1 1
0 4 1
4 1 1
4 1 0
4 2 0
1 1 4
4 1 6
2 1 1
1 1 0
1 0 2
3 2 0
2 2 2
0 2 3
0 2 0
2 3 1
1 0 3
1 1 1
0 2 3
0 0 1
1 1 2
1 1 1
0 0 0
0 1 1
1 0 3
3 1 1
2 0 4
1 3 5
5 1 0
2 0 0
0 2 3
2 1 0
1 1 0
1 2 1
1 1 1
3 0 1
4 0 2
4 1 2
3 0 4
0 1 1
0 2 1
0 1 1
0 1 1
1 1 1
2 1 0
2 2 1
1 1 1
3 5 1
2 1 0
2 3 1
3 1 2
0 1 4
1 3 1
2 0 1
1 1 2
2 1 2
1 0 4
1 2 1
0 1 0
4 2 1
2 0 2
1 2 0
2 1 1
0 0 0
4 1 3
0 3 2
1 0 1
1 3 3
1 4 3
0 0 1
2 4 1
4 4 0
3 1 3
1 1 0
2 2 1
0 2 5
2 1 3
1 2 2
1 3 3
1 2 2
4 4 1
2 1 4
1 1 4
3 1 0
0 2 1
0 1 1
2 0 1
5 3 1
1 2 4
0 0 2
0 0 2
2 3 0
4 4 0
2 0 1
2 4 2
4 2 0
1 0 3
1 1 3
1 1 0
4 2 2
1 3 1
1 3 1
3 3 1
2 1 1
2 1 3
2 5 0
4 2 3
1 0 4
0 0 2
4 1 1
1 1 1
2 1 2
0 1 1
0 1 1
0 1 3
1 1 1
3 3 1
2 1 5
2 1 1
2 0 4
0 1 2
2 1 1
0 2 1
1 0 1
3 2 4
2 2 0
2 4 0
1 1 1
2 1 0
2 1 1
1 0 1
0 2 2
0 2 0
1 0 6
1 1 1
0 2 2
0 3 0
1 0 6
1 1 1
1 2 1
1 0 0
1 0 2
1 3 0
4 0 4
0 1 0
5 1 0
3 4 3
2 1 0
1 2 1
1 3 1
1 0 1
2 0 3
0 2 4
2 2 1
2 0 3
0 2 0
0 5 0
1 0 3
1 1 5
3 0 2
0 4 0
0 1 0
0 2 3
0 4 2
1 1 1
0 2 0
4 0 4
0 3 0
2 1 2
1 1 2
0 3 3
2 1 1
5 2 0
5 4 2
0 3 0
1 1 0
0 2 2
2 0 1
3 3 2
2 0 0
3 0 2
3 1 3
2 1 0
0 0 5
3 2 1
1 1 0
3 2 2
0 2 0
0 1 0
4 1 1
4 2 0
1 3 4
1 4 4
1 1 0
2 1 3
1 3 1
3 4 1
3 1 0
2 3 1
3 3 1
2 3 4
2 2 1
2 1 2
1 3 2
3 1 0
4 1 0
0 2 1
1 2 1
0 2 3
1 1 1
6 3 3
2 2 2
4 1 1
0 2 4
0 1 1
0 0 0
2 2 2
1 4 4
2 0 1
0 2 1
3 1 3
4 1 3
2 1 0
1 5 3
2 1 1
1 3 2
3 1 2
3 2 0
1 4 0
1 0 0
4 3 1
0 1 1
5 1 2
1 1 2
2 1 4
4 2 3
2 0 2
4 3 2
0 2 1
3 3 3
2 0 5
0 1 3
1 3 5
2 1 0
0 3 2
1 1 1
0 1 1
2 2 0
3 1 2
1 1 2
0 2 1
3 1 3
2 2 3
2 1 3
1 4 0
2 0 1
3 4 0
1 5 2
0 0 2
0 1 1
1 0 2
0 2 0
0 0 1
0 0 1
6 3 0
1 1 0
2 1 5
2 1 0
0 2 1
2 1 2
3 1 0
1 4 3
2 0 0
0 5 3
2 1 3
2 1 2
2 3 1
0 0 3
2 2 1
1 4 1
3 3 3
1 3 2
4 1 1
1 0 0
2 0 0
4 2 1
3 2 2
2 2 3
0 0 2
2 2 0
1 1 1
2 1 1
1 1 3
1 1 0
2 1 0
0 3 2
1 0 3
3 0 3
2 2 1
2 3 6
4 1 1
3 0 2
0 1 3
0 1 1
0 1 2
1 1 4
3 2 0
1 0 2
1 1 1
0 0 4
1 4 1
1 2 4
0 1 1
2 2 1
1 1 4
1 4 1
2 0 1
0 1 4
2 2 2
1 1 2
1 3 1
1 0 1
0 0 2
0 4 0
1 0 1
3 0 1
0 2 4
1 4 0
0 2 2
1 5 2
3 0 2
0 0 0
3 1 1
1 4 1
1 0 1
3 1 1
1 0 0
4 4 0
4 2 6
2 2 2
2 2 3
1 5 2
3 0 0
2 3 1
1 0 2
1 1 0
0 0 0
1 3 0
2 1 1
0 1 0
1 2 4
1 2 1
1 0 1
3 1 0
2 1 0
0 3 2
4 1 3
2 4 2
0 2 0
3 2 2
3 2 0
5 0 1
0 1 2
2 1 0
1 3 1
1 3 0
0 5 5
1 1 1
2 2 3
2 0 4
2 0 1
5 1 1
1 0 2
0 0 2
2 1 2
3 4 4
5 0 5
3 3 3
1 0 4
3 3 0
6 0 2
5 6 1
0 5 0
2 2 1
1 4 4
3 2 1
2 1 0
0 6 1
0 1 3
3 4 2
2 5 0
1 1 2
1 0 3
1 0 2
2 2 4
0 2 0
0 2 0
3 0 1
3 0 1
1 1 2
3 1 4
1 2 2
2 1 3
1 6 1
1 1 1
1 2 3
2 3 3
3 4 4
4 3 0
0 4 0
1 0 3
1 1 1
1 0 3
0 1 4
3 5 4
1 1 1
3 0 0
0 1 0
1 1 0
0 1 4
3 1 5
1 1 2
0 1 2
2 1 1
1 2 2
3 2 2
0 1 0
2 3 2
3 2 1
3 1 2
2 0 2
2 0 2
1 0 0
1 5 0
2 2 1
0 4 1
2 3 0
0 1 0
3 4 2
1 0 3
2 1 3
2 1 0
4 4 1
1 2 3
0 4 2
0 0 0
2 0 4
3 0 2
5 0 1
3 1 0
2 1 1
4 1 2
0 0 1
3 4 1
1 2 1
1 1 0
1 3 2
1 1 1
0 0 4
0 1 0
1 0 1
2 0 5
3 2 3
1 0 0
0 0 3
0 1 2
2 3 1
4 1 0
0 0 1
3 1 0
0 0 4
0 0 1
2 0 2
1 0 1
1 0 1
0 2 2
3 2 1
2 1 0
0 0 2
0 0 0
1 2 2
2 3 0
6 2 0
2 0 0
2 4 1
2 1 3
1 1 0
0 1 3
0 2 2
2 0 1
1 2 4
0 2 1
1 4 2
1 0 0
0 0 2
0 1 2
2 0 2
1 1 1
2 0 1
1 3 0
0 1 2
1 0 2
1 3 0
1 6 5
3 2 2
2 2 4
0 2 3
1 4 2
1 1 1
1 1 1
2 3 1
1 2 1
1 1 1
5 2 2
2 3 0
0 2 1
2 1 0
1 6 1
2 2 0
3 2 2
1 2 0
2 2 1
3 2 0
4 0 2
2 1 0
1 0 2
1 1 2
1 0 2
5 2 1
0 5 1
3 1 1
3 2 2
3 1 1
0 1 3
3 0 1
1 2 2
0 2 0
0 1 3
3 2 1
2 1 0
0 1 0
3 1 4
3 2 0
2 1 4
0 2 1
0 3 2
1 2 0
1 4 1
3 0 3
1 4 1
0 4 1
0 5 0
0 2 2
1 2 0
0 0 2
3 1 1
1 0 1
2 3 4
0 1 3
0 2 1
2 0 0
2 1 3
0 1 1
0 3 3
0 0 1
1 2 3
2 2 0
5 1 0
5 2 0
5 0 3
1 1 2
1 1 2
1 1 2
5 0 1
1 2 1
1 1 5
5 1 4
1 3 0
1 1 1
1 5 0
1 2 0
0 1 3
1 2 2
5 1 0
1 4 1
6 3 2
0 3 3
0 1 4
3 1 4
2 2 4
4 1 4
2 1 5
0 1 3
5 0 1
0 2 1
2 4 3
0 2 2
1 0 1
1 4 2
3 1 3
4 2 1
3 1 1
1 1 0
1 3 2
0 1 4
3 1 0
3 0 1
3 1 1
4 0 0
1 0 1
2 4 1
4 2 2
0 4 0
2 3 1
1 1 0
2 0 3
1 0 1
1 1 1
4 1 2
2 1 3
0 1 0
0 2 1
1 0 1
3 2 0
3 2 2
1 4 0
0 1 0
1 0 2
2 2 3
2 2 3
4 4 4
3 1 0
5 2 2
0 2 1
2 0 2
3 3 1
0 1 1
1 0 1
2 3 2
2 0 0
0 0 2
1 0 0
1 3 0
2 0 4
4 2 1
2 3 5
0 3 1
4 1 2
4 0 2
2 0 0
0 5 1
0 0 1
1 0 0
1 1 4
3 1 2
1 0 3
0 0 0
1 4 2
4 4 4
2 1 4
2 5 0
1 1 0
1 2 0
2 3 1
1 2 0
2 1 3
1 0 0
1 0 2
3 1 1
1 5 2
3 0 5
2 1 0
2 2 4
3 1 0
1 2 4
2 2 0
1 0 0
0 1 3
1 1 2
3 2 0
1 1 1
1 0 0
1 1 2
3 3 1
2 1 1
6 4 5
5 3 0
4 0 1
1 0 0
3 3 2
0 0 4
0 2 3
0 4 2
3 5 0
1 1 6
1 3 1
4 2 2
1 3 2
0 0 3
3 3 2
2 1 0
2 3 1
0 1 1
1 2 1
2 0 1
2 1 2
1 5 2
0 1 1
1 4 0
2 1 0
6 3 4
0 3 1
1 3 3
1 0 1
1 1 1
0 0 3
2 2 3
2 4 0
2 2 1
1 1 2
1 0 2
3 1 1
1 0 2
2 0 1
3 0 1
1 0 0
3 4 0
2 2 3
3 2 2
3 1 1
0 3 4
2 3 1
0 1 1
3 3 2
0 2 1
1 1 3
0 4 0
1 1 6
2 2 2
2 0 1
2 3 1
2 5 3
3 1 3
0 0 5
5 1 2
2 4 1
2 0 1
1 0 0
2 0 2
2 1 1
1 1 3
3 1 2
2 0 0
2 3 2
2 1 2
4 1 4
4 0 2
2 1 2
2 3 5
1 0 0
1 0 1
1 2 0
0 1 3
6 0 2
4 1 0
0 1 1
4 0 0
4 2 4
4 1 2
0 4 0
1 0 3
1 2 0
1 1 2
1 1 1
3 2 1
0 0 1
2 0 1
1 3 2
1 1 2
3 2 1
0 2 6
1 1 1
3 0 3
1 1 4
1 4 1
3 1 0
0 1 3
1 0 1
1 1 1
3 0 0
0 1 0
1 2 0
1 0 1
1 1 2
1 1 0
0 1 0
3 3 3
2 1 1
1 1 0
1 1 1
3 1 2
1 1 2
4 3 1
0 0 0
0 3 2
0 0 3
2 0 2
1 0 0
0 4 1
2 2 1
2 2 1
1 0 4
0 0 3
1 2 1
0 1 4
2 2 1
3 1 1
1 2 0
1 1 3
3 3 2
1 3 0
1 4 2
2 0 2
1 2 2
3 1 3
2 0 0
3 2 3
1 1 3
2 1 1
0 3 0
0 1 1
2 3 0
2 0 4
2 0 2
0 2 1
0 1 1
6 0 1
0 2 1
4 0 2
2 2 1
3 1 2
0 2 1
2 1 0
4 2 6
3 2 1
3 0 0
1 2 1
3 3 1
2 0 1
0 2 3
4 3 1
1 2 0
3 2 2
1 3 3
0 1 2
1 1 1
2 1 2
0 0 1
1 2 6
5 0 1
0 2 4
0 0 1
2 0 1
1 0 5
1 3 1
5 1 0
0 2 0
1 3 1
1 4 0
3 2 1
1 1 2
0 2 3
0 3 2
0 1 1
1 1 1
0 2 2
3 2 2
0 4 1
2 2 2
1 3 0
1 3 4
2 0 2
2 2 2
0 0 3
1 1 0
2 3 0
0 2 4
1 1 4
0 1 5
0 2 1
2 2 1
0 2 2
1 5 3
0 1 1
4 2 1
0 2 2
5 1 5
0 3 1
5 0 1
0 0 5
4 2 0
1 0 2
0 5 1
1 6 0
1 1 2
2 1 0
1 2 1
3 2 6
3 3 3
2 2 1
1 3 5
3 3 3
2 0 0
2 1 2
0 1 2
0 4 2
1 3 2
2 2 4
4 0 0
0 1 5
1 5 0
3 1 0
2 2 0
2 0 2
1 0 1
1 0 0
2 6 1
3 2 0
1 2 3
0 1 3
0 1 0
3 4 0
1 3 0
0 1 1
1 1 0
0 0 4
2 0 3
1 2 1
2 4 2
1 1 0
2 1 1
1 0 2
4 2 1
0 1 1
1 0 2
0 0 2
1 0 2
3 3 2
0 5 2
0 0 1
3 1 1
3 2 2
0 3 1
1 2 4
0 2 1
0 2 1
2 2 3
1 0 1
0 0 1
3 2 1
6 0 1
2 0 2
2 0 3
0 1 0
0 1 1
0 2 1
0 1 2
1 3 2
0 2 2
0 2 1
2 0 2
4 1 0
4 0 1
3 1 0
0 3 2
1 2 1
1 0 2
2 0 3
0 2 3
2 3 4
1 0 1
3 2 0
2 1 1
3 0 3
1 2 4
0 0 1
1 2 2
2 1 1
2 1 3
2 0 4
0 1 0
1 2 0
1 2 1
2 0 3
0 2 3
2 2 0
3 0 3
2 2 0
0 4 3
1 3 5
1 2 0
2 2 1
1 0 0
0 3 3
1 2 4
3 2 2
4 3 2
2 3 0
0 2 1
4 5 3
0 0 2
0 1 4
2 2 4
5 5 1
1 4 2
1 0 0
0 2 0
3 1 1
0 1 0
0 1 0
1 1 0
2 3 3
0 1 3
0 1 1
1 3 1
2 2 2
3 3 3
2 1 0
4 2 2
2 2 1
4 1 1
4 1 4
2 1 4
2 2 2
1 3 1
1 0 2
1 0 3
1 4 1
2 2 3
0 2 2
2 0 2
0 1 1
1 1 1
1 1 4
0 2 1
3 2 1
2 2 1
1 2 4
1 0 0
3 2 1
0 3 4
0 2 2
2 4 1
1 1 4
2 3 1
0 0 2
2 1 2
1 2 1
0 2 3
4 2 1
2 0 2
0 3 2
1 2 0
1 1 3
2 1 1
5 1 1
1 0 0
0 2 0
1 1 2
1 0 5
2 1 1
1 1 1
0 3 3
3 2 0
1 1 2
4 2 0
4 3 2
4 0 1
0 0 3
2 0 0
2 1 4
2 0 1
1 1 1
0 1 4
1 1 2
1 2 4
1 2 2
3 1 0
0 0 1
0 0 1
2 0 6
1 3 3
2 5 0
2 0 3
1 3 0
1 0 1
2 2 2
1 3 0
0 1 2
1 2 3
4 1 2
2 3 1
2 0 1
0 1 1
0 0 0
3 1 4
3 2 0
0 1 1
1 1 2
1 0 1
5 1 5
0 0 2
2 2 2
2 5 5
4 2 2
0 0 1
1 0 4
2 3 3
2 2 1
1 4 2
1 0 1
3 2 1
3 5 2
2 0 2
0 5 0
0 0 2
1 0 0
1 0 1
3 1 2
2 3 0
3 0 0
3 2 1
2 0 4
4 1 1
0 4 3
2 3 2
1 2 1
2 0 1
2 3 1
2 0 5
0 0 1
0 2 3
1 2 1
0 0 4
4 0 0
2 1 0
0 0 1
0 1 0
1 2 0
1 2 1
3 0 3
1 1 1
0 2 1
1 0 3
0 1 2
3 1 0
1 0 4
1 2 2
3 1 4
2 1 0
2 3 1
3 4 3
3 0 1
1 1 4
2 0 1
1 1 0
4 0 2
1 5 1
5 0 2
4 1 2
1 1 0
1 0 2
4 3 3
1 1 3
1 4 2
1 2 1
2 1 1
2 2 0
0 2 4
0 1 2
1 3 1
3 0 1
1 4 0
1 0 3
2 1 0
3 2 2
2 0 2
4 1 0
1 0 2
3 4 1
0 0 5
2 2 6
1 3 2
2 1 2
1 4 0
1 4 2
5 2 1
1 3 1
2 3 1
0 1 2
6 1 1
0 2 0
1 1 1
4 1 3
3 0 2
0 2 0
3 2 6
4 0 2
1 3 1
0 2 0
3 1 0
3 3 4
2 1 1
4 0 2
1 1 1
1 0 0
2 0 1
2 1 1
1 0 2
2 0 2
3 1 1
1 0 1
2 0 3
2 1 0
0 1 1
1 3 1
0 2 0
3 1 1
2 0 1
0 0 1
2 3 0
3 3 3
4 1 3
3 1 1
3 5 0
5 5 1
6 1 2
1 3 3
2 0 2
2 5 0
1 2 0
0 2 0
0 1 1
3 2 1
0 3 0
2 2 0
1 2 3
1 2 4
1 0 3
0 2 1
4 4 1
2 1 1
6 1 2
2 1 3
1 5 1
2 1 2
1 2 1
1 4 1
1 3 1
0 2 0
2 3 1
6 0 2
1 3 1
1 5 1
2 2 3
1 1 0
1 0 1
3 1 3
0 0 0
2 1 1
1 4 3
5 3 0
1 3 0
2 0 1
3 4 1
4 2 4
1 2 2
2 0 1
1 0 2
0 2 0
0 2 0
3 0 1
0 0 0
4 4 2
0 5 3
5 0 1
1 0 1
2 1 2
2 2 2
3 4 0
2 0 2
1 0 5
1 4 1
0 3 3
2 1 0
5 2 2
5 3 0
4 4 0
4 2 1
1 2 1
1 4 4
2 0 0
3 3 0
1 1 4
4 0 2
3 2 2
3 5 3
1 3 1
2 4 4
3 1 2
0 0 0
3 0 1
2 1 3
4 2 0
2 0 3
2 1 2
0 2 0
4 0 2
1 3 0
2 4 2
6 2 3
3 4 2
2 0 0
4 0 0
1 1 3
1 4 1
0 1 4
1 0 1
4 0 0
1 0 3
1 4 1
2 3 1
3 0 1
0 4 3
0 0 3
2 3 1
4 5 1
1 1 2
0 0 5
1 1 2
0 0 2
1 0 1
1 4 1
2 4 2
0 3 1
1 1 2
3 1 2
2 5 0
2 4 1
0 0 2
0 2 3
0 1 3
2 5 3
2 0 3
2 1 4
2 0 2
4 2 2
2 1 1
1 2 5
1 2 0
3 3 1
3 2 0
1 4 2
2 3 0
1 1 2
0 4 2
2 2 0
2 1 1
0 2 3
3 1 2
1 0 1
2 1 1
2 1 2
1 1 1
3 3 0
0 5 0
3 1 0
1 5 4
4 2 0
1 0 1
0 4 2
2 0 1
1 1 2
1 2 1
3 1 0
1 1 1
2 1 2
3 2 0
2 1 1
3 2 1
2 1 2
1 0 1
0 2 2
1 3 2
1 4 1
5 2 1
0 1 1
3 1 3
2 1 1
2 0 5
1 0 4
1 0 1
2 0 2
2 4 2
2 0 4
0 0 2
2 1 1
2 1 2
2 1 4
2 1 2
1 1 0
1 2 0
1 1 2
1 3 1
3 0 0
4 0 2
2 2 3
0 0 3
5 0 0
3 1 2
1 3 3
2 1 1
0 3 2
1 2 1
1 1 3
1 0 1
1 0 1
1 1 2
0 2 1
4 1 0
0 1 0
1 2 0
1 2 1
1 2 0
1 0 1
1 2 0
0 1 1
0 2 1
1 0 2
3 1 1
3 0 6
0 2 2
1 2 5
2 1 1
1 1 1
3 1 3
2 6 1
4 2 0
3 1 1
3 0 2
4 1 0
2 0 4
1 1 1
1 0 1
2 3 2
0 1 0
2 0 4
3 2 2
2 1 2
2 0 0
3 1 1
1 1 0
2 1 5
0 3 2
0 3 2
1 2 0
1 6 3
3 3 2
0 2 2
3 0 4
2 2 0
0 2 3
2 1 2
0 1 0
1 0 0
0 2 2
2 1 1
1 2 2
2 2 1
1 0 3
0 3 1
0 0 0
2 2 0
0 0 2
3 0 2
2 0 2
1 1 2
3 2 0
2 2 0
2 3 1
3 0 2
2 2 1
1 1 0
0 2 0
2 0 1
1 1 2
2 0 1
3 2 1
0 1 0
3 1 0
2 0 1
1 3 3
0 3 3
0 1 0
4 1 1
1 1 1
2 3 1
2 3 3
1 2 0
2 1 3
4 1 1
3 0 1
4 3 1
0 2 0
1 0 0
1 2 3
4 2 2
2 1 0
1 2 2
2 2 0
0 0 2
1 0 0
1 1 4
2 1 1
5 1 2
0 1 1
2 2 3
0 0 1
0 1 2
0 1 3
2 4 1
0 4 1
1 1 1
1 2 0
6 3 3
5 0 2
0 3 1
0 2 2
4 3 0
1 1 0
2 1 2
0 3 1
1 0 1
1 2 0
2 1 1
1 4 0
0 1 3
2 0 0
0 2 3
2 0 3
3 2 2
1 1 2
1 4 0
0 2 1
3 2 0
2 2 5
1 2 1
0 3 1
3 3 3
1 1 1
1 1 2
3 0 1
1 1 2
1 3 1
0 3 1
1 1 2
3 1 1
5 0 0
3 2 1
2 2 3
2 0 1
1 2 5
2 2 1
1 4 2
3 1 0
1 2 2
2 3 1
1 2 2
2 2 2
1 3 3
2 1 0
4 1 0
4 2 0
1 2 3
3 4 2
2 5 4
2 6 0
2 2 1
3 1 2
0 1 3
0 1 0
2 5 1
1 0 4
1 3 2
1 0 1
3 2 1
1 2 0
1 1 0
0 2 1
1 2 1
1 1 1
4 2 3
0 0 0
2 3 2
1 4 2
3 0 0
4 5 1
0 0 0
2 1 2
2 0 3
0 0 2
2 3 2
0 1 2
1 1 0
0 6 3
3 5 4
0 2 2
2 0 0
1 1 1
0 5 5
3 2 3
0 1 2
0 0 0
1 1 1
0 1 0
0 1 2
2 2 0
3 2 0
1 1 3
4 0 1
2 1 2
0 0 0
2 0 1
2 1 3
1 1 0
1 2 0
1 4 0
1 1 2
2 3 0
0 3 3
0 0 3
0 4 0
1 0 0
1 3 3
2 2 3
2 4 1
4 0 0
2 1 0
4 1 4
2 4 0
4 4 1
2 0 0
4 2 1
2 2 0
0 3 1
2 0 1
0 2 0
3 0 0
2 1 1
1 1 0
2 4 1
1 3 2
2 0 0
2 1 3
2 1 2
3 0 1
2 4 3
1 6 3
1 2 2
5 3 1
1 0 1
0 2 0
1 2 0
3 3 0
2 2 1
1 2 3
0 3 0
1 2 1
3 1 2
4 0 2
1 0 6
0 3 2
5 0 3
4 2 3
1 1 2
0 1 1
2 4 3
0 1 1
2 1 3
3 1 4
0 1 2
3 0 2
3 2 2
0 3 0
0 2 2
2 2 2
2 2 2
2 2 0
1 1 0
1 0 1
2 0 2
3 3 2
0 0 1
1 0 1
5 1 2
1 2 2
4 1 5
1 2 0
1 2 1
0 4 1
2 1 1
4 3 3
2 2 1
4 4 0
0 1 2
1 2 4
3 1 0
1 5 2
0 3 0
0 0 0
1 0 0
0 3 1
2 1 1
1 1 3
3 2 2
3 3 1
1 4 3
3 1 1
3 1 1
1 2 1
2 0 1
0 3 2
2 1 0
0 1 1
4 1 1
1 0 0
0 0 3
2 0 0
3 0 1
2 3 0
0 0 2
0 3 1
3 0 1
2 5 1
1 1 0
0 1 0
0 2 2
1 0 2
2 1 2
5 1 2
0 1 0
5 0 0
3 3 0
1 3 0
1 3 1
2 4 1
3 1 0
1 0 3
0 1 1
1 1 1
0 2 1
0 2 5
4 4 3
2 0 3
1 0 5
1 1 1
1 3 3
0 1 2
0 5 2
2 2 2
5 1 0
0 0 3
2 1 2
3 0 2
1 1 3
0 2 4
0 3 2
1 1 1
2 2 4
6 2 5
0 6 2
0 2 3
0 0 0
4 0 3
2 0 0
3 0 1
1 3 2
0 1 1
4 2 2
1 0 2
0 1 2
2 3 2
1 1 2
0 0 1
2 3 2
2 0 3
1 2 0
3 1 0
0 2 0
2 3 1
2 0 2
2 2 2
5 0 0
1 1 4
1 1 1
2 1 0
2 0 0
5 0 1
5 2 1
0 0 3
3 2 0
3 2 4
2 2 2
1 1 3
2 1 2
0 2 3
2 0 1
2 3 3
3 1 2
0 2 0
0 3 6
5 1 0
1 2 1
3 2 1
1 5 0
5 2 1
1 5 1
1 0 2
0 2 0
1 2 1
1 0 2
2 0 1
0 1 3
4 0 0
2 2 0
1 0 1
2 0 3
3 1 5
0 3 0
4 3 1
4 2 4
2 2 1
0 1 1
4 5 0
2 2 1
3 3 3
1 0 2
1 3 3
2 1 0
1 0 4
1 0 4
0 1 0
2 0 2
5 2 2
1 0 1
1 2 0
1 2 3
3 1 1
1 0 0
0 1 3
0 1 1
5 2 0
0 0 4
3 2 4
1 1 1
2 2 2
2 1 3
1 3 4
0 1 0
0 1 2
2 3 0
2 0 1
5 1 1
2 5 0
1 0 1
0 1 3
2 6 3
6 3 0
3 4 1
0 0 4
3 4 1
3 0 2
2 2 4
3 0 2
4 5 1
2 1 6
1 3 2
3 3 2
0 1 1
1 4 3
2 3 0
3 2 2
0 1 2
1 1 2
4 2 1
2 4 5
2 1 2
3 0 1
0 3 2
2 1 2
1 1 2
1 0 0
4 4 1
1 1 2
3 2 2
0 1 1
3 0 2
4 3 0
0 0 1
3 2 2
1 4 2
0 2 3
1 2 1
0 2 5
4 1 1
0 1 0
0 2 0
4 1 0
1 1 2
2 1 0
2 4 3
5 1 2
1 1 2
2 0 0
2 5 1
1 2 0
3 2 1
1 4 5
2 3 1
0 3 4
0 1 1
0 4 2
3 0 0
2 3 0
2 0 3
0 2 0
1 3 3
1 3 2
2 0 0
1 3 0
2 2 3
2 3 1
3 0 2
1 3 3
1 1 1
0 1 0
1 1 0
1 1 1
2 1 5
0 0 4
2 3 0
2 1 2
2 0 1
0 4 0
3 0 2
4 1 1
1 2 1
2 2 1
1 1 2
2 3 0
1 1 1
3 2 3
6 2 1
2 2 0
3 2 0
2 0 1
2 3 1
3 0 1
0 1 4
3 1 1
5 0 2
2 1 1
3 0 0
0 1 3
2 2 1
6 2 4
2 0 2
6 1 2
1 0 1
1 1 2
2 3 4
0 0 3
1 5 0
1 2 1
1 4 4
0 1 1
1 1 2
1 0 5
1 2 0
1 2 1
2 2 1
2 0 0
1 4 1
0 2 1
1 0 1
0 4 1
2 1 1
1 0 4
4 5 6
5 2 2
1 3 2
5 4 2
3 4 0
0 2 2
3 1 0
2 1 3
1 3 1
1 1 2
4 3 1
1 1 0
3 5 3
2 3 3
1 4 3
1 2 0
0 2 3
2 1 1
1 1 3
0 1 0
1 1 2
0 2 0
0 1 1
1 0 1
0 1 3
3 3 1
3 2 2
1 2 0
0 1 1
2 1 2
1 1 1
2 0 0
2 5 1
3 0 1
0 2 3
2 1 0
2 1 2
0 2 1
4 0 2
1 4 2
2 3 1
2 1 3
0 0 1
2 1 3
1 2 1
0 3 3
1 0 2
2 3 1
3 5 1
1 0 1
0 1 1
5 0 4
2 4 0
1 2 1
1 0 2
0 0 2
1 1 0
6 2 3
1 2 0
1 0 1
4 3 1
5 3 4
3 2 4
2 4 1
1 0 3
3 1 0
1 1 1
0 0 2
1 1 1
5 1 2
1 1 0
1 1 2
2 1 0
2 0 0
0 0 0
1 3 0
0 1 1
1 0 1
1 0 0
1 2 1
0 0 4
2 1 1
0 1 1
1 5 0
0 0 0
1 2 2
1 2 3
1 3 2
4 2 2
1 3 1
1 1 2
2 2 0
0 1 3
4 2 4
0 0 1
1 3 2
0 1 1
5 2 0
2 2 1
0 2 0
5 1 0
1 2 0
2 1 0
1 2 0
1 2 1
3 0 1
1 2 4
2 5 2
5 0 2
4 1 2
2 1 0
3 1 0
2 4 1
2 1 3
0 4 1
0 1 5
0 4 1
1 0 2
0 1 4
3 1 2
3 1 1
3 1 0
2 1 0
2 3 0
0 3 2
2 0 1
2 5 5
0 0 2
2 1 1
2 1 3
1 4 1
4 3 3
2 2 3
3 0 1
1 0 0
2 1 1
0 1 1
1 6 1
2 0 1
2 2 2
2 3 0
2 2 0
1 4 0
2 1 0
5 0 0
2 1 0
4 2 1
1 2 0
0 0 2
0 1 3
6 3 2
1 3 1
0 2 1
1 3 0
0 0 1
0 2 1
0 0 1
0 1 4
1 1 2
5 1 1
3 2 1
0 2 2
4 1 2
1 3 1
0 3 0
3 0 1
0 1 0
0 2 2
4 6 4
6 1 4
1 2 4
4 3 3
0 2 2
1 2 1
0 2 1
1 1 0
0 2 0
1 3 2
0 1 1
2 1 1
3 1 0
1 3 0
1 2 2
1 3 1
0 1 1
1 1 3
0 1 1
2 2 0
1 0 1
0 2 4
0 3 0
1 4 1
2 1 2
2 1 6
1 2 0
0 1 1
3 1 1
0 4 2
2 0 3
2 1 2
3 0 1
0 1 2
0 1 2
1 0 3
4 2 1
1 3 1
0 0 5
1 2 4
1 0 0
1 0 1
3 1 1
2 3 3
0 0 1
1 1 4
2 1 0
1 2 0
2 1 3
3 0 0
3 0 0
2 2 1
5 1 1
0 3 1
2 0 0
1 2 3
1 5 1
2 2 4
1 1 0
0 0 0
2 2 2
1 0 1
1 0 3
1 2 1
4 0 4
3 0 2
2 1 1
2 0 0
5 3 1
1 1 0
1 0 0
1 0 0
0 5 1
0 0 5
3 0 3
2 1 1
0 0 1
1 2 4
1 2 1
0 4 0
0 2 1
0 4 1
1 1 2
3 0 0
0 1 3
1 0 0
2 1 0
1 3 0
2 1 1
3 0 0
3 1 2
0 3 0
4 2 0
2 1 3
1 4 1
2 0 0
3 2 0
1 5 1
2 0 0
2 0 2
0 1 1
5 1 0
3 1 1
1 5 2
0 4 0
2 1 1
1 1 1
0 1 2
3 2 2
3 0 1
3 2 2
2 2 1
0 2 2
4 1 2
0 0 1
2 5 3
3 2 3
2 1 0
0 0 2
2 0 0
4 1 1
4 5 4
2 3 1
1 2 0
2 0 2
5 1 3
2 2 0
1 3 0
2 1 0
3 3 2
3 0 1
0 2 1
0 2 2
1 3 0
0 0 3
2 1 1
0 0 2
1 4 1
1 0 2
0 2 1
1 2 1
0 1 0
4 2 2
2 0 0
0 4 0
0 4 0
3 0 0
5 0 3
2 0 3
2 4 2
0 0 1
3 2 1
1 0 1
1 1 2
3 2 3
1 0 1
1 0 2
5 2 2
3 0 2
3 5 1
2 4 2
2 6 0
4 2 1
4 3 0
3 0 1
4 1 1
2 3 1
2 3 0
1 2 0
1 0 1
3 1 3
0 4 2
2 0 2
0 3 1
0 0 0
2 4 2
0 3 1
5 1 0
0 0 2
0 1 0
5 0 1
2 2 1
2 2 2
1 2 2
2 2 3
2 1 1
2 1 1
0 3 2
1 0 2
0 1 1
1 2 1
2 1 1
1 3 2
5 1 1
1 5 0
1 1 3
0 1 1
0 3 1
2 0 4
0 4 1
1 1 4
4 1 0
4 0 1
1 0 3
0 4 0
1 2 2
3 1 0
0 0 3
1 1 3
0 1 1
1 2 1
0 2 0
1 3 3
0 2 5
3 2 0
1 1 3
2 2 0
2 3 1
1 1 0
0 3 3
5 5 0
1 0 0
0 0 3
3 2 1
0 3 1
0 2 2
0 0 3
0 1 2
5 1 3
0 0 5
2 3 1
1 4 0
0 2 4
2 2 1
2 1 3
2 1 0
2 3 0
0 3 2
3 3 0
2 1 0
1 3 1
2 1 2
2 4 4
1 0 1
1 2 4
3 3 0
0 0 0
3 1 1
1 3 2
2 1 2
2 1 0
0 1 2
1 1 1
3 1 4
1 4 3
2 1 1
0 2 1
1 3 0
2 1 5
2 0 4
3 1 2
1 6 1
1 1 2
1 4 1
2 0 1
2 2 2
2 2 0
2 2 1
1 1 0
3 1 1
4 0 4
3 1 3
3 1 2
1 0 0
3 3 1
2 1 1
0 2 0
0 2 1
3 4 1
0 2 2
4 1 0
3 1 3
4 2 0
5 4 0
1 0 0
3 2 5
0 2 0
2 2 2
1 0 0
0 4 2
2 1 0
2 0 1
0 3 0
0 3 1
2 4 2
2 3 1
2 3 0
4 1 1
2 1 2
2 1 2
0 3 0
2 1 3
1 2 0
1 0 0
1 1 0
0 0 0
1 1 2
2 1 1
1 3 0
2 0 0
1 3 4
3 1 1
1 1 1
1 4 1
3 1 1
5 0 0
4 2 2
1 1 1
1 1 1
0 2 0
3 2 0
1 0 1
2 3 3
3 1 2
3 4 1
4 0 1
2 1 1
0 0 2
2 1 0
0 0 1
0 2 1
1 1 2
1 0 0
0 3 2
1 0 3
0 0 0
0 0 0
0 0 3
3 0 0
1 1 0
3 0 1
1 1 1
0 3 3
2 0 4
0 0 1
0 1 1
2 0 4
1 2 6
2 5 0
3 1 0
1 5 4
0 2 1
0 4 0
1 4 3
0 0 0
1 2 0
0 1 2
4 0 4
3 2 1
1 0 1
3 4 2
5 2 0
3 1 3
3 0 4
0 3 2
0 1 0
1 2 2
1 1 0
3 2 2
2 3 0
0 0 4
1 0 3
0 5 0
0 0 0
0 0 5
0 3 2
2 0 2
2 6 1
1 1 0
3 1 1
1 2 3
1 2 1
4 0 0
1 2 3
2 0 1
1 1 0
2 5 1
1 1 3
2 5 2
0 0 3
1 0 1
3 3 2
3 0 0
4 1 3
2 0 2
1 2 2
0 1 2
1 1 1
4 1 3
4 1 1
1 3 2
2 1 1
1 0 2
3 0 2
2 1 0
1 1 1
5 4 1
3 2 1
4 4 3
4 1 3
1 2 0
1 1 2
1 0 1
3 5 2
0 0 1
0 1 0
2 1 2
3 3 3
0 1 1
1 0 1
1 3 1
1 2 6
0 1 6
3 0 1
1 1 1
1 0 1
2 1 1
0 0 1
2 4 1
1 0 1
5 1 3
2 0 0
5 0 0
4 0 2
4 2 4
2 1 4
1 0 1
4 2 1
1 1 0
0 2 2
2 3 0
0 2 1
1 1 1
2 2 0
1 3 5
1 3 1
1 4 0
1 1 1
0 3 0
3 1 2
0 2 1
0 2 3
5 1 0
0 0 2
2 1 2
1 4 3
1 1 2
0 1 1
1 1 2
0 2 1
1 1 2
0 1 3
0 0 3
3 3 6
2 0 0
1 2 0
1 2 1
1 0 2
2 4 3
0 1 1
3 0 6
3 1 4
1 2 1
3 1 3
3 2 3
3 1 1
2 1 1
2 3 3
3 2 0
1 1 2
0 2 3
0 0 4
4 3 0
1 5 4
0 2 4
5 3 1
1 1 0
3 2 0
1 1 3
1 4 0
1 0 0
0 1 1
1 2 5
0 3 2
0 3 1
1 1 0
0 1 1
3 0 2
1 3 1
2 2 2
1 2 0
0 1 6
0 0 0
2 1 1
2 0 4
3 1 0
3 2 0
0 2 1
1 2 1
1 4 0
1 2 1
3 2 1
1 2 0
0 0 1
2 1 0
1 1 0
0 2 1
6 0 0
1 2 1
3 0 1
1 2 3
0 0 1
0 3 3
4 0 1
3 3 3
1 2 1
3 0 3
4 1 0
0 3 5
1 2 2
2 1 3
4 2 1
0 1 0
1 1 0
3 0 0
1 0 0
2 0 1
1 1 3
2 2 1
0 1 1
0 0 1
3 0 5
0 2 2
1 2 1
4 3 2
1 4 1
0 1 3
1 0 1
5 2 0
0 2 5
0 2 1
1 0 4
0 3 3
2 3 1
2 3 1
2 3 3
2 1 2
0 1 0
3 6 2
2 0 5
2 0 2
3 2 1
4 2 3
2 0 1
2 0 0
3 3 1
0 1 1
0 3 1
2 2 2
0 2 2
2 2 1
3 1 1
0 0 2
0 1 2
1 1 4
3 3 2
0 2 4
2 2 2
0 0 2
1 6 2
0 0 3
1 3 1
2 1 1
0 2 3
0 1 2
0 1 1
3 0 3
0 1 2
6 1 2
3 0 4
1 1 1
3 5 0
2 3 1
2 0 0
1 2 0
2 4 0
2 3 1
1 1 5
3 2 1
3 1 2
0 3 4
2 1 3
3 1 1
1 1 1
0 2 0
4 2 0
0 1 0
6 1 0
2 2 4
3 1 1
0 2 0
0 0 3
0 3 3
2 3 3
0 2 1
3 2 1
6 2 1
2 3 1
5 1 1
0 1 5
0 1 0
3 1 2
3 1 0
3 3 0
2 1 2
2 2 2
2 3 3
0 0 2
0 2 2
0 2 2
1 4 1
2 2 1
1 4 0
2 0 2
0 6 1
2 2 2
1 0 1
1 2 1
2 2 0
3 1 3
0 0 1
0 1 3
0 1 1
1 0 3
0 0 2
3 1 0
0 1 2
2 0 1
1 2 0
4 6 0
4 1 0
2 1 1
3 1 3
0 2 4
3 0 1
3 1 0
0 1 0
0 1 0
3 1 3
1 1 1
1 1 4
4 1 0
2 3 1
4 1 2
2 3 4
3 0 1
0 0 6
3 1 2
0 3 2
3 2 3
2 1 1
1 0 0
0 2 3
2 0 2
3 3 1
0 2 3
0 4 1
1 2 1
3 2 3
3 0 1
0 1 2
0 0 1
2 1 2
3 1 3
2 1 3
1 0 6
2 3 1
0 2 1
0 1 1
0 4 2
2 0 0
5 3 1
1 2 0
1 1 1
5 2 0
3 0 2
4 3 1
2 0 2
1 2 3
3 0 2
1 1 0
1 2 1
1 2 1
4 2 1
4 2 0
2 0 0
0 3 2
1 3 1
0 0 0
0 3 2
3 1 5
0 0 2
3 1 1
2 4 0
1 3 2
0 0 2
0 1 1
5 0 0
2 1 0
4 4 0
3 3 1
1 2 1
1 1 5
2 4 1
1 0 0
2 1 1
1 0 2
3 1 0
1 0 2
1 0 2
0 2 2
2 2 2
3 2 3
3 1 5
2 3 2
0 0 5
0 1 3
1 2 1
1 2 1
3 2 0
2 1 2
2 1 1
2 2 2
2 1 0
1 6 2
0 1 1
2 2 2
1 0 1
2 1 5
1 1 2
3 1 0
0 1 0
3 3 5
5 1 1
0 2 0
2 2 3
1 0 0
2 1 2
5 2 1
1 4 4
2 1 2
2 0 0
3 4 3
1 4 3
3 1 3
0 1 0
1 2 0
2 3 4
3 2 3
1 2 0
1 1 2
1 0 0
0 1 0
1 3 3
0 3 2
2 6 2
1 3 1
2 2 5
0 1 0
1 0 1
0 1 2
1 0 2
2 2 2
1 1 1
0 0 1
3 0 1
1 3 2
1 1 0
1 0 0
2 0 2
3 1 1
1 0 2
2 1 2
1 0 0
1 1 1
1 4 5
2 0 2
1 1 3
3 2 1
3 2 3
2 1 2
1 2 1
6 4 4
1 3 1
1 2 2
3 0 2
0 2 1
4 0 0
0 2 0
0 0 0
2 0 1
3 5 4
1 0 3
0 1 1
2 6 1
0 0 2
2 2 0
0 5 3
3 2 1
4 1 2
0 2 5
3 1 0
2 1 0
0 3 2
3 1 0
1 2 6
4 3 0
0 4 3
2 0 3
1 0 2
3 5 1
2 3 0
0 1 2
0 3 1
3 2 2
1 2 2
1 3 2
0 2 1
2 2 0
2 3 0
2 5 3
3 1 5
3 2 1
2 2 4
2 1 0
4 0 0
1 1 0
3 2 0
6 0 2
0 0 1
0 0 0
0 2 1
2 5 0
2 2 1
1 3 2
0 3 3
0 0 1
2 1 4
1 2 4
1 2 1
4 1 2
2 1 1
2 1 1
2 3 3
3 3 0
0 1 1
3 1 3
2 3 1
1 1 3
0 2 2
0 4 0
1 0 0
2 2 2
4 1 1
5 1 2
5 0 2
4 0 1
2 4 1
1 0 1
1 2 4
2 0 3
0 4 1
5 3 1
1 3 5
2 3 3
2 0 1
2 0 2
2 0 1
0 2 2
2 0 1
2 0 1
0 2 0
5 2 1
1 1 0
0 0 0
3 3 2
1 0 1
0 3 2
2 0 5
1 1 2
4 5 2
5 3 0
0 0 0
0 3 0
1 2 1
2 0 0
3 0 2
1 1 1
1 1 2
0 0 1
1 1 2
0 0 0
0 1 2
2 0 1
3 1 4
1 1 1
4 2 2
4 0 0
0 1 1
2 2 3
2 0 1
0 0 1
1 3 4
2 3 1
2 1 1
0 3 2
0 0 1
1 2 3
3 1 6
3 0 1
4 2 1
1 3 0
1 0 3
5 1 2
3 0 0
2 2 0
3 1 0
2 4 2
2 4 0
1 3 3
1 3 3
4 1 0
1 2 2
2 3 1
0 1 1
1 0 2
2 4 1
3 2 2
1 4 2
3 1 3
2 2 2
0 3 4
1 0 0
3 2 6
2 3 1
1 1 1
5 4 4
1 0 1
4 0 0
2 4 0
1 6 3
2 3 0
3 0 1
0 1 1
1 0 1
0 3 0
1 0 3
0 2 3
1 0 1
1 1 1
1 2 1
0 3 3
2 0 4
1 1 1
0 1 2
1 2 2
1 0 2
0 2 2
1 3 1
2 3 0
0 1 2
4 3 0
0 1 1
1 0 4
3 2 0
1 2 1
1 0 1
1 3 1
0 1 1
1 2 2
1 0 2
0 1 0
5 0 2
1 0 1
0 1 0
2 1 2
1 4 0
1 3 2
0 0 1
2 2 0
0 4 2
0 0 5
2 2 1
2 1 0
2 0 5
4 6 0
1 1 2
0 4 1
3 1 2
1 1 2
2 0 2
0 1 0
4 1 0
1 0 0
0 3 2
1 0 0
3 1 1
2 0 2
2 2 0
2 1 2
0 3 2
1 0 0
1 0 0
3 2 1
3 1 0
3 0 0
1 3 1
2 0 2
2 2 1
0 4 2
0 0 0
1 2 1
3 1 1
1 6 0
0 0 0
3 1 1
0 2 3
1 1 2
3 0 1
0 2 3
1 5 3
2 3 3
0 4 1
1 4 1
0 1 0
0 2 3
2 1 0
1 0 0
3 2 1
1 0 2
0 1 2
2 2 3
1 1 0
3 2 2
5 1 1
0 1 5
1 1 1
3 1 0
5 2 0
1 3 1
2 1 3
0 2 1
1 1 1
1 2 1
1 1 2
4 1 1
1 4 1
0 1 4
1 5 1
3 0 2
1 2 2
4 3 0
0 2 6
1 2 4
2 1 1
3 2 1
3 1 3
3 4 4
2 1 0
0 1 3
2 3 4
0 3 1
1 1 1
1 1 1
2 2 0
1 3 1
0 1 4
2 2 3
0 0 4
4 6 0
2 2 0
4 2 0
0 0 1
2 2 1
0 2 1
0 2 1
1 3 2
1 1 0
1 3 1
1 0 1
1 2 2
1 3 1
0 3 1
1 1 1
2 0 2
2 3 1
0 2 4
3 1 0
6 0 1
3 0 1
2 1 1
3 1 0
4 1 2
3 3 2
0 3 3
0 0 0
3 0 0
0 0 1
2 3 2
1 2 0
3 0 2
0 1 1
0 1 1
0 2 1
4 1 3
5 0 5
4 3 0
1 0 0
0 4 1
3 3 1
0 3 3
1 2 2
1 3 1
3 4 0
2 0 3
2 1 5
1 5 0
1 2 2
2 0 2
2 1 2
1 0 0
2 0 3
4 2 2
4 0 1
1 3 1
3 0 3
3 5 0
1 1 0
3 1 2
1 1 2
1 0 1
1 2 0
3 1 0
1 0 0
1 1 2
3 2 0
4 0 0
0 3 1
0 1 4
1 1 3
1 0 2
2 1 1
1 1 1
3 2 2
0 2 0
0 0 2
1 0 1
3 2 6
2 1 1
1 3 0
4 2 1
1 3 1
0 1 2
6 0 5
1 2 1
1 2 1
3 4 0
1 0 0
1 3 1
1 1 0
0 3 2
2 0 2
2 3 2
2 1 2
1 2 1
1 1 0
1 1 4
1 0 3
1 5 1
3 0 5
1 3 5
0 1 3
2 1 3
1 3 3
4 0 1
2 1 0
1 0 2
4 0 2
2 1 2
0 4 1
1 2 0
2 0 0
1 4 1
2 1 0
4 6 1
2 4 0
3 1 0
2 4 0
1 4 0
2 0 0
2 4 2
0 2 3
4 0 4
3 0 1
1 0 0
2 2 0
1 1 2
1 3 2
3 4 2
3 3 3
4 0 1
0 1 1
0 3 1
3 2 1
3 1 0
0 3 6
0 3 0
1 1 2
1 0 1
2 0 2
0 0 2
2 0 1
1 3 2
1 2 2
4 0 2
0 2 1
2 2 2
0 0 2
0 0 3
0 0 1
4 1 0
0 1 4
2 2 4
1 3 3
0 3 1
1 3 1
1 4 1
1 1 2
2 0 0
2 1 1
3 2 1
0 3 1
0 2 0
1 0 2
0 2 0
1 0 0
0 0 3
1 2 0
0 3 1
2 1 0
2 0 1
1 0 1
2 3 2
1 2 1
4 3 0
3 1 0
5 0 0
1 2 0
1 2 1
0 2 2
4 0 2
3 1 3
1 2 1
0 4 1
4 4 3
1 1 1
0 2 1
2 2 2
1 0 3
3 3 0
0 0 3
0 0 0
2 2 3
3 0 0
0 0 1
0 4 2
1 1 3
1 0 1
6 4 0
1 1 3
0 0 3
4 0 1
3 2 2
2 1 0
3 0 2
2 1 2
0 2 4
3 1 2
1 4 2
4 0 2
3 3 5
2 1 1
4 0 3
0 1 2
2 2 5
1 0 5
3 5 2
0 4 2
3 3 0
0 1 2
2 1 2
1 0 0
1 3 3
0 2 0
1 1 1
3 1 0
1 3 3
6 2 1
0 2 1
0 2 3
1 1 1
2 1 0
1 1 0
2 1 2
1 3 0
0 0 1
3 0 0
5 4 2
0 1 2
1 4 5
2 1 2
1 1 2
3 3 0
0 1 2
0 1 3
3 1 2
0 3 4
0 3 0
0 0 0
2 4 4
2 0 0
1 1 1
2 0 2
2 5 0
1 0 2
1 2 1
2 2 0
3 2 1
0 2 2
0 2 0
2 2 2
3 0 3
2 0 3
0 2 3
0 0 1
1 2 4
0 2 1
0 3 1
1 1 1
0 0 0
3 2 0
1 1 0
1 0 1
3 2 1
1 2 4
1 2 2
6 2 1
1 1 0
3 2 2
3 1 1
0 3 2
0 2 2
0 3 2
2 1 4
1 1 2
4 0 0
1 2 3
3 1 1
0 1 0
0 0 0
0 0 0
0 1 1
0 0 1
3 1 1
2 2 0
2 3 0
0 2 0
3 1 0
2 1 0
2 1 1
4 1 2
0 0 1
2 3 1
1 0 0
2 1 1
1 0 0
3 0 3
0 3 0
2 0 1
4 2 2
3 2 3
3 2 3
0 2 0
1 1 3
1 0 1
0 0 1
0 1 1
6 2 0
1 2 3
0 1 2
3 3 4
5 1 4
1 3 2
2 1 2
1 1 2
3 2 1
0 4 2
2 1 4
4 1 2
5 0 2
2 2 2
5 0 1
4 1 1
4 4 2
1 2 3
4 2 3
0 2 1
0 1 4
1 2 1
3 0 0
2 1 1
2 2 1
5 0 3
2 2 0
1 2 2
2 1 4
3 0 0
1 0 0
1 1 3
2 0 2
0 1 4
0 4 4
0 4 2
4 0 2
2 2 2
1 0 0
3 1 1
5 1 0
5 2 1
0 3 3
0 3 1
4 1 1
1 1 1
2 0 1
1 0 2
3 2 2
0 3 0
2 2 1
2 0 1
0 1 1
4 1 0
0 1 1
2 4 1
2 1 1
0 2 2
2 4 2
1 1 3
1 1 1
3 2 2
0 3 2
4 2 3
0 1 1
2 0 2
0 0 1
1 1 0
0 2 1
2 2 1
3 1 0
1 1 3
2 3 1
1 0 2
2 2 0
1 2 1
4 1 0
2 0 4
1 3 1
2 3 3
3 1 0
1 5 2
1 2 0
1 6 4
1 0 0
1 2 3
5 0 2
1 3 2
1 2 1
2 2 3
1 2 2
1 3 0
2 2 3
6 1 3
1 0 1
0 2 0
1 3 0
0 1 1
1 1 1
2 1 3
3 1 4
2 0 0
2 6 1
3 4 1
2 2 2
6 2 0
5 1 1
0 1 1
3 1 1
0 3 0
3 0 1
3 2 0
2 3 2
2 5 1
0 0 1
1 1 1
2 3 1
1 0 1
1 5 1
0 2 0
2 2 4
1 0 0
3 1 2
2 2 2
0 1 0
0 3 4
3 4 2
2 4 3
1 2 0
0 1 0
1 1 2
4 1 4
1 1 2
2 1 1
2 2 4
0 0 0
1 1 0
0 2 2
1 4 2
2 4 1
1 2 2
5 6 1
4 3 4
1 0 1
1 1 0
2 0 3
1 0 6
0 1 2
1 3 1
1 5 1
1 1 3
1 5 2
0 2 1
0 0 6
1 2 3
0 2 0
2 5 2
0 2 0
2 4 5
1 3 2
1 4 1
0 1 0
2 0 1
5 3 1
3 2 2
2 2 4
0 2 0
0 3 2
5 2 2
2 0 0
0 1 0
0 0 4
4 1 1
2 1 0
2 2 0
1 1 0
1 1 0
0 1 3
0 1 2
0 1 2
0 3 0
3 0 0
1 3 1
1 1 2
1 1 1
3 3 0
1 1 5
0 1 3
1 0 0
2 1 1
3 2 2
0 1 1
1 1 4
1 3 1
2 2 0
0 2 3
2 2 3
3 0 3
0 4 3
2 0 2
1 0 2
1 3 1
0 1 3
1 0 5
1 1 1
2 4 1
4 4 0
2 2 2
1 0 0
0 3 3
1 2 0
3 0 1
1 2 2
1 3 3
1 4 4
0 0 1
1 0 1
1 0 0
4 1 4
3 0 1
3 3 1
5 1 2
2 1 1
2 1 5
0 4 0
1 2 0
0 4 1
1 5 1
6 0 0
1 3 2
1 0 1
2 3 1
0 0 2
4 2 2
5 1 1
1 2 2
0 0 5
3 0 0
1 2 2
2 2 0
1 0 0
2 4 0
1 0 2
0 4 2
2 1 1
1 1 3
3 2 3
1 2 3
1 0 3
3 1 5
1 0 2
3 2 0
1 6 1
1 3 2
2 0 3
1 1 0
0 2 2
1 1 0
2 2 2
1 1 6
1 1 0
1 3 2
3 3 1
2 1 5
3 3 3
4 1 2
1 0 1
2 2 2
2 2 4
0 0 3
1 1 2
3 2 2
1 2 0
4 4 2
1 2 1
5 0 0
3 0 3
3 1 0
2 3 1
3 2 1
2 0 6
2 1 0
1 2 2
0 0 0
3 1 0
1 2 2
1 1 4
1 2 1
1 2 1
0 3 0
3 2 2
2 1 1
1 1 2
1 2 2
1 0 2
1 1 1
2 0 1
1 0 3
2 2 0
4 3 4
3 0 3
3 0 0
3 1 1
4 1 1
1 0 0
1 2 1
1 5 0
4 2 2
3 1 2
1 0 3
0 1 1
1 3 0
0 2 5
1 0 1
2 1 2
3 3 5
1 2 2
1 1 3
2 2 1
2 3 0
4 5 1
1 2 3
2 1 1
2 0 5
3 4 3
3 2 2
5 0 0
0 2 1
0 0 1
0 2 0
5 3 0
3 3 1
1 1 4
1 0 1
1 1 2
3 0 2
2 2 2
2 0 0
1 2 2
0 0 0
2 4 0
1 0 2
1 0 1
1 2 0
0 2 1
1 1 3
1 3 0
0 0 2
0 0 0
4 3 0
3 3 1
0 1 1
1 1 1
0 1 3
2 0 3
1 0 0
1 1 4
4 3 0
3 0 1
2 1 3
1 6 1
1 1 2
2 0 2
1 0 3
4 2 3
0 2 1
2 3 0
2 1 2
3 1 3
3 4 1
0 1 3
1 1 1
4 0 5
2 1 2
3 1 5
1 2 1
1 0 6
0 1 0
3 1 0
1 1 1
2 5 0
1 0 0
0 3 2
2 2 0
3 0 2
2 1 2
5 0 1
1 0 1
5 3 5
3 3 4
0 1 0
0 0 0
2 1 0
4 3 3
1 4 0
0 0 2
2 1 1
2 2 1
0 2 2
1 2 5
2 3 3
2 1 5
3 2 3
2 1 0
6 0 3
3 0 1
2 1 0
1 0 1
2 0 0
4 4 0
0 2 3
5 4 0
1 1 2
3 4 0
0 0 2
2 0 2
2 1 0
3 1 1
2 1 3
5 6 1
2 6 2
1 0 2
0 0 1
0 3 0
0 2 0
5 5 2
0 2 0
0 0 1
2 2 0
2 0 2
1 5 1
3 1 2
0 5 3
0 3 0
0 1 2
1 0 3
1 2 4
1 1 0
1 1 1
2 0 0
2 2 3
0 0 0
1 1 1
3 0 2
1 1 2
1 1 0
1 1 1
1 0 2
1 1 2
0 1 4
3 1 2
6 1 4
3 0 1
4 3 2
1 0 5
2 0 2
3 0 2
1 1 0
3 2 1
0 5 1
1 0 4
3 1 0
1 1 0
1 0 1
0 1 2
3 0 0
0 1 2
3 4 2
2 0 1
2 0 2
1 2 1
4 1 1
2 0 4
2 1 0
1 2 2
0 2 2
3 6 3
4 1 4
1 0 0
1 2 4
1 1 1
0 1 0
0 4 1
0 2 2
5 0 1
3 1 1
1 0 1
2 1 2
2 6 6
4 1 1
1 3 1
1 3 2
2 1 4
2 2 0
2 3 3
0 3 1
1 3 0
6 4 2
4 0 1
3 0 2
3 1 1
1 2 2
2 2 0
2 2 3
1 1 0
1 3 1
1 0 2
1 2 1
4 2 0
4 3 4
4 0 1
0 4 1
0 2 1
0 3 4
1 0 0
2 1 4
2 1 1
3 1 1
2 0 0
5 1 1
0 1 2
0 1 2
2 4 2
4 0 4
1 2 4
3 1 1
4 4 3
2 1 2
4 0 0
2 1 2
1 0 6
5 0 0
1 1 0
2 1 5
3 0 4
1 2 0
4 2 0
2 1 2
1 5 3
2 0 0
6 0 1
1 2 0
0 1 1
1 2 1
1 1 2
1 2 0
3 3 1
3 2 2
3 2 0
1 1 1
0 0 0
2 1 1
1 0 2
2 3 1
0 2 3
3 0 2
1 2 0
0 1 3
1 2 2
0 5 2
2 2 2
0 1 0
2 1 2
4 0 0
6 2 1
3 4 1
2 2 1
2 1 1
3 1 0
1 2 0
1 0 0
4 2 3
0 1 1
1 6 3
0 1 0
4 2 2
0 1 2
1 0 0
0 3 1
1 0 1
1 0 1
0 0 3
1 0 5
3 1 1
1 3 0
2 4 2
2 0 3
3 4 0
2 1 1
0 1 1
1 1 2
5 0 1
3 6 1
4 0 1
3 1 3
3 4 0
0 1 0
4 0 2
1 2 2
2 2 0
0 0 4
0 6 0
0 2 1
0 5 2
0 2 1
0 2 4
1 2 5
2 3 3
0 2 0
0 0 1
0 1 2
5 3 2
0 3 1
0 2 0
4 2 0
1 0 2
4 3 1
1 0 3
1 1 2
2 0 4
4 2 1
2 1 3
1 2 2
1 3 1
3 1 1
3 2 0
0 0 1
2 3 0
2 0 4
1 4 1
3 1 0
3 1 4
5 0 0
3 0 1
1 0 1
1 1 0
0 1 1
1 1 2
0 1 2
0 0 1
0 5 2
3 4 0
0 0 5
1 0 5
3 1 5
3 3 1
1 1 0
1 1 1
0 2 2
1 0 0
1 1 1
2 5 4
5 2 1
0 0 0
1 2 2
0 0 4
1 1 3
1 0 5
0 2 1
2 2 4
1 0 2
3 0 1
2 0 2
0 5 1
0 0 0
1 4 0
4 1 4
0 0 1
6 1 3
3 0 3
1 3 0
1 2 2
0 2 3
3 1 1
2 1 2
1 1 2
2 0 1
0 0 0
1 2 1
1 1 6
2 0 6
0 3 2
2 2 0
0 1 1
0 0 3
1 1 2
3 2 2
2 3 0
0 0 3
0 2 3
0 0 0
3 1 4
1 0 0
4 0 0
1 4 1
1 2 3
1 3 1
1 1 0
1 4 3
0 5 1
3 2 2
3 2 1
5 1 0
2 1 1
2 0 1
0 4 1
2 0 0
2 0 2
1 1 1
1 0 3
2 1 0
4 4 2
2 0 1
0 2 1
1 1 4
0 2 0
3 1 0
2 2 3
1 5 0
0 3 2
0 1 2
1 1 1
2 1 1
1 2 0
0 1 2
5 3 2
1 2 1
1 5 2
1 3 2
0 1 0
0 1 1
1 2 2
2 1 0
1 4 2
1 0 0
1 0 2
3 0 2
1 2 2
2 4 1
2 1 2
2 2 0
1 1 1
0 2 2
1 0 1
0 0 4
3 0 1
1 0 1
1 1 3
1 2 0
1 0 4
1 0 0
3 0 2
1 0 2
1 0 3
1 3 4
0 1 2
3 0 2
3 0 2
1 1 3
0 1 0
0 2 2
3 1 1
2 0 0
4 2 1
0 1 0
2 0 0
2 1 2
1 4 0
4 2 1
3 1 1
4 0 1
0 0 1
2 1 1
2 3 2
1 2 1
5 2 0
0 2 2
2 2 2
1 0 4
4 2 1
3 1 3
1 2 1
3 1 4
2 2 0
1 2 1
3 5 2
2 0 2
3 2 3
1 1 1
2 1 2
3 0 0
0 1 1
0 2 0
6 3 3
1 2 1
2 0 1
1 2 3
3 2 0
0 1 1
2 3 0
2 0 1
3 0 2
1 0 2
2 1 0
5 0 2
1 3 0
2 2 0
0 0 3
5 0 1
2 1 3
0 3 1
1 3 1
0 1 2
0 1 0
2 2 6
0 1 1
6 1 2
1 3 2
2 1 3
6 6 4
1 1 1
3 3 3
2 2 2
0 1 0
4 6 0
1 0 0
2 2 0
3 0 5
5 2 2
0 1 1
3 0 0
1 0 1
2 5 2
0 1 3
1 1 2
0 2 1
1 0 1
1 0 2
3 2 1
1 0 0
1 1 1
2 4 1
0 1 1
1 1 1
1 1 0
1 5 0
1 0 1
2 1 1
0 0 2
0 2 6
4 0 0
0 4 0
3 4 0
1 3 1
2 1 1
0 0 1
2 5 1
2 1 2
1 4 0
2 2 3
1 1 0
1 2 1
1 4 2
2 2 4
2 2 2
0 3 1
1 3 1
0 3 0
1 2 0
1 0 3
0 0 3
0 1 2
0 0 5
3 1 2
0 3 1
2 0 2
3 0 2
0 4 1
0 2 2
6 1 4
3 2 3
2 0 1
3 1 4
1 2 1
0 1 1
4 3 1
3 3 1
3 2 2
1 3 0
1 2 0
1 3 2
1 2 0
2 1 2
3 1 0
2 1 0
0 2 3
0 0 1
2 1 0
4 2 2
2 1 2
2 0 1
0 1 2
0 0 1
5 2 1
2 2 3
1 2 3
2 0 2
1 1 3
2 2 3
2 2 3
1 1 1
1 1 2
3 0 1
1 5 1
2 2 3
4 2 1
2 0 2
2 4 1
1 1 0
2 4 1
1 1 1
4 4 1
1 2 5
0 1 1
2 2 3
1 0 1
1 3 2
0 0 0
3 1 0
4 1 1
2 1 2
0 1 2
2 2 0
1 1 0
2 0 1
3 5 3
2 3 0
0 0 3
1 2 4
2 4 2
0 0 2
0 1 2
2 1 2
2 3 0
4 1 2
1 1 2
0 2 2
2 1 0
1 1 1
0 2 1
4 1 1
6 1 0
0 2 1
1 2 2
1 1 1
2 3 0
4 3 0
1 0 3
1 0 1
1 4 0
0 3 1
0 3 1
2 0 5
3 1 1
0 2 2
4 0 1
3 0 4
0 2 1
1 0 4
0 2 1
3 1 0
2 3 1
0 1 1
0 1 1
2 0 0
5 2 2
5 3 1
3 1 2
3 0 2
2 1 1
1 0 4
1 1 6
1 1 0
4 3 1
0 1 3
0 2 1
1 1 1
1 4 0
0 1 3
0 2 0
1 2 0
1 1 2
1 2 0
3 0 3
1 1 0
1 1 0
1 1 0
1 5 2
2 0 2
4 1 2
2 1 3
2 2 1
1 2 0
4 0 2
2 3 1
1 5 2
3 1 0
1 2 2
0 2 0
0 1 1
2 0 5
0 3 1
1 1 0
1 0 4
2 0 1
3 1 2
4 4 4
0 0 0
4 2 1
0 2 0
0 3 5
2 0 0
2 2 3
2 1 4
1 1 1
0 0 1
3 0 0
4 3 0
1 3 1
1 1 0
1 0 1
0 4 4
2 1 2
2 0 3
4 0 1
1 2 1
2 2 2
3 3 1
3 0 1
0 1 0
0 0 2
0 0 2
2 1 1
2 1 0
1 4 0
0 2 1
1 1 5
0 1 0
0 1 5
0 5 1
1 0 0
2 2 1
3 4 0
2 0 2
0 2 0
1 0 0
1 1 0
0 5 1
0 2 3
4 0 0
1 1 4
3 1 2
0 0 1
1 4 1
1 3 5
0 3 3
1 4 3
2 5 2
0 0 3
1 0 0
1 0 3
4 1 4
2 3 0
2 0 1
4 0 2
1 3 2
1 1 0
0 1 2
1 2 0
1 2 1
0 2 2
3 0 1
2 1 3
1 0 0
1 1 4
1 2 2
1 0 2
0 2 0
1 0 4
5 2 2
0 3 1
0 2 1
1 0 1
2 1 3
0 1 1
0 1 0
2 2 2
0 0 1
3 3 3
1 1 0
4 3 2
5 1 1
1 1 1
1 1 0
1 0 1
2 4 2
5 2 2
1 1 2
4 3 2
0 1 3
0 2 1
3 5 0
2 0 2
2 2 5
0 4 2
2 3 0
3 4 4
0 1 1
2 2 1
0 1 2
1 2 1
3 1 0
1 0 5
2 0 3
0 2 0
3 0 4
1 2 1
0 1 0
2 0 1
2 2 4
0 2 1
1 0 1
4 2 5
1 5 2
3 1 3
0 0 1
4 0 3
1 0 2
2 3 3
6 0 0
2 3 5
2 0 1
2 0 3
2 6 4
0 1 1
1 2 2
0 1 0
2 3 2
0 1 2
4 3 2
2 2 1
2 2 4
1 0 0
2 0 0
3 0 2
2 3 2
5 0 5
0 3 1
2 3 3
2 1 1
2 1 4
1 5 0
2 1 0
0 1 2
1 2 1
1 2 2
2 2 1
2 1 1
2 1 3
4 2 5
0 0 2
1 3 1
2 2 0
0 4 2
3 0 4
1 1 1
3 4 2
2 2 1
4 1 2
1 4 1
0 1 3
0 2 2
4 1 0
2 0 0
0 0 4
2 0 2
1 1 2
2 2 0
0 1 4
0 1 2
5 0 2
0 0 1
1 6 3
4 1 4
5 3 2
2 1 0
0 3 5
3 2 2
0 1 2
6 0 1
3 1 3
2 1 4
1 0 2
1 1 0
2 2 3
3 0 4
3 0 2
4 1 2
3 1 2
2 1 2
4 3 1
1 0 3
2 0 0
0 1 3
1 1 0
0 3 0
0 1 2
1 5 2
0 1 0
1 0 2
0 0 0
3 2 3
1 5 1
3 2 2
0 3 0
2 0 2
1 1 2
2 0 2
5 0 2
0 1 2
2 0 3
0 2 0
4 2 1
0 2 2
1 2 3
1 1 0
0 0 6
0 1 2
0 1 0
2 2 1
2 6 0
2 3 1
2 4 1
0 3 2
1 0 4
1 4 3
0 1 1
1 3 3
2 1 1
3 2 1
3 1 1
0 4 3
1 1 0
0 3 5
1 1 5
2 4 1
1 1 4
1 2 0
0 0 0
0 2 0
0 1 3
1 5 0
0 3 2
1 5 3
0 3 0
4 5 4
3 4 0
3 1 0
1 2 3
3 3 3
1 2 3
1 5 1
3 3 3
0 1 0
1 1 3
1 2 2
1 2 1
1 1 1
3 2 5
4 1 3
2 2 1
2 1 0
1 2 1
2 1 0
2 0 3
0 3 2
0 3 0
2 0 1
6 1 2
1 3 1
2 0 4
0 4 2
3 0 3
2 1 0
1 3 5
4 1 2
2 2 1
2 2 1
3 1 3
4 2 5
3 2 0
1 2 1
1 2 2
3 0 1
1 2 1
2 2 1
1 1 0
0 1 0
1 4 2
1 1 1
2 1 2
2 0 0
2 2 1
1 1 1
1 2 2
5 0 2
2 1 6
2 1 0
2 1 1
2 2 1
2 3 1
0 1 1
2 2 2
0 0 2
1 2 0
2 1 0
1 1 2
2 3 2
2 1 1
1 1 2
4 2 3
3 2 3
1 1 0
1 3 2
2 5 1
1 1 2
3 3 1
2 0 3
0 0 3
0 0 1
5 2 2
1 2 1
2 0 4
0 2 0
1 2 1
2 2 3
1 1 2
2 0 0
3 0 2
0 2 1
1 0 0
0 5 1
1 1 1
4 2 4
1 3 1
0 2 0
5 1 2
2 3 1
0 2 0
4 1 0
2 2 1
1 4 3
0 0 1
3 5 3
3 2 2
1 0 1
1 2 0
2 2 1
2 1 1
3 4 0
2 1 0
0 5 0
1 4 0
2 3 1
1 2 5
0 2 0
3 1 5
0 2 4
2 0 2
1 3 3
0 1 2
3 0 0
0 3 1
3 2 2
1 4 2
3 3 1
3 2 3
0 0 1
3 1 2
0 2 0
2 3 0
0 0 1
0 0 1
2 1 2
0 0 1
3 1 1
0 3 1
3 3 3
2 4 3
1 2 0
2 6 0
4 0 1
1 2 3
0 0 2
1 3 4
3 0 2
1 1 1
0 0 1
2 0 2
6 0 0
1 0 0
2 4 1
2 0 0
0 2 0
3 0 1
1 0 3
4 1 6
0 5 2
1 0 1
1 3 0
0 0 2
0 2 0
4 1 1
1 3 1
2 2 1
2 1 4
0 1 1
3 0 0
4 2 0
4 1 3
2 2 2
0 1 1
0 3 0
3 1 2
3 1 3
0 1 4
0 0 2
0 4 3
2 1 1
2 1 0
1 1 0
2 2 2
5 4 1
2 2 0
5 0 2
2 1 1
1 0 0
2 1 0
3 0 2
0 3 3
4 3 3
1 1 2
1 2 1
4 0 1
3 1 3
2 0 1
1 1 0
3 0 1
3 1 2
3 2 0
0 0 2
0 1 1
0 2 3
1 0 0
3 0 0
3 2 2
1 1 3
3 1 5
0 1 2
5 0 2
0 1 2
0 0 0
1 1 0
0 0 1
0 0 0
1 0 2
0 3 2
0 0 1
4 1 5
3 2 1
0 2 0
3 1 0
0 0 3
2 2 2
3 0 1
2 1 4
1 0 2
2 2 2
1 0 2
3 1 0
2 4 3
0 2 2
1 0 2
0 1 0
1 4 0
0 1 1
0 3 4
4 1 0
2 2 4
1 1 1
1 2 0
1 2 2
3 1 3
2 3 2
6 0 1
2 3 3
1 2 4
2 0 2
0 2 0
1 1 2
5 1 1
0 1 0
2 1 1
1 0 2
2 1 0
1 0 3
0 1 2
1 4 1
2 1 0
4 2 0
2 3 2
0 4 0
3 2 2
2 3 1
4 1 2
0 0 1
2 0 3
5 1 6
5 0 1
4 1 0
0 3 1
1 1 0
3 1 5
1 4 5
6 1 1
2 5 1
1 0 0
2 3 3
0 5 6
2 0 1
3 0 4
4 2 0
4 0 2
0 1 0
2 1 2
0 0 0
2 0 4
2 2 2
1 1 2
2 0 2
2 2 0
2 1 3
3 3 0
0 2 2
4 1 1
1 4 2
3 0 2
3 1 0
2 4 1
0 2 2
2 3 3
1 4 1
1 2 0
1 3 1
3 1 0
4 1 1
0 0 0
5 2 0
2 3 0
0 2 1
2 0 3
1 2 3
2 1 4
2 1 3
0 1 3
3 3 0
1 2 4
0 0 3
1 0 0
2 1 2
1 3 3
2 1 0
0 1 0
1 1 0
1 2 1
1 3 3
1 3 3
1 0 0
0 0 3
2 3 4
2 1 1
1 2 4
0 3 3
0 0 0
2 2 1
0 2 1
0 2 1
0 1 0
2 0 1
1 2 2
4 0 1
2 0 5
1 3 2
1 3 5
3 2 1
1 1 1
1 0 4
1 4 0
1 0 0
2 0 0
1 1 1
3 1 2
1 1 5
3 2 2
1 1 3
2 3 0
1 1 3
0 0 2
0 6 1
2 3 0
0 1 0
0 3 3
2 2 1
3 1 1
5 0 0
1 2 3
0 3 0
1 1 0
0 3 1
2 0 3
1 1 0
3 1 0
0 5 0
2 3 2
0 1 3
5 2 2
2 0 2
1 2 1
2 1 2
2 2 2
0 0 3
0 0 1
3 4 2
2 2 2
2 3 2
1 0 3
4 1 1
3 5 3
3 4 2
0 2 0
0 2 5
1 3 1
1 4 2
1 2 0
1 1 3
1 0 1
0 0 1
0 0 1
0 1 1
3 2 3
2 4 2
0 3 3
4 1 2
2 2 6
3 2 0
2 1 1
3 2 0
3 0 5
3 0 1
0 2 0
1 1 0
2 3 2
0 1 4
1 1 1
2 2 4
0 0 1
0 4 1
0 0 3
4 0 1
3 1 1
0 3 1
0 3 4
2 1 0
1 0 2
0 1 0
2 3 5
2 1 2
0 1 0
2 1 0
1 1 1
1 1 3
1 2 1
0 2 2
4 2 1
2 2 4
0 0 4
1 3 0
1 3 3
0 0 1
1 0 2
4 1 3
2 1 0
3 1 4
1 0 3
4 1 0
0 1 2
3 2 1
3 2 2
4 1 1
3 5 1
3 2 1
0 1 0
0 2 0
0 3 3
0 4 2
2 1 2
0 2 3
0 0 0
0 2 1
3 1 0
1 0 0
2 2 0
0 2 2
1 0 2
0 2 0
3 2 1
0 0 2
2 1 1
1 2 1
4 1 1
2 1 1
1 2 1
0 4 0
5 5 2
3 0 2
1 3 5
3 0 1
0 2 2
0 0 0
1 1 0
4 2 2
4 2 5
2 0 1
5 2 0
1 1 1
0 3 0
2 0 4
2 1 2
3 2 1
1 6 0
1 0 0
2 2 0
5 5 2
0 1 1
0 1 1
3 2 1
1 1 2
0 0 1
1 1 2
1 1 2
1 1 1
0 1 0
0 3 2
5 0 1
1 0 0
0 1 2
1 0 0
2 1 1
0 1 2
2 1 1
0 6 0
5 5 1
0 4 2
2 2 1
1 0 5
0 0 1
1 3 0
2 1 4
2 0 4
0 2 0
1 3 2
2 3 2
2 2 0
3 1 1
2 1 2
2 1 1
2 2 1
2 3 3
1 2 4
0 3 0
6 2 1
1 0 1
0 6 0
3 4 4
2 5 2
2 1 0
0 0 1
0 2 6
0 2 0
2 0 0
0 2 2
2 1 3
3 2 2
1 0 2
0 0 2
1 2 1
5 1 0
1 1 4
4 3 0
4 1 4
3 2 3
1 0 3
2 0 1
3 2 2
2 2 3
2 1 0
0 2 5
0 2 0
0 0 1
1 0 1
1 1 0
2 0 1
0 1 1
2 0 2
6 0 4
1 2 2
1 1 0
2 2 1
1 4 1
1 2 4
2 2 3
0 0 3
0 0 2
5 0 3
0 6 0
2 1 2
1 2 3
2 2 2
3 2 4
0 2 4
2 3 2
3 0 4
2 2 1
2 0 2
2 4 0
2 3 4
2 0 4
0 2 1
1 2 1
0 1 1
0 1 0
1 0 1
1 3 4
1 3 1
3 1 1
1 2 1
2 0 3
0 2 0
1 1 1
2 4 1
0 0 2
1 3 1
0 1 0
0 3 0
1 0 1
1 1 1
1 2 1
1 0 6
2 2 3
0 3 0
0 1 2
1 3 2
2 0 0
2 3 2
1 3 0
2 3 0
4 2 0
4 2 4
2 2 3
1 0 1
2 0 1
2 0 1
1 2 0
1 1 1
4 3 1
1 0 3
1 1 1
3 2 2
4 2 2
3 1 0
0 0 3
0 0 0
0 0 2
0 2 2
0 1 3
1 1 1
1 1 2
3 1 5
0 3 2
0 0 3
0 0 1
1 1 2
2 2 0
0 0 2
0 3 2
3 3 2
1 3 0
1 5 2
0 1 2
2 0 2
2 6 1
0 1 2
3 2 2
2 0 0
4 1 4
0 1 2
3 3 1
2 3 1
0 0 0
3 0 2
1 3 1
3 1 1
0 1 2
0 3 1
0 2 3
1 5 1
1 2 2
1 3 4
3 2 4
0 1 4
3 0 1
3 1 4
1 2 4
2 0 2
2 2 0
0 2 1
1 2 0
1 1 2
0 0 1
2 0 4
2 0 1
2 1 2
1 2 3
0 0 1
3 1 2
2 1 3
0 2 0
1 0 1
1 3 0
1 4 2
0 3 2
1 1 3
1 2 0
2 2 2
0 1 1
0 0 3
2 0 1
1 0 0
5 4 1
2 1 2
0 1 0
0 1 0
1 1 0
5 3 1
1 1 1
3 2 1
0 1 0
4 3 3
0 1 1
3 3 0
2 0 2
0 0 6
2 3 0
2 4 0
2 2 3
4 5 1
1 0 1
1 1 0
2 5 1
0 4 3
2 1 2
1 1 0
5 3 1
0 4 2
2 0 1
0 0 2
0 4 1
1 1 2
0 0 0
0 0 1
2 1 1
2 1 1
3 4 4
2 2 2
2 0 4
3 3 2
4 5 1
0 1 2
0 1 2
0 1 2
1 0 1
0 2 0
0 2 5
1 1 1
0 3 0
2 2 5
1 2 0
3 1 0
2 2 2
4 2 1
1 1 3
3 3 1
3 3 1
0 2 3
0 2 1
0 2 0
1 2 2
1 4 3
3 2 2
1 3 6
3 1 1
1 1 2
0 2 6
1 1 0
1 0 2
0 0 0
1 2 1
1 2 2
1 1 2
0 2 1
1 0 2
2 5 4
1 2 4
2 0 0
3 2 0
3 0 3
5 0 4
5 1 3
6 3 1
4 1 3
3 2 2
2 1 0
1 3 2
0 4 3
2 3 1
1 3 1
3 5 1
2 2 0
0 1 5
4 2 2
4 2 0
0 2 2
0 3 2
1 1 0
5 1 1
2 1 3
3 2 2
1 2 1
3 1 0
1 1 2
1 1 0
5 1 0
3 1 2
2 2 3
1 2 2
3 3 1
0 0 0
1 1 0
2 1 0
1 0 1
1 1 1
1 4 0
1 2 4
2 3 0
1 1 3
1 1 0
4 0 4
1 3 2
2 0 3
1 1 1
0 3 0
1 1 0
0 1 2
0 3 1
2 4 2
2 4 0
1 1 3
2 5 1
4 0 0
2 2 2
0 0 0
1 1 1
1 1 2
2 0 1
2 3 1
2 4 2
2 0 1
4 3 2
2 5 0
2 0 2
0 2 4
0 0 2
1 2 1
1 3 1
1 3 0
0 2 2
3 2 1
4 4 1
3 3 1
0 2 0
0 1 0
0 3 3
0 0 3
1 2 2
1 2 0
5 0 1
1 2 2
0 1 1
4 0 2
1 1 0
0 1 0
1 1 0
0 0 0
4 3 3
0 3 0
0 3 0
3 4 0
1 0 1
3 0 3
0 1 2
3 3 1
2 4 4
1 0 2
0 3 4
1 2 2
1 2 0
1 2 1
4 0 0
1 2 0
2 4 3
1 1 0
1 2 4
0 3 0
3 0 3
0 5 2
0 2 1
3 1 1
0 1 2
1 1 3
1 0 1
0 1 0
0 3 2
3 1 4
3 1 1
1 1 4
0 3 2
0 5 4
4 0 1
2 0 1
0 0 1
2 2 3
6 6 0
1 1 1
2 3 0
2 0 1
1 0 2
0 2 3
3 4 2
0 1 1
2 0 1
1 5 0
1 0 0
4 4 4
1 1 0
2 0 0
2 3 0
6 0 3
1 1 2
2 4 2
1 2 3
1 2 1
2 3 2
3 1 1
3 2 0
3 0 1
4 1 3
1 1 4
3 1 1
0 2 0
0 2 2
1 3 2
1 0 2
0 2 5
3 3 2
2 2 2
4 3 6
1 4 1
2 2 1
0 4 1
0 1 5
1 0 0
3 1 1
4 0 2
1 0 4
2 2 2
0 2 3
2 3 2
1 0 1
1 1 1
3 0 2
0 4 0
1 1 1
3 0 1
4 2 1
1 1 2
4 1 3
1 0 0
1 0 2
2 2 1
3 4 0
2 2 3
0 1 0
2 0 0
1 0 3
0 0 1
1 2 1
1 2 2
1 0 3
1 3 4
1 0 1
0 3 0
4 0 3
1 0 4
1 1 0
1 2 0
0 1 2
1 0 2
4 0 2
1 2 1
0 2 3
1 0 4
6 4 0
5 3 2
1 1 2
0 0 1
2 1 1
1 3 1
1 5 2
1 3 4
2 1 2
3 4 3
0 2 2
2 0 0
0 1 4
3 1 3
2 1 2
0 4 0
3 4 5
1 1 3
0 2 1
2 3 0
3 2 2
3 2 0
2 1 0
2 2 2
1 2 1
3 3 3
0 2 4
3 0 2
2 2 0
3 3 1
2 0 2
4 3 1
0 1 2
2 0 0
0 1 4
6 0 1
1 2 2
2 3 3
0 1 1
1 3 2
0 2 2
2 3 1
1 4 1
3 0 0
2 3 1
5 1 0
5 1 4
1 0 3
4 3 1
0 2 0
0 1 2
6 0 1
0 1 3
1 5 1
0 3 2
3 0 1
0 1 3
1 1 0
6 1 2
3 2 4
0 1 4
4 0 1
0 0 0
0 3 3
2 1 1
1 1 2
4 1 2
1 2 3
0 2 2
0 1 0
2 3 1
3 1 3
0 1 0
3 1 0
2 0 1
1 2 1
2 0 2
2 1 2
0 0 1
1 2 4
4 2 2
5 1 1
2 0 1
4 3 3
2 1 0
1 2 1
1 1 4
6 1 2
2 0 1
0 3 3
0 1 2
1 5 1
0 1 3
1 0 4
3 0 1
1 0 4
1 1 0
1 1 2
4 0 2
3 0 1
2 1 1
2 5 2
2 2 0
4 2 3
1 0 2
0 0 1
1 0 0
1 1 1
6 3 1
0 1 5
3 3 2
4 0 3
2 2 1
1 2 2
2 0 0
1 1 1
3 1 2
0 2 3
0 1 2
0 0 0
1 3 1
2 5 1
3 1 4
0 2 3
0 2 2
1 4 2
2 1 5
0 2 1
2 2 1
2 4 3
0 1 4
2 2 2
4 3 1
3 0 0
1 4 0
4 5 2
1 3 2
2 1 1
1 1 5
0 0 1
0 2 1
2 3 3
3 2 2
1 1 0
0 1 2
3 0 3
0 2 2
1 1 1
1 2 0
2 1 1
0 0 3
0 1 1
1 2 0
0 1 1
0 1 1
0 1 1
3 0 1
1 3 0
3 0 0
2 1 0
2 4 4
2 2 2
0 2 1
1 1 2
0 2 2
2 0 0
2 2 0
1 3 2
2 3 1
0 5 3
1 1 1
3 3 1
3 3 0
1 3 2
1 0 4
4 1 1
1 0 2
2 2 1
2 1 2
2 1 3
6 3 3
0 4 1
2 0 1
1 2 0
0 3 1
2 1 5
2 3 1
1 0 2
1 0 2
3 1 0
4 4 2
4 4 4
4 2 3
2 4 0
2 2 1
0 1 1
1 1 0
3 1 0
4 3 1
0 2 2
2 1 0
0 1 2
0 4 2
0 0 0
2 1 0
2 3 2
2 3 0
1 1 4
3 0 3
1 0 3
3 1 3
1 2 0
3 2 2
1 1 3
0 1 0
1 2 3
3 5 1
1 4 1
3 0 1
0 3 0
2 2 1
1 2 2
0 3 4
3 2 2
2 0 4
2 1 0
3 3 3
2 2 3
3 1 2
4 3 3
1 1 0
1 2 3
3 3 0
3 1 2
1 3 2
1 2 1
1 2 0
1 0 2
2 1 1
2 2 1
2 2 3
3 1 3
0 2 5
1 2 2
1 0 4
1 0 0
2 4 1
2 2 0
1 2 0
5 2 2
5 2 2
0 6 2
2 1 3
0 1 3
2 4 0
1 2 1
2 0 0
0 3 2
0 2 1
5 0 1
1 2 4
2 2 2
1 2 1
0 0 1
2 2 3
1 3 0
1 2 2
0 1 1
2 2 1
1 2 3
0 0 1
1 1 0
2 2 3
2 1 3
2 1 4
0 1 1
1 3 4
0 1 1
0 3 0
1 1 0
1 1 0
2 2 0
1 1 1
3 2 4
0 2 1
2 2 0
1 2 3
2 1 2
2 4 3
2 0 1
2 3 4
2 1 1
1 1 0
0 0 1
2 2 0
1 3 1
1 2 1
0 1 3
1 2 1
0 0 1
4 2 3
3 2 0
1 0 0
0 1 0
0 1 4
0 3 1
0 1 0
0 0 2
1 3 1
0 0 0
0 0 1
4 2 1
1 3 2
0 4 2
3 2 0
2 5 1
0 3 2
4 1 2
1 0 1
1 3 0
2 0 1
4 0 2
1 1 1
2 1 3
1 3 2
4 2 3
1 1 0
0 1 1
0 0 3
0 0 3
1 0 1
1 2 2
1 4 0
0 0 0
2 0 1
0 1 0
1 0 1
2 1 3
2 3 1
3 0 1
2 2 0
2 3 2
1 2 0
1 0 1
6 1 1
1 1 4
1 0 1
3 2 0
2 3 3
1 5 2
1 3 0
2 2 2
1 1 3
2 0 0
2 0 0
0 1 1
1 2 4
0 0 2
3 0 1
1 0 2
1 0 0
2 2 0
5 0 0
2 5 5
4 2 6
1 0 0
2 2 0
3 1 1
1 0 4
2 5 2
4 2 0
1 2 0
1 1 2
1 2 1
1 0 2
1 1 1
2 4 0
1 1 0
0 2 3
3 2 1
2 2 2
0 0 2
1 2 0
0 1 0
1 0 3
2 0 2
1 1 2
0 3 1
4 0 0
1 1 3
3 1 2
1 2 6
4 4 0
2 0 1
2 1 1
1 0 2
1 3 0
3 0 2
1 1 1
2 2 1
1 1 0
3 0 1
3 2 1
1 0 4
2 2 1
5 0 1
2 0 1
4 3 1
4 2 1
0 0 0
1 2 1
0 5 2
1 1 0
2 3 0
3 1 4
1 0 0
1 1 3
3 0 0
1 1 2
2 1 1
2 3 1
1 1 0
0 1 4
0 4 5
0 1 0
0 1 0
0 4 1
3 3 1
2 2 1
2 3 1
1 2 3
1 0 3
1 2 3
2 1 2
0 2 1
4 1 3
1 1 0
2 4 2
3 2 2
2 2 2
1 0 3
3 0 1
0 1 4
0 5 2
1 2 0
5 4 1
1 2 2
1 1 0
1 2 0
1 1 1
1 0 0
2 2 3
4 0 2
2 3 3
5 2 0
6 2 3
1 1 4
1 5 1
2 1 1
3 0 3
2 1 1
3 0 5
1 1 5
4 3 2
4 1 1
3 3 1
2 4 1
3 1 2
2 4 2
4 3 0
0 2 4
1 1 4
2 1 0
0 1 1
2 2 3
0 0 2
1 1 3
1 1 0
1 0 0
1 0 2
2 4 3
2 3 0
1 0 4
1 0 1
1 1 4
5 2 2
1 2 1
0 5 2
1 1 2
1 2 0
2 2 0
5 5 0
5 1 2
3 2 2
1 1 0
0 3 1
1 4 2
1 3 1
0 2 1
3 1 0
0 2 2
0 0 1
2 1 2
1 2 1
0 0 1
2 0 1
0 1 1
3 3 5
0 2 4
1 1 3
0 0 2
2 3 1
2 1 2
0 2 1
1 2 2
0 0 4
2 1 2
1 0 1
2 3 1
1 3 3
5 2 4
1 2 0
3 0 5
1 1 0
3 5 1
5 0 0
0 0 4
0 0 5
1 3 5
2 0 3
0 3 0
1 0 0
1 2 0
1 0 0
2 0 2
2 1 1
0 0 0
3 2 1
3 1 0
1 4 0
2 0 1
2 0 0
3 2 1
1 1 1
0 1 1
2 3 1
2 4 4
3 2 1
1 1 1
0 2 4
0 2 2
0 1 1
0 0 3
2 4 1
2 0 1
5 3 1
0 0 1
3 0 1
1 2 2
3 2 1
3 0 0
2 2 0
0 5 2
2 2 0
1 1 2
0 4 4
3 2 2
1 1 2
4 0 1
2 1 2
4 2 2
3 4 2
0 3 3
1 3 1
1 6 0
2 1 4
1 1 0
1 4 0
0 1 2
0 2 1
3 2 1
4 0 0
0 1 2
0 4 0
0 1 0
1 2 2
4 1 3
1 1 1
1 2 1
1 1 6
2 2 2
0 1 3
4 2 1
1 5 2
1 1 2
1 3 2
0 1 0
0 2 2
0 1 2
0 3 5
2 1 0
3 1 1
2 1 0
1 3 3
0 1 0
0 1 1
1 2 1
0 1 3
0 1 1
0 3 1
2 1 1
1 1 3
3 3 1
2 3 2
1 0 5
3 1 0
0 0 4
0 1 0
2 0 1
2 1 1
2 0 1
2 2 2
6 3 0
2 0 0
2 2 1
0 1 3
0 3 4
3 2 2
2 0 0
3 2 4
0 2 1
1 1 4
1 3 1
0 0 0
1 1 6
1 1 0
1 1 1
4 2 1
1 0 1
5 4 2
4 3 4
1 2 0
1 3 2
0 1 4
2 3 2
4 0 4
0 0 2
2 1 1
1 0 1
1 4 3
2 2 3
0 0 2
1 0 5
5 1 1
0 2 1
4 3 0
3 0 1
1 2 0
2 1 1
1 2 0
1 2 0
0 1 0
2 1 0
2 0 0
2 4 1
0 2 4
0 1 0
1 3 0
2 2 2
4 0 0
0 6 0
1 0 4
2 1 6
2 0 3
1 2 2
2 2 4
0 4 2
3 0 1
2 3 2
2 1 1
1 0 2
0 1 1
0 5 0
2 1 0
1 2 0
0 6 1
2 2 0
2 2 2
0 2 3
3 3 1
1 5 1
2 4 1
3 3 0
0 0 1
3 0 0
5 1 0
4 0 3
1 0 1
1 2 0
4 2 2
2 1 1
2 6 0
2 3 0
0 1 1
2 5 2
2 1 0
2 1 2
1 1 1
3 1 1
1 3 5
1 1 3
3 0 1
4 2 0
2 3 4
3 2 1
2 1 4
0 1 0
3 3 6
2 0 3
3 2 4
2 2 0
1 0 2
1 0 0
0 1 2
0 1 1
2 4 3
1 0 3
2 2 4
1 2 0
1 1 0
2 0 1
3 2 1
1 2 5
1 1 1
2 1 1
0 3 3
2 3 0
3 0 1
2 2 1
2 2 1
0 1 2
1 0 4
2 0 2
2 4 2
0 5 3
2 4 2
0 2 3
0 0 1
1 0 2
5 1 0
0 2 2
1 0 1
3 0 3
1 1 2
2 3 3
2 1 2
2 6 1
2 2 1
1 2 4
1 1 1
2 5 2
0 1 3
3 0 3
1 2 1
0 0 2
0 3 5
0 0 3
6 2 1
1 3 1
2 4 0
0 1 2
1 0 3
2 3 2
2 3 3
0 4 2
2 2 0
1 4 1
0 0 0
0 1 3
0 3 5
2 1 0
0 1 2
4 1 2
3 2 5
3 3 2
1 2 3
2 2 3
6 2 3
1 0 4
0 5 3
2 0 0
2 1 4
0 6 0
0 2 3
4 1 0
1 0 1
1 1 0
2 2 1
5 1 3
0 0 3
1 2 0
5 1 4
1 1 1
0 0 1
1 1 2
1 1 1
3 2 3
1 0 1
3 6 0
5 2 1
1 4 2
2 4 0
1 0 0
2 0 4
2 0 1
0 0 0
0 0 2
2 4 0
2 0 3
2 1 1
2 1 0
0 2 3
0 5 2
0 2 1
1 1 0
1 0 3
3 0 3
1 6 2
1 1 2
2 2 4
4 6 4
2 1 1
6 1 0
2 5 1
1 0 0
2 1 0
1 1 4
1 1 2
2 2 1
3 1 1
0 3 0
1 1 2
3 2 2
0 2 0
0 4 1
1 2 1
1 0 1
2 0 3
1 3 2
2 0 2
1 0 0
0 4 5
5 0 4
3 4 1
1 2 1
4 2 3
3 2 2
3 0 2
2 1 2
0 2 4
1 3 1
0 1 3
0 1 2
0 0 0
1 1 3
0 1 3
4 4 1
1 0 3
0 3 1
5 3 0
1 0 0
3 1 3
2 0 0
2 2 1
3 0 0
2 2 1
1 2 0
1 0 2
1 0 1
4 1 0
1 0 3
2 0 0
1 3 3
0 1 4
0 2 3
1 6 1
2 2 2
1 0 4
2 3 3
1 1 2
1 1 0
2 2 1
1 3 2
3 2 0
3 2 1
3 6 0
2 0 4
2 1 5
2 0 0
4 1 2
3 1 1
1 1 2
0 0 3
3 2 1
4 2 4
1 1 1
0 2 3
1 2 1
1 0 4
0 1 1
2 2 0
4 0 2
1 2 0
5 2 2
0 1 3
3 3 0
3 1 1
2 2 0
0 1 0
0 1 2
0 0 2
5 1 1
1 1 0
1 0 1
2 3 1
1 5 0
1 5 3
0 2 2
2 0 4
1 1 2
2 3 3
4 1 0
1 2 3
2 4 0
1 0 2
3 2 1
3 0 1
0 4 1
4 0 2
0 6 1
0 1 1
0 3 5
1 1 0
2 2 1
2 1 2
2 2 0
3 1 1
0 3 1
1 0 1
1 4 5
0 0 0
3 2 5
2 0 0
1 1 0
0 4 0
2 4 1
0 0 1
1 0 3
3 2 1
5 1 3
1 0 0
0 0 1
3 4 4
0 1 1
1 1 2
0 3 3
0 2 0
3 0 1
1 2 0
0 0 0
3 2 0
1 0 0
5 0 0
0 1 1
1 4 1
2 0 0
3 1 0
4 3 3
2 0 2
0 2 0
1 1 2
3 1 2
1 1 0
0 1 0
6 1 2
2 1 2
2 3 0
2 1 3
0 3 1
2 1 1
3 0 2
3 2 2
1 1 3
2 0 2
2 2 2
1 4 2
0 1 3
1 0 4
0 0 2
3 4 1
3 2 1
1 1 0
3 4 0
2 1 1
1 0 5
1 0 1
5 1 1
3 2 2
3 1 4
1 2 5
0 3 1
0 1 3
0 0 0
1 0 2
0 1 0
0 0 3
3 2 1
5 4 4
3 1 2
6 1 1
3 2 0
3 2 4
3 1 2
4 0 2
0 2 0
3 1 3
1 1 1
2 3 2
1 0 3
3 2 3
4 0 3
1 1 1
0 2 5
2 0 4
1 1 2
2 2 0
1 5 2
2 1 1
0 3 1
0 1 0
1 0 5
1 1 3
1 0 4
1 0 4
0 1 2
3 1 1
1 1 3
1 1 0
2 1 2
2 2 0
0 1 2
1 0 3
1 1 1
3 5 2
4 1 4
0 3 1
0 1 2
0 1 0
1 5 5
2 3 1
3 0 0
4 1 2
0 0 2
3 0 1
2 3 2
5 0 3
1 0 3
2 0 2
1 2 2
3 1 3
1 3 2
2 1 0
0 4 1
4 1 0
0 3 1
2 1 0
4 0 4
1 2 3
2 3 0
1 2 1
2 0 4
3 0 1
4 3 2
2 4 0
2 1 0
2 1 4
6 5 1
1 0 1
2 1 0
1 1 4
2 2 0
2 3 3
5 2 3
4 1 5
0 2 4
6 1 2
1 0 3
0 1 1
1 1 3
0 5 2
1 2 3
2 1 2
5 0 4
0 2 4
0 3 3
0 1 1
0 0 3
5 0 0
0 4 3
2 1 1
2 1 5
6 1 5
3 1 1
1 2 1
0 0 2
1 2 0
4 4 3
1 3 1
1 3 1
1 2 1
0 0 1
3 1 1
1 1 0
2 0 2
1 0 2
4 1 1
1 0 0
4 4 2
1 0 4
0 3 1
0 1 2
3 4 2
6 1 2
0 0 1
0 0 2
2 2 0
2 2 3
2 4 4
0 1 3
6 2 2
1 0 1
4 0 2
3 1 1
2 0 0
2 3 1
3 1 0
6 1 2
1 0 1
1 0 0
1 1 2
0 5 1
4 0 1
1 1 1
3 2 0
1 0 0
2 4 3
0 6 3
1 1 0
2 4 1
1 1 4
1 0 0
0 0 2
3 1 2
3 2 5
4 1 4
2 1 1
0 0 4
1 3 1
4 0 1
4 1 2
0 0 1
2 4 5
5 4 3
1 3 2
2 3 1
1 2 1
2 1 2
0 1 0
2 3 3
1 1 3
0 0 2
5 4 2
0 2 2
1 4 0
1 0 1
0 5 3
1 3 1
1 0 0
2 1 2
2 1 5
2 2 1
3 0 1
3 1 2
3 2 1
0 0 1
2 3 0
1 2 0
0 1 0
4 2 4
4 1 1
1 0 3
2 2 4
2 1 2
3 0 1
2 0 2
5 3 4
0 1 3
1 3 1
3 0 2
0 4 1
1 2 0
5 1 0
1 2 0
0 4 3
1 1 1
1 2 1
4 2 2
2 1 0
2 0 0
5 1 2
0 2 5
0 3 4
0 0 3
2 1 3
2 1 0
2 0 0
0 0 3
4 1 3
0 0 0
6 1 0
2 1 0
0 0 2
4 3 1
3 6 2
1 0 3
3 3 1
2 0 2
2 4 1
2 0 0
1 0 2
2 2 2
0 1 0
0 2 1
2 1 0
5 0 1
0 1 0
2 1 3
2 1 1
2 1 0
2 2 2
1 1 2
3 2 1
2 1 2
4 0 0
0 0 1
3 1 0
1 1 5
1 3 3
3 3 5
1 2 0
6 2 1
1 0 0
0 2 1
3 1 1
1 4 3
0 2 0
0 1 0
1 3 0
2 2 1
1 1 4
4 1 2
2 2 2
1 0 1
2 5 2
0 3 2
0 0 0
1 2 1
1 4 3
3 1 0
3 3 2
1 0 0
2 1 0
1 0 0
0 1 1
2 2 0
1 1 4
2 1 3
0 1 3
2 1 2
2 3 1
0 4 1
1 3 0
4 0 0
0 0 1
2 1 3
1 1 1
3 1 3
0 1 0
4 2 5
1 3 1
1 3 3
1 2 5
1 3 1
0 4 2
3 3 0
3 0 3
1 2 0
1 2 1
1 0 2
5 3 3
1 0 0
2 1 3
5 2 1
1 1 1
2 1 3
5 2 2
3 0 1
1 2 1
5 2 5
2 1 0
2 3 2
1 0 0
1 4 2
1 2 4
2 2 0
3 2 1
0 3 1
2 3 6
1 0 2
4 3 1
1 2 2
5 2 2
1 1 1
2 0 1
2 1 2
0 0 3
2 0 2
4 3 0
1 3 1
1 1 1
2 1 0
1 2 1
2 2 0
3 0 1
3 1 1
0 2 2
0 0 5
1 3 2
0 2 3
0 1 2
4 3 0
2 1 1
1 0 5
0 1 2
1 1 1
1 3 2
1 1 1
1 0 1
3 0 0
2 2 1
3 2 4
0 0 3
0 0 2
1 0 3
6 1 2
3 4 1
3 1 4
0 2 2
0 4 5
3 3 1
3 0 3
4 2 3
2 3 0
0 0 1
1 1 1
5 2 1
2 1 2
0 0 0
1 0 2
0 0 2
0 2 2
0 0 1
1 6 3
3 1 3
2 2 3
0 0 2
0 0 4
1 1 2
2 1 1
2 0 1
1 3 4
1 1 1
0 0 1
0 3 2
3 1 2
0 1 2
1 2 4
2 1 4
2 1 2
2 0 2
1 2 0
2 1 1
2 0 1
3 3 5
3 1 5
1 1 2
1 1 2
2 3 4
0 1 2
2 4 2
4 1 3
0 0 1
1 5 2
2 1 2
2 1 0
3 1 0
3 3 1
4 3 2
1 1 1
1 2 2
2 2 0
2 2 1
1 4 0
4 2 1
0 1 2
2 1 1
4 1 1
3 3 2
0 1 2
2 0 5
4 3 2
3 1 2
3 1 1
2 4 3
3 1 1
2 1 2
2 1 0
1 1 0
2 2 0
4 2 2
1 0 0
1 6 2
2 1 0
1 3 2
2 0 4
3 1 2
1 0 5
0 0 3
2 0 1
0 2 1
6 2 1
1 2 4
1 0 1
1 1 0
1 0 1
2 2 3
0 1 1
0 1 2
2 1 1
2 1 0
3 0 5
1 0 0
1 4 1
1 1 1
1 0 0
1 0 1
0 0 3
1 5 1
4 0 0
0 2 5
2 2 4
4 2 2
0 1 2
0 0 1
2 1 3
4 2 3
3 0 2
1 0 3
1 1 2
3 0 3
2 3 0
0 2 2
4 0 2
0 0 1
1 3 0
0 1 1
1 2 1
2 1 2
3 0 0
0 0 1
3 2 0
1 4 1
4 4 1
1 0 1
0 1 2
1 5 1
5 2 3
2 1 2
1 2 2
1 2 4
3 5 2
0 4 1
4 2 1
2 1 3
2 2 0
2 4 1
1 2 5
1 0 2
0 1 2
0 1 0
1 2 4
4 1 3
1 1 2
0 5 3
0 2 2
1 0 0
0 1 1
1 0 4
1 0 2
1 1 3
0 1 0
4 3 2
0 0 1
1 0 1
2 2 3
5 2 2
1 2 0
1 1 3
4 3 0
2 0 2
1 2 1
0 1 4
0 1 3
2 1 1
1 1 2
2 1 1
0 1 0
3 1 2
0 1 2
3 4 0
4 0 1
3 2 4
2 2 1
1 0 2
0 3 1
4 0 2
2 3 1
1 2 1
0 1 0
1 1 2
2 6 2
3 1 2
1 1 0
2 0 0
1 0 1
0 0 1
1 2 3
0 0 2
3 1 0
1 5 2
1 2 2
0 1 2
4 4 2
3 1 5
1 3 3
3 3 0
5 4 3
4 2 1
2 2 2
3 2 1
1 2 2
2 0 4
2 3 2
1 2 1
3 1 2
2 1 1
0 1 1
1 0 3
1 0 4
1 1 3
0 2 0
2 1 4
4 0 1
0 0 0
2 3 0
2 0 0
0 3 2
2 3 1
1 4 0
3 1 1
2 1 2
0 2 4
1 3 3
1 3 2
2 1 0
1 2 5
5 2 1
0 2 1
6 0 0
1 1 5
4 1 0
0 2 1
1 2 0
2 4 2
2 3 3
1 3 1
0 0 1
5 2 1
1 1 5
2 3 1
3 2 2
1 1 1
4 2 1
1 3 0
5 0 2
4 1 5
5 3 1
0 1 1
0 0 0
2 1 3
3 0 0
2 3 2
0 0 1
2 1 2
1 1 1
0 2 2
2 2 2
1 1 1
4 0 0
3 2 1
1 0 2
0 4 3
1 2 3
1 2 2
1 0 4
3 1 2
2 6 1
0 0 0
3 3 3
0 0 0
2 0 0
2 0 0
1 1 1
3 2 1
2 1 3
2 1 0
3 1 3
0 3 1
2 6 2
1 4 0
3 5 3
2 1 1
2 1 1
5 0 3
2 5 0
3 2 0
0 1 1
2 3 1
2 1 3
1 4 0
2 0 1
0 1 1
0 0 0
4 2 0
0 2 2
1 3 3
2 3 4
3 2 1
1 3 1
1 2 1
2 0 1
1 1 2
0 0 1
1 0 0
3 3 1
0 0 0
0 1 4
1 0 3
2 1 1
2 0 2
2 1 3
3 1 2
1 2 3
3 3 1
0 3 0
2 0 2
0 1 0
0 3 2
2 0 0
1 2 0
3 1 3
4 3 0
0 2 5
2 0 1
2 6 3
2 2 0
2 1 1
2 3 2
2 2 3
1 5 3
2 0 1
2 1 1
1 3 2
4 1 3
1 3 2
2 0 1
0 1 4
2 2 1
1 0 2
0 2 1
2 2 0
1 5 2
1 3 1
2 0 1
1 0 2
2 2 1
0 4 3
1 1 2
1 3 3
3 4 4
1 2 0
1 0 2
0 1 0
3 1 5
3 5 2
2 0 0
2 0 0
1 3 1
0 0 4
0 0 2
2 0 2
2 3 2
1 1 1
2 1 2
2 2 4
2 1 3
0 5 3
0 2 0
2 1 0
1 1 1
4 0 1
1 3 0
2 0 2
1 1 1
0 1 5
3 1 2
2 1 1
3 1 0
3 2 4
5 0 5
0 0 4
3 1 3
1 4 4
2 1 5
0 0 3
4 1 1
1 1 2
0 2 2
1 0 5
0 1 4
0 2 2
3 1 2
0 0 1
1 1 3
1 4 3
1 0 3
1 2 1
0 4 1
2 1 3
1 2 1
3 0 2
2 2 2
3 0 1
0 1 3
0 3 0
2 3 2
3 0 3
3 0 1
0 3 1
3 3 0
3 0 3
3 1 4
2 0 0
1 5 3
0 2 0
5 2 0
1 2 5
0 2 4
1 1 1
0 2 0
1 1 1
2 2 4
2 0 0
1 2 1
0 3 3
3 0 4
2 0 2
3 1 0
1 2 3
2 1 2
4 1 2
1 0 0
1 2 1
2 2 0
0 3 4
0 0 2
1 5 3
1 1 1
4 0 4
5 0 1
0 0 1
0 0 2
0 2 0
0 0 2
0 0 0
6 1 1
2 4 2
3 4 1
1 4 1
2 1 2
5 2 2
1 4 1
1 3 2
1 2 6
2 1 1
2 2 0
1 2 2
1 2 5
1 3 2
1 4 0
2 1 1
3 2 5
2 2 2
3 2 0
0 2 1
0 0 0
3 4 1
1 0 2
3 0 1
1 2 3
0 1 0
4 1 0
1 2 5
4 3 5
3 0 2
0 0 2
1 0 1
2 3 1
2 0 4
0 2 1
4 4 2
5 3 1
1 2 3
3 2 2
1 1 5
0 2 3
1 0 1
1 3 5
1 1 2
2 1 3
1 2 0
4 2 0
3 2 3
1 1 1
2 2 1
0 6 5
2 1 4
5 2 1
1 0 3
0 2 2
2 3 4
3 0 1
3 0 2
2 1 2
3 1 1
4 1 0
1 2 1
2 2 1
4 4 3
0 0 2
2 1 2
2 0 4
1 1 1
0 4 4
2 2 2
1 1 1
1 3 3
0 4 1
1 2 2
1 1 0
3 1 1
2 1 0
2 1 1
4 1 3
1 4 1
0 0 3
4 0 4
5 2 5
0 3 5
3 5 1
3 0 0
0 1 1
1 3 2
4 2 1
1 0 2
0 1 3
1 1 1
2 5 4
4 1 0
3 1 4
4 1 5
0 0 0
2 1 0
2 3 0
2 1 1
2 3 1
2 1 0
1 0 3
1 0 4
2 0 0
1 0 3
3 1 2
1 0 0
2 1 3
2 2 2
2 2 3
2 0 2
4 0 0
3 1 1
1 0 4
1 1 2
0 2 0
0 1 6
5 2 2
1 1 6
1 2 1
3 0 0
1 3 0
4 0 0
4 1 0
4 2 1
0 1 2
6 2 1
0 4 4
0 1 3
0 2 1
0 3 2
0 1 2
0 4 4
2 1 1
1 3 1
2 2 3
3 3 1
3 4 0
2 0 2
3 2 1
0 1 1
1 2 1
2 2 2
2 2 3
2 1 1
1 1 4
0 1 4
3 5 1
2 3 0
1 2 2
0 1 1
2 0 2
0 3 3
3 1 3
1 1 3
1 1 0
2 2 1
2 1 1
2 1 2
3 1 0
4 1 1
2 1 0
0 0 1
1 1 2
1 3 1
0 2 2
0 0 0
3 1 1
1 0 1
4 4 4
3 1 3
1 2 1
1 3 2
3 2 0
4 1 1
3 0 2
0 0 2
2 3 0
1 0 0
1 1 3
2 2 2
5 2 0
2 3 0
2 0 2
3 2 2
1 1 2
0 2 1
1 0 5
0 0 0
0 2 1
0 0 1
0 2 4
5 3 3
0 3 1
2 3 1
0 1 4
1 2 0
0 0 0
3 0 2
2 2 1
1 1 3
5 3 4
1 1 2
0 0 1
4 0 1
5 1 2
5 0 1
0 0 1
1 1 3
0 2 3
1 5 0
1 2 1
1 1 1
0 1 0
2 3 1
0 2 0
0 1 1
0 1 1
6 0 1
1 3 1
0 0 5
2 0 0
0 2 1
1 0 2
2 4 3
0 1 0
2 2 3
1 1 1
1 0 2
2 2 2
2 1 0
1 1 5
2 0 2
2 0 2
1 2 0
1 3 0
0 0 1
0 2 1
0 0 2
2 0 4
0 3 3
3 1 1
5 0 1
1 4 1
2 2 0
0 3 0
4 4 3
1 0 0
4 0 1
3 0 1
0 0 2
1 2 3
0 0 0
1 1 2
1 0 5
0 0 2
3 1 3
2 3 2
1 0 1
1 1 3
0 0 4
0 1 0
2 1 1
2 0 0
3 1 1
0 4 2
0 2 3
1 2 3
4 2 0
1 0 0
0 0 6
2 1 1
1 2 0
1 0 3
1 2 2
1 0 1
3 0 1
3 1 3
1 2 2
0 0 2
0 1 5
2 0 4
1 2 0
1 1 3
0 0 2
0 5 1
2 1 2
2 2 1
1 4 3
0 1 2
0 3 1
0 2 4
1 2 1
2 2 0
0 0 0
1 0 0
1 4 3
1 1 1
0 0 1
1 1 0
1 1 0
0 0 2
1 0 5
4 1 2
3 0 3
0 1 2
1 0 2
1 5 1
1 3 1
1 3 1
3 1 1
3 1 4
2 1 2
1 1 1
3 1 0
0 2 1
1 0 1
0 2 2
2 0 0
1 1 2
2 1 0
1 2 0
0 0 3
1 1 0
0 3 1
3 3 3
2 0 2
1 4 3
0 2 1
5 6 1
3 3 0
2 1 5
3 1 0
1 1 1
4 2 0
1 4 0
3 0 2
1 1 0
2 1 2
1 3 4
3 1 1
1 2 1
1 4 0
0 0 2
1 1 1
0 0 1
0 1 2
1 0 0
3 2 1
4 0 4
1 0 1
2 3 3
1 0 1
5 2 0
1 1 0
1 2 1
0 1 2
2 3 0
1 1 1
4 0 3
1 2 4
0 4 2
3 3 5
1 1 3
2 2 2
0 2 1
0 3 0
1 3 4
1 1 2
1 4 1
1 1 1
1 1 1
2 0 2
1 2 0
0 3 1
1 3 2
1 1 0
3 4 2
2 1 1
1 2 1
3 0 3
1 3 0
3 1 0
0 1 3
3 3 1
2 3 0
1 4 3
2 0 1
2 5 3
0 3 2
2 2 0
4 4 3
3 2 0
0 3 1
4 2 4
3 1 2
0 0 0
0 1 1
3 1 0
1 0 0
0 0 3
1 0 2
1 4 0
1 1 2
0 1 3
2 4 0
4 1 4
2 5 3
6 1 3
0 1 1
1 0 2
2 2 1
4 2 1
3 1 3
0 0 2
4 0 1
0 5 0
4 3 2
2 0 1
0 1 4
3 2 2
2 1 2
0 4 1
1 4 2
3 3 5
0 0 2
0 1 1
1 1 2
0 1 0
2 1 3
2 2 0
0 2 3
2 2 1
1 0 1
0 2 0
2 4 1
0 0 4
0 1 0
5 2 2
1 2 2
1 0 3
1 2 2
1 2 1
1 3 4
1 3 2
2 3 1
0 1 3
1 0 2
2 2 2
4 1 4
3 1 0
4 1 4
1 3 0
1 1 5
1 2 3
0 2 2
3 3 3
3 2 0
1 1 1
0 3 0
2 4 0
1 2 4
1 1 2
1 2 1
1 0 1
1 4 2
1 3 0
0 3 4
1 0 5
0 1 0
0 0 3
1 0 2
3 2 0
0 4 1
2 3 2
3 0 0
2 4 0
1 1 2
1 3 1
3 0 1
3 0 4
4 1 2
0 1 1
0 2 4
0 4 1
1 0 2
0 0 1
0 1 4
2 0 0
2 0 2
4 0 3
2 0 2
1 1 2
1 1 2
1 3 4
1 6 1
0 2 0
5 2 1
1 0 1
2 3 1
2 1 2
4 2 2
0 3 1
1 1 0
6 0 5
1 2 1
0 1 1
3 3 1
3 1 1
0 0 1
3 2 0
4 2 2
1 4 2
1 0 1
1 3 1
0 4 0
2 1 2
1 2 0
0 5 0
4 1 0
1 3 2
1 0 1
3 2 1
4 3 3
1 2 1
1 2 4
2 1 1
0 1 0
0 0 2
0 1 2
1 0 4
0 1 2
0 1 1
0 2 1
2 1 3
1 0 1
1 1 1
0 1 1
2 1 2
1 2 1
1 3 3
1 1 1
3 0 0
2 2 3
0 1 1
1 1 1
1 2 1
0 1 1
1 0 4
0 1 0
4 2 1
1 3 3
2 1 4
0 1 6
3 0 2
0 3 1
1 0 3
3 1 1
1 0 1
0 5 0
1 3 0
2 2 2
0 1 0
1 3 1
2 4 0
0 1 2
0 0 2
0 0 3
0 2 2
1 2 2
2 0 0
1 3 0
3 6 0
4 2 1
2 1 2
1 2 1
2 2 2
4 1 1
0 3 6
1 0 1
2 0 2
2 6 1
1 2 4
1 1 2
4 2 0
2 0 4
3 0 1
1 1 2
2 2 0
1 0 3
0 5 5
0 2 0
0 1 1
1 1 1
0 3 6
1 3 1
1 0 2
2 1 3
2 3 2
4 1 2
1 0 1
1 3 1
2 2 2
0 4 0
1 0 1
2 0 1
2 4 1
2 0 0
1 4 0
1 0 2
0 1 3
2 1 2
4 2 1
0 1 3
3 1 0
2 1 1
1 0 1
5 0 0
1 0 2
0 2 1
0 1 4
4 1 2
0 1 1
0 0 4
5 1 2
3 4 1
2 4 2
4 4 0
2 1 0
0 2 3
2 1 1
0 0 0
3 1 2
2 0 1
0 0 1
1 0 4
1 0 3
0 1 2
2 3 2
1 1 2
1 4 2
3 2 0
1 3 2
2 4 1
0 2 2
0 0 0
1 4 2
3 2 2
1 2 4
2 2 1
0 0 2
1 2 2
0 1 0
3 2 0
4 1 1
1 3 4
1 0 0
1 1 0
2 1 1
1 3 0
3 1 0
1 0 4
3 1 1
0 0 0
1 1 3
2 3 3
1 0 0
4 1 1
4 4 0
2 1 0
4 2 2
1 1 2
2 2 2
0 0 1
5 3 5
0 4 0
3 1 0
0 2 1
2 1 4
3 2 3
3 0 0
1 0 2
4 5 1
1 2 0
0 4 1
1 3 0
3 0 0
2 3 0
0 1 1
3 2 2
1 3 5
4 1 2
0 2 1
1 1 1
5 0 1
0 1 4
5 1 2
3 2 0
2 0 1
3 1 0
0 2 1
1 1 0
3 3 2
1 3 3
5 0 1
1 3 1
1 0 2
3 1 2
1 0 3
0 1 0
1 4 3
0 2 1
0 2 1
2 0 3
3 2 3
1 1 0
1 0 1
2 4 3
3 1 2
2 1 3
1 0 2
4 0 0
2 0 2
0 2 1
2 0 2
6 1 2
0 0 1
0 1 0
0 1 4
2 1 2
1 5 2
2 2 0
0 1 1
2 3 1
6 0 2
3 0 3
1 1 2
2 2 1
2 0 4
1 4 2
0 1 2
1 4 1
0 1 0
0 2 2
1 3 2
4 0 4
2 0 4
0 3 1
0 2 3
0 0 0
0 0 2
0 1 2
2 2 1
2 2 4
0 0 2
3 1 3
5 2 2
3 4 1
5 2 0
1 0 3
1 2 5
1 2 0
4 1 0
3 4 3
3 0 1
3 2 1
3 2 2
2 2 1
1 0 1
4 1 1
0 4 4
0 2 3
1 2 1
1 2 1
2 0 1
0 1 0
0 0 4
1 3 1
2 0 1
3 1 1
2 1 2
0 3 2
2 2 1
0 1 1
1 2 3
1 2 2
1 0 0
0 1 0
1 0 4
2 1 2
2 1 3
4 4 3
1 0 1
3 4 1
1 2 2
1 2 1
2 0 0
0 2 0
2 3 0
1 4 2
1 1 0
3 3 1
2 4 1
0 2 4
2 1 2
0 1 0
2 3 3
6 4 4
2 4 1
0 0 2
1 3 3
1 4 1
3 6 1
2 1 0
2 0 4
2 2 2
2 3 3
1 0 2
2 1 1
0 2 1
1 2 3
4 2 1
0 1 2
1 3 3
2 0 2
2 1 1
1 2 1
0 1 1
1 3 1
0 2 2
4 4 0
1 1 1
1 3 5
2 1 3
1 4 0
3 1 0
1 0 4
3 1 3
0 2 1
0 2 2
2 2 2
2 1 1
2 0 1
0 1 0
5 1 1
2 1 1
3 0 0
2 2 0
2 5 2
3 0 2
0 1 4
1 4 0
2 1 2
3 0 2
1 3 3
2 0 2
2 0 0
3 3 1
5 2 0
5 1 1
5 0 1
1 0 0
1 2 0
2 2 0
0 2 2
2 1 3
2 1 5
0 1 4
4 0 3
1 0 2
3 3 4
4 0 0
3 6 2
0 6 0
0 4 0
1 3 1
3 4 3
1 2 2
2 2 2
2 1 2
1 3 2
1 0 1
3 2 2
1 0 0
3 2 0
0 2 0
0 3 0
4 1 2
2 2 3
0 2 2
0 0 1
0 1 2
2 2 4
1 2 1
1 2 4
1 4 0
0 1 0
3 3 1
3 1 5
1 0 0
2 2 4
1 2 2
1 1 2
1 0 1
2 1 0
2 0 2
0 5 0
2 0 1
2 2 2
1 4 3
6 2 1
0 3 1
1 1 2
0 5 2
3 1 0
5 4 1
4 0 0
4 2 1
1 3 1
0 4 1
1 0 4
0 1 1
4 0 2
0 1 2
4 2 1
3 3 1
1 3 1
3 3 2
2 1 1
0 0 1
0 0 0
3 1 4
1 2 1
1 3 4
5 2 4
2 0 4
2 4 2
2 3 2
2 2 3
3 1 1
1 2 0
4 1 3
2 3 0
5 2 2
1 4 1
0 3 5
1 1 3
0 0 1
2 4 3
3 1 4
1 0 0
0 1 5
1 2 1
1 0 2
4 0 1
4 1 3
2 3 4
0 1 1
1 2 0
0 2 1
1 2 3
1 2 0
1 3 1
0 1 0
0 0 2
1 0 1
2 2 1
4 1 1
4 1 1
0 0 1
0 2 3
4 2 5
1 1 1
4 0 1
3 0 1
4 1 1
2 2 2
2 1 2
1 1 1
2 4 3
2 2 2
2 1 3
2 3 2
0 1 1
2 0 2
2 3 3
1 0 4
2 4 1
0 2 1
3 3 0
1 0 4
1 1 3
4 4 0
3 1 2
4 2 4
3 1 0
0 1 2
1 0 3
3 6 0
2 1 0
0 1 3
1 3 3
2 3 1
6 1 0
2 0 0
0 2 1
1 0 2
1 4 1
2 0 1
1 1 1
2 2 0
2 0 1
3 0 1
2 1 2
3 2 3
3 0 2
0 4 1
1 2 3
2 1 1
1 0 1
2 0 4
5 1 3
1 0 1
0 1 0
2 0 3
4 1 2
6 1 2
1 0 0
1 2 2
0 1 0
2 1 0
5 1 0
1 2 2
0 3 2
0 0 0
2 1 2
2 0 2
2 2 2
2 1 3
4 0 0
4 4 2
5 4 1
1 4 1
3 2 1
0 2 1
1 0 1
2 1 1
0 0 3
2 1 2
0 0 1
3 2 4
1 0 0
2 2 6
0 5 1
2 2 6
0 2 2
2 1 3
4 2 1
1 3 0
1 2 4
2 2 1
0 1 2
3 4 1
1 2 3
1 0 2
2 0 0
2 0 3
0 2 1
0 1 3
0 4 3
2 0 0
2 1 0
0 5 2
2 1 1
1 1 3
4 1 6
4 2 0
0 1 4
2 1 0
1 1 2
2 2 1
0 0 3
4 1 3
4 1 0
0 1 2
2 4 2
1 1 0
1 5 0
0 5 0
5 2 0
0 1 4
1 0 0
1 0 4
2 3 1
1 1 0
3 2 1
0 2 1
0 2 1
2 1 3
3 3 6
0 1 0
2 3 0
0 1 0
2 3 1
2 3 3
2 2 2
0 1 1
0 4 5
3 0 0
1 0 3
2 1 2
1 0 0
0 4 4
1 2 2
1 2 1
0 3 1
3 3 1
1 3 1
0 0 3
0 0 2
3 2 0
3 3 2
2 2 1
0 0 1
1 2 6
0 0 1
3 3 1
1 0 1
0 1 1
4 1 2
3 1 5
4 1 2
1 5 4
3 1 2
1 0 3
1 2 1
1 3 1
2 1 2
1 1 3
2 0 1
0 3 1
2 2 3
3 1 0
1 1 2
0 3 2
1 1 0
2 1 6
1 1 0
2 0 2
3 3 0
2 0 2
3 1 2
0 3 0
2 2 0
0 2 2
2 3 0
2 5 2
2 0 0
0 2 2
0 2 1
3 5 0
1 3 2
0 1 2
2 1 1
2 3 2
1 0 2
0 3 2
1 3 2
0 0 3
0 1 4
5 3 2
2 0 1
1 1 1
0 2 2
1 4 1
0 0 3
2 0 3
0 1 4
0 0 5
1 1 0
2 0 5
1 1 2
1 0 0
2 3 3
2 1 0
1 2 0
1 0 2
0 4 2
1 1 1
2 4 0
5 2 2
1 1 2
2 0 1
1 2 1
0 0 1
1 2 4
0 3 1
2 4 0
2 0 2
3 2 2
0 1 5
1 4 0
0 0 1
0 1 3
2 2 4
2 1 1
2 4 4
1 2 2
0 4 1
1 1 1
2 0 0
6 3 1
1 1 1
0 0 2
2 0 1
2 0 2
0 1 1
0 0 0
3 4 2
0 2 2
4 2 0
1 0 2
3 2 0
3 0 4
0 1 1
1 0 1
2 0 3
3 0 0
3 1 1
0 1 4
0 1 1
2 1 0
1 3 6
0 1 3
1 3 2
0 2 0
3 4 2
3 0 1
1 1 1
1 3 1
3 0 0
0 2 0
0 2 2
1 0 6
2 2 1
1 2 5
2 1 4
3 0 1
4 1 2
0 2 4
2 3 1
1 1 5
3 2 0
0 0 4
2 0 0
2 0 1
4 1 0
0 0 4
4 2 3
0 2 3
2 2 2
0 0 4
2 2 0
4 0 0
0 3 0
0 2 2
0 2 4
1 1 2
4 1 0
2 1 2
4 1 2
2 0 1
3 0 2
2 2 4
1 5 0
1 1 2
3 2 1
0 0 0
0 1 2
2 1 4
3 2 2
0 5 1
1 2 3
1 0 0
2 4 0
1 3 0
1 2 1
0 2 1
1 2 1
1 1 3
0 1 1
1 3 3
2 1 2
1 3 3
2 1 1
1 0 0
2 0 0
0 0 4
0 1 1
0 1 2
2 0 0
1 1 2
1 0 4
0 2 1
2 3 0
0 3 2
1 4 1
2 2 0
1 0 0
2 3 0
2 3 2
1 2 1
2 0 4
0 2 1
4 0 5
0 3 3
2 3 2
0 1 0
1 0 4
3 2 0
3 1 1
3 1 2
0 1 1
4 0 1
4 0 1
0 1 2
1 3 0
1 3 1
2 3 1
3 0 1
0 4 2
2 0 1
3 0 1
0 2 6
2 2 2
1 0 0
0 2 4
4 2 0
0 3 2
4 0 4
0 6 0
0 2 3
1 1 1
5 0 1
2 5 3
1 2 4
3 2 1
0 1 5
0 3 2
1 3 1
3 0 0
2 1 0
3 1 5
1 1 1
3 0 0
2 1 1
1 1 0
0 4 1
5 0 1
1 3 0
0 2 3
0 0 1
3 0 2
5 1 0
1 2 3
1 1 2
1 0 4
2 1 2
0 2 0
1 1 3
2 0 2
0 1 0
0 5 2
1 3 2
2 0 0
1 1 6
3 1 2
3 2 2
0 1 0
5 2 3
1 3 1
0 2 2
2 0 1
1 0 1
2 2 0
0 1 2
4 0 0
2 1 3
1 1 1
0 2 2
0 1 1
1 1 3
3 1 2
4 3 0
2 1 4
3 1 1
0 1 3
0 0 0
2 0 1
1 2 2
2 0 1
0 2 0
1 1 1
1 1 2
2 2 2
1 3 0
4 2 3
2 0 1
1 0 1
0 2 3
0 2 0
3 2 3
1 0 4
2 0 3
3 2 2
2 2 3
2 2 2
4 1 1
2 1 4
2 2 2
3 0 2
2 4 1
3 1 2
1 1 1
1 1 1
3 3 1
1 0 0
4 1 3
2 1 2
2 1 0
0 2 0
1 5 3
3 0 4
0 1 4
1 1 3
0 1 1
1 6 1
0 1 0
0 4 1
3 3 2
1 2 1
3 4 4
2 0 0
0 4 1
4 1 0
1 4 0
1 4 2
2 0 4
0 2 2
0 0 3
0 1 2
1 3 0
2 1 1
1 0 4
3 1 2
0 0 1
0 1 0
3 3 0
2 1 2
3 1 5
4 0 2
1 2 1
0 1 2
1 1 1
2 1 2
1 2 3
2 1 0
1 4 2
1 1 1
0 0 1
0 3 1
2 4 0
1 2 2
4 3 1
4 0 1
1 2 1
4 1 3
1 2 3
0 3 0
2 3 4
1 1 2
1 3 0
1 2 4
1 0 4
0 6 1
2 1 2
1 1 1
3 5 1
1 1 4
1 0 1
2 0 3
1 0 0
2 5 6
1 3 1
2 1 1
1 0 1
1 1 4
3 1 1
2 0 0
1 1 1
3 1 0
1 2 1
1 3 3
0 0 3
1 4 1
1 1 4
4 1 0
4 0 0
0 0 0
2 0 1
3 2 0
1 1 0
1 1 1
1 4 6
1 0 1
1 2 3
0 1 5
3 0 0
0 0 2
1 1 2
3 4 0
1 4 1
0 3 2
0 1 3
0 1 2
3 2 0
0 0 3
3 2 0
1 2 0
0 0 6
4 0 2
1 3 0
0 3 4
1 0 0
0 4 3
1 2 2
2 1 1
1 1 1
0 1 0
2 6 5
4 0 3
1 1 0
4 2 3
1 3 0
0 1 0
3 1 1
6 5 2
0 4 3
1 2 0
2 0 1
0 3 0
1 4 1
2 2 1
0 1 0
1 0 3
1 1 2
4 0 0
2 0 1
0 3 0
5 1 2
4 0 0
0 0 2
0 2 2
3 3 1
1 1 1
4 1 0
3 3 1
0 0 0
2 2 2
0 2 0
1 3 1
0 2 0
4 1 1
1 1 2
1 2 2
1 1 3
2 0 1
0 3 0
2 1 2
3 0 1
1 4 4
4 1 2
1 2 4
2 3 4
3 0 2
4 2 2
1 3 2
2 0 0
0 4 1
0 0 2
2 3 2
3 3 0
2 0 1
5 6 1
5 6 1
2 5 3
0 1 2
2 2 3
2 1 2
6 0 2
0 0 3
3 0 2
1 2 6
3 0 2
2 0 0
1 0 1
1 2 2
2 1 2
0 1 0
0 0 0
4 1 0
1 1 3
2 0 1
2 1 1
3 3 4
2 1 1
2 2 1
2 2 1
1 0 2
0 0 6
2 1 2
0 4 4
1 3 3
3 1 4
1 3 2
2 2 3
1 3 0
0 0 2
1 1 0
2 0 0
2 0 1
1 1 2
2 2 3
1 0 0
2 0 2
1 0 1
5 2 5
1 2 0
1 0 3
4 2 4
2 0 0
0 0 0
5 2 2
1 1 1
4 1 1
2 0 1
3 3 3
0 1 1
0 1 0
0 0 4
0 1 0
2 1 2
0 0 1
0 2 0
1 2 3
2 0 1
1 2 3
1 4 2
1 2 2
2 1 0
0 1 1
2 0 1
1 1 1
4 1 2
0 2 4
2 0 3
1 0 4
2 1 3
0 2 0
2 1 2
1 1 3
2 2 0
2 2 3
3 1 1
0 2 2
1 1 1
1 0 3
2 2 1
1 2 3
1 5 3
1 2 3
2 1 0
1 1 0
1 1 3
2 2 1
1 1 2
0 1 3
1 1 1
2 4 0
1 1 2
3 2 2
0 3 1
2 1 2
2 0 2
4 1 2
1 5 2
0 3 3
1 2 3
1 3 2
5 1 1
1 1 5
2 2 2
5 1 0
0 3 4
0 4 2
1 0 1
2 3 0
0 1 4
2 3 1
2 1 3
