2 3 15 1000
366 1092
629
884 1356 2045
857 1292 2094
126 111 136
137 170 124
56 117 113
15 7 9
10 20 8
20 15 18
18 8 20
21 18 16
15 14 9
23 15 14
24 12 13
12 20 7
14 13 20
10 19 18
13 18 16
10 14 16
22 16 7
23 26 17
15 14 13
19 21 16
9 14 10
15 16 8
14 12 13
12 9 14
20 17 12
19 15 12
8 8 19
9 8 15
5 9 13
21 18 7
9 10 5
24 9 25
15 7 20
12 8 11
19 14 15
18 9 10
11 17 14
24 22 14
15 15 18
6 23 14
7 16 10
15 8 9
20 9 12
15 21 21
16 20 18
11 17 6
16 23 16
23 9 11
5 12 17
13 17 23
11 14 22
24 23 12
5 16 6
12 13 20
25 12 14
17 15 18
12 13 16
21 10 16
10 25 12
11 19 24
14 16 10
12 12 14
21 14 13
14 14 13
13 11 11
12 17 9
9 14 19
8 13 15
23 16 24
18 10 15
17 19 14
9 22 12
13 14 7
23 15 18
17 16 10
17 8 15
12 8 18
16 15 13
10 21 12
12 23 19
13 17 14
14 24 7
7 6 16
21 9 18
8 15 17
15 25 11
13 6 7
12 19 10
8 25 16
16 9 9
17 14 20
20 25 7
23 12 15
7 11 19
20 17 17
14 19 21
16 10 14
23 18 12
8 18 16
23 8 17
11 6 22
9 15 9
15 19 13
15 14 16
13 20 16
17 14 15
14 20 9
13 13 20
19 8 24
8 14 19
17 14 12
13 8 15
17 16 23
8 21 16
16 15 10
25 11 11
15 19 21
16 12 21
21 6 20
14 12 26
21 10 19
20 7 13
13 21 16
17 22 19
10 26 13
9 17 15
20 16 17
12 9 17
20 10 10
16 22 16
13 17 23
9 14 21
11 18 16
8 15 13
8 25 20
21 18 12
11 15 20
18 13 12
19 19 15
10 12 20
21 17 10
21 18 9
5 11 25
11 13 13
10 17 14
21 17 20
23 19 26
7 26 8
12 17 22
13 7 10
11 16 16
7 23 18
15 23 19
12 19 9
15 15 16
15 17 13
10 17 17
10 16 7
17 19 16
11 18 24
23 15 11
7 15 13
10 9 10
11 12 12
19 14 8
13 19 16
24 6 18
14 7 14
9 19 12
5 13 14
18 8 15
11 14 24
17 6 9
20 9 11
10 14 14
22 18 17
13 18 13
20 11 17
11 13 7
12 16 13
24 9 13
14 17 20
11 9 12
12 12 16
16 25 10
19 13 15
10 13 9
12 22 20
11 12 12
11 18 16
11 11 18
10 9 18
22 20 8
15 12 9
15 17 9
11 12 15
20 10 23
22 25 20
15 19 19
13 13 16
24 7 12
8 21 15
16 16 13
18 16 24
9 14 6
12 13 22
8 16 14
11 8 9
10 10 16
7 14 18
12 6 20
7 18 16
5 13 14
16 24 9
13 17 9
17 22 12
14 12 14
16 17 13
16 23 20
14 20 7
17 8 13
25 19 17
15 18 16
17 11 7
15 13 10
14 13 19
14 11 13
19 16 8
19 18 10
26 13 13
13 17 16
15 13 15
7 13 25
15 8 14
26 16 15
11 14 19
5 17 22
16 12 17
7 8 10
14 13 17
15 13 15
14 16 14
11 12 6
19 21 9
16 15 9
24 15 15
20 11 19
13 8 6
6 17 14
16 14 9
15 10 17
13 14 19
22 11 24
15 11 23
14 9 9
8 12 18
8 20 14
16 18 21
12 13 16
14 15 20
8 14 19
18 13 17
9 22 18
15 17 5
18 16 18
19 8 7
21 15 14
12 22 14
16 12 7
19 14 15
14 23 18
14 7 18
19 12 7
13 14 8
24 15 19
22 15 12
11 10 11
16 6 13
16 24 5
18 15 18
10 17 8
14 14 14
12 15 13
12 9 19
15 9 12
14 13 19
18 12 16
7 9 20
17 9 10
10 14 11
12 15 12
16 20 14
15 23 20
16 17 14
14 13 10
23 13 25
21 18 9
12 14 14
12 17 11
10 21 17
11 16 13
13 9 7
10 7 21
14 26 10
9 15 9
17 12 9
10 24 21
11 18 18
21 18 11
14 7 12
10 19 18
9 23 16
9 11 17
11 7 16
15 24 16
14 11 8
11 20 17
10 9 18
9 15 11
16 13 16
14 21 17
11 17 13
15 10 23
15 10 17
24 15 24
17 6 21
8 14 7
11 21 14
11 16 15
8 7 17
19 18 6
11 8 11
16 12 14
16 17 16
8 16 12
19 8 13
13 13 23
17 10 12
24 10 16
14 17 11
19 14 10
13 21 11
10 19 18
16 22 14
19 9 16
10 13 21
11 11 22
10 19 17
10 14 10
25 9 14
18 9 9
12 13 14
11 19 14
12 14 18
7 14 13
17 13 21
15 21 16
15 11 15
10 18 20
21 19 16
10 17 15
9 10 17
15 8 22
22 22 19
12 16 16
8 16 10
5 24 22
12 11 12
24 23 14
24 10 15
14 13 25
24 19 10
19 11 14
13 17 25
19 15 18
16 17 8
9 7 12
7 25 16
23 11 11
18 10 7
17 11 21
21 8 23
13 12 11
20 15 14
11 17 26
24 25 12
8 13 17
15 19 17
5 23 14
14 21 13
17 16 18
10 11 19
18 13 7
15 12 7
16 17 10
21 16 12
13 22 12
11 20 10
15 23 20
23 10 19
26 13 25
10 14 13
21 17 14
14 14 20
19 15 16
11 10 15
13 25 21
15 12 8
12 19 15
25 12 7
17 8 17
24 22 8
16 25 8
12 22 23
10 13 16
9 20 20
10 10 6
22 8 19
12 7 13
15 9 12
21 12 16
22 26 24
14 24 9
12 16 14
11 26 11
10 23 13
12 15 16
17 13 11
18 14 16
19 14 14
22 19 18
12 26 11
13 16 21
22 20 17
16 10 16
15 18 11
12 10 24
16 23 19
19 24 21
12 12 17
11 16 14
19 15 11
12 13 10
14 19 8
22 10 10
17 6 14
21 18 26
8 13 24
7 12 9
20 9 16
8 13 7
10 20 11
12 9 17
19 11 21
14 15 9
7 12 14
13 15 16
16 11 14
14 20 11
13 10 21
10 17 15
14 5 17
7 6 25
14 21 10
9 13 9
15 16 8
17 6 8
13 11 7
15 18 12
15 13 16
14 15 9
14 23 10
15 9 16
12 16 17
14 12 15
20 18 18
19 18 21
9 8 16
16 12 19
15 22 6
15 12 11
19 15 16
14 6 21
13 20 17
17 8 17
12 5 20
18 13 9
9 23 16
14 18 10
18 6 25
16 13 21
14 17 14
17 25 9
8 15 12
14 13 15
24 10 16
20 10 14
18 21 20
23 7 9
6 18 18
16 16 17
12 16 11
14 11 15
14 23 19
6 14 19
16 14 12
13 8 16
9 11 15
9 11 12
12 11 10
8 22 19
13 18 12
18 15 13
13 12 11
21 11 19
9 11 13
16 6 20
11 19 9
10 17 12
15 13 18
24 16 14
16 18 7
25 15 10
16 13 18
7 13 11
24 12 10
15 13 6
20 14 10
12 16 7
19 14 16
5 20 13
19 12 7
15 9 15
17 10 11
14 6 17
21 12 17
26 17 13
9 12 19
18 12 16
18 20 5
21 10 12
16 16 18
7 9 9
20 15 11
14 22 8
15 14 15
20 12 16
17 18 8
23 15 13
17 6 14
16 10 14
5 15 15
13 12 6
19 21 23
23 17 15
10 13 16
8 8 13
17 14 5
24 13 15
11 21 17
26 23 11
16 13 9
21 14 13
12 9 10
13 16 10
16 22 12
15 13 9
20 13 6
16 12 15
18 12 17
12 20 18
15 19 5
14 7 12
8 10 22
9 22 13
10 15 16
16 10 13
22 10 16
18 20 20
18 10 10
18 16 12
21 16 10
13 19 14
11 16 19
6 11 11
16 9 7
7 12 19
19 18 17
19 12 11
14 16 12
16 14 20
22 15 12
23 13 22
9 18 18
19 17 12
10 11 20
8 9 15
19 7 8
14 18 15
15 11 10
15 23 10
12 9 20
19 10 8
12 15 15
25 9 13
14 21 8
19 9 15
12 15 19
14 13 20
26 9 18
16 12 12
10 10 16
6 9 21
11 11 10
15 10 21
17 8 26
24 10 10
24 11 7
11 10 12
17 24 9
8 9 13
21 17 18
17 14 17
16 17 20
20 14 19
21 14 17
17 11 25
21 19 10
14 11 14
6 10 10
20 11 14
10 6 9
10 26 13
10 13 8
13 26 20
15 10 11
17 9 14
9 19 14
21 7 6
8 13 16
18 15 11
11 14 11
11 12 14
12 10 12
9 11 20
20 8 13
9 14 23
14 21 12
15 14 19
24 18 13
24 17 7
21 18 16
16 18 18
12 7 21
21 20 16
7 9 16
19 23 9
17 15 23
10 25 18
9 16 14
21 10 9
21 8 10
22 16 8
22 21 10
22 11 10
17 6 9
18 15 5
12 13 10
13 19 13
15 12 17
7 10 14
19 19 15
24 11 20
16 13 22
19 11 22
10 11 14
12 22 22
12 15 10
7 15 18
9 21 18
20 14 13
13 17 18
11 14 9
26 15 21
19 26 11
20 15 8
16 14 13
17 13 10
13 18 17
21 18 23
17 20 14
9 9 11
19 22 11
11 18 16
22 11 15
24 11 10
20 16 16
12 18 18
12 18 11
23 11 8
10 12 11
17 14 10
8 10 13
23 12 16
9 13 12
10 12 19
11 14 16
24 10 14
9 20 18
16 9 17
14 22 19
18 13 11
10 13 8
12 21 16
14 21 17
20 18 20
19 7 10
7 10 15
10 10 14
11 10 11
7 10 21
11 24 17
17 9 10
8 9 13
11 8 17
18 8 16
23 23 22
12 14 14
12 8 10
19 10 14
13 11 25
15 14 17
18 8 18
20 10 11
18 22 21
20 12 12
13 14 15
24 17 20
14 7 6
23 9 18
24 14 14
6 15 16
13 13 10
15 15 12
11 11 13
19 20 21
12 11 12
6 17 8
20 14 18
5 19 22
10 22 25
12 17 21
10 14 14
9 22 15
14 22 19
14 10 13
14 18 18
14 10 25
24 7 10
25 15 8
10 10 21
11 13 20
21 15 16
22 15 18
10 9 22
14 9 17
16 16 20
13 12 11
18 12 8
15 12 25
22 10 25
15 9 13
13 11 19
12 21 7
20 11 12
10 14 6
7 18 14
15 21 14
9 22 20
9 20 12
19 25 9
23 12 17
18 11 19
13 22 14
14 10 19
22 16 18
22 17 16
24 13 17
20 15 15
13 20 5
22 14 9
15 13 21
22 12 19
9 13 15
15 8 18
10 11 10
16 11 17
17 18 9
13 13 8
11 14 10
12 21 19
16 15 21
8 18 13
11 10 13
18 18 11
13 18 6
13 12 16
12 12 14
22 18 16
16 19 6
11 11 6
10 16 16
16 13 16
11 7 7
14 14 15
20 9 24
25 21 25
11 16 15
17 5 15
16 18 10
20 10 14
9 10 15
14 9 14
21 9 12
16 7 11
12 17 17
13 12 13
8 10 14
16 15 8
19 14 12
12 9 18
10 12 20
21 6 20
7 15 13
15 15 15
10 23 15
10 19 16
17 8 10
7 11 16
9 6 6
12 13 9
15 10 8
17 25 14
16 10 16
21 10 10
22 16 17
12 8 15
16 19 11
13 15 16
13 13 15
15 14 12
17 21 17
12 12 26
14 13 9
11 16 10
9 16 19
21 6 13
15 9 14
17 6 19
11 13 15
21 15 21
14 14 17
9 18 14
8 9 12
22 8 15
12 13 9
11 15 14
12 17 13
9 12 21
16 14 23
7 17 13
10 14 24
10 13 10
13 21 12
14 19 8
12 14 11
18 10 9
13 19 16
24 17 24
11 11 14
9 12 23
10 19 15
12 18 15
18 18 11
12 13 19
11 9 17
17 12 12
8 9 24
16 9 7
7 18 6
11 8 17
12 16 24
15 13 10
13 9 11
22 10 25
12 18 12
17 19 19
11 20 19
20 8 16
20 21 18
12 9 16
14 13 11
25 15 14
16 23 26
7 15 22
20 22 16
21 14 9
14 13 9
15 19 19
8 11 24
21 14 16
16 13 15
12 22 14
10 19 26
9 11 11
25 16 9
11 19 19
15 7 12
17 11 13
21 20 10
17 11 12
14 15 9
11 8 12
13 23 8
12 25 10
17 15 16
15 17 9
5 20 12
12 14 19
15 25 15
12 16 19
17 14 19
13 18 11
7 14 17
15 23 20
7 21 15
16 16 25
18 15 20
22 8 10
5 14 13
18 12 14
10 10 13
16 15 7
14 20 15
16 21 21
22 12 19
19 11 18
12 18 15
14 14 16
18 24 19
18 19 16
12 20 19
20 25 12
7 20 10
13 9 7
16 8 12
12 17 24
16 19 10
20 6 12
15 12 23
13 18 8
16 18 11
9 14 18
18 22 13
9 25 18
12 15 8
11 13 8
14 13 12
12 14 14
12 5 15
17 11 12
19 12 18
17 12 19
13 12 25
8 21 8
12 16 13
9 15 26
19 13 14
15 8 11
9 10 18
23 13 13
11 12 8
10 12 8
8 15 20
12 8 8
21 15 12
19 19 15
19 22 17
19 15 12
23 12 16
13 12 19
14 8 16
19 15 17
10 14 10
15 12 14
12 6 16
12 14 10
14 14 16
22 10 19
26 10 14
14 20 18
11 17 14
14 23 23
19 14 8
5 16 9
12 14 16
18 11 17
17 13 18
10 20 14
14 19 8
20 14 12
19 16 16
11 14 18
22 6 20
6 16 14
9 15 8
9 15 16
17 15 18
17 11 17
12 15 18
12 16 10
19 9 26
26 20 17
16 13 20
16 17 12
5 15 11
19 23 23
14 21 10
21 15 14
16 21 23
8 13 23
20 9 16
17 15 13
20 18 22
12 11 15
17 17 20
16 13 6
10 17 18
20 13 9
16 11 13
14 10 18
6 17 21
9 24 7
16 23 20
26 13 12
16 14 8
15 5 20
23 12 10
20 19 11
17 15 6
11 9 12
15 16 21
6 15 10
26 13 11
21 17 17
19 10 24
11 14 11
18 21 12
8 23 26
14 9 12
17 8 25
13 11 13
14 18 26
12 12 7
7 19 19
9 17 16
15 11 15
17 18 21
10 9 21
14 16 9
6 13 15
15 19 13
9 22 9
22 8 12
19 9 12
22 15 13
13 7 12
12 18 13
13 15 5
5 14 18
15 13 13
19 15 26
19 12 9
12 15 23
17 9 9
21 8 14
18 16 13
10 12 7
24 13 9
13 19 13
7 13 7
20 9 10
7 14 11
22 16 8
17 25 12
7 20 11
12 12 8
22 12 10
10 13 10
23 16 20
9 22 16
10 12 12
12 21 7
12 8 21
10 14 16
9 9 21
20 14 11
11 17 14
5 19 16
12 18 9
26 17 19
12 12 12
14 19 14
8 14 8
14 8 15
12 18 17
13 11 12
15 15 14
10 18 15
18 22 22
26 9 13
13 8 13
5 16 23
19 15 10
7 21 14
13 16 5
10 11 15
16 21 8
14 14 15
20 19 15
14 9 10
12 8 13
15 14 24
15 11 12
6 21 12
15 6 6
23 17 21
16 16 19
10 6 11
19 7 21
19 25 12
15 15 26
16 12 22
8 12 13
14 17 10
21 16 17
20 21 20
15 11 7
19 15 12
7 7 11
16 13 12
19 21 12
8 13 21
9 11 12
15 11 16
20 11 21
15 17 10
23 10 9
6 20 12
6 12 19
24 8 8
17 13 13
9 12 18
10 21 17
15 12 18
5 22 11
23 12 16
14 22 11
26 16 14
15 11 11
14 19 15
9 17 25
19 15 11
12 20 17
18 13 20
13 6 13
15 5 19
19 19 16
16 17 18
16 12 15
10 20 14
16 8 15
16 8 10
12 14 10
14 14 10
17 21 8
16 6 15
22 10 10
12 19 15
13 23 14
7 17 14
14 9 19
26 11 6
10 10 7
14 19 25
6 15 20
16 8 17
21 16 20
11 20 9
23 7 20
20 13 17
24 8 8
16 17 10
17 14 12
13 15 12
7 16 19
6 14 13
17 14 10
22 12 24
13 9 15
26 14 9
11 9 7
24 7 14
8 17 23
10 11 13
11 21 12
8 11 16
14 11 8
10 12 19
21 22 16
23 11 9
6 14 7
13 26 15
13 10 16
12 22 9
11 16 18
23 9 20
13 18 13
6 14 18
9 18 17
15 8 8
11 13 15
17 9 18
15 8 9
11 9 11
17 14 23
25 19 16
17 17 12
14 21 19
18 13 16
18 8 12
14 15 11
17 7 11
16 16 7
14 21 6
12 11 11
10 17 21
9 12 20
16 17 17
6 7 12
21 23 19
20 17 16
14 24 25
8 21 26
14 9 22
19 16 12
16 18 20
9 11 10
15 14 13
14 18 14
15 11 18
14 19 9
13 19 20
9 14 15
24 15 17
11 21 13
12 13 11
13 9 18
8 23 15
16 23 20
11 11 16
11 17 19
17 17 23
7 20 25
9 14 19
16 9 17
20 12 21
15 20 13
13 12 12
13 22 12
13 10 16
9 12 8
17 6 12
19 8 8
20 12 19
10 17 16
15 6 23
7 14 13
12 16 14
16 9 14
14 15 14
25 8 9
19 6 25
12 19 8
24 17 8
14 12 11
17 15 13
12 19 5
14 15 7
21 8 14
11 14 15
23 18 9
12 14 11
10 15 8
23 23 19
20 19 13
14 14 21
18 10 12
12 20 10
16 15 14
16 12 16
11 22 21
22 11 9
15 11 13
25 10 15
16 13 17
9 17 12
12 14 18
6 13 18
7 11 20
10 14 21
14 13 17
9 17 18
23 13 14
17 15 22
19 15 9
21 12 16
17 8 11
26 14 18
15 14 14
15 16 10
14 9 7
13 13 9
20 5 22
18 7 20
24 17 16
12 7 17
6 17 14
8 24 17
12 17 12
6 23 10
17 21 15
11 14 9
20 15 18
15 15 10
18 8 8
11 19 7
18 21 12
21 20 8
17 10 12
15 9 14
20 17 17
15 15 21
17 15 17
21 13 15
20 10 15
20 25 14
6 12 15
10 19 8
18 11 18
24 22 25
6 12 12
19 12 18
21 15 21
13 11 15
10 24 8
22 12 9
20 12 11
10 20 13
8 12 19
14 20 14
18 23 11
15 12 13
9 15 15
9 14 11
11 16 13
24 17 20
8 24 8
23 19 16
13 16 9
17 10 18
5 17 9
20 12 16
9 17 22
16 18 10
8 8 13
15 13 16
12 15 8
17 10 19
15 8 11
10 6 15
18 17 13
9 18 8
18 17 19
20 19 8
14 20 16
25 23 16
20 19 15
22 23 9
14 26 14
7 10 15
8 15 15
18 14 16
9 17 16
7 21 8
7 13 17
9 19 24
13 24 16
9 11 12
9 14 20
22 19 15
8 15 13
14 24 21
9 16 13
20 18 14
11 11 25
22 14 10
18 24 12
10 13 19
15 19 18
25 15 8
9 18 23
15 25 8
13 16 9
22 8 12
26 12 17
14 15 20
10 23 12
25 13 16
19 12 8
14 19 17
9 14 15
12 15 20
18 14 16
10 18 14
9 13 22
21 11 16
24 12 13
16 13 12
8 15 16
17 17 15
10 16 15
15 21 14
18 13 14
11 12 17
12 16 15
20 15 15
8 15 10
15 11 11
13 17 9
11 15 15
18 12 9
9 21 21
14 16 23
21 26 21
15 16 13
14 12 18
18 9 18
15 5 14
17 24 7
18 10 18
15 8 17
19 16 14
17 13 11
15 17 8
14 13 16
9 10 11
16 16 15
10 8 11
16 22 19
10 23 20
18 17 16
23 20 20
8 10 6
13 15 12
8 7 13
22 22 12
15 23 26
13 13 21
8 13 20
13 19 7
9 11 11
16 18 17
25 14 8
9 26 22
12 20 11
15 15 18
25 12 13
10 9 14
20 23 26
20 19 20
9 19 19
16 13 12
19 10 10
17 21 15
12 24 16
7 10 20
10 10 13
8 20 14
11 19 13
16 20 15
8 16 20
21 12 23
19 18 15
18 10 14
20 21 21
14 16 22
18 13 14
17 23 9
20 9 19
17 26 14
5 24 17
14 19 15
15 18 14
17 9 10
22 19 19
7 21 6
7 20 21
9 8 13
7 19 11
13 16 24
12 14 14
21 12 24
20 14 14
24 7 14
9 11 15
13 15 19
10 6 22
16 11 23
16 14 16
13 14 17
19 17 17
9 21 10
13 16 18
12 14 14
13 22 8
13 7 13
16 15 11
14 15 15
12 17 6
12 19 13
15 12 19
16 11 11
8 16 19
16 14 11
21 15 9
5 17 16
18 18 22
9 18 18
12 12 19
13 22 16
21 16 21
9 12 10
20 12 20
6 14 20
16 18 12
12 5 17
10 20 11
16 9 13
13 8 16
12 17 12
13 15 14
18 17 10
14 10 14
6 11 16
14 15 15
13 14 13
12 11 14
14 7 17
15 21 21
18 14 14
7 13 9
8 8 17
22 12 16
23 18 17
22 10 16
25 16 17
13 14 26
11 26 9
18 13 24
13 26 18
16 18 21
12 18 15
7 11 11
18 10 20
22 8 15
21 18 10
22 14 20
7 20 10
13 18 8
18 16 11
23 10 8
16 14 12
10 14 26
8 18 13
21 18 14
21 16 20
10 12 13
14 18 16
9 16 12
13 13 16
23 11 8
11 8 18
8 26 7
12 12 6
7 10 14
15 14 24
19 13 14
10 13 12
24 23 14
17 12 17
16 8 9
18 6 14
23 22 10
26 11 22
15 24 19
12 9 14
17 23 11
12 13 18
16 10 15
13 9 15
14 18 9
19 15 12
18 13 21
13 5 12
24 14 12
10 20 7
24 12 19
9 16 10
6 24 11
14 13 18
12 16 10
25 13 6
15 9 17
5 16 9
14 8 11
20 14 11
15 12 9
20 18 24
13 15 12
17 19 21
10 13 17
16 10 17
8 11 13
11 20 8
21 19 18
6 11 15
11 17 10
15 7 12
15 11 14
19 18 19
8 17 15
8 16 12
8 21 12
10 15 24
20 19 22
8 22 16
10 18 19
20 25 23
16 9 8
5 13 14
21 15 9
11 11 18
12 18 23
12 17 21
23 11 6
16 16 14
15 21 19
6 13 19
7 16 20
12 10 24
13 17 11
22 11 20
20 20 14
11 15 16
15 16 13
11 11 7
8 12 14
19 17 16
16 14 12
7 16 22
16 16 16
9 17 18
18 11 18
25 16 14
8 15 11
20 10 10
12 12 10
15 12 17
12 15 18
16 22 15
13 15 18
13 12 15
8 8 5
11 17 21
14 14 13
15 13 12
24 15 13
8 13 14
12 24 21
13 24 10
11 17 10
9 15 12
11 10 18
16 24 21
14 15 8
13 13 17
7 22 9
18 9 11
19 11 16
16 15 20
6 18 7
14 13 16
12 9 12
18 9 16
20 22 10
26 14 17
23 18 11
6 5 16
14 13 17
24 7 11
24 19 11
12 17 16
12 6 13
16 16 23
12 11 16
19 22 17
21 10 12
19 11 23
11 14 10
17 19 12
16 9 9
15 11 13
20 16 14
15 10 8
10 13 16
16 12 6
10 8 14
23 23 11
17 9 12
6 7 16
11 16 15
13 12 21
13 22 15
9 21 20
19 16 22
7 15 9
18 15 10
12 22 22
10 15 14
12 15 6
5 15 8
16 21 12
12 17 20
11 19 18
8 12 23
20 7 15
10 13 15
15 26 21
23 17 10
8 22 19
14 14 10
11 10 15
26 26 14
14 11 9
19 11 16
15 12 19
13 20 23
13 11 14
8 11 9
15 16 15
12 15 18
11 17 15
10 7 12
17 17 11
12 15 15
14 11 24
10 13 6
9 12 5
14 10 13
13 12 22
9 18 18
12 15 7
19 14 12
13 12 22
11 13 15
18 17 9
11 18 11
10 16 11
16 8 16
15 7 18
16 9 14
9 16 8
15 12 18
12 13 12
18 6 20
22 23 11
17 21 15
8 13 13
17 17 17
10 15 11
9 16 13
24 11 7
13 13 16
16 14 16
8 20 15
16 12 6
21 9 18
18 16 19
23 15 11
16 12 23
7 13 14
11 11 10
14 18 12
20 25 22
17 24 13
11 10 18
19 15 7
9 17 12
15 26 21
14 17 7
11 11 16
20 15 18
12 7 18
13 10 23
12 26 14
16 11 14
13 10 20
19 13 15
6 21 15
18 16 12
8 13 21
9 13 14
15 7 13
5 19 12
14 19 14
10 20 9
20 11 20
13 8 10
11 16 12
8 19 17
12 19 12
10 7 17
20 12 22
14 8 11
15 18 15
11 18 21
8 12 18
25 17 14
14 17 14
15 12 14
16 14 15
21 20 20
18 8 17
15 14 23
23 21 15
11 17 15
9 17 20
22 19 20
23 10 18
7 16 9
9 21 14
11 22 16
16 12 16
17 11 11
15 12 13
8 21 15
18 20 13
7 15 10
14 13 13
21 19 12
26 13 25
17 22 16
12 23 24
14 7 21
21 14 8
14 13 20
18 18 16
20 10 9
14 13 13
19 11 14
17 9 15
15 17 6
18 26 7
12 19 16
22 17 23
16 8 14
10 17 14
17 15 24
23 20 12
20 17 19
17 19 21
12 7 5
9 16 8
11 19 10
16 6 12
23 23 9
14 16 8
12 17 15
12 12 13
9 18 12
24 10 10
16 6 22
15 20 10
19 20 16
11 20 12
21 13 13
12 19 7
14 13 20
9 15 11
13 11 17
11 10 13
17 14 19
21 14 12
20 8 19
10 11 15
19 15 16
26 21 10
7 8 13
22 19 24
9 23 11
17 15 13
9 11 7
16 22 5
11 23 22
11 22 11
20 19 20
15 16 13
20 12 14
9 21 14
17 11 12
8 7 16
11 11 13
15 12 12
12 16 15
26 14 14
19 19 16
11 20 12
14 12 11
9 15 21
22 11 14
9 12 20
13 15 6
26 14 19
11 17 12
15 14 16
19 13 11
21 12 20
13 18 14
12 11 17
6 10 14
10 13 15
5 19 15
18 8 10
12 17 19
15 22 15
18 19 14
10 10 14
11 13 21
11 9 18
19 12 8
17 9 13
20 8 11
10 15 11
17 10 12
16 10 13
11 11 20
9 18 11
17 15 11
10 21 8
11 15 18
17 12 11
16 20 13
8 9 16
17 13 7
24 11 13
16 15 14
19 16 9
7 12 22
23 14 13
14 14 17
15 10 8
12 15 18
9 14 12
24 15 8
19 17 15
10 9 9
24 9 23
9 25 20
14 21 14
12 10 11
7 26 21
11 17 23
11 15 25
13 22 16
25 18 22
9 15 25
13 18 19
12 15 21
15 7 5
13 25 9
14 11 20
16 9 23
