3 10 10 5
1 1
1 5
2 5
1 2
3 5
2 5
4 4
4 4
2 3
2 5
2 2 3
1 3
0 
19157 107254 83792 54422 52148 68968 19085 26838 47037 73267
1 539 1236
2 661
3
1 571 1254
2 603
3
1 546 1277
2 581
3
1 510 1156
2 627
3
1 544 1185
2 609
3
1 531 1279
2 617
3
1 527 1188
2 683
3
1 598 1187
2 638
3
1 541 1288
2 685
3
1 552 1288
2 646
3
9 2 5
12 6 4
8 5 4
11 5 6
8 7 1
11 5 2
8 3 4
12 5 5
6 7 5
10 5 2
25 25 25
948 1759 2787
1094 1692 2708
982 1860 2651
946 1885 2939
1095 1905 2471
