14 5 2
431 883 1617 1961
489 1273 1391
626 1087
336
576 1082 1684 2441 2894
581 1267 1570 2465 2761
563 1183 1609 2320 3008
561 1205 1799 2229 2998
660 1099 1861 2274 3148
674 1093 1657 2451 2959
583 1149 1576 2438 2860
609 1236 1724 2260 2877
562 1205 1706 2438 2969
603 1243 1718 2299 2789
588 1072 1669 2174 3242
651 1268 1764 2553 2986
589 1231 1782 2274 3256
591 1270 1719 2133 3108
33 38 29 26 32
40 43 26 26 48
29 47 39 26 30
31 39 36 29 42
41 37 44 48 48
36 45 36 30 34
33 40 45 26 43
40 33 41 39 48
33 42 43 31 46
43 44 26 28 26
49 36 50 37 45
45 49 36 31 29
28 27 38 44 38
40 43 33 31 47
21 23 27 3 18
5 4 1 5 3
3 1 2 1 12
4 2 1 0 2
0 1 2 3 7
4 2 2 1 2
4 0 2 3 3
1 0 0 4 0
0 4 1 0 1
3 1 0 3 1
1 1 3 1 5
1 1 0 1 4
0 3 2 0 7
2 3 1 1 0
3 1 2 2 3
