14 5 2
424 810 1867 2077
323 1525 1720
1162 1334
157
695 1296 1717 3007 3209
691 1232 1907 2905 3276
769 1166 1923 2884 3283
676 1295 1613 2885 3357
669 1372 1861 2978 3232
733 1126 1906 3008 3644
727 1287 1695 2684 3680
721 1352 1661 2997 3186
654 1327 1816 2555 3574
747 1308 1775 2959 3636
639 1163 1800 2582 3591
637 1337 1889 2996 3193
705 1198 1693 2510 3285
733 1134 1923 2859 3191
35 26 35 39 26
30 40 37 36 29
37 37 26 31 34
43 38 37 38 29
25 41 25 25 27
29 31 25 45 33
49 42 43 37 25
25 49 39 42 25
29 25 31 33 31
42 45 44 34 45
46 50 34 36 45
27 39 28 25 39
46 29 47 47 49
36 43 45 49 47
27 22 28 40 4
0 1 2 1 9
0 4 1 0 2
4 3 2 0 4
4 4 5 1 2
0 0 5 2 6
1 4 1 6 2
1 1 0 0 0
3 1 0 0 4
2 0 3 0 0
0 0 1 8 4
0 2 1 5 1
1 0 0 2 0
0 5 1 3 1
2 1 4 3 1
