14 5 2
325 899 1288 1848
539 927 1285
500 798
361
559 986 1618 2310 2753
614 988 1562 2054 3212
590 1117 1642 2236 2953
641 969 1619 1989 3031
642 1046 1777 1994 2716
570 1001 1766 1970 2879
575 1137 1693 2201 2763
546 1061 1795 2274 2665
643 1071 1849 2111 2800
552 984 1735 2140 2815
574 1036 1841 2304 2866
547 951 1782 2277 2964
595 1080 1811 2302 2981
543 1118 1814 2313 2708
27 46 44 25 40
29 29 48 39 40
41 46 39 29 44
38 45 47 27 34
34 42 28 37 26
29 25 32 29 45
36 44 48 35 39
33 33 30 41 30
35 40 38 46 35
27 27 28 31 39
25 36 30 25 34
49 38 39 39 45
31 30 34 34 36
41 29 25 47 27
12 26 19 19 26
7 3 2 0 4
0 6 1 3 4
5 2 4 0 0
2 4 0 1 0
0 4 2 5 0
5 0 1 5 1
3 1 3 1 8
2 1 2 0 0
0 2 2 1 0
2 3 0 1 1
2 3 0 0 4
0 0 6 0 8
0 0 2 0 1
2 6 0 4 2
