14 5 2
556 1251 2009 2791
643 1444 1847
605 1558
672
752 1365 2176 3019 3869
842 1374 2048 3168 4080
763 1336 2116 3082 4006
733 1263 2058 3438 3869
765 1148 2016 2954 3834
762 1188 2186 3226 3606
742 1316 2028 3192 3891
885 1172 2208 3060 3543
735 1166 2279 2988 3635
875 1197 1964 3471 3901
756 1229 2165 3059 4116
881 1195 2125 2903 4199
783 1155 2297 2934 3756
833 1270 2134 3189 4149
49 50 27 40 49
45 42 41 35 47
35 40 27 35 35
29 44 32 43 38
40 34 48 32 40
42 27 37 29 35
38 41 30 43 42
44 35 44 26 43
37 29 44 30 37
37 46 41 25 27
43 37 27 41 47
49 41 34 41 50
26 36 32 34 34
43 41 30 47 35
40 5 40 10 26
1 0 5 1 1
0 0 1 0 5
0 3 0 1 0
1 2 3 3 1
1 2 1 1 4
0 0 3 8 1
3 4 4 4 2
3 4 7 3 3
4 14 0 1 4
4 1 0 4 7
0 0 0 3 1
0 5 3 3 2
8 1 1 0 1
1 0 0 4 1
