14 5 2
347 1362 2435 2867
1267 1735 3038
898 1851
818
1086 1488 2853 3954 4827
993 1706 2869 3561 4300
944 1693 2529 3885 4315
944 1705 2655 3839 4739
917 1734 3019 3675 4806
967 1784 2863 3316 4561
948 1584 2949 3336 4641
1029 1520 2645 3391 4280
986 1553 2903 3680 4783
1038 1705 2671 3347 4902
1016 1727 2693 3888 4619
922 1577 2969 3576 4993
970 1522 3026 3829 4930
940 1724 2943 3870 4514
39 35 27 38 26
32 26 43 25 31
39 47 50 27 40
44 44 32 28 34
33 30 49 27 36
41 33 50 49 43
49 38 49 45 44
43 35 36 43 29
35 30 50 28 37
30 34 42 32 42
39 38 37 41 45
31 40 27 42 32
50 44 30 43 28
27 44 47 45 46
32 29 37 17 10
0 2 6 2 6
3 1 5 4 5
0 0 0 0 5
2 1 4 9 0
0 4 3 6 1
1 1 2 2 3
0 1 6 0 1
0 1 1 3 2
0 1 1 7 2
1 1 1 1 2
3 0 1 4 1
2 1 3 0 1
4 4 0 0 1
0 1 6 0 4
