14 5 2
410 754 1428 1612
267 924 1497
513 1142
687
531 1064 1352 2043 2794
552 1052 1417 2171 2975
529 1133 1302 2073 2610
539 1099 1491 2053 2542
580 1105 1465 2112 3022
513 1070 1565 2214 2673
523 982 1303 2146 2994
608 998 1383 2312 2796
514 1148 1440 2139 2969
564 1078 1290 2378 2782
590 1144 1529 1975 2819
611 1143 1362 2373 2783
564 1126 1415 2091 2703
617 1075 1452 2109 2915
36 46 50 41 48
44 38 43 44 28
39 26 29 37 32
31 41 49 40 38
46 41 34 29 45
36 29 48 44 36
39 46 31 39 34
28 41 41 38 30
34 32 50 31 43
29 35 25 31 46
42 44 42 45 49
46 33 33 38 50
25 25 26 40 30
50 42 42 34 35
2 4 16 29 28
1 1 0 0 1
0 1 3 1 4
0 0 0 0 0
2 1 2 2 0
4 3 2 0 0
0 1 1 1 2
2 1 2 5 3
5 1 0 1 4
0 2 0 1 0
4 3 5 2 4
4 1 1 3 0
4 1 2 4 1
1 5 4 6 0
0 0 3 5 1
