14 5 2
392 1345 1905 2592
687 1395 2657
674 1769
897
839 1378 2326 3126 4294
841 1597 2423 3608 4048
832 1553 2126 3114 4300
880 1580 2506 3487 4099
801 1362 2236 3326 4109
928 1461 2356 3514 3818
885 1634 2347 3401 3769
924 1381 2509 3044 3802
932 1525 2521 3197 4296
890 1388 2429 3431 4320
794 1551 2548 3171 3830
939 1409 2293 3340 3934
835 1626 2431 3017 4145
895 1473 2348 3281 3961
36 39 45 38 38
25 38 47 37 36
37 28 27 40 42
27 49 44 36 35
47 33 34 34 49
26 34 45 27 44
30 44 46 48 37
50 49 40 26 30
31 30 44 33 40
36 50 36 26 44
49 45 29 45 49
26 31 46 35 44
44 37 29 35 43
38 31 39 42 31
33 7 15 8 20
2 4 1 0 3
0 0 0 0 3
4 6 7 1 1
0 2 5 2 2
1 2 0 3 1
1 6 3 1 6
5 0 1 0 1
1 2 0 2 2
3 0 2 2 2
3 13 6 4 3
1 2 2 3 4
2 4 0 1 3
5 0 1 1 0
0 2 2 5 7
