14 5 2
502 1346 2054 2657
789 1409 2504
500 1371
1033
819 1409 2494 3147 4409
867 1517 2136 3174 3893
823 1397 2379 3204 3896
939 1380 2377 2968 4199
856 1283 2309 3167 4243
829 1290 2146 2921 4005
869 1290 2294 3039 4265
834 1549 2209 3407 3758
884 1297 2089 3102 4123
941 1445 2082 3105 3843
804 1466 2184 3349 4264
877 1550 2367 3053 3976
900 1529 2259 3362 4139
814 1280 2257 3223 4094
25 49 28 32 43
37 32 48 48 49
29 30 32 30 41
44 50 38 28 35
34 33 26 40 37
33 38 28 25 32
30 31 29 43 45
39 45 26 26 25
40 44 48 31 33
38 41 45 45 49
37 47 29 25 29
42 31 37 50 40
37 49 26 36 31
40 50 35 31 33
36 7 12 46 2
1 2 0 3 1
2 1 5 2 3
2 2 3 2 3
5 3 1 3 5
0 1 2 0 0
3 2 4 1 0
1 0 2 2 1
1 7 3 3 0
3 0 1 3 5
6 6 1 1 1
0 0 1 1 3
0 9 3 2 2
0 0 0 1 1
6 1 1 2 1
