14 5 2
580 1417 1677 1622
706 968 1047
273 526
184
763 1479 2320 2705 2956
741 1229 2054 2622 2921
649 1389 1982 2616 3028
719 1321 2057 2458 3211
704 1366 2043 2781 3247
653 1329 2256 2477 2930
726 1356 1956 2711 3156
748 1328 1971 2386 3257
775 1353 2244 2576 3263
680 1475 1929 2583 2995
694 1389 1946 2371 3348
747 1275 2173 2762 2923
645 1412 2151 2415 3438
730 1273 2150 2672 3227
28 33 41 30 42
49 41 47 32 43
32 50 29 30 32
31 37 44 40 41
43 42 49 36 32
35 31 34 35 28
34 47 44 38 47
49 27 41 45 33
49 47 50 26 26
30 29 33 49 36
37 47 27 32 37
28 38 32 33 30
47 48 35 45 26
44 32 44 37 34
4 33 10 28 24
3 1 2 2 2
3 1 1 3 0
3 3 1 6 0
0 0 1 1 1
2 1 3 0 7
2 4 0 1 1
1 3 1 1 2
3 2 1 9 3
1 0 0 1 3
2 2 4 0 5
1 3 1 0 1
0 2 1 1 1
5 5 2 1 2
4 0 4 0 5
