14 5 2
985 1514 2282 2768
349 976 1949
759 1455
1062
869 2027 2502 3316 4531
1017 1951 2418 3877 4264
1045 1792 2365 3597 4260
1055 1814 2553 3734 4093
1007 1845 2505 3265 4324
879 1764 2481 3556 4502
897 1769 2460 3904 4645
935 1866 2256 3735 4611
923 1874 2623 3408 4363
923 1787 2635 3465 4767
959 1943 2277 3318 4365
928 1767 2288 3767 4599
891 1958 2589 3795 4650
1028 1773 2566 3534 4636
35 25 39 45 39
32 45 48 37 27
28 29 50 37 45
48 30 33 27 27
37 43 49 28 31
32 49 35 43 31
35 44 27 35 41
32 35 26 49 28
48 33 30 27 27
30 46 49 28 40
26 28 37 44 48
25 45 36 47 40
47 40 37 50 36
28 49 38 42 26
51 9 36 13 2
4 3 0 0 3
1 7 2 2 2
0 1 1 2 0
4 0 0 0 0
3 2 7 0 0
1 2 0 0 0
5 1 3 1 1
1 3 7 4 2
0 2 2 1 0
7 4 1 0 4
3 0 1 2 3
1 3 4 0 0
2 4 0 1 2
2 1 3 1 1
