14 5 2
286 1124 1540 2048
1010 1449 2018
468 928
603
863 1174 2301 2818 3493
871 1222 2197 2791 3381
773 1305 2374 3390 3405
865 1314 2347 3035 3567
828 1306 2472 2977 3929
790 1142 2311 3369 3938
870 1344 2161 2879 3421
806 1258 2181 2926 3896
806 1206 2352 3068 3591
873 1325 2370 2994 3447
859 1213 2358 3053 3475
744 1258 2266 3174 3826
846 1278 2204 3192 3687
736 1183 2392 3129 3822
44 45 45 45 41
39 43 41 40 49
27 50 38 40 48
25 38 26 46 36
44 39 40 38 47
45 38 29 26 43
31 50 34 37 26
27 46 49 49 28
30 38 33 48 28
30 45 39 28 41
29 39 47 29 25
45 50 37 40 32
50 28 37 34 47
48 45 31 40 44
25 57 8 28 8
0 0 4 2 1
2 10 0 0 0
3 2 1 0 2
3 0 2 6 0
3 4 1 1 3
1 2 3 1 6
1 2 3 5 1
1 0 2 3 1
0 0 0 3 1
2 0 1 2 5
7 3 2 0 0
0 1 3 4 0
0 5 1 3 0
7 1 2 2 1
