14 5 2
428 877 1027 1907
417 750 1068
313 907
528
488 1077 1542 1883 2546
565 976 1551 1873 2890
502 982 1636 1957 2604
518 1061 1628 2165 2726
573 1038 1587 1972 2771
495 1105 1419 2049 2511
545 1073 1608 1877 2856
498 1180 1438 1892 2562
581 1045 1515 2013 2638
499 1083 1433 2041 2513
570 988 1551 1919 2813
585 1138 1405 2037 2457
562 1141 1636 2118 2681
546 1091 1567 2073 2808
25 43 30 50 48
37 42 45 27 26
31 29 28 25 27
35 41 46 25 49
33 47 48 35 27
32 31 33 46 27
31 28 38 44 29
40 50 39 46 30
44 32 39 34 25
43 36 27 27 26
44 40 42 36 39
46 31 35 42 34
48 39 32 25 45
48 39 29 31 33
17 38 27 1 22
1 2 2 6 0
0 0 2 2 3
1 1 3 1 1
6 8 4 1 1
0 2 3 1 0
0 3 5 1 3
0 0 2 0 1
2 2 7 1 2
5 6 3 6 2
0 6 0 1 3
2 0 0 3 3
3 0 3 1 0
3 3 0 0 9
0 3 1 1 1
