14 5 2
662 1260 1495 1829
565 835 1329
266 1114
808
591 1305 1974 2274 3173
583 1154 1978 2433 3172
633 1206 1731 2407 3346
601 1242 1908 2427 3008
625 1298 1705 2199 2962
661 1238 1881 2364 2979
658 1096 1964 2439 2932
637 1169 1661 2424 2771
565 1263 1838 2291 3029
674 1125 1914 2450 3186
572 1172 1823 2153 2862
674 1113 1849 2272 3098
611 1214 1819 2439 3338
646 1195 1967 2511 3085
38 39 27 36 36
49 30 41 47 35
28 29 26 38 45
47 36 34 39 31
40 42 31 35 40
48 28 50 44 45
26 25 32 38 38
27 45 36 29 30
27 32 34 43 25
46 50 26 37 36
33 50 43 35 45
27 34 35 30 27
38 41 49 36 44
48 34 46 30 38
51 4 12 39 10
3 1 4 2 3
2 1 4 1 4
2 3 0 2 6
1 0 2 0 5
0 0 0 2 0
1 0 4 0 3
8 2 0 4 3
2 3 4 1 7
3 7 6 0 2
2 2 2 5 0
0 1 4 1 1
0 3 1 2 3
7 2 0 1 0
2 1 5 0 2
