14 5 15
520 1233 1907 2422
637 1719 2171
1137 1490
657
990 1581 2362 3709 4437
932 1467 2622 3427 4582
970 1563 2677 3960 4088
896 1552 2419 3864 4542
981 1370 2234 3282 4599
896 1596 2485 3899 4602
1026 1368 2442 3838 4241
896 1607 2582 3598 4474
1016 1353 2479 3858 4548
895 1609 2220 3305 4634
996 1518 2411 3303 3924
1020 1416 2206 3856 4559
885 1450 2541 3709 4243
1013 1610 2670 3735 4332
144 109 163 109 138
114 178 157 139 177
116 128 192 116 139
145 132 133 149 187
108 131 135 126 188
104 183 169 146 139
108 119 168 138 163
189 158 149 150 184
147 113 185 102 193
108 114 192 181 114
185 163 187 198 182
130 131 130 171 174
127 157 110 129 184
138 167 147 171 186
138 0 22 26 31
20 9 26 19 19
10 22 9 12 13
10 23 14 11 11
20 16 17 16 23
16 11 9 18 9
21 9 14 25 10
34 15 12 8 13
16 16 8 12 3
20 11 17 15 19
6 17 8 21 18
14 15 16 16 18
23 17 22 23 16
21 14 16 13 21
24 23 19 21 13
