14 5 15
592 1464 1402 2426
700 1031 2399
137 1134
1180
772 1569 2534 2679 4154
873 1524 2214 3161 4232
844 1617 2293 2634 3504
769 1599 2282 3133 3496
807 1636 2413 3037 3602
871 1652 2326 3081 3862
847 1561 2575 3158 3711
887 1590 2387 2876 3795
747 1714 2341 2960 3711
809 1655 2162 3080 4089
758 1529 2562 3007 4158
842 1682 2381 3133 4073
820 1761 2549 2991 4194
769 1749 2452 2829 3923
164 129 151 172 172
153 192 156 173 166
133 192 116 182 186
155 169 180 119 198
163 198 200 115 176
112 163 105 158 119
145 172 193 156 157
126 159 148 117 143
186 142 183 101 121
140 167 192 115 128
178 119 185 148 189
117 155 112 108 144
170 153 150 191 145
119 136 133 138 163
47 46 156 78 61
9 11 13 11 8
24 18 20 11 6
19 44 20 20 10
13 21 14 16 10
17 8 16 7 14
6 15 14 20 12
20 9 17 14 21
22 21 7 9 12
19 12 12 19 31
12 13 19 16 4
16 34 14 10 16
16 18 14 18 26
13 13 12 18 9
23 16 7 9 19
