14 5 15
375 634 1076 1815
331 759 1387
425 1205
731
467 934 1361 1878 2698
457 977 1342 2064 2573
514 898 1284 1979 2312
508 861 1485 1869 2566
542 893 1445 2092 2597
467 951 1373 1893 2377
469 950 1383 2103 2693
483 999 1368 1846 2244
495 914 1388 2113 2410
521 924 1537 1946 2350
469 1010 1340 2167 2219
513 1001 1487 2042 2551
475 881 1437 2112 2250
519 864 1445 2096 2357
196 175 173 139 159
194 149 167 112 182
108 200 115 155 155
120 171 133 120 188
156 199 190 192 198
181 162 114 180 196
172 128 198 131 107
111 108 193 179 154
162 152 146 117 114
151 156 138 188 106
112 143 147 194 108
113 143 145 129 125
139 132 132 101 101
132 110 145 167 149
110 199 69 21 22
10 21 14 15 19
13 12 17 12 13
14 12 19 16 17
12 12 5 15 12
21 17 16 18 24
15 18 10 10 11
9 10 21 13 13
22 16 17 12 21
11 8 19 29 9
13 12 12 17 18
7 16 14 13 15
13 24 11 16 23
21 13 21 14 13
10 12 20 16 16
