14 5 15
266 1067 1648 2052
778 1253 1804
444 1077
414
563 879 1768 2387 2920
542 877 1726 2229 2645
587 859 1795 2226 3065
636 987 1649 2228 2873
605 933 1650 2239 2815
586 930 1838 2113 3065
557 891 1594 2093 2985
638 954 1738 2231 3110
575 950 1530 2307 2777
599 851 1776 2180 2843
594 938 1617 2162 2809
542 923 1665 2442 2982
541 877 1684 2449 2702
650 970 1522 2036 2740
174 141 173 168 182
174 160 139 198 197
120 157 171 173 114
145 196 188 182 195
149 188 101 104 135
164 150 110 119 103
168 161 121 118 125
167 151 183 100 134
195 186 150 137 157
150 109 152 181 199
105 196 148 140 184
121 129 167 111 117
133 102 177 178 149
166 178 177 151 195
254 88 38 59 54
15 20 15 17 23
12 21 12 14 9
15 19 14 13 15
20 12 15 21 18
8 14 8 15 6
11 16 10 9 16
19 18 18 8 11
14 13 17 16 18
16 22 12 19 11
21 15 27 7 19
12 7 23 15 5
16 10 22 15 6
16 18 10 19 18
12 24 19 22 12
