14 5 15
296 746 1216 2038
556 950 1536
450 952
778
655 999 1669 2161 2988
608 960 1817 2344 2971
556 1014 1789 1928 2951
622 983 1768 2065 2789
597 1080 1773 2231 2902
650 1013 1692 2098 2965
603 968 1818 2303 2807
636 1055 1701 2035 2703
624 962 1727 2266 2648
556 959 1923 2136 2895
648 913 1785 2100 2777
588 1050 1625 1982 2495
592 1029 1696 2003 2597
620 968 1691 2344 2626
111 141 106 175 187
118 114 166 118 167
200 182 164 131 129
154 157 166 182 106
136 185 153 159 179
132 170 176 121 123
108 164 191 127 173
170 200 141 168 195
109 173 162 178 189
193 115 180 151 141
135 179 169 176 153
186 147 183 115 129
122 132 166 160 150
176 103 145 184 162
57 140 139 69 18
33 19 26 11 22
6 14 12 17 11
12 15 13 17 11
18 13 10 11 20
14 19 20 13 21
19 8 15 13 18
11 15 12 7 11
12 14 12 13 6
8 12 10 10 13
23 19 7 10 6
9 13 27 10 15
7 8 8 20 19
17 22 17 12 11
19 10 10 7 12
