14 5 15
481 1287 1955 2735
604 1449 2506
843 1938
795
832 1514 2339 3474 4478
874 1487 2261 3329 4144
891 1496 2678 3236 4397
851 1599 2563 3731 3905
833 1661 2382 3194 4049
983 1633 2489 3396 4488
977 1540 2487 3301 4212
885 1513 2255 3703 3890
874 1550 2420 3530 4520
845 1733 2466 3294 4386
847 1422 2670 3218 4288
841 1715 2609 3430 4402
838 1685 2526 3649 4249
840 1644 2533 3219 4671
184 148 117 133 195
112 188 140 117 163
114 140 146 147 194
103 190 197 108 182
152 150 186 136 164
192 180 119 180 177
127 104 181 171 135
200 141 125 127 105
155 103 109 160 183
129 196 129 148 180
114 108 158 183 191
194 136 155 119 117
143 100 132 104 132
112 195 190 181 180
66 147 41 76 99
5 26 17 10 25
7 14 19 26 10
16 13 20 9 12
8 9 16 19 21
9 12 26 20 8
9 19 20 9 10
16 17 22 15 19
23 15 23 27 15
13 10 24 13 23
15 18 23 13 20
19 8 11 24 7
13 10 21 16 25
19 24 15 17 23
13 14 16 18 12
