14 5 15
461 1294 1657 2635
974 1437 1990
542 1463
788
905 1445 2530 3115 4124
974 1624 2535 3490 4369
846 1407 2196 3520 4197
941 1552 2614 3380 4166
923 1609 2613 3081 4425
941 1541 2424 3184 3885
916 1584 2281 3215 4462
860 1397 2345 3400 3956
837 1540 2215 3540 4647
893 1371 2335 3323 4330
940 1487 2489 3282 4677
853 1557 2466 3234 4158
911 1585 2215 3390 4509
991 1363 2254 3304 4149
159 127 112 152 129
112 133 140 117 191
184 169 134 200 180
138 191 144 184 117
116 171 109 176 177
130 170 198 106 167
137 184 124 138 173
140 148 200 135 138
136 105 128 148 123
164 183 146 113 118
174 183 163 180 193
176 156 110 148 156
143 132 145 147 187
104 167 167 103 160
89 111 66 7 70
17 13 10 9 8
16 12 12 26 11
21 9 26 17 20
22 16 21 21 10
16 14 14 19 12
14 34 7 22 13
20 25 8 27 15
22 9 21 11 17
16 8 17 8 11
13 13 17 25 15
12 15 17 9 16
13 29 15 14 16
12 9 19 29 12
14 15 20 11 14
