14 5 15
281 1074 1512 1567
692 1108 1225
480 641
205
573 954 1729 2278 2530
489 940 1667 2156 2242
526 1016 1746 2247 2644
549 1003 1500 2009 2313
515 1005 1676 1950 2280
535 1041 1529 2341 2531
559 1086 1617 2111 2546
494 974 1449 2260 2609
550 966 1645 2054 2664
505 988 1481 2259 2711
536 940 1483 1990 2688
556 1023 1543 2320 2475
568 1038 1683 2273 2656
506 1019 1636 1971 2267
186 122 147 183 138
160 161 146 167 123
180 137 110 116 154
155 100 198 130 103
179 168 180 184 144
112 158 118 125 107
184 148 144 125 163
134 106 144 137 122
185 196 116 195 151
135 145 194 135 125
137 159 148 140 165
113 164 155 192 123
181 113 158 108 177
130 135 166 182 112
246 80 15 53 84
12 18 11 15 6
17 13 8 14 31
15 13 9 22 8
13 19 8 11 15
4 21 7 16 12
14 9 19 23 15
20 20 17 14 11
9 17 12 5 15
19 17 14 11 17
15 24 15 17 15
9 12 7 12 15
20 16 4 10 9
12 9 18 10 19
15 11 12 12 14
