14 5 15
422 857 1252 1931
409 903 1645
358 1042
664
578 1077 1577 2040 2836
570 970 1579 2115 3012
654 1034 1691 2240 2870
648 952 1620 2113 2806
672 1088 1701 2329 2712
570 1029 1507 2238 3107
621 1139 1715 2319 2798
606 1004 1614 2448 2658
648 1015 1603 2371 2836
581 1075 1457 2305 3060
622 1127 1635 2188 2969
618 1137 1680 2046 2589
640 969 1501 2132 2615
612 944 1570 2087 2607
109 200 196 132 196
116 125 130 162 181
129 161 169 190 180
124 200 186 146 125
195 131 179 169 115
182 163 198 184 149
185 165 141 147 187
145 171 174 138 186
112 135 141 121 136
170 109 102 143 159
172 163 104 188 178
115 175 135 115 185
158 194 192 111 115
114 106 176 104 104
4 43 83 60 44
12 15 14 13 19
10 19 12 16 17
27 11 18 7 12
13 20 10 11 21
22 17 22 10 10
13 20 17 9 23
7 13 33 20 15
14 16 17 13 20
17 28 17 17 8
16 14 13 10 9
15 22 9 17 12
13 8 16 14 15
12 15 14 14 20
10 16 18 15 25
