14 5 15
432 909 1465 1871
390 1215 1682
827 1005
274
768 1342 1788 2762 3127
632 1275 1683 2671 3147
696 1281 1735 2314 3463
632 1400 1908 2708 3068
655 1357 1639 2536 3217
714 1293 1732 2320 3214
692 1376 1637 2731 3157
754 1466 1802 2350 3246
721 1402 1988 2407 3639
705 1354 1829 2383 3630
765 1427 1707 2384 3467
715 1397 1643 2463 3223
751 1355 1732 2454 3128
748 1311 1796 2773 3555
185 145 137 138 105
177 183 126 114 192
111 146 102 135 155
132 104 116 187 111
146 101 143 122 179
197 112 132 111 171
103 138 103 178 125
146 155 126 190 142
123 182 170 151 171
145 162 137 120 195
181 179 181 156 129
179 146 117 129 177
151 150 192 154 194
128 112 127 111 106
174 89 69 71 21
7 25 16 7 9
12 14 9 13 14
6 10 15 14 8
19 9 12 13 13
19 6 11 17 18
13 11 24 8 8
13 9 11 18 5
27 17 24 11 19
14 11 11 13 10
11 12 23 14 15
12 16 18 14 12
2 24 13 14 7
15 14 11 26 19
11 13 10 18 9
