14 5 15
296 888 1336 1710
736 1366 1606
572 1119
366
705 1023 1818 2553 2998
658 1117 1669 2568 3404
621 937 1791 2587 3044
700 1034 1684 2460 2989
672 986 1815 2343 3150
700 995 1524 2316 3149
654 1066 1818 2655 3373
675 1018 1571 2255 3034
616 1059 1525 2454 3136
654 1110 1553 2531 3030
626 1057 1783 2677 3134
670 965 1659 2655 3002
638 924 1512 2291 2817
694 948 1548 2276 3170
140 191 136 168 161
139 164 173 191 147
155 154 152 104 138
166 184 124 155 163
132 117 191 117 129
153 104 104 183 127
128 182 162 100 124
178 157 122 199 108
171 200 160 130 163
112 106 140 139 134
190 177 167 199 194
172 154 195 156 143
150 117 139 118 175
142 142 197 103 126
54 131 73 115 87
10 14 13 7 8
21 10 12 16 25
15 10 26 12 20
10 27 8 13 12
6 20 21 21 23
20 19 21 10 12
22 15 14 8 33
9 16 30 7 14
18 15 9 16 25
12 14 12 16 12
7 19 12 17 5
16 22 15 18 20
19 13 8 9 15
12 10 32 12 16
