14 5 15
426 1069 2175 2980
560 1829 2188
1165 1742
439
754 1255 2052 3523 3986
745 1262 2433 3175 4132
854 1303 2244 3173 4049
813 1231 2338 3359 3509
775 1342 2051 3099 3807
848 1150 2196 3346 3505
887 1210 2084 3234 3584
886 1240 2132 3021 3715
845 1252 2099 3160 3719
834 1130 2302 3127 4100
799 1147 2356 3047 3528
768 1145 2358 3474 4052
815 1174 2270 3157 3633
890 1319 2232 3446 3600
162 112 165 136 191
170 120 183 189 180
156 118 200 181 176
126 193 132 156 107
172 128 177 163 131
130 101 166 163 111
100 171 117 127 199
135 139 162 135 127
113 167 122 141 149
134 166 168 125 128
189 189 190 138 134
132 154 144 186 189
127 183 183 111 149
150 191 193 136 142
90 96 173 45 65
19 23 16 22 14
20 17 12 12 24
14 23 15 24 36
12 11 18 18 22
12 12 10 12 6
13 10 17 21 32
20 13 15 6 12
20 14 15 23 12
13 12 13 17 11
9 16 12 24 15
14 12 7 19 16
11 14 20 24 13
4 21 12 22 19
23 21 8 16 28
