14 4 5
344 1133 1736
773 1379
548
830 1234 2080 2823
751 1246 2455 3221
876 1262 2276 3152
747 1363 2307 2826
772 1352 2454 2821
791 1395 2180 2717
874 1326 2333 2879
885 1233 2356 2853
803 1296 2307 2816
786 1397 2144 3236
757 1312 2096 3068
869 1403 2493 2737
828 1215 2370 3005
793 1167 2147 2835
50 35 34 38
34 30 37 47
32 33 44 35
43 25 41 34
27 31 31 45
33 48 41 30
34 40 37 36
43 29 31 28
47 48 40 26
41 31 34 38
49 31 35 42
32 39 39 41
33 43 30 25
26 46 38 46
36 32 30 3
0 0 0 3
1 2 2 3
4 2 0 1
1 2 1 2
0 4 2 2
4 2 3 6
2 1 1 4
0 1 3 1
1 2 1 3
4 2 2 1
1 3 2 0
0 3 3 2
1 2 2 3
2 0 1 4
