14 4 5
269 824 1540
643 1199
489
726 1035 1834 2492
613 966 1762 2432
633 945 1794 2575
666 980 1721 2537
631 946 1840 2557
632 965 1875 2400
699 1007 1852 2550
727 1093 1857 2554
692 1125 1904 2469
653 969 1680 2593
649 1056 1705 2312
702 1113 1798 2381
725 957 1849 2517
689 1096 1636 2361
27 36 47 43
38 34 45 31
44 50 49 45
42 47 26 47
34 44 44 29
39 48 32 35
45 43 48 26
50 27 28 27
33 45 26 26
33 50 40 50
47 30 36 47
43 49 33 44
32 44 34 37
38 31 50 40
14 22 2 16
0 2 2 2
1 0 1 4
1 1 2 6
2 0 1 1
0 6 1 0
0 2 2 0
2 1 2 6
1 2 2 1
1 0 0 5
0 1 1 0
3 0 1 5
0 2 3 0
1 3 1 0
1 2 3 4
