14 4 5
737 1654 2363
841 1504
587
899 1681 2837 3558
840 1456 2752 3155
829 1431 2567 3400
844 1687 2431 3253
848 1588 2504 3236
932 1602 2428 3232
964 1490 2757 3591
977 1587 2712 3611
955 1664 2572 3655
863 1689 2337 3118
946 1535 2579 3084
869 1465 2651 3631
865 1656 2532 3459
988 1462 2637 3703
40 25 47 50
47 36 47 46
27 41 32 32
41 47 31 38
44 36 26 34
30 43 46 40
48 44 36 43
43 25 39 35
26 44 26 39
42 29 25 34
38 43 49 40
34 25 39 44
26 42 30 48
43 47 50 31
31 10 2 14
5 0 3 0
1 3 2 1
2 2 1 0
1 0 5 1
1 0 0 1
1 3 2 0
2 1 0 1
0 3 0 3
2 1 0 0
2 0 3 0
0 1 0 1
1 3 2 2
1 2 2 1
1 0 0 1
