14 4 5
819 928 1476
367 935
542
680 1549 1976 2588
677 1529 1870 2680
749 1564 1856 2549
793 1409 1854 2680
682 1453 1906 2660
788 1306 2009 2712
717 1503 1992 2974
723 1390 1777 2940
789 1304 1758 2969
730 1462 1764 2656
713 1460 2006 3051
699 1396 1943 3055
724 1359 1806 2668
750 1495 1927 2647
29 26 48 37
39 33 38 48
42 34 37 35
44 40 26 40
44 36 29 47
28 49 47 33
47 42 37 27
42 25 27 50
37 48 31 45
28 31 38 40
40 27 43 50
34 30 25 41
42 31 44 36
29 25 37 29
2 32 20 21
1 2 0 2
4 4 4 1
2 4 2 0
0 2 6 3
1 1 2 3
1 2 3 6
3 2 4 3
2 1 1 0
0 4 0 2
2 0 4 3
3 3 4 0
2 6 0 0
0 1 1 2
1 1 1 1
