14 4 5
618 891 1781
417 1120
869
871 1618 2124 3118
943 1598 1992 3375
931 1682 2008 2967
872 1883 2348 2936
782 1707 2206 2871
947 1587 2047 2888
853 1867 2031 3151
838 1552 2130 2950
860 1833 2069 3081
815 1606 2255 3227
922 1819 2148 2891
915 1606 2315 3102
866 1887 2247 3289
943 1869 2177 3030
40 50 36 32
38 45 36 40
30 27 46 30
28 43 46 43
39 34 41 48
38 30 38 41
28 40 49 34
40 26 34 42
50 30 44 30
36 43 38 48
49 38 40 33
45 37 46 32
32 36 38 30
30 45 40 27
38 9 4 27
1 1 1 1
2 2 5 0
3 0 0 0
0 0 3 0
5 0 2 1
1 1 2 2
1 2 5 2
1 3 1 0
3 1 3 1
1 4 0 1
2 4 0 1
2 0 2 0
0 3 1 4
5 1 1 2
