14 4 5
244 1097 1494
667 1014
363
767 1100 2002 2469
767 1120 1837 2621
680 1241 1907 2486
811 1212 1979 2678
742 1058 1857 2846
779 1197 2161 2690
732 1270 1834 2433
683 1098 2123 2799
686 1179 2054 2750
725 1266 2059 2400
820 1122 2049 2656
726 1150 1950 2704
706 1266 1890 2898
811 1108 2038 2625
27 41 33 50
34 44 30 25
33 33 50 45
37 35 37 29
44 40 31 35
47 25 40 50
36 26 28 37
50 34 26 30
34 41 30 31
28 26 49 41
44 33 49 28
38 34 49 30
29 38 36 44
42 48 42 48
2 7 47 0
3 2 0 1
2 2 2 1
1 1 2 2
1 5 2 0
5 0 4 0
2 2 1 3
2 0 1 4
0 3 0 2
1 0 1 1
2 2 3 1
0 0 0 1
0 0 1 1
0 0 0 0
2 0 0 0
