14 4 5
476 1084 1605
610 1414
716
961 1555 2320 3197
903 1531 2399 3416
978 1608 2328 3172
878 1544 2643 3455
954 1731 2271 3611
897 1648 2642 3341
948 1471 2667 3242
889 1526 2481 3645
829 1601 2380 3165
951 1679 2418 3402
984 1637 2599 3643
915 1609 2247 3421
843 1503 2266 3313
940 1687 2268 3253
48 40 35 36
37 35 50 42
49 41 34 49
42 31 39 38
36 38 27 35
49 44 45 25
42 38 50 37
36 45 39 33
29 44 49 28
34 29 49 42
25 31 49 28
39 42 46 36
34 33 40 25
36 28 49 38
37 4 48 4
3 0 2 0
2 4 0 3
0 1 1 5
1 0 1 0
1 2 2 1
0 2 0 2
1 2 3 1
0 3 0 0
1 1 3 3
1 8 0 1
6 0 0 1
4 1 2 3
1 2 0 2
2 3 0 1
