14 4 5
511 646 1405
273 811
664
725 1286 1636 2429
723 1265 1731 2477
663 1190 1944 2396
609 1194 1963 2494
716 1349 1647 2555
622 1351 1849 2620
637 1144 1901 2523
667 1290 1770 2562
669 1367 1652 2328
616 1312 1947 2371
686 1237 1649 2362
678 1297 1666 2627
657 1322 1933 2687
652 1254 1785 2658
36 31 48 27
34 40 38 47
43 40 25 40
28 34 37 26
45 49 46 29
45 48 30 49
35 28 29 37
35 39 31 25
28 43 28 45
27 39 28 26
50 40 39 45
27 26 29 35
38 39 43 42
25 41 46 29
51 16 31 2
3 1 1 0
0 1 0 1
2 2 2 0
2 1 4 0
2 3 0 3
4 1 2 2
1 1 1 1
3 1 4 1
3 0 0 0
0 2 1 1
1 1 2 1
0 1 11 4
3 1 5 0
2 1 0 1
