14 4 5
326 898 1169
415 901
578
563 1004 1562 2220
563 938 1470 2216
514 1035 1486 2102
563 897 1654 2063
550 1054 1452 1890
584 1037 1630 2074
509 995 1590 2089
559 976 1472 2152
522 895 1596 2237
593 974 1371 1928
554 940 1621 2050
531 1040 1544 1931
580 1015 1536 2131
516 1029 1501 2095
40 26 36 41
38 30 43 33
48 27 31 38
29 31 27 39
44 48 29 34
44 41 37 34
38 28 32 39
33 50 48 36
43 38 49 49
48 35 34 38
35 27 25 27
50 32 50 46
46 49 41 41
44 32 25 25
37 17 31 18
1 3 1 2
4 0 5 1
1 5 2 1
0 2 5 3
1 1 0 2
5 0 0 0
1 1 1 1
1 2 0 4
1 1 2 1
0 3 0 0
0 0 2 0
1 1 2 4
0 1 1 1
0 3 0 0
