14 4 5
591 1158 1716
657 999
410
915 1570 2286 2871
896 1346 2544 3019
911 1365 2567 3112
859 1472 2574 3086
890 1545 2345 2976
903 1416 2580 2968
899 1353 2308 3027
902 1514 2564 3235
850 1552 2518 2813
935 1415 2246 2872
927 1503 2601 3262
863 1584 2331 2825
936 1430 2553 3224
855 1312 2629 3417
32 42 37 30
43 47 43 34
41 40 38 34
43 47 48 48
43 41 30 36
42 26 30 30
32 39 30 25
35 32 30 38
25 35 50 31
25 40 32 43
26 43 33 27
31 25 40 37
27 32 40 30
49 45 30 29
57 15 14 8
0 1 0 3
2 3 2 4
3 5 0 2
3 0 3 0
0 2 3 1
2 0 2 2
0 5 0 2
0 0 3 0
3 1 4 3
4 5 1 3
0 1 2 1
1 3 1 1
1 4 2 5
0 1 1 1
