14 4 5
547 1094 1666
627 1089
420
794 1423 2133 2623
674 1385 2131 2590
726 1453 2175 2790
720 1383 2131 2657
691 1368 1997 2419
793 1553 1985 2566
673 1367 2125 2475
715 1486 2172 2752
722 1605 1925 2486
787 1335 1996 2536
797 1609 2037 2608
759 1530 2163 2850
761 1591 1927 2626
794 1500 2240 2795
35 49 30 38
42 32 36 29
49 38 49 50
44 46 42 28
28 38 48 30
32 25 27 41
28 43 47 40
50 26 26 48
42 38 46 50
37 46 46 48
36 41 48 32
45 26 49 35
31 36 29 34
30 34 33 28
30 25 5 14
0 1 1 1
0 1 3 2
0 1 3 2
3 1 2 1
0 0 0 3
5 1 0 1
1 0 1 2
1 0 1 0
1 5 0 2
1 1 0 2
3 1 1 1
1 1 1 1
1 2 5 1
2 1 3 1
