14 4 5
284 1060 1364
794 928
118
542 934 1829 1988
586 972 1845 2173
638 898 1765 2010
593 950 1678 2050
551 839 1879 2176
593 976 1717 2341
648 921 1615 2192
559 943 1583 2370
649 970 1623 2003
647 938 1833 2364
621 868 1817 2381
587 979 1696 2359
608 897 1612 2190
605 859 1795 2195
46 26 35 35
35 47 47 34
35 47 48 45
39 30 25 33
41 33 50 31
27 45 47 41
35 29 35 32
45 32 29 36
48 46 32 32
25 42 46 32
44 31 27 36
26 35 50 43
49 29 37 38
38 26 41 38
58 27 11 6
2 1 0 0
2 4 2 2
3 2 2 4
0 1 2 2
1 0 3 2
2 1 3 2
1 1 1 0
2 1 1 7
2 1 2 3
1 1 0 2
1 2 2 2
4 4 2 1
1 3 2 2
1 0 2 0
