14 4 5
506 1056 1721
690 1317
721
668 1264 2009 2904
756 1158 2034 2646
816 1060 2261 2636
730 1220 1910 2889
761 1126 2009 2458
806 1085 1981 2559
739 1072 2077 2909
727 1201 2280 2458
699 1165 1992 2492
782 1118 2225 2641
755 1236 2186 2461
793 1233 2176 2524
814 1215 1887 2588
739 1218 1916 2511
29 34 47 49
49 31 40 42
32 44 27 41
50 26 35 26
41 32 33 48
27 33 33 42
43 46 42 27
37 30 42 47
40 27 26 50
34 28 47 43
46 39 31 26
46 37 42 38
26 29 48 33
46 48 39 46
14 24 7 16
1 0 0 4
6 2 2 1
6 2 2 2
5 0 2 2
3 2 0 4
3 6 0 3
2 1 4 4
0 1 3 2
3 0 2 0
2 3 0 1
1 1 2 0
1 0 2 4
0 5 0 1
3 1 0 1
