7 5 15 1000
619 983 2397 2526
360 1303 2086
1166 1963
707
905 1765 2214 3594 4414
916 1511 2466 3732 3916
890 1722 2234 3131 4049
959 1541 2245 3671 3958
956 1479 2415 3203 4273
1010 1517 2540 3681 4749
863 1678 2411 3661 4505
5 10 5 5 10
10 9 7 9 7
8 10 10 6 10
9 6 5 10 10
9 6 9 8 10
9 7 5 8 9
10 10 5 7 9
5 4 9 4 4
5 10 5 5 10
10 9 7 9 7
8 10 10 6 10
9 6 5 10 10
9 6 9 8 10
9 7 5 8 9
10 10 5 7 9
5 10 5 5 10
10 9 7 9 7
8 10 10 6 10
9 6 5 7 10
9 6 9 8 7
6 7 5 8 9
10 10 5 7 9
5 10 5 5 10
10 9 7 9 7
8 6 8 6 10
9 6 5 10 10
9 6 9 8 10
9 7 5 8 9
10 10 5 7 9
5 10 5 5 10
10 9 7 9 7
8 7 10 6 10
9 6 5 7 8
9 6 9 8 10
9 7 5 8 9
10 10 5 7 9
5 10 5 5 10
8 9 7 9 7
8 10 10 6 10
9 6 5 10 10
9 6 9 8 10
9 7 5 8 9
10 10 5 7 9
5 10 5 5 10
10 9 7 9 7
8 10 10 6 9
9 6 5 10 10
9 6 9 8 10
9 7 5 8 9
10 10 5 7 9
5 6 5 5 10
10 9 7 9 7
8 10 10 6 10
9 6 5 10 10
9 6 9 8 10
9 7 5 8 9
10 10 5 7 9
5 10 5 5 10
10 9 6 9 7
8 10 10 6 10
9 6 5 10 7
9 6 7 8 9
9 7 5 8 9
10 7 5 7 9
5 10 5 5 10
10 9 7 9 7
8 10 10 6 10
9 6 5 10 10
9 6 9 8 10
9 7 5 8 9
10 10 5 7 9
5 10 5 5 10
5 9 7 9 7
8 10 10 6 10
9 6 5 10 10
9 6 9 8 10
9 7 5 8 9
9 10 5 7 9
5 10 5 5 7
10 9 7 9 7
8 10 8 6 10
9 6 5 10 10
9 6 9 8 10
9 7 5 8 9
10 6 5 7 9
5 10 5 5 10
10 9 7 9 7
8 10 10 6 10
9 6 5 10 10
9 6 9 7 10
9 7 5 8 9
10 9 5 7 9
5 10 5 5 10
10 9 7 9 7
8 10 7 6 9
8 6 5 10 10
9 6 9 8 10
9 7 5 8 9
10 10 5 7 9
5 10 5 5 10
10 9 7 9 7
8 10 8 6 10
9 6 5 10 10
9 6 9 8 5
9 7 5 8 9
10 6 5 7 9
5 10 5 5 10
10 9 7 9 7
8 10 10 6 10
9 6 5 10 10
6 6 9 8 10
9 7 5 8 9
10 10 5 7 9
5 10 5 5 10
10 9 7 9 7
8 10 10 6 10
9 6 5 10 10
9 6 9 8 8
9 7 5 8 9
10 10 5 7 9
5 10 5 5 10
10 9 7 9 7
8 8 10 6 10
9 6 5 7 10
9 6 9 8 10
9 7 5 8 9
10 10 5 7 9
5 10 5 5 10
10 9 7 9 7
8 10 10 6 7
9 6 5 10 10
9 6 9 8 10
5 7 5 8 9
10 10 5 7 9
5 10 5 5 6
10 9 7 9 7
8 6 10 6 10
9 6 5 10 10
9 6 9 8 10
9 7 5 8 9
10 10 5 7 8
5 10 5 5 10
10 9 7 9 7
8 10 10 6 10
9 6 5 10 10
9 6 9 7 9
9 7 5 8 9
8 10 5 7 8
5 10 5 5 10
10 7 7 9 7
8 10 10 6 9
9 6 5 10 10
9 6 9 8 10
9 7 5 8 9
10 10 5 7 9
5 10 5 5 10
10 9 7 9 7
8 10 10 6 10
9 6 5 10 10
9 6 9 8 10
7 7 5 8 9
8 10 5 7 9
5 10 5 5 10
10 9 7 9 7
8 10 10 6 10
6 6 5 10 10
9 6 9 8 10
9 7 5 8 8
6 10 5 7 9
5 10 5 5 10
10 9 7 9 7
8 10 10 6 10
9 6 5 10 10
9 6 9 8 10
9 6 5 8 9
10 10 5 5 9
5 10 5 5 10
10 9 6 9 7
8 10 10 6 10
6 6 5 10 10
9 5 9 8 10
9 7 5 8 9
9 8 5 7 9
5 10 5 5 10
8 9 7 9 7
8 10 10 6 10
9 6 5 10 10
9 6 9 8 10
9 7 5 8 9
10 10 5 7 9
5 10 5 5 10
10 9 7 9 7
8 10 10 6 10
9 6 5 6 10
6 6 9 8 10
9 7 5 8 9
10 10 5 7 9
5 10 5 5 10
10 9 7 9 7
8 10 10 6 10
9 6 5 8 10
9 6 9 8 10
9 7 5 8 9
5 10 5 7 9
5 10 5 5 10
10 9 7 9 7
8 10 10 6 10
9 6 5 10 10
9 6 9 8 10
8 7 5 8 9
10 6 5 7 8
5 10 5 5 10
10 9 6 8 7
8 10 7 6 5
9 6 5 7 5
9 6 9 8 10
9 7 5 8 9
10 10 5 7 9
5 10 5 5 8
10 9 7 9 7
8 10 10 6 10
9 6 5 10 10
9 6 9 8 10
9 7 5 8 9
10 6 5 7 9
5 10 5 5 10
10 9 6 9 7
8 10 10 6 8
9 6 5 10 10
8 6 9 8 10
9 7 5 8 9
10 10 5 7 9
5 9 5 5 10
10 6 7 9 7
8 10 10 6 10
9 6 5 10 10
9 6 9 8 10
9 7 5 8 9
10 10 5 7 9
5 10 5 5 10
10 9 7 9 7
8 10 8 6 8
9 6 5 8 10
9 5 9 8 10
9 7 5 8 9
10 10 5 7 9
5 10 5 5 10
10 9 7 9 7
8 10 10 6 10
9 6 5 10 10
9 6 9 8 10
9 7 5 8 9
10 8 5 7 9
5 10 5 5 10
10 9 7 9 7
8 10 8 6 10
9 6 5 10 10
9 6 9 8 10
7 7 5 8 9
10 6 5 7 9
5 10 5 5 10
10 9 7 9 7
8 10 10 6 10
9 6 5 10 10
9 6 9 8 10
9 7 5 8 9
10 8 5 7 9
5 10 5 5 10
10 9 7 9 7
8 10 10 6 7
9 6 5 10 10
9 6 9 8 10
9 7 5 8 9
10 10 5 7 9
5 10 5 5 10
10 9 7 9 7
8 10 10 6 10
9 6 5 10 10
9 6 7 7 6
9 7 5 8 9
10 10 5 7 9
5 10 5 5 10
10 9 7 9 7
8 10 10 6 10
9 6 5 10 8
9 6 9 8 10
9 7 5 8 9
10 10 5 7 9
5 10 5 5 10
10 9 7 9 6
8 9 10 6 10
9 6 5 10 10
9 6 9 8 10
9 7 5 8 9
10 10 5 7 9
5 7 5 5 10
10 9 7 9 7
8 10 10 6 9
9 6 5 10 10
9 6 9 8 10
9 7 5 8 9
10 10 5 7 9
5 10 5 5 10
10 9 7 9 7
8 7 10 6 10
9 6 5 10 10
9 6 9 8 10
9 7 5 8 9
10 10 5 7 9
5 10 5 5 10
10 9 7 9 7
8 10 10 6 10
9 6 5 10 10
5 6 9 8 10
9 5 5 8 8
10 6 5 7 9
5 10 5 5 10
10 9 7 9 7
8 10 7 6 10
9 6 5 10 10
9 6 9 8 10
9 7 5 8 9
10 10 5 7 9
5 10 5 5 5
10 8 7 9 7
8 8 10 6 9
9 6 5 10 10
9 6 9 8 10
7 7 5 8 9
10 10 5 7 9
5 10 5 5 10
10 9 7 9 7
8 10 10 6 10
9 6 5 10 10
9 6 8 8 8
6 7 5 8 9
10 7 5 7 9
5 10 5 5 8
10 7 7 9 7
8 8 10 6 7
9 6 5 10 10
9 6 9 8 10
9 7 5 8 9
10 10 5 7 9
5 10 5 5 10
10 9 7 7 5
8 10 10 6 10
9 6 5 9 10
9 6 6 8 10
9 7 5 8 9
8 10 5 7 9
5 10 5 5 8
8 9 7 9 7
8 10 10 6 10
9 6 5 10 10
9 6 9 8 10
9 7 5 8 9
10 7 5 7 9
5 10 5 5 10
10 9 7 9 7
8 10 10 6 10
9 6 5 10 7
9 6 9 8 9
7 7 5 8 9
5 10 5 7 9
5 8 5 5 9
10 9 7 9 7
8 10 10 6 10
9 6 5 10 10
9 6 6 8 10
9 7 5 8 9
10 10 5 7 9
5 10 5 5 10
10 9 7 9 7
8 10 6 6 10
9 6 5 10 10
9 6 9 8 8
5 7 5 8 9
10 10 5 7 9
5 10 5 5 10
10 9 7 9 7
7 9 10 6 10
9 6 5 8 10
9 6 9 8 10
9 7 5 8 9
10 7 5 7 9
5 10 5 5 10
10 9 6 9 7
8 10 10 6 8
9 6 5 5 10
9 6 9 6 10
9 7 5 8 9
10 10 5 7 9
5 10 5 5 10
10 9 7 9 7
8 7 10 6 10
9 6 5 10 9
9 6 9 8 10
9 7 5 8 8
10 10 5 7 9
5 10 5 5 10
10 9 7 9 7
8 10 10 6 8
9 6 5 10 10
9 6 9 8 10
9 7 5 6 9
10 10 5 7 9
5 10 5 5 10
10 9 7 9 7
8 10 10 6 10
8 6 5 10 10
9 6 9 8 10
8 7 5 8 9
10 10 5 7 9
5 10 5 5 10
10 9 7 9 7
8 10 10 6 10
9 6 5 10 10
9 6 9 8 10
9 7 5 8 9
10 10 5 7 9
5 10 5 5 10
10 9 7 9 7
8 10 10 6 10
9 6 5 10 10
9 6 9 8 5
9 7 5 8 9
10 10 5 7 9
5 10 5 5 10
10 9 7 9 7
8 10 8 6 9
9 6 5 10 10
9 6 9 8 10
9 7 5 8 9
10 7 5 7 9
5 10 5 5 10
10 9 7 9 7
8 10 10 6 10
9 6 5 10 10
9 6 9 8 10
9 7 5 8 9
10 10 5 7 9
5 10 5 5 10
10 9 7 9 7
8 10 10 6 10
9 6 5 10 8
9 6 9 8 10
9 7 5 8 9
10 10 5 7 9
5 6 5 5 10
10 9 7 6 7
8 10 10 6 10
9 6 5 10 10
9 6 9 8 10
9 7 5 8 9
10 10 5 7 9
5 10 5 5 10
10 9 7 9 7
8 10 10 6 10
9 6 5 10 8
9 6 9 8 10
9 7 5 8 9
10 10 5 7 9
5 10 5 5 10
10 9 7 9 7
8 10 5 6 10
9 6 5 10 10
9 6 9 8 10
9 7 5 8 9
6 10 5 7 9
5 9 5 5 10
10 9 7 9 7
8 10 8 6 10
9 6 5 10 10
8 6 7 8 10
9 7 5 8 9
9 10 5 7 9
5 10 5 5 10
10 9 7 9 7
8 10 10 6 10
9 6 5 10 10
8 6 9 7 10
6 7 5 8 9
10 10 5 7 9
5 10 5 5 10
10 9 7 9 7
8 8 10 6 10
9 6 5 10 10
8 6 9 8 10
9 7 5 8 9
8 10 5 7 9
5 10 5 5 6
10 9 7 9 7
8 10 10 6 10
9 6 5 10 10
9 6 9 8 8
7 7 5 8 9
10 10 5 7 9
5 10 5 5 10
10 9 7 9 5
5 10 6 6 10
9 6 5 10 10
9 6 9 8 6
9 7 5 8 9
10 10 5 7 9
5 10 5 5 10
10 9 7 9 7
8 10 6 6 10
9 6 5 10 10
9 6 9 8 10
9 7 5 8 9
10 10 5 7 9
5 10 5 5 9
10 9 7 9 7
8 10 10 6 10
9 6 5 10 10
9 6 9 8 10
9 7 5 7 9
10 10 5 7 9
5 10 5 5 10
10 9 7 7 7
8 10 10 6 10
9 6 5 10 8
9 6 9 8 10
9 7 5 8 9
8 9 5 7 9
5 10 5 5 10
10 9 7 9 7
8 10 10 6 7
9 6 5 10 9
9 6 9 8 10
9 7 5 8 9
9 10 5 7 9
5 10 5 5 9
10 9 7 9 7
8 8 10 6 10
7 6 5 10 10
9 6 9 8 10
9 7 5 8 9
10 10 5 7 9
5 10 5 5 9
5 9 7 9 7
8 10 10 6 10
9 6 5 6 10
9 6 9 8 10
8 7 5 8 9
10 10 5 7 9
5 10 5 5 10
10 9 7 9 7
8 10 9 6 10
9 6 5 10 10
9 6 9 8 10
9 7 5 8 9
10 10 5 7 9
5 10 5 5 10
10 5 7 9 7
8 10 10 6 10
9 6 5 10 10
9 6 9 8 8
9 7 5 8 9
8 10 5 7 9
5 10 5 5 8
10 9 7 9 7
8 10 10 6 10
9 6 5 10 10
9 6 9 8 10
9 7 5 8 9
10 5 5 7 9
5 10 5 5 10
10 9 7 8 7
8 10 10 6 10
9 6 5 10 10
9 6 9 8 10
9 7 5 8 8
10 10 5 7 9
5 10 5 5 10
10 5 7 9 7
8 10 10 6 10
8 6 5 10 10
9 6 9 8 10
9 7 5 8 9
10 10 5 7 9
5 10 5 5 10
10 9 7 9 7
8 8 10 6 10
9 6 5 10 10
9 6 7 7 10
9 7 5 8 9
10 10 5 7 9
5 10 5 5 10
10 9 7 9 7
8 10 9 6 7
9 6 5 6 10
9 6 9 8 6
8 7 5 8 9
10 10 5 7 9
5 10 5 5 5
8 9 7 9 7
8 10 10 6 10
9 6 5 10 10
8 6 9 8 10
9 7 5 8 9
10 10 5 7 9
5 10 5 5 10
10 9 7 9 7
8 9 10 6 10
8 6 5 10 10
9 6 9 8 10
8 7 5 8 9
10 10 5 7 9
5 10 5 5 8
10 6 7 9 7
8 9 10 6 10
9 6 5 10 10
9 6 9 8 10
9 7 5 8 8
10 8 5 7 9
5 10 5 5 10
10 9 7 9 7
8 10 8 6 10
9 6 5 10 7
9 6 9 8 10
9 7 5 8 9
10 10 5 7 9
5 8 5 5 10
10 9 7 9 7
8 10 10 6 10
9 6 5 10 10
9 6 9 8 8
9 7 5 8 9
10 10 5 7 9
5 10 5 5 10
10 9 7 9 7
8 10 10 6 10
9 6 5 10 7
9 6 9 8 10
9 7 5 8 9
10 8 5 7 9
5 10 5 5 6
10 9 7 9 7
8 10 10 6 10
9 6 5 10 10
7 6 9 8 10
6 7 5 8 9
10 10 5 7 9
5 10 5 5 10
10 9 7 9 7
8 10 10 6 5
9 6 5 10 10
9 6 9 8 10
8 7 5 8 9
9 10 5 7 5
5 10 5 5 10
10 9 7 9 7
8 10 10 6 10
9 6 5 10 10
9 6 9 8 10
9 7 5 8 7
10 9 5 7 9
5 10 5 5 10
10 9 7 9 7
8 8 10 6 9
9 6 5 10 10
9 6 9 8 10
9 7 5 8 8
10 10 5 7 9
5 10 5 5 10
10 9 7 9 7
8 10 9 6 10
9 6 5 10 10
9 6 9 8 10
9 7 5 8 9
10 10 5 7 9
5 10 5 5 6
10 9 6 9 7
5 10 10 6 10
9 6 5 6 10
9 6 9 8 10
9 7 5 8 9
10 10 5 7 9
5 10 5 5 10
10 9 7 9 7
8 10 10 6 10
9 6 5 10 10
9 6 9 5 10
9 7 5 8 9
10 10 5 7 9
5 10 5 5 10
10 9 7 8 7
8 10 10 6 10
9 6 5 10 10
9 6 9 7 10
9 7 5 8 9
10 10 5 7 9
5 6 5 5 10
10 9 7 9 7
8 10 10 6 10
9 6 5 7 10
9 6 9 8 6
9 7 5 8 9
10 10 5 7 9
5 10 5 5 10
10 9 7 9 7
8 6 10 6 10
9 6 5 10 10
9 6 9 8 10
9 7 5 8 9
10 10 5 7 9
5 10 5 5 10
10 9 7 9 7
8 10 10 6 10
9 6 5 10 5
9 6 9 8 9
9 7 5 8 9
10 10 5 7 9
5 10 5 5 10
10 9 7 9 7
8 10 10 6 10
9 6 5 10 10
9 6 9 8 8
9 7 5 8 9
10 10 5 7 9
5 10 5 5 10
10 9 7 7 7
8 10 10 6 10
8 6 5 5 10
9 6 9 8 10
9 7 5 8 9
10 10 5 7 9
5 10 5 5 8
10 9 7 9 7
8 10 10 6 10
9 6 5 10 10
9 6 9 8 10
6 7 5 8 9
10 8 5 7 9
5 9 5 5 7
10 9 7 9 7
8 10 10 6 10
9 6 5 10 10
9 6 9 8 10
5 7 5 8 9
10 10 5 7 9
5 7 5 5 10
10 9 7 9 7
8 10 8 6 10
9 6 5 10 10
9 6 9 8 10
9 7 5 8 7
10 9 5 7 9
5 10 5 5 10
8 8 7 7 5
8 10 10 6 10
7 6 5 10 10
9 6 8 6 10
9 7 5 8 9
10 10 5 7 9
5 10 5 5 10
9 9 7 5 7
8 10 8 6 10
9 6 5 10 10
9 6 6 8 10
5 7 5 8 9
10 9 5 7 9
5 10 5 5 9
10 9 7 9 7
8 10 10 6 10
9 6 5 10 10
9 6 9 8 10
9 7 5 8 9
8 10 5 7 8
5 10 5 5 10
10 9 7 9 7
8 10 10 6 10
9 6 5 10 6
9 6 7 8 10
9 7 5 8 9
10 10 5 7 9
5 10 5 5 10
10 9 7 9 7
8 10 10 6 10
9 6 5 10 10
9 6 9 8 10
8 7 5 8 9
5 10 5 7 9
5 10 5 5 10
10 9 7 9 7
8 10 10 6 10
9 6 5 10 10
9 6 9 8 10
9 7 5 8 9
10 10 5 7 9
5 10 5 5 10
10 9 7 9 7
8 10 10 6 10
9 6 5 10 10
9 6 6 8 10
9 7 5 8 9
10 10 5 7 9
5 10 5 5 10
6 9 7 9 6
8 10 10 6 10
9 6 5 10 10
9 6 9 8 10
9 7 5 8 9
5 10 5 7 9
5 10 5 5 6
10 9 7 6 7
8 10 10 6 10
9 6 5 10 10
9 6 9 8 10
9 7 5 8 9
10 8 5 7 9
5 10 5 5 10
9 9 7 9 7
8 6 6 6 10
9 6 5 10 6
9 6 9 8 10
9 7 5 8 9
10 10 5 7 9
5 10 5 5 10
10 9 5 9 7
8 7 10 6 10
9 6 5 9 10
9 6 9 8 8
9 7 5 8 9
10 10 5 7 9
5 10 5 5 10
10 9 7 9 7
8 10 10 6 10
9 6 5 10 10
9 6 9 8 10
9 7 5 8 9
10 10 5 7 9
5 10 5 5 10
10 9 7 9 7
8 10 10 6 10
9 6 5 10 10
9 6 9 8 10
9 7 5 8 9
10 10 5 7 9
5 10 5 5 10
10 9 7 9 7
8 10 10 6 10
9 6 5 10 10
9 6 9 8 10
9 5 5 8 9
10 10 5 5 9
5 10 5 5 10
10 9 7 9 7
8 7 10 6 10
9 6 5 10 5
9 6 7 8 10
9 7 5 8 9
10 7 5 7 9
5 10 5 5 10
10 9 7 9 7
8 10 10 6 10
9 6 5 10 10
9 6 9 8 10
9 7 5 8 9
10 10 5 7 9
5 10 5 5 10
10 9 6 9 7
8 10 10 6 10
9 6 5 10 10
9 6 9 8 10
9 7 5 8 9
10 10 5 7 9
5 10 5 5 10
10 9 7 9 7
8 10 8 6 10
9 6 5 10 10
9 6 9 8 10
5 7 5 8 9
10 10 5 7 9
5 10 5 5 10
10 9 7 9 7
8 10 10 6 9
9 6 5 10 10
9 6 7 5 7
9 7 5 8 9
8 10 5 7 9
5 9 5 5 10
10 9 7 9 7
8 9 10 6 10
9 6 5 10 10
9 5 9 8 10
9 7 5 8 9
10 10 5 7 9
5 10 5 5 10
10 9 7 9 7
8 10 9 6 10
9 6 5 10 10
9 6 9 8 10
9 7 5 7 9
10 10 5 7 9
5 10 5 5 10
10 9 7 9 7
8 10 10 6 10
9 6 5 10 10
9 6 9 8 10
9 7 5 8 9
7 10 5 7 9
5 10 5 5 10
9 9 7 9 7
8 10 10 6 10
9 6 5 9 10
9 6 9 8 8
9 7 5 8 9
10 10 5 7 9
5 10 5 5 7
10 9 7 9 7
8 10 10 6 10
9 6 5 10 10
9 6 6 7 9
9 7 5 8 9
10 10 5 7 9
5 5 5 5 10
10 9 7 9 7
8 10 10 5 10
9 6 5 10 10
9 6 9 8 10
9 7 5 8 9
10 10 5 7 9
5 10 5 5 10
10 9 7 8 7
8 10 10 6 10
9 6 5 10 10
9 6 9 8 10
9 7 5 8 9
5 10 5 7 9
5 10 5 5 10
10 6 7 9 7
8 10 9 6 10
9 6 5 10 10
9 6 9 8 10
9 7 5 8 9
10 9 5 7 9
5 5 5 5 10
10 9 5 8 7
8 10 10 6 7
9 6 5 10 10
9 6 9 8 8
9 7 5 8 9
10 10 5 7 9
5 10 5 5 9
10 9 7 9 7
8 10 10 6 10
8 6 5 10 10
9 6 9 8 10
9 7 5 8 9
10 10 5 7 8
5 9 5 5 10
10 5 7 9 7
8 10 10 6 10
9 6 5 10 10
5 6 9 8 10
9 7 5 8 9
9 10 5 7 9
5 10 5 5 10
10 9 7 6 7
8 10 10 6 10
9 6 5 10 10
9 6 9 8 10
9 7 5 8 9
10 9 5 7 9
5 10 5 5 10
10 9 7 8 7
8 10 10 6 10
9 6 5 10 8
9 6 9 7 10
9 7 5 5 9
10 9 5 7 9
5 6 5 5 10
10 9 7 7 7
8 8 10 6 7
9 6 5 10 10
9 6 8 8 10
9 7 5 8 9
7 10 5 7 9
5 10 5 5 10
10 9 7 9 7
8 10 10 6 10
9 6 5 10 10
9 6 9 8 7
9 7 5 8 9
10 10 5 7 9
5 10 5 5 6
8 9 7 9 7
8 10 10 6 6
9 6 5 10 10
9 6 9 8 10
9 7 5 8 9
9 10 5 7 9
5 10 5 5 9
10 9 7 8 7
8 10 10 6 10
9 6 5 10 10
7 6 9 8 8
9 7 5 8 9
8 10 5 7 9
5 10 5 5 10
10 9 7 9 5
8 10 5 6 10
9 6 5 10 10
9 6 8 7 10
9 7 5 8 9
10 10 5 7 9
5 10 5 5 10
10 9 7 9 7
8 8 7 6 10
9 6 5 10 10
9 6 9 8 10
8 7 5 8 9
10 10 5 6 7
5 10 5 5 10
10 8 7 9 6
8 10 6 6 10
8 6 5 10 8
9 6 9 8 10
6 7 5 8 9
10 10 5 7 9
5 10 5 5 10
10 9 7 9 7
8 8 9 6 10
9 6 5 10 10
9 6 9 8 10
9 7 5 8 9
10 10 5 7 9
5 10 5 5 10
9 9 7 9 7
8 10 10 6 10
9 6 5 10 10
9 6 9 6 10
9 7 5 8 9
9 10 5 6 9
5 9 5 5 10
10 9 7 9 7
8 10 10 6 10
9 6 5 10 10
9 6 9 8 10
9 7 5 8 5
10 10 5 6 7
5 10 5 5 10
10 9 7 9 7
8 10 10 6 10
5 6 5 10 10
9 6 9 8 10
9 7 5 8 9
10 10 5 7 9
5 10 5 5 8
10 9 7 9 7
8 10 10 6 9
9 6 5 9 10
9 6 9 8 7
9 7 5 8 9
10 10 5 7 9
5 9 5 5 10
9 9 7 9 7
8 10 10 6 10
9 6 5 10 10
9 6 9 8 7
9 7 5 8 9
10 10 5 7 9
5 10 5 5 10
9 9 6 9 7
8 10 10 6 10
9 6 5 9 10
7 6 9 8 10
9 7 5 8 6
10 10 5 7 9
5 10 5 5 10
10 5 7 9 7
8 9 10 6 6
9 6 5 10 10
9 6 9 8 10
7 7 5 8 9
10 10 5 7 9
5 10 5 5 10
10 9 7 9 7
8 10 10 6 10
9 6 5 10 10
9 6 9 8 10
9 6 5 8 9
10 10 5 7 9
5 10 5 5 10
10 9 7 9 7
6 10 10 6 10
9 6 5 10 10
9 6 9 8 10
9 7 5 8 9
5 10 5 7 5
5 7 5 5 10
10 9 6 9 7
8 10 10 6 10
9 6 5 10 10
9 6 9 8 7
9 7 5 8 9
10 10 5 7 9
5 10 5 5 10
10 9 7 9 7
8 10 10 6 5
9 6 5 8 10
7 6 9 8 10
9 7 5 8 9
10 8 5 7 9
5 10 5 5 10
10 9 7 9 7
8 10 10 6 9
8 6 5 10 9
9 6 9 8 5
9 7 5 8 9
10 10 5 7 9
5 10 5 5 9
10 8 7 9 7
8 10 10 6 10
9 6 5 9 9
9 6 9 8 10
9 5 5 6 9
7 10 5 7 9
5 10 5 5 10
9 9 7 9 7
8 10 10 6 10
9 6 5 10 10
9 6 9 8 10
9 7 5 8 9
10 10 5 7 9
5 10 5 5 10
10 9 7 9 7
8 10 7 6 10
9 6 5 10 10
9 6 9 8 10
9 7 5 8 9
10 10 5 7 9
5 10 5 5 9
10 9 7 9 7
8 6 10 6 9
9 6 5 10 10
9 6 6 8 10
9 7 5 8 9
10 6 5 6 9
5 5 5 5 10
10 9 7 9 7
8 10 10 6 10
9 6 5 10 10
9 6 9 8 10
9 7 5 6 9
6 10 5 7 9
5 10 5 5 10
10 9 7 9 7
8 10 10 6 5
9 6 5 10 10
9 6 9 8 10
9 7 5 8 9
10 7 5 7 9
5 10 5 5 10
10 9 7 9 7
7 7 10 6 10
9 6 5 10 10
9 6 9 8 10
9 7 5 8 9
6 10 5 7 9
5 10 5 5 10
10 9 7 9 7
8 10 10 6 10
9 6 5 10 10
9 6 9 8 10
9 7 5 8 6
10 10 5 7 9
5 9 5 5 10
10 9 7 9 7
8 8 10 6 10
9 6 5 10 10
9 6 9 8 10
9 7 5 8 9
10 10 5 7 9
5 9 5 5 10
8 9 7 9 7
8 10 7 6 10
9 6 5 10 10
8 6 9 8 10
9 7 5 8 5
10 10 5 7 9
5 5 5 5 10
10 9 7 9 5
8 10 10 6 10
9 6 5 10 10
9 6 8 8 10
9 7 5 8 9
10 10 5 7 9
5 10 5 5 10
10 9 7 9 7
8 10 10 6 10
9 6 5 10 10
9 6 6 8 10
9 7 5 8 9
10 10 5 7 9
5 10 5 5 10
10 9 7 9 7
8 10 10 6 10
9 6 5 9 10
9 6 9 8 10
9 7 5 8 9
10 10 5 7 9
5 10 5 5 10
10 9 7 9 7
8 10 10 6 10
9 6 5 10 10
9 6 7 8 10
5 7 5 8 9
10 10 5 7 9
5 10 5 5 10
10 9 7 6 7
8 10 10 6 10
9 6 5 7 10
9 6 9 8 8
9 7 5 8 9
10 10 5 7 9
5 5 5 5 10
10 8 7 9 7
7 6 10 6 10
9 6 5 10 10
9 6 9 8 10
9 7 5 8 8
7 10 5 7 9
5 10 5 5 9
10 9 7 9 7
8 10 10 6 10
9 6 5 7 10
9 6 9 8 10
9 7 5 8 9
10 10 5 7 9
5 10 5 5 10
10 9 7 9 6
8 10 10 6 8
9 6 5 10 6
9 6 7 8 10
9 7 5 8 9
9 10 5 7 9
5 10 5 5 10
9 9 7 6 7
8 10 10 6 10
9 6 5 10 8
9 6 9 8 10
9 7 5 8 9
10 10 5 7 9
5 10 5 5 10
10 9 5 9 7
8 10 10 6 9
9 6 5 10 10
9 6 9 8 10
9 7 5 8 9
10 10 5 7 9
5 9 5 5 10
10 9 7 9 7
8 10 10 6 8
9 6 5 10 10
8 6 9 8 7
9 7 5 8 9
7 10 5 7 9
5 10 5 5 10
10 9 7 9 7
8 10 10 6 10
9 6 5 10 10
9 6 9 8 6
9 7 5 8 9
10 10 5 7 9
5 6 5 5 10
10 8 7 9 7
7 10 10 6 10
9 6 5 7 10
9 6 9 8 9
9 7 5 8 9
10 7 5 7 9
5 10 5 5 10
10 9 7 9 7
8 10 9 6 10
9 6 5 10 10
9 6 9 8 10
9 7 5 8 9
10 10 5 7 9
5 9 5 5 10
10 9 7 9 7
8 10 10 6 10
9 6 5 10 10
8 6 9 8 10
9 7 5 8 9
10 10 5 7 9
5 10 5 5 10
10 9 7 9 7
8 10 10 6 10
9 6 5 10 10
9 6 7 8 10
9 7 5 8 9
10 10 5 7 9
5 10 5 5 10
10 9 5 9 6
8 10 10 6 10
9 6 5 10 6
9 6 9 8 10
9 7 5 8 9
10 10 5 7 9
5 9 5 5 10
10 9 7 9 7
8 10 6 6 10
9 6 5 10 10
9 6 9 8 10
9 7 5 8 8
10 10 5 7 9
5 10 5 5 10
10 9 7 9 7
8 10 10 6 10
9 6 5 10 10
9 6 9 8 8
9 7 5 8 9
10 10 5 6 9
5 10 5 5 10
10 6 7 9 7
8 10 10 6 10
9 6 5 10 9
9 6 9 8 10
8 7 5 8 9
10 10 5 7 9
5 10 5 5 10
10 9 7 9 7
8 10 9 6 10
9 6 5 10 10
9 6 9 8 7
9 7 5 8 9
10 10 5 7 9
5 10 5 5 10
10 9 7 8 7
8 10 10 6 10
9 6 5 7 10
9 6 9 8 10
9 7 5 8 9
7 10 5 7 9
5 6 5 5 8
10 9 7 9 7
8 10 10 6 10
8 6 5 10 10
9 6 9 8 10
9 6 5 8 9
5 10 5 7 9
5 9 5 5 10
10 9 7 5 7
8 10 10 5 10
9 6 5 10 10
9 6 9 8 10
9 7 5 8 5
10 10 5 7 9
5 10 5 5 10
10 5 7 9 7
8 10 10 6 10
9 6 5 10 10
9 6 9 8 10
9 7 5 8 9
10 10 5 7 9
5 8 5 5 10
10 9 7 9 7
5 6 10 6 10
9 6 5 10 8
9 6 9 8 10
8 7 5 8 9
10 10 5 7 9
5 10 5 5 6
6 9 7 9 7
8 10 7 6 10
9 6 5 10 8
9 6 9 8 10
9 7 5 8 9
10 7 5 7 6
5 10 5 5 10
10 9 7 9 7
8 10 10 6 10
5 6 5 10 10
9 6 9 8 10
9 7 5 8 9
9 10 5 7 9
5 10 5 5 10
10 7 7 9 7
8 8 10 6 10
9 6 5 10 10
9 6 9 8 10
9 7 5 6 9
8 10 5 7 8
5 10 5 5 10
10 9 7 9 7
8 10 8 6 10
9 6 5 10 7
9 6 9 8 9
9 7 5 8 9
10 10 5 7 9
5 10 5 5 10
6 9 7 9 7
8 10 10 6 10
9 6 5 10 10
9 6 9 8 10
9 7 5 8 9
10 7 5 7 9
5 10 5 5 10
10 7 7 7 5
7 10 10 6 10
9 6 5 10 10
9 5 9 8 5
7 7 5 8 9
10 10 5 7 8
5 10 5 5 8
10 9 7 9 7
8 10 10 6 10
9 6 5 10 10
8 6 9 8 10
9 7 5 6 9
10 10 5 7 9
5 10 5 5 10
10 9 7 9 7
8 10 9 6 10
9 5 5 10 10
7 6 9 8 10
9 7 5 8 9
10 10 5 7 9
5 10 5 5 10
10 9 7 8 7
8 10 10 6 10
9 6 5 5 10
9 6 9 8 10
9 7 5 8 9
10 10 5 7 9
5 10 5 5 10
7 9 7 9 7
8 10 7 6 9
5 6 5 9 6
9 6 9 8 10
9 7 5 8 9
10 10 5 7 9
5 10 5 5 10
7 9 7 9 7
8 10 10 6 10
9 6 5 10 10
9 6 9 8 10
8 7 5 8 9
10 7 5 7 9
5 10 5 5 10
9 9 7 9 7
8 8 8 6 10
9 6 5 10 10
9 6 9 8 10
9 7 5 8 9
10 10 5 7 9
5 10 5 5 10
10 9 7 9 7
8 10 5 6 10
9 6 5 10 10
9 6 9 8 9
9 7 5 8 9
10 9 5 7 9
5 10 5 5 10
10 9 7 9 7
8 8 10 6 10
9 6 5 10 10
9 6 9 6 10
8 7 5 8 8
10 10 5 7 9
5 10 5 5 10
10 9 5 9 7
8 10 6 6 10
9 6 5 10 10
9 6 9 6 10
7 7 5 8 9
10 10 5 7 9
5 10 5 5 10
10 9 7 9 7
8 10 8 6 10
9 6 5 10 10
9 6 9 8 10
9 7 5 8 9
6 10 5 7 9
5 10 5 5 10
10 9 7 7 7
8 5 10 6 10
9 6 5 10 10
9 6 9 8 10
9 7 5 8 9
10 10 5 7 9
5 10 5 5 10
10 9 7 9 7
8 10 10 6 7
9 6 5 10 10
9 6 9 8 10
9 7 5 8 9
10 10 5 7 9
5 10 5 5 8
9 9 7 9 7
8 10 10 6 10
9 6 5 8 10
9 6 9 8 10
9 7 5 8 6
10 10 5 7 9
5 10 5 5 10
10 9 7 9 7
8 10 10 6 10
9 6 5 7 10
9 6 9 8 10
9 7 5 8 9
10 10 5 7 9
5 10 5 5 10
8 9 7 9 7
8 7 10 6 6
9 6 5 10 10
9 6 9 7 8
9 7 5 8 9
10 10 5 7 9
5 10 5 5 10
10 9 7 9 7
8 10 10 6 10
9 6 5 7 10
9 6 9 8 10
9 7 5 6 9
10 10 5 7 9
5 10 5 5 10
10 9 7 9 7
8 10 10 6 10
9 6 5 10 10
9 6 9 7 8
9 7 5 8 9
10 9 5 7 9
5 10 5 5 10
9 9 7 9 5
8 10 9 6 10
8 6 5 10 9
9 6 9 8 6
9 7 5 8 9
10 10 5 7 9
5 10 5 5 10
10 9 7 9 7
8 10 10 6 10
9 6 5 10 10
9 6 9 8 10
9 7 5 8 9
10 10 5 7 6
5 10 5 5 10
10 9 7 9 7
8 10 10 6 10
9 6 5 10 10
9 6 9 8 10
9 7 5 8 8
10 10 5 7 9
5 10 5 5 10
10 9 7 9 7
8 10 10 6 10
9 6 5 10 10
9 6 9 8 10
9 7 5 8 9
10 10 5 7 9
5 10 5 5 10
10 9 7 9 7
8 10 10 6 10
9 6 5 10 10
9 6 9 8 10
9 7 5 8 9
10 10 5 7 9
5 10 5 5 10
10 9 7 9 7
8 10 10 6 10
8 6 5 10 10
9 6 9 6 10
9 7 5 8 9
8 10 5 7 9
5 10 5 5 10
10 9 7 9 7
8 10 9 6 10
9 6 5 10 10
9 6 9 8 6
9 7 5 8 9
10 10 5 7 9
5 10 5 5 10
9 9 7 9 7
8 10 10 6 10
9 6 5 10 10
9 6 9 8 10
9 7 5 8 9
8 10 5 7 9
5 6 5 5 8
10 9 7 9 7
8 10 10 6 10
9 6 5 10 6
9 6 9 8 7
9 7 5 8 9
10 10 5 7 9
5 6 5 5 10
10 9 7 9 7
5 9 9 6 9
9 6 5 10 9
9 6 9 8 10
9 7 5 8 9
10 10 5 7 9
5 10 5 5 10
10 9 7 9 7
8 10 10 6 10
9 6 5 10 10
9 6 9 8 10
9 7 5 8 9
8 10 5 7 9
5 7 5 5 10
10 9 7 9 7
8 10 10 6 10
9 6 5 10 10
9 6 7 8 10
9 7 5 8 9
10 9 5 7 9
5 10 5 5 10
10 9 7 9 7
8 10 10 6 10
9 6 5 7 10
9 6 9 6 10
9 7 5 8 9
10 10 5 7 9
5 10 5 5 10
10 9 7 9 7
8 10 10 6 10
9 6 5 10 5
9 6 9 8 10
9 7 5 8 9
9 10 5 7 9
5 8 5 5 10
10 9 7 9 7
8 10 10 6 10
9 6 5 10 10
9 6 9 8 10
9 7 5 8 9
10 10 5 7 9
5 10 5 5 10
10 9 7 9 7
8 10 10 6 10
9 6 5 10 10
9 6 9 8 5
7 7 5 8 9
9 10 5 7 9
5 10 5 5 9
10 9 7 9 7
8 10 10 6 10
9 6 5 10 10
9 6 9 8 10
9 7 5 8 9
10 10 5 7 9
5 5 5 5 10
10 9 7 9 7
8 10 10 6 5
9 6 5 10 10
5 6 9 8 10
9 7 5 8 9
6 10 5 7 9
5 10 5 5 8
10 9 7 9 7
8 10 8 6 10
9 6 5 10 10
9 6 9 8 10
9 7 5 8 9
10 10 5 7 9
5 10 5 5 10
10 9 7 9 7
8 10 10 6 10
9 6 5 10 10
9 6 9 8 10
9 7 5 8 9
10 10 5 7 9
5 10 5 5 10
10 9 7 9 7
8 10 10 6 7
9 6 5 9 10
9 6 9 8 10
9 7 5 8 9
8 6 5 7 9
5 10 5 5 10
10 9 7 9 7
8 10 10 6 10
9 6 5 10 10
9 6 9 8 10
9 7 5 8 9
10 10 5 7 9
5 5 5 5 10
7 9 7 9 7
8 10 10 6 10
9 6 5 10 10
9 6 9 8 10
9 7 5 8 9
10 10 5 7 9
5 10 5 5 10
10 9 7 8 7
8 10 10 6 10
9 6 5 10 10
8 6 9 8 10
9 7 5 8 9
10 10 5 7 9
5 7 5 5 10
5 8 7 7 7
8 10 10 6 8
9 6 5 10 10
8 6 9 8 10
9 7 5 8 9
10 10 5 7 9
5 10 5 5 10
10 9 7 9 7
8 10 10 6 10
9 6 5 10 10
9 6 6 8 10
9 7 5 8 9
10 10 5 7 9
5 10 5 5 10
10 9 7 9 5
8 10 10 6 10
9 6 5 10 10
9 6 9 7 10
9 7 5 8 9
7 9 5 7 9
5 5 5 5 10
10 9 7 9 7
8 10 10 6 10
6 6 5 9 10
9 6 9 8 10
9 7 5 8 9
10 10 5 7 9
5 10 5 5 10
10 9 7 9 7
8 10 8 6 10
9 6 5 10 10
9 6 9 8 10
9 7 5 8 9
10 10 5 7 9
5 10 5 5 10
10 9 7 9 7
8 10 10 6 10
9 6 5 10 10
9 6 9 8 10
9 7 5 8 9
10 10 5 7 9
5 9 5 5 10
10 9 7 9 7
8 10 10 6 8
9 6 5 10 9
9 6 6 8 6
9 7 5 8 9
10 10 5 7 9
5 6 5 5 9
10 9 7 9 7
8 10 10 6 10
8 6 5 7 10
9 6 9 8 10
9 7 5 8 5
10 10 5 7 9
5 10 5 5 10
10 9 7 9 7
8 10 10 6 10
9 6 5 6 10
9 6 9 8 10
9 7 5 8 9
10 6 5 7 9
5 9 5 5 10
10 9 7 9 7
8 10 10 6 10
9 6 5 10 10
9 6 9 8 10
9 7 5 8 9
10 10 5 7 9
5 9 5 5 8
10 9 7 9 7
8 9 10 6 10
9 6 5 10 10
8 6 9 8 10
9 7 5 8 9
10 10 5 7 9
5 10 5 5 10
10 9 7 9 7
8 10 10 6 5
9 6 5 10 10
9 6 9 8 10
9 7 5 8 9
10 10 5 7 9
5 7 5 5 10
10 9 7 9 7
7 10 10 6 10
9 6 5 10 10
9 6 9 8 10
9 6 5 8 9
9 10 5 7 9
5 10 5 5 10
10 9 7 9 7
8 10 10 6 10
9 6 5 10 10
9 6 9 8 10
9 7 5 8 9
6 10 5 7 9
5 10 5 5 10
8 9 7 9 7
8 10 10 6 10
9 6 5 10 10
9 6 9 8 10
9 7 5 8 9
9 10 5 7 9
5 10 5 5 10
10 9 7 9 7
8 10 10 6 10
9 6 5 10 10
7 6 9 8 10
5 7 5 8 9
10 10 5 7 9
5 10 5 5 10
10 9 7 9 7
7 10 10 6 9
9 6 5 10 10
9 6 9 8 10
9 7 5 8 9
8 10 5 7 9
5 10 5 5 10
10 9 7 6 7
8 10 10 6 10
9 6 5 10 10
9 6 9 8 10
9 7 5 8 9
10 10 5 7 9
5 10 5 5 7
10 8 7 9 7
8 10 10 6 10
9 6 5 10 10
9 6 9 8 10
9 7 5 8 9
10 10 5 7 5
5 10 5 5 10
10 9 7 8 7
8 10 10 6 10
9 6 5 8 10
8 6 9 8 10
9 7 5 8 8
8 10 5 7 9
5 10 5 5 10
10 9 7 9 7
8 10 10 6 10
9 6 5 10 10
9 6 9 5 8
9 7 5 8 9
10 10 5 7 9
5 10 5 5 10
10 9 7 9 7
7 10 10 6 10
9 6 5 10 9
9 6 9 8 10
6 7 5 8 9
10 10 5 7 9
5 8 5 5 5
10 9 7 9 7
8 10 10 6 10
9 6 5 10 10
9 6 9 8 9
9 7 5 8 9
10 10 5 7 9
5 10 5 5 9
10 9 7 9 7
8 10 10 6 10
9 6 5 10 10
9 6 9 8 10
9 7 5 8 9
10 10 5 7 9
5 10 5 5 10
10 9 7 9 7
8 10 10 6 10
9 6 5 10 10
9 6 9 8 9
8 7 5 8 9
10 10 5 7 9
5 10 5 5 5
10 9 7 9 7
8 10 10 6 10
9 6 5 10 10
9 6 9 8 10
9 7 5 8 8
9 10 5 7 9
5 10 5 5 10
9 9 7 6 6
8 6 10 6 10
9 6 5 10 8
9 6 9 8 10
8 7 5 8 9
10 10 5 7 7
5 10 5 5 10
10 9 7 9 7
8 10 10 6 8
9 6 5 10 10
9 6 9 8 10
9 7 5 8 7
10 10 5 7 9
5 10 5 5 10
10 9 7 9 7
8 7 10 6 10
9 6 5 10 10
9 6 7 8 9
9 7 5 8 9
10 10 5 7 6
5 10 5 5 10
10 6 7 9 7
8 9 10 6 10
9 6 5 10 8
9 6 9 8 10
9 7 5 8 9
10 10 5 7 9
5 10 5 5 10
10 9 7 9 7
8 10 10 6 10
9 6 5 10 10
9 6 9 8 9
9 7 5 8 9
9 10 5 7 9
5 10 5 5 8
10 9 7 9 7
8 10 10 6 10
9 6 5 10 10
9 6 9 8 10
9 7 5 8 9
10 10 5 7 5
5 10 5 5 10
10 9 7 9 7
8 10 10 6 10
9 6 5 10 10
9 6 9 8 10
9 7 5 8 9
8 10 5 7 9
5 10 5 5 10
10 9 7 9 7
8 10 10 6 10
9 6 5 10 10
9 6 9 6 10
7 7 5 6 9
10 10 5 7 9
5 10 5 5 10
10 9 7 9 7
8 10 10 6 10
9 6 5 10 10
9 6 9 8 10
9 7 5 8 9
10 7 5 7 9
5 10 5 5 7
10 9 7 9 7
8 9 10 6 10
9 6 5 10 10
9 6 9 8 10
9 7 5 8 9
10 10 5 6 9
5 10 5 5 10
10 9 7 9 7
6 10 10 6 6
9 6 5 10 10
9 6 9 8 10
9 7 5 8 7
8 10 5 7 9
5 10 5 5 10
10 9 7 9 7
8 10 10 6 10
9 6 5 10 10
9 6 9 8 10
9 7 5 8 9
10 10 5 7 9
5 10 5 5 10
10 9 7 9 7
8 10 10 6 10
9 6 5 10 10
9 6 9 8 10
9 7 5 8 9
10 8 5 7 9
5 10 5 5 10
10 9 7 9 7
8 10 10 6 10
9 6 5 10 10
6 6 9 8 10
9 7 5 8 9
10 10 5 7 9
5 10 5 5 10
10 7 7 7 7
8 8 9 6 10
9 6 5 10 10
8 6 9 8 10
9 7 5 8 9
10 10 5 7 9
5 10 5 5 10
10 9 7 9 7
8 10 6 6 10
9 6 5 10 10
9 6 9 8 10
9 7 5 8 9
10 10 5 7 9
5 9 5 5 10
10 9 7 9 7
8 10 10 6 6
9 6 5 8 10
9 6 9 8 6
9 7 5 8 9
7 10 5 7 9
5 10 5 5 10
10 9 7 9 7
8 10 10 6 10
9 6 5 10 10
7 6 9 8 10
9 7 5 8 9
7 10 5 7 9
5 10 5 5 10
10 9 7 9 7
8 8 5 6 10
9 6 5 10 10
9 6 9 8 10
7 7 5 8 9
10 10 5 7 9
5 10 5 5 10
6 9 7 9 7
8 10 9 6 10
9 6 5 10 9
9 6 9 8 10
9 7 5 8 9
10 10 5 7 9
5 6 5 5 10
10 9 7 9 7
8 10 10 6 10
9 6 5 10 10
9 6 9 8 10
9 7 5 8 9
9 10 5 7 9
5 10 5 5 10
10 9 7 9 7
8 10 10 6 10
9 6 5 10 10
9 6 9 8 7
9 7 5 8 9
10 10 5 7 5
5 10 5 5 10
7 9 7 9 7
8 10 8 6 10
9 6 5 10 10
9 6 9 8 10
9 7 5 8 9
10 10 5 7 9
5 10 5 5 10
9 9 7 9 7
8 10 10 6 8
9 6 5 10 10
9 6 6 7 10
9 7 5 8 9
10 10 5 7 9
5 9 5 5 6
10 9 7 9 7
8 6 10 6 10
9 6 5 10 10
9 6 9 8 10
9 7 5 8 9
10 10 5 7 6
5 10 5 5 10
10 9 7 9 7
8 10 9 6 10
9 6 5 10 10
8 6 9 8 10
9 7 5 8 9
10 10 5 7 9
5 10 5 5 10
10 9 7 9 7
8 10 10 6 10
9 6 5 10 10
9 6 9 8 10
9 7 5 8 9
10 10 5 7 9
5 10 5 5 10
10 9 7 9 7
8 10 10 6 10
9 6 5 10 10
9 6 9 8 10
9 7 5 8 9
10 10 5 7 9
5 10 5 5 10
9 9 7 9 7
8 10 10 6 10
9 5 5 10 10
8 6 8 8 10
9 7 5 8 9
7 8 5 7 9
5 5 5 5 7
10 9 7 9 7
8 10 10 6 10
9 6 5 10 7
9 6 9 8 10
9 7 5 8 9
10 7 5 7 9
5 10 5 5 10
10 9 7 9 7
8 10 10 6 10
9 6 5 10 10
9 6 9 8 10
9 7 5 8 9
10 10 5 7 9
5 10 5 5 10
10 9 7 9 7
7 10 10 6 9
9 6 5 10 10
9 6 9 8 10
9 7 5 8 9
10 10 5 7 9
5 10 5 5 10
10 9 7 9 7
8 10 10 6 10
9 6 5 10 10
9 6 9 8 5
9 7 5 8 9
10 10 5 7 9
5 10 5 5 10
10 9 7 9 7
8 10 5 6 10
9 6 5 10 10
8 6 8 8 8
9 7 5 8 9
10 10 5 7 9
5 10 5 5 10
10 5 7 9 7
8 10 10 6 10
9 6 5 10 10
9 6 6 8 10
9 7 5 8 9
10 10 5 7 7
5 10 5 5 10
10 9 7 9 7
8 10 10 6 8
9 6 5 10 10
6 6 9 8 10
9 7 5 7 9
10 10 5 7 9
5 10 5 5 10
10 9 7 9 7
8 10 10 6 10
9 6 5 10 10
9 6 9 8 9
9 7 5 8 9
8 10 5 7 7
5 10 5 5 10
10 9 7 9 7
8 10 5 6 10
9 6 5 10 10
9 6 9 8 10
9 7 5 8 9
10 10 5 7 9
5 10 5 5 10
10 9 7 9 7
7 10 10 6 10
9 6 5 10 10
9 6 9 8 8
5 7 5 8 9
10 10 5 6 9
5 10 5 5 5
10 9 7 9 7
8 10 10 6 8
9 6 5 10 10
9 6 9 8 10
9 7 5 8 8
10 5 5 7 9
5 9 5 5 10
10 9 7 9 7
8 7 10 6 10
9 6 5 8 6
9 6 9 8 10
9 7 5 8 9
10 10 5 7 9
5 10 5 5 6
9 9 7 9 7
8 10 10 6 10
9 6 5 10 10
9 6 9 8 10
9 7 5 8 9
10 10 5 7 9
5 10 5 5 10
10 9 7 8 7
8 10 6 6 10
9 6 5 7 9
9 6 9 8 10
9 7 5 5 9
9 7 5 7 9
5 8 5 5 10
10 9 7 8 7
7 10 9 6 10
9 6 5 10 10
7 6 9 8 10
9 7 5 8 9
10 10 5 7 9
5 8 5 5 10
10 9 7 9 7
8 10 8 6 10
9 6 5 10 10
9 6 9 8 10
9 7 5 8 9
9 10 5 7 9
5 10 5 5 10
10 9 7 9 7
8 10 6 6 10
9 6 5 10 10
9 6 9 5 9
9 7 5 8 9
10 10 5 7 9
5 10 5 5 10
10 9 7 8 7
8 10 10 6 10
9 6 5 10 10
9 6 9 8 10
9 7 5 8 9
10 10 5 7 9
5 10 5 5 10
10 9 7 9 7
8 10 10 6 10
9 6 5 10 10
9 6 9 8 9
9 7 5 8 9
10 10 5 7 9
5 10 5 5 10
8 9 7 9 7
8 6 10 6 10
9 6 5 10 10
9 6 5 8 10
9 6 5 8 9
10 10 5 7 7
5 10 5 5 10
10 9 7 9 7
8 10 10 6 10
9 6 5 10 9
9 6 9 8 10
9 7 5 8 9
10 10 5 7 9
5 10 5 5 10
10 9 7 9 7
8 10 10 6 10
9 6 5 7 10
9 6 9 8 10
9 6 5 8 8
10 10 5 7 7
5 10 5 5 10
10 9 7 9 7
8 10 10 6 10
9 6 5 10 10
9 6 9 8 10
9 7 5 8 6
10 10 5 7 9
5 10 5 5 10
10 9 7 9 7
7 10 10 6 10
9 6 5 9 10
9 6 9 6 10
9 7 5 8 7
10 10 5 7 9
5 10 5 5 10
10 9 7 9 7
8 10 10 6 10
9 6 5 10 10
9 6 9 8 10
9 7 5 8 9
10 10 5 7 9
5 10 5 5 7
10 9 7 9 7
8 10 10 6 8
9 6 5 5 9
9 6 7 8 10
9 7 5 8 9
10 10 5 7 9
5 9 5 5 10
10 9 7 9 7
8 10 10 6 10
9 6 5 10 10
9 6 9 8 10
9 7 5 8 9
10 10 5 7 9
5 6 5 5 10
10 9 7 9 5
8 10 10 6 10
9 6 5 10 10
9 6 6 8 10
9 7 5 7 9
10 10 5 7 9
5 10 5 5 9
10 9 7 9 7
8 10 10 6 10
9 6 5 10 10
9 6 9 8 10
9 7 5 8 9
10 10 5 7 7
5 10 5 5 10
10 9 7 9 7
8 10 10 6 10
9 6 5 10 10
9 6 9 8 9
9 7 5 8 9
10 10 5 7 9
5 10 5 5 10
10 9 7 9 7
8 10 10 6 10
9 6 5 10 10
5 6 9 8 9
9 7 5 8 9
10 10 5 7 9
5 10 5 5 10
10 9 7 8 7
8 8 9 6 10
9 6 5 10 10
9 6 9 8 8
9 7 5 8 9
10 10 5 7 9
5 10 5 5 10
9 7 7 8 7
8 10 8 6 6
9 6 5 10 10
9 6 9 8 10
9 7 5 8 8
10 10 5 7 9
5 10 5 5 10
10 9 7 9 7
8 10 10 6 8
9 6 5 10 10
9 6 9 8 10
9 7 5 8 9
10 10 5 7 9
5 10 5 5 10
10 9 7 9 5
8 7 10 6 10
7 6 5 6 10
8 6 9 8 10
9 7 5 8 8
10 7 5 7 9
5 9 5 5 10
10 9 7 7 7
7 10 10 6 10
9 6 5 7 10
9 6 9 8 10
9 7 5 8 9
10 8 5 7 9
5 10 5 5 10
10 9 7 9 7
7 10 10 6 10
9 6 5 10 7
9 6 9 8 10
9 5 5 8 9
10 10 5 7 9
5 8 5 5 10
10 9 7 9 7
8 10 10 6 10
9 6 5 10 10
9 6 9 8 9
7 7 5 8 9
5 10 5 7 9
5 10 5 5 10
10 9 7 8 7
8 10 10 6 10
9 6 5 10 10
9 6 9 8 10
9 7 5 8 9
10 10 5 7 7
5 10 5 5 10
10 9 5 9 7
8 10 10 6 10
9 6 5 10 7
9 6 9 8 10
9 7 5 8 9
10 10 5 7 9
5 10 5 5 10
10 9 7 9 7
8 10 10 6 10
9 6 5 10 10
9 6 6 8 10
9 7 5 8 9
10 10 5 7 9
5 10 5 5 10
9 9 7 9 7
8 10 10 6 10
9 6 5 10 10
9 6 9 8 10
9 7 5 8 9
8 10 5 7 9
5 10 5 5 10
10 9 7 9 7
8 10 10 6 10
9 6 5 10 10
5 6 9 8 10
9 7 5 8 9
10 7 5 7 9
5 10 5 5 10
10 9 7 9 7
8 10 10 6 9
9 6 5 10 10
9 6 8 8 10
9 7 5 8 9
10 10 5 7 9
5 10 5 5 10
10 9 7 9 7
8 7 8 6 10
9 6 5 6 10
8 6 9 8 10
9 7 5 8 9
9 10 5 7 9
5 10 5 5 10
10 9 7 9 7
8 10 10 6 10
9 6 5 9 10
9 6 9 8 9
9 7 5 8 9
10 10 5 7 9
5 10 5 5 10
10 9 7 9 7
8 10 10 6 10
9 6 5 10 5
9 6 9 8 6
9 7 5 8 9
10 10 5 7 9
5 10 5 5 10
10 9 7 9 7
8 10 10 6 10
9 6 5 10 10
9 6 9 8 10
9 7 5 8 9
9 10 5 7 9
5 10 5 5 10
10 9 7 9 6
8 10 10 6 6
9 6 5 10 6
9 6 9 8 10
9 7 5 8 9
10 10 5 7 9
5 10 5 5 10
10 9 7 9 6
8 10 10 6 10
9 6 5 10 10
9 6 9 8 10
9 7 5 8 9
10 10 5 7 9
5 10 5 5 10
7 9 7 9 7
8 10 10 6 10
9 6 5 10 10
9 6 9 8 10
9 5 5 8 8
10 10 5 7 9
5 10 5 5 10
10 9 7 9 7
8 10 10 6 10
9 6 5 10 10
8 6 9 8 10
9 7 5 8 8
10 10 5 7 9
5 10 5 5 8
10 9 7 9 7
8 10 5 6 8
9 6 5 10 10
9 6 9 8 10
9 7 5 8 9
10 10 5 7 9
5 7 5 5 9
10 9 7 9 7
8 10 10 6 10
9 6 5 10 10
9 6 9 8 10
9 7 5 8 9
10 10 5 7 9
5 10 5 5 10
10 9 7 9 7
8 8 10 6 10
9 6 5 10 10
9 6 9 8 10
9 7 5 8 9
5 10 5 7 9
5 10 5 5 10
10 9 7 9 7
7 10 10 6 10
9 6 5 10 10
9 6 9 8 10
9 7 5 8 9
10 10 5 7 9
5 10 5 5 10
10 9 7 9 7
8 10 10 6 10
9 6 5 10 10
9 6 9 8 10
9 7 5 8 9
10 10 5 7 9
5 8 5 5 9
10 9 7 9 7
8 10 10 6 10
9 6 5 10 10
9 6 9 8 10
9 7 5 8 5
9 6 5 7 9
5 10 5 5 10
10 9 7 9 7
8 5 10 6 10
9 6 5 10 8
7 6 9 8 10
9 7 5 8 9
9 10 5 7 9
5 10 5 5 9
10 9 7 9 7
8 8 10 6 10
8 6 5 10 5
9 6 9 8 10
9 7 5 8 9
9 10 5 7 9
5 10 5 5 10
10 9 7 9 7
8 10 10 6 6
9 6 5 10 10
9 6 9 8 10
9 7 5 8 9
10 10 5 7 9
5 10 5 5 10
10 9 7 9 7
8 10 10 6 10
7 6 5 10 10
9 6 9 8 10
9 7 5 8 9
10 10 5 7 6
5 10 5 5 10
10 9 7 9 7
8 10 10 6 8
9 6 5 6 10
9 6 9 8 10
9 7 5 8 9
10 10 5 7 9
5 10 5 5 10
10 9 7 9 7
8 10 10 6 10
9 6 5 7 10
9 6 9 8 9
9 7 5 8 9
10 10 5 7 9
5 10 5 5 10
10 9 7 9 7
8 10 10 6 10
9 6 5 10 10
9 6 9 8 10
9 7 5 8 9
10 10 5 7 9
5 10 5 5 10
10 9 7 9 7
8 9 10 6 9
9 6 5 10 10
9 6 9 8 9
9 7 5 8 9
10 10 5 5 9
5 10 5 5 10
10 9 7 9 7
8 10 10 6 10
9 6 5 10 10
9 6 9 5 8
9 7 5 8 9
10 10 5 7 9
5 10 5 5 6
10 5 7 9 7
8 10 10 6 10
9 6 5 6 10
9 6 6 8 10
9 7 5 8 9
10 10 5 7 9
5 5 5 5 10
10 9 7 9 7
8 10 7 6 10
9 6 5 10 10
9 6 9 8 10
9 7 5 8 9
10 10 5 7 9
5 6 5 5 8
10 7 7 9 7
8 10 10 6 10
9 6 5 10 10
9 6 9 8 10
9 7 5 6 9
10 6 5 7 9
5 10 5 5 10
10 9 7 9 6
8 10 6 6 10
8 6 5 10 10
9 6 9 8 9
9 7 5 8 9
10 10 5 7 9
5 10 5 5 10
10 9 7 9 5
8 10 7 6 10
9 6 5 10 10
9 6 9 8 10
9 7 5 8 9
10 10 5 7 9
5 9 5 5 10
10 9 7 9 7
8 10 10 6 10
9 6 5 10 10
9 6 9 8 10
9 7 5 8 9
10 10 5 5 9
5 10 5 5 7
10 8 7 9 7
8 10 10 6 9
9 6 5 10 10
9 6 9 8 10
9 7 5 8 9
10 10 5 7 9
5 10 5 5 10
10 9 7 9 7
8 10 9 6 10
9 6 5 10 10
9 6 9 8 10
9 7 5 8 9
10 10 5 7 9
5 10 5 5 10
10 9 7 9 7
8 10 10 6 10
8 6 5 10 10
9 6 9 7 9
9 7 5 8 9
10 8 5 7 9
5 10 5 5 10
10 9 7 9 7
8 10 10 6 10
9 6 5 10 10
9 6 9 8 10
9 7 5 8 9
10 10 5 7 9
5 10 5 5 10
10 9 7 9 7
8 10 10 6 10
9 6 5 10 10
9 6 6 8 10
9 7 5 5 9
10 10 5 7 9
5 10 5 5 9
10 9 7 9 7
8 10 8 6 10
9 6 5 10 9
9 6 9 8 10
9 7 5 8 9
10 10 5 7 9
5 10 5 5 10
10 9 7 9 7
8 10 10 6 10
9 6 5 10 10
9 6 9 8 10
9 7 5 8 9
10 7 5 7 9
5 6 5 5 10
9 9 7 9 6
8 10 10 6 10
9 6 5 10 5
9 6 5 8 10
9 7 5 5 9
10 10 5 7 9
5 10 5 5 9
10 9 7 9 7
8 10 7 6 10
9 6 5 10 10
9 6 9 6 8
9 7 5 8 9
10 10 5 7 9
5 10 5 5 10
10 9 7 9 7
8 10 10 6 10
9 6 5 10 10
9 6 9 8 10
9 7 5 6 9
10 10 5 7 9
5 10 5 5 10
10 9 5 9 5
8 10 5 6 10
9 6 5 10 10
9 6 9 6 10
9 7 5 8 9
10 10 5 7 9
5 10 5 5 6
10 9 7 8 7
8 10 7 6 10
9 6 5 10 10
9 6 9 8 10
9 7 5 8 9
10 10 5 7 9
5 10 5 5 10
10 9 7 8 7
8 10 10 6 10
8 6 5 5 10
9 6 9 8 10
9 7 5 8 9
9 10 5 7 9
5 10 5 5 10
10 9 7 9 7
8 10 10 6 10
9 6 5 10 7
9 6 9 8 10
9 7 5 8 9
10 10 5 7 9
5 10 5 5 10
10 9 7 9 7
8 10 10 6 10
9 6 5 6 10
9 6 9 8 9
9 7 5 8 9
10 10 5 7 9
5 10 5 5 10
10 9 7 9 7
8 10 5 6 10
9 6 5 10 10
9 6 9 8 10
9 7 5 8 9
10 7 5 5 9
5 10 5 5 10
10 9 7 7 7
8 10 10 6 10
9 6 5 10 10
9 6 9 8 10
9 7 5 8 9
10 10 5 7 9
5 10 5 5 10
10 9 7 9 7
8 10 10 6 10
9 6 5 10 10
9 6 9 8 10
9 7 5 8 9
10 10 5 7 9
5 10 5 5 10
9 9 7 9 7
8 10 10 6 10
9 6 5 10 10
9 6 9 8 10
9 7 5 8 9
10 10 5 7 7
5 10 5 5 10
10 9 7 8 7
8 10 9 6 10
9 6 5 5 10
9 6 9 8 10
9 7 5 8 9
10 10 5 7 9
5 10 5 5 10
10 9 7 9 7
8 10 10 6 9
9 6 5 10 10
9 6 9 8 10
6 7 5 8 9
8 10 5 7 9
5 10 5 5 10
10 9 7 9 7
8 10 7 6 5
9 6 5 10 10
8 6 9 8 10
9 7 5 8 9
10 10 5 7 9
5 10 5 5 10
10 9 7 9 7
8 10 10 6 10
9 6 5 10 9
9 6 9 7 10
9 7 5 8 9
9 7 5 7 9
5 9 5 5 7
10 9 7 9 7
8 10 10 6 7
9 6 5 10 10
9 6 9 8 10
9 7 5 8 9
10 8 5 7 9
5 10 5 5 10
10 9 7 9 7
8 10 10 6 9
7 6 5 10 9
9 6 9 8 10
9 7 5 8 9
9 10 5 7 9
5 10 5 5 10
10 9 7 9 7
6 10 10 6 10
9 6 5 10 10
9 6 9 8 10
9 7 5 6 9
10 10 5 7 9
5 10 5 5 8
10 9 7 9 7
8 6 9 6 10
9 6 5 10 10
9 6 9 7 10
9 7 5 8 8
10 10 5 7 9
5 10 5 5 10
10 9 7 9 7
8 10 10 6 10
9 6 5 10 10
9 6 7 8 10
9 7 5 8 9
10 10 5 6 9
5 10 5 5 10
10 9 7 9 7
8 10 10 5 10
9 6 5 10 10
9 6 9 8 5
9 7 5 8 9
10 10 5 7 9
5 10 5 5 10
10 9 7 9 7
8 10 10 6 10
9 6 5 10 10
9 6 9 8 10
9 7 5 8 9
10 9 5 7 8
5 10 5 5 10
10 9 7 9 7
8 10 10 6 10
9 6 5 10 10
9 6 9 8 10
8 7 5 8 9
9 10 5 7 9
5 10 5 5 10
10 9 7 9 7
8 10 10 6 10
9 6 5 10 10
9 6 9 8 10
9 7 5 8 9
10 10 5 7 5
5 10 5 5 10
10 9 7 7 7
8 10 10 6 10
9 6 5 10 10
7 6 9 8 10
9 7 5 8 9
10 5 5 7 9
5 10 5 5 10
10 9 7 9 7
8 10 10 6 9
9 6 5 10 10
9 6 9 8 10
9 5 5 8 9
10 10 5 7 7
5 10 5 5 10
10 7 7 9 7
8 10 10 6 10
9 6 5 10 10
8 6 6 8 10
9 7 5 8 9
9 10 5 7 9
5 10 5 5 10
10 9 7 5 7
8 10 10 6 10
9 6 5 10 10
7 6 9 8 10
9 7 5 8 9
10 10 5 7 9
5 8 5 5 10
10 9 7 9 7
8 10 10 6 10
7 6 5 10 7
9 6 9 8 9
9 7 5 8 9
7 10 5 7 9
5 10 5 5 10
9 9 7 9 7
8 10 10 6 10
9 6 5 10 10
9 6 9 8 10
7 7 5 8 9
10 9 5 7 9
5 10 5 5 10
10 9 7 9 7
7 10 10 6 10
9 6 5 9 10
9 6 8 8 10
9 7 5 8 6
10 10 5 7 9
5 10 5 5 10
10 9 7 9 7
8 10 10 6 10
9 6 5 10 10
9 6 9 8 10
9 7 5 8 9
10 10 5 7 9
5 10 5 5 10
10 9 7 9 7
8 10 10 6 10
9 6 5 10 9
9 6 9 8 10
8 7 5 8 9
8 10 5 7 9
5 10 5 5 10
10 9 7 9 7
8 10 10 6 10
9 6 5 10 10
9 6 9 8 10
9 7 5 8 9
10 10 5 7 9
5 9 5 5 10
10 8 7 7 6
8 10 10 6 10
9 6 5 10 10
9 6 9 8 10
9 7 5 8 9
9 10 5 7 9
5 10 5 5 7
10 9 7 9 7
8 10 10 6 10
9 6 5 10 9
9 6 9 8 10
9 7 5 8 8
9 10 5 7 9
5 10 5 5 10
10 9 7 9 7
8 10 10 6 8
9 6 5 10 10
9 6 9 8 10
9 7 5 8 9
10 8 5 7 9
5 7 5 5 10
10 9 7 9 7
8 10 10 6 10
9 6 5 9 9
9 6 9 8 7
9 7 5 8 9
7 10 5 6 9
5 10 5 5 10
10 9 7 9 7
8 8 10 6 10
9 6 5 10 8
5 6 9 8 10
6 7 5 8 5
10 10 5 7 9
5 10 5 5 10
10 9 7 9 7
8 10 8 6 10
9 6 5 7 10
9 6 9 5 10
8 6 5 8 9
10 7 5 7 9
5 10 5 5 10
10 9 7 9 7
8 10 10 6 8
9 6 5 10 8
6 6 9 8 10
9 7 5 8 9
10 10 5 7 9
5 10 5 5 10
10 9 7 9 7
8 10 10 6 10
9 6 5 10 10
9 6 9 8 9
9 7 5 8 9
10 10 5 7 9
5 6 5 5 10
10 9 7 9 7
8 10 10 6 10
7 6 5 10 10
9 6 9 8 10
9 7 5 8 9
10 10 5 7 9
5 10 5 5 10
10 9 5 8 7
8 9 10 6 10
9 6 5 10 10
9 6 9 8 10
9 7 5 8 9
10 10 5 7 9
5 10 5 5 10
8 9 7 9 7
8 10 10 6 10
9 6 5 10 10
9 6 9 8 7
9 7 5 8 9
10 6 5 7 9
5 9 5 5 10
6 8 7 9 7
8 7 10 6 10
9 6 5 10 10
9 6 9 8 10
9 7 5 8 9
10 10 5 7 9
5 10 5 5 10
10 9 7 9 7
8 10 9 6 8
9 6 5 10 10
9 6 9 8 10
9 7 5 8 9
10 10 5 7 8
5 10 5 5 10
10 9 7 9 7
8 10 9 6 10
9 6 5 10 10
9 6 9 8 10
9 7 5 6 9
10 10 5 7 9
5 10 5 5 10
10 9 7 9 7
8 10 10 6 10
9 6 5 10 9
9 6 9 8 10
9 7 5 7 9
10 10 5 7 6
5 10 5 5 8
10 6 7 9 7
8 9 10 6 10
9 6 5 10 10
9 6 9 8 10
9 7 5 8 9
10 10 5 7 9
5 10 5 5 10
7 9 7 9 7
8 10 6 6 10
9 6 5 9 10
9 6 9 8 7
8 7 5 8 9
10 10 5 7 8
5 8 5 5 10
10 9 7 9 7
8 10 10 6 10
9 6 5 10 10
9 6 9 8 10
9 7 5 8 9
10 8 5 7 9
5 10 5 5 10
10 9 7 6 7
8 10 10 6 10
9 6 5 9 6
7 6 9 8 10
9 7 5 8 5
9 7 5 7 8
5 10 5 5 10
10 9 7 9 7
7 10 10 6 10
9 6 5 10 10
9 6 9 8 10
5 7 5 8 9
10 10 5 7 9
5 10 5 5 10
10 9 7 9 7
8 7 10 6 10
9 6 5 10 10
9 6 9 8 10
9 7 5 8 9
7 10 5 7 8
5 10 5 5 10
7 8 7 9 7
8 10 5 6 10
9 6 5 10 10
9 6 9 8 10
9 7 5 8 9
10 10 5 7 9
5 10 5 5 10
10 9 7 9 7
8 5 10 6 10
9 6 5 10 10
9 6 9 8 10
9 7 5 5 9
10 10 5 5 9
5 10 5 5 10
10 9 7 9 7
8 10 10 6 10
9 6 5 10 10
9 6 9 8 10
9 7 5 8 9
10 10 5 7 9
5 10 5 5 10
10 9 7 9 7
8 10 10 6 10
9 6 5 10 10
9 6 6 8 10
9 7 5 8 9
10 10 5 7 9
5 10 5 5 10
10 9 7 5 7
8 7 10 6 10
9 6 5 10 10
9 6 9 8 10
9 7 5 8 9
10 10 5 7 9
5 10 5 5 10
10 6 7 9 7
6 10 9 6 10
9 6 5 10 10
9 6 9 8 10
9 7 5 8 9
10 8 5 7 9
5 9 5 5 10
6 8 7 9 7
6 10 10 6 9
9 6 5 10 10
9 6 9 8 10
9 7 5 8 9
10 10 5 7 9
5 9 5 5 10
10 9 7 9 7
8 10 10 6 10
9 6 5 8 10
9 6 9 8 6
7 7 5 7 5
10 10 5 7 6
5 10 5 5 10
9 9 7 9 7
8 10 10 6 10
9 6 5 8 10
9 6 9 8 10
9 7 5 8 7
10 10 5 7 9
5 10 5 5 10
10 9 7 9 7
8 10 10 6 10
9 6 5 10 10
9 6 9 7 10
9 7 5 8 9
10 10 5 7 9
5 10 5 5 10
10 9 7 9 7
8 10 10 6 10
9 6 5 9 10
9 6 9 8 10
9 7 5 8 9
10 10 5 7 9
5 10 5 5 10
10 9 7 9 7
8 10 10 6 10
9 6 5 9 10
9 6 9 8 10
9 7 5 8 9
10 10 5 5 9
5 10 5 5 10
10 9 7 9 6
8 10 8 6 10
9 6 5 10 10
9 6 9 8 10
9 7 5 8 9
10 10 5 7 9
5 10 5 5 10
10 8 7 9 7
8 10 10 6 10
9 6 5 10 10
8 6 9 8 10
9 7 5 8 9
10 10 5 7 9
5 10 5 5 10
10 8 7 9 7
8 10 10 6 8
9 6 5 10 9
9 5 9 8 10
9 7 5 8 9
10 10 5 7 9
5 10 5 5 10
10 9 7 9 7
8 10 10 6 10
9 6 5 10 10
9 6 9 8 10
9 7 5 8 9
10 10 5 7 9
5 10 5 5 10
10 9 7 9 7
8 10 10 6 10
9 6 5 7 10
9 6 9 8 10
9 7 5 8 9
10 10 5 7 9
5 10 5 5 9
10 9 7 9 7
7 9 10 6 10
7 6 5 5 8
9 6 9 8 10
9 7 5 8 8
10 10 5 7 9
5 7 5 5 10
10 7 7 9 7
8 10 10 6 9
7 6 5 10 10
9 6 9 8 10
9 7 5 8 9
10 8 5 7 9
5 10 5 5 10
9 9 7 9 7
8 10 10 6 8
9 6 5 10 10
9 6 9 8 10
9 7 5 8 9
10 10 5 7 9
5 10 5 5 10
10 9 7 9 7
8 10 10 6 10
9 6 5 10 10
9 6 9 8 10
9 7 5 8 9
10 10 5 6 9
5 10 5 5 10
10 9 7 9 7
8 10 7 6 6
9 6 5 6 10
9 6 9 8 10
9 7 5 8 6
10 10 5 7 9
5 10 5 5 10
10 9 7 9 7
8 10 10 6 10
9 6 5 10 10
9 6 8 8 10
9 7 5 8 9
10 10 5 7 9
5 10 5 5 8
10 9 7 9 7
8 10 10 6 10
9 6 5 10 10
9 6 9 8 10
9 7 5 8 6
9 10 5 7 9
5 10 5 5 10
10 9 7 9 7
8 10 10 6 8
9 6 5 10 9
9 6 9 8 10
9 7 5 8 9
10 10 5 7 9
5 10 5 5 10
10 9 7 9 7
8 10 10 6 6
9 6 5 10 10
8 6 9 8 10
9 7 5 8 9
10 10 5 7 9
5 10 5 5 10
10 9 7 9 7
8 10 10 6 10
9 6 5 10 10
9 6 9 8 10
9 7 5 8 8
10 10 5 7 9
5 10 5 5 7
10 9 7 9 7
8 10 10 6 10
9 6 5 10 10
9 6 9 8 10
9 7 5 8 9
10 10 5 7 9
5 7 5 5 10
10 9 7 9 7
8 10 6 6 10
9 6 5 8 10
9 6 9 8 10
9 6 5 7 9
10 10 5 7 9
5 10 5 5 10
10 8 7 9 7
8 10 10 6 10
9 6 5 10 10
9 6 9 8 10
9 7 5 8 9
10 10 5 7 9
5 10 5 5 10
10 9 7 9 7
8 10 10 6 10
9 6 5 10 10
9 6 9 8 10
9 7 5 8 9
10 10 5 7 9
5 10 5 5 10
10 9 6 9 7
8 10 10 6 10
9 6 5 10 10
9 6 9 8 10
9 7 5 8 9
10 10 5 7 7
5 8 5 5 10
10 9 7 9 7
6 10 10 6 10
9 6 5 10 10
9 6 9 8 10
9 6 5 8 8
10 10 5 7 9
5 10 5 5 10
10 9 7 7 7
8 10 10 6 6
9 6 5 10 10
8 6 9 8 10
9 7 5 8 9
10 10 5 7 9
5 10 5 5 10
10 9 7 9 7
8 10 10 6 10
7 6 5 10 10
9 6 9 8 10
9 7 5 8 9
10 10 5 7 9
5 9 5 5 10
10 9 7 9 7
8 10 10 6 9
9 6 5 10 10
9 6 5 8 10
9 7 5 8 9
6 10 5 7 9
5 10 5 5 7
10 9 7 9 7
8 10 7 6 10
9 6 5 10 10
9 6 9 8 6
9 7 5 8 9
10 10 5 7 9
5 10 5 5 8
10 9 7 9 7
8 10 10 6 10
9 6 5 10 10
7 6 9 8 10
9 7 5 8 9
10 8 5 7 9
5 10 5 5 10
10 9 7 9 7
5 10 10 6 10
9 6 5 10 5
9 6 9 8 10
9 7 5 8 9
10 10 5 7 7
5 9 5 5 10
10 9 7 9 7
8 10 8 6 10
9 6 5 10 9
9 6 9 8 10
9 7 5 8 9
10 10 5 7 9
5 10 5 5 10
10 9 7 9 7
8 9 10 6 10
9 6 5 10 10
9 6 9 8 5
9 7 5 8 9
10 9 5 7 9
5 7 5 5 8
10 9 7 9 7
8 10 10 6 10
9 6 5 10 10
9 6 9 8 10
6 7 5 8 9
8 10 5 7 9
5 10 5 5 10
8 9 7 9 7
8 10 10 6 10
9 6 5 10 10
9 6 9 8 10
9 7 5 8 9
10 10 5 7 9
5 10 5 5 10
10 9 7 6 7
8 10 10 6 10
9 6 5 10 10
9 6 9 8 7
9 7 5 8 9
9 10 5 7 9
5 10 5 5 10
10 9 7 9 7
8 10 10 6 10
9 6 5 9 10
9 6 9 8 10
9 7 5 8 9
10 10 5 7 9
5 10 5 5 10
10 9 7 9 7
8 10 10 6 10
8 6 5 10 8
9 6 9 8 7
9 7 5 6 9
10 10 5 7 9
5 9 5 5 10
10 9 7 9 7
8 10 10 6 10
9 6 5 10 10
9 6 9 6 10
9 7 5 7 9
10 5 5 7 9
5 10 5 5 10
10 9 7 9 7
8 10 10 6 10
9 6 5 9 10
9 6 9 6 7
9 7 5 8 9
10 10 5 7 9
5 10 5 5 10
10 9 7 8 7
8 10 10 6 10
9 6 5 10 6
9 6 9 8 10
8 7 5 8 9
10 8 5 7 9
5 10 5 5 10
10 9 7 9 7
8 10 10 6 10
7 6 5 7 10
9 6 9 8 10
9 6 5 8 9
10 10 5 7 9
5 10 5 5 10
9 9 7 9 7
8 10 10 6 10
9 6 5 9 10
9 6 9 8 10
9 7 5 8 9
10 10 5 7 9
5 10 5 5 10
10 9 7 9 7
8 10 10 6 10
9 6 5 10 7
9 6 9 8 10
9 6 5 8 9
10 10 5 7 9
5 10 5 5 10
10 8 7 9 7
8 10 10 6 10
9 6 5 6 10
9 6 9 8 10
9 7 5 8 9
10 10 5 7 7
5 9 5 5 10
10 9 7 9 7
8 10 10 6 10
9 6 5 10 10
9 6 8 8 9
9 7 5 8 9
10 10 5 7 9
5 5 5 5 10
10 8 7 9 7
8 10 10 6 10
9 6 5 10 10
9 6 9 8 10
9 7 5 8 9
10 10 5 7 9
5 10 5 5 10
10 9 7 9 7
8 10 9 6 10
9 6 5 10 10
9 6 8 8 10
9 7 5 8 9
10 10 5 7 9
5 7 5 5 10
10 9 7 7 7
8 8 10 5 10
9 6 5 10 10
9 6 9 8 10
6 7 5 8 9
10 10 5 7 9
5 10 5 5 10
10 9 7 9 7
8 10 10 6 10
9 6 5 10 10
9 6 9 8 10
9 7 5 8 9
10 10 5 7 9
5 10 5 5 10
7 9 7 9 7
8 10 10 5 10
9 6 5 10 10
9 6 9 8 10
9 7 5 8 7
10 10 5 7 6
5 10 5 5 10
10 9 7 9 7
8 7 7 6 10
9 6 5 10 10
9 6 9 6 10
9 7 5 8 9
10 10 5 7 9
5 10 5 5 10
10 9 7 9 7
6 10 10 6 10
9 6 5 10 9
9 6 9 8 10
9 7 5 8 9
10 10 5 7 9
5 10 5 5 10
10 9 7 9 7
8 10 10 6 10
9 6 5 10 10
9 6 9 8 10
9 7 5 8 9
9 10 5 7 9
5 10 5 5 10
8 9 7 9 7
8 10 6 6 10
9 6 5 10 10
8 6 9 8 10
9 7 5 8 9
10 10 5 7 9
5 10 5 5 8
10 9 7 9 7
8 10 10 6 9
9 6 5 10 9
9 6 9 8 10
9 7 5 8 9
10 10 5 7 9
5 10 5 5 10
10 9 7 9 7
8 10 10 6 10
9 6 5 10 8
9 6 9 8 10
9 7 5 8 9
10 10 5 7 9
5 5 5 5 10
10 9 7 9 7
8 10 10 6 10
9 6 5 10 10
9 6 9 8 10
9 7 5 8 9
10 10 5 7 9
5 10 5 5 10
9 9 7 9 7
6 10 10 6 10
9 6 5 10 10
9 6 9 8 10
9 7 5 8 9
10 10 5 7 7
5 10 5 5 10
10 6 7 9 7
5 10 7 6 10
9 6 5 10 8
7 6 9 8 10
9 7 5 8 9
10 10 5 7 9
5 10 5 5 10
10 9 7 9 7
8 10 10 6 10
9 6 5 10 10
9 6 9 8 10
9 7 5 8 9
10 10 5 7 9
5 10 5 5 10
10 9 7 9 7
7 10 10 6 10
9 6 5 9 9
9 6 9 8 10
9 7 5 8 9
10 10 5 7 9
5 10 5 5 10
10 9 7 9 7
8 10 10 6 10
9 6 5 10 10
9 6 9 8 10
9 7 5 8 9
10 10 5 7 9
5 6 5 5 10
10 9 7 8 7
8 10 9 6 10
9 6 5 6 10
9 6 9 8 7
9 7 5 8 9
10 10 5 7 9
5 10 5 5 10
10 9 7 9 7
8 10 10 6 10
9 6 5 10 8
9 6 9 8 10
9 7 5 8 9
10 10 5 7 9
5 10 5 5 10
10 9 7 9 7
8 10 10 6 10
9 6 5 10 9
7 6 9 8 10
9 7 5 6 9
10 10 5 7 9
5 10 5 5 10
10 9 7 9 7
8 10 10 6 8
9 6 5 10 10
9 6 9 8 10
9 7 5 8 9
10 10 5 7 9
5 10 5 5 6
10 9 7 9 7
8 6 10 6 10
9 6 5 10 6
9 6 9 8 10
9 7 5 5 9
10 10 5 7 9
5 10 5 5 10
10 9 7 5 7
8 9 10 6 10
9 6 5 6 10
9 6 9 8 9
9 7 5 8 9
10 10 5 7 9
5 10 5 5 10
10 9 7 9 7
8 9 10 6 10
9 6 5 10 7
9 6 9 8 10
9 7 5 8 9
10 6 5 7 9
5 6 5 5 8
10 9 7 9 7
8 10 10 6 10
9 5 5 10 10
9 6 6 8 7
5 7 5 8 9
10 10 5 7 9
5 10 5 5 10
7 9 7 9 7
8 6 10 6 8
9 6 5 8 10
9 6 9 8 10
7 7 5 8 6
8 8 5 7 9
5 10 5 5 10
10 9 7 9 7
5 10 10 6 5
9 6 5 10 10
9 6 9 8 10
8 7 5 8 9
10 9 5 7 9
5 10 5 5 10
10 9 7 8 7
8 10 10 6 10
9 6 5 10 10
6 6 9 8 10
9 7 5 8 9
10 10 5 7 9
5 10 5 5 10
6 9 7 9 6
6 10 10 6 10
9 6 5 10 10
9 6 9 8 6
9 7 5 8 9
10 9 5 7 9
5 6 5 5 10
10 9 7 9 7
8 10 10 6 10
9 6 5 10 10
9 6 9 8 10
9 7 5 8 9
10 10 5 7 9
5 10 5 5 10
10 9 7 9 7
8 10 10 6 10
9 6 5 10 10
9 6 9 8 10
9 7 5 8 9
10 10 5 7 9
5 10 5 5 5
10 9 7 8 7
8 10 10 6 10
9 6 5 10 10
9 6 6 8 10
9 7 5 8 9
10 10 5 7 9
5 10 5 5 10
10 9 7 9 7
8 10 10 6 10
9 6 5 10 10
9 6 9 8 10
9 7 5 8 9
9 10 5 7 9
5 10 5 5 8
10 9 7 9 7
8 10 10 6 10
9 6 5 10 10
9 6 9 8 10
9 7 5 8 7
10 10 5 7 9
5 10 5 5 10
10 9 7 9 7
8 10 10 6 10
9 6 5 10 10
9 6 9 8 10
9 7 5 8 9
9 10 5 7 9
5 10 5 5 10
10 9 7 9 7
8 10 10 6 9
9 6 5 10 10
9 6 9 8 10
9 7 5 5 8
6 10 5 7 5
5 10 5 5 10
10 9 7 9 7
8 10 10 6 10
9 6 5 10 9
9 6 9 8 10
8 7 5 8 9
10 10 5 7 9
5 10 5 5 10
10 9 7 9 7
8 10 10 6 10
9 6 5 10 6
9 6 9 8 10
9 7 5 8 9
10 10 5 7 9
5 10 5 5 10
10 9 7 9 7
8 10 10 6 10
7 6 5 10 10
9 6 9 8 7
9 7 5 8 9
10 10 5 7 9
5 10 5 5 7
10 9 7 8 7
8 10 10 6 10
9 6 5 10 10
9 6 9 8 9
9 7 5 8 5
10 10 5 7 9
5 10 5 5 10
6 9 7 9 7
8 10 10 6 10
9 6 5 10 10
5 6 9 8 9
9 5 5 8 7
10 10 5 7 9
5 10 5 5 10
10 7 7 6 7
8 10 10 6 9
9 6 5 10 10
9 6 9 8 8
9 7 5 8 9
10 10 5 6 9
5 9 5 5 10
10 9 7 9 7
8 7 10 6 10
9 6 5 10 10
9 6 9 8 10
9 7 5 8 9
10 10 5 7 9
5 10 5 5 10
10 9 7 9 7
8 7 10 6 10
9 6 5 10 10
9 6 9 8 10
9 7 5 8 9
10 6 5 7 9
5 10 5 5 10
10 9 7 9 7
8 10 10 6 10
5 6 5 7 10
9 6 6 8 10
9 7 5 8 9
10 7 5 7 9
5 9 5 5 10
10 9 7 9 7
8 10 10 6 7
9 6 5 10 10
9 6 9 8 10
9 5 5 8 9
10 10 5 7 9
5 10 5 5 10
10 9 7 9 7
8 10 10 6 10
9 6 5 10 10
9 6 9 8 10
9 7 5 8 9
10 10 5 7 9
5 10 5 5 10
10 9 7 9 7
8 10 10 6 10
9 6 5 10 6
9 6 9 8 10
9 7 5 8 9
10 10 5 7 9
5 10 5 5 8
10 9 7 7 7
8 10 6 6 10
9 6 5 10 10
9 6 6 8 10
9 7 5 8 9
10 10 5 7 9
5 10 5 5 10
10 9 7 9 7
8 10 10 6 10
9 6 5 10 10
9 6 7 8 9
9 7 5 8 9
10 10 5 7 9
5 10 5 5 10
9 9 7 9 7
8 10 10 6 10
9 6 5 10 10
9 6 9 8 10
9 7 5 8 7
10 10 5 7 9
5 10 5 5 10
10 9 7 9 7
5 10 10 6 10
7 6 5 7 10
9 6 9 8 8
9 5 5 8 9
10 10 5 7 9
5 5 5 5 10
10 9 7 9 7
8 10 10 6 6
9 6 5 10 10
9 6 9 8 10
9 7 5 8 9
10 10 5 7 9
5 10 5 5 10
10 7 7 9 7
8 10 10 6 10
9 6 5 9 10
8 6 9 8 10
5 7 5 8 9
10 10 5 7 9
5 10 5 5 10
10 9 7 9 7
8 10 10 6 10
9 6 5 10 9
9 6 9 8 10
9 7 5 8 8
10 10 5 7 9
5 10 5 5 10
10 9 7 9 7
8 10 10 6 10
9 6 5 10 10
9 6 9 8 10
9 7 5 8 9
10 10 5 7 9
5 10 5 5 10
8 9 7 9 7
8 10 10 6 10
9 6 5 5 10
9 6 9 8 10
9 7 5 8 9
10 9 5 7 6
5 10 5 5 10
8 9 7 9 7
8 10 10 6 10
9 6 5 9 10
9 6 9 8 10
9 7 5 8 9
10 10 5 7 9
5 10 5 5 8
10 9 7 9 7
8 5 10 6 10
9 6 5 10 10
7 6 7 8 10
9 7 5 8 9
10 10 5 7 9
5 10 5 5 10
10 7 7 9 7
8 10 10 6 10
9 6 5 10 9
9 6 9 8 10
9 7 5 8 9
10 10 5 7 9
5 10 5 5 10
10 9 7 9 7
8 10 10 6 10
7 6 5 10 10
9 6 9 8 10
9 7 5 8 9
10 10 5 7 9
5 10 5 5 10
10 7 7 9 7
8 10 10 6 10
9 6 5 10 10
9 6 9 7 9
9 7 5 8 9
10 10 5 7 9
5 10 5 5 10
10 9 7 9 7
8 10 10 6 10
9 6 5 10 10
9 6 9 8 10
9 7 5 8 9
8 10 5 7 8
5 10 5 5 10
10 9 7 9 7
8 10 10 6 10
9 6 5 8 10
9 6 9 8 10
9 7 5 8 9
10 10 5 7 9
5 10 5 5 10
10 9 7 9 7
8 10 10 6 10
9 6 5 10 10
9 6 9 8 10
9 7 5 8 9
10 10 5 7 9
5 10 5 5 10
10 9 7 8 7
8 8 10 6 10
9 6 5 10 10
9 6 7 8 10
9 7 5 8 9
10 10 5 7 9
5 10 5 5 10
10 9 7 9 7
8 10 10 6 8
9 6 5 8 10
9 6 9 8 10
9 7 5 8 9
10 10 5 7 9
5 9 5 5 10
10 9 7 8 7
8 10 10 5 10
6 6 5 10 10
9 6 9 8 10
9 7 5 8 9
10 10 5 7 9
5 10 5 5 10
10 9 7 9 7
8 10 6 6 10
9 6 5 10 10
9 6 7 8 10
9 7 5 8 9
8 10 5 7 9
5 10 5 5 10
10 9 7 9 7
8 10 5 6 9
9 6 5 6 10
9 6 9 8 10
9 7 5 8 9
10 10 5 7 9
5 6 5 5 9
10 9 7 5 7
8 10 10 6 10
9 6 5 10 10
9 5 9 8 10
9 7 5 8 9
10 10 5 7 9
5 10 5 5 7
5 9 7 9 7
8 10 10 6 10
9 6 5 10 10
9 6 9 8 10
9 7 5 8 9
9 10 5 7 9
5 10 5 5 9
10 9 7 9 7
8 10 10 6 10
7 6 5 10 9
9 6 9 8 10
9 7 5 8 9
10 10 5 7 9
5 10 5 5 10
10 9 7 9 7
8 10 10 6 10
9 6 5 8 8
9 6 9 8 10
9 7 5 8 9
10 8 5 6 9
5 10 5 5 10
10 9 7 9 7
7 10 10 6 10
9 6 5 10 10
9 6 9 8 10
9 7 5 8 9
10 10 5 7 9
5 10 5 5 10
10 9 7 9 7
8 10 10 6 10
9 6 5 10 8
9 6 9 8 10
9 7 5 8 9
10 10 5 7 9
5 10 5 5 10
10 9 7 9 7
8 10 10 6 10
9 6 5 10 10
9 6 8 8 10
9 7 5 8 9
10 10 5 7 9
5 10 5 5 9
5 9 7 9 7
8 10 10 6 10
9 6 5 10 10
9 6 9 8 10
9 7 5 8 9
10 10 5 7 9
5 10 5 5 10
8 9 5 9 7
8 10 10 6 10
9 6 5 10 10
9 6 9 7 10
8 7 5 8 9
10 10 5 5 9
5 10 5 5 10
10 9 7 6 7
8 8 10 6 8
9 6 5 10 10
9 6 9 8 10
9 7 5 7 9
10 7 5 7 9
5 10 5 5 10
10 9 7 9 7
8 10 10 6 10
9 6 5 10 10
9 6 9 8 10
9 7 5 8 8
10 10 5 6 9
5 10 5 5 10
10 9 7 9 7
8 10 10 6 10
9 6 5 10 10
9 6 9 8 10
9 7 5 8 9
10 10 5 7 9
5 10 5 5 10
10 9 7 9 7
8 10 10 6 10
9 6 5 10 10
9 6 9 8 10
9 6 5 8 9
10 10 5 7 9
5 10 5 5 10
10 9 7 9 7
6 10 8 6 9
9 6 5 8 10
9 6 9 8 10
9 7 5 8 9
10 10 5 7 9
5 10 5 5 10
10 9 7 9 7
8 10 10 6 10
9 6 5 8 9
8 6 8 8 10
9 7 5 8 9
10 10 5 7 9
5 10 5 5 8
10 8 7 9 7
8 10 10 6 10
9 6 5 10 10
9 6 9 8 10
9 7 5 8 9
10 10 5 7 9
5 10 5 5 10
10 9 6 9 7
8 10 9 6 10
9 6 5 9 10
9 6 9 8 10
9 7 5 8 9
10 10 5 7 9
5 10 5 5 10
10 9 7 9 7
8 10 9 6 10
9 6 5 10 10
9 6 9 8 10
7 7 5 8 9
10 10 5 7 9
5 10 5 5 10
10 9 7 9 7
8 10 10 6 10
9 6 5 10 10
9 6 9 8 10
9 7 5 8 9
10 10 5 7 8
5 10 5 5 10
10 9 7 9 7
8 10 10 6 10
9 6 5 8 10
9 6 9 8 6
9 7 5 8 9
10 10 5 7 9
5 10 5 5 7
10 9 7 9 7
8 10 10 6 10
9 6 5 10 10
9 5 9 7 10
9 7 5 8 9
10 10 5 7 5
5 8 5 5 10
10 7 6 9 7
8 10 10 6 10
9 6 5 10 10
9 6 9 8 10
9 7 5 8 9
10 10 5 7 9
5 10 5 5 10
10 9 7 9 7
8 10 10 6 10
9 6 5 10 10
9 6 9 8 10
9 7 5 8 9
10 10 5 7 9
5 10 5 5 10
9 9 7 8 7
8 10 10 6 10
9 6 5 10 10
9 6 9 8 10
9 7 5 8 9
10 10 5 7 8
5 8 5 5 10
5 9 7 9 7
8 9 9 6 7
9 6 5 10 10
9 6 9 8 5
9 7 5 8 9
10 9 5 7 9
5 10 5 5 10
10 9 7 9 7
8 10 9 6 10
9 6 5 10 10
9 6 9 8 10
9 7 5 8 9
10 10 5 7 9
5 10 5 5 10
10 8 7 9 7
8 10 10 6 7
9 6 5 9 10
9 6 7 8 8
9 7 5 8 9
10 10 5 7 9
5 10 5 5 10
10 9 7 9 7
8 10 10 6 10
9 6 5 10 10
9 6 9 8 10
9 7 5 8 9
10 10 5 7 9
5 10 5 5 10
10 9 5 8 7
8 10 10 6 10
9 6 5 10 10
9 6 9 8 10
9 7 5 8 9
10 10 5 7 9
5 10 5 5 7
10 9 7 9 6
7 10 10 6 10
9 6 5 10 10
9 6 9 8 10
9 7 5 8 9
8 10 5 7 9
5 10 5 5 10
10 9 7 9 7
8 8 5 6 10
9 6 5 10 9
9 6 9 8 10
9 7 5 8 9
10 9 5 7 9
5 10 5 5 7
10 9 7 9 7
8 10 10 6 10
9 6 5 8 10
9 6 7 5 10
8 7 5 8 9
10 10 5 7 9
5 8 5 5 10
10 9 5 5 7
8 10 10 6 10
9 6 5 10 10
9 6 9 8 10
9 7 5 8 9
10 10 5 7 9
5 8 5 5 6
10 9 7 9 7
8 10 6 6 10
9 6 5 10 10
9 6 9 8 6
9 7 5 8 9
10 10 5 7 9
5 10 5 5 8
10 9 7 9 7
8 10 10 6 10
9 6 5 10 10
9 6 9 8 10
9 7 5 8 9
10 8 5 7 9
5 10 5 5 10
10 9 7 9 7
8 10 10 6 10
6 6 5 10 7
9 6 9 8 8
9 7 5 8 9
10 10 5 7 9
5 10 5 5 10
10 9 7 9 7
8 10 10 6 10
9 6 5 10 10
9 6 9 8 10
9 7 5 8 9
10 9 5 7 9
5 10 5 5 9
10 9 7 9 7
8 10 10 6 10
9 6 5 6 10
9 6 9 8 10
9 7 5 7 9
10 10 5 7 9
5 10 5 5 10
10 9 7 9 7
8 7 10 6 10
9 6 5 10 10
9 6 9 8 9
8 7 5 8 9
10 9 5 6 9
5 10 5 5 10
10 9 7 8 7
8 6 10 6 10
9 6 5 10 10
9 6 9 8 10
9 7 5 8 9
10 10 5 7 9
5 10 5 5 10
10 8 7 9 7
8 10 10 6 10
9 6 5 10 10
8 6 6 8 7
9 7 5 8 9
10 10 5 7 9
5 9 5 5 8
10 9 7 9 7
8 10 10 6 10
9 6 5 8 10
9 6 9 8 10
9 7 5 8 9
10 10 5 7 9
5 10 5 5 10
10 9 7 7 7
8 10 10 6 10
9 6 5 10 10
9 6 9 8 10
9 7 5 8 9
9 10 5 7 9
5 10 5 5 10
10 9 7 9 7
8 10 9 6 8
9 6 5 10 7
9 6 9 8 8
9 7 5 8 9
10 10 5 7 8
5 10 5 5 10
8 9 7 9 7
8 10 10 6 10
9 6 5 10 10
9 6 9 8 10
9 7 5 8 7
10 10 5 7 9
5 10 5 5 10
10 9 7 7 7
8 10 10 6 10
9 6 5 10 10
9 6 9 7 10
9 7 5 8 9
8 10 5 7 9
5 10 5 5 10
10 8 7 8 7
8 10 10 6 10
9 6 5 10 5
9 6 6 8 10
7 7 5 8 9
10 8 5 7 9
5 10 5 5 10
10 9 7 9 5
8 10 10 6 10
7 6 5 10 10
9 6 9 8 8
9 6 5 8 9
10 10 5 7 9
5 10 5 5 10
10 9 7 9 7
8 10 10 6 10
9 6 5 7 10
8 6 9 6 10
9 7 5 8 9
10 10 5 7 9
5 10 5 5 10
10 9 7 9 7
8 10 7 6 9
9 6 5 10 10
9 6 9 8 7
5 7 5 8 9
10 10 5 7 9
5 6 5 5 10
10 9 6 9 5
8 10 10 6 10
9 6 5 10 10
9 6 9 8 10
5 7 5 8 5
10 10 5 7 9
5 10 5 5 10
10 9 7 9 7
8 5 9 6 8
9 6 5 9 10
9 6 9 8 10
6 7 5 8 9
10 10 5 7 9
5 10 5 5 10
10 9 7 9 7
8 10 10 6 10
9 6 5 10 10
9 6 9 8 8
9 5 5 8 8
10 10 5 7 9
5 10 5 5 10
10 9 7 9 7
8 10 10 6 10
9 6 5 10 10
9 6 9 8 10
9 7 5 8 9
10 10 5 7 9
5 10 5 5 10
10 9 7 9 7
8 10 10 6 9
9 6 5 6 10
9 6 9 8 10
9 7 5 8 9
10 10 5 7 9
5 10 5 5 8
10 9 7 9 7
8 10 10 6 10
9 6 5 10 10
9 6 9 8 10
9 7 5 8 9
10 10 5 7 9
5 10 5 5 8
10 9 7 9 7
8 10 7 6 10
9 6 5 10 10
9 5 9 8 10
9 7 5 8 8
10 10 5 7 9
5 10 5 5 8
10 9 7 9 7
8 10 10 6 10
9 6 5 8 10
9 6 8 8 10
9 7 5 8 9
10 10 5 7 9
5 10 5 5 10
9 9 7 9 7
8 10 7 6 10
9 6 5 10 10
9 6 9 8 9
9 7 5 8 9
10 10 5 7 9
5 10 5 5 10
10 9 7 9 7
8 10 10 6 10
9 6 5 10 10
6 6 9 8 10
9 7 5 8 9
10 10 5 7 9
5 10 5 5 10
10 9 7 9 7
8 10 10 6 10
9 6 5 10 10
9 6 9 8 10
9 7 5 8 9
10 10 5 7 9
5 10 5 5 9
5 9 7 9 7
8 10 10 6 10
9 6 5 10 10
9 6 9 8 10
9 5 5 8 9
10 10 5 7 9
5 10 5 5 10
6 9 7 9 7
8 10 10 6 10
9 6 5 10 10
9 5 9 8 10
9 7 5 8 8
9 10 5 7 9
5 10 5 5 10
10 9 7 9 7
8 9 10 6 10
9 6 5 10 10
9 6 9 8 8
9 7 5 8 9
10 10 5 7 9
5 10 5 5 10
10 9 7 9 6
8 10 10 6 10
9 6 5 10 10
9 5 9 7 10
9 7 5 8 9
10 10 5 7 8
5 10 5 5 10
10 9 7 9 7
8 10 10 6 10
9 6 5 6 10
9 6 8 8 10
9 7 5 8 9
10 9 5 7 6
5 10 5 5 10
10 9 7 9 7
8 10 10 6 9
9 6 5 10 10
9 6 9 8 10
9 7 5 8 9
10 10 5 7 9
5 10 5 5 10
10 9 7 9 7
8 10 10 6 10
9 6 5 7 10
9 6 9 8 10
7 7 5 8 9
10 10 5 7 9
5 10 5 5 10
10 9 7 9 7
8 10 8 6 10
9 6 5 10 10
9 6 9 8 7
9 7 5 8 9
10 10 5 7 9
5 10 5 5 8
10 9 7 7 7
8 10 10 6 10
9 6 5 10 10
9 6 9 8 10
9 7 5 8 7
10 10 5 7 9
5 10 5 5 10
10 9 7 9 7
8 9 10 6 10
9 6 5 10 10
9 6 7 8 10
9 5 5 8 9
10 9 5 6 9
5 10 5 5 10
10 9 7 9 7
8 10 10 6 9
9 6 5 10 10
9 6 9 8 10
9 7 5 5 9
10 10 5 7 9
5 10 5 5 10
10 9 7 9 7
8 10 10 6 10
9 6 5 10 10
9 6 7 8 10
9 7 5 8 9
10 10 5 7 9
5 7 5 5 10
8 9 7 9 7
8 10 10 6 10
9 6 5 10 10
7 6 9 8 10
9 7 5 8 9
10 10 5 7 9
5 10 5 5 10
10 9 7 9 7
8 10 9 6 10
9 6 5 10 10
9 6 9 8 10
9 7 5 8 9
10 10 5 7 9
5 10 5 5 10
10 9 7 9 7
8 10 10 6 10
9 6 5 10 10
9 6 9 8 10
9 7 5 8 9
10 10 5 7 9
5 7 5 5 10
10 9 7 9 7
8 7 10 6 10
9 6 5 8 8
6 6 9 6 10
9 7 5 8 9
10 10 5 7 9
5 8 5 5 10
9 9 7 9 7
8 10 10 6 10
9 6 5 10 10
9 6 9 8 10
9 7 5 8 9
10 8 5 7 8
5 7 5 5 8
10 9 7 9 7
8 10 10 6 10
9 6 5 10 10
9 6 9 8 10
9 7 5 8 9
10 10 5 7 9
5 10 5 5 9
10 9 7 9 7
8 10 10 6 10
9 6 5 10 10
9 6 9 8 10
9 7 5 8 9
8 10 5 7 9
5 10 5 5 10
8 9 7 9 7
8 10 10 6 8
9 6 5 10 10
9 6 9 8 10
9 7 5 8 9
10 9 5 7 7
5 10 5 5 10
10 9 7 7 7
8 10 10 6 10
9 6 5 10 10
9 6 9 8 10
8 7 5 8 5
10 8 5 7 9
5 7 5 5 10
6 9 7 9 7
8 10 10 6 10
9 6 5 10 10
9 6 9 8 10
9 7 5 6 9
10 10 5 7 8
5 10 5 5 10
10 9 7 9 7
8 10 10 6 10
9 6 5 9 10
9 6 9 8 10
7 7 5 8 9
10 10 5 7 9
5 9 5 5 10
8 9 7 9 7
8 10 10 6 10
9 6 5 10 10
9 6 9 8 10
9 7 5 8 9
10 10 5 7 9
5 10 5 5 10
10 9 7 9 7
8 10 10 6 10
9 6 5 8 10
9 6 9 8 10
9 7 5 6 9
10 10 5 7 9
5 10 5 5 9
10 9 7 9 7
8 10 10 6 8
9 6 5 10 10
9 6 9 8 8
9 7 5 8 9
10 10 5 7 9
5 10 5 5 10
10 9 7 9 7
8 10 10 6 10
9 6 5 10 7
9 6 9 8 10
9 7 5 8 9
10 10 5 7 9
5 5 5 5 10
10 9 7 9 7
8 10 6 6 10
9 6 5 10 10
8 6 8 8 7
9 7 5 8 9
10 10 5 7 9
5 10 5 5 10
9 8 7 9 7
8 10 10 6 10
9 6 5 10 10
9 6 6 6 10
9 7 5 8 9
10 10 5 7 9
5 10 5 5 10
10 8 7 9 7
8 10 10 6 10
9 6 5 10 10
9 6 9 8 10
9 7 5 8 8
10 10 5 7 9
5 10 5 5 10
10 9 7 9 7
8 10 10 6 10
9 6 5 10 10
9 6 9 8 10
9 7 5 8 9
10 8 5 7 9
5 10 5 5 10
10 9 7 9 7
8 8 10 6 10
8 6 5 9 10
9 6 9 8 10
9 7 5 8 9
10 10 5 7 9
5 10 5 5 10
10 9 7 9 7
8 10 10 6 10
6 6 5 10 10
9 6 9 8 10
9 7 5 8 9
10 10 5 7 9
5 10 5 5 10
10 6 7 9 7
8 10 10 6 10
9 6 5 10 7
9 6 9 8 10
9 7 5 8 7
10 10 5 7 9
5 10 5 5 9
10 9 7 9 7
8 10 10 6 10
9 6 5 10 10
9 6 8 8 10
9 7 5 8 9
10 7 5 7 9
5 10 5 5 10
9 8 7 9 7
8 10 10 6 10
9 6 5 10 10
9 6 9 8 9
9 7 5 8 9
10 10 5 7 9
5 10 5 5 10
10 9 7 9 7
8 10 9 6 10
9 6 5 10 10
9 6 9 8 10
6 7 5 8 9
10 10 5 7 9
5 10 5 5 10
10 9 7 9 7
8 10 10 6 10
9 6 5 7 10
9 6 5 8 10
9 7 5 8 9
9 10 5 7 9
5 8 5 5 10
10 9 7 9 7
8 10 10 6 10
9 6 5 10 10
5 6 9 8 10
9 7 5 8 9
6 9 5 7 8
5 10 5 5 10
8 9 5 9 7
8 10 9 6 10
7 6 5 10 10
9 6 9 8 9
9 7 5 8 9
10 10 5 7 9
5 10 5 5 10
10 9 7 9 7
8 10 10 6 10
9 6 5 10 10
6 6 9 8 10
9 7 5 8 9
10 10 5 7 9
5 10 5 5 10
8 9 7 9 7
8 10 10 6 10
9 6 5 10 10
9 6 9 8 10
9 7 5 8 9
6 10 5 7 9
5 10 5 5 10
10 9 7 9 7
8 10 10 6 10
9 6 5 10 10
9 6 9 8 10
9 7 5 8 8
10 10 5 7 9
5 10 5 5 10
10 9 7 9 7
8 10 9 6 10
9 6 5 10 10
9 6 9 8 7
9 7 5 8 5
10 10 5 7 9
5 10 5 5 10
10 9 7 9 7
8 10 8 6 10
9 6 5 10 10
9 6 9 8 10
9 7 5 8 9
10 10 5 7 9
5 10 5 5 10
10 9 7 9 7
8 10 8 6 10
9 6 5 10 10
8 6 9 8 10
9 7 5 8 9
10 10 5 7 9
5 8 5 5 10
10 8 7 9 7
8 9 6 6 10
9 6 5 10 10
9 6 9 8 10
9 7 5 8 9
10 10 5 7 9
5 10 5 5 10
10 9 7 9 7
8 10 10 6 10
9 6 5 9 10
9 6 9 8 10
9 7 5 8 9
10 10 5 7 9
5 10 5 5 10
10 9 7 9 7
8 10 10 6 10
9 6 5 10 10
9 6 9 8 10
9 7 5 8 9
10 10 5 7 9
5 6 5 5 10
6 9 7 9 7
8 10 10 6 10
9 6 5 10 10
9 6 9 8 10
9 7 5 8 9
10 10 5 7 9
5 10 5 5 10
9 9 7 9 7
8 10 10 6 9
9 6 5 10 10
9 6 6 8 10
9 7 5 8 9
10 10 5 7 9
5 10 5 5 10
10 9 7 9 7
8 10 10 6 10
9 6 5 10 10
9 6 9 8 10
9 7 5 8 9
10 7 5 7 9
5 10 5 5 10
10 5 7 9 7
8 10 10 6 10
9 6 5 10 10
9 6 9 8 10
7 7 5 8 9
10 10 5 7 9
5 9 5 5 10
10 9 7 9 7
8 10 10 6 6
9 6 5 10 9
9 6 9 8 10
9 7 5 8 9
10 10 5 7 9
5 10 5 5 10
10 9 7 9 7
8 10 9 6 10
6 6 5 10 10
9 6 9 8 10
9 7 5 8 9
7 10 5 7 9
5 10 5 5 10
10 9 7 9 7
8 5 10 6 10
9 6 5 10 10
9 6 9 8 10
9 7 5 8 7
10 10 5 7 9
5 10 5 5 8
10 9 7 9 7
8 10 10 6 10
9 6 5 10 10
9 6 9 8 10
9 7 5 8 9
7 8 5 7 9
5 10 5 5 10
10 9 7 9 7
8 10 10 6 10
9 6 5 9 6
6 6 9 8 10
9 7 5 8 9
10 10 5 7 9
5 7 5 5 10
10 9 7 9 7
8 10 7 6 10
9 6 5 10 10
9 6 9 7 10
9 7 5 8 9
8 10 5 7 9
5 10 5 5 10
10 9 7 9 7
8 10 10 6 10
9 6 5 10 10
9 6 9 7 8
9 7 5 8 9
10 10 5 7 9
5 10 5 5 10
10 9 7 9 7
8 10 6 6 9
9 6 5 10 10
5 6 9 8 10
9 7 5 8 9
10 10 5 7 9
5 9 5 5 10
10 9 7 9 7
8 9 10 6 10
9 6 5 7 10
9 6 9 8 10
9 7 5 8 9
10 10 5 7 9
5 10 5 5 10
10 9 7 5 6
8 10 10 6 10
9 6 5 10 10
9 6 9 8 10
9 7 5 8 7
10 10 5 7 9
5 9 5 5 10
10 9 7 9 7
8 10 10 6 10
9 6 5 10 10
9 6 9 8 10
9 7 5 8 9
10 10 5 7 9
5 10 5 5 10
7 9 7 9 7
8 10 7 6 8
9 6 5 10 10
9 5 9 8 10
9 6 5 7 9
10 10 5 7 9
5 10 5 5 7
10 9 7 9 7
8 10 10 6 10
9 6 5 10 10
9 6 9 8 10
9 7 5 8 9
10 10 5 7 9
5 10 5 5 10
10 9 7 9 7
8 10 10 6 9
9 6 5 10 10
9 6 9 8 8
8 7 5 8 9
10 10 5 7 9
5 10 5 5 8
10 9 7 8 7
6 10 10 6 10
9 6 5 10 10
9 6 9 8 10
6 7 5 8 9
10 10 5 7 9
5 10 5 5 10
10 8 7 5 7
8 10 10 6 10
9 6 5 10 10
9 6 9 8 10
9 7 5 8 9
9 10 5 7 9
5 7 5 5 10
10 8 7 9 7
8 10 8 6 7
9 6 5 10 10
9 6 9 8 10
9 7 5 8 9
10 10 5 7 8
5 10 5 5 10
7 9 7 9 7
8 10 10 6 10
9 6 5 10 10
9 6 9 8 10
9 7 5 8 9
7 10 5 7 9
5 10 5 5 10
10 9 7 9 7
8 10 10 6 10
9 6 5 10 10
9 6 9 8 10
9 7 5 8 9
10 10 5 7 9
5 6 5 5 9
10 9 7 9 7
8 10 10 6 10
9 6 5 10 10
9 6 7 8 10
7 7 5 8 9
10 10 5 7 9
5 10 5 5 10
10 9 7 9 7
8 10 10 6 10
9 6 5 10 10
9 6 9 8 10
9 7 5 8 9
10 10 5 7 9
5 10 5 5 10
10 9 7 9 7
8 10 10 6 7
9 6 5 9 10
9 6 9 8 10
9 7 5 8 9
10 10 5 7 9
5 10 5 5 10
5 8 7 9 7
8 10 7 6 10
6 6 5 10 10
9 6 7 8 10
8 7 5 8 9
9 10 5 7 9
5 10 5 5 10
10 9 7 9 6
8 10 10 6 10
8 6 5 8 10
8 6 9 6 10
9 7 5 8 9
7 10 5 7 9
5 7 5 5 10
10 9 7 9 7
8 10 10 6 10
9 6 5 10 10
9 6 9 8 10
9 7 5 7 9
10 10 5 7 9
5 9 5 5 10
10 9 7 9 7
8 10 10 6 10
9 6 5 10 10
8 6 9 8 10
9 7 5 8 9
10 10 5 7 9
5 10 5 5 10
10 9 7 9 7
8 10 10 6 10
9 6 5 10 10
9 6 9 8 7
9 7 5 8 9
10 10 5 7 9
5 10 5 5 10
10 9 7 9 7
8 10 9 6 10
9 6 5 10 10
9 6 9 8 10
8 7 5 8 9
10 10 5 7 9
5 7 5 5 10
10 9 7 7 7
8 10 10 6 10
9 6 5 10 10
9 6 9 8 10
9 7 5 8 9
10 10 5 7 9
5 7 5 5 10
10 9 7 9 7
8 10 10 6 10
9 5 5 9 10
9 6 9 8 10
9 7 5 8 9
7 8 5 7 9
5 10 5 5 10
10 5 7 9 6
8 10 10 6 10
9 6 5 8 10
9 6 9 7 10
9 7 5 8 9
10 10 5 7 9
5 10 5 5 10
10 9 7 9 7
8 10 10 5 10
9 6 5 10 10
9 6 9 8 10
8 7 5 8 9
10 10 5 7 9
5 10 5 5 10
10 9 7 9 7
8 10 10 6 9
9 6 5 5 10
9 6 9 8 10
9 7 5 8 9
10 10 5 5 9
5 10 5 5 10
10 6 7 9 7
8 10 10 6 10
9 6 5 10 10
9 6 9 8 10
9 7 5 8 9
10 10 5 7 9
5 10 5 5 8
10 9 7 9 7
8 10 10 6 10
9 6 5 10 6
9 6 9 6 10
8 7 5 8 9
10 5 5 7 9
5 9 5 5 10
8 9 7 9 7
8 9 10 6 10
9 6 5 10 6
9 6 9 8 10
9 7 5 8 9
10 10 5 7 9
5 10 5 5 9
10 9 7 9 7
8 10 10 6 10
9 6 5 10 10
9 6 6 8 10
9 7 5 8 9
10 10 5 7 8
5 10 5 5 8
10 9 7 9 7
8 9 10 6 10
9 6 5 9 10
9 6 9 8 10
9 7 5 8 5
10 10 5 7 9
5 10 5 5 10
10 6 6 9 7
8 9 10 6 10
9 6 5 10 10
9 6 9 8 10
7 7 5 8 9
10 10 5 7 9
5 9 5 5 10
10 9 7 9 7
8 10 10 6 10
8 6 5 10 10
9 6 9 8 10
9 7 5 8 9
10 7 5 7 9
5 10 5 5 10
10 9 7 9 7
8 10 10 6 10
9 6 5 10 9
8 6 9 8 10
9 7 5 6 9
10 10 5 7 9
5 10 5 5 10
7 9 7 9 7
8 10 9 6 10
9 6 5 10 10
9 6 9 8 10
9 7 5 8 9
10 10 5 7 9
5 10 5 5 10
10 9 7 9 7
7 10 10 6 10
9 6 5 6 10
9 6 7 8 10
9 7 5 8 9
10 9 5 7 9
5 10 5 5 10
10 9 7 9 7
8 10 10 6 10
9 6 5 10 10
9 6 9 8 10
9 7 5 8 9
10 10 5 7 9
5 10 5 5 5
6 9 7 9 7
8 5 10 6 10
9 6 5 10 10
9 6 8 8 10
9 7 5 8 9
8 10 5 7 9
5 10 5 5 10
10 9 7 9 7
8 10 9 6 10
9 6 5 10 10
9 6 9 8 10
9 7 5 8 9
10 10 5 6 9
5 10 5 5 10
10 9 7 9 7
8 10 10 6 10
9 6 5 10 10
9 6 9 8 10
9 7 5 8 6
10 10 5 7 9
5 6 5 5 10
10 9 7 9 7
8 8 5 6 10
9 6 5 10 10
9 6 9 8 10
9 7 5 8 8
10 10 5 7 5
5 10 5 5 10
10 9 7 9 7
8 10 10 6 10
9 6 5 10 10
6 6 7 8 10
9 7 5 8 9
10 10 5 7 9
5 9 5 5 7
10 9 7 9 7
8 10 10 6 10
9 6 5 10 9
9 6 9 8 9
9 7 5 8 9
10 10 5 7 9
5 10 5 5 10
9 5 7 9 7
8 10 10 6 10
9 6 5 10 10
7 6 8 8 10
9 7 5 8 9
10 10 5 7 9
5 10 5 5 10
10 9 7 9 7
8 10 5 6 10
9 6 5 10 10
6 6 9 8 10
9 7 5 8 9
9 10 5 7 9
5 10 5 5 10
10 9 7 9 6
8 10 9 6 10
9 6 5 10 10
9 6 9 8 10
6 7 5 8 9
8 10 5 7 9
5 10 5 5 8
10 9 7 9 7
8 10 8 6 10
9 6 5 10 10
8 6 7 8 10
7 7 5 8 9
10 10 5 7 8
5 10 5 5 10
10 9 7 9 7
8 10 10 6 10
6 6 5 9 10
9 6 7 8 10
9 7 5 8 9
9 10 5 7 9
5 10 5 5 10
9 9 7 9 7
8 10 10 6 10
9 6 5 7 7
9 6 9 8 8
9 7 5 8 9
10 10 5 7 9
5 10 5 5 10
9 6 7 9 7
8 10 5 6 10
9 6 5 10 10
9 6 9 8 9
9 7 5 5 9
10 10 5 7 9
5 10 5 5 10
10 9 7 9 7
8 10 10 6 10
9 6 5 10 10
9 6 9 8 10
9 7 5 8 8
10 10 5 7 9
5 9 5 5 10
10 9 7 9 7
8 10 10 6 10
9 6 5 10 10
9 6 9 8 10
7 7 5 8 7
10 10 5 7 9
5 10 5 5 10
7 9 7 9 7
8 10 10 6 10
9 6 5 9 10
8 6 9 8 10
9 7 5 8 9
10 10 5 7 9
5 10 5 5 10
10 9 7 9 7
8 10 10 6 10
7 6 5 10 8
9 6 5 8 10
9 7 5 8 9
10 9 5 7 9
5 10 5 5 10
10 9 7 9 7
8 10 10 6 8
9 6 5 10 10
9 6 9 8 10
9 7 5 8 9
10 7 5 7 9
5 10 5 5 9
10 9 7 9 7
8 10 10 6 10
9 6 5 10 10
9 6 8 8 9
9 7 5 8 9
10 9 5 7 9
5 10 5 5 5
10 7 7 9 7
8 10 9 6 10
9 6 5 10 10
9 6 9 8 10
9 7 5 8 9
10 10 5 7 9
5 9 5 5 10
5 9 7 9 7
7 10 10 6 10
6 6 5 10 10
9 6 9 8 10
9 7 5 8 9
10 10 5 7 9
5 8 5 5 10
10 9 7 9 6
8 10 10 6 10
9 6 5 10 10
9 6 9 8 10
9 7 5 8 9
10 10 5 7 8
5 10 5 5 6
10 9 7 9 7
8 10 10 6 10
9 6 5 10 10
9 6 9 7 10
9 7 5 8 9
10 10 5 7 9
5 10 5 5 10
10 8 7 9 7
8 10 9 6 10
9 6 5 8 10
9 6 9 8 10
9 7 5 8 9
10 10 5 7 9
5 8 5 5 5
10 9 7 9 7
8 10 10 6 10
9 6 5 8 10
5 6 6 8 10
9 7 5 8 9
10 10 5 7 9
5 10 5 5 10
10 9 7 9 7
8 10 10 6 10
5 6 5 10 10
9 6 9 8 10
9 7 5 8 9
10 10 5 7 9
5 10 5 5 10
10 9 7 9 7
8 10 10 6 10
9 6 5 10 10
9 6 9 8 10
9 7 5 8 9
10 10 5 7 9
5 10 5 5 8
10 9 7 8 7
8 7 10 6 10
9 6 5 10 9
9 6 9 8 10
9 7 5 8 9
10 10 5 7 9
5 10 5 5 10
10 9 7 9 7
8 10 10 6 10
7 6 5 7 10
9 6 9 8 10
9 7 5 8 9
10 10 5 7 9
5 10 5 5 10
10 8 7 9 7
8 10 10 6 10
9 6 5 10 5
9 6 9 8 10
9 7 5 8 9
10 10 5 5 9
5 10 5 5 10
10 5 7 9 7
8 10 10 6 10
9 6 5 10 10
9 6 9 8 10
9 7 5 8 5
10 10 5 7 9
5 10 5 5 10
10 9 7 9 7
8 10 10 6 10
9 6 5 10 10
9 6 9 8 6
8 7 5 7 9
10 10 5 7 9
5 10 5 5 10
10 9 7 9 7
8 10 10 6 10
9 6 5 10 10
9 6 9 6 10
9 7 5 8 9
10 10 5 7 9
5 10 5 5 10
10 9 7 9 7
8 10 10 6 10
9 6 5 10 10
9 6 9 8 10
9 7 5 8 9
10 10 5 7 9
5 9 5 5 10
10 9 7 9 7
6 10 10 6 10
9 6 5 7 10
5 6 9 8 10
9 7 5 8 9
10 9 5 7 9
5 10 5 5 10
10 9 7 9 7
8 10 10 6 10
9 6 5 10 10
9 6 9 8 10
9 7 5 8 9
10 10 5 7 9
5 10 5 5 10
9 9 7 9 7
8 10 10 6 10
9 6 5 10 10
9 6 8 8 10
9 7 5 8 9
10 10 5 7 9
5 10 5 5 10
10 9 7 9 7
8 10 10 6 10
9 6 5 10 10
9 6 9 8 9
9 7 5 8 8
10 10 5 7 9
5 10 5 5 8
10 9 7 8 6
8 10 10 6 10
9 6 5 10 10
9 6 9 8 10
7 7 5 8 9
10 10 5 7 9
5 10 5 5 10
10 9 7 8 7
8 10 10 6 10
9 6 5 10 10
9 6 5 8 10
9 7 5 8 9
10 9 5 7 9
5 10 5 5 10
10 9 7 9 7
8 9 10 6 10
8 6 5 10 10
9 6 9 8 10
9 7 5 8 9
10 10 5 7 9
5 10 5 5 10
10 9 7 9 7
8 6 10 6 10
9 6 5 10 10
9 6 9 8 10
9 7 5 8 9
10 10 5 7 9
5 10 5 5 8
10 9 7 9 7
7 10 10 6 10
9 6 5 10 10
9 6 9 8 10
9 7 5 8 9
10 8 5 7 9
5 10 5 5 10
8 9 7 9 7
8 10 10 6 10
9 6 5 10 10
9 6 8 8 10
9 7 5 8 9
10 10 5 7 9
5 10 5 5 10
10 9 7 9 7
7 10 10 6 10
9 6 5 10 10
9 6 9 8 10
9 7 5 8 9
10 10 5 7 9
5 10 5 5 10
10 9 7 9 7
8 10 10 6 10
9 6 5 10 10
9 6 9 8 10
9 7 5 8 9
10 10 5 7 9
5 10 5 5 10
10 9 7 9 7
8 10 10 6 8
9 5 5 10 10
9 6 9 8 5
9 7 5 8 9
10 6 5 7 9
5 10 5 5 10
7 9 7 9 7
8 10 10 6 7
9 6 5 10 9
9 6 9 8 10
9 7 5 8 9
10 10 5 7 9
5 10 5 5 10
10 6 7 9 7
8 9 10 6 6
9 6 5 10 10
9 6 9 8 10
8 7 5 8 9
10 10 5 7 9
5 10 5 5 10
10 9 7 9 7
8 10 6 6 10
9 6 5 10 10
9 6 9 8 10
9 7 5 8 9
10 8 5 7 9
5 7 5 5 10
10 9 7 7 7
8 10 10 6 10
9 6 5 10 9
9 6 9 8 10
9 7 5 8 9
10 10 5 7 9
5 10 5 5 10
10 9 7 9 7
8 10 10 6 10
9 6 5 10 10
9 6 8 8 10
9 7 5 8 9
10 10 5 7 9
5 10 5 5 10
10 9 7 6 7
8 10 10 6 10
8 6 5 10 10
9 6 9 8 6
9 7 5 8 9
10 10 5 7 7
5 10 5 5 10
10 9 7 9 7
8 7 10 6 7
9 6 5 10 10
9 6 9 8 6
8 7 5 8 9
10 10 5 7 9
5 10 5 5 10
10 9 7 9 7
8 10 10 6 10
9 6 5 10 10
9 6 9 8 10
5 7 5 8 9
10 9 5 7 9
5 10 5 5 10
10 9 7 9 7
8 10 10 6 10
9 6 5 10 10
9 6 9 8 10
9 7 5 7 9
10 9 5 7 9
5 10 5 5 10
10 9 7 9 7
7 10 10 6 10
5 5 5 10 8
9 6 9 8 5
9 7 5 8 9
10 10 5 7 6
5 10 5 5 8
10 9 6 9 7
8 8 10 6 9
9 6 5 10 10
8 6 9 8 10
9 7 5 8 9
10 10 5 7 9
5 10 5 5 10
10 9 7 9 7
8 10 10 6 10
6 6 5 10 10
9 6 9 8 10
9 7 5 8 9
10 7 5 7 9
5 10 5 5 10
9 9 7 5 7
8 10 9 6 9
9 6 5 10 10
8 6 9 8 10
7 7 5 8 9
9 10 5 7 9
5 6 5 5 10
10 9 7 9 7
5 10 10 6 10
9 6 5 10 10
9 6 9 8 10
9 7 5 8 9
10 10 5 7 6
5 9 5 5 8
10 9 7 9 7
8 10 10 6 10
9 6 5 9 10
9 6 9 8 10
9 7 5 8 9
10 10 5 7 9
5 10 5 5 9
7 9 7 9 7
8 10 10 6 10
9 5 5 10 10
8 6 9 8 10
7 7 5 8 9
7 10 5 7 9
5 6 5 5 9
10 9 7 9 7
8 10 10 6 10
9 6 5 10 10
6 6 9 8 10
9 7 5 8 9
10 10 5 6 9
5 10 5 5 10
9 9 7 9 7
8 8 10 6 10
9 6 5 10 10
9 6 6 8 10
9 7 5 7 9
10 10 5 7 9
5 10 5 5 10
10 9 7 9 6
8 10 10 6 10
9 6 5 10 10
9 6 9 8 10
9 7 5 8 9
10 10 5 7 9
5 10 5 5 8
10 9 7 9 7
8 10 8 6 10
9 6 5 10 8
9 6 9 8 10
9 7 5 8 9
10 7 5 7 9
5 10 5 5 10
10 9 7 9 7
8 10 10 6 10
9 6 5 10 10
9 6 9 8 10
9 7 5 8 9
10 10 5 7 9
5 10 5 5 10
10 8 7 9 7
8 7 10 6 10
9 6 5 10 10
9 6 9 8 10
9 7 5 8 9
10 8 5 7 9
5 10 5 5 8
10 9 7 9 7
8 10 10 6 10
9 6 5 9 10
9 6 9 8 10
9 7 5 8 9
10 10 5 7 9
5 10 5 5 10
10 9 7 9 7
8 10 10 6 10
9 6 5 10 8
9 6 9 8 10
8 5 5 8 9
6 10 5 7 9
5 10 5 5 10
10 9 7 9 7
8 10 10 6 10
9 6 5 10 10
9 6 9 8 10
9 7 5 7 9
10 10 5 7 9
5 10 5 5 10
10 9 7 9 7
8 10 10 6 10
9 6 5 6 10
9 6 9 8 10
9 7 5 8 9
5 10 5 7 9
5 5 5 5 10
10 9 7 9 7
8 10 10 6 10
9 6 5 10 6
9 6 9 8 10
9 7 5 8 9
10 10 5 7 9
5 10 5 5 10
10 9 7 9 7
8 10 5 6 10
9 6 5 10 10
9 6 7 8 10
9 7 5 8 9
10 10 5 7 9
5 10 5 5 10
10 9 7 9 7
8 10 10 6 7
9 6 5 10 9
8 6 9 8 10
9 7 5 7 9
9 10 5 7 9
5 10 5 5 10
7 9 7 9 7
8 10 7 6 10
9 6 5 10 10
9 6 9 8 10
9 7 5 8 9
10 10 5 7 9
5 10 5 5 10
10 9 7 9 7
8 10 10 6 10
7 6 5 10 10
9 6 9 8 10
9 7 5 8 9
10 10 5 7 9
5 10 5 5 10
10 9 7 9 7
8 10 10 6 10
9 6 5 10 10
9 6 9 8 10
9 7 5 8 9
10 10 5 7 9
5 9 5 5 10
8 9 7 9 7
8 8 10 6 10
9 6 5 10 10
9 6 9 8 10
9 7 5 8 9
10 10 5 6 9
5 10 5 5 10
8 9 7 9 7
8 10 10 6 10
9 6 5 10 10
9 6 9 8 10
9 7 5 8 9
10 7 5 7 9
5 10 5 5 5
10 9 7 9 7
8 10 10 6 10
9 6 5 10 10
9 6 9 8 10
9 7 5 8 8
10 10 5 7 9
5 10 5 5 10
10 9 7 9 7
8 10 10 6 10
9 6 5 8 10
8 6 9 8 10
9 7 5 8 9
10 9 5 7 9
5 10 5 5 10
10 9 7 9 7
8 9 10 6 10
9 6 5 10 10
9 6 9 8 10
9 7 5 8 9
6 10 5 7 9
5 10 5 5 10
10 9 7 9 7
8 10 6 6 10
7 6 5 10 9
9 6 9 8 10
9 7 5 8 9
10 10 5 7 9
5 10 5 5 10
9 9 7 9 7
8 10 10 6 10
9 6 5 10 10
9 6 9 8 10
9 7 5 8 9
9 10 5 7 9
5 10 5 5 10
10 9 7 9 7
8 10 10 6 10
9 6 5 10 6
9 6 9 8 10
9 7 5 8 9
10 9 5 7 9
5 10 5 5 10
10 9 7 9 7
8 10 10 6 10
6 6 5 10 10
8 6 9 8 8
9 7 5 8 9
10 7 5 7 9
5 10 5 5 9
10 9 7 9 7
8 10 10 6 10
9 6 5 7 10
9 6 9 6 7
9 7 5 8 9
10 10 5 7 7
5 10 5 5 10
10 9 7 9 7
8 10 10 6 10
9 6 5 10 10
9 6 9 8 10
9 7 5 8 9
10 10 5 7 9
5 10 5 5 10
10 9 7 9 7
8 10 10 6 10
9 6 5 10 10
9 6 9 8 10
9 7 5 8 9
6 10 5 7 9
5 10 5 5 10
10 9 7 9 7
8 10 10 6 10
9 6 5 10 10
9 6 9 8 10
8 7 5 8 9
10 7 5 7 9
5 10 5 5 10
10 9 7 9 7
8 7 10 6 10
9 6 5 5 10
9 6 9 8 10
9 7 5 8 9
10 10 5 7 9
5 10 5 5 10
9 9 7 9 7
8 10 10 5 10
9 6 5 9 10
9 6 9 8 10
9 7 5 8 9
10 10 5 7 9
5 9 5 5 10
10 9 7 9 7
8 10 7 6 10
9 6 5 10 10
9 6 7 8 10
9 7 5 8 8
10 10 5 7 7
5 10 5 5 10
10 8 7 8 7
8 10 10 6 10
9 6 5 8 10
9 6 9 8 10
9 7 5 8 9
10 10 5 7 9
5 10 5 5 10
10 9 7 9 7
8 10 10 6 10
9 6 5 10 10
9 6 9 8 10
9 7 5 8 9
10 10 5 7 9
5 6 5 5 6
8 9 7 9 7
5 9 10 6 10
9 6 5 8 10
9 6 9 8 10
9 7 5 8 9
10 10 5 7 9
5 10 5 5 10
9 9 7 9 7
8 10 10 6 10
9 6 5 10 10
8 6 8 8 10
9 7 5 8 9
10 10 5 7 9
5 10 5 5 10
10 9 7 9 7
8 10 7 6 10
9 6 5 10 10
9 6 9 8 8
9 7 5 8 6
10 8 5 7 9
5 10 5 5 10
8 9 7 9 7
8 10 10 6 10
9 6 5 10 10
9 6 9 8 10
9 7 5 7 9
10 6 5 7 9
5 10 5 5 10
10 6 7 9 7
8 10 8 6 10
9 6 5 10 10
9 6 9 8 10
9 7 5 8 9
10 7 5 5 9
5 10 5 5 10
10 9 7 9 7
8 10 10 6 10
9 6 5 10 10
9 6 9 8 10
9 7 5 7 8
10 10 5 7 9
5 10 5 5 10
10 9 7 9 7
8 10 10 6 10
9 6 5 10 10
9 6 9 8 10
9 7 5 8 9
10 8 5 7 9
5 10 5 5 8
10 9 7 9 7
8 10 10 6 10
9 6 5 10 8
7 6 9 8 10
9 7 5 8 9
10 10 5 7 9
5 10 5 5 10
7 9 7 9 7
8 10 10 6 10
9 6 5 8 10
9 6 9 8 10
9 7 5 8 9
10 8 5 7 8
5 10 5 5 10
10 9 7 9 7
8 10 9 6 10
9 6 5 10 10
9 6 8 8 10
9 7 5 8 9
10 10 5 7 9
5 10 5 5 10
10 9 7 9 7
8 10 10 6 10
9 6 5 10 10
9 6 6 8 10
9 7 5 8 9
10 10 5 7 9
5 10 5 5 10
7 9 7 7 5
8 10 10 6 10
6 6 5 10 10
9 6 8 8 8
9 7 5 8 9
10 10 5 7 9
5 7 5 5 10
9 9 7 9 7
8 10 10 6 10
9 6 5 10 10
9 6 9 8 10
9 7 5 8 9
10 10 5 7 5
5 10 5 5 10
8 9 7 9 7
8 10 10 6 9
6 6 5 9 10
9 6 9 8 10
9 7 5 8 9
10 10 5 5 9
5 10 5 5 9
10 9 7 9 7
8 10 8 6 10
9 6 5 10 10
9 6 9 8 10
9 7 5 7 9
10 10 5 7 9
5 10 5 5 10
9 9 7 9 7
8 10 10 6 10
9 6 5 10 10
9 5 9 8 10
9 7 5 8 9
10 10 5 7 9
5 10 5 5 10
10 8 7 9 7
8 10 10 6 10
9 6 5 8 10
9 6 9 8 10
9 7 5 8 9
10 10 5 7 9
5 10 5 5 10
10 9 7 9 7
7 10 10 6 10
9 6 5 9 10
9 6 9 8 10
8 7 5 8 9
10 10 5 7 9
5 9 5 5 10
10 9 6 9 7
8 10 10 5 10
9 6 5 8 10
9 6 9 8 10
9 7 5 8 9
10 10 5 7 9
5 10 5 5 10
10 9 7 9 7
8 10 10 6 10
9 6 5 10 10
9 6 9 8 10
9 7 5 8 9
10 10 5 7 9
5 10 5 5 10
10 9 7 9 7
8 10 10 6 10
9 6 5 10 10
9 6 9 6 10
9 7 5 8 9
10 10 5 7 9
5 10 5 5 10
10 9 7 9 7
8 10 10 6 10
8 6 5 10 10
9 6 9 8 10
9 7 5 8 9
10 10 5 7 9
5 10 5 5 10
10 9 7 9 7
8 10 10 6 10
9 6 5 6 10
9 6 6 8 8
9 7 5 8 9
10 10 5 7 9
5 10 5 5 10
10 9 7 9 7
8 10 10 6 10
9 6 5 5 10
9 6 9 8 10
9 7 5 8 9
10 10 5 6 9
5 10 5 5 10
10 9 7 9 7
8 10 10 6 10
9 6 5 8 10
9 6 9 8 10
9 7 5 8 9
10 10 5 7 8
5 10 5 5 10
10 9 7 9 7
8 10 10 6 10
9 6 5 10 10
9 6 9 8 10
9 7 5 8 9
10 8 5 7 9
5 7 5 5 10
10 9 7 7 6
8 10 9 6 10
9 6 5 10 10
9 6 8 8 10
9 7 5 8 9
10 10 5 7 9
5 10 5 5 10
10 9 7 6 7
7 9 10 6 10
9 6 5 10 10
9 6 9 6 10
9 7 5 8 9
10 10 5 7 9
5 10 5 5 10
8 5 7 9 6
8 7 10 6 10
9 6 5 7 10
9 6 9 8 10
9 7 5 8 9
7 10 5 7 9
5 10 5 5 10
9 9 7 9 7
8 10 6 6 10
9 6 5 9 8
8 6 9 8 5
9 7 5 8 9
10 8 5 7 9
5 10 5 5 10
10 9 5 9 7
7 10 10 6 10
9 6 5 10 10
9 6 9 6 10
9 7 5 8 9
10 10 5 7 9
5 10 5 5 10
10 9 6 7 6
7 9 10 6 10
9 6 5 10 10
9 6 9 8 10
9 7 5 8 9
10 10 5 7 9
5 10 5 5 10
10 9 7 9 7
8 9 7 6 10
9 6 5 10 10
6 6 9 8 10
9 7 5 8 9
10 8 5 7 9
5 10 5 5 10
10 9 7 9 7
8 8 10 6 9
9 6 5 10 10
6 6 8 8 10
9 7 5 8 9
10 10 5 7 9
5 10 5 5 10
10 9 7 9 7
5 10 10 6 10
9 6 5 10 8
9 6 9 8 10
9 6 5 8 9
10 10 5 7 9
5 6 5 5 10
10 9 7 9 7
8 10 10 6 10
9 6 5 10 10
9 6 9 8 10
9 7 5 8 9
10 10 5 7 9
5 10 5 5 10
10 9 5 9 7
8 10 10 6 10
9 6 5 10 10
9 6 9 8 7
9 7 5 8 9
7 10 5 7 9
5 10 5 5 10
10 9 7 9 7
8 10 7 6 10
9 6 5 10 10
9 5 9 8 10
9 7 5 8 9
10 10 5 7 9
5 10 5 5 10
10 9 7 9 7
8 10 10 6 10
9 6 5 10 10
9 6 9 8 6
9 7 5 8 9
10 10 5 7 9
5 10 5 5 10
6 9 7 9 7
8 10 10 6 8
6 6 5 10 10
9 6 9 8 10
9 7 5 8 9
10 10 5 7 9
5 10 5 5 10
10 9 7 9 7
8 10 10 6 10
9 6 5 10 10
9 6 9 8 10
9 7 5 8 9
10 10 5 7 9
5 10 5 5 10
10 9 7 9 7
8 10 10 6 10
9 6 5 6 10
9 6 9 8 10
9 7 5 8 9
10 10 5 7 8
5 10 5 5 10
10 9 7 9 7
8 10 10 6 10
9 6 5 9 10
9 6 9 7 7
9 7 5 8 9
10 10 5 7 9
5 10 5 5 10
10 9 7 9 7
8 10 10 6 10
9 6 5 10 8
9 6 9 8 10
9 7 5 8 9
10 10 5 7 9
5 10 5 5 10
10 9 7 9 7
8 10 9 6 10
9 6 5 9 10
9 6 9 5 10
9 7 5 8 9
10 10 5 7 6
5 10 5 5 10
10 9 7 7 7
6 10 10 6 9
9 6 5 10 10
9 6 9 8 8
9 7 5 8 9
10 10 5 7 8
5 10 5 5 10
10 9 7 9 7
8 8 7 6 10
9 6 5 10 9
9 6 9 8 7
6 7 5 8 9
7 8 5 7 9
5 10 5 5 10
10 9 7 9 7
8 10 10 6 10
9 6 5 10 10
9 6 9 6 10
9 7 5 8 9
10 10 5 7 9
5 10 5 5 10
9 9 7 9 7
8 10 10 6 10
9 6 5 10 10
9 6 9 8 10
9 7 5 8 9
10 10 5 7 8
5 5 5 5 10
10 9 7 9 7
8 10 10 6 10
9 6 5 10 10
9 6 9 5 8
9 7 5 8 9
10 7 5 7 9
5 10 5 5 9
10 9 7 9 7
8 10 10 6 10
9 6 5 10 10
9 6 9 8 10
9 7 5 8 9
10 10 5 7 9
5 10 5 5 10
10 9 7 9 7
8 10 10 6 10
9 6 5 6 10
9 6 9 8 7
9 7 5 8 9
8 10 5 7 9
5 10 5 5 10
10 9 7 9 7
8 10 10 6 10
9 6 5 10 10
8 6 9 8 10
9 7 5 8 9
10 10 5 7 9
5 10 5 5 8
10 9 7 7 7
8 10 10 6 10
9 6 5 10 10
9 6 9 8 10
9 7 5 8 9
10 10 5 7 9
5 10 5 5 10
7 9 7 9 7
8 10 10 6 10
9 6 5 10 10
7 6 9 8 10
7 7 5 8 9
10 5 5 7 9
5 9 5 5 10
10 9 7 5 7
8 10 10 6 10
9 6 5 10 10
9 6 8 8 10
9 7 5 8 9
10 10 5 7 8
5 10 5 5 10
10 9 7 9 7
6 10 10 6 10
9 6 5 9 10
9 6 9 8 10
9 7 5 8 9
10 10 5 7 9
5 10 5 5 10
10 8 7 8 7
8 10 9 6 10
5 6 5 10 10
9 6 9 8 10
9 7 5 8 9
10 10 5 7 9
5 10 5 5 10
10 9 7 9 7
8 10 6 6 10
9 6 5 10 10
9 6 9 5 10
9 7 5 8 7
10 10 5 7 9
5 10 5 5 9
10 9 7 9 7
8 10 10 6 9
8 6 5 10 10
9 6 9 8 10
9 7 5 8 9
9 10 5 7 9
5 10 5 5 10
10 9 7 9 7
8 10 10 6 9
9 6 5 10 9
9 6 9 6 10
9 7 5 8 5
10 10 5 7 9
5 10 5 5 10
10 9 7 9 7
8 10 10 6 10
9 6 5 10 10
9 6 9 8 10
9 7 5 8 9
10 10 5 7 9
5 10 5 5 10
10 9 7 9 7
8 10 10 6 10
9 6 5 9 10
9 6 6 8 10
9 7 5 8 7
10 9 5 7 9
5 10 5 5 10
10 9 7 9 7
8 10 9 6 9
9 6 5 10 10
9 6 9 8 10
9 7 5 8 9
10 10 5 7 9
5 9 5 5 10
10 9 7 9 7
8 10 10 6 10
9 6 5 10 10
9 6 9 8 10
9 7 5 8 9
10 10 5 7 9
5 10 5 5 10
10 9 7 9 7
8 10 10 6 10
9 6 5 10 10
9 6 9 8 8
9 7 5 8 9
10 10 5 7 9
5 8 5 5 10
5 9 7 9 7
8 10 10 6 10
5 6 5 10 10
9 6 9 8 10
9 7 5 8 9
10 10 5 7 9
5 10 5 5 10
10 9 7 9 7
8 9 9 6 10
9 6 5 10 10
9 6 9 8 10
7 7 5 8 9
10 10 5 7 9
5 10 5 5 10
10 9 7 9 7
8 10 10 6 10
9 6 5 10 10
9 6 9 8 10
9 7 5 8 9
5 10 5 7 9
5 9 5 5 8
10 9 7 9 7
8 10 10 6 10
9 6 5 10 10
9 5 9 8 10
7 7 5 8 9
10 10 5 7 9
5 10 5 5 10
10 9 7 9 7
8 10 10 6 10
9 6 5 6 10
8 6 9 8 10
9 7 5 8 9
9 10 5 7 9
5 10 5 5 10
10 9 7 6 7
8 10 10 6 10
9 6 5 10 10
9 6 9 6 10
9 7 5 8 9
10 10 5 7 9
5 10 5 5 5
10 9 7 9 7
8 10 10 6 10
9 6 5 10 10
9 6 9 8 10
9 7 5 8 9
10 10 5 7 9
5 10 5 5 10
10 9 7 9 7
8 10 10 6 10
9 6 5 10 10
9 6 9 8 10
7 7 5 8 9
6 9 5 7 8
5 10 5 5 8
10 9 7 9 7
8 10 10 6 10
9 6 5 10 10
7 6 9 8 10
9 7 5 8 8
10 10 5 7 9
5 10 5 5 10
10 9 7 9 7
8 10 10 6 10
9 6 5 10 10
9 6 9 8 10
7 7 5 8 9
9 10 5 7 9
5 10 5 5 10
10 9 7 9 7
8 10 10 6 10
9 6 5 10 10
9 6 8 8 10
9 7 5 8 9
10 9 5 7 9
5 10 5 5 10
10 9 7 9 7
8 10 9 6 10
9 6 5 10 10
7 6 9 8 10
7 7 5 8 9
10 10 5 7 9
5 10 5 5 10
8 9 7 9 7
8 10 10 6 8
9 6 5 10 10
9 6 9 8 10
9 7 5 8 9
10 10 5 7 5
5 10 5 5 7
10 9 7 9 5
8 10 10 6 9
9 6 5 10 5
8 6 9 8 10
9 7 5 8 9
10 10 5 5 9
5 10 5 5 10
10 9 7 9 7
8 10 10 6 10
9 6 5 10 7
9 6 8 8 10
9 7 5 8 9
10 10 5 7 9
5 10 5 5 10
10 9 7 9 7
8 10 9 6 10
9 6 5 10 10
9 6 9 8 6
9 7 5 8 9
10 10 5 7 9
5 10 5 5 10
10 9 7 9 7
8 10 10 6 10
9 6 5 10 10
9 6 9 8 10
9 7 5 8 9
10 9 5 7 9
5 10 5 5 6
5 9 7 9 7
8 10 10 6 10
9 6 5 10 10
7 6 9 8 10
9 7 5 8 9
10 10 5 7 9
5 8 5 5 10
6 9 7 9 7
8 10 10 6 10
9 6 5 10 10
9 6 8 8 10
9 7 5 8 9
9 10 5 7 9
5 8 5 5 10
10 9 7 9 7
8 10 10 6 10
9 6 5 10 10
9 6 9 8 10
6 7 5 8 9
10 10 5 7 9
5 10 5 5 10
7 8 7 9 6
8 10 10 6 10
9 6 5 10 7
9 6 9 8 10
9 7 5 8 9
10 10 5 7 9
5 10 5 5 10
10 8 7 9 7
8 6 6 6 7
9 6 5 9 10
9 6 8 8 6
9 7 5 8 9
10 10 5 7 9
5 10 5 5 10
9 9 6 9 7
8 10 10 6 10
9 6 5 10 7
9 6 9 8 7
9 7 5 8 9
6 10 5 7 6
5 10 5 5 10
8 9 7 9 7
8 10 10 6 5
9 6 5 10 10
9 6 9 8 10
9 7 5 8 9
10 10 5 7 9
5 10 5 5 10
10 8 7 9 7
8 10 7 6 9
9 6 5 10 8
9 6 9 8 7
6 7 5 8 9
10 10 5 7 9
5 10 5 5 10
10 9 7 9 7
8 10 10 6 10
8 6 5 10 10
9 6 9 8 10
9 7 5 8 6
7 10 5 7 9
5 10 5 5 10
10 9 7 6 7
8 10 10 6 10
9 6 5 6 10
9 6 9 8 10
9 7 5 8 9
10 10 5 7 8
5 10 5 5 10
8 9 7 9 7
8 10 10 6 10
9 6 5 10 10
9 6 9 8 10
9 7 5 8 9
10 10 5 7 9
5 10 5 5 10
10 9 7 9 7
8 10 10 6 10
9 6 5 10 10
9 6 9 8 10
9 7 5 8 9
10 10 5 7 9
5 10 5 5 10
10 9 7 9 7
8 9 10 6 10
9 6 5 10 10
9 6 9 8 10
9 7 5 8 9
9 10 5 7 9
5 10 5 5 10
10 9 7 9 7
8 10 10 6 10
9 6 5 10 10
9 6 9 6 10
9 7 5 8 9
10 10 5 7 9
5 10 5 5 10
5 9 7 9 7
8 10 10 6 8
9 6 5 10 10
9 6 9 8 10
9 7 5 8 9
10 10 5 7 9
5 10 5 5 10
10 9 7 9 7
8 10 10 6 10
9 6 5 10 10
9 6 9 8 10
9 7 5 8 9
10 10 5 7 9
5 8 5 5 10
9 9 7 9 7
8 10 10 6 8
9 6 5 10 10
9 6 6 8 8
7 7 5 8 9
10 10 5 6 6
5 7 5 5 10
10 9 7 9 7
8 9 10 5 10
9 6 5 10 10
8 6 8 8 10
9 7 5 8 8
10 9 5 7 9
5 10 5 5 10
8 9 7 9 7
8 8 10 6 10
9 6 5 10 10
9 6 9 8 10
9 7 5 8 9
10 10 5 7 7
5 8 5 5 10
10 9 7 9 7
8 10 10 6 10
9 6 5 10 10
9 6 9 8 8
9 7 5 8 9
10 10 5 7 9
5 9 5 5 9
10 9 7 7 7
8 10 10 6 7
9 6 5 10 10
9 6 7 8 9
7 7 5 8 9
10 10 5 5 8
5 10 5 5 10
9 9 7 9 7
8 10 10 5 10
9 6 5 10 10
9 6 9 6 10
9 7 5 8 9
10 10 5 7 9
5 10 5 5 10
10 5 7 9 7
8 10 10 6 9
9 6 5 10 10
9 6 9 8 10
9 7 5 7 9
8 10 5 7 9
5 10 5 5 9
10 9 7 9 7
8 10 10 6 10
9 6 5 10 10
9 6 9 8 10
9 7 5 8 9
10 10 5 7 9
5 9 5 5 10
10 9 7 9 7
8 10 10 6 6
9 6 5 10 10
9 6 9 5 10
9 7 5 6 9
10 10 5 7 9
5 7 5 5 8
10 9 7 9 7
8 10 10 6 10
9 6 5 10 10
9 6 8 8 10
9 7 5 8 9
6 10 5 7 9
5 10 5 5 10
10 8 7 9 7
8 10 10 6 10
9 6 5 10 10
8 6 9 8 10
9 7 5 8 9
9 10 5 7 9
5 10 5 5 10
10 9 7 9 7
8 8 10 6 10
9 6 5 8 10
9 6 8 8 10
9 7 5 8 9
10 10 5 7 6
5 9 5 5 10
10 9 7 9 7
8 10 10 6 10
9 6 5 10 10
9 6 9 8 6
9 7 5 8 9
10 10 5 7 9
5 10 5 5 10
10 9 7 9 7
8 10 10 6 5
9 6 5 10 10
9 6 9 8 10
9 7 5 8 9
6 6 5 7 7
5 10 5 5 10
10 9 7 8 7
8 9 10 6 10
9 6 5 10 10
9 6 9 8 9
9 6 5 8 9
10 10 5 7 8
5 10 5 5 10
10 9 7 9 7
8 10 10 6 10
9 6 5 10 10
9 6 6 7 10
7 7 5 8 9
10 5 5 7 9
5 10 5 5 6
10 9 7 7 7
8 10 10 6 10
9 6 5 10 10
9 6 9 8 10
9 7 5 8 9
10 10 5 7 8
5 10 5 5 10
10 9 7 9 7
8 10 10 6 10
9 6 5 10 9
9 6 8 8 10
9 7 5 8 9
10 10 5 7 7
5 10 5 5 10
10 9 7 9 7
8 10 10 6 10
9 6 5 10 10
9 6 9 6 7
9 7 5 8 9
10 5 5 7 9
5 10 5 5 10
10 9 7 6 7
8 10 10 6 10
9 6 5 6 10
9 6 9 8 10
9 7 5 8 9
10 10 5 7 9
5 10 5 5 10
10 9 7 9 7
8 10 10 6 10
9 6 5 10 10
9 6 7 8 10
9 7 5 6 9
10 10 5 7 9
5 10 5 5 10
10 9 7 9 7
8 10 10 6 10
9 6 5 10 10
9 6 9 8 10
7 7 5 8 9
10 8 5 7 7
5 10 5 5 10
10 9 7 9 7
8 9 10 6 10
6 6 5 10 10
9 6 9 8 10
7 7 5 8 9
10 10 5 7 9
5 10 5 5 10
10 9 7 9 7
8 10 9 6 10
9 6 5 10 10
9 6 9 8 10
9 7 5 8 9
10 10 5 7 8
5 10 5 5 10
10 9 7 9 7
8 10 10 6 10
8 6 5 10 10
9 6 9 8 9
9 7 5 6 9
10 10 5 7 9
5 10 5 5 10
10 9 7 9 7
8 10 10 6 8
9 6 5 10 10
9 6 9 8 10
9 7 5 8 9
10 7 5 6 9
5 10 5 5 10
10 9 7 9 7
8 10 10 6 5
9 6 5 10 10
9 6 9 8 10
9 7 5 8 9
10 10 5 7 9
5 10 5 5 10
10 9 7 9 7
8 10 10 6 10
9 6 5 10 9
9 6 9 8 10
9 7 5 8 9
10 9 5 7 9
5 10 5 5 10
10 9 7 9 7
8 10 5 6 8
8 6 5 9 8
9 6 9 8 10
9 7 5 8 9
8 10 5 7 9
5 10 5 5 10
10 9 7 9 7
8 7 5 6 10
9 6 5 10 6
9 6 9 8 10
9 7 5 7 9
8 10 5 7 9
5 10 5 5 10
10 9 7 9 7
8 9 10 6 10
5 6 5 7 10
9 6 9 8 10
9 7 5 8 9
10 9 5 7 9
5 10 5 5 10
10 9 7 9 7
8 10 10 6 10
9 6 5 10 10
9 6 9 8 10
8 7 5 8 9
10 10 5 7 9
5 10 5 5 10
10 7 7 9 7
8 7 6 6 10
9 6 5 10 9
9 6 8 8 10
9 7 5 8 9
10 10 5 7 9
5 10 5 5 10
10 9 6 9 7
8 10 10 6 10
9 6 5 10 10
9 6 9 8 10
9 7 5 8 9
8 10 5 7 9
5 10 5 5 10
10 9 7 9 7
5 10 10 6 10
9 6 5 9 10
9 6 9 8 9
9 7 5 7 9
10 10 5 7 9
5 10 5 5 10
10 9 7 5 7
8 10 10 6 10
7 6 5 10 10
9 6 9 8 9
9 7 5 7 9
10 10 5 7 9
5 10 5 5 10
10 9 7 9 7
8 10 10 6 10
9 6 5 10 10
9 6 9 8 8
9 7 5 8 9
10 9 5 7 9
5 10 5 5 10
10 9 7 9 7
8 10 10 6 7
9 6 5 10 10
7 6 9 8 10
9 7 5 8 9
5 10 5 7 9
5 10 5 5 10
10 9 7 9 7
8 9 10 6 10
9 6 5 10 10
9 6 9 8 10
9 7 5 8 9
10 10 5 7 9
5 9 5 5 10
10 9 7 9 7
8 10 10 6 10
9 6 5 10 10
9 6 9 8 10
9 7 5 8 9
10 10 5 7 9
5 10 5 5 9
10 9 7 9 7
8 10 10 6 10
9 6 5 10 10
9 6 9 8 10
9 7 5 8 9
6 10 5 7 9
5 10 5 5 10
10 9 7 9 7
8 10 10 6 10
9 6 5 10 10
9 6 9 8 10
9 7 5 8 9
10 10 5 7 9
5 10 5 5 10
10 9 7 9 7
8 10 10 6 10
9 6 5 10 10
9 6 7 8 10
9 7 5 8 9
10 10 5 7 9
5 10 5 5 10
10 9 7 9 7
8 10 7 6 10
7 6 5 10 10
9 6 9 8 10
9 7 5 8 9
10 10 5 7 9
5 10 5 5 9
10 9 7 9 7
8 10 10 6 10
9 6 5 10 8
9 6 9 8 10
9 7 5 8 9
10 6 5 7 9
5 10 5 5 10
10 9 7 9 7
8 10 10 6 10
9 6 5 9 10
9 6 9 8 10
9 7 5 8 9
9 5 5 7 9
5 7 5 5 10
10 9 7 9 7
8 10 10 6 10
9 6 5 10 7
9 6 9 8 10
9 7 5 8 6
10 10 5 7 9
5 10 5 5 10
10 9 7 9 7
8 10 10 6 8
9 6 5 10 10
9 6 9 8 10
9 7 5 8 9
10 10 5 7 9
5 10 5 5 10
10 9 7 9 7
5 10 10 6 10
9 6 5 10 10
9 6 9 8 10
9 7 5 8 9
10 10 5 7 9
5 10 5 5 10
10 9 7 9 7
8 10 10 6 10
9 6 5 10 10
9 6 9 8 10
9 7 5 8 9
10 10 5 7 9
5 10 5 5 10
10 9 7 9 7
8 10 10 6 10
9 6 5 10 10
9 6 9 8 10
9 7 5 8 9
10 10 5 7 9
5 10 5 5 10
10 9 7 9 7
8 10 10 6 10
9 6 5 10 9
9 6 8 8 7
9 7 5 6 9
10 10 5 7 9
5 10 5 5 10
10 9 7 9 7
8 10 10 6 10
9 6 5 10 10
9 6 9 8 10
9 7 5 8 9
10 9 5 7 9
5 10 5 5 10
10 9 7 9 7
8 10 9 6 10
9 6 5 10 10
9 6 9 8 10
9 7 5 8 9
10 10 5 7 9
5 10 5 5 10
10 9 7 9 7
8 10 10 6 10
9 6 5 10 10
9 6 9 8 10
9 7 5 8 9
10 10 5 7 9
5 10 5 5 10
10 9 7 9 7
7 10 10 6 10
9 6 5 10 10
9 6 9 8 10
9 7 5 8 8
10 10 5 7 8
5 7 5 5 5
9 9 7 9 7
8 10 10 6 10
9 6 5 10 10
9 6 9 8 10
9 7 5 8 9
10 10 5 7 9
5 5 5 5 10
10 6 7 9 7
8 10 10 6 7
9 6 5 8 10
9 6 9 8 10
9 7 5 8 9
10 10 5 7 9
5 10 5 5 10
10 9 7 9 7
8 10 10 6 10
9 6 5 10 10
9 6 9 8 10
8 7 5 8 7
10 10 5 7 9
5 10 5 5 10
10 9 7 9 7
8 10 10 6 9
7 6 5 10 10
9 6 9 8 10
9 7 5 8 9
10 10 5 7 9
5 10 5 5 10
10 9 7 9 7
8 10 10 6 10
9 6 5 8 10
9 6 9 8 10
9 7 5 8 9
10 10 5 7 9
5 10 5 5 10
10 9 7 9 7
8 10 10 6 10
9 6 5 10 8
9 6 9 8 10
9 7 5 8 9
9 10 5 7 9
5 10 5 5 9
8 9 7 9 7
8 10 10 6 10
9 6 5 10 9
9 6 7 8 10
9 7 5 8 9
10 10 5 7 7
5 10 5 5 10
10 9 7 9 7
8 10 10 6 9
9 5 5 10 10
9 6 8 7 10
9 7 5 8 9
8 10 5 7 9
5 10 5 5 10
9 9 7 9 7
8 10 10 6 10
9 6 5 9 10
9 6 9 8 10
9 7 5 8 9
10 10 5 7 9
5 10 5 5 10
10 9 7 9 7
8 6 10 6 10
9 6 5 10 10
9 6 9 8 10
8 7 5 8 7
10 10 5 7 9
5 10 5 5 9
10 9 7 9 7
8 10 9 6 9
9 6 5 10 10
9 6 9 8 7
5 7 5 8 9
10 10 5 7 8
5 10 5 5 10
10 9 7 8 7
8 10 10 6 9
9 5 5 10 10
9 6 9 8 10
9 7 5 8 8
10 10 5 7 9
5 10 5 5 10
10 8 7 6 7
8 10 10 6 9
9 6 5 9 10
9 6 9 8 10
8 7 5 8 9
8 10 5 7 9
5 10 5 5 10
10 9 7 8 7
8 10 9 6 10
9 6 5 10 10
9 6 9 8 9
8 7 5 8 9
10 10 5 7 9
5 10 5 5 10
10 9 7 9 7
8 10 10 6 7
9 6 5 10 10
9 6 9 8 10
9 7 5 8 9
10 10 5 7 9
5 10 5 5 10
9 9 7 9 7
8 10 10 6 7
9 6 5 10 10
9 6 9 8 10
9 7 5 8 9
10 10 5 7 9
5 9 5 5 10
10 9 7 9 7
7 10 9 6 8
9 6 5 10 10
9 6 9 8 10
9 7 5 8 9
7 10 5 7 9
5 10 5 5 10
10 9 7 9 6
8 10 10 6 10
9 6 5 10 10
9 6 9 8 10
9 7 5 8 9
9 10 5 7 9
5 8 5 5 10
10 9 7 9 7
8 10 10 6 10
9 6 5 8 10
9 6 9 8 10
9 7 5 8 9
10 10 5 7 9
5 10 5 5 10
10 9 6 9 7
7 10 9 6 10
9 6 5 10 10
9 6 9 8 10
9 7 5 5 9
10 10 5 7 9
5 10 5 5 10
10 9 7 9 7
7 8 10 6 10
9 6 5 10 10
8 6 9 8 10
9 7 5 8 9
10 10 5 7 9
5 10 5 5 7
9 9 7 9 7
8 10 10 6 6
9 6 5 10 10
8 6 9 8 10
8 7 5 8 9
10 10 5 7 8
5 10 5 5 10
10 9 7 9 7
8 10 10 6 10
9 6 5 9 9
9 6 9 8 10
9 7 5 8 9
10 10 5 7 9
5 10 5 5 10
10 9 7 9 5
8 10 10 6 10
9 6 5 10 10
9 6 9 8 10
9 7 5 8 7
10 8 5 7 9
5 10 5 5 10
10 9 7 9 7
8 10 10 6 10
9 6 5 8 10
9 6 9 8 10
9 7 5 8 9
10 8 5 7 9
5 10 5 5 10
5 9 7 9 7
8 10 10 6 10
9 6 5 10 10
9 6 9 8 7
9 7 5 8 9
10 10 5 7 9
5 10 5 5 10
10 9 7 9 7
7 10 10 6 10
9 6 5 10 10
9 6 8 8 10
9 7 5 8 9
6 10 5 7 9
5 9 5 5 10
10 9 7 9 7
8 10 10 6 10
9 6 5 9 10
5 6 9 8 10
9 7 5 8 9
10 10 5 7 9
5 10 5 5 10
9 9 7 9 7
8 10 10 6 10
7 6 5 10 8
9 6 9 8 10
9 7 5 8 9
10 10 5 7 9
5 10 5 5 6
10 9 7 9 7
8 10 10 6 10
9 6 5 10 10
9 6 9 8 10
9 7 5 8 9
10 10 5 7 7
5 10 5 5 10
10 9 7 8 7
8 10 9 6 10
9 6 5 10 5
9 6 8 8 10
9 7 5 8 8
10 10 5 7 9
5 9 5 5 10
10 9 7 9 7
8 9 10 6 10
9 6 5 10 10
9 6 9 8 6
9 7 5 8 9
9 10 5 7 9
5 10 5 5 10
10 9 7 9 7
8 10 10 6 8
9 6 5 10 10
9 6 5 8 10
9 7 5 8 9
10 10 5 7 6
5 10 5 5 10
10 9 7 9 7
8 10 10 6 10
9 6 5 10 5
9 6 9 8 10
9 7 5 7 9
10 10 5 7 9
