14 5 15
480 1367 2204 2845
1137 1836 2683
688 1476
827
1005 1524 2832 3633 4599
952 1455 2563 3056 4533
965 1535 2827 3668 4097
948 1593 2687 3603 4177
947 1566 2503 3365 4193
1010 1638 2969 3328 4331
995 1678 2467 3570 4389
881 1600 2745 3453 4563
963 1487 2540 3488 4270
851 1703 2459 3318 4814
850 1502 2916 3127 4272
995 1563 2444 3622 4531
948 1602 2607 3273 4760
884 1752 2796 3366 4559
10 5 10 7 5
6 6 6 8 9
6 9 5 7 9
7 8 10 5 7
10 5 10 5 6
8 6 8 6 8
5 7 7 6 7
8 5 10 5 6
9 9 7 5 5
5 9 7 9 6
5 6 6 7 8
8 6 5 5 10
8 5 6 10 6
10 5 8 6 6
0 8 0 5 0
7 6 5 7 6
5 11 2 5 4
6 6 3 5 4
5 7 5 3 8
6 7 3 6 2
5 6 2 7 6
7 2 5 1 2
6 4 1 3 5
12 3 7 11 6
2 3 6 6 3
9 6 6 9 5
4 5 2 8 6
3 5 3 5 4
2 6 2 2 4
