14 5 15
450 815 2052 3079
473 1203 2144
942 1803
919
777 1276 1915 2956 4056
714 1526 1879 3098 4018
785 1465 2097 2850 3447
752 1412 2085 2814 4134
827 1296 2018 3151 3944
764 1275 2151 3122 4040
846 1493 2040 2878 4108
820 1540 2038 3224 3987
826 1271 2196 2821 4157
795 1419 1959 3109 4109
754 1309 2110 2964 3771
802 1404 2161 2800 3955
793 1468 1903 2863 3831
816 1291 2047 3223 3784
6 5 10 6 10
7 9 5 10 5
9 10 8 9 6
5 5 8 8 8
8 7 6 9 9
5 5 9 5 5
5 7 9 5 5
6 6 7 7 5
7 6 8 6 7
9 9 6 6 8
8 6 10 7 5
5 6 9 5 9
6 5 7 10 8
8 9 5 10 10
0 1 5 4 4
4 7 7 7 2
2 6 5 9 7
5 6 4 2 2
1 10 6 3 5
4 3 3 5 4
6 3 9 3 8
9 7 2 8 5
1 9 2 8 4
4 6 5 1 3
2 0 6 4 3
7 3 5 7 3
2 3 4 6 10
9 12 3 2 4
14 4 8 4 2
