14 5 15
436 998 1379 2309
407 1152 1658
679 1478
685
764 1323 1817 2711 3508
660 1285 1889 2438 3619
700 1435 2196 2500 3602
767 1458 1849 2705 3435
654 1535 2102 2826 3317
753 1527 1883 2709 3283
690 1425 2047 2905 3073
739 1424 2083 2443 3399
703 1301 1967 2579 3258
762 1373 2172 2809 3539
654 1448 1893 2597 3235
644 1301 1936 2664 3320
705 1480 2146 2751 3482
762 1386 2172 2931 3252
9 9 9 5 6
9 8 9 7 5
5 7 7 9 5
5 6 6 8 8
7 8 8 10 7
6 5 7 6 10
9 7 9 7 8
7 5 5 8 10
9 7 8 8 10
9 9 10 10 6
8 10 6 9 6
9 7 8 10 7
8 6 9 9 5
9 8 9 7 7
4 4 5 4 5
2 8 9 6 7
5 10 9 8 3
4 1 14 9 7
5 6 9 2 2
3 3 3 5 5
10 2 7 6 0
2 6 4 5 7
4 10 4 6 7
2 2 4 6 4
2 4 8 6 5
9 4 3 2 3
6 6 2 4 7
2 6 5 8 3
2 4 7 6 7
