14 5 15
241 742 1331 2040
513 1239 1776
663 1102
648
707 1022 1625 2368 3130
707 1007 1536 2516 2830
629 950 1596 2379 2789
588 1076 1556 2477 3313
696 1087 1836 2456 2880
638 974 1843 2517 3042
698 1043 1600 2388 2786
636 994 1727 2548 2958
653 914 1655 2383 3152
622 942 1575 2643 2861
703 921 1676 2387 3199
620 968 1790 2774 3251
620 1003 1566 2641 2781
690 988 1813 2421 3010
7 6 10 7 6
9 8 8 5 8
6 5 8 8 9
5 8 9 9 9
5 7 9 8 5
6 7 8 7 10
10 7 9 7 5
7 7 7 9 7
10 7 7 8 8
8 6 7 8 5
8 7 5 7 9
10 5 10 10 6
8 7 9 6 5
10 8 9 8 9
2 8 2 0 2
6 2 5 5 9
4 8 3 3 6
2 4 4 6 10
3 6 9 1 3
8 7 4 3 1
1 4 2 6 4
2 9 7 4 2
6 6 8 5 4
3 8 7 2 4
5 3 8 5 5
5 7 5 8 5
2 4 10 3 6
2 4 1 3 6
3 1 0 6 2
