14 5 15
328 1153 1516 2322
734 1128 2125
550 1279
749
726 1141 2066 2653 3546
773 1325 2294 3058 3826
757 1214 2153 2934 3966
787 1136 2363 3136 3544
822 1340 2183 2936 3389
783 1143 2331 2682 3983
831 1145 2332 2592 3661
827 1318 2219 3097 3378
850 1241 2068 3064 3486
884 1179 2172 2804 3371
750 1323 2072 2965 3940
849 1344 2075 2734 4046
740 1291 2088 2932 3732
878 1359 2242 2780 3862
7 10 10 5 7
5 9 6 10 6
5 10 6 7 6
8 9 7 10 8
9 5 10 10 10
8 9 5 7 9
5 8 9 7 8
7 8 8 8 10
5 8 8 10 7
6 9 10 9 7
6 8 8 7 9
9 7 8 6 10
7 9 6 6 7
7 5 10 6 8
9 10 0 4 0
4 6 9 2 4
6 7 5 3 9
2 7 4 5 7
5 5 8 7 5
4 8 5 6 0
7 5 4 6 6
3 13 4 4 4
9 7 10 8 5
6 2 5 4 7
3 3 8 10 4
2 8 5 5 7
4 4 3 5 4
9 2 5 13 1
5 3 5 3 5
