14 5 15
594 1188 2072 2596
634 1835 1944
986 1411
184
926 1581 2450 3833 4036
915 1536 2638 3281 4735
841 1586 2637 3686 4674
854 1665 2520 3765 4231
848 1645 2795 3784 4604
844 1537 2982 3860 4466
961 1450 2681 3191 4559
890 1581 2866 3316 4504
850 1518 2945 3500 4108
842 1646 2760 3844 4057
953 1625 2780 3629 4771
1010 1624 2623 3562 4413
848 1520 2605 3184 4206
884 1491 2885 3322 4153
9 8 5 10 10
6 5 7 8 8
10 7 8 8 8
10 6 9 7 9
10 6 8 10 6
6 5 10 10 8
7 5 9 8 7
5 8 10 7 7
7 10 8 10 10
8 9 8 6 7
6 8 7 8 6
7 8 9 9 7
7 6 5 5 7
6 8 7 10 7
6 3 0 10 0
4 3 6 7 4
6 8 2 5 5
3 7 3 3 5
6 2 1 3 4
7 8 0 5 1
3 8 5 3 2
8 5 4 3 5
4 7 6 4 3
9 12 8 2 3
3 5 6 7 5
2 1 5 4 1
4 4 6 4 6
5 4 4 3 2
2 7 1 5 3
