14 5 15
678 1450 2540 2448
906 1384 1724
541 844
265
1009 1821 2983 3729 4023
959 2066 2691 3467 4354
929 1858 2626 3851 4102
936 1784 2544 3480 4564
903 2133 2629 3971 4491
892 2020 2695 3459 4842
1051 2067 2634 3815 4231
1035 1901 2638 3662 4660
954 1901 3000 3383 4485
1069 2017 2893 3329 4536
1070 1942 2765 3829 4565
913 1985 2807 3759 4225
1079 1812 2959 3375 4632
954 1809 2745 3279 4789
10 7 9 10 8
5 7 10 7 9
8 6 9 8 6
9 5 9 7 5
7 6 8 8 8
7 7 10 5 6
8 6 8 9 7
5 10 10 6 5
7 5 7 9 7
7 6 8 10 5
5 10 8 9 8
8 8 6 9 8
6 7 5 8 10
5 5 6 10 9
8 1 9 0 5
2 6 4 3 13
1 7 8 5 3
5 5 2 2 4
7 4 7 6 5
7 3 2 6 4
7 0 5 8 10
3 7 5 6 2
11 3 4 5 4
5 4 10 5 11
5 9 5 6 10
6 4 2 6 6
2 3 1 9 10
4 5 7 7 9
2 3 6 4 5
