14 5 15
482 1385 1658 2752
863 1439 2450
460 1441
981
912 1458 2419 2998 4239
885 1312 2439 3356 4540
826 1526 2372 3239 4518
923 1284 2546 3571 4375
880 1531 2383 3092 4142
834 1457 2553 3563 4539
924 1328 2232 2996 4424
856 1376 2220 2979 4248
848 1345 2259 3277 3987
851 1299 2644 3129 4221
956 1338 2317 3165 4197
894 1481 2238 3442 4381
957 1417 2416 2978 3954
880 1468 2198 3505 3823
7 6 10 7 7
8 8 8 7 9
10 7 10 9 5
10 6 8 9 9
7 10 8 5 9
7 7 5 10 7
7 7 5 8 6
9 9 10 8 10
8 5 9 7 6
7 5 10 5 9
8 10 7 10 7
9 5 8 9 5
6 9 5 8 5
7 10 5 7 8
1 1 0 6 4
4 1 3 8 1
5 6 3 7 5
2 4 3 4 2
5 4 8 4 7
4 7 4 1 4
0 7 6 5 7
6 8 3 7 5
7 4 4 3 8
2 13 9 4 2
5 3 4 6 1
6 6 1 4 7
9 2 4 2 6
6 4 2 1 7
5 7 9 1 3
