14 5 15
276 629 1417 2202
401 877 1891
507 1324
684
533 872 1405 2060 3010
529 963 1646 2040 2519
572 813 1423 1985 2829
558 875 1602 2181 2676
550 885 1554 2168 2523
510 969 1457 1997 2831
546 891 1496 2185 2559
600 947 1404 2158 2936
520 954 1635 1932 2970
579 844 1521 1962 3029
589 874 1649 1828 2568
606 928 1371 2056 2572
561 964 1412 2205 2627
527 880 1568 1828 2516
7 6 10 8 8
8 8 8 9 6
9 8 7 9 10
6 10 6 6 8
7 5 7 6 6
9 6 5 10 9
5 9 8 6 10
7 7 6 10 9
7 8 8 7 9
5 10 5 6 5
6 6 9 9 10
5 10 10 10 7
10 10 10 6 6
6 5 7 7 6
9 3 0 3 5
2 5 3 5 7
4 9 7 6 5
3 10 1 5 2
6 6 4 6 6
7 6 0 4 0
5 1 7 6 6
2 4 6 3 10
5 4 8 5 7
5 0 11 3 7
1 5 1 4 2
4 6 8 6 9
6 4 2 6 1
9 6 5 3 5
2 3 8 1 5
