14 5 15
349 972 1479 1847
518 1410 1437
645 1069
470
702 1200 1925 2704 3236
638 1128 1814 2497 2912
730 1159 1873 2512 3503
643 1239 1703 2614 3019
768 1215 1991 2898 3181
738 1099 1703 2692 3375
717 1205 1720 2733 3348
764 1271 1792 2491 3002
635 1173 1745 2759 3149
663 1230 1790 2574 3525
716 1239 1773 2742 3168
707 1131 1923 2879 3007
661 1246 1789 2660 3140
656 1134 1843 2633 3402
7 5 6 5 7
7 8 8 8 8
10 7 10 10 8
6 6 5 8 6
10 10 5 5 7
10 5 7 7 8
10 5 10 8 10
8 7 8 9 5
6 6 8 9 5
7 6 5 10 5
10 6 5 9 10
10 5 7 9 7
9 7 5 9 7
6 8 9 6 7
12 1 4 1 2
4 1 5 3 2
6 6 8 3 3
4 4 5 5 6
9 8 1 8 9
3 5 6 7 4
13 3 15 6 3
6 7 2 2 6
6 10 1 4 3
7 8 4 5 8
3 1 3 11 2
6 8 4 6 6
3 3 5 5 3
8 3 8 2 0
4 8 5 4 4
