14 5 15
590 1103 1524 2645
577 1061 1989
609 1617
1209
766 1466 2267 2923 4206
829 1630 2443 3386 3988
871 1422 2519 3336 3872
828 1350 2217 3038 4437
885 1414 2225 3225 4258
830 1404 2579 3342 3928
791 1585 2667 3033 3917
790 1626 2304 3079 4551
844 1578 2251 3065 4266
794 1387 2553 2934 4517
822 1634 2421 3237 3995
822 1565 2456 3535 4085
888 1470 2470 3416 4556
766 1565 2432 3365 4538
8 9 10 10 10
8 9 10 6 5
6 10 10 10 8
6 6 5 8 8
7 7 7 6 9
8 8 5 10 5
5 5 8 10 6
6 8 6 5 10
9 5 8 9 10
5 5 10 9 9
9 7 6 6 5
7 6 5 5 8
9 10 8 8 7
7 7 5 10 8
8 2 4 6 2
4 8 1 3 6
3 6 5 4 2
9 5 3 6 5
3 8 2 3 6
6 5 5 7 6
8 5 4 5 6
6 2 1 3 5
4 6 2 6 5
5 1 4 2 3
10 8 2 5 5
11 14 4 6 2
3 4 6 6 2
6 5 10 8 9
3 5 4 2 3
