14 5 15
444 561 1621 1847
268 1172 1515
915 1156
381
673 1156 1455 2564 2991
601 1058 1611 2652 2852
639 1044 1576 2610 3374
697 1034 1525 2476 3172
632 986 1551 2498 3107
693 1099 1667 2563 3149
596 1031 1605 2220 3120
615 949 1761 2584 3384
574 1022 1491 2384 3001
697 1153 1580 2212 3215
613 1119 1678 2292 2885
612 1033 1726 2355 2963
620 1097 1535 2196 2988
651 962 1700 2352 3291
5 5 5 10 8
8 7 6 8 7
5 7 9 7 10
10 6 5 9 6
5 10 5 9 7
10 8 8 7 7
5 7 9 7 7
10 6 5 7 8
8 7 6 8 7
6 10 6 9 9
9 8 5 10 8
6 8 9 5 7
9 5 9 5 6
5 5 9 8 9
3 7 0 9 2
6 4 5 6 10
5 7 7 2 4
6 4 5 5 4
6 2 8 1 5
3 4 6 8 9
9 7 2 3 8
4 7 6 0 5
5 4 7 3 4
1 3 6 5 2
2 2 6 5 4
4 5 2 5 5
4 10 6 4 3
5 6 4 3 9
5 9 3 7 7
