14 5 15
341 1232 2048 2293
954 1508 2538
617 1670
918
877 1326 2382 3169 4153
927 1410 2030 3222 4121
808 1439 2346 3468 3933
815 1361 2079 3483 4001
823 1344 2222 2979 3909
885 1387 2244 3242 4383
920 1498 2184 3328 4058
777 1536 2151 3163 4483
793 1275 1971 3184 4244
869 1311 1961 3320 4128
892 1294 2037 3283 4314
825 1343 1977 3059 4403
879 1277 2032 3260 4219
853 1498 2346 3444 4549
7 9 5 6 5
7 8 5 6 10
6 9 9 9 5
6 6 6 8 9
10 10 6 8 9
10 10 8 6 6
5 6 6 7 9
10 9 6 5 7
6 7 6 6 7
10 5 7 8 6
9 8 7 9 5
7 5 10 6 6
9 8 5 8 6
7 10 6 6 6
0 0 0 8 2
6 2 13 3 3
3 11 2 3 1
4 3 6 4 4
10 3 7 4 4
3 3 6 12 4
2 3 8 7 7
7 4 5 3 2
3 10 7 1 10
7 8 3 6 3
6 2 3 2 5
3 5 6 4 5
5 3 5 2 6
1 6 4 9 8
4 7 4 2 3
