14 5 5
582 1194 1482 2461
674 944 2158
485 1254
876
898 1628 2397 2923 3953
889 1516 2278 3423 4276
840 1623 2149 3275 4239
912 1579 2174 3208 3779
787 1579 2341 2906 4294
892 1618 1988 3327 3943
870 1658 2160 3298 4042
839 1557 2061 3238 3830
848 1448 2099 3201 4420
788 1555 2255 3321 3832
876 1543 2198 2953 4078
885 1473 2333 3054 3643
791 1711 2386 3376 3788
879 1535 2383 3466 4168
6 6 8 6 5
8 5 6 10 9
5 5 5 10 8
10 5 6 8 10
8 6 7 7 6
8 8 5 6 10
7 7 6 8 9
9 5 10 7 9
7 5 10 5 10
7 5 5 10 7
7 8 10 6 8
5 7 8 5 6
7 10 7 8 7
10 8 9 7 9
6 1 3 7 3
15 13 37 10 5
18 12 0 8 11
33 6 16 20 25
8 40 10 19 18
6 32 23 11 6
9 8 11 10 14
20 19 16 33 5
22 10 7 14 14
13 7 29 14 15
15 14 38 9 4
16 8 8 28 15
21 4 4 16 24
23 17 17 10 4
18 16 32 8 8
