14 5 5
460 683 1180 1803
138 700 1452
698 1348
549
592 1199 1385 2191 2891
632 1092 1424 2133 3005
545 1081 1422 2139 3114
587 1085 1372 2231 3104
591 1018 1600 1928 2694
525 1004 1551 2047 2660
597 1130 1478 1977 2767
641 1143 1357 1932 2893
549 1200 1483 2024 2888
628 1109 1443 1983 3028
553 1087 1548 2220 2784
564 1026 1437 2001 2647
582 1037 1634 2042 2992
640 1066 1359 1950 3120
7 6 8 6 7
5 5 5 7 9
5 5 8 7 5
10 7 7 6 9
6 9 6 9 7
6 5 10 7 5
6 8 8 5 6
5 7 5 6 5
10 7 9 10 6
5 9 9 5 6
8 6 7 5 10
6 8 9 10 9
7 5 6 7 6
8 7 7 5 10
3 5 1 5 1
20 14 12 16 37
12 10 25 19 22
11 15 9 17 17
13 8 18 14 34
40 9 20 3 9
12 9 26 26 16
13 3 14 19 14
17 14 12 15 20
10 34 22 20 7
7 4 7 13 17
15 9 8 6 22
21 13 7 15 8
6 9 15 25 17
6 11 7 8 7
