14 5 5
440 925 1079 1746
617 755 1336
110 710
431
622 1109 1824 1959 2574
573 1040 1505 2122 2870
597 1000 1621 2183 2937
634 1048 1702 2115 2463
584 1053 1670 2095 2682
546 1051 1723 1987 2856
593 996 1524 2140 2693
643 1017 1779 2088 2935
555 965 1760 1951 2524
627 968 1584 2257 2932
541 977 1563 2158 2493
573 1038 1542 2295 2495
579 1064 1794 2093 2587
546 1018 1814 2231 2659
10 7 6 8 10
7 8 8 9 7
10 6 5 5 7
9 9 5 7 10
9 5 10 8 5
8 7 8 6 6
8 6 8 5 7
6 5 8 7 6
8 10 6 6 8
5 9 6 8 7
5 5 5 9 7
7 9 10 9 8
6 10 10 7 9
8 7 6 9 9
13 3 1 6 2
23 11 6 35 15
10 8 16 7 12
10 14 31 6 10
26 24 11 20 10
19 4 28 4 18
8 16 15 11 12
20 16 3 7 18
9 14 26 3 24
18 12 14 4 15
7 35 38 9 14
12 12 17 14 11
10 22 2 27 7
17 8 25 21 27
24 7 14 18 41
