14 5 5
386 1103 2079 2648
588 1791 1781
1307 1372
17
950 1456 2263 3763 3783
929 1454 2511 3308 4202
850 1460 2556 3775 4212
935 1588 2311 3386 3783
948 1591 2266 3650 4185
946 1577 2572 3624 4348
827 1568 2329 3615 4519
961 1629 2360 3956 3872
908 1679 2453 3434 4117
876 1660 2142 3905 3935
890 1612 2547 3371 4264
927 1688 2358 3701 3979
988 1764 2403 3477 4553
886 1527 2177 3566 4288
5 5 10 9 10
6 10 7 7 9
8 7 5 8 6
6 9 7 5 5
5 8 7 9 8
5 5 10 6 6
8 7 10 8 10
7 9 9 5 8
6 6 9 9 7
5 9 5 6 10
10 7 8 7 10
5 8 8 5 7
8 8 5 9 9
6 10 9 9 8
1 4 5 0 5
32 18 25 16 32
25 12 23 17 30
14 15 15 9 22
14 3 12 11 14
13 29 11 33 10
9 10 22 10 7
29 24 17 13 30
14 8 3 16 21
5 15 17 12 12
24 8 11 12 5
11 14 14 19 22
10 12 9 10 16
11 11 19 9 20
34 21 30 25 3
