14 5 5
551 1421 1969 3963
886 1375 2939
663 2405
1294
982 1697 2674 3454 5237
1042 1606 2338 3714 5192
993 1660 2638 3505 4898
981 1847 2750 3586 4767
911 1897 2541 3312 4581
959 1682 2351 3703 4503
1022 1822 2648 3465 4697
960 1786 2838 3961 4739
958 1797 2626 3970 5284
917 1621 2607 3574 4643
961 1868 2702 3718 4721
932 1718 2710 3488 5125
908 1781 2716 3390 5289
971 1883 2430 3482 5313
8 8 5 7 5
5 6 9 10 7
10 8 6 9 10
10 10 8 9 7
7 6 7 7 5
8 7 6 7 5
8 7 7 9 6
7 6 6 8 7
6 6 5 10 9
8 6 8 8 7
9 10 10 5 6
5 9 6 5 5
8 7 5 9 6
10 10 9 10 9
7 0 7 0 5
36 3 8 10 24
13 11 6 6 21
4 32 18 34 22
13 7 15 20 6
6 14 17 2 34
5 12 7 10 11
8 9 42 17 11
9 21 12 6 18
29 20 21 7 14
21 23 3 19 6
18 26 27 12 5
5 19 7 26 17
11 17 16 17 10
15 16 6 13 17
