14 5 5
409 969 1237 2291
625 1050 1636
479 1165
713
690 1200 1860 2385 3239
664 1136 1965 2420 3185
748 1170 1984 2466 3178
633 1143 1903 2661 2974
719 1222 1685 2667 3248
751 1010 1871 2742 3501
724 1061 1918 2694 3044
706 1059 1760 2477 3240
647 1032 1896 2379 3293
673 1156 1800 2624 3455
688 1126 1945 2354 3471
659 1005 1738 2634 3467
745 1018 1934 2325 3425
718 1176 1670 2639 2929
8 8 8 8 7
9 6 9 5 9
7 6 6 10 9
7 7 6 6 8
9 10 7 7 5
8 8 5 9 6
9 8 5 6 10
5 8 8 6 6
6 8 9 9 9
8 9 5 10 8
9 5 7 9 5
5 9 8 5 5
5 7 8 8 10
8 5 9 8 7
4 3 5 1 5
25 7 26 17 11
26 12 9 14 6
11 23 15 9 37
11 0 26 18 13
11 26 11 16 6
15 12 19 13 6
40 9 27 12 8
24 20 14 12 11
21 6 18 21 9
24 17 19 21 18
11 14 26 21 16
16 15 12 13 9
12 10 3 4 13
20 11 8 17 11
