14 5 5
562 1826 2014 3198
1183 1532 2599
475 1489
961
1036 1645 3081 3585 4818
952 1441 2568 3813 4909
1024 1490 3057 4210 4881
1085 1629 3062 4205 4915
1074 1510 2745 3767 5104
900 1611 2924 3956 5376
971 1496 2604 4080 5313
945 1498 2854 4260 5359
989 1600 2925 4202 5281
1023 1546 2821 4194 5135
982 1733 3048 3902 5117
926 1669 2628 3813 4449
1017 1542 2724 4112 5389
949 1672 2761 4237 4733
10 7 5 7 6
5 6 9 8 6
9 6 8 8 10
7 6 10 7 8
8 9 7 7 9
6 10 7 6 5
10 9 9 9 10
7 5 6 5 5
5 7 10 5 8
5 7 8 9 10
5 6 5 8 9
6 5 10 8 5
5 5 10 8 10
8 8 7 6 8
3 2 6 3 1
24 14 17 16 4
7 14 5 23 26
8 14 4 3 17
14 16 10 10 29
5 8 19 23 9
17 22 29 11 15
2 27 30 11 13
23 28 11 16 20
10 4 34 11 8
22 12 5 17 9
12 27 22 12 17
6 13 8 5 17
18 7 11 16 28
35 7 5 9 12
