14 5 5
373 1360 1677 3114
729 1088 2588
364 1481
1004
896 1423 2463 2942 4267
822 1350 2334 2995 3874
950 1470 2331 3420 4240
844 1382 2410 3389 3817
881 1302 2047 3266 4230
789 1378 2475 3399 3880
917 1328 2039 3271 3686
954 1430 2168 3447 4187
949 1371 2298 3362 4208
825 1266 2143 3328 3727
934 1287 2183 2955 4334
933 1436 2055 2990 4023
863 1416 2173 2953 4042
896 1269 2363 3471 4260
6 6 8 8 8
6 6 6 6 5
9 9 8 8 8
5 8 9 10 9
6 10 6 10 9
8 9 5 6 5
8 9 6 8 8
6 10 6 9 5
5 10 5 6 6
10 7 7 10 7
6 5 5 6 8
6 10 9 8 9
7 5 7 8 8
5 10 7 6 6
5 4 1 8 3
6 13 9 4 14
10 28 7 8 9
14 23 20 17 11
8 23 25 7 31
5 24 2 33 22
11 21 10 10 24
13 9 29 27 12
16 6 15 18 10
13 17 12 24 7
20 9 10 23 47
17 13 30 8 8
7 16 19 6 9
25 41 10 16 24
13 14 33 20 18
