14 5 5
465 820 1468 2604
352 875 2124
561 1349
986
800 1357 1753 2467 3661
798 1452 1805 2804 3461
760 1508 1862 2856 3467
726 1312 1749 2726 3892
728 1507 1903 2741 3743
744 1384 2109 2474 3923
708 1293 1776 2467 3255
747 1485 1923 2684 3624
729 1518 1772 2527 3902
786 1556 1966 2582 3942
665 1466 1787 2605 3749
749 1362 1760 2775 3523
683 1401 1904 2468 3437
681 1436 1759 2755 3696
8 5 8 6 6
6 8 8 5 8
6 7 5 6 5
9 8 5 6 7
5 10 8 7 8
9 9 7 6 8
8 10 7 5 5
9 10 9 7 9
8 7 7 9 9
7 6 5 5 7
5 10 5 10 5
9 10 5 10 8
7 10 10 5 9
5 7 8 5 5
14 2 3 3 3
10 21 16 14 14
14 34 10 8 8
5 16 21 19 8
16 27 14 16 14
14 4 30 36 8
11 12 22 20 5
22 14 4 12 24
16 8 30 17 19
16 4 18 22 13
22 17 8 10 15
11 7 26 5 19
15 17 11 16 13
16 10 12 20 16
19 16 9 18 16
