14 5 5
290 1236 1956 1822
860 1718 1856
550 763
214
834 1221 2375 3097 3390
760 1227 2460 2874 3384
697 1418 2093 2686 3419
765 1296 2341 3024 3441
740 1373 2502 2679 3380
718 1446 2125 2858 3350
811 1471 2245 2685 3820
784 1217 2372 3096 3911
741 1237 2363 2704 3276
797 1388 2406 3164 3388
782 1359 2341 3012 3300
749 1266 2148 3084 3442
739 1456 2354 2701 3371
769 1350 2254 3059 3832
9 10 5 9 8
10 8 5 9 6
7 9 6 6 6
6 5 5 5 9
5 9 5 8 7
9 7 6 5 9
10 9 6 9 6
10 6 8 7 10
10 7 9 9 7
9 9 5 10 10
8 7 5 10 10
8 5 5 10 10
6 6 10 6 7
8 7 5 5 10
7 0 10 1 4
9 8 6 17 14
36 7 3 10 7
4 29 6 28 9
17 12 17 11 10
8 19 18 12 8
9 17 13 24 12
16 13 14 17 9
17 24 10 16 22
13 14 7 11 16
15 7 6 19 26
12 5 18 13 12
15 13 13 23 16
14 20 6 8 7
24 16 20 3 15
