14 5 5
396 1349 2496 3522
971 2107 3104
1501 1728
551
910 1415 2605 4223 4894
1082 1612 2395 3471 5209
939 1555 2476 3576 4737
1070 1589 2756 3637 5056
912 1364 2577 3877 5231
894 1405 2644 3932 4543
987 1505 2511 3640 4831
1030 1584 2498 3631 4776
1024 1579 2666 4210 4525
1024 1556 2427 3721 4427
909 1410 2789 3498 5125
1064 1559 2489 4156 4499
989 1461 2732 4100 4652
940 1428 2643 4084 4504
5 10 6 7 5
7 7 7 5 6
9 9 7 6 8
7 9 10 5 9
7 9 6 10 10
5 10 6 9 9
5 10 9 9 7
10 5 6 7 7
6 8 10 5 8
8 8 9 8 7
9 7 6 5 6
5 10 7 8 9
5 5 8 6 8
10 8 8 8 10
10 1 1 6 3
16 23 25 28 10
29 13 28 16 18
3 10 16 28 16
19 7 25 6 28
13 8 32 24 13
19 24 24 12 15
14 7 17 2 10
5 12 12 20 19
26 20 16 20 21
7 10 26 6 2
2 13 27 11 6
23 7 24 9 11
18 5 13 19 9
17 13 24 17 11
