14 5 5
526 1155 1349 1904
610 1068 1217
324 676
336
649 1338 2016 2469 2942
604 1283 1862 2115 3118
624 1342 1844 2105 2868
604 1278 1927 2363 3041
634 1256 1801 2341 3018
668 1137 1696 2230 2929
650 1334 1838 2172 3162
707 1191 1683 2410 3329
582 1135 1776 2415 3210
601 1288 1846 2212 2873
598 1141 1691 2301 3011
680 1276 1963 2218 2822
670 1202 1934 2383 2914
625 1258 1959 2420 2954
8 9 10 9 8
6 8 7 10 6
8 10 6 6 8
10 6 5 5 10
9 10 10 5 6
9 5 7 6 6
8 10 6 6 9
8 10 7 7 10
5 6 5 5 5
10 9 7 10 7
6 6 7 10 6
8 8 7 5 7
7 10 5 7 10
5 10 9 8 7
14 1 2 6 1
26 16 4 2 27
20 22 20 7 30
11 10 12 4 7
24 20 15 2 20
9 15 10 28 24
25 26 8 40 15
6 16 8 16 14
7 23 16 16 13
6 4 12 36 10
12 9 18 22 18
4 10 7 8 15
18 13 15 10 13
14 11 14 5 26
13 21 26 9 11
