14 5 5
852 1513 1938 2539
771 1200 1801
261 1306
982
969 1955 2924 3254 4370
1002 2012 2778 3579 5027
922 1685 2955 3501 4702
975 2009 2893 3707 4774
1008 2013 2809 3348 4734
865 1777 2982 3739 4668
969 1704 3133 3305 4604
881 1825 2721 3649 4324
965 1914 2692 3580 4656
908 1862 2613 3440 4492
880 1983 2854 3743 5152
1012 1721 2764 3690 4845
987 1781 2960 3726 4411
966 1691 3091 3663 4588
47 35 34 27 39
37 47 33 26 27
42 39 46 43 27
43 26 26 43 32
48 46 44 36 41
36 48 35 39 48
41 49 50 46 40
32 47 40 34 25
41 42 32 30 30
40 33 38 32 39
45 43 31 38 33
36 43 31 43 43
50 28 45 44 40
36 44 50 47 48
44 3 60 3 6
11 14 4 18 24
13 17 15 14 19
11 23 22 12 9
7 19 32 7 16
17 22 10 26 16
14 13 21 16 14
20 11 7 16 10
17 7 22 16 8
12 20 6 11 10
3 28 15 10 4
24 13 14 13 14
10 21 24 22 17
21 16 18 13 14
11 10 23 7 5
