14 5 5
378 1056 1333 1517
566 831 1202
206 529
421
525 1026 1749 2017 2500
527 1121 1846 2058 2788
597 1009 1766 2192 2434
513 1127 1581 1982 2405
565 1115 1823 2200 2780
590 1154 1592 1925 2567
593 1186 1623 2182 2396
617 1164 1714 1941 2676
567 1020 1760 2080 2630
517 1002 1854 1822 2822
518 1065 1806 2040 2610
520 1134 1689 2087 2370
585 1084 1648 1859 2626
520 1103 1847 2111 2864
26 33 27 43 35
28 34 30 41 48
48 40 42 48 40
37 47 30 25 37
26 46 48 31 44
28 49 32 34 35
30 30 35 42 49
35 33 42 31 27
38 45 46 49 47
32 47 48 35 26
35 44 35 46 25
28 37 34 45 29
25 31 44 45 35
40 45 50 31 36
3 27 44 22 7
24 21 21 18 7
9 23 7 9 18
15 10 15 20 12
19 16 15 3 7
10 18 15 12 21
7 6 26 17 28
14 7 15 12 12
20 30 28 13 11
21 6 8 12 30
10 21 22 10 7
9 29 19 22 18
33 16 9 20 7
3 17 12 11 26
4 20 29 23 11
