14 5 5
467 863 1660 1732
398 1037 1581
738 1359
448
725 1219 1705 2520 3157
719 1037 1682 2901 3233
750 1195 1739 2796 3368
681 1194 1903 2636 3518
647 1100 1908 2968 3487
651 1038 1861 2472 3237
735 1063 1958 2844 3138
744 1027 1704 2823 3621
750 1084 2007 2555 3117
639 1049 1828 2868 3068
669 1084 1838 2965 3533
629 1006 1706 2967 3616
725 1206 1916 2973 3444
724 1197 1837 2437 3298
42 46 43 35 28
29 48 25 30 34
32 41 34 44 45
32 33 25 35 48
39 26 47 50 42
47 30 41 37 28
39 46 31 39 39
30 27 50 30 47
31 27 42 32 33
48 42 39 48 35
40 31 35 30 47
30 50 29 25 39
34 40 39 41 40
34 28 36 33 30
6 0 28 14 20
13 13 31 13 17
11 18 29 3 26
14 35 9 12 25
3 13 22 42 8
21 12 3 20 0
20 11 21 10 30
30 14 23 18 3
17 50 18 11 21
16 4 1 5 12
13 16 16 18 26
11 11 15 17 7
17 21 7 8 16
19 9 17 5 7
38 16 3 19 14
