14 5 5
659 1594 1843 2513
1019 1042 1866
171 890
631
972 1687 2924 3140 3902
992 1731 3055 3506 4019
1019 1815 2982 3192 4554
891 1851 2662 3628 3974
890 1584 2801 3585 4233
991 1877 2969 3322 4156
1016 1814 2568 3349 3861
1003 1846 3009 3246 3915
1018 1627 3042 3482 3832
886 1895 2788 3201 4460
1015 1728 3007 3054 3938
881 1771 2943 3318 3944
949 1861 2558 3535 4200
1018 1762 2865 3023 4536
29 30 48 29 41
34 36 27 37 46
46 38 31 33 32
40 35 41 32 39
44 27 49 32 33
29 30 50 37 28
36 45 27 27 27
44 34 39 41 34
47 26 46 44 26
32 35 50 37 50
26 48 42 36 30
25 36 25 41 33
46 40 44 37 26
28 50 37 42 43
9 57 1 37 5
16 20 16 22 17
14 18 24 6 18
9 27 7 23 9
10 11 18 31 9
12 5 6 6 9
9 11 15 25 11
17 11 3 6 6
10 25 26 15 11
9 14 8 26 8
12 17 27 15 10
16 5 0 20 24
13 7 12 8 7
30 13 9 16 6
9 17 15 12 5
