14 5 5
533 1448 1617 2646
853 1245 2512
539 1725
1096
908 1538 2526 3112 4602
945 1633 2794 3391 4890
956 1441 2389 3390 4261
960 1649 2393 2990 4356
908 1576 2527 3625 4756
847 1490 2498 3535 4545
877 1408 2523 3609 4067
947 1383 2642 2999 4516
874 1466 2695 3578 4738
811 1549 2879 3631 4409
906 1508 2850 3411 4175
948 1468 2698 3250 4698
877 1370 2783 3187 4699
819 1490 2601 3021 4689
50 37 43 50 43
30 48 32 25 30
36 31 41 31 45
38 39 45 46 35
31 44 38 48 48
36 34 43 35 48
27 37 41 32 26
35 25 42 41 34
34 42 32 39 31
31 31 25 32 38
35 30 25 48 41
25 32 30 29 47
50 25 50 38 47
25 46 48 41 47
27 2 13 24 10
33 21 2 4 7
9 6 27 16 9
20 26 15 10 13
11 13 14 18 9
18 7 24 7 29
18 15 30 14 6
17 7 7 10 34
9 14 11 23 27
9 11 20 9 29
11 26 28 18 15
23 18 11 8 35
12 29 3 13 9
26 22 28 21 20
12 15 12 16 17
