14 5 5
457 987 868 1683
468 513 1156
100 775
568
553 1071 1672 1788 2584
591 909 1625 1835 2552
587 962 1502 1870 2536
507 899 1651 1930 2340
587 1036 1439 1916 2501
585 985 1616 1965 2405
566 1061 1504 1866 2711
490 1006 1435 1856 2412
512 1021 1518 1924 2673
564 935 1520 1961 2317
580 1093 1670 1804 2718
562 1057 1435 1901 2689
502 1011 1399 1918 2364
555 944 1664 1925 2630
32 38 45 45 44
28 37 44 28 25
42 48 31 50 41
46 43 28 49 33
45 37 30 28 32
46 29 39 30 42
39 34 38 35 38
45 45 33 28 36
47 37 37 40 38
25 49 39 48 35
46 31 37 37 31
49 46 35 47 49
32 33 42 40 46
49 37 34 26 37
73 6 32 18 3
12 10 25 1 15
3 13 28 10 14
9 22 3 17 17
27 13 9 10 15
26 10 10 8 19
18 11 15 7 22
17 12 9 4 37
10 10 18 18 14
15 10 7 17 2
15 14 27 17 27
10 4 7 18 21
10 19 14 21 7
15 8 11 10 22
21 5 17 11 18
