14 5 5
537 1183 2030 3439
775 1548 2374
524 2003
1050
951 1521 2485 3155 4610
1006 1526 2750 3225 4718
916 1450 2559 3753 4165
941 1373 2704 3577 4747
867 1505 2547 3808 4771
945 1365 2408 3794 4127
982 1456 2412 3555 4252
856 1396 2328 3693 4334
903 1461 2753 3611 4174
920 1358 2663 3537 4571
896 1519 2474 3822 4381
930 1369 2379 3767 4864
866 1301 2702 3159 4013
1002 1391 2272 3160 4114
35 29 48 49 31
31 40 48 46 33
33 31 28 30 36
44 27 46 31 31
37 26 30 42 28
44 45 37 28 48
29 37 39 30 26
25 35 27 39 37
50 26 37 43 42
41 39 33 31 33
33 41 38 49 29
33 44 29 45 38
38 31 46 25 40
31 29 47 37 28
28 28 26 25 21
16 16 20 13 15
14 9 7 23 10
10 14 15 18 4
17 26 11 12 14
9 9 16 15 27
31 15 19 20 12
35 15 15 10 6
14 25 13 7 11
10 14 15 11 20
34 8 16 14 12
23 7 15 9 14
4 34 17 19 10
12 13 19 9 12
10 15 22 16 8
