14 5 5
452 1002 2079 2412
562 1609 1919
984 1314
337
752 1386 2155 3314 3782
801 1388 2596 3447 3983
782 1494 2365 2948 3660
752 1351 2159 3462 3386
779 1362 2475 3477 3442
876 1365 2615 3428 4104
757 1444 2463 3242 4005
771 1410 2358 3118 3498
778 1563 2583 3036 3463
877 1430 2180 2978 3967
748 1329 2605 3393 3793
811 1329 2342 3437 3549
786 1382 2572 3467 3405
816 1432 2216 3389 3955
47 34 39 25 37
44 39 39 31 47
43 50 26 26 30
40 36 31 30 36
50 50 44 43 41
38 47 34 38 34
41 30 46 42 28
32 35 30 46 47
43 33 49 39 42
26 46 49 32 47
36 37 34 32 30
28 35 39 35 47
29 25 50 42 29
26 40 25 34 40
0 12 20 9 27
23 9 17 8 12
24 24 9 25 7
5 18 33 12 15
27 32 17 11 8
17 3 6 9 19
9 20 18 18 18
14 21 2 15 21
13 8 6 12 15
16 6 6 12 14
11 21 8 10 23
13 18 8 6 16
16 19 10 26 11
21 9 13 30 23
12 11 2 23 8
