14 5 5
414 1178 1811 2465
713 1330 1637
636 1085
295
660 1240 2028 2914 3319
766 1155 2010 2747 3386
753 1171 1959 2489 3491
737 1153 1954 2939 3312
689 1117 1968 2633 3456
647 1265 1983 2688 3589
678 1244 1948 2824 3227
746 1217 2063 2555 3301
727 1262 1950 2857 3673
655 1078 1770 2670 3731
630 1218 1793 2618 3665
645 1145 1986 2851 3495
701 1164 1773 2727 3127
637 1076 1792 2789 3669
48 31 39 42 34
47 39 43 25 37
36 46 33 25 48
37 41 43 48 26
41 35 33 25 25
48 49 27 32 38
36 40 36 32 49
47 42 30 33 36
42 38 47 49 49
38 39 37 27 37
37 32 37 41 40
30 32 43 30 41
25 46 46 38 40
27 31 48 44 32
26 48 28 19 4
9 8 11 21 15
20 13 8 17 11
19 10 14 7 11
6 41 17 3 8
14 14 9 20 16
21 17 10 12 25
19 13 9 12 28
9 9 9 15 17
16 26 11 11 30
13 9 16 14 15
18 10 20 21 16
10 14 15 23 12
12 13 14 9 16
16 10 13 23 11
