14 5 5
530 1404 2034 2187
807 1773 1839
945 1151
263
748 1312 2321 3371 3682
775 1356 2166 3111 3901
793 1237 2427 3321 4185
889 1249 2352 3029 3560
810 1389 2429 3415 3900
878 1206 2409 3272 4055
816 1325 2497 3137 3940
867 1304 2409 3232 4141
797 1317 2189 3387 4125
844 1216 2323 3172 3666
850 1279 2576 2870 3903
888 1227 2557 3250 4187
879 1236 2275 2881 4002
888 1338 2319 3171 4063
38 25 36 36 47
48 33 38 50 44
31 38 48 30 31
37 37 28 30 48
25 25 31 27 41
36 40 50 32 28
37 48 40 44 48
39 48 38 25 49
49 50 37 35 41
50 30 44 50 32
32 36 25 28 37
50 41 46 37 49
35 32 30 38 36
49 36 45 38 45
3 22 43 16 16
19 12 12 25 12
9 29 14 8 14
14 22 8 15 26
19 8 27 12 13
14 16 9 4 9
25 10 18 10 6
24 13 3 18 15
27 15 3 17 34
8 10 18 4 26
24 10 16 7 18
20 25 8 7 30
5 7 5 22 28
23 26 11 10 13
17 9 11 22 17
