14 5 5
599 1015 1454 2141
382 738 1550
425 1104
682
642 1406 1883 2366 3329
652 1199 1725 2561 3121
624 1254 1828 2603 3634
607 1345 1794 2467 3116
687 1200 1819 2680 3030
613 1305 1959 2776 3450
697 1197 1869 2611 3439
719 1345 1667 2426 3210
704 1222 1886 2717 3144
618 1446 1757 2543 3054
646 1386 1851 2462 3341
704 1437 1856 2792 3168
675 1268 1931 2861 3185
723 1326 1959 2840 3550
42 34 43 49 29
47 31 32 42 44
39 47 25 49 50
25 30 30 35 36
46 48 41 47 40
37 49 38 40 40
35 43 34 29 42
45 44 33 38 44
41 38 50 42 34
42 41 40 35 50
49 25 33 35 46
36 33 38 34 36
31 31 30 50 36
47 39 49 39 26
1 2 60 15 1
19 24 5 23 18
15 18 16 17 9
9 10 6 5 12
11 2 27 7 11
11 6 14 6 8
13 22 17 5 9
9 23 14 21 9
19 12 10 6 15
31 20 9 5 9
18 10 7 9 16
8 10 7 17 9
4 17 12 19 23
10 9 8 14 11
38 16 18 15 10
