10 10
0.08 0.08 0.08 0.08 0.08 0.08 0.08 0.08 0.08 0.08
0.08 0.08 0.08 0.08 0.08 0.08 0.08 0.08 0.08 0.08
0.08 0.08 0.08 0.08 0.08 0.08 0.08 0.08 0.08 0.08
0.08 0.08 0.08 0.08 0.08 0.08 0.08 0.08 0.08 0.08
0.08 0.08 0.08 0.08 0.08 0.08 0.08 0.08 0.08 0.08
0.08 0.08 0.08 0.08 0.08 0.08 0.08 0.08 0.08 0.08
0.08 0.08 0.08 0.08 0.08 0.08 0.08 0.08 0.08 0.08
0.08 0.08 0.08 0.08 0.08 0.08 0.08 0.08 0.08 0.08
0.08 0.08 0.08 0.08 0.08 0.08 0.08 0.08 0.08 0.08
0.08 0.08 0.08 0.08 0.08 0.08 0.08 0.08 0.08 0.08
5 3
25 25 25
1 1
0.2 0.16000000000000003 0.12800000000000003 0.10240000000000003 0.08192000000000002 0.06553600000000002 0.052428800000000025 0.041943040000000015 0.033554432000000016 0.026843545600000015 0.021474836480000013 0.01717986918400001 0.013743895347200009 0.010995116277760009 0.008796093022208008 0.007036874417766407 0.005629499534213125 0.004503599627370501 0.0036028797018964006 0.0028823037615171208 0.0023058430092136968 0.0018446744073709574 0.001475739525896766 0.001180591620717413 0.0009444732965739304 0.003777893186295511
0.21250000000000002 0.16734375 0.131783203125 0.1037792724609375 0.08172617706298828 0.06435936443710326 0.050682999494218825 0.03991286210169732 0.03143137890508664 0.02475221088775573 0.019492366074107637 0.015350238283359763 0.012088312648145813 0.009519546210414828 0.007496642640701676 0.00590360607955257 0.004649089787647649 0.003661158207772523 0.002883162088620862 0.0022704901447889287 0.0017880109890212814 0.001408058653854259 0.001108846189910229 0.0008732163745543052 0.0006876578949615154 0.0025483792577984943
0.225 0.174375 0.13514062500000001 0.10473398437500002 0.08116883789062501 0.06290584936523438 0.04875203325805665 0.03778282577499391 0.029281689975620275 0.022693309731105716 0.01758731504160693 0.01363016915724537 0.010563381096865164 0.0081866203500705 0.006344630771304639 0.004917088847761095 0.003810743857014849 0.002953326489186508 0.0022888280291195437 0.0017738417225676465 0.001374727334989926 0.0010654136846171927 0.0008256956055783243 0.0006399140943232014 0.0004959334231004811 0.0017082151240125354
1 2
0.2 0.16000000000000003 0.12800000000000003 0.10240000000000003 0.08192000000000002 0.06553600000000002 0.052428800000000025 0.041943040000000015 0.033554432000000016 0.026843545600000015 0.021474836480000013 0.01717986918400001 0.013743895347200009 0.010995116277760009 0.008796093022208008 0.007036874417766407 0.005629499534213125 0.004503599627370501 0.0036028797018964006 0.0028823037615171208 0.0023058430092136968 0.0018446744073709574 0.001475739525896766 0.001180591620717413 0.0009444732965739304 0.003777893186295511
0.21250000000000002 0.16734375 0.131783203125 0.1037792724609375 0.08172617706298828 0.06435936443710326 0.050682999494218825 0.03991286210169732 0.03143137890508664 0.02475221088775573 0.019492366074107637 0.015350238283359763 0.012088312648145813 0.009519546210414828 0.007496642640701676 0.00590360607955257 0.004649089787647649 0.003661158207772523 0.002883162088620862 0.0022704901447889287 0.0017880109890212814 0.001408058653854259 0.001108846189910229 0.0008732163745543052 0.0006876578949615154 0.0025483792577984943
0.225 0.174375 0.13514062500000001 0.10473398437500002 0.08116883789062501 0.06290584936523438 0.04875203325805665 0.03778282577499391 0.029281689975620275 0.022693309731105716 0.01758731504160693 0.01363016915724537 0.010563381096865164 0.0081866203500705 0.006344630771304639 0.004917088847761095 0.003810743857014849 0.002953326489186508 0.0022888280291195437 0.0017738417225676465 0.001374727334989926 0.0010654136846171927 0.0008256956055783243 0.0006399140943232014 0.0004959334231004811 0.0017082151240125354
1 3
0.2 0.16000000000000003 0.12800000000000003 0.10240000000000003 0.08192000000000002 0.06553600000000002 0.052428800000000025 0.041943040000000015 0.033554432000000016 0.026843545600000015 0.021474836480000013 0.01717986918400001 0.013743895347200009 0.010995116277760009 0.008796093022208008 0.007036874417766407 0.005629499534213125 0.004503599627370501 0.0036028797018964006 0.0028823037615171208 0.0023058430092136968 0.0018446744073709574 0.001475739525896766 0.001180591620717413 0.0009444732965739304 0.003777893186295511
0.21250000000000002 0.16734375 0.131783203125 0.1037792724609375 0.08172617706298828 0.06435936443710326 0.050682999494218825 0.03991286210169732 0.03143137890508664 0.02475221088775573 0.019492366074107637 0.015350238283359763 0.012088312648145813 0.009519546210414828 0.007496642640701676 0.00590360607955257 0.004649089787647649 0.003661158207772523 0.002883162088620862 0.0022704901447889287 0.0017880109890212814 0.001408058653854259 0.001108846189910229 0.0008732163745543052 0.0006876578949615154 0.0025483792577984943
0.225 0.174375 0.13514062500000001 0.10473398437500002 0.08116883789062501 0.06290584936523438 0.04875203325805665 0.03778282577499391 0.029281689975620275 0.022693309731105716 0.01758731504160693 0.01363016915724537 0.010563381096865164 0.0081866203500705 0.006344630771304639 0.004917088847761095 0.003810743857014849 0.002953326489186508 0.0022888280291195437 0.0017738417225676465 0.001374727334989926 0.0010654136846171927 0.0008256956055783243 0.0006399140943232014 0.0004959334231004811 0.0017082151240125354
1 4
0.2 0.16000000000000003 0.12800000000000003 0.10240000000000003 0.08192000000000002 0.06553600000000002 0.052428800000000025 0.041943040000000015 0.033554432000000016 0.026843545600000015 0.021474836480000013 0.01717986918400001 0.013743895347200009 0.010995116277760009 0.008796093022208008 0.007036874417766407 0.005629499534213125 0.004503599627370501 0.0036028797018964006 0.0028823037615171208 0.0023058430092136968 0.0018446744073709574 0.001475739525896766 0.001180591620717413 0.0009444732965739304 0.003777893186295511
0.21250000000000002 0.16734375 0.131783203125 0.1037792724609375 0.08172617706298828 0.06435936443710326 0.050682999494218825 0.03991286210169732 0.03143137890508664 0.02475221088775573 0.019492366074107637 0.015350238283359763 0.012088312648145813 0.009519546210414828 0.007496642640701676 0.00590360607955257 0.004649089787647649 0.003661158207772523 0.002883162088620862 0.0022704901447889287 0.0017880109890212814 0.001408058653854259 0.001108846189910229 0.0008732163745543052 0.0006876578949615154 0.0025483792577984943
0.225 0.174375 0.13514062500000001 0.10473398437500002 0.08116883789062501 0.06290584936523438 0.04875203325805665 0.03778282577499391 0.029281689975620275 0.022693309731105716 0.01758731504160693 0.01363016915724537 0.010563381096865164 0.0081866203500705 0.006344630771304639 0.004917088847761095 0.003810743857014849 0.002953326489186508 0.0022888280291195437 0.0017738417225676465 0.001374727334989926 0.0010654136846171927 0.0008256956055783243 0.0006399140943232014 0.0004959334231004811 0.0017082151240125354
1 5
0.2 0.16000000000000003 0.12800000000000003 0.10240000000000003 0.08192000000000002 0.06553600000000002 0.052428800000000025 0.041943040000000015 0.033554432000000016 0.026843545600000015 0.021474836480000013 0.01717986918400001 0.013743895347200009 0.010995116277760009 0.008796093022208008 0.007036874417766407 0.005629499534213125 0.004503599627370501 0.0036028797018964006 0.0028823037615171208 0.0023058430092136968 0.0018446744073709574 0.001475739525896766 0.001180591620717413 0.0009444732965739304 0.003777893186295511
0.21250000000000002 0.16734375 0.131783203125 0.1037792724609375 0.08172617706298828 0.06435936443710326 0.050682999494218825 0.03991286210169732 0.03143137890508664 0.02475221088775573 0.019492366074107637 0.015350238283359763 0.012088312648145813 0.009519546210414828 0.007496642640701676 0.00590360607955257 0.004649089787647649 0.003661158207772523 0.002883162088620862 0.0022704901447889287 0.0017880109890212814 0.001408058653854259 0.001108846189910229 0.0008732163745543052 0.0006876578949615154 0.0025483792577984943
0.225 0.174375 0.13514062500000001 0.10473398437500002 0.08116883789062501 0.06290584936523438 0.04875203325805665 0.03778282577499391 0.029281689975620275 0.022693309731105716 0.01758731504160693 0.01363016915724537 0.010563381096865164 0.0081866203500705 0.006344630771304639 0.004917088847761095 0.003810743857014849 0.002953326489186508 0.0022888280291195437 0.0017738417225676465 0.001374727334989926 0.0010654136846171927 0.0008256956055783243 0.0006399140943232014 0.0004959334231004811 0.0017082151240125354
2 1
0.2 0.16000000000000003 0.12800000000000003 0.10240000000000003 0.08192000000000002 0.06553600000000002 0.052428800000000025 0.041943040000000015 0.033554432000000016 0.026843545600000015 0.021474836480000013 0.01717986918400001 0.013743895347200009 0.010995116277760009 0.008796093022208008 0.007036874417766407 0.005629499534213125 0.004503599627370501 0.0036028797018964006 0.0028823037615171208 0.0023058430092136968 0.0018446744073709574 0.001475739525896766 0.001180591620717413 0.0009444732965739304 0.003777893186295511
0.21250000000000002 0.16734375 0.131783203125 0.1037792724609375 0.08172617706298828 0.06435936443710326 0.050682999494218825 0.03991286210169732 0.03143137890508664 0.02475221088775573 0.019492366074107637 0.015350238283359763 0.012088312648145813 0.009519546210414828 0.007496642640701676 0.00590360607955257 0.004649089787647649 0.003661158207772523 0.002883162088620862 0.0022704901447889287 0.0017880109890212814 0.001408058653854259 0.001108846189910229 0.0008732163745543052 0.0006876578949615154 0.0025483792577984943
0.225 0.174375 0.13514062500000001 0.10473398437500002 0.08116883789062501 0.06290584936523438 0.04875203325805665 0.03778282577499391 0.029281689975620275 0.022693309731105716 0.01758731504160693 0.01363016915724537 0.010563381096865164 0.0081866203500705 0.006344630771304639 0.004917088847761095 0.003810743857014849 0.002953326489186508 0.0022888280291195437 0.0017738417225676465 0.001374727334989926 0.0010654136846171927 0.0008256956055783243 0.0006399140943232014 0.0004959334231004811 0.0017082151240125354
2 2
0.2 0.16000000000000003 0.12800000000000003 0.10240000000000003 0.08192000000000002 0.06553600000000002 0.052428800000000025 0.041943040000000015 0.033554432000000016 0.026843545600000015 0.021474836480000013 0.01717986918400001 0.013743895347200009 0.010995116277760009 0.008796093022208008 0.007036874417766407 0.005629499534213125 0.004503599627370501 0.0036028797018964006 0.0028823037615171208 0.0023058430092136968 0.0018446744073709574 0.001475739525896766 0.001180591620717413 0.0009444732965739304 0.003777893186295511
0.21250000000000002 0.16734375 0.131783203125 0.1037792724609375 0.08172617706298828 0.06435936443710326 0.050682999494218825 0.03991286210169732 0.03143137890508664 0.02475221088775573 0.019492366074107637 0.015350238283359763 0.012088312648145813 0.009519546210414828 0.007496642640701676 0.00590360607955257 0.004649089787647649 0.003661158207772523 0.002883162088620862 0.0022704901447889287 0.0017880109890212814 0.001408058653854259 0.001108846189910229 0.0008732163745543052 0.0006876578949615154 0.0025483792577984943
0.225 0.174375 0.13514062500000001 0.10473398437500002 0.08116883789062501 0.06290584936523438 0.04875203325805665 0.03778282577499391 0.029281689975620275 0.022693309731105716 0.01758731504160693 0.01363016915724537 0.010563381096865164 0.0081866203500705 0.006344630771304639 0.004917088847761095 0.003810743857014849 0.002953326489186508 0.0022888280291195437 0.0017738417225676465 0.001374727334989926 0.0010654136846171927 0.0008256956055783243 0.0006399140943232014 0.0004959334231004811 0.0017082151240125354
2 3
0.2 0.16000000000000003 0.12800000000000003 0.10240000000000003 0.08192000000000002 0.06553600000000002 0.052428800000000025 0.041943040000000015 0.033554432000000016 0.026843545600000015 0.021474836480000013 0.01717986918400001 0.013743895347200009 0.010995116277760009 0.008796093022208008 0.007036874417766407 0.005629499534213125 0.004503599627370501 0.0036028797018964006 0.0028823037615171208 0.0023058430092136968 0.0018446744073709574 0.001475739525896766 0.001180591620717413 0.0009444732965739304 0.003777893186295511
0.21250000000000002 0.16734375 0.131783203125 0.1037792724609375 0.08172617706298828 0.06435936443710326 0.050682999494218825 0.03991286210169732 0.03143137890508664 0.02475221088775573 0.019492366074107637 0.015350238283359763 0.012088312648145813 0.009519546210414828 0.007496642640701676 0.00590360607955257 0.004649089787647649 0.003661158207772523 0.002883162088620862 0.0022704901447889287 0.0017880109890212814 0.001408058653854259 0.001108846189910229 0.0008732163745543052 0.0006876578949615154 0.0025483792577984943
0.225 0.174375 0.13514062500000001 0.10473398437500002 0.08116883789062501 0.06290584936523438 0.04875203325805665 0.03778282577499391 0.029281689975620275 0.022693309731105716 0.01758731504160693 0.01363016915724537 0.010563381096865164 0.0081866203500705 0.006344630771304639 0.004917088847761095 0.003810743857014849 0.002953326489186508 0.0022888280291195437 0.0017738417225676465 0.001374727334989926 0.0010654136846171927 0.0008256956055783243 0.0006399140943232014 0.0004959334231004811 0.0017082151240125354
2 4
0.2 0.16000000000000003 0.12800000000000003 0.10240000000000003 0.08192000000000002 0.06553600000000002 0.052428800000000025 0.041943040000000015 0.033554432000000016 0.026843545600000015 0.021474836480000013 0.01717986918400001 0.013743895347200009 0.010995116277760009 0.008796093022208008 0.007036874417766407 0.005629499534213125 0.004503599627370501 0.0036028797018964006 0.0028823037615171208 0.0023058430092136968 0.0018446744073709574 0.001475739525896766 0.001180591620717413 0.0009444732965739304 0.003777893186295511
0.21250000000000002 0.16734375 0.131783203125 0.1037792724609375 0.08172617706298828 0.06435936443710326 0.050682999494218825 0.03991286210169732 0.03143137890508664 0.02475221088775573 0.019492366074107637 0.015350238283359763 0.012088312648145813 0.009519546210414828 0.007496642640701676 0.00590360607955257 0.004649089787647649 0.003661158207772523 0.002883162088620862 0.0022704901447889287 0.0017880109890212814 0.001408058653854259 0.001108846189910229 0.0008732163745543052 0.0006876578949615154 0.0025483792577984943
0.225 0.174375 0.13514062500000001 0.10473398437500002 0.08116883789062501 0.06290584936523438 0.04875203325805665 0.03778282577499391 0.029281689975620275 0.022693309731105716 0.01758731504160693 0.01363016915724537 0.010563381096865164 0.0081866203500705 0.006344630771304639 0.004917088847761095 0.003810743857014849 0.002953326489186508 0.0022888280291195437 0.0017738417225676465 0.001374727334989926 0.0010654136846171927 0.0008256956055783243 0.0006399140943232014 0.0004959334231004811 0.0017082151240125354
2 5
0.2 0.16000000000000003 0.12800000000000003 0.10240000000000003 0.08192000000000002 0.06553600000000002 0.052428800000000025 0.041943040000000015 0.033554432000000016 0.026843545600000015 0.021474836480000013 0.01717986918400001 0.013743895347200009 0.010995116277760009 0.008796093022208008 0.007036874417766407 0.005629499534213125 0.004503599627370501 0.0036028797018964006 0.0028823037615171208 0.0023058430092136968 0.0018446744073709574 0.001475739525896766 0.001180591620717413 0.0009444732965739304 0.003777893186295511
0.21250000000000002 0.16734375 0.131783203125 0.1037792724609375 0.08172617706298828 0.06435936443710326 0.050682999494218825 0.03991286210169732 0.03143137890508664 0.02475221088775573 0.019492366074107637 0.015350238283359763 0.012088312648145813 0.009519546210414828 0.007496642640701676 0.00590360607955257 0.004649089787647649 0.003661158207772523 0.002883162088620862 0.0022704901447889287 0.0017880109890212814 0.001408058653854259 0.001108846189910229 0.0008732163745543052 0.0006876578949615154 0.0025483792577984943
0.225 0.174375 0.13514062500000001 0.10473398437500002 0.08116883789062501 0.06290584936523438 0.04875203325805665 0.03778282577499391 0.029281689975620275 0.022693309731105716 0.01758731504160693 0.01363016915724537 0.010563381096865164 0.0081866203500705 0.006344630771304639 0.004917088847761095 0.003810743857014849 0.002953326489186508 0.0022888280291195437 0.0017738417225676465 0.001374727334989926 0.0010654136846171927 0.0008256956055783243 0.0006399140943232014 0.0004959334231004811 0.0017082151240125354
3 1
0.2 0.16000000000000003 0.12800000000000003 0.10240000000000003 0.08192000000000002 0.06553600000000002 0.052428800000000025 0.041943040000000015 0.033554432000000016 0.026843545600000015 0.021474836480000013 0.01717986918400001 0.013743895347200009 0.010995116277760009 0.008796093022208008 0.007036874417766407 0.005629499534213125 0.004503599627370501 0.0036028797018964006 0.0028823037615171208 0.0023058430092136968 0.0018446744073709574 0.001475739525896766 0.001180591620717413 0.0009444732965739304 0.003777893186295511
0.21250000000000002 0.16734375 0.131783203125 0.1037792724609375 0.08172617706298828 0.06435936443710326 0.050682999494218825 0.03991286210169732 0.03143137890508664 0.02475221088775573 0.019492366074107637 0.015350238283359763 0.012088312648145813 0.009519546210414828 0.007496642640701676 0.00590360607955257 0.004649089787647649 0.003661158207772523 0.002883162088620862 0.0022704901447889287 0.0017880109890212814 0.001408058653854259 0.001108846189910229 0.0008732163745543052 0.0006876578949615154 0.0025483792577984943
0.225 0.174375 0.13514062500000001 0.10473398437500002 0.08116883789062501 0.06290584936523438 0.04875203325805665 0.03778282577499391 0.029281689975620275 0.022693309731105716 0.01758731504160693 0.01363016915724537 0.010563381096865164 0.0081866203500705 0.006344630771304639 0.004917088847761095 0.003810743857014849 0.002953326489186508 0.0022888280291195437 0.0017738417225676465 0.001374727334989926 0.0010654136846171927 0.0008256956055783243 0.0006399140943232014 0.0004959334231004811 0.0017082151240125354
3 2
0.2 0.16000000000000003 0.12800000000000003 0.10240000000000003 0.08192000000000002 0.06553600000000002 0.052428800000000025 0.041943040000000015 0.033554432000000016 0.026843545600000015 0.021474836480000013 0.01717986918400001 0.013743895347200009 0.010995116277760009 0.008796093022208008 0.007036874417766407 0.005629499534213125 0.004503599627370501 0.0036028797018964006 0.0028823037615171208 0.0023058430092136968 0.0018446744073709574 0.001475739525896766 0.001180591620717413 0.0009444732965739304 0.003777893186295511
0.21250000000000002 0.16734375 0.131783203125 0.1037792724609375 0.08172617706298828 0.06435936443710326 0.050682999494218825 0.03991286210169732 0.03143137890508664 0.02475221088775573 0.019492366074107637 0.015350238283359763 0.012088312648145813 0.009519546210414828 0.007496642640701676 0.00590360607955257 0.004649089787647649 0.003661158207772523 0.002883162088620862 0.0022704901447889287 0.0017880109890212814 0.001408058653854259 0.001108846189910229 0.0008732163745543052 0.0006876578949615154 0.0025483792577984943
0.225 0.174375 0.13514062500000001 0.10473398437500002 0.08116883789062501 0.06290584936523438 0.04875203325805665 0.03778282577499391 0.029281689975620275 0.022693309731105716 0.01758731504160693 0.01363016915724537 0.010563381096865164 0.0081866203500705 0.006344630771304639 0.004917088847761095 0.003810743857014849 0.002953326489186508 0.0022888280291195437 0.0017738417225676465 0.001374727334989926 0.0010654136846171927 0.0008256956055783243 0.0006399140943232014 0.0004959334231004811 0.0017082151240125354
3 3
0.2 0.16000000000000003 0.12800000000000003 0.10240000000000003 0.08192000000000002 0.06553600000000002 0.052428800000000025 0.041943040000000015 0.033554432000000016 0.026843545600000015 0.021474836480000013 0.01717986918400001 0.013743895347200009 0.010995116277760009 0.008796093022208008 0.007036874417766407 0.005629499534213125 0.004503599627370501 0.0036028797018964006 0.0028823037615171208 0.0023058430092136968 0.0018446744073709574 0.001475739525896766 0.001180591620717413 0.0009444732965739304 0.003777893186295511
0.21250000000000002 0.16734375 0.131783203125 0.1037792724609375 0.08172617706298828 0.06435936443710326 0.050682999494218825 0.03991286210169732 0.03143137890508664 0.02475221088775573 0.019492366074107637 0.015350238283359763 0.012088312648145813 0.009519546210414828 0.007496642640701676 0.00590360607955257 0.004649089787647649 0.003661158207772523 0.002883162088620862 0.0022704901447889287 0.0017880109890212814 0.001408058653854259 0.001108846189910229 0.0008732163745543052 0.0006876578949615154 0.0025483792577984943
0.225 0.174375 0.13514062500000001 0.10473398437500002 0.08116883789062501 0.06290584936523438 0.04875203325805665 0.03778282577499391 0.029281689975620275 0.022693309731105716 0.01758731504160693 0.01363016915724537 0.010563381096865164 0.0081866203500705 0.006344630771304639 0.004917088847761095 0.003810743857014849 0.002953326489186508 0.0022888280291195437 0.0017738417225676465 0.001374727334989926 0.0010654136846171927 0.0008256956055783243 0.0006399140943232014 0.0004959334231004811 0.0017082151240125354
3 4
0.2 0.16000000000000003 0.12800000000000003 0.10240000000000003 0.08192000000000002 0.06553600000000002 0.052428800000000025 0.041943040000000015 0.033554432000000016 0.026843545600000015 0.021474836480000013 0.01717986918400001 0.013743895347200009 0.010995116277760009 0.008796093022208008 0.007036874417766407 0.005629499534213125 0.004503599627370501 0.0036028797018964006 0.0028823037615171208 0.0023058430092136968 0.0018446744073709574 0.001475739525896766 0.001180591620717413 0.0009444732965739304 0.003777893186295511
0.21250000000000002 0.16734375 0.131783203125 0.1037792724609375 0.08172617706298828 0.06435936443710326 0.050682999494218825 0.03991286210169732 0.03143137890508664 0.02475221088775573 0.019492366074107637 0.015350238283359763 0.012088312648145813 0.009519546210414828 0.007496642640701676 0.00590360607955257 0.004649089787647649 0.003661158207772523 0.002883162088620862 0.0022704901447889287 0.0017880109890212814 0.001408058653854259 0.001108846189910229 0.0008732163745543052 0.0006876578949615154 0.0025483792577984943
0.225 0.174375 0.13514062500000001 0.10473398437500002 0.08116883789062501 0.06290584936523438 0.04875203325805665 0.03778282577499391 0.029281689975620275 0.022693309731105716 0.01758731504160693 0.01363016915724537 0.010563381096865164 0.0081866203500705 0.006344630771304639 0.004917088847761095 0.003810743857014849 0.002953326489186508 0.0022888280291195437 0.0017738417225676465 0.001374727334989926 0.0010654136846171927 0.0008256956055783243 0.0006399140943232014 0.0004959334231004811 0.0017082151240125354
3 5
0.2 0.16000000000000003 0.12800000000000003 0.10240000000000003 0.08192000000000002 0.06553600000000002 0.052428800000000025 0.041943040000000015 0.033554432000000016 0.026843545600000015 0.021474836480000013 0.01717986918400001 0.013743895347200009 0.010995116277760009 0.008796093022208008 0.007036874417766407 0.005629499534213125 0.004503599627370501 0.0036028797018964006 0.0028823037615171208 0.0023058430092136968 0.0018446744073709574 0.001475739525896766 0.001180591620717413 0.0009444732965739304 0.003777893186295511
0.21250000000000002 0.16734375 0.131783203125 0.1037792724609375 0.08172617706298828 0.06435936443710326 0.050682999494218825 0.03991286210169732 0.03143137890508664 0.02475221088775573 0.019492366074107637 0.015350238283359763 0.012088312648145813 0.009519546210414828 0.007496642640701676 0.00590360607955257 0.004649089787647649 0.003661158207772523 0.002883162088620862 0.0022704901447889287 0.0017880109890212814 0.001408058653854259 0.001108846189910229 0.0008732163745543052 0.0006876578949615154 0.0025483792577984943
0.225 0.174375 0.13514062500000001 0.10473398437500002 0.08116883789062501 0.06290584936523438 0.04875203325805665 0.03778282577499391 0.029281689975620275 0.022693309731105716 0.01758731504160693 0.01363016915724537 0.010563381096865164 0.0081866203500705 0.006344630771304639 0.004917088847761095 0.003810743857014849 0.002953326489186508 0.0022888280291195437 0.0017738417225676465 0.001374727334989926 0.0010654136846171927 0.0008256956055783243 0.0006399140943232014 0.0004959334231004811 0.0017082151240125354
4 1
0.2 0.16000000000000003 0.12800000000000003 0.10240000000000003 0.08192000000000002 0.06553600000000002 0.052428800000000025 0.041943040000000015 0.033554432000000016 0.026843545600000015 0.021474836480000013 0.01717986918400001 0.013743895347200009 0.010995116277760009 0.008796093022208008 0.007036874417766407 0.005629499534213125 0.004503599627370501 0.0036028797018964006 0.0028823037615171208 0.0023058430092136968 0.0018446744073709574 0.001475739525896766 0.001180591620717413 0.0009444732965739304 0.003777893186295511
0.21250000000000002 0.16734375 0.131783203125 0.1037792724609375 0.08172617706298828 0.06435936443710326 0.050682999494218825 0.03991286210169732 0.03143137890508664 0.02475221088775573 0.019492366074107637 0.015350238283359763 0.012088312648145813 0.009519546210414828 0.007496642640701676 0.00590360607955257 0.004649089787647649 0.003661158207772523 0.002883162088620862 0.0022704901447889287 0.0017880109890212814 0.001408058653854259 0.001108846189910229 0.0008732163745543052 0.0006876578949615154 0.0025483792577984943
0.225 0.174375 0.13514062500000001 0.10473398437500002 0.08116883789062501 0.06290584936523438 0.04875203325805665 0.03778282577499391 0.029281689975620275 0.022693309731105716 0.01758731504160693 0.01363016915724537 0.010563381096865164 0.0081866203500705 0.006344630771304639 0.004917088847761095 0.003810743857014849 0.002953326489186508 0.0022888280291195437 0.0017738417225676465 0.001374727334989926 0.0010654136846171927 0.0008256956055783243 0.0006399140943232014 0.0004959334231004811 0.0017082151240125354
4 2
0.2 0.16000000000000003 0.12800000000000003 0.10240000000000003 0.08192000000000002 0.06553600000000002 0.052428800000000025 0.041943040000000015 0.033554432000000016 0.026843545600000015 0.021474836480000013 0.01717986918400001 0.013743895347200009 0.010995116277760009 0.008796093022208008 0.007036874417766407 0.005629499534213125 0.004503599627370501 0.0036028797018964006 0.0028823037615171208 0.0023058430092136968 0.0018446744073709574 0.001475739525896766 0.001180591620717413 0.0009444732965739304 0.003777893186295511
0.21250000000000002 0.16734375 0.131783203125 0.1037792724609375 0.08172617706298828 0.06435936443710326 0.050682999494218825 0.03991286210169732 0.03143137890508664 0.02475221088775573 0.019492366074107637 0.015350238283359763 0.012088312648145813 0.009519546210414828 0.007496642640701676 0.00590360607955257 0.004649089787647649 0.003661158207772523 0.002883162088620862 0.0022704901447889287 0.0017880109890212814 0.001408058653854259 0.001108846189910229 0.0008732163745543052 0.0006876578949615154 0.0025483792577984943
0.225 0.174375 0.13514062500000001 0.10473398437500002 0.08116883789062501 0.06290584936523438 0.04875203325805665 0.03778282577499391 0.029281689975620275 0.022693309731105716 0.01758731504160693 0.01363016915724537 0.010563381096865164 0.0081866203500705 0.006344630771304639 0.004917088847761095 0.003810743857014849 0.002953326489186508 0.0022888280291195437 0.0017738417225676465 0.001374727334989926 0.0010654136846171927 0.0008256956055783243 0.0006399140943232014 0.0004959334231004811 0.0017082151240125354
4 3
0.2 0.16000000000000003 0.12800000000000003 0.10240000000000003 0.08192000000000002 0.06553600000000002 0.052428800000000025 0.041943040000000015 0.033554432000000016 0.026843545600000015 0.021474836480000013 0.01717986918400001 0.013743895347200009 0.010995116277760009 0.008796093022208008 0.007036874417766407 0.005629499534213125 0.004503599627370501 0.0036028797018964006 0.0028823037615171208 0.0023058430092136968 0.0018446744073709574 0.001475739525896766 0.001180591620717413 0.0009444732965739304 0.003777893186295511
0.21250000000000002 0.16734375 0.131783203125 0.1037792724609375 0.08172617706298828 0.06435936443710326 0.050682999494218825 0.03991286210169732 0.03143137890508664 0.02475221088775573 0.019492366074107637 0.015350238283359763 0.012088312648145813 0.009519546210414828 0.007496642640701676 0.00590360607955257 0.004649089787647649 0.003661158207772523 0.002883162088620862 0.0022704901447889287 0.0017880109890212814 0.001408058653854259 0.001108846189910229 0.0008732163745543052 0.0006876578949615154 0.0025483792577984943
0.225 0.174375 0.13514062500000001 0.10473398437500002 0.08116883789062501 0.06290584936523438 0.04875203325805665 0.03778282577499391 0.029281689975620275 0.022693309731105716 0.01758731504160693 0.01363016915724537 0.010563381096865164 0.0081866203500705 0.006344630771304639 0.004917088847761095 0.003810743857014849 0.002953326489186508 0.0022888280291195437 0.0017738417225676465 0.001374727334989926 0.0010654136846171927 0.0008256956055783243 0.0006399140943232014 0.0004959334231004811 0.0017082151240125354
4 4
0.2 0.16000000000000003 0.12800000000000003 0.10240000000000003 0.08192000000000002 0.06553600000000002 0.052428800000000025 0.041943040000000015 0.033554432000000016 0.026843545600000015 0.021474836480000013 0.01717986918400001 0.013743895347200009 0.010995116277760009 0.008796093022208008 0.007036874417766407 0.005629499534213125 0.004503599627370501 0.0036028797018964006 0.0028823037615171208 0.0023058430092136968 0.0018446744073709574 0.001475739525896766 0.001180591620717413 0.0009444732965739304 0.003777893186295511
0.21250000000000002 0.16734375 0.131783203125 0.1037792724609375 0.08172617706298828 0.06435936443710326 0.050682999494218825 0.03991286210169732 0.03143137890508664 0.02475221088775573 0.019492366074107637 0.015350238283359763 0.012088312648145813 0.009519546210414828 0.007496642640701676 0.00590360607955257 0.004649089787647649 0.003661158207772523 0.002883162088620862 0.0022704901447889287 0.0017880109890212814 0.001408058653854259 0.001108846189910229 0.0008732163745543052 0.0006876578949615154 0.0025483792577984943
0.225 0.174375 0.13514062500000001 0.10473398437500002 0.08116883789062501 0.06290584936523438 0.04875203325805665 0.03778282577499391 0.029281689975620275 0.022693309731105716 0.01758731504160693 0.01363016915724537 0.010563381096865164 0.0081866203500705 0.006344630771304639 0.004917088847761095 0.003810743857014849 0.002953326489186508 0.0022888280291195437 0.0017738417225676465 0.001374727334989926 0.0010654136846171927 0.0008256956055783243 0.0006399140943232014 0.0004959334231004811 0.0017082151240125354
4 5
0.2 0.16000000000000003 0.12800000000000003 0.10240000000000003 0.08192000000000002 0.06553600000000002 0.052428800000000025 0.041943040000000015 0.033554432000000016 0.026843545600000015 0.021474836480000013 0.01717986918400001 0.013743895347200009 0.010995116277760009 0.008796093022208008 0.007036874417766407 0.005629499534213125 0.004503599627370501 0.0036028797018964006 0.0028823037615171208 0.0023058430092136968 0.0018446744073709574 0.001475739525896766 0.001180591620717413 0.0009444732965739304 0.003777893186295511
0.21250000000000002 0.16734375 0.131783203125 0.1037792724609375 0.08172617706298828 0.06435936443710326 0.050682999494218825 0.03991286210169732 0.03143137890508664 0.02475221088775573 0.019492366074107637 0.015350238283359763 0.012088312648145813 0.009519546210414828 0.007496642640701676 0.00590360607955257 0.004649089787647649 0.003661158207772523 0.002883162088620862 0.0022704901447889287 0.0017880109890212814 0.001408058653854259 0.001108846189910229 0.0008732163745543052 0.0006876578949615154 0.0025483792577984943
0.225 0.174375 0.13514062500000001 0.10473398437500002 0.08116883789062501 0.06290584936523438 0.04875203325805665 0.03778282577499391 0.029281689975620275 0.022693309731105716 0.01758731504160693 0.01363016915724537 0.010563381096865164 0.0081866203500705 0.006344630771304639 0.004917088847761095 0.003810743857014849 0.002953326489186508 0.0022888280291195437 0.0017738417225676465 0.001374727334989926 0.0010654136846171927 0.0008256956055783243 0.0006399140943232014 0.0004959334231004811 0.0017082151240125354
5 1
0.2 0.16000000000000003 0.12800000000000003 0.10240000000000003 0.08192000000000002 0.06553600000000002 0.052428800000000025 0.041943040000000015 0.033554432000000016 0.026843545600000015 0.021474836480000013 0.01717986918400001 0.013743895347200009 0.010995116277760009 0.008796093022208008 0.007036874417766407 0.005629499534213125 0.004503599627370501 0.0036028797018964006 0.0028823037615171208 0.0023058430092136968 0.0018446744073709574 0.001475739525896766 0.001180591620717413 0.0009444732965739304 0.003777893186295511
0.21250000000000002 0.16734375 0.131783203125 0.1037792724609375 0.08172617706298828 0.06435936443710326 0.050682999494218825 0.03991286210169732 0.03143137890508664 0.02475221088775573 0.019492366074107637 0.015350238283359763 0.012088312648145813 0.009519546210414828 0.007496642640701676 0.00590360607955257 0.004649089787647649 0.003661158207772523 0.002883162088620862 0.0022704901447889287 0.0017880109890212814 0.001408058653854259 0.001108846189910229 0.0008732163745543052 0.0006876578949615154 0.0025483792577984943
0.225 0.174375 0.13514062500000001 0.10473398437500002 0.08116883789062501 0.06290584936523438 0.04875203325805665 0.03778282577499391 0.029281689975620275 0.022693309731105716 0.01758731504160693 0.01363016915724537 0.010563381096865164 0.0081866203500705 0.006344630771304639 0.004917088847761095 0.003810743857014849 0.002953326489186508 0.0022888280291195437 0.0017738417225676465 0.001374727334989926 0.0010654136846171927 0.0008256956055783243 0.0006399140943232014 0.0004959334231004811 0.0017082151240125354
5 2
0.2 0.16000000000000003 0.12800000000000003 0.10240000000000003 0.08192000000000002 0.06553600000000002 0.052428800000000025 0.041943040000000015 0.033554432000000016 0.026843545600000015 0.021474836480000013 0.01717986918400001 0.013743895347200009 0.010995116277760009 0.008796093022208008 0.007036874417766407 0.005629499534213125 0.004503599627370501 0.0036028797018964006 0.0028823037615171208 0.0023058430092136968 0.0018446744073709574 0.001475739525896766 0.001180591620717413 0.0009444732965739304 0.003777893186295511
0.21250000000000002 0.16734375 0.131783203125 0.1037792724609375 0.08172617706298828 0.06435936443710326 0.050682999494218825 0.03991286210169732 0.03143137890508664 0.02475221088775573 0.019492366074107637 0.015350238283359763 0.012088312648145813 0.009519546210414828 0.007496642640701676 0.00590360607955257 0.004649089787647649 0.003661158207772523 0.002883162088620862 0.0022704901447889287 0.0017880109890212814 0.001408058653854259 0.001108846189910229 0.0008732163745543052 0.0006876578949615154 0.0025483792577984943
0.225 0.174375 0.13514062500000001 0.10473398437500002 0.08116883789062501 0.06290584936523438 0.04875203325805665 0.03778282577499391 0.029281689975620275 0.022693309731105716 0.01758731504160693 0.01363016915724537 0.010563381096865164 0.0081866203500705 0.006344630771304639 0.004917088847761095 0.003810743857014849 0.002953326489186508 0.0022888280291195437 0.0017738417225676465 0.001374727334989926 0.0010654136846171927 0.0008256956055783243 0.0006399140943232014 0.0004959334231004811 0.0017082151240125354
5 3
0.2 0.16000000000000003 0.12800000000000003 0.10240000000000003 0.08192000000000002 0.06553600000000002 0.052428800000000025 0.041943040000000015 0.033554432000000016 0.026843545600000015 0.021474836480000013 0.01717986918400001 0.013743895347200009 0.010995116277760009 0.008796093022208008 0.007036874417766407 0.005629499534213125 0.004503599627370501 0.0036028797018964006 0.0028823037615171208 0.0023058430092136968 0.0018446744073709574 0.001475739525896766 0.001180591620717413 0.0009444732965739304 0.003777893186295511
0.21250000000000002 0.16734375 0.131783203125 0.1037792724609375 0.08172617706298828 0.06435936443710326 0.050682999494218825 0.03991286210169732 0.03143137890508664 0.02475221088775573 0.019492366074107637 0.015350238283359763 0.012088312648145813 0.009519546210414828 0.007496642640701676 0.00590360607955257 0.004649089787647649 0.003661158207772523 0.002883162088620862 0.0022704901447889287 0.0017880109890212814 0.001408058653854259 0.001108846189910229 0.0008732163745543052 0.0006876578949615154 0.0025483792577984943
0.225 0.174375 0.13514062500000001 0.10473398437500002 0.08116883789062501 0.06290584936523438 0.04875203325805665 0.03778282577499391 0.029281689975620275 0.022693309731105716 0.01758731504160693 0.01363016915724537 0.010563381096865164 0.0081866203500705 0.006344630771304639 0.004917088847761095 0.003810743857014849 0.002953326489186508 0.0022888280291195437 0.0017738417225676465 0.001374727334989926 0.0010654136846171927 0.0008256956055783243 0.0006399140943232014 0.0004959334231004811 0.0017082151240125354
5 4
0.2 0.16000000000000003 0.12800000000000003 0.10240000000000003 0.08192000000000002 0.06553600000000002 0.052428800000000025 0.041943040000000015 0.033554432000000016 0.026843545600000015 0.021474836480000013 0.01717986918400001 0.013743895347200009 0.010995116277760009 0.008796093022208008 0.007036874417766407 0.005629499534213125 0.004503599627370501 0.0036028797018964006 0.0028823037615171208 0.0023058430092136968 0.0018446744073709574 0.001475739525896766 0.001180591620717413 0.0009444732965739304 0.003777893186295511
0.21250000000000002 0.16734375 0.131783203125 0.1037792724609375 0.08172617706298828 0.06435936443710326 0.050682999494218825 0.03991286210169732 0.03143137890508664 0.02475221088775573 0.019492366074107637 0.015350238283359763 0.012088312648145813 0.009519546210414828 0.007496642640701676 0.00590360607955257 0.004649089787647649 0.003661158207772523 0.002883162088620862 0.0022704901447889287 0.0017880109890212814 0.001408058653854259 0.001108846189910229 0.0008732163745543052 0.0006876578949615154 0.0025483792577984943
0.225 0.174375 0.13514062500000001 0.10473398437500002 0.08116883789062501 0.06290584936523438 0.04875203325805665 0.03778282577499391 0.029281689975620275 0.022693309731105716 0.01758731504160693 0.01363016915724537 0.010563381096865164 0.0081866203500705 0.006344630771304639 0.004917088847761095 0.003810743857014849 0.002953326489186508 0.0022888280291195437 0.0017738417225676465 0.001374727334989926 0.0010654136846171927 0.0008256956055783243 0.0006399140943232014 0.0004959334231004811 0.0017082151240125354
5 5
0.2 0.16000000000000003 0.12800000000000003 0.10240000000000003 0.08192000000000002 0.06553600000000002 0.052428800000000025 0.041943040000000015 0.033554432000000016 0.026843545600000015 0.021474836480000013 0.01717986918400001 0.013743895347200009 0.010995116277760009 0.008796093022208008 0.007036874417766407 0.005629499534213125 0.004503599627370501 0.0036028797018964006 0.0028823037615171208 0.0023058430092136968 0.0018446744073709574 0.001475739525896766 0.001180591620717413 0.0009444732965739304 0.003777893186295511
0.21250000000000002 0.16734375 0.131783203125 0.1037792724609375 0.08172617706298828 0.06435936443710326 0.050682999494218825 0.03991286210169732 0.03143137890508664 0.02475221088775573 0.019492366074107637 0.015350238283359763 0.012088312648145813 0.009519546210414828 0.007496642640701676 0.00590360607955257 0.004649089787647649 0.003661158207772523 0.002883162088620862 0.0022704901447889287 0.0017880109890212814 0.001408058653854259 0.001108846189910229 0.0008732163745543052 0.0006876578949615154 0.0025483792577984943
0.225 0.174375 0.13514062500000001 0.10473398437500002 0.08116883789062501 0.06290584936523438 0.04875203325805665 0.03778282577499391 0.029281689975620275 0.022693309731105716 0.01758731504160693 0.01363016915724537 0.010563381096865164 0.0081866203500705 0.006344630771304639 0.004917088847761095 0.003810743857014849 0.002953326489186508 0.0022888280291195437 0.0017738417225676465 0.001374727334989926 0.0010654136846171927 0.0008256956055783243 0.0006399140943232014 0.0004959334231004811 0.0017082151240125354
6 1
0.2 0.16000000000000003 0.12800000000000003 0.10240000000000003 0.08192000000000002 0.06553600000000002 0.052428800000000025 0.041943040000000015 0.033554432000000016 0.026843545600000015 0.021474836480000013 0.01717986918400001 0.013743895347200009 0.010995116277760009 0.008796093022208008 0.007036874417766407 0.005629499534213125 0.004503599627370501 0.0036028797018964006 0.0028823037615171208 0.0023058430092136968 0.0018446744073709574 0.001475739525896766 0.001180591620717413 0.0009444732965739304 0.003777893186295511
0.21250000000000002 0.16734375 0.131783203125 0.1037792724609375 0.08172617706298828 0.06435936443710326 0.050682999494218825 0.03991286210169732 0.03143137890508664 0.02475221088775573 0.019492366074107637 0.015350238283359763 0.012088312648145813 0.009519546210414828 0.007496642640701676 0.00590360607955257 0.004649089787647649 0.003661158207772523 0.002883162088620862 0.0022704901447889287 0.0017880109890212814 0.001408058653854259 0.001108846189910229 0.0008732163745543052 0.0006876578949615154 0.0025483792577984943
0.225 0.174375 0.13514062500000001 0.10473398437500002 0.08116883789062501 0.06290584936523438 0.04875203325805665 0.03778282577499391 0.029281689975620275 0.022693309731105716 0.01758731504160693 0.01363016915724537 0.010563381096865164 0.0081866203500705 0.006344630771304639 0.004917088847761095 0.003810743857014849 0.002953326489186508 0.0022888280291195437 0.0017738417225676465 0.001374727334989926 0.0010654136846171927 0.0008256956055783243 0.0006399140943232014 0.0004959334231004811 0.0017082151240125354
6 2
0.2 0.16000000000000003 0.12800000000000003 0.10240000000000003 0.08192000000000002 0.06553600000000002 0.052428800000000025 0.041943040000000015 0.033554432000000016 0.026843545600000015 0.021474836480000013 0.01717986918400001 0.013743895347200009 0.010995116277760009 0.008796093022208008 0.007036874417766407 0.005629499534213125 0.004503599627370501 0.0036028797018964006 0.0028823037615171208 0.0023058430092136968 0.0018446744073709574 0.001475739525896766 0.001180591620717413 0.0009444732965739304 0.003777893186295511
0.21250000000000002 0.16734375 0.131783203125 0.1037792724609375 0.08172617706298828 0.06435936443710326 0.050682999494218825 0.03991286210169732 0.03143137890508664 0.02475221088775573 0.019492366074107637 0.015350238283359763 0.012088312648145813 0.009519546210414828 0.007496642640701676 0.00590360607955257 0.004649089787647649 0.003661158207772523 0.002883162088620862 0.0022704901447889287 0.0017880109890212814 0.001408058653854259 0.001108846189910229 0.0008732163745543052 0.0006876578949615154 0.0025483792577984943
0.225 0.174375 0.13514062500000001 0.10473398437500002 0.08116883789062501 0.06290584936523438 0.04875203325805665 0.03778282577499391 0.029281689975620275 0.022693309731105716 0.01758731504160693 0.01363016915724537 0.010563381096865164 0.0081866203500705 0.006344630771304639 0.004917088847761095 0.003810743857014849 0.002953326489186508 0.0022888280291195437 0.0017738417225676465 0.001374727334989926 0.0010654136846171927 0.0008256956055783243 0.0006399140943232014 0.0004959334231004811 0.0017082151240125354
6 3
0.2 0.16000000000000003 0.12800000000000003 0.10240000000000003 0.08192000000000002 0.06553600000000002 0.052428800000000025 0.041943040000000015 0.033554432000000016 0.026843545600000015 0.021474836480000013 0.01717986918400001 0.013743895347200009 0.010995116277760009 0.008796093022208008 0.007036874417766407 0.005629499534213125 0.004503599627370501 0.0036028797018964006 0.0028823037615171208 0.0023058430092136968 0.0018446744073709574 0.001475739525896766 0.001180591620717413 0.0009444732965739304 0.003777893186295511
0.21250000000000002 0.16734375 0.131783203125 0.1037792724609375 0.08172617706298828 0.06435936443710326 0.050682999494218825 0.03991286210169732 0.03143137890508664 0.02475221088775573 0.019492366074107637 0.015350238283359763 0.012088312648145813 0.009519546210414828 0.007496642640701676 0.00590360607955257 0.004649089787647649 0.003661158207772523 0.002883162088620862 0.0022704901447889287 0.0017880109890212814 0.001408058653854259 0.001108846189910229 0.0008732163745543052 0.0006876578949615154 0.0025483792577984943
0.225 0.174375 0.13514062500000001 0.10473398437500002 0.08116883789062501 0.06290584936523438 0.04875203325805665 0.03778282577499391 0.029281689975620275 0.022693309731105716 0.01758731504160693 0.01363016915724537 0.010563381096865164 0.0081866203500705 0.006344630771304639 0.004917088847761095 0.003810743857014849 0.002953326489186508 0.0022888280291195437 0.0017738417225676465 0.001374727334989926 0.0010654136846171927 0.0008256956055783243 0.0006399140943232014 0.0004959334231004811 0.0017082151240125354
6 4
0.2 0.16000000000000003 0.12800000000000003 0.10240000000000003 0.08192000000000002 0.06553600000000002 0.052428800000000025 0.041943040000000015 0.033554432000000016 0.026843545600000015 0.021474836480000013 0.01717986918400001 0.013743895347200009 0.010995116277760009 0.008796093022208008 0.007036874417766407 0.005629499534213125 0.004503599627370501 0.0036028797018964006 0.0028823037615171208 0.0023058430092136968 0.0018446744073709574 0.001475739525896766 0.001180591620717413 0.0009444732965739304 0.003777893186295511
0.21250000000000002 0.16734375 0.131783203125 0.1037792724609375 0.08172617706298828 0.06435936443710326 0.050682999494218825 0.03991286210169732 0.03143137890508664 0.02475221088775573 0.019492366074107637 0.015350238283359763 0.012088312648145813 0.009519546210414828 0.007496642640701676 0.00590360607955257 0.004649089787647649 0.003661158207772523 0.002883162088620862 0.0022704901447889287 0.0017880109890212814 0.001408058653854259 0.001108846189910229 0.0008732163745543052 0.0006876578949615154 0.0025483792577984943
0.225 0.174375 0.13514062500000001 0.10473398437500002 0.08116883789062501 0.06290584936523438 0.04875203325805665 0.03778282577499391 0.029281689975620275 0.022693309731105716 0.01758731504160693 0.01363016915724537 0.010563381096865164 0.0081866203500705 0.006344630771304639 0.004917088847761095 0.003810743857014849 0.002953326489186508 0.0022888280291195437 0.0017738417225676465 0.001374727334989926 0.0010654136846171927 0.0008256956055783243 0.0006399140943232014 0.0004959334231004811 0.0017082151240125354
6 5
0.2 0.16000000000000003 0.12800000000000003 0.10240000000000003 0.08192000000000002 0.06553600000000002 0.052428800000000025 0.041943040000000015 0.033554432000000016 0.026843545600000015 0.021474836480000013 0.01717986918400001 0.013743895347200009 0.010995116277760009 0.008796093022208008 0.007036874417766407 0.005629499534213125 0.004503599627370501 0.0036028797018964006 0.0028823037615171208 0.0023058430092136968 0.0018446744073709574 0.001475739525896766 0.001180591620717413 0.0009444732965739304 0.003777893186295511
0.21250000000000002 0.16734375 0.131783203125 0.1037792724609375 0.08172617706298828 0.06435936443710326 0.050682999494218825 0.03991286210169732 0.03143137890508664 0.02475221088775573 0.019492366074107637 0.015350238283359763 0.012088312648145813 0.009519546210414828 0.007496642640701676 0.00590360607955257 0.004649089787647649 0.003661158207772523 0.002883162088620862 0.0022704901447889287 0.0017880109890212814 0.001408058653854259 0.001108846189910229 0.0008732163745543052 0.0006876578949615154 0.0025483792577984943
0.225 0.174375 0.13514062500000001 0.10473398437500002 0.08116883789062501 0.06290584936523438 0.04875203325805665 0.03778282577499391 0.029281689975620275 0.022693309731105716 0.01758731504160693 0.01363016915724537 0.010563381096865164 0.0081866203500705 0.006344630771304639 0.004917088847761095 0.003810743857014849 0.002953326489186508 0.0022888280291195437 0.0017738417225676465 0.001374727334989926 0.0010654136846171927 0.0008256956055783243 0.0006399140943232014 0.0004959334231004811 0.0017082151240125354
7 1
0.2 0.16000000000000003 0.12800000000000003 0.10240000000000003 0.08192000000000002 0.06553600000000002 0.052428800000000025 0.041943040000000015 0.033554432000000016 0.026843545600000015 0.021474836480000013 0.01717986918400001 0.013743895347200009 0.010995116277760009 0.008796093022208008 0.007036874417766407 0.005629499534213125 0.004503599627370501 0.0036028797018964006 0.0028823037615171208 0.0023058430092136968 0.0018446744073709574 0.001475739525896766 0.001180591620717413 0.0009444732965739304 0.003777893186295511
0.21250000000000002 0.16734375 0.131783203125 0.1037792724609375 0.08172617706298828 0.06435936443710326 0.050682999494218825 0.03991286210169732 0.03143137890508664 0.02475221088775573 0.019492366074107637 0.015350238283359763 0.012088312648145813 0.009519546210414828 0.007496642640701676 0.00590360607955257 0.004649089787647649 0.003661158207772523 0.002883162088620862 0.0022704901447889287 0.0017880109890212814 0.001408058653854259 0.001108846189910229 0.0008732163745543052 0.0006876578949615154 0.0025483792577984943
0.225 0.174375 0.13514062500000001 0.10473398437500002 0.08116883789062501 0.06290584936523438 0.04875203325805665 0.03778282577499391 0.029281689975620275 0.022693309731105716 0.01758731504160693 0.01363016915724537 0.010563381096865164 0.0081866203500705 0.006344630771304639 0.004917088847761095 0.003810743857014849 0.002953326489186508 0.0022888280291195437 0.0017738417225676465 0.001374727334989926 0.0010654136846171927 0.0008256956055783243 0.0006399140943232014 0.0004959334231004811 0.0017082151240125354
7 2
0.2 0.16000000000000003 0.12800000000000003 0.10240000000000003 0.08192000000000002 0.06553600000000002 0.052428800000000025 0.041943040000000015 0.033554432000000016 0.026843545600000015 0.021474836480000013 0.01717986918400001 0.013743895347200009 0.010995116277760009 0.008796093022208008 0.007036874417766407 0.005629499534213125 0.004503599627370501 0.0036028797018964006 0.0028823037615171208 0.0023058430092136968 0.0018446744073709574 0.001475739525896766 0.001180591620717413 0.0009444732965739304 0.003777893186295511
0.21250000000000002 0.16734375 0.131783203125 0.1037792724609375 0.08172617706298828 0.06435936443710326 0.050682999494218825 0.03991286210169732 0.03143137890508664 0.02475221088775573 0.019492366074107637 0.015350238283359763 0.012088312648145813 0.009519546210414828 0.007496642640701676 0.00590360607955257 0.004649089787647649 0.003661158207772523 0.002883162088620862 0.0022704901447889287 0.0017880109890212814 0.001408058653854259 0.001108846189910229 0.0008732163745543052 0.0006876578949615154 0.0025483792577984943
0.225 0.174375 0.13514062500000001 0.10473398437500002 0.08116883789062501 0.06290584936523438 0.04875203325805665 0.03778282577499391 0.029281689975620275 0.022693309731105716 0.01758731504160693 0.01363016915724537 0.010563381096865164 0.0081866203500705 0.006344630771304639 0.004917088847761095 0.003810743857014849 0.002953326489186508 0.0022888280291195437 0.0017738417225676465 0.001374727334989926 0.0010654136846171927 0.0008256956055783243 0.0006399140943232014 0.0004959334231004811 0.0017082151240125354
7 3
0.2 0.16000000000000003 0.12800000000000003 0.10240000000000003 0.08192000000000002 0.06553600000000002 0.052428800000000025 0.041943040000000015 0.033554432000000016 0.026843545600000015 0.021474836480000013 0.01717986918400001 0.013743895347200009 0.010995116277760009 0.008796093022208008 0.007036874417766407 0.005629499534213125 0.004503599627370501 0.0036028797018964006 0.0028823037615171208 0.0023058430092136968 0.0018446744073709574 0.001475739525896766 0.001180591620717413 0.0009444732965739304 0.003777893186295511
0.21250000000000002 0.16734375 0.131783203125 0.1037792724609375 0.08172617706298828 0.06435936443710326 0.050682999494218825 0.03991286210169732 0.03143137890508664 0.02475221088775573 0.019492366074107637 0.015350238283359763 0.012088312648145813 0.009519546210414828 0.007496642640701676 0.00590360607955257 0.004649089787647649 0.003661158207772523 0.002883162088620862 0.0022704901447889287 0.0017880109890212814 0.001408058653854259 0.001108846189910229 0.0008732163745543052 0.0006876578949615154 0.0025483792577984943
0.225 0.174375 0.13514062500000001 0.10473398437500002 0.08116883789062501 0.06290584936523438 0.04875203325805665 0.03778282577499391 0.029281689975620275 0.022693309731105716 0.01758731504160693 0.01363016915724537 0.010563381096865164 0.0081866203500705 0.006344630771304639 0.004917088847761095 0.003810743857014849 0.002953326489186508 0.0022888280291195437 0.0017738417225676465 0.001374727334989926 0.0010654136846171927 0.0008256956055783243 0.0006399140943232014 0.0004959334231004811 0.0017082151240125354
7 4
0.2 0.16000000000000003 0.12800000000000003 0.10240000000000003 0.08192000000000002 0.06553600000000002 0.052428800000000025 0.041943040000000015 0.033554432000000016 0.026843545600000015 0.021474836480000013 0.01717986918400001 0.013743895347200009 0.010995116277760009 0.008796093022208008 0.007036874417766407 0.005629499534213125 0.004503599627370501 0.0036028797018964006 0.0028823037615171208 0.0023058430092136968 0.0018446744073709574 0.001475739525896766 0.001180591620717413 0.0009444732965739304 0.003777893186295511
0.21250000000000002 0.16734375 0.131783203125 0.1037792724609375 0.08172617706298828 0.06435936443710326 0.050682999494218825 0.03991286210169732 0.03143137890508664 0.02475221088775573 0.019492366074107637 0.015350238283359763 0.012088312648145813 0.009519546210414828 0.007496642640701676 0.00590360607955257 0.004649089787647649 0.003661158207772523 0.002883162088620862 0.0022704901447889287 0.0017880109890212814 0.001408058653854259 0.001108846189910229 0.0008732163745543052 0.0006876578949615154 0.0025483792577984943
0.225 0.174375 0.13514062500000001 0.10473398437500002 0.08116883789062501 0.06290584936523438 0.04875203325805665 0.03778282577499391 0.029281689975620275 0.022693309731105716 0.01758731504160693 0.01363016915724537 0.010563381096865164 0.0081866203500705 0.006344630771304639 0.004917088847761095 0.003810743857014849 0.002953326489186508 0.0022888280291195437 0.0017738417225676465 0.001374727334989926 0.0010654136846171927 0.0008256956055783243 0.0006399140943232014 0.0004959334231004811 0.0017082151240125354
7 5
0.2 0.16000000000000003 0.12800000000000003 0.10240000000000003 0.08192000000000002 0.06553600000000002 0.052428800000000025 0.041943040000000015 0.033554432000000016 0.026843545600000015 0.021474836480000013 0.01717986918400001 0.013743895347200009 0.010995116277760009 0.008796093022208008 0.007036874417766407 0.005629499534213125 0.004503599627370501 0.0036028797018964006 0.0028823037615171208 0.0023058430092136968 0.0018446744073709574 0.001475739525896766 0.001180591620717413 0.0009444732965739304 0.003777893186295511
0.21250000000000002 0.16734375 0.131783203125 0.1037792724609375 0.08172617706298828 0.06435936443710326 0.050682999494218825 0.03991286210169732 0.03143137890508664 0.02475221088775573 0.019492366074107637 0.015350238283359763 0.012088312648145813 0.009519546210414828 0.007496642640701676 0.00590360607955257 0.004649089787647649 0.003661158207772523 0.002883162088620862 0.0022704901447889287 0.0017880109890212814 0.001408058653854259 0.001108846189910229 0.0008732163745543052 0.0006876578949615154 0.0025483792577984943
0.225 0.174375 0.13514062500000001 0.10473398437500002 0.08116883789062501 0.06290584936523438 0.04875203325805665 0.03778282577499391 0.029281689975620275 0.022693309731105716 0.01758731504160693 0.01363016915724537 0.010563381096865164 0.0081866203500705 0.006344630771304639 0.004917088847761095 0.003810743857014849 0.002953326489186508 0.0022888280291195437 0.0017738417225676465 0.001374727334989926 0.0010654136846171927 0.0008256956055783243 0.0006399140943232014 0.0004959334231004811 0.0017082151240125354
8 1
0.2 0.16000000000000003 0.12800000000000003 0.10240000000000003 0.08192000000000002 0.06553600000000002 0.052428800000000025 0.041943040000000015 0.033554432000000016 0.026843545600000015 0.021474836480000013 0.01717986918400001 0.013743895347200009 0.010995116277760009 0.008796093022208008 0.007036874417766407 0.005629499534213125 0.004503599627370501 0.0036028797018964006 0.0028823037615171208 0.0023058430092136968 0.0018446744073709574 0.001475739525896766 0.001180591620717413 0.0009444732965739304 0.003777893186295511
0.21250000000000002 0.16734375 0.131783203125 0.1037792724609375 0.08172617706298828 0.06435936443710326 0.050682999494218825 0.03991286210169732 0.03143137890508664 0.02475221088775573 0.019492366074107637 0.015350238283359763 0.012088312648145813 0.009519546210414828 0.007496642640701676 0.00590360607955257 0.004649089787647649 0.003661158207772523 0.002883162088620862 0.0022704901447889287 0.0017880109890212814 0.001408058653854259 0.001108846189910229 0.0008732163745543052 0.0006876578949615154 0.0025483792577984943
0.225 0.174375 0.13514062500000001 0.10473398437500002 0.08116883789062501 0.06290584936523438 0.04875203325805665 0.03778282577499391 0.029281689975620275 0.022693309731105716 0.01758731504160693 0.01363016915724537 0.010563381096865164 0.0081866203500705 0.006344630771304639 0.004917088847761095 0.003810743857014849 0.002953326489186508 0.0022888280291195437 0.0017738417225676465 0.001374727334989926 0.0010654136846171927 0.0008256956055783243 0.0006399140943232014 0.0004959334231004811 0.0017082151240125354
8 2
0.2 0.16000000000000003 0.12800000000000003 0.10240000000000003 0.08192000000000002 0.06553600000000002 0.052428800000000025 0.041943040000000015 0.033554432000000016 0.026843545600000015 0.021474836480000013 0.01717986918400001 0.013743895347200009 0.010995116277760009 0.008796093022208008 0.007036874417766407 0.005629499534213125 0.004503599627370501 0.0036028797018964006 0.0028823037615171208 0.0023058430092136968 0.0018446744073709574 0.001475739525896766 0.001180591620717413 0.0009444732965739304 0.003777893186295511
0.21250000000000002 0.16734375 0.131783203125 0.1037792724609375 0.08172617706298828 0.06435936443710326 0.050682999494218825 0.03991286210169732 0.03143137890508664 0.02475221088775573 0.019492366074107637 0.015350238283359763 0.012088312648145813 0.009519546210414828 0.007496642640701676 0.00590360607955257 0.004649089787647649 0.003661158207772523 0.002883162088620862 0.0022704901447889287 0.0017880109890212814 0.001408058653854259 0.001108846189910229 0.0008732163745543052 0.0006876578949615154 0.0025483792577984943
0.225 0.174375 0.13514062500000001 0.10473398437500002 0.08116883789062501 0.06290584936523438 0.04875203325805665 0.03778282577499391 0.029281689975620275 0.022693309731105716 0.01758731504160693 0.01363016915724537 0.010563381096865164 0.0081866203500705 0.006344630771304639 0.004917088847761095 0.003810743857014849 0.002953326489186508 0.0022888280291195437 0.0017738417225676465 0.001374727334989926 0.0010654136846171927 0.0008256956055783243 0.0006399140943232014 0.0004959334231004811 0.0017082151240125354
8 3
0.2 0.16000000000000003 0.12800000000000003 0.10240000000000003 0.08192000000000002 0.06553600000000002 0.052428800000000025 0.041943040000000015 0.033554432000000016 0.026843545600000015 0.021474836480000013 0.01717986918400001 0.013743895347200009 0.010995116277760009 0.008796093022208008 0.007036874417766407 0.005629499534213125 0.004503599627370501 0.0036028797018964006 0.0028823037615171208 0.0023058430092136968 0.0018446744073709574 0.001475739525896766 0.001180591620717413 0.0009444732965739304 0.003777893186295511
0.21250000000000002 0.16734375 0.131783203125 0.1037792724609375 0.08172617706298828 0.06435936443710326 0.050682999494218825 0.03991286210169732 0.03143137890508664 0.02475221088775573 0.019492366074107637 0.015350238283359763 0.012088312648145813 0.009519546210414828 0.007496642640701676 0.00590360607955257 0.004649089787647649 0.003661158207772523 0.002883162088620862 0.0022704901447889287 0.0017880109890212814 0.001408058653854259 0.001108846189910229 0.0008732163745543052 0.0006876578949615154 0.0025483792577984943
0.225 0.174375 0.13514062500000001 0.10473398437500002 0.08116883789062501 0.06290584936523438 0.04875203325805665 0.03778282577499391 0.029281689975620275 0.022693309731105716 0.01758731504160693 0.01363016915724537 0.010563381096865164 0.0081866203500705 0.006344630771304639 0.004917088847761095 0.003810743857014849 0.002953326489186508 0.0022888280291195437 0.0017738417225676465 0.001374727334989926 0.0010654136846171927 0.0008256956055783243 0.0006399140943232014 0.0004959334231004811 0.0017082151240125354
8 4
0.2 0.16000000000000003 0.12800000000000003 0.10240000000000003 0.08192000000000002 0.06553600000000002 0.052428800000000025 0.041943040000000015 0.033554432000000016 0.026843545600000015 0.021474836480000013 0.01717986918400001 0.013743895347200009 0.010995116277760009 0.008796093022208008 0.007036874417766407 0.005629499534213125 0.004503599627370501 0.0036028797018964006 0.0028823037615171208 0.0023058430092136968 0.0018446744073709574 0.001475739525896766 0.001180591620717413 0.0009444732965739304 0.003777893186295511
0.21250000000000002 0.16734375 0.131783203125 0.1037792724609375 0.08172617706298828 0.06435936443710326 0.050682999494218825 0.03991286210169732 0.03143137890508664 0.02475221088775573 0.019492366074107637 0.015350238283359763 0.012088312648145813 0.009519546210414828 0.007496642640701676 0.00590360607955257 0.004649089787647649 0.003661158207772523 0.002883162088620862 0.0022704901447889287 0.0017880109890212814 0.001408058653854259 0.001108846189910229 0.0008732163745543052 0.0006876578949615154 0.0025483792577984943
0.225 0.174375 0.13514062500000001 0.10473398437500002 0.08116883789062501 0.06290584936523438 0.04875203325805665 0.03778282577499391 0.029281689975620275 0.022693309731105716 0.01758731504160693 0.01363016915724537 0.010563381096865164 0.0081866203500705 0.006344630771304639 0.004917088847761095 0.003810743857014849 0.002953326489186508 0.0022888280291195437 0.0017738417225676465 0.001374727334989926 0.0010654136846171927 0.0008256956055783243 0.0006399140943232014 0.0004959334231004811 0.0017082151240125354
8 5
0.2 0.16000000000000003 0.12800000000000003 0.10240000000000003 0.08192000000000002 0.06553600000000002 0.052428800000000025 0.041943040000000015 0.033554432000000016 0.026843545600000015 0.021474836480000013 0.01717986918400001 0.013743895347200009 0.010995116277760009 0.008796093022208008 0.007036874417766407 0.005629499534213125 0.004503599627370501 0.0036028797018964006 0.0028823037615171208 0.0023058430092136968 0.0018446744073709574 0.001475739525896766 0.001180591620717413 0.0009444732965739304 0.003777893186295511
0.21250000000000002 0.16734375 0.131783203125 0.1037792724609375 0.08172617706298828 0.06435936443710326 0.050682999494218825 0.03991286210169732 0.03143137890508664 0.02475221088775573 0.019492366074107637 0.015350238283359763 0.012088312648145813 0.009519546210414828 0.007496642640701676 0.00590360607955257 0.004649089787647649 0.003661158207772523 0.002883162088620862 0.0022704901447889287 0.0017880109890212814 0.001408058653854259 0.001108846189910229 0.0008732163745543052 0.0006876578949615154 0.0025483792577984943
0.225 0.174375 0.13514062500000001 0.10473398437500002 0.08116883789062501 0.06290584936523438 0.04875203325805665 0.03778282577499391 0.029281689975620275 0.022693309731105716 0.01758731504160693 0.01363016915724537 0.010563381096865164 0.0081866203500705 0.006344630771304639 0.004917088847761095 0.003810743857014849 0.002953326489186508 0.0022888280291195437 0.0017738417225676465 0.001374727334989926 0.0010654136846171927 0.0008256956055783243 0.0006399140943232014 0.0004959334231004811 0.0017082151240125354
9 1
0.2 0.16000000000000003 0.12800000000000003 0.10240000000000003 0.08192000000000002 0.06553600000000002 0.052428800000000025 0.041943040000000015 0.033554432000000016 0.026843545600000015 0.021474836480000013 0.01717986918400001 0.013743895347200009 0.010995116277760009 0.008796093022208008 0.007036874417766407 0.005629499534213125 0.004503599627370501 0.0036028797018964006 0.0028823037615171208 0.0023058430092136968 0.0018446744073709574 0.001475739525896766 0.001180591620717413 0.0009444732965739304 0.003777893186295511
0.21250000000000002 0.16734375 0.131783203125 0.1037792724609375 0.08172617706298828 0.06435936443710326 0.050682999494218825 0.03991286210169732 0.03143137890508664 0.02475221088775573 0.019492366074107637 0.015350238283359763 0.012088312648145813 0.009519546210414828 0.007496642640701676 0.00590360607955257 0.004649089787647649 0.003661158207772523 0.002883162088620862 0.0022704901447889287 0.0017880109890212814 0.001408058653854259 0.001108846189910229 0.0008732163745543052 0.0006876578949615154 0.0025483792577984943
0.225 0.174375 0.13514062500000001 0.10473398437500002 0.08116883789062501 0.06290584936523438 0.04875203325805665 0.03778282577499391 0.029281689975620275 0.022693309731105716 0.01758731504160693 0.01363016915724537 0.010563381096865164 0.0081866203500705 0.006344630771304639 0.004917088847761095 0.003810743857014849 0.002953326489186508 0.0022888280291195437 0.0017738417225676465 0.001374727334989926 0.0010654136846171927 0.0008256956055783243 0.0006399140943232014 0.0004959334231004811 0.0017082151240125354
9 2
0.2 0.16000000000000003 0.12800000000000003 0.10240000000000003 0.08192000000000002 0.06553600000000002 0.052428800000000025 0.041943040000000015 0.033554432000000016 0.026843545600000015 0.021474836480000013 0.01717986918400001 0.013743895347200009 0.010995116277760009 0.008796093022208008 0.007036874417766407 0.005629499534213125 0.004503599627370501 0.0036028797018964006 0.0028823037615171208 0.0023058430092136968 0.0018446744073709574 0.001475739525896766 0.001180591620717413 0.0009444732965739304 0.003777893186295511
0.21250000000000002 0.16734375 0.131783203125 0.1037792724609375 0.08172617706298828 0.06435936443710326 0.050682999494218825 0.03991286210169732 0.03143137890508664 0.02475221088775573 0.019492366074107637 0.015350238283359763 0.012088312648145813 0.009519546210414828 0.007496642640701676 0.00590360607955257 0.004649089787647649 0.003661158207772523 0.002883162088620862 0.0022704901447889287 0.0017880109890212814 0.001408058653854259 0.001108846189910229 0.0008732163745543052 0.0006876578949615154 0.0025483792577984943
0.225 0.174375 0.13514062500000001 0.10473398437500002 0.08116883789062501 0.06290584936523438 0.04875203325805665 0.03778282577499391 0.029281689975620275 0.022693309731105716 0.01758731504160693 0.01363016915724537 0.010563381096865164 0.0081866203500705 0.006344630771304639 0.004917088847761095 0.003810743857014849 0.002953326489186508 0.0022888280291195437 0.0017738417225676465 0.001374727334989926 0.0010654136846171927 0.0008256956055783243 0.0006399140943232014 0.0004959334231004811 0.0017082151240125354
9 3
0.2 0.16000000000000003 0.12800000000000003 0.10240000000000003 0.08192000000000002 0.06553600000000002 0.052428800000000025 0.041943040000000015 0.033554432000000016 0.026843545600000015 0.021474836480000013 0.01717986918400001 0.013743895347200009 0.010995116277760009 0.008796093022208008 0.007036874417766407 0.005629499534213125 0.004503599627370501 0.0036028797018964006 0.0028823037615171208 0.0023058430092136968 0.0018446744073709574 0.001475739525896766 0.001180591620717413 0.0009444732965739304 0.003777893186295511
0.21250000000000002 0.16734375 0.131783203125 0.1037792724609375 0.08172617706298828 0.06435936443710326 0.050682999494218825 0.03991286210169732 0.03143137890508664 0.02475221088775573 0.019492366074107637 0.015350238283359763 0.012088312648145813 0.009519546210414828 0.007496642640701676 0.00590360607955257 0.004649089787647649 0.003661158207772523 0.002883162088620862 0.0022704901447889287 0.0017880109890212814 0.001408058653854259 0.001108846189910229 0.0008732163745543052 0.0006876578949615154 0.0025483792577984943
0.225 0.174375 0.13514062500000001 0.10473398437500002 0.08116883789062501 0.06290584936523438 0.04875203325805665 0.03778282577499391 0.029281689975620275 0.022693309731105716 0.01758731504160693 0.01363016915724537 0.010563381096865164 0.0081866203500705 0.006344630771304639 0.004917088847761095 0.003810743857014849 0.002953326489186508 0.0022888280291195437 0.0017738417225676465 0.001374727334989926 0.0010654136846171927 0.0008256956055783243 0.0006399140943232014 0.0004959334231004811 0.0017082151240125354
9 4
0.2 0.16000000000000003 0.12800000000000003 0.10240000000000003 0.08192000000000002 0.06553600000000002 0.052428800000000025 0.041943040000000015 0.033554432000000016 0.026843545600000015 0.021474836480000013 0.01717986918400001 0.013743895347200009 0.010995116277760009 0.008796093022208008 0.007036874417766407 0.005629499534213125 0.004503599627370501 0.0036028797018964006 0.0028823037615171208 0.0023058430092136968 0.0018446744073709574 0.001475739525896766 0.001180591620717413 0.0009444732965739304 0.003777893186295511
0.21250000000000002 0.16734375 0.131783203125 0.1037792724609375 0.08172617706298828 0.06435936443710326 0.050682999494218825 0.03991286210169732 0.03143137890508664 0.02475221088775573 0.019492366074107637 0.015350238283359763 0.012088312648145813 0.009519546210414828 0.007496642640701676 0.00590360607955257 0.004649089787647649 0.003661158207772523 0.002883162088620862 0.0022704901447889287 0.0017880109890212814 0.001408058653854259 0.001108846189910229 0.0008732163745543052 0.0006876578949615154 0.0025483792577984943
0.225 0.174375 0.13514062500000001 0.10473398437500002 0.08116883789062501 0.06290584936523438 0.04875203325805665 0.03778282577499391 0.029281689975620275 0.022693309731105716 0.01758731504160693 0.01363016915724537 0.010563381096865164 0.0081866203500705 0.006344630771304639 0.004917088847761095 0.003810743857014849 0.002953326489186508 0.0022888280291195437 0.0017738417225676465 0.001374727334989926 0.0010654136846171927 0.0008256956055783243 0.0006399140943232014 0.0004959334231004811 0.0017082151240125354
9 5
0.2 0.16000000000000003 0.12800000000000003 0.10240000000000003 0.08192000000000002 0.06553600000000002 0.052428800000000025 0.041943040000000015 0.033554432000000016 0.026843545600000015 0.021474836480000013 0.01717986918400001 0.013743895347200009 0.010995116277760009 0.008796093022208008 0.007036874417766407 0.005629499534213125 0.004503599627370501 0.0036028797018964006 0.0028823037615171208 0.0023058430092136968 0.0018446744073709574 0.001475739525896766 0.001180591620717413 0.0009444732965739304 0.003777893186295511
0.21250000000000002 0.16734375 0.131783203125 0.1037792724609375 0.08172617706298828 0.06435936443710326 0.050682999494218825 0.03991286210169732 0.03143137890508664 0.02475221088775573 0.019492366074107637 0.015350238283359763 0.012088312648145813 0.009519546210414828 0.007496642640701676 0.00590360607955257 0.004649089787647649 0.003661158207772523 0.002883162088620862 0.0022704901447889287 0.0017880109890212814 0.001408058653854259 0.001108846189910229 0.0008732163745543052 0.0006876578949615154 0.0025483792577984943
0.225 0.174375 0.13514062500000001 0.10473398437500002 0.08116883789062501 0.06290584936523438 0.04875203325805665 0.03778282577499391 0.029281689975620275 0.022693309731105716 0.01758731504160693 0.01363016915724537 0.010563381096865164 0.0081866203500705 0.006344630771304639 0.004917088847761095 0.003810743857014849 0.002953326489186508 0.0022888280291195437 0.0017738417225676465 0.001374727334989926 0.0010654136846171927 0.0008256956055783243 0.0006399140943232014 0.0004959334231004811 0.0017082151240125354
10 1
0.2 0.16000000000000003 0.12800000000000003 0.10240000000000003 0.08192000000000002 0.06553600000000002 0.052428800000000025 0.041943040000000015 0.033554432000000016 0.026843545600000015 0.021474836480000013 0.01717986918400001 0.013743895347200009 0.010995116277760009 0.008796093022208008 0.007036874417766407 0.005629499534213125 0.004503599627370501 0.0036028797018964006 0.0028823037615171208 0.0023058430092136968 0.0018446744073709574 0.001475739525896766 0.001180591620717413 0.0009444732965739304 0.003777893186295511
0.21250000000000002 0.16734375 0.131783203125 0.1037792724609375 0.08172617706298828 0.06435936443710326 0.050682999494218825 0.03991286210169732 0.03143137890508664 0.02475221088775573 0.019492366074107637 0.015350238283359763 0.012088312648145813 0.009519546210414828 0.007496642640701676 0.00590360607955257 0.004649089787647649 0.003661158207772523 0.002883162088620862 0.0022704901447889287 0.0017880109890212814 0.001408058653854259 0.001108846189910229 0.0008732163745543052 0.0006876578949615154 0.0025483792577984943
0.225 0.174375 0.13514062500000001 0.10473398437500002 0.08116883789062501 0.06290584936523438 0.04875203325805665 0.03778282577499391 0.029281689975620275 0.022693309731105716 0.01758731504160693 0.01363016915724537 0.010563381096865164 0.0081866203500705 0.006344630771304639 0.004917088847761095 0.003810743857014849 0.002953326489186508 0.0022888280291195437 0.0017738417225676465 0.001374727334989926 0.0010654136846171927 0.0008256956055783243 0.0006399140943232014 0.0004959334231004811 0.0017082151240125354
10 2
0.2 0.16000000000000003 0.12800000000000003 0.10240000000000003 0.08192000000000002 0.06553600000000002 0.052428800000000025 0.041943040000000015 0.033554432000000016 0.026843545600000015 0.021474836480000013 0.01717986918400001 0.013743895347200009 0.010995116277760009 0.008796093022208008 0.007036874417766407 0.005629499534213125 0.004503599627370501 0.0036028797018964006 0.0028823037615171208 0.0023058430092136968 0.0018446744073709574 0.001475739525896766 0.001180591620717413 0.0009444732965739304 0.003777893186295511
0.21250000000000002 0.16734375 0.131783203125 0.1037792724609375 0.08172617706298828 0.06435936443710326 0.050682999494218825 0.03991286210169732 0.03143137890508664 0.02475221088775573 0.019492366074107637 0.015350238283359763 0.012088312648145813 0.009519546210414828 0.007496642640701676 0.00590360607955257 0.004649089787647649 0.003661158207772523 0.002883162088620862 0.0022704901447889287 0.0017880109890212814 0.001408058653854259 0.001108846189910229 0.0008732163745543052 0.0006876578949615154 0.0025483792577984943
0.225 0.174375 0.13514062500000001 0.10473398437500002 0.08116883789062501 0.06290584936523438 0.04875203325805665 0.03778282577499391 0.029281689975620275 0.022693309731105716 0.01758731504160693 0.01363016915724537 0.010563381096865164 0.0081866203500705 0.006344630771304639 0.004917088847761095 0.003810743857014849 0.002953326489186508 0.0022888280291195437 0.0017738417225676465 0.001374727334989926 0.0010654136846171927 0.0008256956055783243 0.0006399140943232014 0.0004959334231004811 0.0017082151240125354
10 3
0.2 0.16000000000000003 0.12800000000000003 0.10240000000000003 0.08192000000000002 0.06553600000000002 0.052428800000000025 0.041943040000000015 0.033554432000000016 0.026843545600000015 0.021474836480000013 0.01717986918400001 0.013743895347200009 0.010995116277760009 0.008796093022208008 0.007036874417766407 0.005629499534213125 0.004503599627370501 0.0036028797018964006 0.0028823037615171208 0.0023058430092136968 0.0018446744073709574 0.001475739525896766 0.001180591620717413 0.0009444732965739304 0.003777893186295511
0.21250000000000002 0.16734375 0.131783203125 0.1037792724609375 0.08172617706298828 0.06435936443710326 0.050682999494218825 0.03991286210169732 0.03143137890508664 0.02475221088775573 0.019492366074107637 0.015350238283359763 0.012088312648145813 0.009519546210414828 0.007496642640701676 0.00590360607955257 0.004649089787647649 0.003661158207772523 0.002883162088620862 0.0022704901447889287 0.0017880109890212814 0.001408058653854259 0.001108846189910229 0.0008732163745543052 0.0006876578949615154 0.0025483792577984943
0.225 0.174375 0.13514062500000001 0.10473398437500002 0.08116883789062501 0.06290584936523438 0.04875203325805665 0.03778282577499391 0.029281689975620275 0.022693309731105716 0.01758731504160693 0.01363016915724537 0.010563381096865164 0.0081866203500705 0.006344630771304639 0.004917088847761095 0.003810743857014849 0.002953326489186508 0.0022888280291195437 0.0017738417225676465 0.001374727334989926 0.0010654136846171927 0.0008256956055783243 0.0006399140943232014 0.0004959334231004811 0.0017082151240125354
10 4
0.2 0.16000000000000003 0.12800000000000003 0.10240000000000003 0.08192000000000002 0.06553600000000002 0.052428800000000025 0.041943040000000015 0.033554432000000016 0.026843545600000015 0.021474836480000013 0.01717986918400001 0.013743895347200009 0.010995116277760009 0.008796093022208008 0.007036874417766407 0.005629499534213125 0.004503599627370501 0.0036028797018964006 0.0028823037615171208 0.0023058430092136968 0.0018446744073709574 0.001475739525896766 0.001180591620717413 0.0009444732965739304 0.003777893186295511
0.21250000000000002 0.16734375 0.131783203125 0.1037792724609375 0.08172617706298828 0.06435936443710326 0.050682999494218825 0.03991286210169732 0.03143137890508664 0.02475221088775573 0.019492366074107637 0.015350238283359763 0.012088312648145813 0.009519546210414828 0.007496642640701676 0.00590360607955257 0.004649089787647649 0.003661158207772523 0.002883162088620862 0.0022704901447889287 0.0017880109890212814 0.001408058653854259 0.001108846189910229 0.0008732163745543052 0.0006876578949615154 0.0025483792577984943
0.225 0.174375 0.13514062500000001 0.10473398437500002 0.08116883789062501 0.06290584936523438 0.04875203325805665 0.03778282577499391 0.029281689975620275 0.022693309731105716 0.01758731504160693 0.01363016915724537 0.010563381096865164 0.0081866203500705 0.006344630771304639 0.004917088847761095 0.003810743857014849 0.002953326489186508 0.0022888280291195437 0.0017738417225676465 0.001374727334989926 0.0010654136846171927 0.0008256956055783243 0.0006399140943232014 0.0004959334231004811 0.0017082151240125354
10 5
0.2 0.16000000000000003 0.12800000000000003 0.10240000000000003 0.08192000000000002 0.06553600000000002 0.052428800000000025 0.041943040000000015 0.033554432000000016 0.026843545600000015 0.021474836480000013 0.01717986918400001 0.013743895347200009 0.010995116277760009 0.008796093022208008 0.007036874417766407 0.005629499534213125 0.004503599627370501 0.0036028797018964006 0.0028823037615171208 0.0023058430092136968 0.0018446744073709574 0.001475739525896766 0.001180591620717413 0.0009444732965739304 0.003777893186295511
0.21250000000000002 0.16734375 0.131783203125 0.1037792724609375 0.08172617706298828 0.06435936443710326 0.050682999494218825 0.03991286210169732 0.03143137890508664 0.02475221088775573 0.019492366074107637 0.015350238283359763 0.012088312648145813 0.009519546210414828 0.007496642640701676 0.00590360607955257 0.004649089787647649 0.003661158207772523 0.002883162088620862 0.0022704901447889287 0.0017880109890212814 0.001408058653854259 0.001108846189910229 0.0008732163745543052 0.0006876578949615154 0.0025483792577984943
0.225 0.174375 0.13514062500000001 0.10473398437500002 0.08116883789062501 0.06290584936523438 0.04875203325805665 0.03778282577499391 0.029281689975620275 0.022693309731105716 0.01758731504160693 0.01363016915724537 0.010563381096865164 0.0081866203500705 0.006344630771304639 0.004917088847761095 0.003810743857014849 0.002953326489186508 0.0022888280291195437 0.0017738417225676465 0.001374727334989926 0.0010654136846171927 0.0008256956055783243 0.0006399140943232014 0.0004959334231004811 0.0017082151240125354
