7 3 5 1000
478 803
475
698 1248 1774
623 1160 1918
638 1267 1847
671 1184 1929
703 1178 1963
584 1106 2032
688 1115 1831
113 111 117
192 196 127
168 150 184
166 175 129
170 125 130
176 167 112
170 108 166
75 26 34
1 0 1
2 2 3
0 1 1
1 0 4
1 2 0
3 2 1
3 0 1
3 3 6
3 3 1
0 2 0
1 1 0
3 1 4
0 1 1
1 2 2
0 2 3
1 1 5
2 0 3
2 1 0
0 1 1
2 2 1
2 2 4
2 2 0
1 2 6
1 1 2
3 0 1
0 2 1
5 0 3
0 0 1
2 0 6
1 1 0
5 2 1
4 1 0
4 1 3
1 1 2
1 1 3
2 4 0
0 1 2
0 2 1
2 1 0
3 2 4
3 1 3
0 0 3
2 3 2
1 2 4
1 2 2
1 1 4
3 3 2
1 3 1
3 0 5
2 2 2
1 0 1
2 2 2
4 0 4
0 4 2
3 2 1
3 1 0
2 1 2
0 3 0
0 4 3
1 1 2
0 4 0
1 2 2
2 2 2
1 1 2
4 4 0
4 3 0
2 2 2
1 1 1
0 2 2
1 1 5
0 2 2
2 2 2
3 1 0
1 1 0
2 5 0
0 1 3
3 2 2
0 2 1
5 1 0
1 3 1
0 0 1
3 2 4
2 0 3
1 0 1
3 2 5
0 0 0
2 1 3
1 0 0
1 1 1
2 1 0
3 0 2
1 2 3
2 1 0
0 2 0
4 0 3
0 2 2
0 3 2
1 1 3
1 0 2
1 4 0
1 4 0
2 2 0
4 0 3
1 1 0
1 0 2
0 2 4
0 3 2
0 1 1
3 4 3
0 3 0
2 1 1
3 4 1
1 0 1
1 2 3
0 2 2
5 3 2
0 0 2
0 1 0
4 3 2
0 0 2
0 0 2
1 3 0
2 2 3
3 0 2
0 2 4
1 3 0
2 4 2
2 4 0
2 3 0
1 1 4
1 4 2
5 0 0
0 1 2
2 2 2
1 3 1
3 2 1
3 0 1
3 4 1
1 3 2
0 1 2
0 3 1
0 1 3
0 0 2
4 4 2
1 2 0
1 1 1
0 0 1
1 0 1
2 2 4
1 3 1
1 2 4
0 3 3
2 1 5
0 1 1
1 1 1
4 3 1
3 5 0
0 1 3
0 0 3
1 0 0
2 5 1
1 2 2
2 1 3
2 2 1
4 0 5
1 2 4
0 1 1
1 4 2
2 3 0
2 2 0
2 0 1
2 2 2
3 1 0
0 1 3
1 1 2
1 2 5
0 0 1
1 1 1
2 3 2
1 2 0
2 1 3
0 1 1
2 0 3
2 1 1
2 3 3
1 0 2
1 2 1
4 1 0
0 1 0
3 2 1
1 0 0
1 0 1
2 2 0
3 1 0
1 0 2
0 2 0
2 2 2
0 3 3
2 1 1
1 1 2
0 1 0
3 2 2
3 3 2
1 2 2
5 2 1
3 1 2
0 1 1
0 2 1
4 2 1
0 0 4
0 0 2
2 0 0
3 0 3
2 2 0
5 4 2
2 4 1
4 3 1
2 1 2
3 2 3
1 3 0
4 5 0
1 3 0
0 3 2
1 2 0
3 2 0
0 2 0
1 1 2
1 3 0
1 3 5
2 3 0
0 1 0
3 2 1
1 6 1
4 1 1
0 1 3
3 2 2
3 2 4
1 1 1
2 1 0
4 1 0
1 3 1
1 4 3
0 5 1
2 1 0
4 0 2
4 1 1
1 1 1
6 4 1
6 3 1
3 2 1
3 4 0
0 0 2
0 1 2
1 1 1
2 0 2
1 0 2
2 4 0
0 0 0
0 3 4
2 4 1
4 2 3
1 3 0
2 1 0
1 0 2
3 1 0
1 2 2
0 0 0
3 1 1
1 1 0
0 0 5
0 1 4
2 2 3
2 3 1
0 1 0
1 4 0
3 3 0
0 5 2
2 5 2
1 5 4
2 1 2
0 2 0
3 1 1
0 1 4
1 2 0
2 1 3
1 4 2
1 2 0
2 1 2
0 0 0
1 2 0
0 1 1
2 0 6
3 1 0
2 0 4
5 2 2
0 2 2
0 3 2
1 1 0
3 3 2
3 1 3
3 0 1
0 0 1
2 3 1
3 3 0
0 0 0
2 3 0
0 0 3
2 0 1
1 1 3
1 2 2
2 2 1
3 1 0
1 2 0
2 3 5
1 2 2
1 0 1
2 1 1
3 1 0
1 0 4
4 3 2
1 1 2
1 3 0
1 0 2
6 1 0
4 1 2
2 3 1
0 1 1
1 2 0
3 0 2
0 0 5
0 0 0
3 1 1
3 0 1
1 2 0
0 5 1
0 4 0
2 4 0
2 0 4
1 1 0
1 6 4
2 1 1
4 4 3
1 4 0
2 0 1
0 1 3
1 3 2
0 0 2
1 3 0
0 2 0
2 4 3
3 0 1
2 2 2
0 1 2
2 3 5
1 2 0
0 1 2
0 1 0
3 1 0
1 0 6
0 0 0
0 2 2
1 4 4
5 0 0
2 2 1
1 3 0
2 2 1
5 1 0
2 0 3
2 1 1
1 0 1
0 0 1
0 0 1
3 5 0
1 6 3
3 0 2
2 2 1
0 3 2
1 2 2
0 0 0
2 0 1
2 1 1
2 1 0
2 5 1
1 2 2
0 0 1
0 0 0
1 1 1
1 1 0
1 1 0
3 3 2
0 0 2
4 1 0
0 0 2
3 0 2
1 3 1
1 6 4
2 1 3
1 2 3
3 1 3
1 1 3
0 5 2
0 2 0
2 1 4
3 1 2
1 0 1
1 0 0
1 0 1
2 1 2
2 3 0
1 1 0
3 3 0
3 0 1
0 1 1
4 1 0
0 1 0
0 2 1
4 2 2
2 0 1
0 2 0
1 2 1
1 1 1
2 1 4
0 2 0
0 1 6
2 2 1
5 2 1
2 2 2
2 0 1
0 0 0
4 3 1
0 3 1
2 3 0
2 0 5
0 1 0
1 3 0
2 2 3
3 1 2
0 3 0
3 4 2
3 3 1
0 0 1
2 2 0
2 5 0
0 0 1
3 0 1
0 4 2
0 1 0
0 1 5
1 1 0
1 4 1
2 2 0
2 1 1
4 2 4
1 1 2
4 4 0
0 1 1
1 0 2
2 1 1
0 0 0
2 5 1
3 1 1
0 0 0
0 1 2
5 3 0
1 1 2
1 1 2
3 3 1
2 1 3
1 3 0
1 3 1
0 2 1
0 0 3
1 0 2
3 1 4
1 0 1
0 0 2
0 0 0
2 4 0
1 0 2
0 1 2
1 3 2
2 2 1
2 2 1
3 0 1
3 1 0
2 0 3
0 2 0
4 4 3
1 1 0
0 3 2
3 0 3
0 1 1
2 1 0
1 0 3
0 2 1
0 0 2
0 3 1
0 1 1
4 2 2
4 1 0
1 4 1
4 0 0
4 3 0
0 1 0
3 4 3
3 2 0
2 3 0
1 1 1
1 0 2
3 3 1
0 0 4
1 3 1
1 1 0
2 3 1
0 1 2
3 2 1
0 3 3
3 0 0
0 2 0
0 0 3
0 1 2
5 2 0
1 2 1
2 5 4
0 1 2
1 2 1
6 3 1
1 3 3
3 1 2
2 2 4
1 2 1
1 1 0
0 2 4
0 1 1
2 2 1
4 0 2
5 4 1
0 4 0
0 0 3
2 0 1
0 2 3
0 1 0
1 1 2
2 2 4
6 1 2
2 1 0
0 4 1
3 3 0
0 2 4
1 1 1
1 1 3
3 2 3
1 1 1
0 0 2
2 3 1
5 2 0
0 5 3
2 3 0
2 0 0
1 1 2
4 0 0
2 2 3
1 2 3
0 2 4
2 0 0
5 1 0
1 4 0
3 1 5
0 3 0
1 6 4
6 0 0
2 1 0
2 1 1
4 0 3
2 2 2
1 2 0
0 3 0
2 1 1
0 1 4
1 3 3
1 3 1
4 2 0
2 1 0
0 2 0
0 1 3
3 3 0
3 5 1
0 4 1
2 3 3
1 4 1
1 1 2
1 1 4
1 2 3
1 0 6
0 2 0
1 0 3
1 1 2
5 1 0
2 0 1
2 0 2
0 0 1
1 2 0
1 0 1
0 5 1
4 2 2
2 2 2
4 2 1
3 1 5
0 4 1
1 3 1
1 0 0
1 1 0
4 0 2
1 3 3
1 0 6
5 1 2
2 1 0
1 1 0
1 1 2
1 1 3
3 2 0
2 2 1
2 0 1
2 1 3
1 1 0
1 1 1
5 0 4
0 2 2
0 2 2
2 1 0
3 0 5
1 2 0
0 1 0
4 0 3
3 0 0
0 2 1
2 1 1
4 1 0
2 4 1
0 2 0
4 5 1
0 0 1
0 1 0
1 0 2
4 0 4
0 2 1
2 0 0
2 1 3
3 1 1
2 2 4
1 2 2
2 1 3
0 0 2
3 0 1
4 1 0
2 1 2
0 2 0
1 2 2
2 0 1
3 2 0
0 0 3
0 1 0
2 0 0
0 0 3
1 2 0
0 1 4
1 1 2
2 2 1
2 2 0
3 2 1
1 2 2
1 0 1
4 1 0
4 3 2
3 6 2
2 4 0
1 3 4
4 3 1
2 5 0
0 0 0
0 1 0
0 5 1
5 2 1
4 0 3
4 0 1
1 0 3
1 2 4
2 1 0
1 0 0
3 0 4
4 0 4
2 2 1
2 4 1
4 3 1
1 0 0
0 0 2
1 4 0
1 1 3
6 2 1
0 2 6
1 2 1
1 1 2
2 3 1
1 4 0
2 1 3
2 1 0
5 2 1
4 1 4
2 1 1
2 2 3
0 1 6
0 1 1
1 3 3
2 1 1
2 4 3
0 3 2
0 0 1
0 0 3
0 0 0
1 6 4
2 3 1
1 4 0
5 2 1
2 4 0
1 1 1
3 0 3
4 3 1
3 3 2
1 3 1
3 2 3
0 6 0
0 1 2
1 0 2
0 0 2
0 0 3
1 4 0
1 3 0
3 4 0
1 0 1
3 2 2
5 2 1
2 3 2
1 1 0
0 4 2
0 0 1
2 3 5
2 0 6
1 3 2
2 1 1
0 1 3
1 5 0
0 3 0
0 2 2
4 1 1
5 3 3
1 3 1
3 2 1
2 0 3
1 0 5
0 1 1
1 2 1
2 4 1
0 3 1
0 0 2
1 0 1
2 1 1
1 1 1
2 0 5
3 3 4
1 5 4
4 2 1
0 0 1
1 0 0
2 2 3
3 1 2
0 0 1
5 1 2
1 4 0
2 0 2
2 1 0
1 0 0
5 0 0
3 2 0
1 2 2
0 1 3
2 1 1
1 0 1
1 2 3
1 0 3
0 4 3
0 2 0
1 5 4
1 2 0
4 2 2
2 0 3
2 2 0
0 2 1
1 1 1
1 2 1
3 0 1
1 1 2
0 1 3
2 3 2
1 0 1
0 1 0
1 1 1
1 1 4
0 2 1
2 2 1
1 0 1
2 1 0
1 0 1
2 3 5
0 1 2
3 4 3
0 2 0
3 1 1
1 1 1
1 2 0
2 0 3
0 2 0
0 3 2
1 1 2
3 1 2
0 0 1
1 0 2
5 2 2
2 2 0
1 0 1
1 0 3
0 3 0
1 3 3
3 0 0
3 2 0
0 1 1
0 3 2
5 1 0
1 1 3
3 3 2
6 3 0
3 2 4
2 3 0
0 3 0
2 2 2
2 2 1
1 1 2
2 3 3
1 0 5
1 0 0
1 1 1
1 3 0
2 0 0
0 0 0
2 2 0
0 1 0
3 0 1
1 0 2
3 0 0
4 3 1
3 2 4
1 0 1
3 3 1
1 2 1
4 1 4
4 4 2
4 1 6
6 5 3
0 0 4
2 2 1
3 1 0
1 1 2
1 5 0
0 0 0
2 1 1
4 4 0
2 3 3
0 0 0
1 3 2
2 1 2
5 2 0
0 0 0
1 1 0
2 2 3
0 1 3
2 1 1
5 0 4
5 1 1
2 2 1
1 0 0
1 0 0
1 3 3
0 0 3
0 0 1
2 1 2
3 1 0
6 3 1
3 0 2
2 1 0
1 3 0
0 4 1
2 0 5
1 1 1
2 2 3
1 1 0
3 0 6
3 1 1
1 1 0
3 2 1
1 1 0
0 1 1
2 3 1
1 2 2
1 1 3
6 1 0
4 1 2
2 1 2
6 2 0
3 0 0
1 2 0
2 2 4
3 3 4
2 2 0
1 0 1
2 1 1
3 5 4
3 4 2
1 1 4
1 1 2
0 4 1
0 0 1
0 3 3
2 2 2
5 1 2
0 1 0
1 0 0
2 2 0
2 0 1
1 0 0
2 0 1
2 1 0
4 1 4
0 2 1
1 0 0
0 0 3
1 0 3
3 2 1
3 4 1
1 4 3
1 5 3
1 2 4
1 2 2
2 0 1
1 1 2
2 1 1
0 4 2
0 2 1
1 0 2
2 1 2
1 1 1
2 2 2
2 1 2
0 0 2
2 0 3
1 2 0
0 1 0
1 1 1
1 1 3
1 1 1
1 2 1
0 3 2
0 2 1
0 4 0
2 2 1
6 2 2
3 0 3
3 1 4
1 4 4
1 1 2
0 0 1
3 1 2
0 3 0
1 0 2
3 1 0
0 1 1
2 2 0
1 2 1
2 1 1
3 2 1
1 0 0
2 2 4
2 0 3
3 4 0
2 0 2
1 0 2
0 0 0
3 3 1
4 3 3
0 2 3
2 2 0
1 3 1
3 3 1
1 1 0
3 1 1
2 2 1
2 2 0
1 0 2
3 0 2
1 0 2
2 0 1
0 1 0
3 6 1
3 1 1
0 5 0
1 1 0
2 2 3
3 0 1
0 2 3
0 1 3
0 0 1
1 4 2
0 2 2
3 0 1
1 4 2
1 2 1
0 3 0
0 1 3
0 3 0
3 2 1
2 1 1
3 3 1
1 0 0
4 1 3
1 3 1
1 3 4
1 1 0
1 2 1
3 1 2
2 4 1
0 2 5
2 2 1
2 2 5
1 0 0
6 1 4
5 1 1
1 6 4
3 3 2
1 2 0
1 2 3
1 0 3
1 1 2
0 1 1
0 3 0
1 3 3
1 2 2
1 2 1
0 0 1
1 0 1
1 1 4
1 1 0
3 2 0
1 1 3
5 0 2
1 0 3
1 3 3
3 0 0
1 1 1
1 1 1
0 0 1
2 3 1
1 1 1
2 0 1
1 2 5
1 1 3
2 1 3
5 0 2
1 0 2
1 2 0
1 0 1
2 0 4
0 1 0
0 1 0
1 2 3
2 3 2
5 3 4
3 0 2
0 1 1
0 3 3
2 1 1
0 6 2
0 3 0
0 1 1
3 0 1
1 0 1
2 2 0
0 2 0
2 0 2
0 4 0
1 2 1
1 2 1
2 3 0
1 1 3
2 1 3
0 4 0
4 1 5
0 0 0
0 0 0
1 1 4
1 1 0
1 3 1
0 4 3
1 1 2
0 0 1
1 0 2
1 0 0
2 0 1
2 1 2
2 1 0
0 0 2
2 4 3
1 2 1
0 2 4
1 2 1
0 0 1
1 0 2
1 0 1
0 2 4
0 0 1
1 1 1
4 0 1
1 2 1
2 0 3
0 1 1
0 2 0
3 2 3
3 2 2
0 3 3
2 1 3
4 1 3
1 2 2
0 0 2
3 2 1
3 5 2
2 4 1
0 0 3
3 3 3
2 0 0
2 5 2
3 1 0
4 0 2
1 0 1
2 1 2
1 0 2
3 1 3
3 0 0
1 5 1
1 2 0
2 1 4
0 2 4
2 1 0
0 1 0
1 0 5
2 0 1
4 2 2
0 1 1
5 3 0
0 1 2
2 0 4
2 0 0
1 2 2
2 1 3
2 1 2
3 3 6
3 1 4
2 0 2
0 2 1
4 1 2
2 2 1
0 1 0
2 5 1
2 2 3
1 1 5
0 1 1
1 2 1
2 3 3
2 3 1
0 1 1
0 1 2
2 0 1
0 3 1
1 5 1
2 0 1
3 2 5
1 1 3
2 1 3
0 1 5
1 0 1
2 3 1
0 2 1
0 1 1
5 5 2
2 1 0
3 2 0
2 0 3
4 1 0
2 1 0
2 0 4
2 2 4
2 4 4
1 3 1
4 2 3
6 5 1
2 2 1
0 4 0
1 2 1
1 2 1
2 2 2
0 5 0
3 1 1
0 4 1
2 2 2
0 2 2
0 2 0
1 1 3
1 3 1
2 2 2
0 0 1
3 2 0
0 1 2
1 2 1
1 1 2
2 2 1
1 1 1
1 2 1
2 1 1
3 0 2
3 0 6
3 2 2
0 0 0
1 0 0
2 0 3
1 1 1
2 1 0
2 2 1
1 3 1
1 0 2
2 4 1
3 5 1
0 0 2
0 2 1
0 2 0
1 0 1
2 0 3
2 3 1
1 0 0
0 0 4
0 2 2
2 5 1
1 1 4
1 0 2
1 2 1
0 1 2
1 1 2
0 1 0
0 4 2
4 1 0
1 0 0
1 0 0
5 0 0
2 0 1
2 1 0
4 2 3
1 4 4
4 3 3
0 1 2
2 3 6
0 1 3
1 3 2
4 2 1
1 0 4
3 4 2
3 0 0
1 2 1
2 4 2
0 1 0
3 3 1
2 2 0
1 2 0
1 2 2
5 2 0
0 2 2
0 0 0
0 2 0
0 1 1
1 0 1
1 2 2
1 0 0
0 1 3
4 1 0
2 0 0
1 2 0
0 2 1
1 2 5
2 0 0
2 1 1
2 2 4
4 1 1
1 2 2
1 1 1
1 2 0
0 1 3
0 3 1
1 0 4
0 0 0
5 3 0
2 0 3
0 4 5
2 0 4
0 1 4
1 0 3
0 6 0
4 3 0
1 1 4
1 4 4
0 0 4
2 1 5
0 5 2
0 2 1
5 0 1
2 1 3
2 0 5
1 2 0
0 3 1
1 0 4
2 0 3
0 0 3
2 1 1
2 1 1
1 0 2
1 1 0
2 2 1
0 0 1
0 0 1
0 1 1
1 1 0
0 4 2
1 1 1
1 0 2
3 2 1
3 1 2
0 1 0
2 1 1
1 1 3
3 1 1
2 4 1
1 2 3
0 0 6
1 3 1
2 0 3
5 3 1
0 1 0
2 0 1
2 3 2
2 3 1
0 1 2
1 2 0
2 1 2
4 6 1
2 2 2
3 0 2
2 0 3
2 1 1
0 1 1
2 6 2
1 1 4
2 0 3
1 1 1
0 2 1
1 4 1
0 2 1
3 3 0
0 1 0
2 1 1
3 0 1
3 1 3
2 1 3
4 0 2
2 2 2
1 3 2
1 1 4
3 1 1
1 0 0
0 1 2
0 0 4
0 1 1
0 5 2
3 0 2
0 2 2
2 3 1
4 1 3
3 0 2
1 1 2
1 5 2
3 1 2
5 1 1
1 0 3
2 3 0
3 2 4
1 1 3
0 2 0
3 3 3
0 4 2
1 2 2
1 4 0
1 1 1
0 0 2
1 2 0
3 0 1
0 2 0
1 2 3
2 3 1
1 1 1
2 1 0
0 0 3
0 0 1
0 0 0
0 1 4
0 2 0
4 1 2
3 2 3
4 3 2
0 1 5
4 1 1
4 0 1
1 1 1
1 4 1
1 0 1
2 1 4
4 4 0
4 1 2
5 1 0
1 3 0
2 2 3
1 1 2
1 5 3
1 2 0
0 2 1
4 2 0
3 6 2
2 4 2
3 1 2
1 0 1
2 1 3
0 2 2
4 2 1
1 0 3
0 1 2
4 1 3
1 1 0
1 2 0
3 1 0
3 0 3
1 6 0
0 0 3
1 6 2
2 1 0
1 3 0
2 1 4
2 1 0
0 0 0
2 3 2
3 3 2
0 1 2
3 3 1
1 0 1
0 2 1
1 1 4
2 3 2
2 1 3
0 1 2
3 3 3
2 1 2
3 0 6
3 1 0
1 1 2
1 1 0
1 2 2
1 2 4
2 2 0
3 2 0
1 5 0
0 1 5
3 2 4
0 1 0
0 0 1
1 1 1
3 0 2
1 2 2
1 3 1
0 1 2
1 3 4
3 2 2
3 0 1
0 1 2
4 0 5
1 1 3
1 1 3
1 1 3
1 0 1
2 1 5
1 0 2
0 2 6
2 1 2
1 2 1
0 0 2
0 6 4
0 3 4
2 2 3
2 5 3
0 2 4
1 2 4
0 3 0
0 2 2
0 2 3
3 2 0
3 1 0
5 0 1
1 1 1
1 3 0
2 1 6
4 2 1
0 1 0
4 1 0
0 2 0
1 5 1
4 4 3
5 2 2
3 0 5
0 2 0
2 0 1
0 1 1
0 2 0
2 3 2
4 1 0
2 1 4
2 0 1
6 0 0
1 2 1
2 1 1
2 2 1
1 1 1
3 4 1
1 0 1
2 2 2
0 1 1
1 1 2
1 0 2
0 1 0
4 2 0
0 2 3
5 2 0
2 1 2
3 2 1
0 0 0
2 3 0
0 2 3
0 2 1
2 4 1
2 2 1
3 1 2
2 0 0
2 2 2
0 1 3
2 3 1
1 3 4
0 2 2
2 2 1
1 3 1
2 2 1
0 0 4
2 4 2
1 5 0
1 1 3
1 1 0
3 0 1
0 0 1
3 2 1
5 1 0
0 1 0
4 0 0
2 4 4
0 1 0
1 0 5
1 4 3
1 3 3
5 2 1
2 0 4
3 3 3
1 0 2
0 2 2
0 1 1
1 4 2
0 2 0
2 2 1
0 1 0
1 1 2
0 2 1
1 1 1
0 4 2
2 1 2
2 2 1
1 3 0
1 2 0
1 2 0
0 1 1
2 0 0
3 0 1
1 3 1
1 1 0
2 0 2
5 3 1
1 2 6
1 2 1
0 1 1
2 3 3
1 1 1
2 1 0
1 2 1
0 3 3
0 1 2
1 2 0
3 0 2
2 0 3
2 2 4
5 0 1
0 1 2
6 1 0
3 1 3
2 4 2
1 1 0
3 2 4
1 1 3
0 2 3
0 2 2
0 0 1
0 4 0
2 1 3
2 1 0
2 0 2
2 1 1
0 1 0
1 3 1
2 2 1
1 2 5
0 1 0
3 1 1
2 0 2
3 3 2
4 1 2
1 1 1
0 2 0
1 3 2
0 1 0
2 1 0
0 1 1
2 0 3
0 1 0
1 0 1
2 0 5
1 0 0
2 1 2
0 2 1
2 2 3
2 0 2
2 2 0
0 1 0
1 0 2
0 2 3
1 3 4
2 0 3
0 1 1
2 2 0
2 1 1
2 2 0
1 2 2
5 0 0
1 2 3
2 2 2
3 3 2
0 0 1
2 2 1
0 4 0
4 1 1
0 1 2
1 5 1
0 3 0
4 2 1
2 3 1
2 2 0
0 5 2
3 2 1
1 2 1
1 4 1
1 0 1
1 3 1
4 1 2
0 1 0
1 2 1
3 0 0
1 4 2
0 3 3
0 3 1
1 2 2
4 3 0
2 3 3
3 0 3
2 3 1
2 2 1
2 0 1
1 2 1
4 0 3
3 0 0
0 3 2
3 2 2
3 2 0
0 0 2
3 0 0
1 2 0
0 2 3
0 0 3
2 2 1
0 2 0
0 0 3
0 1 1
2 0 2
1 1 1
4 0 1
2 1 3
1 2 1
2 5 3
0 1 2
1 0 3
3 2 1
1 1 0
1 0 1
3 0 2
3 1 0
1 3 1
0 4 3
2 1 2
0 1 4
3 3 1
1 5 4
0 0 1
0 0 2
1 2 0
3 2 2
4 0 1
2 0 5
1 1 3
2 0 0
1 1 5
2 5 2
3 0 3
1 1 1
1 1 3
1 0 4
0 2 0
2 0 1
0 0 3
3 0 4
2 1 0
1 0 0
3 2 2
2 3 1
1 2 0
3 3 0
4 3 3
1 3 5
0 1 3
0 0 1
4 0 5
0 1 1
0 3 1
0 2 1
4 0 2
5 0 1
2 0 3
1 3 3
1 1 1
1 1 1
6 0 2
5 4 1
1 4 4
1 2 1
1 1 2
2 0 0
0 0 1
0 5 5
0 5 0
1 1 1
3 1 4
3 2 1
0 0 3
1 2 2
4 1 1
3 0 1
2 1 2
3 4 0
0 1 2
1 6 2
0 1 2
3 0 1
1 1 0
1 1 1
1 1 3
2 4 4
0 3 0
3 1 1
1 3 0
1 3 2
0 1 3
0 3 0
0 1 2
0 3 1
0 2 1
3 5 2
2 0 0
6 4 0
6 4 3
0 1 0
1 6 2
1 1 1
5 3 3
2 1 3
2 0 2
2 0 4
1 0 1
0 0 3
2 2 0
2 0 0
1 0 0
0 0 0
3 2 0
1 0 0
2 1 3
1 3 0
6 3 3
4 3 2
2 1 2
3 1 2
3 0 2
4 4 3
3 1 0
2 0 2
1 2 4
1 2 3
1 2 1
1 0 0
2 2 2
3 0 1
3 1 1
1 0 1
2 1 0
1 1 0
1 0 3
3 2 3
2 3 1
1 2 0
0 2 1
2 2 2
1 1 4
2 2 2
2 5 0
5 3 2
0 0 3
1 0 1
1 4 0
1 1 2
0 6 4
2 2 4
3 3 0
1 2 3
1 1 3
2 0 0
4 5 3
0 3 2
4 1 0
6 1 2
0 1 3
2 2 0
5 3 1
1 2 1
1 3 2
1 1 0
0 2 4
1 1 1
2 1 0
0 1 2
4 1 0
2 0 0
1 1 1
2 0 1
3 6 2
3 1 3
2 2 0
0 0 2
1 1 1
1 1 4
1 0 1
1 1 5
3 1 0
5 2 0
2 2 0
2 0 3
1 1 2
2 4 2
0 1 4
1 2 0
1 2 2
1 2 2
3 4 1
3 2 3
1 5 4
1 1 3
1 0 1
3 1 2
1 0 3
1 1 1
3 3 6
3 3 1
1 3 5
1 1 2
3 3 1
0 1 3
0 4 3
3 1 2
0 3 1
2 0 1
0 2 1
3 1 0
0 1 3
0 2 4
0 3 1
2 1 1
2 1 1
2 3 2
3 4 0
1 2 0
3 2 2
0 2 2
2 2 0
1 0 5
2 0 0
2 1 1
3 2 1
0 2 2
4 5 1
1 4 1
2 2 3
3 5 1
1 1 4
4 2 1
0 2 0
2 0 3
2 4 4
2 0 2
1 0 0
1 0 1
1 3 2
2 0 4
3 2 3
1 5 4
2 0 3
0 2 1
2 3 3
3 1 1
4 1 2
0 4 1
1 1 0
1 0 2
2 1 1
1 1 0
0 3 1
1 1 0
0 3 2
0 1 1
2 1 4
2 0 1
1 1 2
1 2 1
2 0 2
4 1 0
0 0 5
0 2 2
0 0 2
3 0 4
0 0 0
3 2 2
2 0 1
3 0 3
3 1 1
4 3 2
0 2 2
0 0 2
3 1 1
2 1 1
0 1 3
1 2 6
2 1 4
2 1 0
4 4 0
0 1 2
4 2 1
1 4 6
2 2 1
4 1 2
2 4 2
2 0 4
4 1 4
2 4 2
2 0 0
1 1 1
0 4 3
0 1 1
3 3 4
1 0 0
1 2 2
2 2 1
0 0 1
0 0 1
0 1 2
2 1 1
0 3 2
3 2 4
1 3 3
0 1 2
4 1 3
2 2 4
5 0 3
0 2 1
1 1 0
1 2 1
1 0 1
3 0 3
3 2 4
2 4 4
0 2 4
4 2 1
2 3 1
2 0 0
0 1 0
3 0 1
0 0 3
1 0 2
1 4 0
1 0 2
0 5 0
4 1 4
1 1 3
2 4 3
0 1 2
0 0 4
1 1 1
1 4 2
0 1 1
1 2 3
1 0 1
0 3 1
4 1 1
0 1 1
1 0 1
6 4 0
0 4 4
1 4 2
0 3 1
1 2 0
1 1 3
3 2 0
3 0 1
3 1 0
0 4 3
0 2 5
1 2 2
3 4 4
1 0 1
3 4 3
4 0 1
4 1 2
5 2 4
4 3 4
0 1 1
2 0 2
2 3 1
2 3 2
5 2 4
1 4 2
1 6 0
1 2 0
2 2 3
1 3 3
1 1 3
4 1 1
0 2 2
2 1 0
2 0 2
1 1 3
1 2 4
4 2 0
2 5 1
1 2 0
0 0 0
2 2 1
3 1 1
0 1 0
1 4 1
1 2 1
5 4 2
2 1 2
0 0 2
0 2 2
0 2 0
0 1 1
1 5 1
1 0 0
3 1 1
0 0 1
1 0 0
0 2 2
1 2 2
4 5 0
0 1 1
5 2 1
2 3 6
3 0 2
1 0 3
1 0 0
4 2 3
2 0 6
1 2 0
3 3 0
2 0 2
1 1 1
4 2 3
3 3 3
1 3 1
2 0 2
0 1 0
2 2 0
3 2 3
0 2 4
1 2 1
3 1 3
1 2 3
0 1 0
1 1 4
1 2 2
2 2 0
2 3 1
5 2 1
2 4 0
1 2 2
6 1 1
2 0 2
4 1 2
2 0 3
1 0 1
2 1 2
3 0 2
2 1 2
3 2 1
1 2 0
2 0 1
0 1 1
1 1 1
0 1 0
4 2 1
0 3 3
2 0 0
1 1 1
1 2 4
4 1 2
0 3 2
0 4 2
0 1 0
3 4 2
0 0 2
5 2 6
3 0 0
1 1 0
2 2 1
2 0 2
2 1 1
1 1 1
1 0 2
1 0 2
2 0 4
1 0 0
2 2 1
1 3 4
2 2 1
1 3 4
0 2 2
0 0 1
0 2 3
0 1 2
1 2 1
1 2 0
0 1 1
1 1 2
3 1 2
3 4 1
1 0 4
1 4 0
0 2 1
1 0 2
4 1 1
2 5 1
0 0 0
0 0 1
0 0 0
1 5 4
0 4 1
0 3 0
2 0 1
2 0 1
3 2 0
2 0 4
2 4 2
2 0 0
2 0 0
1 2 1
0 1 4
0 2 1
3 6 0
3 3 0
3 2 2
0 3 1
1 1 2
2 2 3
0 3 4
3 2 1
1 0 2
2 1 1
0 5 2
2 2 1
3 1 1
2 2 0
1 3 0
3 0 2
1 2 2
1 1 1
1 3 2
1 1 1
4 1 1
3 0 2
2 3 0
1 0 4
5 2 2
1 1 1
2 0 3
1 2 4
0 4 1
1 4 2
2 0 1
0 2 2
4 0 6
0 1 2
1 0 1
3 4 1
1 1 6
0 2 1
3 2 2
0 0 0
1 3 4
1 4 2
4 0 2
3 2 0
2 0 2
2 3 1
2 4 5
2 1 1
1 0 2
1 0 3
0 2 0
4 1 1
4 2 2
1 1 1
5 0 2
1 4 2
1 4 1
0 0 4
1 1 1
1 1 4
5 4 1
0 1 0
1 1 1
3 0 1
2 1 2
1 1 1
0 1 6
1 1 2
0 2 0
3 3 1
0 1 0
2 4 3
2 1 1
1 4 5
1 2 3
2 0 0
5 2 0
2 1 0
0 2 0
6 1 0
2 1 1
0 2 2
3 0 2
6 4 1
5 1 5
2 2 1
0 1 1
1 1 0
1 1 0
1 0 1
1 0 2
4 2 1
2 3 1
0 1 4
1 0 0
1 1 0
1 1 3
1 1 1
3 2 3
0 2 0
4 3 0
0 3 3
1 2 0
0 3 0
1 0 1
5 2 3
2 1 1
1 0 0
1 2 0
2 0 1
1 0 2
4 1 3
0 0 2
1 1 2
1 3 4
0 2 4
1 2 1
4 4 0
0 1 2
2 3 5
1 1 0
2 4 3
1 4 4
1 0 3
0 2 0
1 2 2
2 4 1
2 2 1
0 0 3
3 1 1
0 1 1
2 2 3
2 1 0
3 4 1
5 3 1
1 1 1
0 1 0
3 2 2
1 3 3
2 2 1
3 2 1
2 1 0
1 1 3
2 0 2
1 3 4
3 2 0
1 1 3
2 4 1
4 0 2
1 0 1
3 1 2
2 1 0
0 1 0
3 1 0
1 0 2
4 4 1
1 1 3
4 3 0
0 1 1
0 1 1
0 0 4
2 2 2
2 1 0
0 2 4
5 2 0
1 3 4
2 1 1
1 1 2
1 2 1
1 0 0
3 6 1
2 1 1
1 1 0
2 1 3
2 4 1
2 2 4
1 1 1
1 3 2
0 2 5
3 4 3
5 5 2
4 0 1
3 1 2
1 2 0
1 0 1
2 1 3
0 1 1
0 1 2
2 1 0
1 0 1
1 3 2
1 2 1
4 3 3
3 0 0
1 0 0
3 0 0
2 2 1
4 1 2
2 1 0
0 4 1
4 5 0
1 0 1
0 0 0
1 3 3
2 3 2
0 5 2
0 1 3
6 0 1
3 2 2
2 0 3
1 5 4
1 0 0
2 3 2
0 2 0
1 1 2
0 4 2
0 3 4
2 2 0
0 1 0
1 2 1
0 4 2
1 1 3
1 0 1
1 4 4
2 2 2
0 4 2
5 1 0
3 1 0
0 2 1
2 1 1
3 1 0
1 0 0
0 3 0
1 1 3
2 0 1
1 3 0
1 0 3
2 0 5
2 3 2
0 2 4
4 2 2
1 3 5
0 1 2
2 0 3
4 0 1
2 4 0
2 1 0
3 1 1
2 3 1
0 1 0
2 0 1
0 4 5
0 2 4
2 3 4
1 1 4
0 1 0
0 1 3
1 1 5
0 3 0
0 3 1
1 3 2
0 0 4
3 5 1
1 4 0
3 3 0
3 3 3
4 5 0
5 1 2
0 1 1
0 2 1
0 1 1
3 2 0
1 1 3
2 0 1
3 4 0
3 3 2
1 1 3
0 0 2
0 2 1
5 1 2
2 1 1
4 0 1
1 0 1
1 1 3
2 3 1
3 1 0
2 3 3
3 2 1
0 0 1
2 2 1
1 0 1
0 0 1
1 1 2
0 5 1
1 2 0
2 1 1
0 2 1
2 2 3
0 5 2
3 2 1
1 1 2
3 0 1
0 3 6
1 3 1
3 1 2
0 3 0
3 1 3
1 5 5
2 4 4
0 1 1
1 2 0
0 0 2
1 2 2
0 1 1
1 1 5
4 1 0
2 2 3
1 2 0
2 4 3
5 5 2
5 0 1
2 5 1
0 6 1
1 1 2
5 3 1
4 1 2
2 1 1
3 2 0
2 1 2
2 5 0
0 2 1
0 1 3
1 0 4
1 1 0
1 1 0
2 0 0
1 0 4
3 1 1
0 0 1
3 1 0
4 2 3
5 0 0
4 1 3
1 2 2
0 3 1
0 4 1
1 2 3
3 2 2
0 0 0
3 1 0
2 1 2
0 2 5
1 3 1
0 2 0
1 0 0
1 2 3
1 1 3
3 2 3
2 0 4
2 0 3
2 6 1
4 1 3
2 5 1
4 1 2
2 1 4
2 2 1
0 5 1
0 1 2
2 3 0
3 0 0
2 2 1
5 0 3
0 2 3
1 2 0
3 0 3
1 1 1
2 3 3
1 5 2
1 1 3
4 1 5
4 2 0
0 1 0
1 3 0
3 2 0
2 0 2
2 1 2
3 1 3
2 0 1
2 3 1
2 3 1
1 1 4
0 3 2
5 1 1
3 0 1
2 4 0
5 4 1
0 2 1
0 0 2
1 3 0
2 1 1
0 1 3
0 0 1
1 1 1
2 4 2
0 4 0
2 2 5
5 1 1
0 1 2
4 2 0
3 0 1
0 1 0
0 1 0
3 3 1
2 5 3
1 2 2
3 3 0
2 2 1
1 0 4
0 4 1
1 1 3
1 3 0
0 2 1
1 0 0
0 0 4
0 2 2
1 4 2
1 2 1
2 1 4
4 3 3
1 2 3
0 0 2
1 0 0
6 1 0
2 2 4
0 3 0
1 0 3
0 2 0
3 1 2
4 2 1
1 4 4
0 0 3
3 1 4
0 1 2
1 2 0
0 0 3
0 1 1
3 1 1
3 0 2
1 3 0
2 2 3
1 0 2
1 1 0
1 0 0
1 2 0
1 1 4
5 1 2
1 0 2
1 1 0
0 0 0
3 0 3
3 2 2
5 0 0
0 1 3
4 1 2
1 1 0
1 1 0
0 0 0
0 2 2
2 1 0
1 5 0
2 2 1
2 2 2
1 2 1
4 1 0
0 0 0
1 3 5
1 1 3
1 1 1
2 1 1
3 2 5
0 2 0
2 0 0
4 0 3
0 3 1
2 0 1
1 0 1
3 0 1
2 3 2
4 1 1
2 3 1
1 3 0
0 0 0
0 1 1
1 0 3
0 4 3
1 2 1
0 3 0
1 1 1
1 1 0
0 1 5
1 4 3
1 0 3
0 4 1
1 6 3
2 1 3
4 0 0
2 4 1
1 2 4
3 0 2
1 4 0
2 5 2
3 0 2
1 1 1
2 0 4
0 1 2
4 0 1
0 3 1
2 1 1
2 2 4
2 0 0
3 0 0
1 0 0
1 3 1
1 4 5
3 1 2
1 0 2
1 0 1
0 2 1
2 3 3
2 1 4
2 3 2
3 1 2
3 2 4
0 0 1
4 0 2
4 3 1
0 1 2
1 0 1
4 1 1
1 1 4
3 1 3
0 0 1
2 0 2
2 1 1
2 0 1
1 0 3
1 1 5
1 4 0
1 3 2
2 6 2
3 0 1
2 3 2
5 1 2
2 1 0
1 0 1
2 5 0
0 2 1
0 1 1
2 0 0
1 1 1
4 4 4
0 1 0
2 1 2
1 0 1
3 0 1
4 0 1
0 5 3
2 3 1
5 5 3
3 0 0
0 0 3
2 2 2
1 5 1
0 0 1
1 2 0
1 0 1
1 0 1
3 1 1
0 0 1
0 3 4
3 0 2
3 3 1
1 1 2
1 0 3
0 1 1
1 0 2
2 1 0
2 1 0
0 0 1
3 1 0
2 1 0
1 0 1
2 0 0
0 0 2
1 5 1
1 2 3
0 2 0
1 1 5
1 1 0
2 1 4
1 2 2
1 2 2
1 4 1
0 0 0
1 0 3
1 0 3
6 1 2
3 0 3
2 4 1
1 0 0
0 1 1
0 5 0
2 1 2
1 1 2
0 0 2
3 0 1
0 1 3
0 2 3
0 2 2
2 4 4
0 2 2
1 2 0
1 1 6
3 2 1
2 2 1
2 2 4
3 1 1
0 0 1
0 2 3
4 6 2
1 2 4
0 2 0
1 5 0
1 1 4
1 0 0
2 0 3
2 3 1
0 6 1
1 0 0
6 1 2
1 0 2
2 0 2
4 1 4
0 1 3
1 1 3
2 1 0
2 0 0
0 3 1
2 1 6
2 1 0
0 1 2
2 5 1
1 4 1
4 2 1
3 2 2
2 0 4
1 0 1
2 0 0
4 4 3
1 1 3
1 6 1
2 1 0
2 2 2
0 3 1
0 0 2
1 1 3
6 2 1
2 2 0
0 4 1
1 2 6
3 0 2
2 2 2
4 2 1
2 1 2
5 1 2
1 0 4
1 2 0
3 3 4
3 3 3
1 3 0
3 6 2
0 3 2
2 0 1
2 1 4
3 0 0
2 1 1
4 5 4
4 1 0
2 3 2
1 0 2
1 0 5
0 6 1
0 0 2
2 0 6
3 1 0
0 0 3
2 3 2
5 1 2
3 0 1
1 4 1
0 0 4
3 0 2
1 1 2
1 3 0
2 0 1
1 2 1
0 2 0
0 1 0
2 3 3
0 1 3
2 3 3
2 3 0
0 1 3
2 2 0
1 1 1
0 3 1
3 1 2
1 0 0
5 1 2
2 3 0
1 1 3
2 3 5
2 1 1
0 0 0
3 0 1
1 1 1
2 2 2
2 3 1
0 2 1
0 0 2
1 3 3
2 2 1
0 1 3
4 0 3
2 2 0
1 3 2
0 1 2
2 5 5
3 2 3
2 0 1
2 1 1
2 5 1
0 2 3
1 4 0
1 2 0
0 1 6
0 0 1
1 0 3
3 1 3
2 0 1
2 2 2
5 1 0
2 0 0
2 3 5
1 3 1
3 3 1
2 2 1
0 0 0
5 4 1
3 0 2
1 3 0
4 2 2
1 0 1
1 1 1
4 1 1
3 0 4
1 0 2
5 1 2
2 2 0
2 5 4
5 3 0
3 2 3
1 1 0
2 2 1
1 0 1
0 1 1
0 2 2
0 3 4
2 2 1
0 3 1
0 0 3
2 2 5
3 1 1
1 0 3
4 2 6
2 0 2
1 1 0
2 0 1
1 1 2
5 4 0
1 1 2
0 0 1
1 3 0
3 1 2
1 5 1
0 1 1
0 2 1
0 1 1
1 0 2
2 1 0
1 0 0
0 1 0
4 1 0
2 1 3
3 2 2
5 1 3
2 0 3
5 2 1
2 2 4
3 2 1
3 0 1
1 0 1
0 2 0
1 2 3
0 1 1
0 1 0
0 1 0
2 2 2
2 1 6
0 2 3
1 1 0
2 4 1
1 1 0
1 0 2
1 1 2
0 1 3
2 0 2
2 5 2
4 0 1
0 2 1
1 0 4
1 1 1
2 2 2
3 1 2
1 0 4
3 3 3
1 4 0
1 0 0
1 1 2
1 1 0
3 2 2
0 3 5
1 4 0
5 4 0
4 0 1
0 1 5
2 4 1
3 2 6
1 0 1
1 0 1
3 0 2
1 5 1
3 2 0
0 3 1
0 1 0
2 3 3
2 0 3
1 4 1
2 4 4
1 0 3
1 1 1
2 1 0
0 0 4
3 1 1
2 5 0
0 1 0
0 0 1
4 3 0
3 1 1
5 2 1
1 0 1
2 4 1
3 2 2
2 1 1
1 2 3
2 1 2
0 1 1
0 0 0
2 6 2
3 0 0
2 0 0
0 3 1
4 0 4
3 4 1
3 4 1
1 0 1
4 1 1
0 2 3
0 1 4
5 2 1
2 1 3
1 0 0
1 3 1
0 2 2
1 0 4
1 3 2
2 4 2
3 0 3
1 1 0
4 1 1
0 3 4
2 3 0
2 1 2
0 2 3
1 2 2
3 4 3
1 2 2
4 4 1
3 0 5
0 1 0
1 2 1
2 2 1
1 2 1
1 2 5
4 1 1
2 2 5
0 1 0
0 1 2
2 1 1
2 1 4
2 0 2
2 6 1
4 1 1
0 0 0
2 1 4
2 0 0
0 0 0
1 2 3
1 3 2
1 2 4
3 1 1
1 2 0
0 0 1
1 5 3
0 2 0
1 4 2
1 1 2
0 1 0
3 0 1
1 4 0
4 1 2
3 0 0
0 5 2
1 1 1
2 0 5
2 3 2
3 2 5
4 0 1
0 0 1
0 0 2
2 2 2
1 2 1
3 1 0
1 1 0
1 1 2
0 0 1
0 1 0
0 1 0
1 0 1
4 1 1
1 1 0
2 1 1
2 2 0
2 2 0
4 3 2
3 0 2
3 3 4
1 3 1
1 0 1
2 0 1
4 2 3
2 1 5
1 1 3
2 1 2
1 0 0
3 0 0
0 0 3
0 4 0
1 4 2
4 1 2
2 3 3
1 3 4
2 1 0
0 1 1
4 3 3
0 1 2
2 4 1
2 1 1
0 3 0
1 1 1
1 1 0
3 3 2
1 3 3
3 2 2
1 3 1
0 3 0
1 2 2
3 0 3
0 2 6
0 0 0
2 1 2
0 0 1
0 1 1
2 0 4
0 1 1
2 4 1
0 1 3
0 1 1
2 3 1
3 2 2
1 4 0
0 0 1
2 5 2
1 6 2
3 1 0
2 2 4
1 1 3
2 1 1
0 3 0
0 4 1
1 3 0
2 0 0
3 0 1
0 2 3
0 1 4
2 0 1
5 1 3
1 3 2
2 4 2
1 1 2
5 1 0
1 2 0
3 3 0
2 4 3
3 3 2
0 3 0
1 1 0
2 3 2
0 2 5
0 1 0
0 3 2
3 0 2
3 1 1
2 3 4
3 1 2
6 0 1
0 2 2
3 1 0
1 5 0
2 1 0
0 3 2
1 2 2
3 0 2
4 0 1
2 1 1
0 2 0
3 5 1
0 0 0
0 1 1
2 1 1
1 4 5
0 0 0
1 1 0
0 3 2
1 1 0
1 1 2
0 0 1
3 1 3
1 2 1
2 2 2
1 5 1
3 2 2
2 0 0
1 1 2
0 1 4
5 1 5
1 1 1
2 1 0
2 0 0
0 0 1
0 2 1
1 1 3
3 0 4
0 1 1
2 3 1
4 6 4
1 3 1
1 1 1
4 3 1
3 0 0
1 1 1
2 1 1
2 5 1
2 2 0
3 2 0
0 3 2
2 1 2
2 0 3
0 4 0
1 1 3
3 1 3
0 2 0
0 0 0
1 2 3
1 0 2
0 2 3
1 5 0
0 1 1
3 2 1
0 2 3
1 2 1
2 1 0
3 3 3
3 1 3
3 3 0
1 3 2
0 1 0
0 0 2
2 3 5
0 1 3
1 2 0
0 2 0
1 2 5
2 5 2
3 1 4
5 4 0
0 3 0
0 1 1
0 0 3
2 1 3
2 2 4
2 0 1
2 4 6
2 5 0
1 2 3
0 1 5
1 3 1
1 1 2
0 1 4
0 2 2
5 1 2
1 2 0
2 2 2
1 4 1
2 1 1
1 1 4
0 1 1
0 2 0
1 1 0
2 1 0
3 2 2
0 1 1
2 3 3
2 1 3
1 0 0
2 0 1
2 4 1
3 0 0
2 3 2
1 0 0
1 1 5
0 0 3
5 0 2
1 3 1
0 0 3
1 0 1
2 0 0
3 0 2
3 2 0
1 2 0
1 1 2
0 2 2
5 3 0
1 0 0
1 3 3
0 0 3
1 2 1
0 2 6
0 1 1
1 2 3
3 1 0
4 1 0
3 0 1
1 2 2
1 0 0
2 1 0
2 0 0
3 0 2
1 0 1
2 2 1
2 0 3
1 1 1
0 0 4
4 0 6
1 2 4
1 2 3
0 1 0
0 4 2
1 0 1
1 4 2
6 0 1
1 1 2
1 2 0
3 3 3
1 0 5
4 0 4
4 1 1
2 1 1
3 1 0
1 3 0
1 0 1
1 4 1
5 0 2
1 1 5
0 0 1
4 0 0
6 0 2
2 2 3
1 1 4
4 1 2
0 3 0
2 1 2
4 1 6
4 1 1
5 0 4
1 3 0
2 0 3
0 1 0
0 6 0
2 1 0
0 2 1
2 5 0
0 2 4
2 1 1
0 4 0
1 3 1
2 3 0
5 0 2
5 3 3
3 2 1
4 2 2
1 4 0
0 0 4
2 1 3
0 1 0
0 2 1
1 3 1
0 2 0
0 0 1
0 0 5
2 1 0
1 0 1
1 1 5
2 5 2
0 2 3
3 0 0
2 2 2
1 0 1
0 1 1
0 1 4
2 1 1
0 0 3
0 3 2
4 1 1
1 5 3
0 1 4
1 0 1
2 3 2
0 2 0
2 3 0
4 1 3
1 0 3
2 1 0
0 1 0
2 6 2
4 2 4
3 3 1
2 1 1
1 4 3
1 1 2
3 2 3
2 1 2
0 2 1
0 0 1
1 1 1
1 0 2
2 1 4
1 1 1
0 1 4
5 1 0
3 2 4
4 4 1
4 5 4
1 1 2
1 1 1
4 4 0
2 0 2
2 1 1
2 4 0
2 1 2
2 1 0
3 3 2
2 1 2
6 2 4
0 1 2
2 0 0
3 0 1
1 0 1
1 2 3
2 1 3
0 0 3
3 2 2
3 1 1
3 0 3
0 4 1
1 1 1
1 4 3
2 0 3
2 4 1
3 2 1
6 1 1
5 2 4
1 1 1
1 1 1
4 1 0
2 1 3
0 2 2
3 3 2
1 0 0
3 1 1
4 0 0
1 3 2
2 3 2
3 1 2
1 1 0
3 1 0
1 4 1
6 4 0
3 3 0
2 0 1
1 3 2
1 0 1
0 3 3
1 5 1
2 3 1
5 0 2
0 1 3
1 0 1
4 0 2
2 2 0
3 1 1
1 2 1
2 3 2
0 0 2
1 1 1
0 2 4
1 1 0
0 0 1
1 1 3
1 2 1
2 3 2
2 3 1
0 2 1
2 0 0
1 1 1
2 4 2
1 0 2
1 1 3
1 1 2
4 3 0
2 0 3
0 2 2
0 2 0
2 3 1
0 2 3
2 1 2
0 1 1
2 3 2
2 1 1
0 1 1
4 4 0
0 1 2
4 1 1
2 0 5
2 1 0
2 3 1
3 0 2
0 0 4
1 2 3
0 1 2
1 2 0
0 4 4
3 4 0
0 2 2
0 1 0
2 1 1
4 1 3
1 0 0
2 0 1
1 0 2
1 4 2
0 3 4
0 0 1
2 4 1
4 1 1
5 2 1
0 2 2
1 1 2
2 2 4
0 3 0
2 2 0
2 1 1
1 0 0
2 5 3
3 1 0
3 1 1
2 2 1
3 0 2
3 0 1
3 3 1
2 4 1
0 0 0
3 1 2
0 5 5
0 1 1
5 0 3
1 4 2
0 0 1
3 6 2
5 2 1
2 3 4
3 5 3
1 0 2
1 1 1
3 0 5
1 2 1
1 3 0
4 0 3
2 1 1
0 0 0
3 1 2
2 5 2
0 1 0
0 0 2
4 2 1
0 0 0
1 5 3
1 0 1
1 2 3
0 3 2
1 1 6
2 3 1
1 1 2
3 1 0
0 2 1
5 3 0
2 6 1
1 1 1
0 1 0
3 1 0
2 0 2
3 1 2
1 2 1
2 6 0
2 1 0
0 3 3
0 3 3
4 2 1
1 3 2
0 0 0
1 1 3
1 2 1
5 1 3
4 1 1
5 1 0
1 0 1
1 0 4
0 0 6
6 2 2
3 1 1
1 4 4
1 1 1
1 0 2
0 0 2
5 0 0
5 6 5
0 1 1
0 3 2
0 0 0
0 0 0
0 2 2
2 1 1
0 1 1
0 3 1
2 1 1
2 3 3
0 1 1
1 1 1
1 3 5
1 0 0
1 0 3
1 0 1
0 2 2
0 1 2
1 2 2
2 2 2
1 2 0
4 2 2
2 2 1
0 2 0
0 1 6
0 1 3
0 0 1
4 0 3
2 0 0
3 2 0
2 4 1
2 3 1
0 3 0
2 3 2
3 3 3
1 0 0
1 1 5
2 0 1
1 0 1
1 0 1
2 2 1
4 4 3
0 1 1
3 2 2
1 1 0
1 2 1
4 0 0
1 2 3
0 4 3
6 2 1
1 0 1
2 5 3
2 1 2
2 1 0
3 2 2
1 1 3
3 3 1
1 0 1
3 3 4
0 1 0
1 2 0
2 0 1
6 5 0
0 1 0
0 2 5
3 1 0
3 0 0
1 1 0
2 1 2
0 2 0
3 2 2
0 1 3
2 1 1
3 1 3
0 2 4
2 5 1
3 2 4
2 1 0
0 2 2
2 4 0
1 0 0
2 5 2
2 1 1
0 0 1
2 2 0
3 4 2
0 2 3
1 4 2
2 4 4
1 1 0
1 1 1
1 4 1
1 2 2
0 1 1
0 1 2
4 2 1
1 5 1
2 0 1
1 3 1
1 0 0
2 3 3
3 4 1
1 1 0
1 0 1
2 3 1
1 0 1
1 0 2
1 2 1
3 1 1
5 0 0
2 0 0
1 3 0
3 0 2
1 1 4
2 4 2
0 4 0
4 3 3
1 2 3
3 1 3
3 0 0
1 2 5
0 1 1
1 0 3
2 2 5
2 1 0
2 6 3
3 2 1
1 0 2
0 2 4
0 2 2
4 1 4
0 3 0
2 0 1
0 0 1
1 1 5
0 2 0
3 1 3
3 4 0
0 0 2
0 2 2
2 0 1
3 5 4
0 2 3
2 1 2
3 2 1
0 2 1
1 1 0
1 1 1
3 2 1
5 3 2
2 2 6
1 0 1
1 0 1
4 1 1
4 0 3
0 2 0
3 3 0
1 0 1
3 3 2
0 2 2
3 0 3
2 2 2
3 4 0
0 1 0
1 4 4
1 4 3
1 0 0
2 2 2
3 1 0
0 1 0
3 1 1
3 4 3
0 0 2
3 1 2
3 3 0
2 1 0
2 4 0
3 2 2
2 2 0
0 2 2
1 0 0
3 0 2
0 2 1
2 0 3
3 1 1
1 1 5
2 2 1
1 0 1
4 0 2
1 0 2
2 3 5
3 0 4
2 2 0
0 3 1
2 0 1
0 1 3
2 3 2
2 0 2
3 1 2
0 1 1
1 1 1
1 2 1
2 1 4
3 3 2
1 0 2
1 1 0
6 3 1
2 4 2
3 1 0
1 1 2
1 2 3
0 2 1
1 1 5
2 0 2
0 3 1
2 2 3
1 2 0
3 0 3
1 4 1
2 3 2
0 1 4
3 2 0
0 0 1
5 5 4
2 2 1
1 1 1
2 3 1
0 1 1
3 4 4
5 2 0
3 3 1
1 5 2
0 1 2
0 0 2
2 0 5
3 2 1
1 3 0
1 1 1
0 2 0
2 2 0
0 3 2
1 1 6
3 1 3
1 1 0
1 4 1
3 1 1
0 0 0
1 0 4
1 0 3
2 0 4
3 1 1
2 2 3
4 0 1
3 1 1
0 0 0
0 1 1
2 4 2
2 1 0
0 1 2
0 3 0
2 3 3
2 1 2
1 2 2
3 1 0
1 1 1
3 2 1
1 3 0
0 1 3
2 0 4
2 3 2
1 1 0
2 0 1
2 1 1
1 0 4
0 3 3
2 0 3
3 4 1
1 2 2
1 1 1
0 1 0
1 3 3
2 2 3
2 3 1
2 1 2
3 0 2
0 3 4
0 0 0
1 1 0
2 2 4
0 1 0
5 2 2
0 4 2
3 0 2
1 5 0
3 0 0
2 0 1
2 0 0
0 0 0
1 2 0
2 2 1
2 1 1
1 3 6
6 0 5
0 0 2
4 2 4
1 6 0
0 0 0
3 4 3
0 1 0
1 3 3
1 0 3
1 1 3
1 2 2
0 1 0
1 1 0
0 2 0
3 3 0
0 3 0
3 1 1
4 1 1
0 0 3
2 0 2
1 1 2
0 0 0
1 2 0
2 3 4
4 1 2
1 3 0
1 5 2
0 0 0
0 4 4
2 1 0
2 3 1
5 3 0
4 1 0
1 3 1
0 1 0
1 3 2
0 0 2
2 0 1
0 2 4
3 0 3
2 1 1
0 1 3
0 1 1
1 1 2
0 1 1
3 1 4
2 2 1
4 3 4
1 0 2
1 1 3
1 5 2
1 0 0
1 1 1
2 3 0
0 2 0
2 3 2
1 3 2
1 1 0
1 1 2
5 3 1
1 1 2
1 0 4
3 2 3
2 5 4
2 1 0
2 3 2
0 1 2
4 3 2
2 0 5
4 2 1
1 2 0
2 4 1
2 1 2
1 2 2
1 1 0
0 2 2
1 2 0
1 6 0
1 2 1
1 2 1
1 6 3
0 1 0
1 5 1
1 1 1
0 1 1
0 0 3
0 2 1
4 0 0
2 1 0
4 0 0
2 4 0
0 0 1
1 3 1
2 0 3
1 1 3
0 2 1
4 2 1
2 0 1
0 1 0
5 2 1
6 0 1
0 1 3
1 5 0
2 1 3
5 1 1
1 1 3
2 1 1
2 0 1
1 1 1
0 4 2
2 3 1
0 1 1
1 1 6
2 5 0
1 3 1
0 2 0
1 1 1
1 2 3
1 0 1
2 0 1
2 3 3
1 3 0
3 4 1
1 0 1
5 1 0
1 1 2
1 0 4
4 2 1
0 3 0
1 2 1
0 1 2
1 1 1
2 2 3
1 0 0
1 1 1
4 3 2
2 1 0
1 1 0
0 0 0
3 4 5
1 1 2
1 2 1
1 1 5
0 4 1
1 4 2
0 2 0
0 0 0
2 3 0
1 0 3
1 2 3
5 1 0
1 5 5
1 0 1
2 1 3
1 0 5
0 1 5
2 3 3
1 5 3
1 1 0
2 4 2
0 2 2
1 0 2
2 1 3
2 1 2
1 2 2
2 0 1
1 0 3
3 2 1
3 1 2
0 1 2
1 0 1
2 0 2
5 0 3
1 3 2
2 0 0
1 2 0
3 0 1
0 1 2
4 2 1
3 4 1
1 1 1
0 5 3
6 1 1
2 1 1
1 4 1
2 4 3
3 2 1
0 4 2
3 2 0
0 1 1
3 3 3
1 1 2
0 1 2
0 1 0
2 4 0
0 3 0
3 0 1
1 2 5
6 0 2
2 1 0
1 2 2
0 0 3
2 1 1
0 2 2
1 1 3
2 2 1
2 1 3
3 2 2
0 2 0
0 1 3
1 1 1
6 0 3
1 1 2
2 2 4
3 1 1
0 2 2
0 0 0
1 3 2
4 1 0
0 0 5
1 1 6
3 2 2
1 1 2
2 2 0
2 0 1
1 4 2
2 1 2
3 1 0
0 2 0
1 5 2
3 0 1
4 0 3
0 0 2
1 0 1
0 1 2
1 2 0
2 2 1
0 2 3
2 1 0
3 3 2
4 1 1
1 0 1
2 2 1
1 0 0
1 2 5
6 1 0
4 2 0
2 1 1
0 1 6
1 0 4
0 2 2
1 2 1
0 2 1
1 0 0
2 1 2
2 1 3
2 2 1
0 2 2
2 2 0
0 3 1
3 2 5
0 2 2
0 1 0
3 1 1
1 1 2
0 2 3
3 2 6
2 3 0
3 2 1
1 1 1
2 2 1
2 1 2
5 0 0
0 2 5
1 2 3
1 0 4
1 3 0
1 3 2
1 3 1
1 2 1
6 3 2
2 1 1
2 2 4
0 2 0
3 1 2
1 1 4
2 1 1
1 1 1
1 0 4
1 1 1
5 0 0
2 6 2
0 2 3
2 3 1
0 2 2
4 2 4
4 1 5
0 5 0
1 1 1
1 0 4
4 0 2
1 2 2
2 0 3
1 1 1
2 0 2
2 2 5
2 1 2
2 0 1
3 1 1
2 0 1
6 2 1
4 0 2
1 1 2
0 2 1
1 0 2
1 1 1
4 1 0
0 3 3
1 2 1
2 0 0
0 0 0
2 0 0
1 0 2
3 2 0
3 0 0
6 1 0
3 1 0
3 3 3
3 1 1
1 2 0
1 0 4
3 2 2
2 1 6
5 2 1
5 5 0
1 2 1
3 2 2
3 2 4
5 5 5
0 1 2
6 2 1
1 0 3
0 1 3
1 1 2
4 2 1
3 3 2
0 4 1
0 1 1
2 2 2
2 0 2
1 3 2
0 2 1
0 1 4
4 1 4
5 0 2
1 0 0
1 3 2
2 5 1
0 5 2
0 1 1
3 2 0
1 3 0
2 3 0
3 0 2
5 0 0
3 1 2
0 0 0
2 1 1
0 2 3
0 5 0
2 1 1
3 1 2
1 3 2
3 1 1
1 0 2
0 6 0
2 4 2
1 0 0
5 0 2
3 0 0
1 1 4
0 1 0
3 1 0
5 0 2
4 0 1
2 0 0
4 6 0
1 2 1
1 1 2
1 1 1
1 1 0
2 2 1
1 0 3
1 2 0
1 0 2
2 5 0
2 2 3
0 1 0
2 3 2
3 1 1
0 2 2
1 3 0
0 1 0
2 0 6
2 1 1
3 2 0
0 0 2
3 5 1
0 2 0
1 2 3
2 3 1
0 1 1
0 2 0
1 4 4
0 2 1
0 3 1
1 0 1
3 2 3
1 1 4
1 1 2
1 1 2
0 2 0
0 2 4
1 1 0
3 1 2
1 3 0
2 0 2
3 2 2
1 1 4
2 2 0
0 2 1
0 1 0
1 3 0
3 0 0
1 1 2
0 0 0
1 0 0
0 0 2
1 3 1
4 0 0
1 2 1
5 1 0
5 3 1
1 0 2
2 4 2
1 1 1
1 0 0
0 1 1
1 1 0
5 0 4
4 1 3
1 2 1
1 4 1
4 1 2
0 3 0
1 2 1
2 0 1
1 2 1
2 1 3
1 0 2
0 1 2
1 1 3
4 0 1
0 5 6
3 1 4
1 2 1
1 4 2
1 3 0
2 0 0
1 1 0
3 3 2
1 1 0
4 2 2
0 1 0
3 2 2
0 2 2
1 2 1
0 0 3
3 1 0
1 2 3
1 6 1
0 3 1
2 1 1
0 2 0
5 2 0
4 0 4
1 1 1
2 2 2
1 0 2
1 0 3
1 0 1
0 2 4
1 2 1
0 0 0
1 0 0
0 4 4
2 0 3
2 2 3
1 1 4
4 3 1
2 1 0
0 0 3
2 2 1
0 1 2
4 1 1
0 1 0
2 0 1
4 0 3
3 1 1
0 3 3
1 2 4
2 0 0
3 1 4
3 2 2
4 0 1
0 1 1
2 0 1
3 2 1
1 0 1
4 1 3
3 3 4
1 2 3
0 1 2
0 1 1
2 1 2
2 1 0
0 2 3
3 3 1
0 2 3
0 0 1
1 0 2
2 4 0
5 4 5
3 2 4
1 2 3
1 3 6
1 2 0
0 4 0
2 1 5
4 0 2
2 0 2
6 3 1
1 0 1
1 2 2
1 2 2
0 1 1
0 1 4
2 2 6
5 2 0
2 0 0
0 3 2
1 6 1
4 1 3
1 3 2
0 1 5
1 1 2
2 0 1
1 1 1
0 2 0
1 1 1
2 1 2
0 3 1
4 1 3
3 0 1
1 0 4
1 4 1
1 0 1
1 2 5
1 2 2
5 2 1
4 0 1
4 1 3
4 3 1
0 0 3
3 3 2
1 0 6
0 1 1
0 0 1
4 0 3
3 0 2
3 0 2
1 1 5
0 1 3
0 3 2
3 0 0
2 2 0
2 1 0
1 3 1
3 3 3
0 3 3
0 2 2
1 0 1
0 1 2
1 4 1
0 0 0
2 2 0
2 2 2
3 2 1
2 2 2
4 2 1
0 0 1
0 0 0
5 2 2
2 0 3
2 0 2
1 1 2
0 2 4
0 0 2
1 0 2
0 0 0
3 2 0
2 4 1
1 4 0
1 4 1
0 0 2
4 2 1
1 3 3
2 2 2
1 3 1
5 1 0
1 3 0
1 4 0
0 4 3
0 2 2
1 3 4
2 0 2
1 1 1
3 2 3
2 0 2
3 0 1
1 1 1
0 5 2
2 0 2
1 0 1
0 3 1
2 4 0
1 4 1
4 0 1
3 2 0
0 0 2
1 0 2
3 1 0
5 0 1
0 0 5
5 0 2
0 0 1
2 2 2
2 0 0
1 1 0
2 2 0
1 1 0
3 5 0
1 1 1
0 5 2
3 5 2
1 0 6
1 3 2
3 0 6
2 1 1
3 2 1
2 1 0
4 0 0
2 1 2
3 0 1
3 1 4
1 5 3
0 1 2
1 2 2
0 0 2
3 1 4
2 0 1
4 2 1
1 0 1
4 3 3
1 0 4
3 0 0
1 1 2
1 1 0
0 3 2
4 2 1
1 2 0
1 2 0
1 5 3
0 0 0
2 0 1
1 2 0
1 2 2
6 0 1
0 2 2
0 2 0
3 1 0
0 3 4
2 1 1
1 0 2
2 0 0
2 2 2
1 3 2
2 1 0
1 0 0
0 1 1
4 2 0
1 0 1
5 2 2
0 0 0
4 2 2
0 0 1
0 2 1
1 1 0
1 0 0
2 2 3
0 2 2
0 1 4
2 1 2
1 2 0
2 2 2
2 1 4
2 1 1
4 0 0
1 2 0
3 5 1
3 1 2
3 3 0
6 2 1
3 1 0
2 0 1
2 4 0
0 1 1
3 1 1
3 2 1
0 2 1
2 0 1
2 0 1
4 2 2
4 3 2
0 1 1
1 1 1
3 0 0
1 2 1
2 0 1
1 1 1
1 1 2
2 1 2
0 6 1
2 0 1
0 3 1
2 2 3
3 1 1
2 1 3
0 3 1
1 2 1
0 0 0
0 5 1
1 3 0
3 1 3
4 1 1
3 3 0
1 3 5
0 1 1
0 2 3
0 1 0
0 2 1
3 5 1
0 6 0
1 3 0
0 1 2
1 0 0
4 2 1
0 0 2
0 2 0
2 1 3
0 2 1
3 1 1
1 2 4
3 2 0
2 2 2
1 2 4
3 0 2
4 0 2
0 3 3
1 0 2
2 2 0
1 0 2
0 2 2
0 1 0
0 3 1
2 4 1
2 0 4
1 2 2
1 1 0
2 3 2
0 0 6
2 2 0
4 1 1
1 2 5
1 1 0
1 0 0
0 0 4
1 1 2
2 1 1
2 0 1
1 1 0
1 1 0
2 0 3
2 0 2
1 0 1
1 2 2
3 1 3
0 1 2
1 1 4
1 1 2
1 2 3
1 0 1
2 1 0
2 2 1
0 4 1
0 1 1
0 1 3
1 0 2
2 3 3
4 1 4
0 6 0
0 1 2
1 3 5
3 3 3
1 2 1
0 0 1
2 1 1
0 0 0
3 2 3
3 0 4
2 0 2
2 1 6
1 2 2
3 2 1
0 3 1
3 1 2
0 3 0
2 1 2
2 0 3
0 1 3
3 0 5
0 6 0
2 2 1
2 1 2
0 1 1
0 2 0
2 2 0
0 1 3
0 1 4
3 0 0
2 0 0
2 0 2
5 2 2
1 0 1
0 4 4
0 1 1
1 4 2
2 5 0
3 0 3
3 0 1
1 1 4
0 2 3
2 3 2
0 3 1
0 4 1
2 0 0
2 0 0
1 3 0
1 4 1
0 1 1
2 1 0
1 3 1
0 1 2
1 3 0
0 1 3
1 0 2
3 4 1
3 3 3
2 0 0
5 6 2
2 0 5
1 3 0
1 0 1
2 4 1
2 0 1
0 1 1
3 2 5
3 2 2
0 0 1
2 0 0
0 2 1
1 1 1
1 0 3
1 0 2
1 0 0
4 2 1
2 2 2
0 5 1
2 0 1
0 0 5
0 0 0
3 2 0
1 0 1
1 1 0
3 1 2
0 2 1
3 3 2
1 0 1
0 3 3
2 3 3
1 2 2
1 2 1
3 1 1
1 2 2
1 1 2
1 3 1
0 0 3
2 3 2
3 2 1
1 2 1
2 0 0
2 0 1
2 1 1
0 5 1
2 1 0
0 1 1
3 1 2
4 0 1
0 1 1
0 1 4
0 2 2
1 0 2
0 2 3
4 2 2
0 1 2
1 1 1
1 3 1
1 2 0
3 4 3
0 2 0
0 0 2
1 2 2
3 3 3
0 6 0
3 2 2
1 6 2
3 3 2
1 1 5
2 1 0
1 0 0
1 0 2
2 5 1
0 2 1
0 3 1
0 4 3
4 0 1
0 0 1
2 1 3
1 3 0
4 3 4
1 1 3
1 0 3
2 0 1
2 2 1
1 0 0
2 1 0
0 2 4
3 0 4
3 3 1
5 2 0
3 1 1
2 1 3
0 1 1
1 1 1
1 1 0
0 2 2
0 2 2
2 0 3
1 5 2
0 1 4
3 2 2
2 3 3
3 0 3
1 2 2
0 2 1
2 2 3
1 0 6
2 3 3
6 1 0
0 3 1
3 0 6
0 0 1
1 5 3
2 1 2
2 2 1
2 4 1
1 2 2
5 3 3
1 0 3
1 2 1
2 3 1
2 1 6
0 2 0
0 2 1
0 5 1
3 0 2
4 2 1
0 1 2
3 1 0
0 4 0
1 2 2
6 1 1
2 1 1
4 0 2
0 0 4
2 3 2
4 2 1
1 0 6
0 2 0
2 1 2
1 3 1
0 0 0
3 2 2
3 2 1
3 2 1
0 1 1
2 2 0
3 2 3
1 4 1
0 1 0
1 1 1
3 2 2
2 5 4
0 0 2
2 3 2
3 0 1
0 0 1
1 1 3
1 1 1
4 2 2
1 0 3
1 3 1
1 1 3
3 3 0
1 0 1
1 1 2
0 0 2
2 1 0
2 1 2
2 4 0
2 2 1
3 0 2
1 1 3
1 1 2
0 2 4
1 0 0
3 2 1
3 0 0
1 2 2
3 3 0
1 1 2
0 2 3
1 3 2
1 5 2
2 0 2
1 1 2
1 1 1
4 0 2
0 0 2
2 0 1
2 5 1
3 3 4
3 0 1
3 1 2
2 1 3
2 3 2
2 0 1
2 1 0
3 0 1
2 1 2
2 4 1
2 2 1
1 3 2
4 2 2
1 0 2
2 2 1
0 1 1
1 3 1
0 3 1
1 2 3
4 2 1
1 2 2
0 2 6
1 0 3
0 3 1
4 2 2
0 2 0
1 5 1
3 2 1
2 0 0
1 3 0
2 0 0
1 2 1
1 0 2
4 2 4
1 1 6
2 0 0
1 3 0
1 0 2
1 4 0
2 0 0
1 0 3
2 3 2
0 1 0
2 3 0
3 2 4
1 3 1
5 3 1
1 1 0
0 0 2
1 1 1
2 1 3
0 2 3
1 1 1
3 0 1
5 1 0
0 1 1
0 4 1
3 0 0
0 4 4
0 0 1
3 3 1
2 3 1
1 0 1
0 1 3
3 3 1
3 1 1
2 3 1
0 1 4
1 0 2
3 3 0
2 3 0
0 0 6
0 0 5
0 0 0
1 1 1
1 0 0
2 3 0
4 1 0
3 3 1
0 0 0
0 0 4
0 0 1
0 0 4
0 3 2
4 1 4
3 1 0
0 1 1
4 5 0
4 3 2
1 5 4
0 1 2
4 2 0
1 3 2
1 1 4
2 2 2
4 1 0
2 0 2
1 0 1
4 5 1
1 3 1
2 3 1
5 1 0
4 1 2
3 3 2
0 1 2
1 3 1
1 1 1
1 2 0
2 3 2
1 5 0
1 1 6
2 2 1
2 2 2
3 1 1
1 4 0
1 2 3
0 2 3
0 0 2
1 4 0
1 0 1
3 1 1
2 3 1
0 1 2
3 1 0
1 2 2
2 1 3
2 2 0
1 1 2
0 1 3
3 1 1
2 2 0
0 0 0
4 3 1
4 0 1
0 0 1
0 0 3
1 1 1
3 0 1
1 6 0
0 2 2
3 2 1
1 0 1
1 1 1
0 4 1
3 1 2
0 3 3
1 1 0
4 0 1
0 3 3
3 1 2
2 0 4
1 2 1
1 1 1
2 3 2
3 0 0
0 3 1
1 4 0
1 1 4
1 0 1
0 1 2
3 1 4
0 2 2
0 1 5
2 3 2
0 2 3
1 0 0
0 0 2
3 1 0
1 0 6
2 0 0
3 2 0
2 0 2
3 3 1
0 0 1
4 0 6
2 1 2
0 3 2
0 0 2
2 2 4
0 2 0
3 2 3
0 2 2
3 5 0
2 1 1
0 1 0
1 1 0
1 1 2
2 1 2
1 3 3
3 2 1
2 3 1
3 2 1
0 1 3
0 2 4
3 3 4
1 0 0
3 0 1
1 0 2
1 0 1
1 1 4
1 0 6
1 0 0
1 2 1
0 6 0
6 0 0
0 6 0
6 2 0
3 4 1
1 1 2
2 6 5
2 2 5
6 1 0
4 2 2
1 0 2
0 2 5
1 2 4
1 2 0
3 5 0
0 3 0
2 0 0
6 2 4
0 2 0
0 2 0
3 1 0
0 0 1
1 2 3
4 3 5
1 2 0
1 1 0
3 1 4
3 4 1
0 1 0
0 1 0
1 5 2
1 4 0
1 1 3
0 4 1
0 0 1
3 1 1
1 0 3
1 0 1
1 3 1
0 1 1
0 0 2
1 5 2
0 2 1
2 1 0
2 2 3
3 0 2
4 1 1
1 3 1
2 3 3
0 1 0
0 4 0
3 0 0
0 0 2
4 1 6
0 0 5
2 2 0
0 0 1
3 1 2
2 2 5
2 3 2
0 0 1
1 0 1
2 1 2
0 2 1
5 1 2
2 0 1
1 2 1
0 2 0
1 2 2
1 2 4
2 2 0
3 2 1
3 4 1
0 1 3
5 0 0
3 2 5
1 2 0
0 4 1
0 3 2
0 1 2
2 0 1
0 3 1
2 2 0
1 0 2
1 1 0
1 2 3
0 2 1
3 1 2
2 4 4
1 3 1
1 1 1
2 1 3
2 1 0
4 1 3
3 1 1
2 1 0
1 1 4
3 0 2
2 0 1
1 0 1
1 2 0
3 1 2
1 1 2
1 2 3
3 2 2
2 1 0
0 2 6
1 2 4
2 0 2
2 1 0
2 4 1
0 0 1
0 2 2
1 2 3
0 1 1
2 2 2
0 0 2
0 3 5
2 2 6
2 2 0
3 4 1
2 0 1
5 0 3
2 1 0
1 2 3
5 2 0
0 1 1
1 2 0
0 0 2
1 0 1
2 4 2
2 5 1
3 2 1
3 2 0
1 0 3
0 0 0
2 1 0
2 2 0
0 1 3
5 1 3
1 4 3
2 0 0
0 0 2
3 0 1
1 0 0
3 1 3
0 1 1
1 4 0
3 0 1
3 0 0
1 2 3
3 0 1
0 3 0
3 4 1
1 1 0
2 3 0
1 5 1
4 1 0
3 1 2
2 1 3
4 1 0
6 1 4
1 2 2
1 1 3
4 1 3
0 0 3
2 1 1
1 2 1
2 1 0
5 2 1
3 3 1
2 1 5
2 1 3
6 2 0
3 1 2
1 0 0
0 1 2
0 3 2
3 4 2
1 2 1
0 1 4
4 1 2
1 2 1
0 3 1
0 0 2
1 4 4
1 1 0
1 2 1
0 1 2
3 2 2
2 1 0
3 3 1
1 1 0
5 1 0
0 3 1
2 1 1
3 1 1
0 2 6
2 2 0
3 1 0
1 3 4
2 1 1
4 0 1
0 4 1
1 2 2
2 2 0
1 2 0
1 1 2
5 3 4
2 0 0
0 1 2
0 0 1
1 1 0
3 0 2
3 0 1
3 2 1
4 4 0
1 0 1
2 0 3
2 3 5
0 1 1
0 3 2
3 0 1
2 2 1
4 1 2
1 2 5
0 0 2
2 3 0
2 4 1
3 0 0
2 3 3
1 1 4
2 0 1
1 0 3
3 0 1
0 0 0
1 1 3
2 1 3
1 4 0
1 2 1
1 1 0
2 0 1
4 1 2
2 4 3
1 2 2
0 0 3
2 2 1
3 1 0
4 2 2
1 1 0
4 3 5
2 5 2
1 0 3
2 6 0
2 0 2
2 1 1
1 1 3
3 2 5
1 5 2
4 1 0
2 0 1
1 0 0
1 3 2
2 0 0
5 2 0
2 2 0
0 3 1
0 1 1
2 1 3
0 0 2
4 3 2
2 1 3
0 0 1
1 2 0
0 1 2
1 4 3
6 1 2
2 2 0
4 1 2
2 0 2
2 0 2
4 3 2
0 3 1
3 2 1
0 3 1
3 0 2
0 0 2
2 5 1
0 0 2
2 2 0
1 2 6
3 0 6
0 1 0
2 4 0
2 2 1
2 2 0
4 3 1
4 1 2
1 0 2
1 2 2
1 4 2
1 0 4
1 4 1
1 2 2
3 2 2
3 4 3
1 5 1
3 0 2
1 1 0
1 1 1
0 4 1
3 1 2
1 4 0
0 5 0
1 1 1
0 1 2
0 0 2
2 1 1
2 0 0
1 3 1
1 2 4
1 4 3
1 5 3
2 3 1
0 2 1
2 1 0
1 6 3
1 3 1
0 1 2
1 2 1
2 0 1
0 2 2
6 1 1
2 1 2
1 2 2
4 2 3
1 0 1
1 1 2
0 2 2
0 0 4
4 1 2
3 0 3
3 4 0
2 0 3
5 0 2
1 3 3
1 1 2
2 2 3
2 3 3
2 0 3
0 2 1
5 2 2
1 0 2
1 1 1
0 4 0
0 1 1
3 1 3
3 0 0
1 1 1
0 2 1
4 1 1
1 2 0
6 4 3
0 0 2
3 1 0
1 2 0
0 1 0
1 3 2
0 3 0
2 1 5
3 4 0
0 1 0
4 1 2
2 2 2
5 2 3
1 1 0
1 0 2
3 5 2
0 0 0
2 1 3
0 0 0
1 1 4
0 0 2
1 0 1
5 4 1
3 1 0
1 1 2
4 2 1
1 1 4
3 1 1
1 1 0
4 3 1
2 5 2
3 1 2
0 1 1
3 0 1
1 2 1
1 0 0
5 0 0
1 0 1
1 1 1
1 1 1
2 2 3
3 1 2
1 2 1
1 2 3
4 5 6
3 1 1
2 2 5
2 1 1
4 1 3
5 0 0
1 0 2
2 2 0
1 4 2
0 2 2
2 0 2
3 1 1
3 0 1
2 0 1
1 0 5
0 3 2
2 0 0
2 5 2
2 2 2
0 0 1
2 1 1
4 2 2
3 0 0
0 1 2
3 0 6
3 3 0
0 2 4
0 3 0
1 0 4
1 0 2
2 4 3
3 2 0
0 2 2
4 1 1
0 3 0
0 3 3
1 1 1
2 3 1
1 2 4
2 1 1
2 3 1
2 2 0
1 3 2
2 1 0
0 4 4
2 2 1
2 1 1
2 1 2
2 2 2
1 1 0
1 1 2
3 1 3
1 2 3
0 2 3
3 4 2
0 2 0
0 3 0
4 1 2
1 2 4
1 3 3
3 1 2
2 3 3
6 1 5
2 0 0
5 5 0
0 1 4
3 4 2
0 2 2
4 2 4
3 1 2
2 0 0
0 0 1
1 1 0
2 2 0
2 1 0
3 0 0
0 3 0
2 3 0
0 2 0
0 1 0
1 2 0
4 1 0
0 1 1
1 0 1
4 2 4
0 1 1
2 1 2
2 2 3
4 0 0
2 0 1
1 3 0
1 1 1
2 3 0
2 5 1
0 2 1
1 2 3
0 0 1
1 2 1
1 2 3
2 4 1
2 0 3
2 0 2
0 1 0
3 3 1
1 4 4
1 2 1
0 1 1
4 1 0
2 2 1
2 2 1
3 1 4
2 0 1
3 0 6
0 0 0
0 1 3
2 3 3
2 3 1
2 0 1
3 1 2
2 0 0
2 2 2
2 3 1
4 4 2
1 2 3
0 1 0
3 1 1
1 0 1
1 2 2
1 0 2
1 3 1
1 1 3
1 5 2
4 2 0
0 2 1
4 1 1
2 0 0
1 1 0
0 0 5
1 2 2
2 0 1
0 0 3
1 1 2
2 2 0
0 3 2
0 3 2
0 3 0
6 0 3
0 1 1
0 0 1
0 2 4
0 0 2
2 0 1
1 4 2
2 1 4
3 1 1
0 1 1
0 1 2
3 2 3
3 3 0
3 4 2
0 0 1
3 0 1
0 1 0
1 2 2
0 5 1
1 0 1
6 2 0
2 3 0
4 3 1
3 0 2
2 0 4
1 1 1
5 3 0
1 0 1
1 4 3
1 4 1
1 1 6
4 2 0
4 5 4
3 3 1
1 4 0
3 3 1
1 1 2
1 1 1
0 2 1
1 2 0
1 0 2
3 0 1
0 3 0
2 2 3
3 5 3
3 1 3
3 2 1
0 2 1
0 1 6
5 3 1
1 2 1
1 2 1
1 4 2
0 1 1
0 0 1
3 2 2
2 5 2
1 1 2
2 0 0
1 1 2
0 1 2
1 1 1
4 2 1
3 1 2
0 1 1
2 1 1
0 6 5
0 0 2
0 2 4
2 0 0
2 2 3
0 2 2
2 1 3
0 1 1
2 2 1
1 2 5
4 1 1
0 2 5
3 3 0
2 0 0
0 1 1
2 0 3
0 1 0
4 3 2
2 2 2
0 1 1
1 3 0
5 3 1
1 2 0
0 0 3
0 0 1
4 1 2
2 1 0
2 3 1
3 1 2
2 2 4
0 2 0
1 2 5
0 0 0
1 1 1
3 1 2
3 0 2
0 1 5
1 3 3
4 1 0
4 0 4
0 0 1
1 1 0
5 2 2
1 0 2
0 1 1
1 2 1
0 0 5
1 0 2
3 1 6
3 2 3
0 1 1
0 1 0
2 1 0
2 3 1
2 3 0
1 2 3
1 1 1
1 0 0
1 1 1
2 2 2
3 1 0
0 4 2
4 3 1
1 0 4
1 2 1
0 1 1
2 0 3
1 2 3
0 0 1
3 3 1
1 1 5
4 3 2
0 0 0
0 4 1
1 1 0
3 0 1
0 0 1
3 3 3
2 1 2
0 2 0
2 2 4
0 1 0
2 0 0
2 2 1
1 3 3
1 1 1
4 2 2
2 2 0
0 3 2
4 1 0
3 1 3
2 1 1
2 1 0
6 2 3
2 0 0
1 4 0
3 0 1
1 1 2
4 3 1
1 1 0
5 0 3
0 2 1
1 2 3
2 5 2
0 4 2
4 3 1
1 0 1
3 1 0
0 1 2
1 2 2
1 0 2
1 0 2
3 0 1
1 0 2
0 1 1
5 2 4
1 4 0
3 3 2
2 0 1
0 0 3
2 1 5
2 4 4
1 2 3
1 5 2
5 0 2
1 2 3
4 4 2
6 0 1
0 1 4
1 2 4
1 3 0
2 3 0
1 1 1
0 1 1
1 4 0
1 1 1
2 3 0
0 3 0
1 1 5
1 3 2
0 1 0
3 0 0
0 2 1
1 0 2
2 1 2
1 3 2
2 2 0
0 3 1
1 2 2
1 1 1
0 2 0
1 4 1
2 1 1
1 0 0
1 1 3
2 2 1
1 3 2
1 6 3
2 0 1
2 4 2
3 2 2
0 1 1
1 2 0
2 3 0
1 2 1
1 2 1
2 0 1
2 4 0
3 0 3
0 0 1
2 2 3
5 1 2
1 0 3
0 1 1
0 0 1
2 0 1
0 3 0
4 1 1
2 1 2
1 1 5
1 3 2
1 0 5
1 1 2
2 0 3
2 0 1
1 2 3
1 2 1
1 1 2
1 3 1
1 3 2
1 3 1
0 2 2
0 4 1
0 2 5
0 4 1
3 3 1
1 1 0
5 1 3
0 1 1
4 0 0
1 3 1
4 1 2
5 2 4
2 2 2
2 1 1
0 1 1
0 0 3
1 1 0
1 0 0
2 2 2
2 1 2
1 0 1
3 3 5
1 1 0
0 2 1
2 4 1
1 0 1
3 1 1
2 2 4
5 0 1
0 1 2
0 1 3
1 4 1
2 5 2
2 2 2
2 2 0
1 4 3
3 0 0
0 2 1
0 3 1
2 1 3
1 2 1
1 1 0
2 0 1
3 4 1
1 1 0
1 1 2
1 2 1
3 0 2
3 1 4
1 3 1
0 2 4
1 1 1
2 2 2
0 0 0
1 1 0
1 1 1
1 0 0
5 1 3
5 2 4
5 2 1
1 2 3
0 4 1
1 0 2
4 1 4
0 3 1
6 1 3
1 0 1
1 0 1
2 3 1
3 6 2
2 3 2
2 1 2
1 3 1
1 1 0
2 1 0
1 0 1
2 2 1
1 0 3
1 1 0
4 1 5
3 3 0
2 2 0
1 3 1
0 1 1
0 0 0
2 2 0
2 1 1
2 2 1
2 1 0
1 1 1
1 1 0
1 2 3
1 0 0
4 2 1
5 3 3
1 3 2
1 2 4
1 1 2
1 0 2
5 1 0
4 4 1
1 3 4
1 2 1
3 2 0
3 1 0
4 1 1
4 1 1
1 3 5
1 1 5
0 1 4
1 2 1
4 1 0
1 3 1
2 2 1
0 4 2
2 1 3
0 4 3
2 3 0
1 2 5
2 1 4
0 0 0
1 3 3
2 1 1
1 1 0
4 1 1
0 2 1
0 2 4
2 3 3
2 2 2
0 1 1
2 0 1
0 0 1
0 1 1
2 2 1
1 1 0
3 0 0
0 2 3
5 5 1
1 1 1
3 2 2
0 4 2
2 2 2
0 1 1
3 0 2
4 2 1
4 0 4
2 0 2
0 3 0
3 1 2
3 1 5
2 0 1
3 3 2
0 1 1
4 1 2
0 2 0
0 1 4
0 1 1
4 1 2
0 1 0
4 1 3
1 2 5
0 2 0
1 1 1
0 1 1
3 4 3
2 2 3
0 0 0
0 1 2
2 0 1
0 1 2
1 1 1
2 1 4
0 3 4
0 0 2
2 3 2
1 2 1
0 1 0
0 1 2
0 1 2
2 1 0
1 3 2
2 1 3
1 3 1
1 0 0
5 2 3
1 4 1
2 1 2
3 0 3
3 1 5
1 2 3
1 2 1
5 5 1
1 0 1
3 1 3
0 1 0
1 0 1
1 1 4
1 1 2
1 1 0
2 4 6
4 3 0
2 3 1
2 1 2
2 2 2
5 3 0
0 1 0
2 3 2
3 2 0
1 4 2
2 4 0
1 1 2
0 3 1
3 5 5
0 0 0
1 1 1
1 5 5
3 2 0
3 3 0
0 0 0
1 3 1
2 2 1
2 0 1
2 3 3
1 0 0
0 2 2
3 4 2
1 1 2
1 1 0
1 1 0
2 5 1
1 2 1
1 5 2
0 1 1
0 3 1
0 1 1
1 0 0
2 2 3
0 2 2
2 3 0
1 0 3
0 2 1
6 1 2
1 2 0
2 2 0
0 1 3
4 1 1
1 2 2
0 4 2
1 0 1
2 1 1
3 1 0
3 0 2
1 0 0
0 2 1
0 3 2
1 1 2
0 1 3
3 2 2
3 3 1
2 3 2
1 3 0
1 5 1
1 0 3
2 0 1
1 1 0
2 3 1
5 2 0
0 1 2
0 2 0
0 0 1
0 0 1
5 1 1
1 1 1
1 2 0
2 3 5
2 2 6
2 1 1
1 0 3
3 0 1
1 0 0
0 3 2
3 1 4
0 0 0
4 3 1
0 1 1
1 1 0
1 2 0
0 4 4
2 1 3
3 5 0
0 0 0
3 1 1
2 6 3
2 3 3
1 0 0
1 1 0
0 0 1
3 2 0
2 1 2
1 0 0
0 4 4
1 1 4
2 3 0
0 4 2
1 4 2
2 4 3
3 1 1
0 0 0
3 0 1
1 2 2
1 1 2
1 2 0
2 2 0
1 0 0
1 0 2
2 3 0
4 2 1
1 2 2
2 0 2
3 2 4
2 1 2
1 1 1
4 1 3
3 0 4
1 0 1
5 2 1
2 1 1
0 2 1
1 3 1
1 2 0
0 2 1
5 3 0
1 1 3
1 3 1
2 3 2
0 1 1
2 1 2
3 1 1
3 2 1
4 2 3
1 2 1
1 1 2
3 0 0
0 1 3
0 1 5
1 2 3
0 0 0
1 0 0
0 1 0
3 0 1
2 0 6
2 0 3
0 2 1
2 1 0
1 0 1
1 4 0
4 2 3
1 1 4
2 2 0
0 1 2
3 1 0
3 0 0
2 0 4
2 0 3
2 4 2
2 0 1
6 1 2
1 0 3
2 3 1
0 4 2
4 2 5
2 1 2
3 1 1
0 1 1
0 3 2
2 1 2
3 2 3
4 3 1
1 3 4
1 0 2
1 1 2
4 1 0
0 2 0
2 2 1
1 1 0
3 0 3
2 2 4
0 1 0
1 1 3
1 3 1
2 1 2
0 1 1
1 5 1
4 1 1
0 2 0
2 1 1
3 2 1
3 4 1
3 1 0
2 4 0
4 0 1
2 2 0
2 1 0
3 2 2
3 2 3
0 2 2
0 4 1
4 4 0
1 2 1
1 1 0
5 2 1
2 1 0
1 2 1
0 1 2
0 4 1
2 1 2
1 4 1
2 1 5
0 0 5
1 2 0
0 2 1
1 1 2
2 1 2
3 2 2
1 3 0
6 1 1
2 3 2
0 2 0
0 4 1
1 3 0
0 2 2
1 0 1
1 2 0
2 0 3
1 1 1
4 3 2
3 4 1
4 1 2
2 1 0
2 1 5
0 2 1
2 2 1
2 1 1
0 2 1
4 1 1
1 1 2
2 0 0
1 1 1
2 0 1
3 1 1
3 1 2
1 3 2
4 3 2
0 2 2
5 5 4
1 1 2
1 0 3
0 1 4
2 1 5
1 0 2
5 1 2
1 0 2
1 1 1
0 3 0
0 2 0
0 1 0
0 1 0
1 0 2
3 2 1
2 1 1
3 3 1
1 1 0
1 1 3
0 2 1
1 4 1
0 2 0
0 3 6
3 2 2
2 1 3
1 3 0
1 6 0
1 2 4
0 0 0
0 1 2
2 1 0
0 2 2
3 1 0
3 0 0
3 1 1
3 2 2
0 4 4
6 2 1
0 0 2
1 1 0
0 1 4
1 3 5
1 0 1
1 1 0
2 1 2
3 0 1
2 1 3
1 2 6
0 3 1
3 2 2
3 2 0
5 0 1
2 1 0
0 1 0
0 2 1
2 1 3
4 1 2
1 0 2
3 0 3
4 3 3
3 0 4
0 3 0
2 3 1
0 1 1
4 3 1
0 1 1
0 2 0
0 1 3
2 4 2
2 2 1
0 0 1
2 0 3
2 1 0
1 2 2
5 1 0
0 0 5
0 4 0
1 3 3
5 3 0
1 3 0
0 0 3
2 1 0
1 1 4
0 1 0
2 2 6
1 1 0
5 1 0
1 5 2
2 0 1
1 2 1
2 0 0
0 1 0
1 2 0
1 0 0
1 3 3
3 2 1
0 1 6
4 3 0
1 0 2
0 1 2
0 0 2
3 2 0
0 2 2
1 3 2
1 2 2
2 2 0
1 0 0
0 1 1
1 3 0
2 1 1
1 1 1
0 2 2
2 3 3
2 4 1
1 2 4
1 1 0
1 1 3
2 1 0
0 1 0
1 0 3
2 1 1
2 1 5
3 1 3
1 0 1
5 1 3
1 3 0
1 0 1
3 2 2
5 1 1
3 2 1
0 0 1
0 4 2
1 0 0
3 1 0
5 2 3
3 4 3
0 0 1
1 4 3
0 5 1
1 3 1
0 2 1
6 4 3
0 4 0
1 0 1
4 1 2
2 0 3
2 2 3
1 2 1
1 0 2
0 1 1
2 3 0
4 4 0
1 3 3
0 1 1
3 0 4
1 5 1
1 3 2
1 1 0
0 5 5
2 2 6
1 2 1
2 2 3
3 2 1
0 3 1
2 1 0
0 3 2
2 2 3
0 0 0
1 4 2
1 0 1
2 2 2
2 1 2
5 2 1
2 1 2
0 1 1
1 0 2
5 0 2
1 2 0
2 3 3
6 2 0
2 1 0
4 3 1
3 4 1
1 2 2
1 0 1
1 1 0
1 3 1
3 0 0
1 2 3
1 2 2
3 2 4
1 1 0
2 0 1
3 4 2
0 6 1
3 2 1
0 4 0
1 4 0
5 4 2
3 3 1
1 4 2
4 1 0
2 2 1
0 0 1
0 2 1
1 1 3
1 0 2
2 3 3
0 1 1
3 1 1
0 0 3
2 3 0
2 0 2
2 1 1
1 2 1
1 2 1
2 1 2
0 2 3
0 3 1
0 0 0
1 2 3
1 3 2
1 1 5
1 0 2
3 0 0
2 1 1
0 4 2
1 1 1
1 2 3
2 0 6
2 1 1
1 3 1
2 1 1
3 0 2
2 3 2
1 4 2
0 0 3
3 3 1
3 2 0
1 3 6
1 0 0
0 2 6
4 2 0
0 2 1
0 4 0
2 6 2
1 1 0
0 2 4
0 2 3
1 1 1
1 2 2
1 0 3
3 3 2
1 0 2
0 2 2
0 1 1
0 3 4
0 4 2
1 1 1
3 4 1
3 0 1
4 1 0
2 3 1
0 1 2
4 4 0
1 3 0
0 4 2
4 5 0
3 2 4
1 2 2
0 1 5
1 4 3
3 1 1
4 2 0
5 1 2
3 0 0
1 6 6
3 2 1
1 1 4
0 0 1
1 6 1
0 4 4
1 2 3
0 2 1
2 0 4
3 1 2
3 2 2
0 5 0
2 1 2
1 4 0
1 1 1
1 2 2
1 4 4
0 0 1
2 1 1
0 3 1
2 1 0
0 2 3
3 3 3
0 0 1
1 0 5
2 0 1
1 1 4
1 2 0
0 2 1
0 2 2
1 1 1
1 3 2
1 1 3
0 1 2
3 0 2
3 0 1
1 1 0
2 1 2
3 1 2
2 0 0
2 5 0
3 0 0
3 0 3
0 0 3
2 1 0
2 2 0
4 1 1
0 0 2
1 2 3
2 0 0
1 0 2
2 2 1
2 0 0
3 2 1
2 3 2
2 0 1
3 2 1
0 1 0
3 0 3
1 4 1
2 3 1
5 2 2
2 0 1
1 1 2
0 0 0
1 0 3
0 0 2
1 4 0
5 0 0
2 2 1
0 5 1
2 4 1
0 0 3
4 1 1
2 1 1
1 1 1
0 1 1
3 1 4
1 0 0
1 0 1
2 1 1
1 0 5
3 2 3
1 1 2
1 3 2
4 2 0
1 4 0
5 2 2
2 1 2
1 3 0
2 0 2
2 1 0
3 2 1
0 1 0
0 1 1
0 1 2
2 2 0
2 1 2
3 1 1
0 3 0
1 3 2
2 1 2
0 0 2
2 1 2
3 2 2
2 3 5
2 5 1
5 3 1
0 3 6
2 2 0
1 1 1
1 1 3
1 2 0
0 5 0
3 0 0
2 1 2
2 1 0
2 2 2
5 2 2
3 0 0
5 0 3
6 2 2
1 4 1
4 0 0
4 2 3
1 0 0
0 3 1
1 2 1
3 1 1
2 3 2
0 2 1
1 1 1
1 1 2
1 2 1
4 2 1
1 2 5
6 1 4
1 3 3
2 1 1
1 2 2
1 1 1
2 0 2
1 1 4
1 6 1
2 4 2
1 5 2
1 5 2
2 0 1
2 0 1
0 0 1
1 2 3
2 5 5
1 1 0
1 2 2
1 3 1
3 3 0
4 5 2
4 1 5
1 1 0
1 1 3
2 2 1
0 1 2
2 0 2
1 1 1
3 0 0
2 1 1
