3 10 10 5
1 1
1 5
2 5
1 2
1 2
3 3
3 5
3 5
1 5
1 2
2 2 3
1 3
0 
23941 90648 81100 36637 36283 18190 52022 63481 89222 25027
1 606 1277
2 575
3
1 516 1272
2 571
3
1 547 1168
2 608
3
1 602 1107
2 686
3
1 525 1157
2 642
3
1 577 1134
2 673
3
1 505 1120
2 597
3
1 589 1291
2 603
3
1 602 1294
2 674
3
1 615 1221
2 647
3
10 9 3
9 1 6
10 2 5
16 2 3
8 7 3
12 7 1
10 5 3
11 1 6
15 3 3
13 2 1
25 25 25
931 1716 2969
990 1809 2816
946 1682 2626
937 1824 2957
934 1855 2644
