3 10 10 5
1 1
1 5
2 5
1 2
1 1
2 5
2 4
5 5
3 5
3 3
2 2 3
1 3
0 
20102 118829 77369 36995 19496 90526 63938 20102 65777 26651
1 559 1276
2 609
3
1 542 1258
2 568
3
1 519 1254
2 610
3
1 515 1229
2 638
3
1 538 1299
2 665
3
1 592 1224
2 580
3
1 591 1071
2 657
3
1 597 1214
2 626
3
1 613 1283
2 581
3
1 616 1207
2 681
3
12 6 2
13 2 5
12 5 2
10 3 4
7 5 4
12 8 2
11 3 4
6 5 5
10 8 2
9 8 4
25 25 25
1061 1944 2788
977 1874 2791
1077 1893 2960
954 1770 2596
1096 1669 2730
