3 10 10 5
1 1
1 5
2 5
1 2
3 4
2 4
2 5
1 2
1 5
1 3
2 2 3
1 3
0 
21869 111893 104528 50524 30033 77342 118384 35866 117350 62696
1 573 1131
2 578
3
1 545 1305
2 620
3
1 554 1222
2 569
3
1 526 1290
2 678
3
1 577 1270
2 640
3
1 525 1234
2 657
3
1 602 1086
2 644
3
1 588 1131
2 640
3
1 534 1214
2 648
3
1 533 1085
2 673
3
8 7 5
10 9 3
8 8 6
10 9 3
12 5 0
9 5 7
8 10 5
16 3 2
10 5 6
9 5 5
25 25 25
1027 1865 2553
1100 1884 2696
1070 1969 2684
978 1860 2829
999 1837 2710
