3 10 10 5
1 1
1 5
2 5
1 2
3 3
3 4
3 5
1 2
1 4
1 4
2 2 3
1 3
0 
15277 120114 65052 49661 18980 39855 72652 51627 77333 72042
1 558 1113
2 634
3
1 552 1234
2 636
3
1 512 1134
2 692
3
1 590 1184
2 643
3
1 572 1136
2 675
3
1 567 1176
2 661
3
1 540 1216
2 580
3
1 540 1154
2 686
3
1 592 1135
2 667
3
1 545 1303
2 689
3
10 5 1
13 5 5
12 4 1
11 3 7
8 5 4
13 4 4
8 5 6
10 8 4
9 8 2
10 0 6
25 25 25
904 1814 2911
931 1908 2960
1086 1862 2506
1006 1764 2470
1040 1890 2542
