3 10 10 5
1 1
1 5
2 5
1 2
5 5
2 3
2 5
3 4
2 4
2 3
2 2 3
1 3
0 
18907 114296 90592 46533 25764 41015 95780 44311 85615 48854
1 507 1266
2 629
3
1 561 1148
2 645
3
1 599 1290
2 692
3
1 585 1091
2 668
3
1 529 1236
2 618
3
1 531 1302
2 583
3
1 594 1159
2 620
3
1 540 1165
2 625
3
1 552 1244
2 572
3
1 598 1141
2 693
3
9 4 4
14 6 2
10 8 4
9 6 5
8 7 5
8 4 4
8 5 6
6 11 3
6 12 5
10 9 4
25 25 25
1076 1958 2602
1031 1882 2954
1035 1899 2484
949 1720 2913
920 1879 2731
