3 10 10 5
1 1
1 5
2 5
1 2
4 5
1 5
3 4
3 4
2 2
5 5
2 2 3
1 3
0 
17536 94172 90499 34782 39229 87104 39954 39293 24009 26189
1 601 1171
2 634
3
1 516 1088
2 612
3
1 566 1217
2 616
3
1 572 1140
2 646
3
1 592 1263
2 675
3
1 538 1302
2 590
3
1 526 1158
2 659
3
1 568 1294
2 602
3
1 595 1303
2 687
3
1 611 1183
2 678
3
13 4 2
9 3 4
8 7 6
15 3 1
7 6 4
11 3 3
10 4 4
11 5 4
7 7 5
7 9 5
25 25 25
1065 1913 2681
938 1843 2675
903 1694 2672
954 1676 2605
942 1727 2683
