3 10 10 5
1 1
1 5
2 5
1 2
1 4
1 4
3 3
5 5
2 2
3 5
2 2 3
1 3
0 
21110 99548 69402 38341 72034 71227 18407 25335 23243 72754
1 510 1293
2 612
3
1 543 1200
2 664
3
1 554 1265
2 675
3
1 598 1246
2 580
3
1 515 1168
2 629
3
1 583 1228
2 617
3
1 565 1186
2 684
3
1 584 1122
2 627
3
1 606 1107
2 584
3
1 537 1113
2 571
3
13 6 3
14 6 2
10 6 2
5 10 1
5 10 2
12 4 2
12 4 3
10 7 4
14 3 4
11 7 4
25 25 25
907 1718 2556
1009 1762 2958
999 1968 2567
924 1844 2797
938 1845 2657
