3 10 10 5
1 1
1 5
2 5
1 2
4 5
1 1
4 5
4 4
5 5
2 4
2 2 3
1 3
0 
20489 74198 64161 38806 45468 16665 47836 22523 23857 57020
1 517 1247
2 688
3
1 615 1216
2 596
3
1 532 1098
2 691
3
1 614 1216
2 578
3
1 574 1121
2 692
3
1 524 1307
2 612
3
1 598 1121
2 593
3
1 510 1218
2 619
3
1 606 1259
2 571
3
1 604 1256
2 686
3
9 3 6
11 3 1
10 4 2
11 5 2
9 4 5
9 3 3
9 4 6
12 7 2
13 4 5
15 5 2
25 25 25
1092 1879 2822
988 1864 2929
1025 1715 2696
1023 1978 2538
1048 1686 2829
