3 10 10 5
1 1
1 5
2 5
1 2
4 4
1 2
1 1
2 5
1 3
2 4
2 2 3
1 3
0 
23519 106683 91571 26331 11047 40077 21346 62478 66429 43874
1 509 1202
2 631
3
1 552 1193
2 665
3
1 587 1087
2 666
3
1 616 1291
2 584
3
1 528 1250
2 669
3
1 540 1218
2 659
3
1 527 1088
2 571
3
1 578 1170
2 609
3
1 504 1144
2 585
3
1 606 1263
2 653
3
15 1 7
11 4 4
11 5 4
10 6 0
11 4 0
8 6 3
11 5 3
7 7 1
8 3 7
11 2 2
25 25 25
960 1881 2913
932 1755 2921
1031 1976 2451
920 1841 2451
1068 1736 2781
