3 10 10 5
1 1
1 5
2 5
1 2
2 5
1 5
1 1
2 2
1 4
1 2
2 2 3
1 3
0 
18443 107112 78300 35175 57656 101014 18088 20911 75370 41818
1 515 1147
2 577
3
1 509 1169
2 604
3
1 545 1122
2 652
3
1 514 1293
2 668
3
1 580 1193
2 573
3
1 505 1224
2 659
3
1 520 1075
2 635
3
1 614 1299
2 625
3
1 513 1164
2 619
3
1 520 1181
2 596
3
10 6 2
13 6 3
10 5 4
12 2 4
15 3 1
7 4 5
10 5 3
7 5 5
12 5 3
6 3 6
25 25 25
960 1898 2826
1039 1699 2959
931 1927 2727
964 1945 2854
919 1883 2594
