3 10 10 5
1 1
1 5
2 5
1 2
1 5
2 4
2 3
1 3
4 5
1 4
2 2 3
1 3
0 
23089 83595 83324 46335 90040 64109 27827 82455 53963 84551
1 597 1249
2 685
3
1 508 1275
2 600
3
1 580 1302
2 667
3
1 512 1163
2 615
3
1 592 1092
2 616
3
1 542 1251
2 643
3
1 541 1237
2 615
3
1 581 1150
2 609
3
1 531 1188
2 652
3
1 583 1169
2 582
3
9 9 4
10 3 4
13 6 3
15 7 1
10 4 3
12 5 4
12 3 1
9 7 7
12 3 7
5 10 2
25 25 25
1018 1833 2532
1043 1919 2471
953 1680 2872
990 1695 2720
954 1664 2949
