14 5 15
444 1123 1801 2353
761 1488 1875
497 1350
797
980 1585 2459 3168 4034
838 1577 2347 3179 4137
875 1826 2333 3474 4700
896 1709 2672 3353 4495
879 1597 2612 3119 4398
891 1616 2364 3017 4187
914 1570 2257 3408 4676
995 1603 2290 3393 3975
906 1889 2310 3247 3999
840 1695 2521 3120 4089
880 1595 2254 3235 4080
822 1605 2498 3005 4524
925 1693 2404 2964 4657
939 1569 2270 3021 4531
44 30 27 40 37
44 39 26 29 46
44 32 49 38 44
29 47 31 34 25
45 42 29 26 40
42 50 39 43 37
39 27 40 37 26
30 38 40 33 31
44 32 26 41 46
42 27 50 28 27
38 49 26 25 26
39 42 39 37 29
34 31 44 34 37
42 50 47 35 27
7 44 0 15 12
57 59 52 41 39
10 47 43 35 71
22 45 29 86 29
61 28 31 53 42
52 35 52 47 56
61 49 40 45 56
47 37 22 35 46
45 63 45 35 31
55 49 35 51 55
32 42 53 43 21
60 39 31 52 53
45 60 45 25 24
41 42 34 34 34
48 38 62 40 30
