14 5 15
223 860 1068 1685
453 919 1578
410 1094
650
597 884 1510 2077 2952
562 938 1607 1959 2672
553 835 1534 2090 2660
540 989 1586 2047 2611
595 977 1502 1940 2810
521 860 1426 1969 3113
566 878 1552 1879 3066
582 983 1594 2268 2762
623 894 1495 1885 2598
544 958 1417 2139 3011
542 975 1370 2216 2952
547 921 1476 2053 2799
568 971 1385 2171 2685
611 833 1528 2193 2945
48 45 46 27 48
35 46 40 34 32
49 29 48 39 42
37 27 35 33 46
47 36 28 36 40
37 45 37 33 27
27 43 40 40 34
45 44 26 28 40
48 34 41 45 25
31 28 33 34 39
28 25 43 46 42
48 40 42 43 49
35 40 29 42 37
44 32 29 45 35
11 5 41 7 24
62 48 43 47 43
55 48 40 51 40
31 48 58 45 39
42 49 30 47 35
37 35 21 44 42
36 37 44 55 39
25 61 32 57 70
36 50 47 27 31
36 42 74 39 65
42 23 31 46 41
49 43 43 61 85
49 59 39 47 72
24 54 69 25 41
33 39 37 40 62
