14 5 15
605 1124 1640 1671
539 1303 1458
646 891
191
752 1418 2022 2796 3029
663 1467 1950 2719 3510
738 1250 1876 3035 3053
697 1395 1953 2802 3165
682 1256 1873 2604 3014
731 1394 2148 3044 3068
754 1484 1895 2520 3276
660 1332 1885 2698 3298
647 1251 2104 2842 3436
671 1283 1950 2693 3557
639 1454 1798 2898 3160
734 1232 2172 2841 3312
769 1393 2025 2940 3018
708 1332 1931 2972 3037
32 36 41 32 28
33 28 27 29 28
38 39 47 47 38
32 41 32 36 50
48 43 35 50 29
50 48 33 44 44
36 33 27 31 43
45 46 48 29 26
31 27 48 25 46
44 30 29 38 25
48 33 26 45 36
27 50 39 47 38
43 49 30 30 30
34 49 28 50 34
9 16 5 27 4
42 34 32 44 68
63 57 32 52 67
68 45 42 49 25
56 32 33 33 71
44 41 64 40 33
31 45 32 64 65
58 39 61 25 28
41 25 38 33 31
44 42 38 55 56
55 43 60 44 52
46 51 42 28 53
53 52 52 68 66
62 66 41 35 37
30 38 52 51 54
