14 5 15
507 1155 2021 2033
756 1259 1702
547 955
384
694 1286 2286 2961 3447
722 1199 2132 2905 3910
728 1190 2049 2638 3465
686 1153 1987 3075 3223
784 1115 2217 2758 3280
757 1101 1972 2955 3786
789 1168 2149 2974 3529
751 1130 2218 2970 3382
665 1284 1976 2683 3403
744 1223 2175 2561 3734
723 1114 2074 2675 3765
742 1263 2341 2764 3298
684 1197 2318 2672 3723
771 1138 2282 2709 3817
29 43 36 31 48
37 31 47 29 39
36 41 45 41 43
30 27 28 47 47
32 31 49 30 28
31 34 35 48 29
33 41 27 45 49
27 31 46 42 48
40 29 43 50 28
30 27 30 27 35
32 44 31 34 43
44 26 31 36 32
26 45 50 48 36
45 36 34 26 41
14 24 26 13 5
47 46 32 42 31
62 43 52 59 49
54 32 33 47 28
49 47 53 37 59
45 21 62 46 74
32 48 19 37 62
50 27 55 46 53
39 45 69 28 55
48 46 30 33 39
38 66 37 51 18
50 50 59 55 39
49 49 36 44 33
29 40 41 42 40
35 31 55 50 69
