14 5 15
437 869 1266 1746
468 832 1229
413 874
435
537 1096 1673 2205 2680
591 1042 1864 1940 2872
617 1016 1779 1927 2819
611 1115 1859 2225 2797
590 994 1696 1993 2957
637 1125 1595 1947 2701
638 972 1850 2300 2958
551 1083 1685 2071 2698
534 1117 1696 2280 3025
596 987 1808 2003 3107
639 1000 1890 2140 2689
571 1021 1687 1927 3140
598 1026 1757 2012 3030
547 1115 1701 2316 2868
25 49 43 29 46
43 36 40 38 42
28 33 42 33 28
37 48 49 27 37
42 44 49 25 34
45 32 47 25 26
27 32 40 47 44
28 45 37 35 28
49 39 46 43 44
31 32 27 28 25
38 27 47 38 30
44 39 40 38 40
29 43 41 41 27
39 49 28 37 35
30 24 56 7 7
41 54 32 85 51
24 44 19 56 74
42 33 53 22 70
46 41 39 83 76
39 27 58 30 46
38 51 46 60 39
26 35 44 27 27
53 39 47 64 23
17 33 46 42 39
30 38 50 56 44
61 36 37 61 55
34 47 42 30 57
55 43 45 47 43
22 47 33 71 39
