14 5 15
393 877 1425 1529
484 1064 1260
538 700
216
511 970 1634 2354 2607
524 902 1616 2197 2479
487 904 1381 2096 2702
490 1000 1461 2004 2518
506 1036 1400 1988 2338
590 882 1441 2197 2724
583 880 1386 2248 2647
575 880 1396 2215 2340
524 892 1613 1987 2522
522 877 1467 2355 2450
501 917 1408 2245 2471
501 918 1392 2022 2620
552 860 1592 2165 2684
494 1027 1534 2236 2384
50 38 26 39 39
46 46 32 31 47
34 27 47 25 36
35 41 38 33 46
29 31 37 26 47
48 27 33 27 39
35 29 38 45 40
45 29 37 28 46
39 48 47 29 30
28 28 40 36 42
25 44 32 34 45
47 46 35 41 45
49 43 34 36 25
40 45 37 29 48
8 27 50 10 16
60 31 61 39 67
25 44 42 52 34
53 29 46 32 37
18 48 33 51 50
48 40 60 44 38
50 54 55 39 49
31 56 40 33 47
43 34 67 30 42
39 37 41 46 47
39 38 54 36 35
28 20 23 56 46
61 41 56 54 46
38 52 41 54 30
26 49 48 30 48
