14 5 15
287 1158 2381 2124
942 1687 1852
806 703
-61
905 1214 2476 3468 3398
762 1429 2549 3396 3888
829 1393 2220 2914 3972
752 1234 2226 3210 3952
848 1315 2576 3135 3483
762 1431 2355 2891 3796
847 1280 2550 3109 3453
807 1215 2623 3270 3428
875 1369 2524 2945 3661
748 1302 2555 2892 3822
795 1437 2637 3321 4057
824 1404 2316 3313 3968
821 1367 2351 3014 3769
781 1247 2239 3197 3810
30 26 25 40 25
39 38 47 45 42
35 25 32 44 27
33 33 45 43 43
27 34 29 30 49
27 37 43 27 34
33 34 48 34 32
49 36 36 44 42
30 46 34 34 50
49 39 39 25 42
42 46 41 50 48
34 39 34 25 47
33 42 42 48 48
43 31 34 36 32
15 37 54 0 1
38 22 47 34 43
21 49 40 47 66
52 54 36 70 52
58 50 45 40 28
46 51 50 51 27
50 52 61 33 39
32 45 42 45 35
46 53 38 28 40
54 42 25 50 46
45 41 35 61 27
51 68 51 29 62
44 45 32 33 42
55 76 39 49 39
34 40 43 33 48
