14 5 15
512 1055 1342 2453
738 924 2105
153 1459
1097
715 1263 2208 2413 3765
802 1225 2336 2811 3531
732 1362 2259 2428 3747
763 1261 2376 2609 3150
780 1365 2300 2907 3274
819 1347 2403 2712 3647
713 1168 2258 2593 3607
712 1230 2376 2821 3467
813 1303 2014 2461 3589
731 1343 2215 2905 3261
739 1379 2218 2720 3269
773 1276 2253 2923 3760
783 1361 2144 2844 3688
788 1286 2248 2672 3463
25 39 32 46 35
25 29 31 45 35
29 31 39 37 48
37 47 38 35 47
37 25 27 29 27
44 36 39 28 38
34 45 47 41 26
32 49 42 30 33
40 50 28 36 47
49 34 27 46 32
44 48 45 32 39
32 49 46 47 34
47 37 26 37 25
49 40 34 42 31
26 48 31 13 9
53 62 36 43 71
29 43 36 55 67
77 42 62 57 53
10 54 61 25 62
27 51 41 50 32
64 41 67 44 64
50 57 49 41 29
23 29 35 38 43
41 46 31 48 49
60 47 33 44 43
39 65 39 45 37
35 59 37 45 33
48 39 27 65 26
76 46 46 56 75
