14 5 15
330 1019 1245 1717
576 1182 1767
543 998
528
738 1149 1862 2482 3069
715 1087 1705 2803 3351
725 1260 1881 2655 3288
684 1246 1608 2740 3024
646 1232 1699 2599 2839
674 1139 1786 2812 3287
630 1223 1737 2749 2990
711 1056 1582 2803 3030
706 1055 1769 2350 3128
617 1147 1725 2516 2992
737 1198 1758 2544 3328
643 1137 1630 2529 3002
611 1124 1602 2356 3091
668 1164 1856 2819 3135
35 27 35 34 26
32 28 31 30 32
36 27 35 36 25
41 39 32 27 36
41 27 42 36 45
49 48 45 34 40
46 35 34 46 25
26 45 43 31 47
47 25 41 36 26
41 43 33 48 46
41 37 38 37 30
47 49 41 28 46
27 43 33 28 44
43 34 28 39 26
15 40 5 11 11
27 60 44 50 48
47 60 44 33 34
52 33 46 30 59
52 51 65 48 51
55 39 30 73 41
67 60 59 38 78
42 32 50 23 41
50 55 50 42 64
66 34 50 56 39
36 37 41 47 61
28 37 36 32 31
31 35 42 39 52
47 35 53 34 30
49 37 39 65 32
