14 5 15
484 845 1308 2559
532 980 2028
371 1447
1039
713 1254 1894 2359 3617
705 1442 2096 2747 3704
685 1448 1983 2716 3220
730 1404 2119 2437 3559
720 1223 2160 2316 3244
631 1391 1935 2517 3535
703 1192 2106 2317 3116
659 1419 1933 2606 3260
663 1237 2129 2320 3567
728 1283 2102 2611 3314
644 1451 1931 2662 3190
683 1359 2033 2680 3125
763 1311 2193 2566 3390
690 1393 2095 2491 3434
42 31 33 41 49
40 29 29 38 33
26 36 28 30 29
44 32 30 41 35
45 31 41 28 42
47 45 40 48 38
27 32 40 32 48
42 31 25 41 49
46 39 48 33 48
28 26 29 34 34
30 46 45 45 49
36 25 26 50 45
47 50 34 25 34
27 47 42 33 27
0 12 2 25 27
51 43 43 47 42
47 27 37 47 52
38 41 76 49 35
58 46 37 52 53
25 37 36 25 49
60 42 31 37 30
42 43 55 45 34
70 40 48 67 57
31 49 85 39 27
79 57 34 67 59
46 54 29 32 63
69 29 61 62 23
39 34 48 42 54
31 54 40 25 65
