14 5 15
240 1328 1405 2842
915 1522 2341
356 1328
824
698 1034 2225 2671 3706
672 1227 2236 2845 3989
777 1045 2364 2894 3869
768 1041 2302 2734 3970
759 1051 2384 3013 3948
704 1022 2280 3034 3556
745 1036 2029 2802 3399
752 1091 2029 2953 3604
789 1211 2168 2978 3673
739 1158 2314 3056 3868
685 1046 2364 2912 3364
796 1023 2250 2653 3476
704 1219 2283 2646 3780
765 1061 2000 2575 3808
34 43 30 43 27
42 44 28 33 29
47 32 42 25 25
26 39 47 50 34
34 33 29 33 33
35 42 44 43 25
38 26 50 36 31
28 26 29 50 34
28 46 47 43 36
38 47 32 39 29
29 39 35 37 36
40 29 29 29 30
47 44 29 48 35
31 40 30 32 31
16 9 40 11 23
63 43 45 27 42
36 51 39 30 44
40 20 31 43 63
14 58 44 59 33
84 28 24 38 37
52 66 41 34 50
32 76 41 45 51
63 37 31 46 44
51 48 37 33 65
14 43 51 45 38
74 47 47 34 39
44 44 48 68 28
44 28 50 44 52
37 48 57 60 36
