14 5 15
390 941 1025 1556
678 733 1030
139 514
472
563 1011 1756 1937 2448
549 1098 1530 1892 2467
514 1014 1704 1952 2621
612 965 1486 1914 2619
534 1134 1585 2145 2445
549 958 1744 1974 2685
536 1021 1509 1921 2507
555 1003 1506 2134 2768
561 1059 1723 2137 2807
536 1092 1730 2090 2549
550 1091 1669 2258 2814
556 1102 1510 1969 2547
554 1059 1632 1976 2612
603 1016 1665 1926 2401
28 30 36 48 25
38 39 43 26 38
35 44 31 26 50
42 34 43 42 44
26 38 39 34 32
26 49 35 39 42
45 40 32 46 37
33 46 50 48 49
46 35 25 50 41
26 31 42 44 37
50 44 25 34 40
49 45 28 47 49
32 40 37 40 38
39 27 50 28 25
32 16 30 18 14
66 42 70 50 43
46 43 41 41 47
45 51 67 42 64
46 31 54 58 49
73 34 37 65 51
46 57 31 41 51
50 46 40 51 43
50 54 54 43 32
54 48 30 38 46
37 25 22 45 46
38 66 49 43 26
33 60 32 57 39
71 69 32 25 32
45 25 50 39 30
