2 5 5 1000
254 1405 2106 2355
1187 1637 1923
582 752
176
719 1079 2549 3272 3522
783 1132 2272 2863 4263
144 193 133 142 186
160 120 144 103 106
144 14 251 35 50
14 13 11 21 4
25 8 9 11 6
6 11 5 16 14
4 13 20 18 11
3 4 26 14 16
26 27 8 14 7
15 25 17 15 9
23 14 9 9 5
9 15 21 11 5
13 14 18 10 11
13 8 9 3 10
18 5 28 11 8
22 20 22 14 17
5 26 15 15 9
3 8 8 17 7
19 14 14 14 12
11 26 15 13 18
22 11 23 12 9
11 12 14 16 12
6 20 4 21 25
6 11 23 6 23
6 10 9 7 11
24 13 8 28 14
8 5 15 16 8
18 9 21 9 10
23 19 15 9 14
14 10 20 20 20
9 27 6 25 18
9 9 10 4 8
8 12 12 22 5
7 6 6 23 24
4 12 18 6 20
10 13 22 11 5
12 7 16 17 6
26 17 5 8 26
21 10 6 9 5
21 16 12 7 8
12 9 24 6 3
8 17 4 18 10
23 14 19 12 20
18 13 12 22 8
3 17 11 10 8
26 24 18 8 10
16 5 12 17 14
6 21 9 4 10
21 7 15 21 9
13 15 5 5 24
12 7 8 9 18
13 21 3 22 12
20 8 8 6 16
10 15 13 22 24
5 14 16 8 5
16 14 27 17 3
10 7 14 19 19
6 10 22 12 26
11 11 21 11 6
3 9 15 17 16
5 9 12 9 9
22 23 25 18 14
10 11 13 21 10
12 16 13 12 13
8 10 24 17 12
11 11 28 10 11
27 21 15 14 12
14 19 17 15 13
4 25 15 22 23
17 15 6 17 10
11 27 23 10 17
22 24 24 21 11
27 9 11 11 10
14 10 13 13 11
15 7 10 4 23
18 18 4 15 18
5 7 16 10 16
4 10 9 8 14
13 11 5 10 3
14 14 3 6 10
11 14 9 17 21
15 17 15 14 9
14 3 21 7 17
13 19 14 15 18
17 21 22 4 17
3 12 20 8 12
14 22 19 14 10
11 19 14 18 20
27 10 13 9 22
11 11 22 11 12
28 23 13 11 23
11 16 14 10 11
12 20 16 21 11
15 10 7 15 15
23 20 19 5 14
8 21 14 3 7
16 12 20 13 15
7 12 23 7 10
8 7 25 24 7
12 19 23 3 20
15 27 22 17 6
12 11 17 18 21
15 15 10 14 6
13 24 22 6 19
10 10 12 15 15
15 20 14 11 11
24 19 6 11 5
16 24 16 24 17
17 20 12 7 15
21 10 8 23 9
24 15 23 10 18
18 17 21 6 19
25 15 16 7 11
20 3 16 22 20
16 6 5 24 21
24 11 12 16 14
10 14 18 5 15
7 26 12 25 10
23 11 13 13 18
9 4 18 7 23
7 18 10 13 15
23 26 15 13 21
10 22 8 9 15
18 14 6 12 11
25 5 13 13 20
7 12 27 3 12
7 12 15 5 15
9 28 10 14 3
22 15 18 17 13
12 10 17 6 18
24 19 17 4 18
16 12 8 14 6
8 10 14 20 12
18 16 20 20 20
19 5 26 4 21
23 17 12 15 18
13 14 11 13 14
14 16 4 11 20
5 5 13 16 19
14 12 25 14 12
16 11 10 6 19
22 18 11 21 15
7 18 8 23 8
16 12 22 8 6
17 14 3 15 12
19 13 14 8 10
15 26 12 12 17
12 24 26 10 7
17 11 10 24 13
27 20 6 24 25
5 22 26 15 10
11 12 13 16 9
21 14 20 25 21
13 5 8 21 3
9 18 10 8 5
21 18 8 14 5
8 9 4 20 21
7 15 9 12 5
10 14 21 19 9
5 11 21 22 8
12 7 15 15 13
12 7 6 28 8
4 28 13 11 16
25 8 8 25 9
3 6 15 7 3
9 18 7 22 19
25 19 16 18 19
19 15 20 17 24
4 10 18 18 15
27 22 7 11 23
18 6 23 12 24
14 26 17 17 18
17 14 14 4 23
7 6 16 12 12
8 14 18 14 26
26 13 14 10 12
16 22 11 10 13
12 11 19 22 19
7 13 10 3 12
11 23 10 17 18
15 3 12 21 18
19 5 14 23 12
27 5 12 7 10
19 14 27 14 4
18 13 19 20 15
10 17 7 24 13
23 20 16 13 18
7 24 25 23 11
19 19 24 12 26
13 10 18 7 23
13 16 20 10 24
13 16 17 20 12
19 4 13 16 16
18 10 19 17 19
14 22 28 20 6
13 12 8 11 24
22 12 6 10 9
9 27 8 15 18
16 15 4 17 16
7 6 9 8 15
13 19 22 10 7
22 10 14 10 15
9 11 16 10 11
9 13 25 11 16
4 17 11 10 14
28 21 10 26 13
11 22 19 15 17
9 16 13 26 11
12 10 17 10 9
8 27 18 22 13
11 22 19 10 22
7 16 15 12 21
27 5 15 14 11
12 16 13 17 25
21 15 3 9 17
12 12 22 12 13
28 10 17 24 10
10 10 13 12 9
14 26 9 9 7
21 22 8 13 22
28 8 12 22 10
16 14 18 16 22
15 16 3 28 14
13 4 5 10 10
18 15 7 9 14
17 16 10 10 3
22 11 7 14 12
19 8 11 10 5
23 13 10 17 15
18 18 6 3 14
13 21 13 9 18
16 7 9 11 28
8 27 8 14 17
18 16 20 11 22
26 10 14 6 25
24 7 20 6 11
7 12 16 4 8
11 13 18 7 15
24 13 20 16 12
7 3 22 11 17
4 17 15 23 18
17 10 4 15 8
21 8 14 7 14
7 5 10 19 8
13 6 14 6 18
17 21 20 19 13
20 8 5 7 20
26 18 7 23 10
8 16 26 16 24
17 9 12 22 16
25 15 23 20 16
15 14 22 12 8
27 15 17 25 25
20 11 14 11 26
14 12 10 9 5
22 5 14 6 8
15 15 27 13 14
10 27 10 24 16
10 5 13 14 4
11 25 17 18 7
11 9 7 6 8
12 13 10 14 12
16 28 7 11 13
6 12 6 9 9
24 9 7 19 18
22 6 8 23 12
12 9 7 9 9
19 13 18 12 5
8 17 15 11 14
18 15 7 28 20
8 23 5 16 15
16 16 17 28 13
15 13 12 10 8
10 11 12 13 16
10 20 26 20 19
17 10 19 5 12
13 14 7 11 12
20 25 10 17 9
16 18 4 10 22
19 23 12 3 16
19 10 11 6 13
7 15 20 8 13
5 10 11 13 19
23 18 11 3 7
19 11 5 19 20
11 12 26 13 15
19 9 8 21 25
28 28 17 15 22
17 8 11 4 17
17 3 7 26 22
12 12 16 9 4
4 13 8 17 16
12 16 26 15 11
8 23 9 4 7
10 21 21 14 16
7 16 10 21 28
16 20 13 9 7
18 17 9 25 3
23 14 11 17 22
13 10 7 24 21
12 21 6 10 11
11 14 11 9 17
12 6 7 21 15
19 6 25 18 8
21 7 8 25 15
13 14 27 11 4
28 3 9 7 24
14 14 6 5 8
11 17 28 11 27
16 10 19 7 12
10 15 19 9 3
14 15 12 7 11
14 13 9 15 12
5 14 18 8 11
20 12 22 14 19
22 25 10 8 22
19 8 16 14 18
7 6 14 20 13
14 11 13 22 23
8 4 21 12 5
16 19 21 16 9
19 22 28 15 7
12 16 11 17 12
10 8 8 17 6
9 11 5 20 16
12 11 28 14 18
8 12 18 17 7
12 15 18 19 13
6 9 10 11 13
7 14 16 13 4
8 21 12 14 11
10 22 23 27 15
9 17 7 23 12
6 16 26 15 7
16 17 15 19 4
4 23 23 5 21
20 17 26 5 6
19 7 19 23 9
15 6 11 14 10
9 13 20 18 11
8 9 16 16 17
24 14 24 19 12
7 9 22 5 8
11 14 17 8 15
26 15 25 17 20
14 11 17 6 10
16 15 19 16 18
16 12 19 17 5
25 12 6 6 22
22 11 21 7 3
9 19 26 17 11
19 22 19 13 11
7 10 4 28 23
15 14 7 14 8
7 12 7 17 8
23 4 9 15 17
11 11 6 7 8
18 21 14 18 4
15 22 23 7 26
19 9 14 16 20
16 16 25 5 16
11 10 20 8 8
13 24 15 12 7
8 21 17 14 4
12 4 17 20 11
13 18 12 22 5
13 21 17 6 10
16 7 12 22 10
5 13 10 18 10
15 11 16 23 11
11 17 28 10 16
26 7 18 15 17
15 6 7 9 11
11 9 18 17 6
12 17 22 17 27
11 7 4 11 22
18 12 17 10 6
10 25 16 20 13
8 13 17 7 13
14 14 21 19 25
12 26 11 10 16
13 15 25 19 27
22 13 22 27 26
15 21 15 9 27
13 17 18 16 5
6 9 16 3 4
10 12 22 20 19
9 7 24 16 17
15 13 14 19 18
11 8 14 9 10
6 7 15 21 20
8 26 18 9 18
8 18 15 9 23
22 25 28 27 5
10 4 4 25 24
12 11 4 18 14
13 6 26 5 11
18 7 11 4 9
10 9 3 9 27
13 20 24 12 25
5 15 20 12 17
25 19 23 5 17
8 14 17 5 5
11 6 12 3 14
10 15 15 9 9
11 7 20 6 17
23 8 25 10 17
10 3 14 18 11
10 6 11 18 8
11 12 8 7 25
18 15 8 8 3
11 11 16 14 21
25 16 11 17 19
16 14 27 26 23
14 17 18 10 7
4 11 17 10 14
10 12 21 4 10
27 10 11 18 24
22 24 10 11 13
18 14 11 12 21
25 19 16 20 12
11 10 14 18 14
25 12 18 5 14
13 22 15 20 23
14 19 6 25 13
25 22 15 12 11
6 7 14 5 4
12 5 28 9 28
7 6 5 19 15
20 26 19 17 12
4 19 13 6 7
22 13 21 17 6
10 9 15 20 18
12 22 19 8 14
17 7 8 25 13
21 13 24 4 12
14 14 14 10 12
5 19 7 5 11
12 20 17 11 5
6 6 5 16 10
16 9 26 19 13
3 12 17 22 23
7 16 11 14 14
13 9 10 18 15
26 8 11 28 25
10 10 11 18 13
15 19 18 18 8
14 18 13 23 20
14 25 6 22 8
9 16 16 10 17
11 17 20 18 7
4 11 10 7 13
20 24 11 8 6
16 19 22 26 12
18 9 6 10 27
15 12 14 14 20
10 17 9 12 15
9 14 13 18 20
4 10 4 9 19
25 24 5 26 13
3 17 14 18 12
17 18 10 23 25
9 12 15 5 11
18 6 20 9 7
18 16 10 9 17
11 16 8 23 16
27 12 7 23 17
7 28 8 13 18
23 16 11 18 13
11 11 13 15 21
20 14 14 10 18
20 9 4 17 6
14 11 7 13 18
15 19 22 6 14
6 24 15 18 12
18 22 13 8 6
9 21 9 14 9
15 21 18 11 6
13 10 18 15 9
16 11 16 3 4
10 18 7 28 14
19 23 14 15 18
15 21 7 9 10
4 14 18 21 10
13 14 19 4 23
23 18 12 6 17
8 18 14 13 19
13 15 23 8 28
17 26 16 15 23
7 21 16 8 13
13 7 3 24 16
12 8 6 7 21
10 27 13 12 7
25 18 26 13 15
9 12 18 10 11
8 23 11 11 18
14 18 11 17 13
21 18 13 12 19
9 7 23 5 22
22 10 12 15 9
12 16 11 15 17
13 4 18 7 15
20 13 7 8 10
14 9 24 22 7
23 23 15 5 6
18 8 11 22 8
14 11 14 8 26
11 9 11 11 5
15 19 18 14 9
14 10 13 28 8
6 19 19 13 21
10 9 8 15 22
16 22 21 6 7
10 17 14 20 3
9 26 5 20 18
16 14 20 15 9
12 13 23 11 25
15 8 11 7 9
16 16 17 19 12
13 6 6 14 18
15 9 23 12 9
17 16 18 6 5
8 7 7 16 8
6 16 4 12 12
16 20 19 19 20
16 8 23 11 26
16 20 8 15 16
21 26 20 17 10
27 5 18 16 18
12 15 16 14 16
27 21 5 19 16
21 6 15 3 11
11 25 9 4 21
11 12 9 12 5
10 16 7 13 10
9 17 26 14 14
9 11 11 23 14
27 14 5 14 9
15 13 5 8 8
4 7 11 27 21
17 19 14 22 13
17 9 11 13 25
4 22 19 11 14
8 20 12 16 15
7 11 21 18 19
13 11 25 25 12
11 5 16 12 19
21 26 8 12 12
19 10 8 21 6
10 8 17 25 17
14 8 17 23 10
19 7 9 5 6
14 9 16 14 12
24 9 6 14 14
14 16 11 8 9
17 28 27 17 17
20 13 15 21 18
13 6 7 14 14
7 27 17 21 21
16 7 17 25 6
24 25 14 12 5
12 16 7 17 21
22 9 28 17 28
8 27 17 7 10
13 19 23 8 18
7 5 7 11 23
10 8 20 12 28
19 8 22 11 9
15 21 13 5 17
16 15 19 10 12
13 20 16 4 6
25 25 26 9 15
14 4 13 19 8
16 6 14 16 9
20 16 19 13 7
18 14 16 20 26
9 22 13 4 21
18 20 17 25 7
11 11 25 7 10
4 12 19 13 24
9 6 15 11 11
15 10 10 7 23
14 6 26 11 6
17 19 12 12 21
16 9 9 9 10
14 13 14 15 12
13 12 23 19 7
20 9 20 18 12
15 7 23 9 10
7 13 22 9 22
8 14 7 18 15
8 9 15 26 8
9 24 23 12 22
5 13 16 9 26
14 16 9 20 20
25 7 17 12 25
17 10 19 18 11
12 5 15 11 7
7 20 12 12 13
12 17 9 7 15
24 16 3 21 6
3 12 13 8 19
22 19 6 14 13
22 19 16 10 9
6 12 17 9 3
9 17 21 8 10
23 9 20 5 7
16 7 14 27 12
14 13 13 25 20
19 4 6 10 10
8 20 12 18 12
3 21 7 15 18
28 15 20 24 6
10 15 17 27 27
12 15 18 6 8
13 13 24 21 9
17 12 10 24 24
13 16 17 5 26
13 8 16 8 11
14 14 21 16 9
23 28 25 8 13
14 7 20 13 4
16 12 9 24 11
22 10 19 17 18
10 19 17 13 19
5 10 3 11 23
17 15 21 26 20
7 21 15 10 22
5 25 14 19 23
8 9 12 11 25
28 14 3 18 14
5 15 11 11 6
17 11 8 18 18
7 23 27 27 9
8 11 10 27 18
10 26 26 23 13
22 5 18 16 8
10 8 25 4 12
17 11 16 19 16
10 13 13 20 9
8 14 20 10 21
12 11 16 14 11
6 6 14 8 8
13 12 28 16 8
5 16 19 4 13
8 22 18 19 13
4 16 10 9 10
15 21 5 26 22
9 20 6 22 9
10 11 9 15 11
5 27 11 14 21
15 10 23 13 12
22 9 11 13 8
12 6 19 10 25
17 10 11 6 18
9 6 19 15 4
18 11 21 20 11
14 18 4 14 11
10 18 11 16 22
15 4 15 17 26
24 11 5 10 16
17 28 6 15 3
11 25 27 9 7
11 28 13 13 23
4 17 15 7 13
27 19 16 7 16
12 11 4 16 14
16 12 23 4 3
21 22 22 7 17
16 16 20 11 9
18 11 25 24 4
8 26 12 13 11
18 21 16 12 13
18 8 9 8 26
8 23 18 12 9
6 14 10 20 14
28 8 11 15 8
16 15 8 18 16
16 16 17 5 16
14 13 27 11 14
28 13 10 12 11
14 6 12 3 25
17 18 9 6 12
16 10 7 13 8
14 18 23 10 15
10 9 14 27 8
8 4 13 15 11
14 10 20 9 13
22 12 20 7 17
10 7 8 19 18
9 6 9 11 22
18 8 15 23 16
9 23 19 8 28
8 12 19 18 8
27 15 17 17 13
23 6 23 23 10
8 24 15 13 25
11 22 9 8 4
20 19 11 11 13
22 26 6 8 6
9 14 21 19 13
15 28 26 21 12
28 20 6 16 6
9 10 10 15 5
19 4 21 10 12
6 4 15 13 18
20 11 16 10 23
13 10 22 9 11
16 8 7 18 6
5 26 22 13 5
6 20 10 19 16
23 14 20 11 25
3 10 20 19 22
10 20 11 17 10
6 4 17 6 17
10 12 7 13 22
19 7 4 7 17
11 9 19 7 11
12 19 15 6 10
10 10 15 13 23
18 23 13 16 9
10 24 13 24 9
15 27 17 7 22
25 24 9 19 22
12 6 12 9 10
6 12 13 13 26
9 7 8 5 28
19 12 13 3 12
5 5 12 16 14
23 26 21 17 22
12 17 12 8 22
9 11 18 6 19
11 14 18 18 13
11 10 15 24 18
15 20 8 20 7
10 23 19 10 6
23 14 26 15 17
6 6 21 28 28
4 8 6 16 11
13 16 7 18 14
18 8 12 13 25
11 25 15 25 14
15 12 9 20 18
12 9 14 13 13
18 27 12 12 19
27 19 11 16 19
15 27 11 15 15
13 5 15 22 14
3 10 7 15 15
17 13 16 25 8
18 12 7 3 9
11 24 13 14 12
7 6 8 9 11
17 7 3 12 8
8 12 4 21 9
10 14 15 12 10
13 10 22 12 15
15 27 21 23 11
6 14 17 10 22
16 14 12 8 10
12 7 16 22 12
20 6 11 20 16
19 7 25 14 16
22 21 10 11 24
10 14 13 16 16
6 14 19 6 10
23 17 19 9 12
16 7 14 6 4
16 7 21 7 19
4 17 6 18 5
12 26 18 9 4
19 17 19 22 16
12 7 11 20 10
5 16 16 18 25
11 13 6 27 19
19 20 14 12 17
26 27 11 25 24
20 14 10 18 6
18 7 21 12 10
9 12 14 10 11
10 9 6 8 15
13 12 17 14 3
12 24 18 5 17
20 9 11 14 10
5 9 10 9 3
15 4 17 4 4
24 16 16 8 10
22 25 18 14 19
16 22 18 14 26
19 11 8 15 13
5 9 10 21 23
9 16 28 13 18
19 15 15 10 6
4 16 9 9 9
6 11 10 18 7
10 12 17 21 21
14 22 18 10 22
20 7 9 26 6
19 12 11 17 8
8 9 4 4 25
21 7 15 20 15
21 9 18 8 24
9 14 11 18 22
6 18 10 15 16
8 3 19 21 13
12 10 12 11 19
14 28 15 6 6
8 10 25 18 15
19 16 11 20 9
9 3 16 16 10
13 13 22 18 12
9 9 23 17 12
13 13 5 12 12
21 20 10 8 8
14 8 7 9 4
27 28 9 4 16
3 25 25 17 13
9 5 9 9 16
9 12 25 8 20
9 28 13 10 14
28 16 11 17 6
12 24 12 6 13
17 9 9 8 11
18 12 12 18 12
4 27 15 9 9
7 9 10 13 15
13 24 16 27 14
10 13 5 21 6
13 13 21 15 19
17 5 16 11 3
6 9 14 13 24
14 14 17 3 18
21 11 23 11 10
20 15 14 19 10
10 7 13 3 7
4 27 16 13 25
19 23 14 24 10
17 4 15 24 16
17 24 25 14 6
3 24 20 7 11
8 12 6 8 19
10 26 6 27 8
10 4 22 14 16
13 16 7 14 15
17 25 16 18 11
9 22 12 18 7
8 9 11 24 6
7 7 15 3 15
15 20 5 6 25
10 8 12 22 10
9 20 4 15 26
13 6 15 12 22
14 15 13 10 4
17 14 13 14 10
6 13 8 19 4
12 26 18 10 11
15 17 8 5 6
8 11 9 9 15
20 14 12 22 25
16 11 28 9 18
8 18 13 14 17
10 11 15 11 19
15 20 9 11 14
18 9 4 14 14
22 18 9 5 19
12 7 20 28 18
12 7 14 11 15
11 15 10 4 17
25 11 11 15 20
26 12 23 15 16
14 13 16 4 8
22 9 19 12 3
27 7 13 7 22
13 14 17 19 8
20 20 16 14 18
8 9 23 17 9
21 15 7 10 10
10 13 23 6 16
21 8 20 25 24
15 9 11 19 23
14 22 5 21 17
16 7 14 10 24
9 15 19 19 14
22 23 7 21 4
13 9 18 21 9
8 10 16 20 27
14 17 14 13 13
25 19 8 28 9
7 16 23 22 8
9 21 13 17 20
15 19 12 14 18
11 23 13 20 13
19 8 23 14 5
6 23 9 11 10
5 10 14 17 6
10 13 8 24 27
10 20 5 6 11
16 10 15 16 18
5 24 8 14 20
18 6 11 15 11
24 8 10 12 17
24 22 15 9 12
13 24 22 20 12
8 22 19 9 26
13 7 12 13 12
11 20 23 12 17
15 20 6 20 11
16 5 12 10 15
18 16 22 16 18
23 6 10 18 7
23 11 17 9 13
22 13 17 16 20
20 11 11 12 14
9 16 19 6 10
20 5 10 3 12
7 9 21 7 25
13 24 17 5 14
9 22 24 27 13
13 12 10 6 16
21 4 20 13 4
13 6 12 8 25
22 17 15 16 9
20 10 22 6 18
26 5 10 16 8
7 7 28 14 18
9 27 25 13 11
18 3 13 7 7
7 9 8 12 26
16 13 9 5 9
20 8 14 14 27
6 24 19 16 18
26 17 4 6 26
11 15 16 14 10
16 17 14 8 25
12 10 12 3 15
14 15 17 12 17
7 12 12 10 28
24 7 10 11 7
6 11 11 14 10
8 7 19 9 13
11 12 18 10 18
8 4 4 6 8
14 16 19 9 9
16 11 24 14 18
12 24 9 13 21
7 4 23 14 24
10 12 7 24 13
18 17 13 5 17
7 18 21 10 7
21 23 20 11 16
4 21 18 16 15
7 14 22 23 9
4 5 8 15 14
9 21 18 4 9
21 6 17 11 21
8 15 4 20 15
19 17 24 3 11
18 27 16 14 20
6 18 10 15 22
11 5 18 9 12
12 22 24 17 15
21 16 9 12 7
6 13 5 13 16
13 17 17 17 21
15 15 24 12 18
16 14 13 15 14
10 17 21 21 20
17 4 15 12 13
21 13 12 11 13
13 6 15 13 6
15 8 14 10 4
16 5 7 14 12
8 10 11 10 16
11 27 10 9 17
16 17 13 16 13
17 8 12 11 4
17 23 27 11 6
14 6 22 13 15
16 19 3 24 13
12 19 3 14 12
11 3 10 16 17
12 17 11 24 4
11 13 17 10 14
18 11 7 15 18
8 4 18 28 11
10 22 3 12 8
22 11 8 17 18
14 15 16 6 11
17 12 9 14 11
19 19 3 12 7
20 10 19 3 7
12 10 21 19 11
17 10 12 20 13
4 22 15 14 10
9 14 10 19 17
19 8 12 13 12
26 6 28 26 12
11 7 10 19 12
7 16 20 10 19
9 19 9 20 20
18 19 11 13 10
20 10 25 11 12
12 21 12 5 14
4 14 19 12 11
23 15 14 7 21
9 24 16 12 19
3 5 10 18 18
12 10 23 14 17
14 16 18 15 14
8 8 11 24 21
8 20 21 17 9
15 14 24 6 26
21 15 21 9 15
24 24 6 19 21
16 26 22 10 9
17 17 10 28 22
17 20 19 19 11
20 13 18 11 15
18 16 13 12 10
12 21 16 10 4
22 21 11 13 13
13 5 21 20 11
11 11 13 12 6
27 24 17 18 14
10 5 27 17 7
12 12 20 15 8
5 17 12 22 10
16 11 14 10 20
16 28 18 14 7
9 11 18 22 9
13 14 20 17 13
10 7 7 18 8
25 14 7 7 8
8 20 8 15 9
6 5 12 19 7
11 15 11 12 19
5 6 15 15 10
18 9 26 19 16
12 5 14 22 18
11 13 16 21 14
22 11 11 10 12
10 19 17 5 8
15 15 14 6 14
16 21 14 10 16
11 9 11 4 18
13 11 9 12 7
14 23 23 11 17
9 11 3 16 28
26 3 25 15 7
21 12 12 7 6
21 15 20 5 28
11 21 13 25 14
17 7 12 20 7
16 13 16 23 16
22 13 12 9 17
11 17 17 5 22
25 12 24 18 18
13 11 8 28 20
8 9 7 4 11
6 12 13 23 18
12 3 18 3 15
16 14 11 18 4
15 13 17 10 7
19 22 10 14 12
14 27 19 19 7
17 8 21 17 3
15 8 21 19 13
25 18 18 19 15
6 24 11 27 18
12 15 6 26 12
16 13 13 5 23
21 11 3 22 8
24 13 6 11 22
10 10 20 5 21
24 7 20 9 20
21 14 19 9 9
17 9 18 16 7
5 7 15 9 13
15 23 10 24 15
12 12 14 14 7
6 12 21 13 7
20 9 14 4 6
12 13 4 19 14
9 5 13 7 3
13 16 12 15 10
13 8 8 10 3
7 28 24 14 14
6 19 15 13 7
9 11 8 12 24
6 6 22 16 23
9 9 5 21 18
10 20 17 23 22
27 21 7 15 13
13 8 8 7 23
23 14 6 3 17
18 18 16 10 6
15 20 11 7 11
8 15 23 6 21
7 6 20 3 22
8 6 11 4 14
12 20 24 27 16
16 16 10 13 14
7 8 12 13 25
18 25 17 10 19
13 11 10 6 7
22 9 12 15 20
7 25 7 22 12
25 12 12 8 16
11 16 8 22 9
9 3 5 8 17
11 19 10 28 12
6 10 24 16 3
14 16 17 13 11
11 8 27 9 11
3 3 16 9 5
12 6 9 8 5
6 13 13 28 15
22 8 15 16 10
18 11 11 7 3
16 12 13 12 19
4 14 16 25 10
11 15 9 14 23
15 15 20 8 16
23 25 13 10 11
19 10 7 15 17
4 8 9 6 15
15 11 3 11 9
20 7 5 22 12
25 19 26 28 24
13 7 16 15 13
12 5 6 28 19
14 16 20 5 17
14 27 25 7 19
20 17 15 13 12
12 25 11 14 7
16 18 6 20 9
16 17 13 5 21
21 17 18 12 12
8 24 21 17 24
13 6 18 21 13
13 25 25 25 14
20 14 18 20 21
6 25 13 18 8
10 17 3 7 15
8 9 18 4 18
9 23 7 7 11
6 13 10 17 13
7 12 12 11 6
13 11 12 25 24
19 8 13 12 10
23 21 6 15 27
19 4 5 5 10
13 20 8 22 13
11 8 21 7 15
8 19 20 14 5
13 7 13 27 19
8 27 8 10 11
13 14 23 14 17
20 9 13 3 14
14 14 11 12 10
22 6 18 17 15
18 13 10 8 11
12 17 13 16 7
12 14 10 13 12
18 7 6 11 14
10 13 9 8 15
7 11 9 3 16
18 11 4 14 12
13 25 5 18 9
13 9 9 8 11
22 17 19 10 17
17 6 5 5 17
9 14 27 10 9
14 13 12 8 14
23 13 27 27 7
13 9 17 11 24
8 11 8 9 20
23 22 21 19 20
13 15 20 16 21
4 8 19 15 5
12 24 7 16 4
5 11 11 8 15
27 6 9 24 6
12 8 9 17 12
5 3 8 9 16
15 11 19 3 15
10 6 13 19 21
20 5 6 8 19
24 15 19 10 22
15 9 14 4 6
15 12 5 11 11
15 27 14 19 16
15 26 7 22 9
6 17 22 8 3
22 10 5 19 17
14 16 13 16 8
13 21 8 18 10
13 7 10 27 19
14 12 26 8 11
5 13 13 8 9
6 7 11 21 17
17 4 26 16 14
8 5 19 21 3
13 11 12 20 16
11 3 17 19 15
14 13 14 16 24
5 24 4 28 9
12 9 25 15 10
13 12 15 10 9
15 7 11 23 8
17 4 16 6 15
26 15 15 11 8
5 7 10 14 6
8 9 17 14 12
4 13 8 20 14
18 12 22 8 21
25 18 25 12 14
18 14 17 21 13
15 16 10 8 15
20 20 28 11 9
23 17 19 21 13
9 16 21 11 16
8 21 15 13 6
18 11 12 20 11
28 25 12 16 10
5 6 23 3 16
12 19 11 16 13
8 20 11 16 4
10 4 12 17 14
17 7 26 12 12
17 22 3 14 13
13 17 17 17 10
17 12 20 7 6
25 21 4 14 14
20 20 5 6 7
10 18 10 13 5
15 20 16 3 20
11 17 11 26 24
9 9 13 28 5
16 14 5 21 11
8 20 13 5 17
16 12 13 16 21
15 15 10 13 18
11 20 7 5 11
19 9 9 10 20
11 11 24 20 19
15 15 8 13 20
20 18 15 7 18
12 13 16 17 23
11 24 21 14 6
13 16 25 15 15
13 6 19 17 11
5 13 9 16 8
15 8 13 19 8
5 19 9 12 26
21 5 22 16 6
5 5 10 6 20
4 14 20 10 19
19 19 12 6 12
15 13 10 15 14
16 6 17 9 16
12 12 20 8 12
19 8 3 10 11
16 7 3 15 8
9 10 10 19 9
11 22 12 8 18
20 6 16 7 5
27 6 24 17 8
20 17 11 13 16
18 12 15 14 15
6 11 21 10 19
9 11 6 5 21
24 8 21 11 4
20 8 20 6 20
16 20 6 16 15
11 8 16 23 10
21 21 18 11 16
21 8 8 7 27
10 14 22 6 15
12 22 16 6 22
17 6 4 14 14
19 9 9 7 13
23 13 17 17 16
16 27 22 19 10
7 4 15 23 12
10 5 11 28 20
22 15 19 14 11
19 11 17 21 15
8 12 8 21 9
20 14 7 19 24
17 24 11 6 21
27 20 7 8 14
16 11 9 15 6
24 14 22 15 22
14 21 7 7 6
12 28 10 20 13
15 14 10 17 9
16 10 25 28 5
20 14 19 4 23
24 5 14 8 16
21 14 22 18 14
13 20 12 11 18
9 11 12 10 27
11 11 17 12 11
13 18 5 8 5
20 16 17 9 13
10 13 7 15 25
10 12 18 13 22
9 11 13 16 11
27 14 4 9 8
9 19 12 17 16
17 6 11 18 21
17 23 7 28 9
6 19 20 27 19
13 3 22 15 12
15 8 10 15 17
13 13 18 14 17
13 27 8 4 19
11 14 19 17 12
17 20 11 11 13
11 12 20 15 23
25 21 14 27 11
18 18 6 23 20
8 7 12 14 12
5 18 13 8 26
6 11 16 10 17
15 19 9 9 21
19 9 3 4 26
6 26 12 13 12
9 17 21 9 23
22 11 24 24 6
25 14 7 10 9
5 16 26 8 19
9 22 5 18 14
14 25 17 18 22
18 27 22 9 17
7 14 11 24 7
11 17 4 11 7
8 14 16 17 17
26 23 18 11 7
16 12 11 15 22
16 5 14 18 15
18 10 5 24 20
25 19 9 6 10
12 7 15 3 17
25 7 15 5 24
13 9 18 11 16
11 19 9 22 12
14 10 19 15 6
16 17 19 17 4
16 17 14 12 12
24 6 16 10 18
18 18 15 16 9
10 4 22 11 11
18 15 18 27 9
15 17 13 15 15
6 4 9 8 16
14 8 24 24 6
20 17 17 17 12
11 19 4 11 14
9 11 17 17 25
19 9 24 7 8
16 8 19 10 9
10 10 9 18 17
6 16 18 20 15
15 22 12 9 12
17 23 11 9 21
20 15 8 13 11
9 17 13 14 14
18 28 15 18 10
20 16 15 8 14
14 15 19 15 20
16 8 19 22 12
5 17 15 12 7
7 5 28 8 16
21 9 11 8 8
14 15 10 17 12
6 10 5 4 8
11 11 10 4 12
19 6 7 11 23
9 12 4 8 17
20 19 10 12 4
28 12 14 16 17
13 24 27 5 14
17 17 17 12 15
6 11 25 15 10
4 22 8 27 26
5 8 8 21 12
9 21 15 9 13
7 10 19 3 12
3 14 11 3 7
5 5 15 6 13
12 8 11 13 19
14 27 15 9 11
18 23 7 17 14
13 5 22 19 4
19 7 16 6 6
6 12 18 16 27
19 9 16 18 22
5 16 15 23 21
13 9 13 19 5
23 13 10 21 9
20 11 16 9 18
25 16 13 10 23
18 24 7 8 10
14 13 9 8 18
21 5 7 18 25
15 20 18 10 18
6 23 12 6 18
9 11 10 4 20
9 11 7 23 17
17 11 15 18 20
3 8 3 20 13
18 6 19 25 9
16 25 8 9 25
10 11 21 23 17
19 3 27 9 18
9 16 13 9 14
13 10 23 15 19
26 5 8 10 15
9 15 18 13 21
5 12 8 22 6
13 19 16 8 20
24 12 19 8 17
18 11 9 19 25
17 13 13 10 5
12 7 13 8 5
4 15 17 9 9
19 9 22 11 20
15 16 24 27 23
20 17 8 10 15
5 6 12 22 13
14 9 12 16 17
11 11 18 8 6
21 12 20 6 24
13 8 6 10 9
21 10 15 16 10
5 8 18 14 18
5 15 20 14 17
17 6 5 20 27
8 10 10 8 28
14 6 20 22 9
4 11 19 22 18
11 14 10 22 8
23 21 12 26 9
9 23 10 9 19
8 19 10 20 12
28 13 5 11 16
19 23 20 16 9
6 8 16 15 28
23 10 26 8 11
14 12 26 19 4
5 10 3 4 11
12 9 14 4 11
19 16 8 15 12
15 17 15 23 18
11 19 19 9 10
11 14 21 11 16
11 9 26 25 16
10 14 13 9 5
5 6 19 20 20
14 28 4 25 17
9 12 18 20 15
19 9 7 19 16
12 19 15 8 7
26 27 15 8 16
18 28 11 15 25
15 21 16 21 16
26 14 16 12 5
6 27 14 27 6
18 11 18 3 10
6 19 23 16 13
4 14 7 9 14
17 12 17 4 9
9 9 15 21 10
14 23 12 22 10
14 23 10 7 17
14 11 7 9 15
20 17 13 20 9
16 9 12 18 13
24 14 18 14 11
22 4 28 3 23
24 9 25 3 4
10 19 3 18 15
4 12 17 6 15
15 6 11 19 16
14 10 16 8 17
20 15 20 20 5
20 12 11 10 15
20 9 22 10 5
9 9 21 20 17
15 11 13 11 19
11 13 13 11 14
23 13 10 17 12
13 4 5 26 18
10 28 10 21 8
17 11 11 13 22
21 14 16 28 28
14 27 23 12 15
11 15 16 15 4
14 20 8 17 19
16 27 7 10 7
20 9 9 10 13
15 15 7 10 7
5 12 28 12 14
27 16 11 3 6
14 15 15 20 14
22 16 23 11 3
18 16 23 8 12
23 18 8 8 18
27 22 8 13 24
9 11 5 18 14
19 3 6 17 5
10 5 16 6 13
12 5 6 23 22
5 4 18 21 9
20 7 10 21 27
9 21 3 7 11
12 16 21 8 11
9 12 10 15 16
14 19 20 10 9
23 12 24 19 11
21 14 7 21 10
26 12 21 14 5
12 20 10 20 16
8 12 5 7 12
13 13 16 5 12
27 11 11 18 18
10 19 13 14 7
6 13 22 4 10
23 18 6 8 7
25 25 15 12 12
16 8 19 15 8
22 16 5 23 16
23 12 9 16 14
11 13 22 14 6
16 8 5 8 12
21 13 14 11 12
7 13 16 4 8
21 20 13 8 17
14 9 11 8 7
7 13 20 17 24
5 9 16 17 18
18 13 8 27 17
15 3 9 3 10
28 12 16 9 11
17 13 26 13 12
13 20 17 11 9
25 17 9 8 21
11 24 16 26 5
22 17 16 25 12
12 9 6 6 15
6 13 23 19 11
5 14 9 20 11
23 14 14 18 5
20 17 11 18 21
6 17 19 15 12
14 3 15 23 4
24 16 13 10 10
5 12 22 27 8
17 19 20 9 16
8 18 7 10 6
24 7 21 20 4
4 17 18 12 15
12 3 20 16 13
20 7 9 11 9
13 14 12 16 12
15 5 13 8 15
12 10 4 25 13
23 9 27 9 9
13 15 4 22 17
19 22 17 11 15
24 22 15 3 18
18 13 25 13 13
12 26 12 3 6
15 18 27 5 9
7 20 17 12 10
17 27 9 22 26
17 13 26 23 12
15 9 8 20 15
4 19 20 16 7
11 12 15 9 14
13 10 18 18 18
17 14 11 27 20
20 23 9 15 13
5 3 13 10 16
26 7 12 10 6
12 5 23 14 13
18 13 7 9 23
21 13 3 18 12
13 20 6 15 10
6 8 8 14 13
22 11 4 9 13
13 8 11 19 13
12 3 24 7 13
12 11 17 7 10
20 19 16 9 18
20 20 11 10 13
15 21 17 8 8
14 22 7 11 13
23 13 16 7 13
22 13 15 9 7
21 19 14 19 15
5 28 15 14 15
6 17 23 7 22
7 25 10 13 11
3 11 17 16 18
5 7 10 12 19
14 10 10 6 14
7 14 11 11 11
13 12 25 28 14
14 19 14 15 13
19 14 15 10 18
10 21 17 19 7
20 14 5 18 20
18 17 7 19 10
6 20 9 9 15
19 19 8 18 14
15 9 9 15 13
12 10 13 6 12
27 11 4 14 16
11 4 10 19 17
15 19 14 18 17
20 13 6 9 17
14 15 7 6 13
18 9 19 11 16
24 24 19 17 3
12 20 27 14 11
4 14 7 13 8
5 9 6 22 27
21 12 13 12 7
15 16 10 21 11
9 22 22 13 17
10 11 17 27 9
6 9 10 21 16
11 14 8 11 13
11 8 12 12 17
12 13 18 12 8
15 23 11 8 9
7 17 9 18 11
8 21 16 27 10
16 22 15 20 14
13 23 25 5 11
5 19 5 11 19
7 18 12 10 3
5 20 24 12 17
18 21 8 28 14
10 10 13 9 14
17 12 10 19 14
15 7 22 20 11
12 19 15 6 14
8 11 23 23 8
8 13 6 19 16
12 7 26 28 7
15 16 13 18 28
7 18 17 15 7
24 15 9 18 23
15 14 16 14 11
17 11 28 10 20
19 16 7 26 5
20 14 6 14 8
13 7 15 7 25
13 5 26 15 8
9 22 5 14 5
18 9 13 14 5
19 25 17 8 16
13 19 10 21 11
9 8 9 20 22
7 16 23 18 12
8 7 5 13 9
9 12 11 20 15
10 9 10 7 15
3 17 4 10 9
19 18 6 14 9
18 20 20 11 26
13 10 11 14 6
14 8 18 6 6
8 25 7 25 15
10 5 10 8 19
7 23 3 8 9
12 14 18 11 4
19 10 8 24 26
14 12 9 15 6
23 10 5 14 15
10 5 22 21 23
11 21 16 7 12
19 7 19 21 8
9 25 9 17 21
12 6 8 14 16
28 15 15 17 13
8 22 10 15 4
16 19 10 28 13
22 12 10 7 17
12 14 23 15 16
10 16 17 18 17
20 17 19 11 16
23 12 12 8 4
6 13 14 22 14
5 21 6 8 24
22 24 4 9 16
6 11 5 24 8
9 12 8 18 10
7 21 20 26 14
28 21 24 23 12
8 13 5 4 11
14 13 15 27 8
25 11 8 6 12
20 11 23 12 10
17 20 15 8 24
23 27 9 11 14
16 19 6 15 5
23 4 5 12 16
11 26 14 10 11
7 20 11 4 7
11 9 8 23 9
23 13 20 6 17
5 9 7 4 19
22 17 22 19 17
12 21 15 9 15
28 18 27 19 8
27 4 16 8 19
6 18 8 15 20
10 10 19 16 28
12 23 23 12 5
11 27 14 20 22
13 14 15 5 15
19 9 15 12 13
8 12 15 10 16
21 14 14 18 9
15 18 13 16 12
19 15 3 11 12
10 9 13 13 27
19 24 15 18 23
14 20 22 26 12
22 12 8 12 14
8 20 11 22 24
9 5 19 13 17
14 25 11 26 20
16 19 14 10 12
21 13 5 17 16
18 19 20 10 22
24 13 8 21 14
18 11 23 7 17
9 14 16 24 10
14 27 16 14 5
16 7 7 10 17
12 5 21 19 11
21 28 6 11 12
5 7 8 11 16
17 28 26 9 18
15 14 12 10 18
11 8 8 9 23
13 9 17 9 15
4 23 22 11 27
18 18 12 23 9
11 21 6 6 18
4 18 16 6 10
11 17 6 28 25
19 12 6 16 6
6 12 12 7 21
11 10 11 19 21
4 13 10 18 15
8 14 13 12 8
19 14 9 25 16
18 11 11 5 16
25 28 9 3 14
16 11 20 8 6
18 14 15 15 13
19 14 25 17 11
8 25 27 19 18
5 20 12 18 8
5 9 15 17 6
13 8 24 20 4
9 11 17 16 6
19 19 15 19 22
9 3 21 7 3
4 6 11 6 16
15 7 10 18 16
3 4 24 24 11
7 5 16 6 13
12 11 22 21 27
13 13 17 16 24
20 20 11 14 9
7 15 6 7 15
12 14 25 8 10
17 8 21 8 14
25 22 5 18 14
6 9 27 9 17
19 18 4 15 22
13 28 9 13 6
18 21 12 15 22
15 14 21 9 17
7 10 5 27 11
10 7 13 15 18
23 8 12 10 3
16 18 14 15 12
8 14 16 9 28
8 9 12 13 10
12 17 9 8 27
15 9 18 27 8
23 8 20 22 28
9 15 9 9 7
7 23 13 18 13
12 5 18 20 6
4 10 4 19 8
20 16 12 23 18
17 6 18 11 22
10 7 6 5 8
14 20 5 11 12
9 9 9 11 18
13 17 22 8 9
14 27 25 19 8
14 5 12 7 21
7 11 12 20 9
7 24 9 10 27
13 20 13 18 14
7 15 22 19 14
5 22 16 15 15
13 13 9 16 13
19 13 19 14 16
15 4 16 6 15
17 19 10 8 14
12 18 16 6 11
9 13 18 9 23
11 15 19 7 12
13 6 7 19 14
21 20 7 15 4
8 8 19 21 11
17 14 8 7 13
15 8 17 15 19
21 16 17 14 23
17 16 15 6 9
16 12 11 18 23
20 25 13 21 4
15 19 8 10 12
16 18 4 16 10
5 15 19 13 12
6 19 13 14 19
13 18 8 17 19
23 16 9 19 14
13 18 17 6 14
8 16 6 5 13
15 19 12 14 12
7 23 4 14 10
13 23 28 10 12
16 7 19 17 5
16 15 19 5 9
13 9 8 11 7
7 5 5 16 4
11 26 28 9 9
17 12 7 11 13
6 11 18 18 8
9 14 14 19 11
19 17 14 19 6
11 26 7 19 24
19 24 6 14 17
21 7 7 13 14
8 21 8 5 9
21 15 20 18 17
12 15 18 14 19
7 14 13 14 11
10 13 6 10 13
15 6 4 14 11
15 8 23 11 20
12 23 6 19 3
22 25 17 13 19
12 15 19 12 11
28 16 20 14 17
16 14 7 5 16
25 20 4 11 26
6 19 14 25 3
20 14 27 5 16
11 12 19 14 5
24 21 21 9 9
4 21 11 28 19
20 18 6 12 22
19 26 13 10 18
6 17 14 16 21
7 27 16 13 3
23 23 7 28 25
19 18 8 28 17
19 9 24 12 11
11 17 12 14 13
9 23 13 18 25
8 11 5 24 27
19 20 21 10 5
18 8 23 13 19
12 12 10 9 20
17 13 18 14 9
28 27 22 11 12
16 4 7 14 15
20 4 7 13 18
27 25 19 16 28
5 12 27 5 28
13 27 15 6 14
15 7 17 19 4
18 17 11 13 16
8 15 7 18 11
5 11 9 3 4
20 17 7 13 20
9 5 23 12 23
12 5 16 14 8
19 16 13 13 14
12 4 11 12 7
8 18 15 24 10
22 4 6 8 23
20 12 7 9 19
6 10 19 13 15
6 12 14 21 18
3 17 6 18 15
24 7 18 7 16
12 24 11 6 6
9 13 15 15 10
18 19 12 10 12
18 9 11 5 11
5 6 14 15 25
7 16 14 17 21
9 14 15 12 6
27 8 4 15 8
15 7 14 11 12
14 4 25 28 7
17 19 14 16 13
20 26 16 7 18
18 11 19 13 11
12 9 10 13 16
8 6 19 18 8
14 15 16 9 21
15 28 9 18 20
16 22 22 6 18
9 10 14 9 10
7 13 9 13 8
8 16 3 25 23
13 10 5 18 5
22 23 18 23 10
5 23 11 8 4
15 12 10 15 9
19 5 19 16 28
21 28 18 23 15
7 17 17 9 12
24 23 16 13 8
12 17 8 19 12
10 8 10 11 9
6 11 7 10 27
14 14 4 10 5
8 20 13 13 12
14 18 6 11 21
11 24 15 14 15
15 8 18 6 13
25 9 6 26 6
23 19 10 11 8
13 20 5 4 14
14 15 12 10 16
24 16 17 15 8
11 7 13 11 12
17 16 14 25 12
4 8 6 7 22
12 23 12 9 22
9 28 19 18 8
11 23 8 17 10
18 21 17 23 9
9 10 10 25 14
10 13 16 12 6
27 10 12 13 6
22 13 17 6 10
14 14 15 20 19
13 23 8 7 14
13 24 16 7 18
13 16 22 10 12
6 15 17 13 22
16 25 7 3 13
12 16 19 5 19
14 14 9 17 17
19 3 14 14 22
17 8 3 14 12
15 9 12 15 26
20 21 19 19 7
8 10 20 13 14
10 14 18 5 3
6 9 17 18 9
11 7 16 7 10
7 8 6 14 16
21 19 14 14 14
20 16 7 19 28
11 19 20 4 8
18 16 13 15 14
7 16 14 20 6
18 21 17 20 16
8 11 8 14 13
10 14 9 5 14
17 11 9 10 13
8 21 26 15 11
16 5 5 19 25
3 20 8 7 5
11 11 19 13 9
19 10 7 11 14
8 15 17 5 25
20 10 8 16 17
17 8 14 14 4
15 17 26 25 7
19 10 15 23 13
6 15 8 16 11
11 17 16 13 13
14 5 11 22 5
