7 2 15 1000
785
948 2003
957 1960
902 1735
884 1976
1027 1932
931 1766
970 1759
33 37
38 36
26 49
42 39
38 44
44 34
47 31
17 9
33 37
38 36
26 33
42 34
38 44
37 34
39 31
32 33
38 36
26 44
27 39
38 26
41 34
34 31
33 37
38 36
26 39
42 39
38 39
36 34
41 31
33 37
38 36
26 49
41 36
38 44
35 34
36 31
33 37
38 36
26 39
32 39
38 36
31 34
35 31
33 35
38 36
26 49
32 39
36 44
44 34
43 31
33 33
36 36
26 45
42 39
38 32
44 34
47 31
33 37
38 36
26 35
42 33
38 31
44 34
41 31
33 37
33 36
26 39
39 39
38 44
44 34
37 29
33 37
38 34
26 36
39 39
35 44
44 34
47 31
33 37
26 32
26 39
35 39
29 36
39 34
47 31
33 37
38 36
26 49
42 35
31 44
44 34
46 31
33 37
38 36
26 49
42 30
38 43
34 34
47 31
33 32
38 36
26 38
33 39
38 33
44 34
47 31
33 37
34 36
26 35
42 33
38 43
44 34
35 31
33 37
32 36
26 49
38 39
37 44
33 34
32 31
33 37
38 28
26 49
29 39
25 35
39 34
47 31
33 37
38 36
26 35
42 39
36 42
42 34
34 31
33 37
38 36
26 39
42 28
31 44
43 33
47 29
33 37
38 36
26 49
42 39
38 33
25 27
41 31
33 37
33 28
26 49
35 35
38 44
44 33
47 31
32 37
38 36
26 34
42 39
38 44
40 34
47 31
33 37
30 36
26 38
42 30
35 44
44 34
33 31
33 36
38 36
26 49
39 39
38 34
43 34
47 31
32 37
38 25
26 49
36 27
38 30
44 34
34 31
33 37
38 36
26 28
42 34
38 30
32 34
25 31
33 37
36 36
26 41
41 39
30 44
44 34
44 31
27 32
38 36
26 44
35 39
31 38
44 34
33 27
33 37
38 36
26 40
33 39
28 44
44 34
45 31
33 37
38 36
26 41
42 39
35 44
43 34
47 31
33 34
29 36
26 41
27 32
38 44
44 32
37 31
33 37
38 36
26 48
42 39
38 26
39 31
47 31
33 37
38 36
26 43
42 34
34 38
44 34
44 31
33 37
38 36
26 46
42 39
29 30
30 34
39 31
33 37
38 36
26 49
33 30
35 41
44 34
47 31
33 37
38 36
26 49
42 39
38 37
44 34
47 31
33 34
38 36
26 35
31 39
38 44
40 34
47 31
33 28
38 36
26 49
42 39
31 37
44 34
38 31
31 37
33 36
26 49
30 39
38 44
38 31
47 31
33 31
36 36
26 45
42 37
38 37
34 27
47 31
33 32
38 36
26 49
32 31
38 42
35 34
40 31
33 37
38 36
26 25
42 31
29 44
44 34
40 28
33 37
38 32
26 41
42 39
38 44
44 34
31 31
33 29
25 36
26 49
42 39
38 40
37 34
43 31
33 37
38 36
26 42
42 39
36 35
44 34
30 31
33 37
36 36
25 28
40 39
38 44
25 34
43 31
33 37
28 36
26 49
39 39
38 44
44 34
37 31
33 37
38 36
26 49
42 39
38 44
25 34
35 31
33 37
38 36
26 49
26 39
38 44
30 34
47 31
33 37
38 36
26 49
29 39
38 44
42 34
47 31
33 33
38 32
26 49
42 39
25 44
44 33
47 31
27 37
33 36
26 42
42 39
34 42
30 34
37 31
33 37
35 36
26 48
42 39
38 41
36 34
31 31
33 30
38 36
26 49
42 36
37 44
44 34
43 31
33 37
34 32
26 30
42 31
38 39
39 34
36 31
32 37
38 35
26 49
32 39
29 34
44 34
46 31
33 37
33 36
26 39
42 39
38 44
44 34
37 31
31 37
38 36
26 33
31 39
38 44
25 34
42 31
33 33
38 36
26 39
42 29
38 44
44 34
47 31
33 36
38 33
26 49
34 27
38 30
44 34
32 31
33 30
38 36
26 37
42 39
38 30
44 27
47 31
33 37
33 33
26 49
42 39
29 44
29 34
40 31
25 37
38 36
26 42
42 31
25 44
44 34
45 31
25 37
38 36
26 49
36 39
38 42
35 32
35 29
33 37
37 36
26 49
42 39
38 39
34 34
28 31
33 37
38 36
26 49
36 32
36 44
44 34
47 31
31 37
38 36
26 29
42 39
38 44
36 34
47 31
33 35
38 25
26 49
42 39
38 43
29 34
47 27
33 37
32 36
26 49
41 39
29 44
44 34
42 31
33 37
38 36
26 49
31 39
28 29
44 34
47 31
30 35
38 36
26 36
28 39
38 35
44 34
30 31
33 37
38 35
26 35
35 39
38 31
44 34
47 31
33 30
38 36
26 49
37 31
38 44
44 34
46 31
33 37
38 36
26 30
42 38
38 29
41 34
25 31
33 37
27 36
26 36
31 37
30 44
40 34
47 27
33 37
38 32
26 42
41 39
38 30
44 34
41 27
33 37
28 36
26 39
42 32
32 44
44 25
47 31
33 37
38 36
26 31
42 39
34 30
28 34
47 31
33 37
32 36
26 49
33 39
38 25
34 30
27 31
33 37
38 36
26 34
42 39
33 43
43 34
47 28
33 37
38 36
26 31
42 39
31 44
32 34
47 31
33 37
34 36
26 31
39 39
38 44
43 34
47 31
33 31
34 36
26 49
42 35
38 44
44 34
47 31
33 37
37 36
26 40
42 37
38 44
40 34
47 31
33 37
36 31
26 46
42 39
38 44
26 34
46 31
33 37
38 36
26 36
42 30
38 44
35 34
27 31
33 26
38 36
26 38
32 32
38 41
29 30
47 31
33 37
38 30
26 49
42 35
34 44
44 26
39 31
32 37
38 36
26 36
42 32
34 37
44 34
36 31
33 37
38 36
26 46
35 35
38 40
44 34
35 31
33 33
31 36
26 45
39 33
38 44
44 34
47 31
33 37
38 36
26 49
40 39
38 39
37 34
36 31
33 35
38 29
26 32
42 39
38 44
44 34
38 31
33 37
28 36
26 39
42 39
38 40
32 34
47 28
33 37
38 36
26 49
42 37
28 33
44 34
46 31
33 37
38 36
26 33
42 32
30 44
44 34
42 31
33 27
27 36
26 49
42 32
38 30
29 34
47 31
33 33
38 36
26 49
42 39
36 44
26 32
30 31
33 37
38 36
26 49
42 39
38 33
37 34
26 31
33 34
38 28
26 44
39 38
38 29
44 34
27 31
33 37
38 33
26 49
40 33
38 36
36 34
47 31
33 37
38 36
26 45
42 39
38 28
41 34
47 31
33 31
38 36
26 48
42 38
38 44
40 34
25 31
33 37
34 36
26 45
25 35
38 44
44 34
47 29
33 37
38 36
26 28
29 30
29 38
31 34
47 31
33 37
38 33
26 33
33 39
38 34
44 27
40 29
33 37
38 30
26 49
31 38
38 30
44 34
33 27
33 37
26 36
26 49
42 29
38 29
44 34
47 31
33 37
38 36
26 40
42 29
38 44
44 34
35 31
33 37
29 36
26 47
42 39
38 44
44 34
39 29
33 26
38 36
26 35
41 39
35 44
32 34
32 27
33 37
38 36
26 46
42 34
38 33
44 32
47 31
33 33
38 36
26 36
42 33
31 44
33 31
44 31
31 37
38 36
26 49
42 39
37 44
37 34
37 30
33 30
36 36
26 49
42 25
38 44
35 26
30 31
33 37
38 36
26 26
42 39
38 33
44 34
47 31
33 37
38 36
26 38
31 39
38 44
44 34
47 31
33 37
38 36
26 25
42 39
38 44
25 34
32 25
30 37
38 36
26 36
42 39
31 44
39 34
33 31
33 37
38 36
26 32
30 27
38 35
40 34
47 31
33 37
38 36
26 40
42 39
38 44
44 34
39 31
33 37
38 33
26 49
41 25
36 39
31 34
34 31
33 37
38 35
26 45
32 39
38 37
43 34
33 31
33 37
38 36
26 46
38 39
38 31
29 34
30 31
33 37
38 36
26 49
41 39
38 40
34 26
47 31
33 37
38 36
26 49
42 39
38 44
44 34
47 31
33 33
38 36
26 44
42 34
38 32
44 34
40 31
33 37
38 36
26 48
30 39
38 44
25 34
29 31
33 37
38 36
26 40
35 39
38 32
34 34
47 31
33 33
38 36
26 48
42 38
38 33
42 34
33 31
33 37
36 36
26 28
33 39
28 35
44 33
47 31
33 37
37 36
26 32
42 32
34 33
44 34
45 27
33 36
32 36
26 49
30 39
38 37
44 29
40 31
33 37
38 30
26 49
25 39
38 32
36 34
44 29
32 37
38 36
26 25
42 39
29 44
44 34
47 30
33 37
38 36
25 49
42 39
38 44
31 34
30 31
33 37
38 35
26 42
31 39
38 42
26 34
47 31
33 30
38 35
26 43
42 38
28 44
44 34
34 31
33 37
26 36
26 49
27 31
38 43
44 34
47 31
33 37
38 36
26 49
42 36
37 32
29 34
31 31
33 37
38 31
26 49
42 30
38 43
37 34
31 31
32 37
38 33
26 39
37 39
38 35
44 34
47 31
33 37
37 36
26 34
42 27
38 29
31 34
46 31
33 32
31 36
26 49
36 37
38 28
39 34
47 31
33 37
38 36
26 28
30 32
34 31
29 34
26 31
30 37
38 36
26 32
42 32
27 36
44 34
47 31
33 37
35 36
26 34
42 39
38 31
43 33
25 31
33 37
38 36
26 49
42 38
35 30
44 34
47 31
30 37
38 36
26 49
33 39
36 44
44 34
35 31
33 37
38 36
26 43
42 39
38 33
41 34
45 31
33 37
27 36
26 28
42 39
36 42
44 33
28 31
33 35
38 32
26 34
41 30
30 44
43 34
47 31
33 37
35 28
26 49
42 39
38 44
29 29
43 31
33 33
38 36
26 49
37 39
35 28
44 34
40 31
33 33
37 36
26 29
35 39
38 44
37 34
47 31
33 37
31 36
26 27
42 39
38 40
41 34
30 31
33 37
38 36
26 43
42 39
38 34
33 34
29 31
27 37
38 36
26 49
33 39
38 40
38 34
47 31
33 26
34 36
26 44
42 25
38 44
44 34
47 31
33 37
38 36
26 45
31 39
38 44
37 31
42 30
30 37
38 36
26 38
42 38
35 37
39 34
34 31
33 37
38 36
26 40
42 33
38 39
44 26
46 31
33 37
38 36
26 48
42 39
34 36
44 34
41 30
25 37
38 36
26 49
41 39
28 44
44 33
47 31
33 29
38 36
26 49
42 39
35 43
33 34
47 31
33 37
38 33
26 41
42 30
30 37
44 34
47 31
33 37
32 36
26 39
29 39
25 31
35 34
40 31
33 37
38 36
26 49
36 39
38 44
44 34
27 31
33 37
38 36
26 49
42 30
28 44
44 34
35 31
33 37
38 33
26 49
42 29
38 28
44 34
34 31
33 37
38 36
26 38
26 39
38 30
35 33
44 30
33 30
38 36
26 40
42 39
38 26
32 34
26 31
33 37
29 33
26 49
26 39
31 44
44 26
39 31
33 37
38 36
26 49
37 39
38 27
44 34
33 31
33 37
38 36
26 49
42 39
38 28
44 28
40 27
33 37
37 36
26 41
29 31
38 44
35 34
26 31
33 29
38 36
26 49
42 35
38 30
44 34
25 31
33 37
38 36
26 32
38 39
38 38
44 34
44 30
33 37
38 36
26 49
42 39
38 44
36 32
47 31
33 37
38 36
26 41
39 39
38 44
44 34
47 31
33 37
38 36
26 48
41 35
27 44
40 34
33 31
33 33
38 36
26 38
35 39
37 36
44 34
43 31
29 37
38 36
26 44
42 39
38 44
28 33
41 31
33 37
38 36
26 37
42 39
35 44
35 34
47 31
33 25
38 34
26 37
42 39
34 44
42 34
33 31
27 27
38 36
26 49
39 32
29 44
35 34
30 31
33 37
38 36
26 45
42 39
38 44
44 34
39 31
33 37
38 31
26 49
42 39
38 44
32 34
47 31
33 32
38 28
26 36
42 39
30 44
44 34
47 31
33 29
38 36
26 27
40 38
38 40
40 34
40 31
33 37
38 36
26 49
39 33
26 38
44 34
44 31
33 37
35 34
26 40
26 39
38 44
44 34
30 31
33 37
38 36
26 49
42 39
38 39
44 34
47 31
33 37
38 36
26 35
42 39
38 30
26 34
29 31
33 30
38 36
26 26
42 39
38 27
30 34
33 31
28 37
38 36
26 42
42 39
38 39
39 34
47 31
33 37
38 36
26 29
33 39
31 40
34 34
47 31
29 37
38 36
26 49
42 39
38 30
44 33
38 31
33 37
38 36
26 49
42 39
27 44
44 34
47 31
31 37
38 36
26 49
42 39
38 44
44 34
47 31
33 37
37 36
26 43
42 35
38 44
44 34
47 25
33 37
29 36
26 49
40 27
38 44
44 34
44 31
33 37
38 36
26 41
42 39
38 33
44 31
40 31
33 37
38 36
26 49
26 36
38 32
44 34
47 31
33 37
36 36
26 49
34 28
38 44
30 32
47 31
33 37
25 36
26 43
42 30
32 44
44 31
44 31
33 37
28 36
26 49
28 35
36 38
44 26
46 31
33 37
38 36
26 49
35 39
35 44
44 27
47 31
28 28
38 35
26 49
39 34
38 32
44 34
36 31
33 37
27 36
26 28
32 39
38 37
44 34
47 30
33 25
38 36
26 36
25 39
25 35
37 31
45 31
33 37
38 36
26 41
42 39
34 44
31 34
44 31
33 37
35 36
26 28
42 39
38 43
44 34
47 31
33 37
38 36
26 36
42 39
38 40
44 34
42 27
29 37
38 36
26 49
42 34
38 42
36 34
31 31
33 37
38 36
26 41
37 39
37 44
44 34
40 31
33 37
31 33
26 49
42 39
38 40
26 34
47 31
33 32
38 36
26 29
42 39
38 44
42 34
27 31
33 37
38 36
26 44
41 39
38 41
42 34
35 31
33 37
38 28
26 49
42 36
38 38
44 34
32 30
33 37
38 36
26 32
42 39
28 32
44 34
31 31
33 37
36 36
26 32
42 28
38 42
35 34
31 31
33 37
38 36
26 49
40 37
38 44
44 34
47 31
33 37
36 36
26 26
42 39
38 44
32 34
47 31
33 37
33 36
26 49
42 39
38 44
33 34
47 26
33 31
29 36
26 49
34 39
29 44
44 34
47 31
33 37
38 36
26 46
34 35
36 35
44 34
38 31
33 34
38 36
26 49
42 39
38 38
44 34
33 31
33 37
27 35
26 49
41 39
38 40
44 34
38 31
33 37
38 36
26 32
42 39
38 44
39 32
30 31
29 37
38 26
26 49
32 38
34 44
42 25
43 25
33 37
38 25
26 38
38 39
38 44
44 34
36 31
27 37
32 29
26 43
42 39
38 44
40 34
47 31
33 37
38 36
26 46
32 39
38 31
43 34
35 31
33 37
38 36
26 48
38 39
34 44
44 34
47 31
33 37
38 36
26 45
25 39
38 43
44 34
47 31
33 37
38 36
26 39
39 39
38 29
33 30
47 31
33 34
38 36
26 42
33 39
38 44
44 34
47 27
33 29
38 36
26 44
42 39
38 36
39 34
31 28
33 28
34 36
26 44
42 39
38 34
44 31
35 28
33 37
38 36
26 42
40 39
38 37
44 34
42 31
29 37
38 36
26 49
31 39
32 39
42 34
47 31
33 26
38 27
26 49
41 33
38 42
44 25
33 31
33 37
38 36
26 33
42 39
38 44
29 34
47 31
33 37
38 36
26 41
38 39
33 44
29 34
35 31
33 37
36 35
26 46
42 39
32 28
44 34
39 31
33 37
38 36
26 41
42 28
38 44
44 34
26 31
33 37
30 36
26 49
34 39
38 44
40 34
45 31
33 37
33 36
26 49
40 39
33 44
38 31
37 31
33 37
38 36
26 34
28 31
32 31
29 34
36 31
30 37
38 36
26 48
38 39
38 44
44 29
47 31
33 36
38 36
26 37
42 33
36 39
27 34
47 31
33 37
38 36
26 27
34 38
34 44
44 34
42 30
29 36
34 36
26 49
42 39
38 30
42 34
39 31
33 37
38 36
26 38
33 39
38 44
31 33
30 31
33 37
38 36
26 42
42 39
38 44
39 33
25 31
33 37
34 36
25 25
40 36
38 41
44 34
36 31
33 31
38 36
26 38
42 39
31 44
44 28
47 31
33 37
29 36
26 43
42 39
32 44
44 34
37 31
33 37
38 34
26 38
25 39
37 34
40 34
30 31
33 26
38 36
26 33
34 39
38 44
26 34
47 31
33 37
38 36
26 35
36 26
33 44
32 34
38 31
25 35
38 36
26 36
42 30
38 41
25 34
42 31
33 37
38 36
26 31
29 39
38 44
43 34
30 31
33 30
35 31
26 32
25 36
36 40
37 34
47 29
33 25
32 36
26 37
42 39
38 44
35 34
47 31
28 37
38 36
26 43
38 39
37 44
44 34
45 31
33 37
34 32
26 31
42 37
38 44
44 34
44 31
32 37
37 36
26 49
37 37
38 44
34 34
47 31
33 37
35 36
26 32
35 34
38 43
44 34
47 31
30 37
38 36
26 49
41 39
38 44
44 34
47 31
33 37
38 36
26 38
42 39
38 40
44 34
47 31
33 36
32 29
26 49
27 34
38 44
32 34
43 31
26 37
38 36
26 49
36 35
33 44
44 34
47 31
31 27
38 25
26 49
42 39
38 39
43 34
35 31
33 31
34 32
26 35
42 39
35 39
30 34
34 31
33 35
38 36
26 44
37 39
38 40
40 34
37 31
33 37
26 36
26 47
33 32
38 40
44 34
47 31
33 25
32 36
26 49
42 39
38 44
44 34
30 31
33 29
29 36
26 37
33 39
38 44
36 34
47 31
33 37
25 36
26 29
40 39
38 44
44 34
47 31
33 37
38 36
26 27
29 35
38 44
35 34
47 31
33 31
38 36
26 49
42 33
38 44
30 34
47 28
33 37
38 36
26 49
26 32
31 32
39 34
34 27
31 37
38 36
26 39
40 39
38 44
44 34
47 31
27 37
38 36
26 43
40 39
38 44
44 34
47 31
33 35
38 36
26 46
42 39
36 30
44 34
38 31
28 37
38 36
26 29
42 39
38 44
44 34
38 31
33 30
27 25
26 47
30 39
38 37
37 34
35 29
33 37
33 36
26 31
42 29
35 44
44 25
47 31
33 37
38 36
26 35
35 32
26 33
44 34
37 31
25 37
38 36
26 49
42 39
38 25
44 34
40 31
33 37
25 36
26 49
28 39
38 44
39 34
26 30
33 37
25 34
26 46
40 39
38 44
32 34
47 31
29 37
28 28
26 49
36 36
26 42
44 34
47 31
33 37
29 36
26 35
26 36
38 44
42 31
37 31
33 37
38 36
26 44
42 39
38 44
44 34
40 31
33 34
27 36
26 37
42 31
30 44
44 34
47 31
33 34
38 28
26 30
42 39
31 44
44 34
38 28
33 35
25 36
26 49
42 39
38 44
44 34
43 31
33 34
26 36
26 46
42 31
36 44
33 34
38 31
33 29
38 36
26 49
36 39
30 37
41 33
36 31
33 31
38 36
26 36
35 38
38 38
44 34
25 31
32 37
38 36
26 49
42 39
38 44
44 31
28 31
33 37
38 33
26 33
42 39
38 37
44 34
47 31
33 37
38 28
26 42
42 39
38 44
27 34
42 31
33 26
37 36
26 39
42 29
36 44
39 34
47 31
33 37
38 36
26 34
29 39
31 44
44 34
47 31
33 32
38 36
26 37
39 38
38 44
44 31
47 31
27 37
38 36
26 49
31 35
32 44
44 34
25 31
33 37
33 36
26 49
37 37
33 44
31 34
26 31
33 37
38 34
26 49
36 39
29 44
44 34
29 31
33 37
26 30
26 40
32 31
38 28
29 34
47 31
33 37
38 34
26 49
33 39
35 44
39 34
46 31
33 37
36 36
26 42
37 36
38 44
37 34
32 31
33 32
38 36
26 30
42 39
38 44
44 34
34 31
33 37
38 36
26 43
42 34
38 44
33 27
40 31
33 37
37 36
26 40
42 39
38 30
37 34
43 31
33 37
38 34
26 49
33 27
38 44
44 34
27 31
33 35
34 36
26 28
42 31
34 30
44 32
28 31
27 35
34 36
26 49
37 37
38 44
43 34
34 31
33 34
38 33
26 38
37 39
38 44
44 33
34 31
33 34
38 36
26 49
42 39
35 44
44 28
47 31
33 32
38 36
26 28
36 39
37 44
33 34
47 31
33 37
31 36
26 29
42 39
38 44
38 34
42 31
33 37
37 36
26 49
42 39
38 44
33 34
47 31
33 37
37 32
26 42
39 39
38 43
44 34
45 31
33 37
38 36
26 49
42 39
38 25
44 34
40 31
33 37
33 36
26 43
38 32
38 44
44 34
39 31
27 37
38 36
26 40
27 39
38 44
27 34
29 31
33 37
36 36
26 43
42 39
33 41
44 34
34 31
33 37
38 36
26 32
42 30
38 37
44 34
47 31
33 37
28 36
25 49
42 39
38 42
27 34
31 31
33 37
32 36
26 43
41 27
29 44
37 34
35 31
33 30
38 36
26 37
42 39
38 40
33 34
44 31
33 37
38 36
26 28
42 33
30 44
44 34
41 31
31 37
37 36
26 49
42 39
36 40
44 34
34 31
33 26
38 35
26 49
37 39
38 44
42 34
47 29
33 37
38 36
26 30
42 39
30 44
41 34
47 31
33 37
38 36
26 31
42 32
38 39
44 32
30 31
27 37
38 29
26 37
34 39
30 44
36 32
47 31
33 37
38 34
26 49
42 39
38 32
44 34
33 31
33 37
38 35
26 49
42 32
34 40
44 34
35 31
33 25
38 36
26 25
42 39
33 39
44 34
46 31
29 37
33 36
26 48
29 39
38 38
44 34
47 31
33 37
38 36
26 29
42 28
38 44
39 34
47 31
33 35
38 32
26 31
42 27
38 33
38 34
47 31
33 37
38 31
26 49
42 39
38 44
34 34
30 31
33 29
38 35
26 27
36 39
38 31
33 33
27 31
32 25
38 36
26 29
42 39
30 44
38 34
30 31
28 37
38 36
26 49
30 39
38 44
44 29
26 31
33 37
38 32
26 34
33 34
38 44
44 31
45 31
33 37
38 35
26 36
42 39
32 44
40 32
41 31
33 37
38 36
26 34
42 39
38 30
34 34
39 31
33 33
38 36
25 49
42 39
38 40
36 34
36 31
33 37
35 36
26 49
29 39
37 44
44 34
44 30
27 37
34 36
26 29
40 39
28 44
44 34
37 31
33 37
38 36
26 33
42 39
38 42
44 34
46 31
33 27
37 36
26 36
42 27
38 38
31 34
47 31
33 37
38 36
26 42
42 39
27 31
35 34
47 31
33 37
38 36
26 49
42 35
38 41
44 34
32 31
33 30
38 36
26 39
37 39
38 31
38 34
35 31
27 37
38 34
26 49
42 39
38 44
44 34
26 31
33 37
38 26
26 45
42 25
34 44
44 31
46 31
33 37
38 36
26 49
42 34
38 30
37 34
34 31
33 37
38 36
26 30
42 39
38 36
44 34
29 31
33 37
30 36
26 42
35 39
28 44
36 34
47 31
33 37
38 31
26 49
39 39
38 42
44 29
47 31
33 37
38 31
26 39
42 39
38 44
44 34
47 31
33 29
38 27
26 38
42 31
38 28
44 34
47 31
33 37
38 36
26 38
42 39
30 39
44 34
47 31
33 37
28 36
26 49
42 39
37 28
44 34
47 31
33 37
38 36
26 36
42 28
38 44
44 34
47 31
33 37
38 36
26 42
42 39
38 44
40 34
38 31
31 31
38 35
26 32
40 32
38 44
36 34
40 31
33 37
38 36
26 31
38 39
38 39
44 34
26 31
30 37
38 36
26 37
42 38
38 28
38 34
47 31
32 33
38 36
26 35
42 39
33 30
42 34
39 25
33 37
38 36
26 49
31 39
38 40
34 34
47 31
33 33
38 36
26 45
32 39
38 44
43 34
45 31
28 32
37 36
26 39
33 35
38 44
41 33
41 31
33 37
37 36
26 49
40 39
38 30
44 34
47 31
33 26
38 36
26 49
42 26
38 44
32 33
38 31
33 37
32 34
26 34
42 31
38 31
44 34
38 31
33 37
26 36
26 26
30 39
27 44
36 34
47 31
33 37
34 36
26 25
42 28
36 42
29 32
35 31
33 37
35 30
26 44
42 39
30 39
44 34
40 31
33 37
38 36
25 34
42 37
38 44
44 34
28 31
31 37
38 36
26 35
42 39
38 35
38 34
37 31
33 37
38 25
26 49
42 39
38 44
35 27
39 31
33 37
38 36
26 49
42 39
38 44
44 34
32 31
33 37
38 36
26 45
39 31
38 41
43 34
32 31
33 37
26 36
26 42
42 37
38 44
38 34
47 31
33 37
38 33
26 44
42 39
38 44
44 32
41 31
33 37
38 36
26 39
42 38
38 37
44 34
38 31
33 37
38 29
26 49
33 39
35 34
32 34
26 31
33 37
38 36
26 49
42 39
38 25
44 34
47 31
33 33
38 36
26 34
42 38
38 44
34 32
47 31
33 34
30 36
26 45
31 35
30 44
42 34
45 31
33 37
38 36
26 49
42 39
38 35
41 34
33 30
31 37
38 33
26 32
42 31
26 33
34 34
30 31
33 37
38 25
26 47
42 39
38 44
44 34
47 31
33 25
38 29
26 34
42 39
38 44
44 34
47 27
33 37
29 36
26 42
35 39
38 44
28 34
37 31
33 34
38 36
26 49
30 39
38 25
44 34
47 30
29 37
38 36
26 49
41 39
32 42
42 34
47 31
33 30
38 36
26 49
42 35
38 39
27 34
39 31
33 37
38 28
26 36
42 39
38 44
25 34
47 31
33 37
38 36
26 38
41 39
38 44
36 31
47 26
33 37
38 36
26 49
41 39
38 44
44 34
41 31
33 37
38 36
26 29
42 39
38 38
40 34
46 31
33 37
33 33
26 49
42 39
38 44
44 34
46 31
31 30
33 36
26 36
38 39
38 40
39 28
47 26
32 29
38 33
26 49
42 28
38 44
44 34
47 31
33 37
35 28
26 42
34 28
38 26
44 34
47 31
31 37
38 36
26 41
42 39
28 44
44 34
47 31
33 32
35 36
26 42
42 39
31 44
40 34
29 31
33 37
29 29
26 44
35 39
38 44
34 34
43 31
33 37
38 36
26 40
42 39
38 36
43 34
46 31
33 37
38 36
26 49
42 39
34 40
44 34
43 31
33 29
36 36
26 43
33 39
38 33
41 29
40 31
29 37
38 36
26 29
42 26
32 44
33 30
47 31
33 37
38 36
26 49
37 39
37 43
41 34
38 31
33 37
38 36
26 35
42 39
38 44
44 34
47 31
33 37
33 36
26 42
35 39
38 44
34 34
47 31
33 37
38 36
26 49
42 32
38 28
43 34
47 31
30 37
38 35
26 49
42 39
38 41
44 34
47 28
33 37
32 36
26 33
28 39
38 43
38 34
31 31
33 37
38 36
26 41
40 33
27 29
44 34
38 31
33 35
37 36
26 46
39 39
38 44
36 34
47 31
33 37
27 36
26 49
27 39
38 44
44 34
34 31
26 37
34 36
26 41
42 34
28 44
44 34
47 31
33 33
38 36
26 30
31 39
38 30
44 34
45 31
33 37
37 36
26 38
29 39
38 44
44 34
41 31
32 37
29 36
26 46
42 39
38 36
44 31
37 31
33 37
38 36
26 39
42 39
36 37
43 34
43 31
29 37
26 36
26 49
26 35
38 44
37 34
35 31
33 37
38 36
26 41
30 39
35 37
44 28
47 28
33 37
32 36
26 43
42 32
38 26
44 34
47 28
33 37
38 36
26 49
29 39
38 44
37 27
28 31
33 37
38 29
26 41
42 39
38 30
44 34
29 31
33 37
38 35
26 43
42 33
38 44
38 34
47 31
33 35
38 36
26 32
37 39
38 44
31 34
47 31
31 27
38 36
26 49
42 39
38 27
44 34
35 26
33 37
29 36
26 49
36 39
32 44
44 29
43 31
33 37
38 30
26 38
42 39
37 37
44 34
47 31
33 37
38 36
26 49
42 39
38 37
41 34
47 31
33 37
38 36
26 42
42 39
38 38
44 34
47 31
33 34
38 36
26 34
42 31
38 44
25 34
41 31
33 37
38 29
26 26
41 39
38 36
38 34
47 31
33 37
30 26
26 41
42 39
38 35
44 34
45 31
33 37
38 36
26 42
42 39
38 44
37 34
39 31
33 37
38 36
26 38
39 39
38 44
34 34
47 31
33 34
38 36
26 47
42 39
35 38
38 34
47 31
33 37
38 33
26 49
42 30
38 39
43 34
46 31
33 27
38 36
26 49
42 39
38 31
27 34
47 31
33 37
38 36
26 49
42 31
38 44
28 34
34 31
33 37
38 36
25 49
42 39
38 44
44 34
33 31
33 29
38 36
26 49
28 39
25 44
44 34
28 31
33 37
38 34
26 49
29 31
37 44
32 34
40 31
33 37
38 36
26 41
42 39
38 44
44 34
38 31
33 37
37 36
26 31
37 39
32 44
43 34
25 31
33 37
32 36
26 44
42 39
38 44
44 34
35 31
33 26
38 36
26 25
38 38
38 38
44 34
47 31
33 37
30 36
26 46
31 39
35 40
33 34
47 31
32 37
38 30
26 49
38 34
38 43
36 34
36 31
33 36
38 36
26 34
42 36
38 44
39 34
47 31
33 31
34 36
26 37
42 31
38 38
31 34
34 31
33 37
38 36
26 38
37 36
26 44
31 34
37 27
31 37
36 30
26 30
42 35
38 26
44 34
47 31
33 37
38 36
26 41
42 30
38 44
44 33
40 31
33 37
37 36
26 49
42 32
38 43
43 34
39 31
33 37
38 36
26 44
42 33
38 34
44 34
39 31
33 37
38 36
26 49
36 39
30 34
36 28
47 31
33 37
38 32
26 42
42 39
30 41
33 34
45 31
33 37
37 36
26 49
39 39
38 44
44 34
47 31
33 37
38 35
26 49
42 39
38 44
34 34
43 31
33 37
38 36
26 49
42 39
38 44
44 34
34 31
33 37
38 36
26 49
39 39
36 44
25 34
36 31
33 28
28 36
26 38
42 27
31 30
43 34
28 31
32 37
38 35
25 49
42 30
38 39
36 34
47 31
33 37
32 36
26 40
42 39
38 44
44 34
47 31
31 34
38 36
26 38
42 36
34 25
31 34
37 31
33 37
38 36
26 34
42 34
38 35
44 34
46 25
33 37
38 26
26 49
42 39
26 40
44 34
39 31
33 37
38 36
26 40
42 35
38 35
44 34
33 31
33 37
38 25
26 31
41 39
38 44
40 34
29 31
33 37
38 30
26 35
42 32
34 28
36 34
47 31
33 37
32 36
26 49
28 39
38 37
37 34
36 31
33 37
38 36
26 46
33 39
38 43
40 34
25 31
31 37
38 36
25 40
42 39
38 44
44 34
25 31
33 37
38 25
26 49
42 39
37 27
44 34
44 26
33 37
38 36
26 30
32 31
38 44
32 34
37 31
33 28
37 36
26 49
37 38
28 40
39 34
47 31
29 37
38 36
26 43
42 27
38 42
44 34
25 30
33 30
34 36
26 41
30 39
38 44
41 34
28 29
33 37
38 36
26 37
42 39
25 31
34 34
37 31
33 29
38 36
26 34
36 39
38 44
44 34
47 31
33 37
38 36
26 37
30 38
38 39
42 34
37 31
33 37
38 36
26 38
42 39
38 36
34 28
47 31
33 37
38 36
26 49
42 39
38 44
44 34
34 31
33 30
38 30
26 33
27 39
38 44
44 34
38 31
33 37
38 31
26 49
40 39
32 35
43 29
41 31
32 37
37 34
25 44
39 39
38 26
28 34
47 31
33 37
34 36
26 47
35 33
29 40
39 34
47 31
33 34
36 36
26 45
42 39
38 38
33 34
47 31
31 33
34 25
26 40
42 25
38 44
40 34
47 31
33 28
30 36
26 43
26 34
38 44
39 34
47 31
33 37
38 36
26 44
33 39
38 34
36 29
41 31
30 36
38 36
26 39
42 39
31 29
36 34
36 31
33 37
38 36
26 31
26 36
38 44
44 34
47 31
33 37
38 36
26 30
42 35
38 32
44 34
47 29
33 37
38 36
26 27
42 39
38 44
44 34
34 31
33 27
34 32
26 49
42 39
38 34
43 34
47 31
33 37
36 36
26 49
42 39
38 36
44 34
47 31
33 37
38 33
26 49
42 39
34 44
44 34
31 31
33 37
38 36
26 33
32 39
38 44
44 25
36 31
33 37
38 36
26 41
31 39
37 44
44 34
47 31
32 37
38 36
26 38
39 39
38 44
39 30
25 31
33 37
31 36
26 49
39 39
34 44
25 29
27 31
33 37
36 25
26 49
42 39
38 34
28 34
27 31
33 33
38 36
26 47
42 39
38 44
43 34
26 31
33 37
38 36
26 28
42 39
38 34
44 34
47 31
33 37
38 36
26 44
42 37
38 39
38 34
43 31
33 29
33 34
26 34
41 35
38 33
44 26
45 31
33 37
33 36
26 39
38 39
38 34
25 34
36 31
33 37
36 36
26 28
42 39
32 30
44 34
36 25
33 33
38 36
26 49
42 29
38 44
33 34
32 28
33 35
38 36
26 32
31 39
38 38
36 34
47 31
33 29
38 36
26 39
42 39
38 43
44 34
47 31
33 37
38 36
26 49
42 39
38 41
44 34
40 28
27 37
36 36
26 49
33 35
27 44
44 34
42 31
33 37
38 31
26 32
36 39
38 44
42 34
38 31
33 37
38 36
26 49
31 39
38 29
40 30
47 31
33 37
34 36
26 27
26 33
38 41
44 26
47 31
33 37
36 36
26 31
42 39
38 33
37 34
44 26
32 37
38 31
26 44
42 39
38 37
44 34
44 31
33 37
38 36
26 41
41 37
38 38
29 32
45 31
33 37
38 36
26 49
42 28
38 44
29 34
47 31
33 37
31 34
26 32
42 39
38 44
39 34
47 31
33 37
29 36
26 43
31 39
38 44
44 34
26 31
33 37
38 36
26 41
42 39
30 44
44 34
47 31
33 31
38 36
26 49
40 39
38 37
44 34
47 31
33 37
38 36
26 49
42 39
35 42
34 34
47 31
33 37
38 29
26 44
42 39
38 40
44 34
40 31
32 37
38 36
26 47
42 39
33 33
32 26
39 31
33 31
38 36
26 47
29 39
36 44
44 34
47 31
33 37
38 31
26 49
37 39
27 33
44 34
47 31
33 37
38 36
26 49
42 39
38 37
39 34
47 31
33 26
38 29
26 49
42 39
38 41
44 26
44 31
25 34
38 29
26 49
42 29
34 27
42 34
41 31
33 37
28 26
26 37
42 37
38 44
44 34
47 25
33 37
38 36
26 44
30 39
38 26
40 34
47 27
33 35
38 36
26 49
42 39
38 44
32 34
44 30
33 37
38 36
26 41
39 39
38 43
44 34
35 31
33 37
27 35
26 27
42 38
38 34
44 34
43 30
33 37
38 36
26 45
35 39
38 44
43 34
29 30
33 31
38 36
26 49
42 39
38 34
35 34
43 31
33 27
38 36
26 49
34 39
36 44
30 31
47 31
28 32
38 36
26 48
42 39
38 44
44 34
34 31
33 25
38 36
26 37
37 39
31 44
30 34
46 31
33 37
38 36
26 29
42 32
31 35
44 34
44 31
33 37
32 31
26 41
41 39
38 43
44 34
47 31
33 37
38 28
26 47
42 31
38 44
33 34
42 27
33 37
38 27
26 49
42 39
25 29
44 34
33 31
33 37
38 36
26 49
42 27
34 44
38 34
29 31
33 37
38 36
26 26
41 39
38 39
42 34
43 31
33 37
29 36
26 49
35 31
38 44
42 34
47 31
33 28
34 36
26 43
28 39
33 44
44 31
47 31
33 37
38 36
26 49
42 39
38 35
25 34
47 31
33 37
34 36
26 49
35 38
38 44
44 34
44 31
33 28
38 36
26 42
42 39
38 41
31 34
47 31
33 37
38 25
26 49
42 26
38 44
44 31
47 31
33 37
38 32
26 49
41 39
38 42
32 34
39 31
33 37
28 36
26 34
42 39
31 35
38 34
26 31
33 37
29 36
26 30
42 39
38 44
35 34
36 31
26 37
38 26
26 33
41 33
38 42
44 34
47 31
33 37
38 36
26 48
42 25
31 41
42 34
35 31
28 37
38 36
26 34
41 39
30 44
44 34
29 31
33 32
36 36
26 46
41 39
38 44
33 34
40 31
33 37
38 36
25 35
42 39
38 37
33 34
47 31
31 33
38 36
26 45
40 38
38 44
38 34
33 31
33 37
38 36
26 29
33 39
38 36
35 34
34 31
28 37
38 36
26 41
42 39
38 42
43 34
43 31
30 37
28 36
26 49
41 39
35 44
34 34
47 31
30 28
38 29
26 49
42 39
38 44
44 34
32 31
33 25
36 36
26 49
42 39
38 42
38 29
47 31
33 37
32 36
26 30
42 39
38 44
44 29
41 31
33 37
38 36
26 38
42 39
38 38
41 34
29 31
33 31
38 36
26 41
42 39
35 29
44 28
44 31
33 26
38 32
26 27
39 39
33 44
33 34
38 31
33 37
38 31
26 48
40 39
38 27
38 30
32 31
33 37
37 36
26 40
38 39
38 42
40 34
47 31
33 37
36 36
26 45
40 34
30 44
44 34
47 30
32 35
36 36
26 37
42 30
26 37
31 34
47 31
33 37
28 36
26 44
36 29
38 40
37 34
47 31
28 37
38 32
26 35
42 39
38 44
44 34
45 26
33 29
38 36
26 42
41 39
38 39
27 34
47 31
33 30
38 29
26 49
42 31
33 28
26 34
30 31
33 34
38 36
26 41
42 38
38 30
41 33
29 31
33 30
38 36
26 32
42 39
38 28
44 34
39 27
33 37
38 36
26 47
32 37
38 43
44 34
33 31
33 37
38 36
26 36
42 39
37 37
29 34
39 31
33 35
38 36
26 49
42 39
38 31
44 34
37 31
33 37
38 36
26 30
27 29
38 35
44 34
44 31
33 37
38 36
26 27
42 39
38 40
44 34
47 31
33 37
38 36
26 49
42 39
38 35
37 34
41 31
33 37
32 36
26 44
31 39
38 44
35 34
47 31
33 37
38 36
26 48
42 39
38 44
44 34
33 31
33 37
28 32
26 39
42 39
32 40
37 34
40 31
33 29
38 36
26 43
42 39
33 37
28 31
33 31
33 37
28 36
26 35
30 39
38 44
44 34
47 31
33 37
38 36
26 41
42 39
28 32
44 34
47 31
33 25
38 35
26 48
38 39
38 41
34 34
47 31
33 30
32 36
26 49
41 31
38 43
44 34
31 31
33 37
38 36
26 39
28 39
38 37
44 34
42 31
33 37
38 36
26 49
42 39
38 30
42 34
47 31
33 37
38 36
25 43
42 39
38 44
36 34
39 31
32 34
38 36
26 47
42 37
38 39
44 34
38 31
33 37
38 36
26 49
38 30
29 35
44 33
47 31
33 37
38 36
26 43
36 37
38 44
44 34
40 31
33 28
35 36
26 45
42 39
38 36
40 34
47 31
33 37
38 36
26 47
42 37
36 44
35 34
47 31
33 37
38 33
26 42
32 39
38 38
44 34
47 28
33 37
38 36
26 49
32 39
38 41
34 25
28 31
33 37
38 36
26 45
30 39
38 44
26 28
32 31
33 37
38 34
26 35
34 39
38 44
44 34
41 31
33 37
36 36
26 48
39 39
30 31
44 34
28 31
33 37
38 36
26 49
42 39
38 43
44 34
47 31
33 37
38 36
26 38
31 39
38 26
26 34
45 31
33 37
30 36
26 41
42 39
38 44
44 34
47 25
33 37
38 36
26 48
33 39
26 37
38 34
40 31
33 37
32 36
26 33
37 39
30 44
35 34
30 31
33 28
31 31
26 39
34 34
38 44
39 34
26 31
33 37
38 36
26 44
39 39
38 44
36 34
37 31
31 29
38 35
26 42
25 33
38 44
44 34
47 31
33 27
38 36
26 49
42 39
38 44
34 34
44 31
33 37
38 36
26 28
37 29
38 44
41 34
30 31
33 37
38 36
26 30
29 39
38 33
43 34
40 31
33 27
30 36
26 32
42 39
31 36
44 34
47 31
33 37
38 33
26 49
42 39
38 32
44 34
47 31
33 37
38 36
26 49
42 39
38 44
44 34
41 31
33 37
38 34
26 49
42 39
35 32
33 34
47 31
33 37
38 34
26 39
30 39
38 44
40 34
47 31
33 37
26 36
26 49
35 39
38 25
26 34
30 31
33 29
38 36
26 29
42 39
38 36
34 34
43 31
26 37
38 36
26 36
42 39
38 38
44 34
47 31
29 37
38 36
26 48
33 27
38 44
44 34
31 31
33 37
38 36
26 49
42 33
38 44
44 33
36 31
33 37
38 36
26 29
42 39
38 40
41 34
37 31
31 37
38 36
26 49
42 39
38 38
44 32
47 31
33 37
38 36
26 37
29 39
38 33
34 33
37 31
33 37
38 25
26 49
35 33
38 34
44 34
42 31
33 37
38 36
26 49
25 35
35 44
38 34
47 31
33 37
38 36
26 41
42 34
38 32
37 34
47 31
33 37
38 33
26 44
42 39
38 35
36 29
47 31
33 35
35 36
26 33
42 39
38 43
37 30
40 31
33 37
38 34
26 35
28 29
38 38
43 34
47 31
28 30
38 28
26 25
42 39
38 41
28 34
32 31
33 37
35 36
26 49
42 34
38 44
39 34
33 31
30 37
38 36
26 34
42 39
38 40
30 34
40 31
30 37
38 36
26 36
42 39
38 44
37 34
45 31
33 32
38 36
26 38
42 37
38 44
44 34
47 31
33 32
38 36
26 40
42 39
31 44
31 30
39 31
33 37
38 36
26 45
42 39
38 34
44 34
31 31
33 37
38 33
26 35
35 39
30 34
44 34
36 31
33 37
38 36
26 49
42 39
34 44
44 34
47 31
33 37
38 36
26 38
42 27
38 44
34 34
47 31
32 37
34 36
26 49
42 33
36 37
37 30
39 31
33 37
38 36
26 49
31 39
38 39
44 34
40 31
33 37
38 35
26 34
27 39
35 43
34 34
47 31
27 25
27 36
26 49
31 36
38 44
36 34
34 31
33 28
38 36
26 49
29 39
38 40
44 34
47 31
33 37
38 36
26 49
42 39
38 41
28 34
33 31
30 35
38 31
26 49
42 39
38 33
42 31
38 31
33 37
38 36
26 42
42 39
38 44
42 34
43 31
33 26
34 36
26 49
27 39
38 44
44 29
31 31
33 37
38 36
26 37
42 39
38 44
44 31
37 31
33 37
38 36
26 37
42 39
38 44
44 34
47 31
33 35
38 31
26 38
39 39
38 44
44 34
42 31
33 37
30 36
26 47
34 39
35 44
26 34
39 31
33 37
38 36
26 40
41 32
38 44
44 34
44 31
33 37
38 36
26 33
34 39
38 44
44 34
47 31
33 37
38 36
26 41
42 39
38 37
44 34
27 31
33 37
38 36
26 40
39 39
38 44
29 34
47 31
32 37
38 26
26 49
42 39
38 29
44 34
32 31
33 37
38 36
26 49
42 39
38 32
37 30
47 31
33 37
38 31
26 34
42 39
38 44
44 34
29 31
33 37
38 27
26 35
42 39
38 44
30 34
47 31
33 37
30 36
26 46
42 39
38 41
33 34
47 31
33 37
27 36
26 31
33 39
38 44
34 34
36 29
33 37
38 36
26 49
39 39
32 38
41 34
37 31
33 37
38 36
26 44
42 39
38 39
41 34
47 31
33 37
31 36
26 43
30 39
34 44
44 34
47 31
32 32
38 36
26 34
35 39
38 44
44 34
40 31
31 37
38 36
26 49
42 28
38 44
44 34
38 31
33 37
38 36
26 49
31 39
38 39
44 34
45 31
33 37
36 36
26 49
42 39
38 30
30 30
37 31
33 36
38 36
26 35
42 39
38 41
40 34
45 31
33 37
35 36
26 49
42 39
36 44
33 34
45 31
33 37
32 36
26 42
40 39
38 31
44 34
35 31
33 37
25 36
26 49
42 26
35 44
28 34
46 31
33 37
38 31
26 42
42 39
38 43
44 34
42 31
33 37
32 36
26 47
42 38
38 44
44 34
46 31
31 37
38 36
26 46
37 39
38 25
44 25
47 31
33 37
35 36
26 35
42 39
38 44
31 34
47 31
33 37
35 35
26 49
42 33
38 34
44 34
47 26
33 37
38 36
26 37
36 26
38 44
34 34
41 31
33 37
38 36
26 49
40 39
38 32
44 34
37 31
33 36
38 36
26 49
42 36
27 44
44 34
29 31
33 37
37 30
26 49
35 34
38 41
42 34
42 31
33 37
38 35
26 38
29 39
38 43
44 34
43 31
33 37
38 36
26 40
42 39
38 33
41 34
40 28
30 27
38 36
26 36
37 38
38 26
36 29
47 31
33 37
38 36
26 45
32 39
37 44
44 34
34 31
30 31
36 26
26 49
31 39
38 44
37 31
47 31
33 37
35 25
26 37
42 39
38 44
44 34
36 31
33 29
38 36
26 49
39 39
38 32
44 34
44 31
33 27
30 36
26 29
37 33
37 30
44 34
37 31
33 37
35 36
26 46
42 39
38 40
38 31
37 31
33 37
28 36
26 45
34 39
38 44
42 34
28 31
33 37
27 36
26 44
42 39
38 44
31 34
47 31
33 37
38 36
26 49
39 39
38 44
29 34
40 31
33 37
38 36
26 49
42 39
37 38
40 34
28 31
33 37
38 36
26 33
37 39
38 44
43 34
25 31
33 37
38 36
26 49
35 39
38 28
44 28
33 27
33 37
38 36
26 49
37 39
38 44
44 34
43 31
33 37
38 29
26 34
26 39
34 35
30 27
47 31
33 37
38 36
26 48
42 37
38 44
42 34
47 31
33 30
38 36
26 43
33 27
38 42
41 34
45 31
33 37
38 36
26 42
36 39
27 36
44 34
46 29
28 37
38 36
26 32
38 39
38 34
40 29
36 31
33 37
38 36
26 49
42 39
38 30
31 34
32 31
33 37
38 36
26 35
42 39
38 44
31 34
38 31
31 29
38 36
26 46
42 28
36 42
38 34
47 31
33 37
38 36
25 49
42 39
38 37
44 32
47 31
33 37
38 36
26 36
38 27
38 31
44 34
42 31
25 36
28 36
26 34
42 30
38 44
37 34
25 31
33 37
36 36
26 36
39 39
38 36
33 34
47 31
33 37
37 36
26 34
42 39
33 44
44 33
47 31
33 32
38 34
26 33
42 39
36 31
37 34
47 31
33 34
38 36
26 33
42 34
38 44
44 25
47 31
33 37
38 36
26 49
42 39
25 44
41 34
29 31
33 37
28 36
26 49
42 39
28 41
44 34
47 31
33 30
31 36
26 40
37 39
38 37
44 34
35 31
33 37
38 36
26 49
36 39
27 36
44 34
41 31
33 37
38 36
26 35
42 36
36 43
44 34
30 31
33 37
38 36
26 37
36 39
38 41
36 34
47 31
33 37
25 36
26 31
34 35
38 39
41 26
47 31
33 33
38 36
26 49
26 25
38 36
44 34
44 31
33 37
32 30
26 46
42 32
38 29
44 34
47 31
33 37
25 36
26 49
42 39
32 44
44 31
35 31
33 36
38 27
26 49
42 39
38 36
44 34
33 31
33 28
33 36
26 49
32 39
38 40
44 34
38 31
26 37
38 34
26 44
42 31
38 44
44 34
27 31
29 37
37 36
26 25
42 31
38 44
44 34
37 31
27 37
38 36
26 49
38 32
38 44
32 34
34 31
33 37
38 36
26 47
31 39
38 44
44 34
46 31
33 37
31 36
26 49
26 39
38 37
32 34
35 31
33 37
38 36
26 49
40 35
29 31
44 34
47 25
33 37
38 36
26 28
42 35
38 31
28 25
47 28
33 37
38 36
26 49
42 39
38 44
44 34
33 31
31 27
38 26
26 39
38 26
38 35
30 34
37 31
33 37
38 36
26 38
42 39
38 44
34 30
47 31
28 37
38 36
26 47
35 31
38 44
38 34
47 31
33 27
38 36
26 36
42 39
38 44
33 34
35 31
33 31
36 36
26 49
32 39
30 43
44 34
32 31
33 37
38 36
26 45
42 39
36 44
44 34
45 31
33 28
38 36
26 35
42 35
38 44
33 34
39 30
33 29
38 36
26 33
42 33
38 25
36 34
33 31
33 37
36 36
26 42
35 34
38 44
44 34
47 31
33 37
38 26
26 25
42 34
38 35
25 34
44 26
33 35
33 36
26 49
40 39
38 31
41 34
37 31
33 37
38 36
26 48
42 39
38 38
44 34
47 31
33 37
33 36
26 30
42 31
38 25
44 34
29 31
33 37
31 36
26 29
42 38
38 44
44 34
37 30
33 27
38 36
26 49
42 39
38 41
44 34
43 31
33 37
33 36
26 39
42 31
38 44
44 34
35 31
33 37
38 36
26 34
29 39
38 44
44 32
47 31
33 37
35 36
26 40
36 39
38 44
44 34
47 31
33 37
26 36
26 46
31 37
38 44
28 34
47 25
33 33
38 36
26 25
34 39
36 37
42 34
47 31
33 37
38 31
26 35
42 32
38 40
44 34
31 31
33 37
38 36
26 37
31 39
38 44
44 31
47 31
33 37
38 36
26 33
40 33
38 44
43 34
38 31
33 37
35 36
26 49
39 39
38 44
41 34
32 31
33 37
38 36
26 40
28 39
38 42
39 34
33 31
33 37
38 36
26 49
42 39
38 30
29 34
46 31
33 37
28 36
26 49
38 39
38 42
44 34
47 31
33 37
38 32
26 40
34 31
38 44
43 34
47 31
33 37
38 36
26 42
42 39
36 43
41 34
41 29
31 37
38 36
26 48
42 39
38 44
44 34
47 26
33 33
27 36
25 49
33 30
38 39
37 34
47 31
33 37
38 36
25 49
35 39
28 44
44 34
47 31
33 35
29 29
26 49
42 39
38 44
26 34
47 30
29 37
31 30
26 28
42 37
38 44
44 34
47 31
33 37
37 36
26 49
42 39
38 44
34 34
36 31
32 37
35 36
26 31
42 39
38 29
30 34
44 31
33 30
29 30
26 49
42 39
38 33
44 34
29 31
33 37
33 36
26 49
42 39
35 44
44 34
44 31
33 37
38 36
26 49
42 34
38 44
44 34
43 31
30 37
28 36
26 49
42 39
38 31
44 34
47 27
33 37
31 36
26 37
42 39
33 44
31 34
27 31
33 31
38 36
26 29
33 32
38 44
40 34
47 31
33 37
38 36
26 27
42 38
38 44
44 34
44 30
33 37
34 36
26 49
33 39
32 44
44 34
44 31
33 37
36 36
26 48
42 39
38 44
42 34
41 31
33 37
29 28
26 44
42 32
38 41
36 34
27 31
33 37
34 35
26 49
42 39
38 44
29 34
47 31
33 31
38 31
26 30
42 39
38 34
42 34
35 31
33 37
38 36
26 42
40 26
29 32
37 34
37 31
33 37
35 36
26 49
42 37
38 44
38 34
34 31
25 37
38 31
26 29
37 32
31 44
44 34
46 31
33 37
38 36
26 49
42 28
38 39
44 34
47 31
33 37
33 36
26 49
34 34
38 42
38 34
47 31
33 37
38 36
26 35
32 35
38 33
44 34
47 31
33 25
38 36
26 49
42 39
38 40
44 34
44 31
33 37
38 36
26 35
42 33
36 44
37 34
36 31
33 37
38 36
26 49
39 31
38 44
27 34
47 30
33 36
35 31
26 48
41 39
38 30
32 34
35 31
33 37
38 36
26 38
30 39
33 33
44 34
35 31
33 27
38 36
26 48
28 33
38 44
33 34
47 31
33 31
38 36
26 49
42 39
33 44
43 34
32 31
33 37
34 36
26 30
42 39
38 44
37 34
32 31
33 37
38 36
26 48
42 39
38 38
40 28
40 31
33 37
38 36
26 49
42 39
36 44
31 34
47 29
33 34
38 36
26 49
42 39
38 44
44 34
47 31
33 37
38 36
26 49
42 39
38 26
44 34
41 31
30 29
36 36
26 47
42 28
38 44
41 34
47 31
33 28
25 36
26 32
31 26
38 44
43 32
33 31
33 37
38 36
26 46
34 39
38 28
44 34
44 31
33 37
38 36
26 49
34 29
38 44
36 34
42 31
33 37
38 36
26 34
31 25
38 44
44 34
43 31
33 37
38 32
26 27
42 39
38 44
38 34
40 31
33 37
29 36
26 43
31 36
38 28
44 34
47 31
33 37
38 36
26 46
25 39
38 44
25 34
46 31
33 36
38 36
26 48
42 29
38 44
35 34
41 31
33 37
38 32
26 40
42 35
38 44
34 34
38 31
33 37
30 36
26 46
38 39
35 44
44 34
38 31
26 37
38 36
26 30
28 39
36 39
33 34
44 31
33 37
38 36
26 44
31 37
38 42
44 34
47 31
33 37
38 32
26 49
42 30
37 31
41 34
47 31
33 37
37 27
26 31
40 39
38 44
44 27
47 31
33 37
38 36
26 49
42 30
38 44
42 33
42 31
33 37
38 36
26 33
42 39
38 38
36 34
46 31
33 37
38 27
26 37
42 39
25 34
44 34
40 31
33 37
38 33
26 32
34 39
38 37
28 34
45 31
33 37
38 36
26 48
27 39
38 29
36 26
47 31
33 37
38 36
26 44
27 39
38 36
39 34
39 31
33 37
38 36
26 35
29 39
38 44
35 34
47 31
33 37
26 36
26 49
36 39
34 37
44 29
47 31
27 37
38 30
26 45
37 39
38 44
44 34
40 31
33 35
38 32
26 36
42 34
38 44
44 34
47 31
33 37
32 32
26 30
31 34
38 34
44 34
43 31
33 37
38 36
26 45
34 39
38 44
44 34
47 28
33 31
38 36
26 49
39 29
38 42
44 34
45 31
33 37
27 36
26 31
42 39
38 32
41 34
30 31
33 37
38 29
26 49
42 39
38 40
36 32
44 31
33 37
38 32
26 39
42 33
38 35
44 30
47 31
29 37
38 36
26 49
39 33
38 38
44 34
47 31
33 37
38 29
26 40
33 25
32 44
41 33
35 29
33 37
38 36
26 47
42 39
38 44
44 34
42 31
33 37
38 26
26 47
42 39
38 44
42 34
45 31
33 33
25 36
26 49
41 39
36 44
38 34
34 31
29 37
34 35
26 49
31 39
32 42
44 33
34 31
33 36
38 26
26 49
42 39
38 25
44 33
32 31
33 37
31 34
26 49
37 33
38 42
43 34
25 31
33 37
38 36
26 36
42 39
31 34
44 34
47 25
33 37
38 36
26 49
42 38
38 44
44 30
47 31
28 34
38 36
26 41
36 39
38 40
41 34
42 31
33 37
38 36
26 48
42 39
26 44
44 34
47 31
33 37
34 35
26 49
42 30
26 35
44 32
47 31
33 37
38 36
26 40
42 39
37 44
39 34
47 31
33 37
35 36
26 44
28 39
38 31
44 34
31 31
33 37
38 36
26 48
38 30
38 40
39 34
28 31
31 37
38 36
26 44
39 39
38 44
44 34
47 31
33 37
38 36
26 32
42 35
38 40
40 34
37 31
33 37
38 36
26 49
42 39
38 32
44 34
47 31
33 37
32 26
26 49
41 37
38 40
33 33
32 31
32 37
38 36
25 44
42 39
38 43
44 34
42 31
33 37
38 36
26 44
42 35
38 44
30 34
31 28
33 37
32 33
26 35
42 39
38 37
44 34
42 31
32 37
38 36
26 43
42 39
38 44
33 34
47 28
33 30
38 36
26 49
26 25
38 25
44 34
30 31
29 37
38 36
26 49
41 39
38 44
27 34
44 31
33 37
38 35
26 49
42 39
38 44
33 31
25 31
33 33
38 36
26 49
34 30
38 33
34 34
41 31
32 37
27 36
26 49
42 39
38 36
44 33
47 31
33 37
38 36
26 36
42 39
38 44
44 34
29 31
33 37
38 36
26 32
32 39
38 44
44 25
37 31
33 31
31 35
26 40
42 39
38 44
38 33
39 31
29 37
38 36
26 47
37 39
38 44
44 34
32 31
33 37
31 30
26 40
42 38
34 44
32 34
30 31
33 37
38 28
26 33
42 39
38 37
39 34
46 31
33 37
35 36
26 41
37 39
37 44
34 34
44 31
33 37
38 36
26 49
42 39
38 44
44 34
42 31
33 26
36 35
26 33
33 39
36 34
28 34
32 31
30 31
38 33
26 33
42 39
38 44
44 29
47 31
33 37
38 36
26 40
42 30
38 44
44 34
33 31
33 33
38 36
26 49
27 39
38 34
44 34
37 31
32 32
33 36
26 49
27 32
38 33
44 31
39 31
33 37
38 36
26 28
42 39
38 41
44 34
41 31
33 37
38 36
26 49
37 31
35 43
37 26
38 31
33 37
38 36
26 49
42 37
33 39
44 34
47 31
33 37
38 36
26 49
42 39
38 44
44 34
45 30
33 37
38 33
26 35
42 39
36 30
44 26
38 31
33 37
38 36
26 43
37 39
30 36
41 31
42 31
33 37
38 36
26 38
38 30
38 44
44 26
43 31
33 37
38 36
26 47
42 39
38 44
44 34
47 31
33 37
38 36
26 46
27 39
38 42
26 26
35 31
33 37
38 36
26 31
42 39
30 44
29 26
40 31
26 37
38 36
26 49
30 39
38 38
44 34
30 31
33 37
38 36
26 49
42 38
38 44
44 34
35 31
33 37
31 34
26 43
42 39
38 39
44 34
47 31
33 37
38 36
26 49
33 39
27 35
33 34
47 31
33 37
38 36
26 37
42 39
38 44
44 31
36 31
33 28
37 33
26 49
42 27
38 44
44 34
47 31
33 37
38 36
26 45
42 39
38 44
36 34
47 30
30 37
38 36
26 26
36 39
38 44
44 34
47 31
33 37
27 36
26 35
42 39
33 43
42 25
47 31
33 37
38 30
26 44
42 39
38 38
38 34
44 31
33 37
38 36
26 30
42 39
38 42
39 34
47 31
33 30
38 36
26 49
31 35
38 44
38 31
47 31
33 35
38 36
26 35
42 39
36 25
44 28
42 31
33 37
37 36
26 49
36 39
38 44
39 34
47 26
30 30
38 36
26 34
42 39
38 44
44 34
40 31
33 37
38 36
26 35
42 39
38 33
44 34
42 31
33 37
38 35
26 42
36 39
38 44
41 34
36 31
33 26
38 36
26 43
42 39
32 42
40 34
47 31
33 26
38 36
26 42
42 33
38 36
44 34
47 31
33 37
38 36
26 43
42 39
30 33
44 34
35 31
33 37
38 36
26 32
42 39
38 39
37 34
46 31
33 37
31 36
26 41
33 33
38 44
36 34
47 31
33 37
38 35
26 32
40 39
34 42
40 31
42 31
33 37
36 36
26 30
37 29
30 28
41 34
47 31
33 37
38 36
26 41
42 29
28 34
44 29
30 31
33 37
37 36
26 42
40 29
38 44
44 34
29 31
27 35
38 36
26 49
42 39
38 44
33 29
40 30
33 37
38 30
26 49
42 38
38 35
44 34
28 31
33 35
38 36
26 38
29 39
38 44
43 34
38 31
33 37
38 36
26 49
42 32
38 34
44 34
29 31
33 37
35 36
26 33
42 39
38 44
43 34
37 31
33 37
38 36
25 31
42 39
35 43
39 30
47 31
33 33
38 33
26 41
36 28
38 44
31 34
39 27
33 37
38 34
26 44
29 38
38 40
32 34
45 31
33 37
38 27
26 42
35 39
38 31
39 34
47 26
33 37
38 30
26 49
41 38
38 40
38 34
47 31
31 32
38 36
26 40
41 34
38 32
37 34
34 31
33 37
36 36
26 35
42 35
38 38
44 34
47 31
25 33
38 36
26 49
42 39
34 42
44 34
47 31
33 37
38 36
25 48
29 39
38 33
34 34
43 31
33 37
38 26
26 34
42 39
38 44
44 26
47 31
33 37
37 36
26 34
39 34
38 42
40 34
38 31
33 33
34 36
26 28
35 39
33 26
44 29
47 31
33 26
38 36
26 47
39 33
38 35
25 34
37 31
33 37
27 36
26 35
38 39
38 44
44 34
45 31
33 37
38 36
26 27
42 39
34 38
44 34
47 31
33 33
38 31
26 49
42 39
35 42
44 34
47 31
28 37
38 36
26 37
27 39
38 44
40 27
45 31
33 37
30 36
26 44
42 37
38 44
42 34
41 31
33 37
38 33
26 46
38 38
38 44
35 34
43 31
33 37
34 36
26 39
42 39
38 35
44 34
47 31
33 37
37 31
26 35
42 39
38 35
44 34
47 31
33 35
37 36
26 35
31 31
38 44
40 34
28 31
30 37
32 36
26 29
42 39
37 44
42 34
47 31
28 37
38 36
26 36
42 36
38 44
34 34
40 31
26 37
38 36
26 30
42 39
38 40
44 32
28 31
33 35
37 36
26 40
35 39
38 37
44 34
35 31
33 37
38 36
26 29
42 39
38 40
44 34
41 31
33 37
38 36
26 27
42 28
35 28
30 34
40 31
33 37
38 32
26 29
32 39
36 44
43 34
42 31
33 29
38 34
26 49
42 26
38 44
44 34
28 31
25 37
38 36
26 39
42 31
38 44
32 27
33 31
33 37
38 29
26 40
42 39
38 41
44 34
47 31
33 37
38 36
26 49
29 30
38 44
27 30
39 31
31 32
38 36
26 49
42 39
38 44
44 34
47 31
33 37
36 36
26 37
42 28
38 32
44 34
35 28
33 37
38 36
26 35
42 27
34 29
44 34
47 31
33 37
36 36
26 31
34 36
38 39
37 34
32 27
33 30
38 27
26 33
29 39
30 34
43 34
39 31
33 37
38 36
26 49
34 39
33 44
44 34
28 31
32 37
38 36
26 49
38 36
38 44
27 34
31 31
30 37
38 36
26 48
42 39
32 31
44 34
47 31
33 37
38 36
26 46
35 39
38 43
44 34
38 31
33 37
38 36
26 49
42 39
38 44
44 32
47 31
33 37
38 28
26 42
42 39
38 37
28 34
47 31
33 37
38 36
26 49
42 39
38 27
35 34
41 31
33 37
38 28
26 49
38 39
37 44
44 34
46 29
33 29
36 36
26 34
42 39
38 29
33 34
47 31
33 36
38 27
26 49
41 39
38 42
44 25
38 31
28 37
29 30
26 40
34 39
38 44
40 34
25 30
33 28
38 33
26 47
42 31
30 44
38 31
47 31
25 37
38 36
26 49
27 28
35 44
36 34
38 30
33 37
38 36
26 49
36 39
38 26
44 34
41 31
33 37
38 36
26 29
35 39
38 44
34 34
41 31
33 37
38 36
26 49
42 39
28 44
44 34
47 31
33 33
32 36
26 49
42 31
38 40
35 34
47 31
33 37
38 36
25 46
25 39
38 28
28 34
47 31
33 37
38 36
26 35
37 33
38 44
41 34
47 31
33 37
29 36
26 28
32 37
38 44
32 34
43 31
