14 4 2
658 1310 2495
628 1565
871
1037 1898 2752 3810
977 1706 2601 3759
1002 1704 2875 3781
888 1598 2687 3517
908 1770 2824 3536
1018 1786 2808 3760
1017 1633 2572 3337
1034 1827 2772 3894
1026 1659 2912 3580
1014 1733 2693 3789
1060 1700 2545 3783
968 1648 2859 3414
921 1590 2476 3805
928 1758 2639 3935
8 6 10 5
5 10 5 8
5 9 5 9
6 7 10 9
5 5 9 6
8 7 10 5
8 8 10 8
6 7 8 10
9 9 8 8
10 9 5 8
8 6 6 5
8 8 7 5
5 10 6 8
7 8 5 8
16 0 2 0
0 1 1 0
1 1 1 4
2 0 0 0
0 2 2 0
0 0 0 5
1 1 0 2
3 0 1 0
0 0 0 0
0 1 1 3
1 0 3 0
2 0 1 1
1 0 0 0
1 0 0 0
0 0 0 0
