14 4 2
478 942 1383
389 969
698
792 1445 1944 2691
686 1327 1955 2841
729 1271 2333 2863
747 1337 2068 3158
697 1308 1949 3138
692 1315 2027 3065
757 1293 1985 3022
733 1274 2133 3077
691 1413 2077 3126
691 1461 2137 2845
708 1423 2045 3046
707 1460 2053 2759
795 1423 2135 2927
753 1399 1923 2722
5 6 7 8
7 7 9 10
9 10 8 7
5 5 6 10
9 8 9 7
8 9 7 10
8 5 8 7
8 9 10 6
5 7 8 6
9 9 5 7
6 6 6 5
6 6 6 6
7 7 7 5
8 9 8 9
7 1 4 5
2 0 3 0
1 0 2 1
1 1 0 1
1 0 0 0
1 0 3 0
1 2 2 1
1 0 3 0
0 2 1 0
0 0 0 0
0 1 3 0
0 2 3 1
2 0 1 0
1 0 0 0
0 1 0 0
