14 4 2
484 1137 2039
561 1431
733
750 1430 2047 2986
802 1437 2124 2604
788 1411 1951 2515
764 1557 1921 2527
717 1550 1956 2652
810 1519 1924 2634
782 1628 2115 2720
707 1508 1839 2892
713 1384 1817 3069
722 1589 2077 2792
763 1488 1820 2577
765 1456 2129 2868
740 1562 2121 2669
733 1403 2131 2874
9 6 10 10
9 10 8 9
6 8 9 7
7 8 6 8
6 10 10 9
8 7 10 10
5 10 8 10
6 10 8 8
10 8 8 8
7 6 5 9
10 10 5 8
6 5 5 7
8 9 7 7
10 9 8 10
8 0 1 7
1 0 0 0
0 0 1 1
1 1 3 0
0 0 0 0
1 0 0 2
1 1 0 1
0 1 1 0
1 0 0 2
1 1 0 1
1 1 0 0
2 0 2 5
1 0 0 1
1 1 2 1
2 0 3 0
