14 4 2
357 827 1891
512 1605
967
745 1190 1815 2887
807 1195 1836 2574
720 1223 1716 2859
705 1275 1945 2727
812 1116 2048 2798
742 1282 1704 2496
732 1302 1795 2772
687 1297 2031 2663
734 1275 1786 2844
782 1153 2018 2550
752 1265 2008 2540
712 1233 1960 2761
706 1219 1919 2584
813 1279 1803 2716
10 5 7 5
5 7 7 7
8 10 8 6
9 10 10 9
7 7 9 6
7 8 7 5
5 7 10 5
8 5 5 6
9 8 10 9
9 5 5 8
7 10 9 5
7 9 10 8
10 9 9 9
8 6 5 8
3 0 9 1
2 1 0 0
5 0 1 0
1 0 0 0
0 1 1 0
0 0 0 1
1 1 1 1
0 0 0 0
1 1 0 0
1 1 0 2
0 1 0 0
0 0 0 0
3 0 0 2
0 1 0 1
0 0 1 0
