14 4 2
919 1348 1947
486 1605
816
1035 2013 2623 3720
951 1756 2567 4027
992 1736 2732 3554
1084 1951 2980 4073
952 2013 2789 3959
902 1936 2679 3941
958 1993 2944 4164
910 1786 2700 3666
1086 1973 2639 4170
1002 1918 3007 4153
1058 1774 2984 4095
1077 2000 2633 4056
1052 1960 3084 3957
984 1821 3002 4062
10 10 8 7
5 8 5 10
8 6 10 8
10 7 7 7
5 8 5 10
10 7 7 10
5 9 6 9
5 5 5 10
9 8 10 8
7 5 10 6
6 9 5 10
10 9 8 5
5 9 10 8
5 7 5 7
6 8 2 4
1 2 0 1
2 1 2 0
1 1 1 3
0 1 0 0
2 0 0 2
2 0 0 1
0 1 0 2
0 1 2 0
1 0 0 0
1 0 0 1
0 0 0 2
0 0 1 0
0 0 0 0
1 1 0 0
