14 4 2
398 1046 1467
914 1007
253
601 1025 2037 2305
591 1056 1797 2246
648 1205 2034 2458
624 1148 1862 2605
713 1215 1766 2496
636 1238 2026 2433
611 1092 1911 2471
608 1210 1817 2462
673 1247 1780 2586
605 1084 1840 2188
696 1045 1845 2332
624 1168 1901 2542
709 1114 1977 2565
585 1115 1865 2366
5 8 9 5
8 6 6 7
9 5 5 5
10 8 10 10
6 10 5 7
5 5 8 10
10 7 7 8
6 6 10 10
5 7 5 9
10 10 5 5
5 7 10 10
5 8 10 6
9 8 7 5
5 10 6 10
3 9 3 2
0 2 2 0
0 0 1 0
0 2 0 0
0 1 0 0
0 0 1 1
0 1 0 0
2 0 0 0
3 0 0 0
0 1 0 0
0 0 2 0
0 0 2 0
1 2 1 2
0 0 0 1
0 1 0 1
