14 4 2
427 1243 1839
676 1416
876
748 1270 2067 3156
762 1275 2040 2973
741 1311 2040 3155
847 1421 2219 3110
842 1492 1979 2815
738 1261 2002 2658
731 1287 2162 2830
755 1256 2030 2968
799 1317 2225 3219
805 1483 2012 2688
816 1324 2278 2793
818 1404 2191 2988
725 1327 2019 2674
808 1259 1890 3098
9 7 10 8
7 10 9 5
8 7 8 5
6 9 7 8
10 7 8 7
9 6 8 8
9 5 9 6
6 10 6 5
5 10 5 7
6 10 10 9
8 7 5 6
6 9 9 6
10 7 7 6
5 7 8 10
1 3 2 5
0 0 0 0
0 0 2 0
1 0 2 0
1 1 0 0
0 0 3 0
0 1 1 1
0 0 0 1
1 7 0 0
3 0 0 0
1 1 1 0
0 0 0 0
2 1 1 0
0 0 1 1
0 1 1 2
