14 4 2
377 1197 1425
752 1071
406
743 1184 2135 2673
611 1174 1826 2346
715 1343 1860 2571
720 1231 2004 2252
665 1263 1882 2557
613 1190 1951 2198
630 1211 1941 2224
691 1163 1839 2402
616 1217 1827 2294
626 1230 2159 2227
667 1298 1908 2576
728 1200 2096 2370
644 1256 1809 2335
702 1223 2049 2317
7 6 8 7
7 7 6 8
10 6 8 5
10 5 9 7
10 6 8 7
5 6 8 6
9 5 9 10
9 7 8 10
5 7 8 10
8 5 9 9
7 7 8 8
9 5 7 8
8 9 10 9
7 5 9 7
11 4 2 2
0 2 0 0
0 0 0 1
2 0 1 1
1 0 1 0
0 0 0 0
2 0 3 0
0 0 3 0
0 0 0 0
2 0 0 2
2 1 2 0
1 1 2 0
1 3 1 0
3 0 2 0
1 0 1 0
