14 4 2
252 754 1182
556 795
289
658 974 1711 2081
576 1024 1862 2052
615 1026 1814 2430
560 954 1920 2445
599 969 1597 2238
583 1060 1701 2286
603 1003 1814 2195
547 937 1647 2290
566 953 1868 2131
630 940 1600 2447
569 926 1851 2294
663 977 1627 2166
589 937 1808 2065
647 900 1785 2166
9 9 6 7
6 5 7 10
5 5 8 10
7 10 10 8
9 9 9 5
10 5 10 10
10 10 10 9
9 7 9 7
7 5 10 8
10 10 7 8
9 9 7 5
9 6 8 6
9 6 7 5
10 6 8 10
7 1 9 1
1 3 1 1
1 0 0 2
0 1 0 1
1 0 0 1
0 1 0 1
0 0 1 2
1 0 0 1
2 0 0 0
3 0 0 0
0 1 0 0
1 1 0 0
0 1 1 2
1 0 0 0
0 1 0 3
