14 4 2
309 522 1280
287 741
522
513 859 1226 1912
473 771 1371 2019
478 896 1380 1833
544 758 1342 1761
458 788 1315 1921
473 801 1163 2020
555 749 1316 1994
511 811 1259 1992
486 876 1173 2061
524 756 1169 1920
535 868 1175 1848
481 802 1199 1999
536 834 1310 1734
530 839 1373 2020
8 7 5 7
6 5 10 6
7 8 5 9
8 8 5 5
9 9 10 5
5 6 5 9
8 8 9 10
5 10 8 5
6 5 9 5
5 9 5 10
8 5 10 5
6 9 9 8
9 8 8 7
5 6 7 8
1 2 8 2
0 1 0 0
0 0 0 1
0 0 1 0
0 1 0 0
2 1 1 3
0 1 1 0
0 0 0 0
0 1 3 0
0 1 1 1
0 1 0 3
1 1 0 1
0 1 1 0
1 0 2 0
0 0 2 4
