14 4 2
419 731 1483
365 1124
524
588 1067 1583 2254
576 1165 1767 2099
595 1142 1722 2393
653 980 1759 2324
593 1135 1841 2266
615 1099 1544 2044
654 1111 1699 2218
649 1142 1517 2264
640 1014 1653 2144
542 990 1735 2084
542 987 1749 2148
561 1143 1721 2426
586 978 1567 2102
552 994 1548 2311
5 10 9 8
7 8 10 10
9 8 8 10
5 9 9 7
8 6 5 6
7 7 7 9
8 7 10 8
9 8 7 10
8 5 5 10
7 10 6 8
10 5 9 10
9 10 8 8
10 7 8 6
9 10 8 6
0 0 9 2
1 2 2 1
0 1 0 1
0 1 0 1
0 0 1 0
1 2 0 2
1 0 1 0
1 1 1 0
3 1 0 0
1 0 2 0
0 1 0 0
0 0 0 0
1 1 0 1
0 1 0 0
0 0 0 0
