7 3 10 1000
213 755
622
540 806 1527
556 893 1377
525 844 1353
504 913 1567
492 776 1484
496 769 1387
552 760 1494
117 100 123
114 198 191
181 185 191
168 177 153
152 153 194
197 152 162
194 105 129
29 83 28
28 16 32
26 25 22
32 40 41
23 38 23
29 21 29
37 29 25
16 39 30
22 32 23
25 23 22
31 19 27
29 25 39
31 34 30
20 17 23
26 13 13
33 43 42
39 14 28
36 26 33
28 41 31
34 15 18
30 30 32
18 40 32
19 28 30
33 38 33
37 27 26
25 46 25
23 28 38
34 24 27
27 23 24
31 32 23
16 29 18
17 18 33
26 21 26
23 22 22
27 25 24
22 21 20
29 43 34
15 39 20
39 16 26
29 20 28
32 30 31
32 40 43
17 30 29
39 25 36
38 30 31
27 28 35
25 32 20
32 17 27
28 36 22
22 42 19
30 44 32
19 29 33
20 30 22
33 31 34
29 14 37
29 23 27
36 45 32
15 24 22
40 22 27
17 34 33
26 33 21
24 28 42
27 35 17
30 23 17
18 20 38
31 39 28
43 22 36
27 30 44
36 21 25
28 17 17
27 40 21
22 33 28
41 36 34
14 25 25
28 30 14
30 38 27
34 26 43
24 31 41
33 25 20
16 16 28
24 21 26
46 26 43
37 35 31
32 26 35
28 24 27
40 16 42
25 42 17
36 27 34
17 26 43
29 20 23
26 33 27
42 27 46
20 33 21
26 40 35
40 18 31
24 19 36
44 16 14
18 21 21
40 16 19
28 37 38
24 28 29
36 42 44
43 26 32
28 13 42
25 31 29
27 17 35
29 40 26
31 34 39
17 42 44
35 22 44
22 32 36
40 34 24
24 33 19
24 37 21
25 16 25
29 23 22
34 26 22
22 27 44
42 15 29
35 32 28
17 16 45
28 23 31
27 28 39
27 32 23
46 30 29
29 25 20
24 30 22
41 26 32
39 33 36
25 17 22
38 27 38
24 27 36
27 32 17
25 43 20
27 23 26
20 32 37
21 32 24
26 37 28
33 32 33
14 29 31
39 41 20
18 38 19
33 37 26
25 28 15
19 43 27
38 38 27
38 30 28
28 25 16
30 33 41
42 31 24
29 30 24
26 23 37
18 38 45
32 27 32
23 34 16
22 32 32
29 15 25
20 31 28
20 44 26
44 32 24
34 25 27
28 27 16
32 24 36
24 24 27
25 35 23
43 25 40
27 37 28
19 17 15
28 45 27
40 27 28
32 20 35
27 30 31
31 13 21
45 19 29
24 17 43
21 29 16
14 36 32
17 17 32
20 19 13
21 22 24
35 43 31
25 27 42
21 27 37
13 31 23
40 30 35
26 35 34
24 36 34
19 23 38
28 21 29
25 38 31
38 46 40
29 29 24
25 40 41
33 27 34
26 32 19
30 17 29
40 27 16
41 26 29
32 22 26
37 23 35
27 38 20
44 41 30
43 32 20
38 22 24
42 37 24
24 35 18
41 23 33
30 26 32
28 22 39
20 21 44
15 24 26
14 27 43
26 26 20
36 38 26
37 33 27
25 33 22
23 29 25
31 28 26
25 38 24
13 25 21
22 33 33
43 42 24
32 32 21
42 25 33
24 34 19
38 18 20
16 19 37
32 19 22
18 25 41
32 26 22
26 20 44
21 32 34
28 42 30
36 32 17
30 37 28
14 39 29
30 35 26
33 41 21
37 31 29
40 16 44
36 35 21
20 41 33
33 28 32
24 27 22
25 33 13
22 23 22
43 31 19
28 26 18
30 28 40
43 27 27
35 24 31
24 18 30
22 31 45
38 34 32
25 38 25
32 23 22
28 24 32
27 33 32
43 27 14
37 17 18
33 25 32
37 29 17
32 19 26
25 21 36
37 27 20
41 14 26
28 26 14
20 37 43
17 16 27
30 26 17
25 15 32
23 16 17
32 15 29
40 16 30
35 34 19
27 30 18
31 38 42
25 32 43
35 15 26
27 21 17
20 22 26
33 20 15
23 42 20
43 21 41
24 27 22
26 46 34
34 21 19
31 41 25
24 38 22
29 26 43
20 13 27
16 31 30
43 32 35
18 24 30
26 28 13
22 40 25
28 44 20
45 31 33
28 19 39
19 39 41
33 34 23
40 32 28
29 40 29
41 16 26
44 43 19
21 20 40
27 34 28
29 21 25
43 41 19
20 13 17
38 22 26
26 19 26
30 25 32
31 34 20
24 43 18
13 35 27
24 29 25
30 34 16
27 20 16
41 42 18
26 18 21
31 37 33
45 35 31
21 38 15
19 32 24
30 23 39
39 20 30
20 21 20
33 18 30
13 27 27
38 31 22
23 34 41
19 40 23
15 21 13
33 30 24
30 16 33
26 21 35
26 19 25
33 41 35
34 31 25
25 39 16
30 19 16
21 38 28
37 29 36
41 43 27
35 23 23
27 42 29
33 42 37
35 13 28
24 37 24
29 28 27
15 21 28
31 24 32
31 38 30
43 19 39
33 29 42
15 14 19
31 40 18
23 40 26
31 25 28
19 26 36
31 26 26
29 40 30
21 23 22
23 18 23
29 38 31
20 31 42
16 24 29
27 14 29
35 32 35
17 19 17
43 30 27
17 16 24
29 41 21
30 24 37
21 21 20
15 18 23
13 31 27
29 25 23
28 35 14
27 35 21
29 18 20
46 15 38
27 41 44
26 22 29
28 28 29
30 19 30
29 29 24
19 24 32
32 19 20
27 17 20
22 29 18
15 30 41
35 37 35
29 30 38
36 18 20
24 27 19
31 26 44
21 29 35
28 45 24
20 28 37
13 29 18
43 24 23
19 27 42
31 30 23
40 25 45
23 39 31
35 24 46
16 31 15
34 28 33
35 36 14
29 32 37
27 30 41
32 43 23
38 22 25
46 32 16
33 30 38
21 20 32
29 21 26
38 29 26
22 23 22
24 36 18
36 19 25
32 38 40
19 28 34
33 25 27
25 45 16
36 42 38
43 31 25
29 42 21
19 15 14
17 37 24
27 18 24
34 19 32
24 37 18
28 36 16
33 32 36
17 24 31
20 32 17
20 43 17
20 21 37
25 27 25
18 29 34
26 18 17
27 35 26
40 44 29
24 35 24
36 35 22
30 15 22
20 23 38
39 18 24
32 27 26
15 42 20
17 29 23
33 20 24
34 14 37
20 38 25
37 29 35
25 37 23
27 18 19
23 28 38
31 22 35
16 18 27
22 45 19
26 24 23
25 41 17
43 26 26
40 29 21
25 22 30
25 27 30
29 16 45
46 30 15
33 40 39
35 38 27
33 43 22
33 38 33
25 19 15
26 17 34
33 32 31
29 26 28
14 26 32
39 19 26
22 29 33
31 44 27
46 34 30
24 29 21
38 39 27
27 25 37
24 39 19
40 31 22
29 35 41
20 30 43
39 25 25
33 36 42
45 32 27
33 26 25
25 34 36
22 16 38
21 26 26
35 33 36
39 39 40
20 31 23
15 30 26
40 44 21
25 35 24
37 23 25
35 30 28
36 31 40
20 38 31
33 34 45
40 18 18
37 32 42
35 32 32
33 20 19
30 35 38
36 25 38
35 23 29
41 45 13
33 42 27
25 27 37
14 27 17
22 31 19
35 29 22
33 28 17
18 18 24
39 34 43
43 28 19
41 45 29
21 34 28
25 31 19
26 20 35
30 22 44
37 26 41
36 39 31
16 14 31
40 20 33
41 26 31
20 38 43
18 20 19
27 35 38
31 24 23
25 42 20
42 20 36
16 33 34
24 36 28
21 35 19
29 41 38
20 26 22
28 28 18
40 30 41
15 44 24
21 26 32
29 20 23
42 27 33
25 26 25
24 23 14
29 28 39
38 27 18
21 38 27
33 18 34
18 29 34
43 24 34
27 31 21
42 33 32
16 32 31
36 31 33
37 16 16
37 31 37
30 45 29
19 37 35
39 19 45
45 24 32
18 46 28
25 39 27
24 31 17
28 27 31
39 41 18
40 22 37
21 21 17
38 39 24
31 25 32
22 32 27
14 14 25
27 28 23
23 41 20
32 27 25
36 34 26
38 33 37
43 37 30
23 15 30
22 31 22
46 38 39
15 28 24
42 43 20
33 18 31
17 28 31
37 20 29
41 16 26
44 23 28
32 28 20
36 32 46
34 36 15
25 35 30
33 34 22
27 37 28
27 27 31
34 25 18
32 16 45
21 33 36
20 29 39
29 36 19
15 31 33
19 20 43
44 16 24
31 36 39
30 44 43
18 20 33
21 30 31
32 24 22
24 39 33
28 30 28
18 33 23
21 25 40
32 26 38
24 46 18
17 30 27
24 21 17
28 43 26
41 32 22
27 15 29
29 22 28
43 26 29
28 20 14
17 32 37
24 28 40
42 34 29
20 29 32
37 26 44
34 13 41
14 26 19
26 45 27
33 24 31
44 16 13
26 34 32
20 21 30
22 33 25
17 30 28
15 35 34
40 38 25
29 34 14
27 13 33
21 27 20
26 35 17
32 32 39
32 35 33
24 27 30
36 40 32
41 23 25
31 32 42
39 31 21
31 30 15
21 43 23
22 17 15
43 31 27
30 36 36
24 16 35
17 26 39
32 14 16
30 22 21
35 27 35
28 16 46
21 28 28
24 21 22
28 27 25
40 27 30
21 33 19
27 37 27
34 23 27
33 33 19
37 23 14
41 39 34
13 37 27
28 34 41
25 40 14
28 14 34
23 26 28
29 29 29
20 33 17
23 29 41
16 34 19
40 13 30
32 32 24
25 39 27
32 42 13
28 22 17
32 26 46
36 41 37
45 29 32
19 34 19
36 25 35
20 28 26
22 30 34
14 24 33
22 46 30
13 27 27
23 26 30
26 36 22
25 21 20
28 24 26
28 34 32
29 29 20
32 20 23
25 44 24
39 33 39
27 25 13
27 21 31
32 14 28
22 22 31
36 22 33
32 18 39
35 24 41
35 34 39
40 28 43
16 30 17
27 26 23
22 28 43
31 37 38
38 21 16
30 25 33
17 33 40
23 35 38
22 21 25
30 24 16
40 28 17
23 31 36
23 34 24
32 37 27
32 22 33
31 34 19
17 30 27
17 22 37
20 45 29
22 36 22
39 20 18
23 35 27
35 17 19
37 43 30
27 42 16
27 34 22
37 29 33
38 28 41
18 27 31
20 30 16
39 23 35
24 19 35
19 35 38
27 34 21
44 45 42
23 22 18
44 18 17
34 30 29
25 26 45
36 24 33
17 14 31
19 24 31
25 35 29
23 35 15
31 36 26
27 29 16
23 46 17
29 31 20
28 38 35
13 22 27
30 26 25
17 17 23
25 40 32
37 24 28
28 36 43
21 32 28
40 36 31
15 13 32
22 33 39
34 28 24
33 18 30
24 24 31
28 36 20
27 39 45
20 24 29
31 21 20
37 34 38
29 31 27
28 41 36
28 23 25
35 22 43
20 37 41
36 37 29
15 17 22
30 21 38
43 43 33
23 27 39
32 29 26
42 21 30
17 19 26
17 26 29
33 29 22
36 26 23
14 16 35
27 43 28
29 38 40
37 14 44
24 15 40
37 26 28
30 24 32
23 25 17
43 30 38
38 28 35
17 34 32
20 17 20
13 25 14
36 36 29
20 36 23
25 38 20
41 24 26
36 29 25
36 38 30
39 41 33
18 13 30
18 22 23
39 35 44
25 27 15
22 13 27
18 26 17
28 28 15
40 15 14
24 27 38
32 24 25
30 28 34
22 14 46
34 27 37
16 23 25
31 32 30
20 13 17
36 17 44
25 22 33
37 26 24
21 36 26
46 33 22
19 30 15
23 22 22
33 15 30
22 38 20
27 35 29
38 38 20
40 17 27
31 24 23
32 16 21
38 26 36
23 23 30
28 46 25
32 28 36
23 34 45
31 22 19
28 40 41
17 16 30
33 40 26
13 13 30
41 33 36
16 46 36
28 28 22
32 33 23
28 43 36
25 23 43
42 28 32
36 39 40
15 15 36
34 27 29
14 38 42
17 31 42
38 23 18
22 27 24
23 25 30
19 25 23
42 21 27
24 36 15
44 18 26
22 33 34
25 32 45
31 25 18
44 39 24
23 42 29
15 33 25
21 16 26
31 38 33
17 25 23
19 36 28
24 19 32
18 44 33
21 16 24
44 28 20
40 39 18
15 34 28
37 15 20
32 15 17
32 27 28
35 30 17
32 36 14
17 23 28
20 13 42
34 31 39
16 17 22
36 22 32
32 25 17
31 38 24
27 20 35
33 24 21
29 42 15
17 27 25
40 30 25
29 34 40
22 17 17
38 38 31
16 19 33
34 30 19
29 33 28
31 22 36
18 18 33
31 26 32
35 25 25
29 19 25
25 42 13
25 32 31
39 31 40
25 37 44
29 32 37
19 35 26
44 33 29
25 34 37
43 31 17
32 38 20
33 24 19
17 40 31
34 18 16
37 21 33
22 16 13
24 43 22
26 27 38
23 39 21
32 27 33
21 22 45
32 19 24
17 28 43
32 19 23
42 33 28
25 33 16
26 30 19
19 33 23
18 17 20
18 22 18
43 20 29
33 31 31
28 38 35
38 43 17
14 38 37
23 36 35
21 33 19
43 23 24
30 13 32
36 29 15
23 23 42
38 19 24
30 31 37
31 38 40
40 22 16
35 29 38
41 30 15
44 14 25
43 46 44
36 37 38
19 43 22
25 24 33
30 15 26
23 30 36
27 24 22
46 31 22
27 23 39
17 17 25
20 33 23
29 44 37
15 33 35
13 36 30
20 30 38
40 31 44
30 15 24
27 21 33
28 28 27
31 41 43
34 16 15
31 19 31
35 19 26
15 44 27
41 20 26
19 37 26
39 33 23
24 22 15
38 36 31
43 31 30
25 32 42
38 26 28
17 34 33
39 28 17
20 40 17
28 35 42
31 25 37
38 29 16
28 35 29
26 32 31
35 24 24
31 34 28
31 36 28
37 24 44
33 28 44
31 31 18
19 40 31
27 22 25
27 36 22
36 37 38
20 18 23
34 36 32
45 32 26
44 43 26
15 29 35
29 31 35
36 35 24
34 28 31
24 14 25
39 20 29
37 42 31
30 24 23
32 40 21
44 22 26
33 31 24
32 33 22
32 36 42
33 21 23
45 38 37
18 25 33
42 43 32
31 34 33
21 31 40
21 29 28
18 17 24
37 28 27
30 32 32
30 26 27
16 21 25
27 20 46
19 35 13
45 37 23
23 18 21
41 45 31
28 20 34
24 40 36
14 24 29
17 18 36
21 33 36
27 31 37
26 35 20
37 28 33
32 26 44
28 31 19
26 19 19
22 45 32
27 24 15
35 19 36
41 37 44
34 29 29
24 36 16
15 28 24
32 21 29
38 23 45
23 44 25
37 37 19
13 22 28
41 40 30
40 15 18
42 21 25
32 40 31
20 15 22
39 33 24
30 16 29
29 15 22
21 38 31
34 15 25
35 27 22
26 35 26
25 29 30
23 38 41
34 17 23
23 16 22
24 33 24
22 13 39
32 16 33
13 35 30
29 34 24
37 45 34
37 32 31
29 31 39
28 40 15
32 18 25
35 20 27
24 30 42
26 26 22
27 19 24
13 19 44
19 26 37
38 22 24
30 21 30
30 37 34
39 25 27
19 27 29
16 20 18
40 34 38
28 35 35
30 42 29
21 28 29
25 20 43
39 29 32
19 16 31
29 34 30
25 34 37
16 17 23
29 27 28
43 23 25
38 18 37
43 28 34
16 27 29
34 34 42
27 20 28
44 39 32
25 20 26
34 21 14
33 28 22
15 36 27
34 15 30
24 38 33
38 45 36
29 25 33
18 21 37
44 43 31
36 28 17
14 42 37
27 22 25
13 29 34
29 32 27
18 38 27
44 34 16
40 31 19
29 21 27
34 37 41
18 46 14
36 26 26
26 23 32
30 29 19
30 27 29
30 36 35
16 45 18
26 42 23
18 26 15
23 24 29
20 30 29
28 33 36
34 25 14
32 30 35
29 23 28
38 39 23
17 45 40
37 22 45
20 33 40
41 28 21
27 36 34
14 32 22
23 36 16
45 33 39
38 45 29
33 19 34
27 37 16
13 37 39
42 23 30
28 45 19
43 45 22
36 16 25
33 46 23
31 33 33
16 29 21
17 20 19
35 25 41
44 39 44
13 45 35
25 26 17
36 39 40
25 43 20
39 27 19
14 24 38
46 33 30
41 24 19
34 28 40
35 29 46
26 31 33
24 34 37
20 26 24
28 32 33
36 29 39
40 35 16
25 32 35
46 14 41
29 26 20
35 43 28
18 27 19
35 31 21
44 40 45
28 20 21
19 29 15
38 22 23
28 38 36
20 20 16
26 14 20
19 43 37
22 20 33
29 37 36
32 19 45
33 28 39
24 16 45
25 34 18
21 19 32
19 32 33
31 26 37
17 24 41
35 16 26
31 15 19
31 46 13
25 36 28
33 14 36
26 23 14
34 29 30
44 24 45
21 16 19
28 19 17
21 23 25
38 23 42
42 34 46
42 32 44
40 30 16
32 31 27
34 26 24
36 25 20
19 29 45
22 44 23
14 21 24
25 32 23
29 36 20
45 18 31
35 21 22
20 18 29
32 13 17
23 26 36
44 30 42
35 34 16
20 20 30
30 27 40
33 21 39
21 21 21
38 32 20
37 28 24
43 23 26
21 21 14
45 21 32
22 34 34
35 24 26
40 20 38
38 41 18
38 25 24
30 35 27
44 28 32
24 25 36
15 23 46
21 43 27
30 30 15
25 22 23
29 25 31
25 29 14
24 17 41
36 41 24
41 27 24
43 27 17
24 20 20
39 43 35
29 36 15
33 38 35
44 32 20
28 28 35
34 29 23
39 34 21
38 23 16
26 36 24
18 44 32
31 34 23
19 34 25
27 20 31
29 38 42
32 31 24
36 25 17
18 34 41
16 42 33
27 37 22
45 23 29
28 20 26
27 29 18
23 46 37
27 34 32
33 26 16
26 37 29
14 40 44
18 28 30
31 28 24
13 28 16
36 18 23
22 13 23
39 32 24
35 32 39
16 18 44
25 34 16
13 36 33
32 13 19
26 36 30
34 30 27
30 28 30
13 24 29
30 33 37
34 34 46
29 24 31
26 18 30
27 33 37
23 31 34
38 38 31
36 24 42
30 24 37
41 33 33
32 22 35
21 43 35
28 38 22
41 40 44
35 45 30
40 44 26
28 37 22
36 26 30
16 18 44
45 32 22
38 17 25
13 14 17
28 39 44
20 23 40
32 17 25
42 17 42
42 31 19
45 37 21
37 27 32
22 22 27
42 34 26
28 25 13
23 35 14
33 32 13
14 28 40
46 36 20
38 29 25
34 16 32
28 30 38
19 42 26
33 23 30
22 24 29
27 18 26
41 21 32
23 16 33
19 28 24
24 40 38
19 32 29
29 32 19
15 27 16
26 16 40
41 32 24
37 29 31
29 24 24
23 27 23
23 40 15
15 25 19
17 46 16
42 30 20
43 24 37
36 22 32
18 28 30
26 27 18
32 41 36
20 42 33
24 31 39
42 24 18
13 39 31
37 19 31
23 26 21
43 22 41
21 29 24
30 18 34
30 15 22
16 21 30
30 22 29
18 34 31
26 30 41
42 26 18
27 41 41
20 32 46
26 27 19
44 32 21
33 33 43
36 20 28
42 35 17
17 32 25
24 33 33
31 34 26
19 30 29
42 23 29
41 31 35
37 23 15
28 28 42
29 31 42
33 33 13
30 29 27
36 28 46
39 27 31
30 20 26
25 37 28
27 37 23
41 40 28
22 19 37
17 17 22
29 28 27
31 27 30
29 36 45
25 18 28
26 41 18
39 29 31
38 39 31
34 16 13
29 29 34
46 26 34
19 22 29
46 29 18
36 22 35
24 34 35
38 19 31
25 26 16
33 18 33
38 28 18
31 15 22
22 26 38
45 30 35
16 19 22
30 22 19
35 30 14
21 40 14
28 22 25
18 26 20
32 42 35
21 23 27
29 24 26
37 33 33
21 25 28
25 46 21
14 22 44
25 35 16
20 26 16
27 23 26
20 27 33
17 33 25
30 21 27
30 43 37
33 38 17
24 17 35
40 14 20
21 45 36
33 37 44
38 29 21
30 31 31
25 31 29
46 32 34
21 19 27
42 45 34
33 32 31
23 39 29
17 40 44
33 34 24
42 28 23
45 23 21
25 32 15
20 19 27
35 29 42
24 32 37
30 33 32
25 21 42
31 35 46
36 28 21
32 42 19
22 26 46
22 27 24
35 31 29
36 34 25
38 22 26
27 30 34
24 25 25
32 29 24
28 24 22
17 28 44
29 26 20
33 45 36
39 32 24
42 19 20
25 16 37
17 22 24
24 13 22
26 37 27
24 20 28
22 20 31
36 17 27
22 15 21
33 34 32
27 21 35
29 42 26
14 33 36
37 43 13
37 15 29
46 16 16
37 25 29
28 23 30
25 20 36
34 41 18
23 30 21
23 29 36
26 24 29
34 26 32
38 27 29
26 32 29
26 22 29
22 23 24
36 27 25
16 28 16
20 46 20
37 43 42
40 34 45
34 37 36
32 20 38
23 23 25
29 35 22
24 33 37
23 24 27
45 44 32
16 41 13
19 32 20
24 39 44
28 15 43
39 23 30
34 33 28
29 34 24
37 20 23
18 25 45
29 35 30
45 32 34
24 19 46
25 41 24
16 25 20
22 44 25
42 45 38
28 18 25
23 24 34
44 33 40
17 35 32
37 19 32
38 31 46
41 26 21
23 23 46
16 16 21
23 30 16
27 21 31
18 21 13
20 13 25
26 23 24
42 36 46
38 45 27
42 35 32
26 25 28
23 18 36
41 14 33
25 20 24
37 26 45
27 23 13
32 21 32
33 27 33
33 27 22
44 20 29
34 18 19
33 38 39
20 20 29
35 24 39
35 18 30
26 33 17
32 29 23
24 15 32
40 27 37
38 26 34
32 25 36
20 24 25
38 34 24
19 35 25
46 17 35
29 35 32
21 34 32
28 29 31
34 20 32
30 16 28
15 25 27
21 22 25
25 23 28
29 32 26
33 13 28
36 35 29
13 20 29
20 42 22
20 43 36
25 42 41
32 34 34
24 37 25
24 20 46
45 33 42
32 32 32
28 33 38
16 37 16
22 30 33
21 22 35
34 21 37
25 37 24
24 16 33
36 28 22
25 20 32
41 26 25
40 23 22
32 17 39
21 23 33
27 31 39
20 33 44
41 30 36
16 19 31
31 32 32
19 25 30
21 22 19
20 38 25
36 31 29
16 27 32
31 13 27
44 27 21
38 29 22
18 30 27
22 42 25
38 22 17
20 15 29
29 22 44
45 27 14
32 32 43
26 40 18
32 23 18
21 38 14
42 30 31
31 15 26
34 41 33
40 23 26
17 42 27
22 17 32
18 20 30
18 25 37
31 31 44
29 34 25
31 17 38
33 28 26
46 28 14
27 22 32
18 29 20
37 21 13
37 36 34
35 24 35
30 34 36
33 35 38
14 29 30
39 16 28
20 28 13
16 28 35
23 25 13
17 25 19
43 28 42
28 30 33
31 13 30
27 29 26
27 16 33
46 23 28
29 34 25
21 18 38
33 31 25
19 21 42
16 24 17
43 27 40
23 30 24
29 25 24
16 31 14
26 44 26
16 18 27
31 34 20
42 31 37
37 17 34
27 17 23
29 24 37
22 23 29
29 34 14
35 33 22
22 26 25
36 27 19
29 20 29
18 24 31
35 35 27
26 31 23
34 24 39
38 29 24
41 39 18
29 22 38
25 16 23
30 16 31
17 23 14
27 37 31
36 32 41
17 34 34
43 25 22
36 21 34
44 32 21
44 27 36
19 34 35
30 44 23
36 31 14
24 19 23
33 19 34
24 43 21
38 27 19
17 38 22
20 24 23
39 23 23
36 45 25
22 30 17
13 31 17
36 30 28
29 34 24
40 29 29
15 30 30
26 31 17
32 22 28
16 32 19
38 21 32
29 46 18
37 31 37
40 22 36
24 26 31
40 34 24
38 28 19
23 35 24
33 31 30
42 26 36
42 21 38
32 25 35
35 31 24
18 40 24
34 28 14
44 19 34
40 25 23
30 44 24
41 25 33
36 26 32
22 15 27
32 44 24
18 18 38
17 17 44
34 14 14
29 31 38
21 46 38
27 23 38
24 42 36
36 46 32
37 24 21
38 22 20
27 46 26
27 36 24
23 27 32
28 22 35
40 41 20
19 36 45
24 19 36
37 26 33
18 22 33
30 25 39
34 40 30
36 25 19
16 39 27
40 29 26
44 36 45
22 32 24
21 29 27
33 37 20
42 26 42
35 21 14
46 45 37
27 30 20
29 35 26
43 39 29
37 21 27
20 17 21
41 38 30
25 43 39
35 24 25
27 32 24
25 46 33
21 20 32
39 14 44
38 22 19
30 30 27
35 23 21
29 16 29
27 27 45
18 14 22
33 29 29
29 24 33
35 26 30
39 46 24
16 24 27
28 25 34
37 18 20
22 29 22
37 21 34
20 33 26
32 25 27
27 28 41
33 18 44
17 16 27
26 32 42
36 38 37
36 31 21
29 18 22
20 22 16
31 24 24
37 27 21
22 29 22
41 23 40
30 45 39
13 22 20
18 16 20
45 20 27
21 27 29
46 25 18
21 18 14
38 36 21
42 32 22
27 23 29
46 37 24
14 33 30
22 38 31
26 20 17
19 34 26
36 40 23
16 19 42
22 14 24
14 26 29
34 28 40
29 37 17
37 36 17
31 37 32
23 23 46
22 18 29
29 32 16
18 17 32
24 38 31
21 14 34
37 26 28
42 28 31
31 30 23
26 37 30
30 35 22
38 18 44
34 33 35
17 23 31
29 32 37
37 15 46
22 35 28
27 28 29
41 22 42
32 30 29
19 32 18
34 19 33
23 23 26
18 32 34
32 18 45
17 26 46
22 24 36
26 35 16
23 40 42
46 41 18
35 34 27
27 38 15
37 26 46
34 40 39
36 19 35
39 38 30
35 39 41
26 28 24
42 29 23
15 42 24
33 45 40
20 44 32
42 24 32
24 31 16
43 32 25
31 27 18
29 30 34
34 24 24
34 44 22
19 30 22
28 22 24
14 32 42
35 38 34
20 43 40
30 18 30
25 26 44
24 26 35
37 19 13
35 33 16
20 22 24
33 40 45
21 20 44
20 24 31
38 20 37
14 20 40
15 40 23
26 26 19
29 23 38
25 34 26
21 44 27
28 29 19
22 25 45
36 20 40
30 32 29
15 22 32
30 25 39
28 29 21
41 20 27
30 14 30
37 29 29
28 23 45
21 29 28
24 40 36
40 13 30
40 34 24
32 26 46
34 20 42
21 14 30
19 29 36
15 15 22
14 41 29
25 28 22
31 21 21
26 28 21
20 22 16
14 24 20
35 25 43
29 27 27
25 42 30
31 15 30
31 19 19
14 19 24
22 18 37
27 38 26
43 35 14
31 32 33
40 26 45
29 26 41
23 26 16
23 31 13
28 19 18
31 42 14
44 39 20
23 24 23
26 33 44
20 33 35
38 21 40
35 30 36
34 28 18
37 46 13
22 31 34
38 38 26
32 28 36
39 34 32
29 29 27
23 32 28
26 38 15
21 23 32
21 31 33
36 29 28
24 24 13
46 25 18
32 14 35
19 16 37
33 29 39
16 29 18
42 24 31
38 20 36
24 36 27
43 36 36
32 39 36
34 20 24
18 44 22
17 32 34
26 30 23
44 34 20
25 40 16
20 32 18
27 33 24
30 26 39
22 15 18
23 22 21
28 40 28
17 30 27
38 33 26
42 40 20
16 23 31
36 23 38
36 27 37
24 30 15
35 35 31
26 44 33
41 14 24
27 29 14
29 25 23
31 25 20
22 15 26
19 33 46
42 36 28
27 18 22
23 45 38
32 24 18
34 36 19
23 28 16
41 20 21
19 26 17
29 31 32
18 29 20
34 34 35
28 25 21
33 21 37
15 29 14
45 46 24
27 36 43
38 36 13
40 28 35
42 26 29
38 31 15
26 22 21
30 25 22
31 35 29
14 19 21
36 26 38
19 19 17
23 40 33
29 32 20
19 22 21
30 35 13
30 33 25
28 44 22
39 24 40
30 34 44
34 41 36
27 37 27
14 29 27
18 14 26
31 36 33
26 30 25
40 24 28
42 19 42
25 28 34
26 22 16
32 36 31
14 17 14
30 26 18
36 42 15
32 18 36
24 34 25
33 29 42
29 26 15
40 35 19
28 36 32
21 27 20
14 15 33
40 43 30
27 44 34
18 16 22
23 32 28
17 20 25
34 13 20
31 23 38
21 30 16
23 29 32
26 21 23
34 35 22
18 14 23
34 43 31
15 31 30
26 39 18
46 15 25
28 21 36
45 23 31
25 30 39
27 33 24
28 23 25
26 35 30
30 25 24
21 14 26
39 21 17
28 26 24
25 17 37
33 36 27
35 45 23
40 21 21
26 26 37
13 19 46
26 28 33
25 30 19
17 18 19
24 16 26
39 29 29
29 24 21
15 19 29
20 26 37
41 31 27
45 20 16
20 24 30
41 43 26
23 42 25
29 23 35
20 34 20
40 29 34
33 41 31
14 23 35
37 22 38
14 28 24
33 30 27
19 18 15
26 42 15
34 32 29
46 24 45
30 31 20
39 31 43
30 25 16
33 29 16
28 16 18
21 21 38
24 27 23
19 37 32
18 22 17
35 30 22
35 22 20
36 24 25
29 23 39
20 21 19
30 39 17
38 42 25
17 43 17
24 27 21
23 37 15
22 39 43
37 28 42
20 26 36
25 21 42
32 19 30
26 36 22
33 40 43
29 18 30
23 31 22
18 26 27
17 46 28
39 32 43
27 27 34
20 38 26
23 19 28
25 33 17
20 32 17
13 23 15
29 30 15
46 37 33
40 26 24
16 37 37
18 27 15
34 34 35
20 18 21
20 32 27
28 25 17
36 37 36
40 40 37
35 19 32
22 16 36
37 27 45
25 15 31
29 29 29
14 42 24
24 30 44
24 30 27
27 27 37
27 27 36
27 26 35
32 44 31
14 22 38
31 26 16
16 22 28
29 27 22
24 28 18
36 36 36
33 28 18
19 24 46
25 22 30
27 24 38
44 39 40
27 32 21
37 22 33
36 35 21
21 39 16
29 29 18
19 34 21
32 34 13
29 40 19
35 25 16
24 22 29
29 26 20
37 16 17
33 14 34
39 28 21
24 41 29
32 28 30
34 24 19
39 39 27
25 43 28
17 20 21
41 30 36
41 24 37
34 28 27
39 39 23
26 25 23
31 31 26
41 37 16
34 41 25
24 29 28
31 19 16
35 42 19
28 45 24
20 27 29
23 43 14
28 43 29
30 26 35
32 20 18
35 17 28
19 39 20
38 13 33
19 30 13
23 29 46
36 23 37
26 26 24
31 40 20
32 36 30
43 33 27
39 41 23
14 17 18
33 34 19
22 13 30
24 29 16
13 25 13
35 24 43
18 31 24
22 27 33
19 36 20
26 37 35
23 13 39
36 35 18
21 26 40
36 19 29
18 40 35
19 18 41
35 17 18
13 31 21
25 28 24
15 39 38
33 31 27
31 26 24
21 26 21
35 20 31
37 24 24
42 41 24
44 44 46
30 21 19
36 18 34
22 27 14
23 17 33
37 33 29
22 25 41
25 28 26
33 17 34
32 22 37
20 39 31
28 28 43
14 20 25
20 20 34
21 23 39
20 23 16
42 29 38
38 32 41
26 37 16
20 18 23
16 44 30
25 24 18
30 31 20
17 24 35
30 37 24
43 39 18
21 31 28
44 26 43
36 24 21
31 33 33
38 38 46
27 28 32
29 29 43
22 42 22
17 43 41
20 41 23
35 44 20
32 32 37
40 28 22
27 16 32
22 24 15
32 21 25
23 32 17
26 23 20
31 15 18
36 21 44
32 27 33
35 38 21
15 34 27
37 20 29
28 30 33
44 23 37
42 28 34
22 34 30
27 38 26
39 34 14
44 26 39
35 25 34
34 25 33
45 34 13
26 36 44
20 32 35
29 17 23
46 35 28
31 27 27
19 33 31
21 21 14
34 24 25
20 18 33
30 22 39
45 19 25
38 22 24
22 33 33
38 28 46
42 45 22
13 37 19
15 26 21
34 26 20
22 44 15
19 28 28
42 19 32
24 34 39
39 41 31
23 30 36
34 42 18
25 39 27
21 16 30
37 15 28
33 31 13
32 39 16
31 43 30
34 26 18
31 36 21
16 38 45
30 19 40
32 27 18
16 16 22
26 39 16
32 14 28
33 27 32
25 22 30
32 35 30
28 36 30
40 31 17
33 32 32
46 19 38
35 36 19
32 34 34
20 37 31
25 32 19
15 31 38
39 27 27
28 41 35
20 26 29
36 19 20
20 42 23
43 29 41
24 35 39
14 13 34
32 16 39
36 14 31
30 42 23
18 42 32
19 25 35
18 37 23
26 16 36
26 25 33
16 27 39
30 34 23
32 27 31
30 15 18
41 34 28
36 13 35
23 25 28
30 34 25
24 27 45
34 28 29
35 14 28
30 21 25
30 31 30
39 23 23
28 38 44
17 19 34
30 33 18
27 43 27
32 28 26
46 34 34
43 46 29
19 22 17
32 25 24
16 44 17
42 34 21
41 25 23
31 26 22
35 18 22
41 34 24
20 17 24
29 23 34
24 42 18
29 39 18
28 23 29
34 23 14
38 44 29
31 42 27
38 45 35
39 44 37
36 22 28
21 32 24
17 43 26
37 34 27
18 20 29
32 19 36
37 38 33
29 27 45
26 19 19
32 16 32
29 36 21
25 17 28
35 37 32
43 22 31
36 31 16
28 36 35
26 18 14
20 22 33
30 18 22
37 26 34
18 43 18
19 33 13
41 39 38
36 16 20
39 31 26
22 27 37
32 23 19
26 34 32
30 17 21
24 34 17
43 32 25
42 25 31
38 26 30
20 18 18
32 43 21
27 16 35
26 34 33
35 36 35
23 21 23
28 34 38
13 41 20
27 30 20
22 28 37
35 17 36
27 41 20
20 25 43
17 39 31
26 23 46
20 20 26
35 31 32
38 14 38
30 23 37
18 27 26
30 30 30
24 21 24
28 22 23
16 20 34
19 17 35
24 36 13
22 36 22
19 20 36
28 23 26
44 14 34
35 28 28
20 37 33
38 31 41
33 26 26
33 34 46
24 24 26
21 30 38
29 18 44
29 39 35
46 44 26
21 30 31
20 19 25
31 29 43
30 22 18
29 23 21
16 39 38
21 17 40
28 24 15
42 37 39
36 30 41
25 30 27
26 27 32
27 20 24
17 31 20
37 19 39
15 20 13
29 21 36
22 34 13
36 17 40
25 40 19
41 33 22
43 23 17
32 36 25
16 25 22
17 36 20
24 27 22
24 27 44
27 15 28
32 31 30
39 25 37
20 27 32
24 29 24
43 38 29
46 35 23
30 30 22
25 33 43
35 24 22
23 21 37
34 30 38
34 36 42
23 22 38
22 23 24
28 14 21
44 32 27
25 15 29
16 23 36
35 22 20
33 39 42
28 37 35
17 24 32
25 15 20
35 37 27
46 29 34
27 30 33
21 39 27
30 25 25
43 22 25
41 20 25
42 26 41
24 36 21
14 35 18
42 23 23
38 34 29
20 43 28
38 15 22
30 41 23
32 28 29
31 29 41
17 26 23
17 38 19
34 33 44
39 37 17
44 27 23
14 33 34
35 26 31
39 17 35
46 25 39
27 20 15
32 29 17
34 37 20
19 43 42
41 34 46
18 29 23
26 25 36
23 21 38
27 27 36
36 33 38
41 27 33
14 32 45
29 41 18
15 27 35
37 39 36
16 32 36
31 23 39
38 20 44
38 45 27
28 34 29
26 32 22
26 31 24
19 38 22
18 15 16
37 36 22
31 25 19
16 21 16
29 26 19
30 38 32
22 22 23
21 38 20
36 23 19
31 39 27
31 29 31
38 19 22
14 28 18
21 27 43
14 38 21
31 33 40
19 26 32
36 22 37
28 20 44
24 45 39
24 44 25
27 39 36
46 28 24
44 19 20
22 23 35
29 25 25
23 28 37
28 35 19
17 21 22
37 27 23
25 42 26
22 32 23
43 27 33
14 23 23
14 27 24
30 18 33
39 25 23
26 20 30
41 24 26
43 31 32
13 30 42
20 30 23
18 14 22
19 32 18
34 33 40
34 34 28
30 28 34
37 36 23
44 27 35
44 27 45
21 32 36
40 19 21
41 33 32
25 22 21
15 27 35
34 20 19
20 35 35
24 40 45
30 30 34
29 37 41
34 45 19
39 45 19
16 21 30
45 25 35
22 13 25
23 44 44
43 22 24
31 34 43
18 31 26
37 20 23
36 34 21
26 19 36
25 29 30
26 28 36
39 20 26
14 18 17
35 44 27
24 35 23
36 21 23
17 19 15
33 27 21
28 21 36
31 43 21
25 26 41
26 19 39
40 25 23
34 20 34
42 13 38
30 40 30
34 42 32
30 39 20
24 28 18
39 40 46
32 26 37
40 34 20
26 19 17
31 20 20
28 28 19
29 32 42
33 20 30
26 36 39
36 41 35
38 25 30
34 23 39
17 21 42
26 15 38
14 37 19
33 19 31
41 28 27
34 36 30
26 24 16
21 41 31
20 17 28
24 40 20
33 21 28
16 23 17
27 33 22
27 41 28
25 38 32
30 43 24
17 34 26
37 14 14
41 33 34
29 45 26
16 32 24
16 24 32
38 38 26
45 25 27
21 36 45
13 27 19
35 42 34
19 22 17
22 25 16
29 24 31
31 33 33
32 29 43
26 23 30
20 37 29
22 25 37
42 21 21
44 28 20
25 20 40
37 27 30
21 37 34
29 14 17
34 37 30
28 19 44
27 32 22
16 16 24
20 34 26
24 28 36
34 46 22
46 23 18
27 30 26
42 34 27
45 23 37
21 30 20
14 35 28
41 42 22
22 20 28
16 14 29
22 39 34
27 31 33
16 24 35
19 26 37
41 16 38
33 27 45
32 35 20
38 38 20
44 19 23
31 46 24
24 40 43
25 28 26
32 42 15
14 29 18
18 34 36
22 40 24
21 15 42
45 18 31
20 26 35
27 35 14
20 22 28
42 41 42
15 31 30
37 19 45
20 20 16
16 38 22
30 24 45
29 36 27
29 27 37
25 18 34
25 35 44
32 44 34
25 42 37
28 36 19
27 34 28
22 36 15
21 34 42
35 23 32
31 20 13
35 20 28
16 31 18
33 30 43
42 20 30
20 30 21
31 24 33
15 26 32
22 29 27
36 23 36
24 16 41
26 22 24
36 25 39
44 27 23
39 42 34
41 28 42
40 28 34
28 33 28
24 29 31
34 15 30
41 30 20
39 32 27
26 35 23
31 22 14
21 21 37
29 30 13
38 16 24
22 32 37
26 35 41
26 32 17
37 38 29
38 41 41
18 42 27
35 36 25
21 30 16
22 36 46
28 23 30
19 34 29
15 26 42
18 26 14
30 29 16
26 37 26
19 35 30
37 34 24
22 36 29
30 28 20
23 27 32
32 16 43
19 18 33
24 22 18
38 20 24
40 29 24
35 40 32
15 33 25
27 31 17
42 32 26
24 23 28
31 25 29
32 18 22
36 33 32
21 23 28
31 29 28
27 23 20
27 28 42
38 22 34
32 17 24
20 43 30
31 22 43
33 30 19
24 26 33
23 29 38
21 28 36
17 36 34
33 21 24
38 27 29
21 43 19
18 16 42
42 44 23
24 23 45
41 40 40
19 25 23
32 27 14
39 33 18
26 39 37
24 21 27
33 37 43
16 27 17
25 35 36
31 33 31
16 18 38
27 26 17
44 32 31
46 21 43
28 25 33
20 34 40
27 24 33
18 26 22
45 16 35
18 26 24
32 40 22
34 23 22
25 22 32
32 44 23
26 32 24
44 25 25
27 24 24
35 23 42
21 32 28
30 45 34
33 24 37
17 25 30
33 44 20
35 26 27
27 30 28
23 31 16
23 34 25
20 39 33
17 35 34
15 36 34
39 30 24
39 34 37
39 40 37
28 34 39
24 34 30
31 34 19
27 25 23
20 20 41
25 23 44
26 42 29
38 23 21
24 25 45
13 29 38
32 33 45
20 29 36
31 33 23
32 39 26
15 17 19
24 24 21
30 23 42
34 28 28
38 26 31
25 35 17
24 40 14
20 32 24
32 13 18
14 32 36
38 26 42
41 22 30
15 28 33
19 21 43
45 34 29
29 42 27
16 25 16
34 26 38
44 44 42
44 36 25
34 38 30
42 34 18
23 32 29
26 15 25
15 34 35
29 17 29
25 23 29
32 25 32
33 29 13
14 25 44
32 40 20
13 21 29
27 22 41
31 23 18
13 27 29
38 27 18
41 34 44
40 22 19
45 13 27
28 33 29
39 35 19
30 27 45
29 36 18
19 41 39
29 24 32
32 39 29
38 46 22
17 37 29
27 35 13
36 17 20
27 37 34
20 30 24
45 31 29
24 24 29
26 24 27
44 45 15
31 14 37
22 26 44
34 42 15
13 45 13
25 17 40
18 29 32
24 44 24
24 34 26
30 20 31
33 35 39
24 37 28
17 35 33
35 28 21
22 18 34
16 18 30
29 28 25
22 25 46
18 18 25
36 24 35
16 30 33
13 31 21
17 23 27
22 22 45
24 28 18
43 35 31
31 30 28
29 35 13
28 35 24
30 23 42
16 20 28
21 30 34
23 23 22
30 18 28
29 38 25
20 15 22
32 39 29
24 39 38
34 26 26
40 22 32
20 31 20
21 22 22
23 25 29
22 34 45
29 31 36
25 38 22
30 25 36
17 14 35
33 42 43
23 43 40
30 24 36
24 33 23
42 34 22
25 34 39
35 19 27
23 27 25
20 23 23
30 17 28
22 34 40
14 40 27
21 26 22
32 40 25
33 29 19
33 15 28
28 13 35
18 46 25
39 27 16
19 40 32
38 22 24
30 20 24
26 30 32
38 30 31
42 21 29
28 26 17
46 24 32
35 25 30
15 36 29
14 21 22
20 32 26
25 43 21
36 17 24
25 28 39
34 27 31
37 30 23
46 23 39
15 32 14
36 35 19
38 29 16
33 46 27
17 22 31
24 36 36
26 32 24
22 20 30
43 32 44
32 32 20
31 40 23
35 14 37
23 18 18
25 24 16
34 26 25
42 20 29
31 26 38
36 24 18
19 31 25
26 36 41
25 25 42
37 38 18
40 22 33
23 27 18
39 28 28
23 22 15
21 34 27
33 27 33
45 21 20
42 16 27
38 31 30
31 28 27
22 45 33
23 24 25
39 38 39
29 41 28
25 22 25
15 27 30
34 16 25
30 29 15
38 24 45
32 15 24
26 16 38
31 41 17
24 20 24
23 35 40
36 16 33
32 38 26
30 44 34
30 28 32
19 17 31
22 28 32
24 37 27
26 28 40
39 20 27
38 36 43
15 39 33
15 41 45
25 39 31
45 14 37
17 28 32
44 24 41
45 24 18
26 27 33
37 31 42
13 34 20
34 28 36
38 42 36
42 24 28
42 19 26
30 17 36
21 13 30
22 23 30
37 34 33
41 37 23
30 38 41
35 35 35
26 32 23
25 27 20
38 28 17
27 26 26
24 20 35
28 28 36
44 24 43
33 39 23
33 41 35
40 29 24
26 17 23
22 30 24
19 14 37
29 21 36
27 41 28
34 29 24
30 38 28
34 32 17
15 27 36
24 30 32
23 25 42
30 33 40
21 25 13
13 37 21
33 17 20
30 28 26
21 31 37
42 23 21
17 46 23
25 41 38
34 18 34
20 21 23
46 41 25
20 29 37
35 22 26
36 20 17
28 22 44
24 35 21
35 31 33
39 33 26
13 42 26
29 18 22
20 20 23
14 40 13
24 14 34
26 25 45
35 31 30
22 42 20
23 26 31
20 38 13
26 30 30
13 15 24
42 19 26
32 35 19
29 38 32
32 18 25
22 21 34
46 38 38
20 35 22
32 27 29
20 28 25
16 20 23
22 14 34
43 26 43
32 41 29
40 21 36
24 41 17
33 39 30
37 40 38
16 18 23
29 37 18
22 39 44
22 34 30
22 18 41
23 31 17
33 29 25
28 28 37
27 35 24
31 36 25
36 33 16
31 29 20
15 27 21
31 32 25
22 22 17
40 27 23
35 33 29
19 23 14
41 24 32
16 32 35
26 26 28
20 28 22
24 39 26
38 21 44
36 34 35
36 31 26
23 33 18
31 46 26
13 39 31
21 21 36
41 29 37
44 38 29
44 16 35
21 22 29
27 27 13
17 36 27
46 28 40
18 19 19
34 20 19
23 31 34
16 18 28
29 16 26
20 36 27
15 31 18
15 30 44
28 30 32
25 25 13
41 20 45
17 45 32
30 34 17
31 35 42
42 30 15
34 18 24
46 25 37
45 31 41
23 28 30
17 42 28
16 31 26
45 40 38
29 35 29
36 22 33
23 32 18
16 16 29
39 13 44
41 25 23
33 30 25
21 15 24
29 19 22
27 29 18
28 15 25
33 19 29
38 14 20
28 38 26
39 30 29
22 29 28
21 16 26
31 28 27
29 23 22
17 41 19
28 36 36
22 24 16
14 16 18
36 38 22
33 23 33
30 37 22
23 30 34
36 34 32
23 34 39
34 43 27
39 20 15
31 24 28
13 28 30
17 27 27
27 33 26
29 36 28
23 30 21
31 19 24
40 44 44
20 28 29
20 33 19
27 16 23
40 34 30
31 32 27
26 36 28
36 27 20
16 22 19
16 36 35
35 25 14
41 37 26
38 43 31
21 28 15
38 44 25
29 44 21
14 18 30
14 43 37
20 22 23
19 25 15
31 18 21
33 21 38
26 36 33
29 19 33
20 21 27
36 29 45
29 34 14
21 19 19
18 38 34
41 13 33
22 19 29
25 30 32
41 23 34
46 44 13
28 45 24
41 19 27
25 27 24
15 27 37
22 40 19
27 14 37
28 15 34
29 37 25
20 29 17
15 23 35
20 26 24
35 17 33
30 28 18
25 35 15
15 24 19
36 15 39
22 26 36
34 17 22
28 37 34
21 31 30
40 39 31
38 24 24
36 36 45
32 27 28
23 19 33
16 42 16
38 40 20
26 34 24
28 26 20
15 27 32
40 28 32
25 31 18
36 30 39
28 16 23
25 24 16
29 22 26
35 27 26
14 39 28
32 42 33
34 46 44
17 24 24
26 28 39
27 34 35
18 27 17
23 35 28
36 27 25
24 15 32
21 36 38
40 30 28
39 21 28
32 39 22
37 29 43
40 42 45
13 24 34
45 32 32
31 26 14
22 27 26
24 23 21
27 25 21
34 27 21
27 32 24
37 33 35
46 15 35
27 36 44
22 20 33
25 22 29
27 26 19
20 35 25
34 28 41
16 36 31
20 42 27
38 28 16
35 32 30
46 35 45
32 29 42
31 21 44
40 34 14
38 37 24
13 30 23
18 18 24
25 28 43
44 26 43
26 20 41
33 38 32
24 29 27
28 39 38
19 23 24
38 20 39
40 30 33
23 36 27
30 32 37
21 34 40
32 23 43
13 30 40
22 36 26
31 45 34
33 44 38
22 24 36
34 16 16
41 28 15
21 23 27
31 30 44
32 22 38
23 40 42
32 27 38
34 40 38
33 39 37
38 27 25
40 18 40
18 20 26
26 36 26
23 39 33
18 26 21
32 43 23
29 44 38
35 22 33
30 39 13
23 28 23
35 31 33
36 36 36
23 33 40
35 32 24
36 23 21
43 29 39
30 35 37
22 34 34
27 29 26
42 24 18
40 33 32
14 35 13
37 38 46
40 30 30
18 30 30
42 23 23
28 33 16
24 17 24
23 27 18
22 40 39
17 28 32
23 35 37
17 21 19
14 42 14
18 34 23
29 22 28
31 31 27
24 38 39
20 22 17
16 43 32
24 21 22
35 32 13
28 37 20
30 15 30
38 20 43
30 41 22
31 27 14
28 28 34
31 38 16
21 28 24
26 28 40
24 16 29
22 33 25
36 28 16
18 25 36
20 46 13
26 32 41
21 14 28
18 45 17
39 27 19
37 26 21
17 25 31
42 18 39
19 39 27
31 38 30
18 20 28
27 16 43
41 22 16
28 26 30
21 19 37
19 28 25
31 34 20
30 19 40
31 20 44
14 45 21
40 23 45
45 16 37
17 44 25
25 19 18
32 45 33
15 17 34
18 43 30
31 21 20
13 28 26
23 20 26
41 21 21
15 20 15
26 28 32
32 24 33
27 17 22
22 17 34
33 24 35
25 24 35
23 18 24
26 30 33
29 42 34
20 24 26
17 34 34
29 33 35
19 28 36
29 41 30
28 22 35
35 26 31
23 26 23
18 23 34
44 17 27
26 37 23
40 23 33
21 21 33
37 42 43
33 28 34
27 36 40
42 37 26
23 34 39
15 15 45
22 26 41
19 27 23
37 36 26
38 18 23
21 31 32
32 46 24
22 20 31
38 23 37
28 45 30
34 32 43
34 25 21
21 13 27
22 21 31
27 14 31
28 29 39
31 23 31
25 25 13
33 36 33
13 25 29
43 34 34
31 42 18
21 46 26
17 36 24
21 14 36
36 20 27
18 22 36
45 22 32
31 35 40
26 28 19
25 35 30
32 34 34
32 17 15
34 21 36
30 13 14
16 18 45
25 40 31
22 23 28
35 33 40
40 32 39
30 19 23
13 29 46
35 25 28
19 21 25
29 42 36
38 39 21
41 23 32
35 21 25
35 37 28
30 16 17
14 22 30
26 17 18
37 27 30
16 24 42
18 29 26
16 28 24
35 33 25
29 33 40
25 33 24
23 37 20
29 25 22
15 26 26
13 27 16
31 21 29
30 20 35
37 34 35
30 15 26
43 46 18
20 33 15
16 21 45
23 18 19
40 39 44
23 22 34
20 19 28
24 22 16
22 41 19
25 17 21
41 35 19
22 23 30
35 21 21
45 31 42
27 36 20
20 27 22
33 23 18
46 22 26
33 19 34
41 34 32
29 36 35
40 28 21
22 32 21
29 28 37
39 30 40
33 39 30
32 15 35
24 35 25
33 19 43
30 15 45
40 34 33
28 31 26
20 40 39
23 27 24
15 22 30
26 35 22
35 35 14
23 43 44
31 34 23
23 23 34
34 19 13
45 17 20
24 29 22
17 14 15
23 38 22
23 34 16
29 19 40
31 14 18
38 19 30
32 34 35
30 27 27
15 24 35
20 20 16
29 37 29
21 43 26
44 38 20
18 30 22
35 24 25
45 40 14
32 21 46
38 26 23
41 35 15
25 26 14
31 23 30
45 34 31
18 22 40
37 33 28
33 20 26
18 30 41
27 25 37
27 31 27
41 37 34
31 17 29
25 30 25
16 38 33
16 25 42
34 16 38
24 21 30
33 13 26
23 28 17
35 30 30
39 42 28
37 44 43
20 41 29
40 24 27
18 23 19
19 21 30
29 22 43
15 32 39
23 29 23
19 35 30
29 26 37
23 20 27
20 22 32
23 32 34
22 14 44
28 14 21
22 26 15
27 23 20
41 32 42
42 31 18
17 31 21
22 32 19
16 17 29
25 26 17
15 28 31
25 30 34
35 26 20
22 19 32
28 35 25
39 25 13
20 34 43
26 18 34
21 44 32
22 25 41
18 26 18
30 21 25
31 21 44
18 35 37
28 22 36
30 18 31
34 31 29
22 18 29
32 29 42
24 29 18
14 30 29
42 34 44
38 17 35
19 33 32
41 22 26
31 37 34
33 38 26
31 27 45
34 39 26
17 33 20
30 25 23
40 13 24
28 28 42
24 17 36
34 36 30
16 26 22
36 37 29
36 35 16
30 33 22
40 26 13
34 33 21
20 25 37
18 31 33
30 31 15
36 30 31
42 45 30
41 35 26
24 34 34
33 24 25
27 34 23
36 36 45
34 27 27
38 23 46
27 30 35
17 43 39
29 37 25
16 25 36
17 30 18
26 34 28
39 36 33
29 29 33
14 26 30
23 24 27
29 25 21
24 26 29
24 23 38
37 35 39
26 41 19
27 30 32
20 27 32
25 25 20
37 16 35
25 16 27
21 27 33
17 44 45
24 25 18
29 13 14
35 24 13
20 19 20
25 44 37
38 28 31
45 34 21
33 21 30
28 24 16
39 46 39
29 25 41
27 27 32
22 23 43
30 32 18
25 33 26
17 34 24
20 29 14
37 34 20
32 30 21
31 44 25
26 41 29
20 23 32
17 31 46
38 33 26
24 24 26
16 28 46
41 27 22
36 25 39
15 16 35
35 33 39
29 45 45
22 20 32
25 26 37
27 36 19
15 36 29
40 35 26
21 21 26
28 28 26
18 26 31
31 46 35
27 38 32
31 25 35
19 28 23
42 21 34
21 17 28
32 32 18
17 43 21
46 13 28
30 40 36
18 37 31
32 42 35
28 45 36
25 19 23
36 27 30
36 21 35
38 25 32
33 15 13
18 24 28
24 24 29
35 36 43
23 20 34
21 18 25
31 19 15
35 22 33
17 33 28
33 37 20
45 26 16
28 26 17
29 41 21
27 31 43
39 40 30
32 34 17
14 37 24
28 24 17
31 34 33
26 13 24
19 14 28
33 14 26
21 37 32
33 25 29
41 43 29
41 32 18
28 44 27
33 23 29
28 20 16
24 13 35
32 38 35
41 28 29
26 22 16
43 38 27
37 39 27
25 32 45
28 21 19
34 22 37
22 33 28
41 27 30
29 32 40
23 19 26
17 26 23
23 21 16
26 18 21
23 25 27
20 35 24
30 28 37
30 42 44
28 20 24
27 21 21
39 32 26
16 38 24
28 23 14
27 32 34
25 28 45
14 28 21
39 28 16
29 31 26
31 27 23
28 33 21
26 41 43
30 33 18
29 26 25
18 22 22
36 19 22
20 25 45
45 23 22
19 26 41
31 42 45
37 31 22
21 26 27
44 22 36
24 27 29
28 22 25
30 31 17
30 30 25
34 21 35
27 16 28
23 36 29
29 42 46
26 38 27
16 27 26
22 17 31
30 25 16
25 20 44
21 25 29
32 31 29
26 38 24
36 39 36
25 13 32
29 25 16
23 20 37
40 24 20
45 41 26
41 21 30
22 38 23
21 18 22
22 24 32
18 20 40
35 34 44
13 16 33
28 36 14
16 16 30
22 22 34
29 30 39
44 42 23
45 14 31
17 43 24
31 35 44
24 31 14
13 22 18
35 29 24
41 30 30
28 29 19
22 26 44
22 41 44
22 42 25
43 29 30
26 21 36
21 39 45
35 32 34
21 25 26
28 35 35
22 24 38
33 21 34
44 35 35
21 22 33
20 19 29
33 33 17
27 15 26
38 33 32
30 34 20
36 20 14
35 33 15
44 16 40
18 31 21
17 28 22
26 22 27
23 24 26
39 35 17
45 37 31
35 33 22
17 23 43
28 25 32
33 26 14
31 34 19
18 28 19
23 38 25
46 38 22
35 31 38
16 25 19
19 24 37
27 20 21
25 27 27
26 25 16
31 39 43
14 36 32
27 27 32
23 19 25
37 25 30
32 34 40
23 26 44
22 23 36
15 42 28
37 14 26
25 31 29
26 24 43
23 37 18
34 39 20
28 33 25
30 29 29
22 20 32
38 31 40
39 24 39
31 29 43
34 40 26
27 24 25
24 41 20
20 37 26
13 22 43
24 16 28
34 27 19
29 33 29
16 35 23
22 22 18
25 14 29
31 29 28
23 40 34
30 37 33
32 23 35
39 29 20
34 29 15
13 30 15
32 24 32
40 14 45
29 23 29
21 27 18
36 26 22
38 21 13
39 18 29
20 19 28
37 45 26
34 35 18
35 26 31
25 42 28
23 13 28
45 25 45
29 23 29
30 28 28
32 32 37
44 19 13
29 33 42
22 17 35
14 26 29
30 33 37
19 19 14
31 27 24
28 40 23
20 17 30
41 22 26
26 30 43
24 13 31
32 23 15
27 26 34
17 16 39
38 20 33
34 36 29
25 29 26
39 43 24
29 37 19
22 27 33
18 16 33
30 18 23
35 27 30
19 25 16
20 23 40
42 31 14
28 34 26
25 20 32
20 45 26
28 15 17
30 25 38
26 22 23
13 22 39
35 21 34
32 24 24
38 27 46
37 28 26
19 22 24
32 20 26
40 27 23
37 16 19
16 21 45
27 42 20
21 40 41
40 43 34
39 16 18
39 30 43
20 41 25
29 23 30
25 39 18
31 46 18
40 36 20
33 26 39
30 16 20
42 17 22
26 34 33
19 19 40
31 43 39
23 35 38
26 33 15
19 30 39
25 29 19
46 23 30
41 32 41
31 25 27
13 13 39
23 36 22
24 14 14
31 37 24
31 17 22
17 21 16
15 21 20
17 24 32
30 30 23
30 26 34
22 38 40
30 33 43
43 26 25
20 21 26
29 24 29
39 30 42
30 14 31
25 30 31
17 29 19
20 43 23
30 36 37
22 34 23
20 25 29
38 32 20
24 36 37
31 38 41
27 37 17
37 28 37
13 39 18
27 21 27
16 25 24
26 32 24
23 35 22
28 20 20
38 36 30
40 15 21
15 29 26
14 24 29
33 36 41
40 24 33
28 22 15
31 41 40
28 25 20
29 32 27
17 44 25
17 20 39
39 14 33
31 41 24
46 16 27
23 34 20
17 31 24
39 46 13
17 13 24
21 17 33
44 16 29
29 26 43
35 32 25
31 25 20
39 25 44
29 31 19
40 16 22
45 35 23
33 16 14
16 29 20
40 28 36
21 38 16
34 31 30
29 25 30
38 30 32
37 13 31
14 31 26
29 31 20
31 27 37
19 30 21
41 38 23
32 24 24
41 34 40
19 30 29
29 37 27
46 42 38
42 28 25
25 22 32
38 36 29
31 22 21
29 24 33
22 24 31
29 31 28
25 31 20
31 25 45
31 21 37
22 21 44
38 27 28
23 14 17
31 29 29
39 29 37
31 19 41
15 37 17
35 46 37
29 23 38
21 36 19
35 15 24
36 26 16
20 44 31
16 46 26
38 44 45
28 27 25
40 34 37
42 28 31
39 19 15
31 25 23
33 32 26
44 45 33
30 25 22
43 39 35
25 21 26
24 41 31
24 27 26
23 16 14
30 28 34
26 31 31
26 25 40
35 45 26
33 26 43
27 17 17
23 20 34
21 26 41
24 34 33
39 31 26
22 39 16
38 18 19
17 31 36
28 23 42
29 39 27
22 16 34
24 30 46
44 21 41
15 44 18
36 24 32
33 23 42
35 40 17
17 20 28
22 26 31
32 26 23
26 19 27
34 27 40
28 26 33
39 33 14
22 32 41
33 28 28
26 13 30
42 32 42
28 15 31
35 44 39
34 32 23
23 40 38
34 31 41
25 34 25
21 19 20
18 23 33
21 26 27
19 26 28
40 28 35
32 34 32
27 44 30
46 23 31
38 30 31
41 34 35
18 23 28
27 35 28
37 21 33
31 35 18
35 24 19
32 21 33
25 16 37
46 24 15
30 30 26
24 34 28
28 43 17
38 24 35
22 32 35
39 34 24
29 16 36
37 27 46
29 26 26
36 36 25
28 24 28
35 22 35
20 29 42
35 44 28
16 39 28
23 35 43
21 38 17
31 31 30
23 25 26
32 46 25
38 27 32
27 45 30
33 22 42
20 32 43
14 32 13
20 32 25
24 34 21
21 40 19
26 25 21
16 16 44
42 18 45
30 21 25
27 13 38
16 20 17
29 21 27
13 24 28
20 25 17
16 23 22
43 28 27
34 25 38
40 45 31
24 19 46
33 34 35
28 21 46
18 32 34
20 44 31
28 20 25
25 28 13
32 31 26
15 29 35
33 28 13
40 25 40
25 38 16
21 20 42
36 21 39
42 40 24
27 25 40
24 15 17
41 28 28
41 46 23
31 43 32
36 37 35
16 39 43
29 31 27
38 19 39
32 29 19
17 23 44
33 16 28
35 23 28
22 28 15
32 38 32
24 25 31
29 35 23
45 20 15
21 35 30
35 38 38
37 17 39
22 13 40
18 18 37
31 29 42
25 32 29
36 43 41
31 36 25
22 21 21
20 36 36
20 38 36
22 34 19
13 35 30
21 22 24
29 18 14
41 16 38
35 29 33
24 23 41
35 43 28
27 20 18
42 31 15
27 35 23
16 17 36
34 29 37
32 13 20
32 27 28
40 14 46
16 14 33
27 31 30
31 28 14
17 34 20
29 35 34
21 31 17
26 21 30
25 18 29
27 20 32
42 20 27
39 35 30
25 28 39
26 22 16
38 36 19
46 32 32
15 44 29
28 39 18
18 27 29
40 15 45
17 43 18
24 26 30
21 40 45
15 34 17
35 42 13
28 33 45
28 24 20
29 46 33
20 27 14
15 44 23
30 34 29
17 19 16
27 44 44
39 35 29
40 34 42
32 15 36
33 41 18
30 16 31
25 19 27
39 37 17
37 23 13
27 44 33
26 40 15
33 43 28
38 25 21
36 24 29
20 15 26
28 23 41
14 23 19
33 17 34
25 32 17
22 27 21
13 41 43
21 31 32
25 39 29
16 35 27
37 21 21
21 22 23
21 20 31
37 22 21
30 44 27
30 35 16
27 19 18
34 21 16
44 22 40
30 38 27
29 28 23
37 36 32
21 31 30
13 34 35
25 22 19
24 15 34
23 23 18
43 22 27
20 21 30
19 39 27
36 23 14
19 33 33
23 39 45
42 34 19
43 40 22
16 13 23
19 37 35
41 24 40
19 27 23
25 35 22
33 24 43
16 25 24
29 24 23
26 23 14
26 22 22
21 29 29
39 14 28
43 40 27
31 45 24
31 33 21
46 38 30
30 24 16
31 32 29
32 23 21
26 39 31
14 44 25
29 37 32
30 29 39
41 21 34
28 21 34
29 24 36
14 21 15
15 40 28
27 23 21
24 37 24
39 14 40
29 23 16
16 19 28
26 18 18
33 26 36
41 14 16
37 18 28
25 25 43
27 32 35
36 32 32
24 46 35
22 32 26
36 29 25
36 31 32
26 27 17
36 18 31
26 36 24
20 41 32
24 18 28
30 41 16
21 28 29
28 26 38
17 19 28
36 32 26
46 26 19
40 39 42
28 31 18
21 23 28
24 25 26
30 17 16
41 23 33
24 21 37
14 23 32
37 34 22
23 15 35
44 22 19
42 26 22
14 44 44
24 19 43
37 14 22
46 13 40
24 22 21
37 35 35
26 36 19
23 18 20
32 15 34
23 36 30
35 39 41
17 25 24
15 19 23
20 28 20
34 26 34
20 24 26
34 38 25
23 19 33
30 26 30
24 28 33
30 25 27
42 36 31
19 39 38
19 17 16
34 29 24
34 29 27
41 28 44
35 18 25
35 28 26
27 29 42
33 40 41
23 34 19
17 30 19
26 22 24
32 19 39
36 26 33
17 33 41
17 26 21
31 46 29
14 27 30
34 26 28
19 28 34
23 30 41
33 15 29
35 37 28
37 17 44
29 32 16
13 32 19
29 30 19
37 41 30
16 21 32
27 38 18
27 18 13
24 21 14
33 25 23
23 37 20
23 35 23
16 31 35
33 34 40
32 38 39
15 28 42
17 23 32
29 24 27
28 38 22
28 36 22
21 45 31
21 22 19
16 17 22
20 46 28
20 29 45
27 23 34
22 32 45
28 31 26
31 34 24
40 22 32
38 21 33
43 23 41
39 37 24
45 28 26
13 32 18
41 45 40
33 44 18
36 34 32
27 21 23
33 29 35
31 22 22
27 26 19
16 28 39
30 39 28
27 33 28
21 22 31
35 26 32
17 27 39
19 29 30
19 18 34
23 28 23
28 23 23
29 41 25
27 13 27
34 14 30
23 34 23
13 31 23
27 43 21
19 15 24
36 18 30
24 41 26
42 32 19
35 26 28
27 24 22
36 28 18
28 33 25
20 20 45
26 22 23
17 33 27
35 30 31
32 33 37
40 35 19
18 21 34
32 33 17
14 37 45
27 27 25
26 44 31
27 32 16
22 15 29
34 21 17
32 32 39
34 37 17
38 24 25
38 19 21
18 19 41
18 28 21
29 27 28
22 35 36
30 29 37
18 27 20
29 40 28
43 41 33
38 14 25
16 15 17
37 27 15
23 34 46
25 21 25
37 38 30
32 34 29
25 29 33
21 34 38
40 32 21
28 18 34
27 42 38
19 15 42
41 14 27
38 15 32
26 15 21
37 27 31
35 23 40
26 29 39
30 38 24
28 25 40
27 35 17
30 29 13
15 18 33
30 14 27
18 29 13
29 18 39
21 25 24
39 34 29
22 21 24
29 23 25
42 36 43
28 33 36
19 29 23
29 44 33
42 46 40
22 38 24
46 23 31
27 43 41
25 24 32
36 20 18
32 43 33
19 16 32
18 28 46
25 36 22
29 41 18
29 30 38
24 18 31
37 30 36
28 21 43
30 34 22
26 41 46
29 16 15
20 23 20
29 23 22
28 19 39
23 21 37
30 36 29
41 38 32
40 29 36
35 35 30
29 38 28
28 24 41
37 28 36
25 20 27
20 37 38
39 25 19
44 22 38
30 24 31
28 44 46
29 25 33
36 27 33
28 31 29
25 16 34
36 22 30
22 26 43
33 41 37
40 30 25
41 16 34
14 32 18
17 44 31
37 21 18
21 40 38
31 40 46
25 28 35
26 14 42
18 13 15
25 14 28
19 22 36
44 25 13
18 29 15
30 14 28
27 29 36
45 16 39
30 37 26
31 34 33
30 29 43
23 22 45
39 31 40
14 38 38
37 32 22
30 27 30
13 45 22
23 31 37
28 33 18
18 35 33
33 25 24
29 32 34
31 43 33
37 23 30
28 36 16
41 39 34
22 27 37
27 26 20
28 26 40
20 41 25
34 13 24
28 24 27
36 16 15
25 31 24
26 21 39
24 21 30
25 20 26
37 45 20
17 39 32
30 25 43
32 32 17
29 35 32
45 28 20
21 42 42
28 23 32
33 34 25
33 29 43
40 19 26
21 29 40
39 17 17
26 19 18
44 42 13
37 30 21
21 27 20
36 37 26
36 26 28
30 18 32
39 28 26
34 28 31
30 26 39
22 28 17
30 17 20
21 24 33
45 22 22
27 29 20
15 38 22
27 28 32
35 35 20
27 21 41
15 22 33
43 44 25
34 30 14
26 29 19
46 28 25
31 24 34
33 29 21
24 33 40
46 30 33
31 37 24
23 29 40
25 34 29
27 24 17
39 31 17
35 35 39
43 29 18
46 20 16
34 27 25
21 13 36
42 32 41
28 43 46
42 16 37
33 27 25
21 30 26
43 42 17
21 38 18
39 17 29
31 22 33
39 37 21
22 35 14
42 43 15
19 29 38
35 21 37
32 29 25
25 33 36
23 22 39
14 23 32
30 44 25
19 38 39
23 40 31
20 25 21
42 35 29
28 32 36
37 45 20
29 34 27
22 40 42
16 24 23
17 42 31
26 26 20
44 14 28
17 27 42
23 35 17
27 45 41
34 19 30
30 36 32
32 28 27
30 37 44
39 30 43
28 29 25
23 17 42
38 20 14
30 33 32
29 41 21
26 31 14
27 39 20
34 14 35
34 18 33
39 36 31
30 15 25
20 28 32
22 30 21
20 45 34
25 33 23
46 26 38
18 34 32
35 19 33
36 40 22
27 23 18
32 39 33
22 30 37
25 30 35
37 30 31
26 27 32
19 23 29
23 37 27
29 43 37
31 25 44
44 26 24
39 29 29
28 24 35
38 21 42
19 20 32
21 36 18
39 18 24
30 37 14
18 36 29
26 16 23
25 40 26
27 18 44
38 27 31
30 17 44
28 27 35
31 37 25
29 19 31
14 22 42
28 27 17
30 41 18
30 26 27
29 26 26
26 42 35
33 29 25
17 45 25
22 30 29
29 31 24
38 38 33
29 28 37
26 15 17
27 28 29
29 38 25
44 29 40
29 26 39
35 40 40
19 46 24
39 16 21
18 28 22
33 30 43
30 16 35
24 39 29
38 43 38
21 45 29
28 39 26
32 43 18
42 28 36
28 28 27
26 27 27
19 24 22
21 33 22
32 33 27
34 43 20
29 37 14
31 44 27
25 35 18
13 34 28
36 24 28
24 17 25
25 14 21
31 31 38
28 40 24
29 17 22
26 14 14
27 28 24
19 19 33
31 36 17
29 15 40
18 21 42
27 28 37
16 26 17
15 36 15
25 29 25
21 35 18
25 16 34
24 27 29
24 37 28
19 19 15
33 23 22
21 36 40
14 37 30
40 30 19
18 15 38
20 24 20
29 16 35
40 25 22
33 21 39
46 20 27
24 21 38
30 21 27
41 14 17
38 45 29
40 17 37
38 43 38
38 43 15
23 24 23
25 20 43
44 25 19
34 37 28
30 18 21
38 18 29
15 35 36
36 31 19
38 41 35
31 19 13
18 35 21
21 32 33
26 43 27
24 30 30
46 45 27
19 45 21
14 43 28
35 21 40
24 31 37
37 28 37
15 26 25
28 20 35
35 39 25
41 20 34
40 30 19
25 31 24
45 26 36
26 35 32
33 20 20
20 38 26
30 30 33
23 32 19
19 33 22
33 39 32
17 28 39
29 22 28
18 22 20
31 29 18
13 24 35
31 14 28
22 14 24
20 25 33
40 41 36
45 29 16
38 21 35
23 30 19
20 36 22
25 19 27
25 23 15
30 28 36
24 26 17
28 21 33
18 18 17
24 29 21
13 40 20
37 14 17
16 18 24
24 30 28
15 30 34
39 32 24
28 21 26
44 29 32
27 27 30
23 24 23
24 25 27
34 29 24
35 15 21
37 36 38
37 37 27
15 19 22
16 14 19
25 34 26
29 20 24
27 40 23
23 41 22
28 22 21
41 34 20
16 23 17
28 26 30
38 30 42
14 42 24
24 35 16
31 34 27
34 38 31
41 16 18
27 42 25
24 36 16
24 17 21
35 39 36
36 38 15
28 31 13
35 21 27
35 26 20
19 34 37
25 31 31
20 18 31
19 34 29
30 23 42
32 35 31
32 27 21
26 23 34
19 26 25
28 41 25
27 21 29
31 23 25
27 35 33
39 15 26
27 31 23
27 23 24
24 27 31
33 41 46
23 15 33
17 22 36
20 23 32
34 34 32
28 30 17
27 17 30
30 37 36
34 27 29
20 22 40
45 21 24
22 42 34
31 22 31
32 32 39
23 38 20
38 18 24
37 28 19
13 21 29
30 32 22
32 21 36
42 21 25
21 29 23
33 21 28
13 43 26
31 26 18
25 25 25
40 28 30
22 23 24
23 42 23
36 35 25
18 34 32
33 27 31
42 31 34
26 46 28
42 44 25
24 36 21
25 21 13
29 25 17
25 36 39
24 18 26
35 21 38
35 42 27
39 38 35
25 24 17
22 16 35
28 20 35
45 27 46
14 32 32
27 43 25
21 31 34
26 30 21
15 30 21
19 33 21
39 21 22
16 38 28
32 40 26
30 14 45
38 14 35
18 30 46
15 33 31
42 17 16
33 44 30
31 38 27
16 34 33
24 40 28
39 29 30
38 14 31
26 17 29
18 28 17
23 16 33
29 32 38
30 14 19
41 22 37
15 38 36
42 33 43
17 44 31
18 27 13
43 15 37
32 40 22
26 15 31
30 25 19
18 23 37
39 26 29
30 31 20
37 17 26
26 27 43
28 13 35
14 33 25
13 31 21
41 32 26
41 23 22
34 29 15
25 20 42
40 28 28
40 25 29
36 44 41
44 37 19
32 28 34
21 21 20
35 22 37
44 46 23
33 38 35
21 34 36
27 17 21
30 32 37
44 17 22
21 28 35
40 32 20
40 21 18
44 36 26
28 13 13
35 25 31
30 36 40
29 36 26
44 45 20
27 17 25
28 32 44
21 30 29
18 20 30
30 29 31
24 14 21
20 17 34
21 19 23
33 32 22
13 27 42
36 22 26
42 39 19
26 33 31
43 18 27
43 23 33
40 27 32
43 24 37
31 43 19
24 44 17
32 37 24
24 20 30
22 22 33
21 27 17
23 32 38
19 18 33
43 32 41
32 43 40
15 23 32
19 38 31
35 15 24
21 24 14
36 19 23
34 27 16
31 20 13
17 41 22
16 33 29
33 32 22
24 37 35
24 16 40
17 29 34
38 20 37
25 34 46
25 30 25
43 25 23
22 17 46
37 23 29
34 31 26
18 40 40
32 30 30
34 44 39
44 39 32
41 22 28
29 36 18
33 41 23
24 32 26
39 45 27
27 37 45
29 45 13
23 19 27
31 31 36
27 27 20
21 27 18
17 30 18
39 30 14
27 26 28
13 34 24
35 39 38
30 23 13
27 28 38
17 38 43
23 27 21
35 20 29
26 21 15
26 16 17
40 23 22
29 15 23
26 27 39
43 27 29
28 45 29
36 25 30
24 26 32
43 20 26
38 35 24
24 34 42
24 34 16
22 27 24
26 29 27
20 20 16
21 14 40
35 20 30
13 42 24
34 31 24
23 28 46
17 22 32
24 27 36
25 34 31
32 29 37
36 22 15
21 19 36
35 14 39
45 30 26
24 16 40
28 21 39
19 30 39
29 29 38
23 23 28
17 35 28
36 32 33
36 29 44
36 43 35
36 22 35
29 43 29
36 18 28
25 33 29
22 17 17
26 24 15
21 26 28
21 35 36
16 19 20
28 28 38
28 40 28
45 27 31
19 28 31
36 30 35
30 36 38
25 44 38
33 42 15
19 27 38
37 26 22
28 27 33
32 26 46
32 16 28
27 29 22
45 28 16
37 26 23
24 15 35
30 28 24
33 37 21
26 38 38
23 39 28
28 27 29
17 19 43
15 39 25
38 15 25
41 26 32
27 44 32
36 40 23
34 27 25
33 46 23
23 21 33
38 44 37
32 37 37
31 28 25
17 25 27
46 25 33
31 27 13
20 24 18
24 15 34
14 19 32
20 24 30
41 23 22
42 19 35
42 19 29
14 32 19
41 46 16
25 22 39
36 35 17
26 36 43
32 36 38
30 37 37
37 19 28
20 27 42
23 45 34
38 32 41
42 28 30
24 37 17
25 24 40
24 21 30
41 22 14
39 37 25
36 46 41
38 29 35
26 13 25
18 41 17
43 22 38
32 39 19
29 25 30
30 14 22
39 19 15
30 17 21
43 33 31
46 35 27
33 15 34
23 13 43
43 29 19
20 39 25
18 43 32
25 26 18
32 22 24
30 14 36
40 33 24
25 26 43
35 31 28
36 31 23
16 38 25
28 41 36
40 18 16
32 28 29
45 34 33
25 30 43
34 30 42
30 16 18
24 39 32
18 20 38
34 35 27
14 28 43
43 23 31
31 38 24
43 29 35
27 15 36
19 18 26
26 45 35
15 24 35
21 31 43
27 25 16
26 32 41
37 29 17
32 28 32
16 20 18
21 36 15
15 25 26
38 27 40
22 21 43
39 19 36
44 16 29
29 14 33
30 24 36
36 37 16
19 33 19
32 31 15
32 38 24
32 25 44
38 35 16
34 41 30
36 40 20
28 40 27
24 33 29
22 39 45
25 32 36
19 38 35
18 34 30
26 18 26
27 27 18
37 31 14
39 20 23
24 33 40
37 29 44
36 24 34
17 28 22
41 39 34
26 33 23
39 37 32
32 32 28
23 19 39
17 18 28
20 17 30
35 27 40
34 43 26
27 28 32
33 24 23
27 26 19
34 15 16
32 40 26
13 22 29
30 30 20
24 33 34
25 29 28
32 28 30
42 33 25
33 34 20
24 40 24
40 41 29
37 30 46
34 22 28
35 33 28
15 20 17
28 41 25
24 21 37
19 21 26
35 40 15
22 22 23
18 36 15
40 26 41
14 27 35
37 28 31
23 32 15
19 25 32
38 35 26
19 43 24
31 29 28
36 40 19
39 28 44
21 19 41
29 31 34
29 35 46
23 22 38
33 28 13
22 40 31
36 27 44
30 34 31
36 21 26
41 26 32
24 27 31
32 31 30
39 33 26
32 25 18
24 43 28
14 22 40
19 32 38
23 26 29
39 30 37
13 26 22
22 21 29
19 35 27
29 30 27
28 15 43
31 21 24
24 26 25
17 19 31
30 26 33
19 46 34
26 40 26
15 45 26
17 39 36
40 32 25
39 23 28
31 44 21
28 25 23
33 26 25
28 27 17
16 16 41
31 24 25
25 25 43
21 25 40
31 30 24
28 17 25
33 35 13
28 39 19
39 14 38
27 43 18
25 25 17
20 28 32
31 21 46
23 18 21
27 29 25
35 17 17
20 35 22
23 32 46
25 24 29
37 44 39
26 21 29
22 41 42
38 30 41
32 28 23
35 20 33
35 38 21
34 37 25
30 18 30
37 31 23
43 21 28
33 19 21
21 35 40
28 18 26
16 32 29
42 33 28
24 22 34
25 35 45
13 29 39
27 45 29
41 21 20
30 22 30
41 46 21
33 29 46
27 15 23
26 28 44
34 33 25
37 30 21
14 24 35
40 35 21
40 32 40
41 44 29
22 23 20
31 35 27
26 27 44
37 44 16
26 36 30
28 29 23
29 16 17
32 40 22
16 42 26
13 34 35
42 28 21
13 24 23
27 26 15
31 38 15
18 34 29
14 34 15
23 34 17
26 25 33
21 46 21
20 39 19
35 44 34
28 14 25
22 25 20
34 18 24
45 20 34
18 24 20
19 44 45
40 25 27
30 24 33
16 23 42
39 23 14
25 18 20
19 30 24
30 44 17
28 40 19
31 31 19
26 40 30
22 40 27
39 26 37
21 19 21
30 35 37
21 19 15
40 13 19
28 27 28
34 35 28
46 38 32
33 23 15
29 46 13
39 20 13
23 28 27
26 20 26
27 32 31
38 20 14
27 29 29
31 43 23
32 15 38
31 22 30
37 27 20
30 31 38
36 27 25
32 29 44
26 15 28
45 29 39
31 39 40
33 15 32
34 13 28
20 28 33
34 22 24
26 45 20
27 24 30
31 23 28
35 45 30
39 24 26
24 37 16
30 37 21
29 31 27
24 35 30
30 20 29
23 31 35
28 23 22
40 33 42
25 39 23
33 30 18
22 31 22
17 16 18
23 19 37
21 32 24
32 29 34
33 27 30
21 33 27
23 44 45
22 23 27
36 38 32
24 19 34
24 44 27
38 39 43
41 30 18
25 30 36
24 23 24
34 26 41
31 19 25
39 21 20
18 15 23
42 29 34
25 20 34
46 30 23
24 26 35
36 26 38
23 15 17
32 42 17
46 25 33
23 28 21
23 30 37
24 37 44
17 18 15
34 34 29
30 23 45
13 30 42
36 39 40
33 19 23
39 15 31
27 20 17
33 26 25
17 23 38
38 18 37
39 26 30
22 17 29
35 36 40
19 30 21
29 30 35
27 19 30
36 32 26
26 36 31
34 46 24
35 20 30
18 31 33
26 18 29
13 37 23
38 40 21
30 24 32
32 36 45
28 15 40
20 32 40
23 39 31
37 32 23
26 23 41
39 32 37
30 39 32
20 33 32
44 38 21
18 33 16
16 14 29
19 23 22
26 39 18
18 39 46
30 32 21
25 30 16
21 29 33
30 25 23
46 22 29
46 29 29
18 27 19
37 23 40
14 13 40
30 43 33
33 35 21
25 26 35
44 25 17
21 21 29
15 36 34
38 22 24
28 38 37
28 40 24
31 38 29
42 29 34
35 46 31
33 25 38
30 24 28
34 32 39
28 34 32
20 26 13
38 25 31
26 21 25
25 29 21
19 18 31
34 38 38
27 28 24
23 40 28
26 17 46
25 19 20
18 26 31
20 30 35
24 37 23
22 37 15
20 22 15
16 25 34
18 40 13
22 22 24
16 27 36
33 24 18
42 30 32
31 14 35
39 37 19
19 31 30
30 35 26
20 19 22
28 17 24
42 34 37
18 27 28
18 37 25
37 24 16
28 24 14
13 31 23
24 14 38
19 23 27
15 38 14
31 17 14
46 24 30
17 27 33
36 42 23
27 23 21
25 25 30
22 42 23
34 41 25
38 33 34
23 27 29
35 15 34
35 42 40
17 23 29
17 25 19
29 23 22
18 36 27
28 27 32
23 26 36
32 20 21
22 32 32
20 21 20
40 39 44
37 37 39
26 40 25
18 19 30
37 39 29
28 23 29
36 22 40
29 21 21
24 25 34
25 28 36
33 27 44
19 31 16
26 25 29
30 20 21
36 26 34
26 31 16
23 27 44
30 29 36
26 21 44
41 25 30
34 43 27
24 27 24
36 27 32
19 20 25
31 39 29
32 27 18
20 27 15
29 16 26
38 37 33
40 16 40
38 42 43
35 28 25
37 36 44
24 27 27
22 37 23
33 39 32
26 42 34
25 22 34
36 43 35
22 25 27
28 30 13
13 24 29
29 34 38
17 17 13
32 20 25
38 34 35
43 34 31
25 28 20
18 30 18
33 14 44
41 37 30
18 14 23
37 30 38
16 39 33
15 25 37
16 43 27
30 44 24
38 20 15
32 23 41
35 30 20
28 22 42
29 41 18
43 36 43
29 25 17
26 22 18
20 29 33
14 26 22
28 15 27
22 17 24
30 29 33
27 33 13
16 28 25
37 39 20
38 25 15
15 24 24
19 37 21
24 32 20
32 38 22
18 29 25
30 30 44
26 27 19
37 28 17
35 46 26
37 32 24
27 35 32
44 36 33
33 23 28
21 42 40
24 24 22
30 33 20
26 26 16
34 46 37
21 31 22
33 18 15
41 26 17
24 21 17
37 20 22
33 24 29
29 26 27
21 17 33
21 23 39
14 36 19
23 31 28
34 14 31
36 27 29
36 15 26
18 19 29
37 32 21
17 39 33
40 28 28
23 35 22
23 31 45
41 34 25
40 22 27
44 20 29
24 45 15
27 36 38
17 33 18
19 24 30
22 20 19
23 29 25
37 30 13
31 27 15
26 28 19
21 29 39
36 41 41
32 19 41
34 32 18
28 33 34
26 14 30
30 29 14
35 32 28
19 45 43
26 34 27
26 33 22
29 25 36
26 42 42
34 30 19
24 40 37
29 27 24
25 18 34
41 41 28
39 36 41
21 19 15
41 33 18
19 46 24
31 28 33
15 42 38
32 32 27
32 20 23
27 38 36
37 26 18
38 22 39
33 37 28
36 40 13
14 19 29
35 20 18
36 22 34
29 27 21
15 43 25
15 22 41
36 35 25
35 36 20
39 44 45
19 23 22
31 33 25
28 29 26
29 40 46
41 34 25
34 27 37
31 26 41
25 28 27
17 19 33
27 37 19
32 24 22
29 42 15
39 15 20
35 37 29
33 29 26
33 24 44
23 37 29
15 19 20
37 35 37
13 26 31
29 23 38
26 24 33
24 35 29
29 37 35
16 39 40
18 25 22
16 21 44
19 29 29
18 41 40
30 27 22
46 16 21
34 21 39
29 20 18
38 18 14
29 28 32
19 26 14
17 18 25
34 39 39
24 38 16
19 22 18
25 22 27
31 21 35
37 41 43
41 28 38
43 24 24
19 35 21
22 31 35
20 28 34
41 26 23
13 19 16
36 40 20
37 29 23
18 31 30
41 41 35
22 28 26
29 43 31
14 39 29
35 34 16
41 40 16
21 25 27
35 14 35
29 35 25
40 30 20
38 17 27
29 13 21
34 42 19
40 29 22
43 30 17
29 18 28
29 33 34
28 36 28
43 28 18
15 27 36
23 37 43
39 28 42
41 27 27
36 14 23
24 33 29
22 19 42
36 31 23
14 28 26
26 17 17
24 43 15
29 31 43
19 16 35
22 42 17
46 37 15
45 36 31
20 35 41
21 44 35
36 33 31
13 19 29
43 36 29
22 44 21
30 20 22
26 18 46
38 21 26
31 39 28
32 26 18
33 28 23
29 44 44
33 34 33
37 25 34
38 16 16
28 29 22
25 26 26
43 22 23
25 22 35
34 27 31
28 25 40
30 19 39
27 22 25
28 29 24
28 25 39
13 33 32
31 19 31
31 19 31
42 28 16
30 35 15
17 20 24
24 25 34
29 31 14
15 36 34
21 19 28
33 20 14
34 41 29
37 30 23
17 20 37
31 34 21
32 30 33
29 21 19
30 28 25
31 21 43
41 16 33
13 34 39
36 30 29
13 26 26
25 15 27
41 13 26
36 44 14
17 26 40
31 21 46
24 32 25
25 18 33
27 21 38
23 27 27
31 32 19
29 22 44
40 27 37
13 40 33
31 43 19
31 39 23
23 22 18
25 29 30
21 32 26
39 31 39
31 21 22
14 26 28
30 36 41
20 31 33
34 27 30
23 25 37
19 27 15
33 24 29
38 44 36
42 32 26
18 26 30
33 22 41
35 22 15
35 44 13
44 34 17
24 16 22
28 43 22
34 31 36
42 21 30
22 44 31
14 31 15
30 14 40
18 23 37
26 38 27
24 42 20
26 21 37
31 27 18
32 23 36
25 30 23
37 35 39
35 22 37
39 28 32
31 39 30
42 17 18
37 27 43
46 34 22
33 28 33
39 37 43
22 29 32
34 20 39
17 29 26
44 31 20
43 29 17
18 22 38
37 26 41
28 16 18
18 15 35
34 33 31
31 25 32
34 34 22
39 27 27
24 35 25
31 31 32
46 20 20
40 29 33
30 23 14
37 25 32
20 37 35
31 13 30
21 19 23
40 19 33
28 20 33
34 20 36
25 26 31
23 30 27
30 38 38
39 40 15
14 28 37
27 42 14
24 31 24
25 19 32
25 20 13
31 37 19
34 24 22
26 34 19
22 17 25
18 19 20
38 26 39
17 15 24
17 36 22
29 43 23
24 23 19
26 32 19
36 30 29
32 40 38
46 26 25
39 29 26
24 36 27
31 28 22
20 26 31
22 21 23
33 14 20
44 40 40
45 33 22
39 45 28
20 29 27
32 18 19
19 21 40
34 29 26
15 32 28
36 26 18
25 25 32
40 32 29
24 26 17
24 29 38
18 38 35
36 39 19
21 15 21
30 25 43
23 41 23
38 38 29
34 23 22
23 29 20
17 38 33
20 20 26
19 19 32
30 35 43
24 31 13
27 37 35
21 23 35
33 29 24
37 36 27
13 27 30
33 13 26
44 26 35
31 16 34
35 13 25
25 16 35
28 20 27
34 34 26
14 41 20
46 37 28
41 27 14
26 38 44
29 26 29
27 21 46
33 37 32
37 23 38
36 30 16
36 18 24
26 35 28
38 24 24
18 37 34
28 21 25
44 16 15
13 17 31
16 15 34
38 15 27
31 22 33
19 24 27
40 31 18
25 16 26
23 40 31
28 25 20
24 19 20
23 32 26
30 23 32
26 25 41
24 17 38
31 35 22
13 40 29
29 39 30
36 30 22
31 33 30
30 23 21
17 16 17
36 26 40
45 17 24
32 42 28
14 33 40
25 34 22
38 28 28
32 24 40
32 21 33
43 36 40
27 34 27
26 34 24
23 39 36
39 26 23
35 25 30
40 32 28
14 38 43
37 40 16
24 35 29
26 31 31
27 37 23
28 43 34
35 24 23
39 35 37
33 37 35
31 40 31
46 40 30
33 30 16
20 33 36
18 38 27
23 19 31
37 20 33
25 27 28
25 44 36
20 35 39
37 25 46
23 35 26
39 20 37
27 20 28
19 20 31
27 29 19
31 27 24
39 23 13
17 45 35
27 24 39
21 30 22
17 18 42
21 28 26
23 35 28
36 20 39
20 25 14
39 38 24
29 18 39
23 17 18
36 33 38
38 41 21
32 19 20
25 35 33
40 34 28
23 23 35
31 26 21
33 42 25
31 32 35
25 28 29
15 28 40
37 23 29
36 28 35
25 38 31
32 19 19
28 25 38
45 35 28
39 23 26
23 35 19
22 40 24
30 39 14
36 28 22
24 18 17
32 31 18
25 42 41
22 24 32
34 15 26
31 22 41
25 43 24
22 20 30
40 32 28
43 27 29
25 26 19
31 32 40
37 30 37
21 26 34
18 13 34
26 20 32
37 30 42
32 21 15
36 31 25
22 22 29
43 31 40
13 22 21
27 29 19
22 17 22
30 17 33
16 30 23
39 32 20
37 40 25
16 36 18
15 34 42
29 27 31
32 22 34
15 39 29
39 19 23
23 35 32
30 22 28
24 19 21
26 28 32
31 37 41
42 36 19
36 41 28
35 21 34
17 33 26
35 31 39
16 33 26
17 22 19
20 38 46
36 39 39
26 30 22
27 36 20
19 42 21
27 34 46
33 34 31
25 38 33
43 24 30
28 22 34
16 17 36
14 40 37
39 43 29
31 15 20
35 25 32
29 13 25
34 40 41
22 41 37
41 33 22
24 31 45
28 33 21
43 42 32
32 31 39
29 13 26
25 29 43
28 39 31
38 25 26
22 28 35
40 17 26
29 42 32
19 21 22
16 31 27
39 25 27
29 34 13
20 44 21
41 35 17
24 30 36
37 33 35
37 27 30
32 28 29
30 18 25
32 42 18
26 42 26
29 39 30
30 24 21
31 34 40
28 19 39
24 22 23
35 22 19
36 36 14
28 43 16
35 20 23
25 15 41
17 36 15
21 31 16
26 33 25
25 30 19
23 41 21
45 24 25
13 15 32
33 26 26
37 21 26
25 44 39
32 37 29
23 33 34
43 24 36
28 13 22
19 38 29
36 34 24
27 43 42
13 28 32
46 28 32
15 31 32
23 27 18
40 20 34
43 40 18
21 29 23
21 24 42
36 38 37
34 46 22
38 32 25
15 24 42
37 30 22
45 31 24
38 30 23
31 27 45
33 24 21
25 18 20
25 32 29
33 33 21
34 26 13
30 26 35
25 28 27
25 42 28
23 31 14
30 21 19
17 35 34
31 38 36
22 41 23
27 45 23
40 28 27
23 31 36
28 21 32
37 32 31
15 44 17
46 38 32
35 23 22
43 38 32
35 43 28
23 32 36
21 22 33
36 39 27
44 15 31
28 41 44
33 21 27
35 16 23
37 24 28
43 29 43
26 25 13
27 42 32
32 28 37
33 37 29
34 30 23
24 32 35
13 26 21
25 36 38
29 33 33
15 24 27
40 32 40
21 20 19
36 43 31
38 37 28
38 31 42
33 29 39
21 28 38
36 28 32
19 16 18
40 16 24
16 24 38
41 34 37
30 27 27
33 21 41
23 28 43
28 36 16
20 19 34
20 44 39
17 22 30
32 25 21
28 33 16
20 39 24
29 25 20
25 36 16
28 21 30
22 31 42
18 15 41
37 36 37
37 31 28
25 43 30
24 43 31
18 17 15
37 15 40
30 23 45
30 34 23
38 37 17
22 18 26
21 46 37
17 18 28
25 24 43
19 20 38
34 18 39
37 32 25
13 16 23
27 27 36
33 28 33
44 40 37
26 32 27
29 17 26
29 44 20
40 32 35
29 18 18
38 36 36
30 31 27
29 33 18
15 42 28
17 32 31
23 30 35
17 30 29
34 21 20
31 23 14
37 13 25
31 24 38
17 37 23
23 31 29
15 39 25
21 15 24
24 28 34
26 43 42
19 39 18
20 20 21
35 23 26
25 35 27
36 27 26
36 27 23
42 26 32
20 25 31
23 33 38
31 20 15
23 35 28
42 21 42
26 37 26
30 45 41
28 23 23
39 18 24
31 40 45
16 25 32
15 33 34
41 23 36
43 17 23
42 22 40
32 45 13
27 21 26
19 21 16
36 29 37
15 30 42
27 24 40
33 19 43
28 28 27
43 46 39
32 23 39
44 19 31
29 43 34
22 32 26
42 13 33
24 46 36
29 32 28
22 23 22
27 30 20
28 36 15
29 42 24
37 31 33
36 16 37
13 15 27
15 36 35
27 31 35
46 35 38
31 34 26
33 30 42
18 39 24
23 32 29
32 30 35
20 26 39
18 24 19
40 35 43
32 22 26
24 14 29
21 23 41
22 39 30
41 21 38
33 37 14
30 25 22
21 23 30
37 28 21
19 18 25
40 38 23
35 35 35
45 27 39
30 24 32
18 46 23
34 31 26
39 31 37
26 36 17
18 19 42
30 37 28
43 21 26
41 31 33
23 37 32
37 15 23
35 31 18
28 33 21
27 46 41
31 15 43
30 27 33
33 39 33
20 27 45
25 20 29
20 23 22
28 36 34
38 27 38
15 31 36
19 24 32
31 44 19
33 33 25
28 30 36
46 18 36
31 40 22
37 23 41
36 39 14
40 24 19
20 29 32
30 18 38
41 24 32
24 27 21
39 37 13
33 34 28
39 38 31
34 29 22
26 35 34
31 16 29
37 38 19
39 13 40
14 31 21
25 41 34
16 25 46
39 22 29
45 35 31
24 26 18
37 25 15
40 28 34
39 37 35
43 31 31
17 44 27
19 34 27
28 27 32
18 36 41
42 22 25
22 20 32
19 36 33
20 37 27
22 34 23
45 35 14
38 33 15
37 23 24
40 34 35
30 19 41
15 25 28
38 29 20
27 38 22
22 21 30
30 25 26
36 35 24
31 21 24
25 25 24
18 25 26
29 29 26
14 21 26
33 24 40
23 16 26
17 36 16
38 29 30
19 23 28
13 35 25
23 21 23
23 24 22
14 16 44
41 13 41
36 29 20
24 21 23
40 17 26
28 28 32
38 39 17
38 26 15
36 30 35
24 33 29
26 22 32
35 31 29
19 39 30
33 46 27
16 38 22
33 45 41
36 27 31
26 45 31
35 34 28
44 17 15
44 32 29
34 42 28
24 21 27
20 34 41
18 39 19
33 27 28
16 25 32
29 27 25
18 34 36
29 25 21
38 43 24
23 30 35
41 25 22
17 23 20
15 39 15
46 26 13
38 30 16
14 22 40
31 40 27
44 22 25
28 35 34
31 17 24
38 21 29
35 36 24
19 28 40
21 31 32
18 34 25
21 28 26
20 32 23
36 18 41
44 29 42
23 42 26
19 30 27
35 17 41
26 19 24
26 27 29
33 24 22
36 31 40
27 22 34
39 23 37
20 28 22
24 37 31
36 33 42
27 15 22
40 22 36
27 23 28
27 30 17
26 19 33
14 22 23
20 40 22
26 35 38
29 27 21
19 26 39
43 26 18
35 45 23
39 26 28
20 26 26
37 17 27
15 42 36
36 26 22
30 22 37
27 27 33
24 45 24
23 24 24
30 22 25
16 40 28
27 35 34
46 23 30
