3 10 10 5
1 1
1 5
2 5
1 2
2 5
3 4
1 3
5 5
1 4
1 4
2 2 3
1 3
0 
22219 102586 82079 32866 74650 39671 49771 18009 65478 62158
1 529 1090
2 666
3
1 604 1166
2 667
3
1 506 1110
2 588
3
1 605 1110
2 604
3
1 556 1183
2 577
3
1 549 1141
2 676
3
1 585 1190
2 648
3
1 585 1116
2 577
3
1 592 1080
2 627
3
1 534 1149
2 613
3
12 4 5
11 3 5
6 6 5
6 6 3
9 5 3
9 7 2
10 3 3
8 6 2
8 8 1
13 3 2
25 25 25
918 1911 2797
1086 1840 2728
926 1657 2517
1002 1769 2701
1029 1847 2944
