14 4 10
542 1212 1731
555 1377
782
846 1543 2151 2998
869 1441 2411 2821
833 1490 2534 3085
869 1450 2218 2901
784 1296 2364 3014
809 1294 2279 2960
854 1521 2211 3196
765 1412 2477 2952
859 1510 2316 2775
813 1426 2368 2948
774 1419 2241 2861
749 1355 2192 2980
888 1508 2295 2987
890 1424 2113 3203
162 104 146 197
116 192 166 174
100 190 148 125
144 170 106 150
163 130 119 138
121 155 171 193
159 166 188 137
125 191 177 176
125 143 174 193
158 134 110 114
123 190 122 195
199 102 164 157
152 108 174 178
122 174 184 188
214 18 85 103
49 18 30 33
38 58 32 37
37 48 32 34
29 13 40 35
26 32 40 38
23 25 21 29
15 31 42 32
31 40 26 47
39 14 16 39
23 42 49 27
35 22 28 24
35 15 34 46
35 24 7 46
33 17 20 44
