14 4 10
342 994 1212
734 959
357
752 1203 2014 2458
831 1112 1993 2668
696 1184 2034 2561
782 1169 2372 2591
814 1099 2033 2564
788 1174 2348 2918
791 1238 2345 2956
806 1178 2281 2759
795 1145 2081 2529
834 1234 2231 2798
731 1185 2335 2834
808 1051 2201 2628
708 1232 1996 2676
707 1259 2046 2574
136 157 157 200
162 181 123 115
132 192 162 200
171 128 167 100
175 193 175 110
137 128 173 101
153 184 200 179
185 198 157 161
186 173 155 113
168 190 139 132
199 177 163 182
138 189 161 191
151 169 153 109
128 121 142 117
99 4 4 61
44 44 20 32
27 28 30 37
17 39 66 28
47 21 29 32
16 26 21 33
25 33 24 42
24 19 43 9
55 28 29 22
26 27 36 30
56 34 49 29
29 48 46 15
20 24 60 25
26 26 44 24
27 59 47 42
