14 4 10
393 1204 1330
638 1010
342
683 1133 2035 2405
662 1149 1844 2466
698 1205 1919 2410
637 1199 2003 2201
692 1235 2006 2584
697 1153 2052 2623
634 1262 1917 2328
616 1278 2025 2286
641 1148 1999 2665
666 1166 2056 2472
634 1359 1924 2288
584 1224 1771 2239
649 1258 1961 2265
676 1285 1983 2578
181 123 173 147
169 127 169 187
155 164 197 184
198 121 149 101
163 197 154 161
199 197 173 123
134 169 169 124
185 157 104 113
172 174 112 123
177 162 190 168
162 131 115 174
190 120 114 140
132 122 197 172
175 180 169 150
71 25 100 70
37 23 26 34
46 31 27 37
22 34 18 26
27 19 32 11
30 25 12 20
20 16 36 49
27 29 25 19
33 31 34 30
37 29 39 67
18 27 18 35
20 22 41 31
39 23 23 32
21 29 19 33
24 34 30 37
