14 4 10
363 732 1084
369 944
496
578 976 1496 2055
562 1145 1586 1870
564 957 1396 1904
608 985 1370 2229
613 1036 1465 2198
617 1015 1632 2002
518 962 1544 2134
533 1096 1529 2164
543 1021 1443 2046
578 1014 1509 1836
618 1046 1397 2211
618 959 1637 2003
522 987 1461 2026
561 969 1496 2188
143 148 122 106
109 188 168 129
172 132 141 183
111 182 107 166
141 150 123 155
130 171 169 164
124 108 160 146
186 135 164 181
194 178 186 163
195 162 155 198
178 128 112 127
188 109 160 151
123 117 116 157
116 137 152 179
136 28 16 29
25 19 27 29
15 24 30 27
32 21 35 33
39 32 60 20
36 14 17 36
40 22 33 19
29 30 35 46
40 42 36 20
15 31 49 39
21 32 42 28
23 26 18 13
31 18 23 18
26 40 39 22
24 45 17 38
