14 4 10
209 771 1236
567 1175
581
573 855 1496 2138
575 775 1470 1890
553 860 1617 2209
505 827 1406 2141
559 752 1468 2205
550 913 1356 2210
587 917 1405 2014
556 847 1590 2035
534 856 1502 1933
560 862 1406 1961
519 910 1437 2215
544 914 1560 2155
556 895 1390 2188
583 868 1551 1946
180 135 135 129
136 127 103 111
128 197 152 118
109 142 195 176
183 200 150 159
144 186 141 104
162 131 158 164
118 136 149 193
119 182 183 195
145 158 173 197
115 116 112 172
144 138 100 100
147 136 157 135
121 125 109 107
94 53 93 95
21 36 6 31
15 33 37 24
49 30 17 36
27 48 37 36
53 21 26 30
36 18 25 38
15 39 15 38
17 31 47 29
43 26 21 24
60 57 46 38
22 30 45 61
35 34 24 43
17 29 38 9
29 18 41 34
