14 4 10
378 838 1011
380 582
222
657 1179 1711 1984
621 1244 1681 1967
608 1105 1774 2080
569 1090 1595 2309
659 1213 1670 2053
627 1135 1667 2175
587 1088 1802 2265
614 1251 1822 2014
589 1290 1712 2004
592 1270 1589 2090
582 1185 1575 2095
654 1303 1796 2146
577 1226 1572 2229
569 1166 1611 2166
149 109 131 149
118 141 124 124
156 196 151 182
182 103 128 154
110 138 189 134
165 138 144 133
107 159 173 159
170 125 181 123
179 118 133 158
194 128 148 139
133 130 181 144
108 116 176 173
134 122 142 190
117 134 105 161
102 196 60 17
30 30 33 26
59 24 20 34
45 18 30 25
22 28 31 37
26 24 53 24
29 30 35 27
38 49 25 40
39 28 42 52
24 17 36 45
21 37 32 16
33 19 35 29
38 19 10 61
23 50 26 40
29 43 26 32
