14 4 10
556 1101 1478
598 1144
287
700 1329 2160 2560
805 1509 2100 2836
804 1410 2055 2768
808 1303 2050 2476
808 1500 2101 2678
682 1469 1859 2668
695 1466 1859 2783
705 1368 1941 2663
727 1517 1892 2753
714 1437 2130 2866
768 1460 2096 2653
679 1328 1843 2552
728 1399 1931 2820
683 1307 2004 2826
164 149 160 200
183 102 115 116
179 137 159 120
130 186 158 127
194 177 111 164
116 176 181 192
156 189 138 178
133 175 146 100
195 196 165 195
118 123 122 160
162 144 161 156
181 149 157 127
129 107 144 164
160 191 104 100
10 149 83 20
43 22 34 23
36 27 19 31
23 22 34 47
25 37 11 53
22 38 38 16
16 29 38 28
24 22 18 19
37 40 20 31
29 30 37 37
26 41 23 62
38 36 37 26
45 50 40 26
47 24 28 34
15 21 58 39
