14 4 10
438 1813 1934
1285 1576
477
846 1320 2769 3284
835 1505 2650 3272
966 1527 2361 3010
809 1366 2593 3386
846 1368 2776 3435
896 1413 2755 3322
944 1386 2466 2901
935 1526 2562 3446
976 1343 2716 3313
951 1525 2673 3162
895 1462 2422 3461
971 1445 2641 3109
830 1371 2350 3413
871 1527 2636 3265
194 141 123 149
191 106 176 163
116 172 138 120
178 116 196 169
142 180 157 109
133 191 196 183
130 163 126 142
160 195 120 190
107 128 158 174
171 188 156 186
138 195 131 182
192 171 162 177
145 184 116 195
118 160 122 147
114 168 76 10
26 22 28 50
23 26 16 36
27 52 17 28
29 21 25 21
34 20 26 31
28 28 38 15
17 28 35 18
43 20 46 23
38 47 35 30
29 41 53 15
26 45 46 35
28 23 29 40
29 36 36 25
41 25 35 25
