14 4 10
208 797 1450
503 1028
555
553 818 1425 2165
603 972 1678 2123
507 814 1685 1965
550 913 1530 1903
585 857 1593 2057
568 906 1585 2279
577 870 1582 2015
519 951 1651 2259
568 817 1527 1901
511 920 1571 2062
594 818 1612 2163
551 808 1573 1918
498 926 1391 1883
557 842 1465 2221
118 107 110 176
169 118 143 106
166 167 121 140
115 102 171 170
109 165 127 150
139 176 191 158
149 168 116 116
108 147 175 147
186 178 158 123
120 172 165 136
136 143 153 115
139 144 114 181
158 170 158 115
190 155 162 155
42 143 12 88
25 26 22 24
29 30 34 17
24 22 19 21
34 17 36 51
57 25 31 15
42 24 17 63
39 9 30 30
41 19 17 26
38 18 36 19
21 39 25 47
26 49 25 21
16 44 36 32
53 16 36 19
27 16 30 34
