14 4 10
449 886 2010
522 1345
724
727 1250 1916 2864
744 1122 1687 2410
689 1266 1791 2498
734 1195 1989 2700
699 1260 1979 2417
625 1297 1889 2576
637 1300 1958 2872
645 1276 1685 2674
746 1319 1758 2794
617 1213 1908 2861
641 1287 1811 2402
657 1319 1745 2587
688 1128 1973 2773
634 1184 1946 2427
168 153 135 131
147 175 175 153
196 150 123 105
110 124 152 187
113 192 186 185
163 113 124 123
114 151 176 162
142 138 156 186
169 102 131 164
164 115 125 153
121 136 195 168
198 147 152 185
163 128 154 138
146 181 124 185
155 50 96 99
17 11 80 26
43 30 31 13
23 17 44 20
34 25 37 36
42 34 33 28
23 26 32 24
19 34 39 49
19 36 24 51
30 32 29 13
35 21 27 22
38 30 44 8
38 34 18 37
39 31 28 21
37 23 15 28
