14 4 10
686 1533 2705
772 2046
987
956 1870 2821 4051
1048 1878 2598 4057
1022 1578 3068 3912
935 1724 3028 3409
956 1894 2931 3877
998 1577 2631 3900
1059 1815 2922 3765
946 1672 3080 4072
1009 1843 2601 3596
1050 1741 3050 3665
937 1686 2856 3564
942 1616 2728 4098
1034 1702 3064 3716
902 1694 2824 3430
194 103 109 191
196 160 192 195
182 105 147 185
171 171 146 144
114 112 157 200
189 157 115 194
100 198 154 113
105 153 192 147
140 148 164 124
198 176 112 175
200 104 187 162
120 119 132 184
146 149 148 134
166 189 102 162
99 65 70 113
13 23 14 20
16 40 22 29
42 32 27 37
26 20 15 23
41 44 22 30
33 40 18 31
28 58 40 35
28 48 42 36
29 35 19 44
38 34 47 30
20 38 16 40
38 27 29 12
28 14 44 37
35 26 49 30
