14 4 10
290 650 1559
341 1250
780
577 958 1411 2339
591 1086 1441 2218
592 993 1523 2298
640 916 1646 2235
598 1054 1504 2226
611 976 1550 2328
550 1015 1459 2262
650 1051 1569 2200
568 1025 1614 2355
545 913 1660 2407
556 964 1443 2405
538 990 1556 2177
568 1088 1544 2185
574 1006 1634 2141
119 196 140 140
148 146 143 197
143 142 136 161
100 160 175 123
141 127 178 155
177 108 166 101
196 170 102 175
172 138 142 175
147 200 176 178
145 193 157 132
192 103 104 162
179 193 163 191
118 149 120 113
168 192 102 199
81 53 103 92
40 29 42 25
18 20 67 35
48 21 26 24
30 29 35 54
34 19 12 41
26 30 48 17
30 9 29 39
31 40 27 16
28 42 32 32
33 20 27 36
21 51 27 29
44 32 41 27
40 18 49 49
28 26 24 12
