14 4 10
506 1101 1769
890 1537
635
821 1369 2359 3068
868 1573 2358 3082
735 1547 2331 2601
749 1562 2459 3029
808 1475 2429 2621
855 1461 2201 3030
821 1575 2414 2951
773 1485 2049 2592
746 1471 2240 3131
816 1417 2233 2880
807 1347 2228 2581
791 1391 2393 2778
761 1578 2130 2809
846 1465 2254 2961
123 165 146 146
181 118 122 120
136 198 108 131
141 171 123 153
142 133 171 182
124 109 129 180
158 197 124 177
150 182 160 155
182 193 184 130
137 177 185 108
179 110 134 118
106 154 191 128
190 147 190 111
156 111 156 184
19 137 76 104
18 31 12 23
19 28 24 33
26 27 13 28
27 22 29 31
10 13 45 18
35 29 11 52
37 51 18 32
20 23 44 65
37 29 25 19
38 19 20 39
32 31 23 47
36 30 31 17
28 46 39 57
30 23 33 32
