14 4 10
694 1216 2038
539 1401
898
995 1817 2434 3572
964 1618 2805 3473
908 1612 2648 4051
1046 1837 2454 3550
907 1634 2436 3809
972 1927 2762 3546
921 1674 2814 3863
1082 1906 2527 3542
1040 1932 2478 3507
922 1931 2394 3586
1014 1626 2688 3703
1064 1828 2796 3777
934 1673 2409 4063
904 1818 2550 3669
128 145 127 179
120 191 175 127
154 134 185 155
116 144 147 146
105 137 161 130
117 146 194 184
169 130 149 145
157 183 139 112
180 119 121 194
172 150 127 116
156 173 180 160
132 192 153 134
115 185 144 138
133 196 165 141
55 153 68 85
42 29 33 14
9 18 31 31
28 25 26 32
41 39 27 15
32 35 24 17
34 26 21 25
35 25 34 15
36 34 30 33
22 26 14 44
30 33 31 34
31 34 52 31
29 32 54 28
36 34 30 20
57 33 27 26
