14 4 10
370 810 1372
578 1215
666
760 1169 1806 2619
736 1300 1942 2552
681 1358 1940 2633
741 1240 1701 2630
745 1344 1774 2513
662 1135 1789 2661
702 1285 1734 2681
792 1223 1737 2928
795 1329 1997 2900
709 1372 1836 2573
710 1250 2055 2688
679 1170 1779 2863
704 1277 2059 2711
675 1213 2017 2720
184 102 156 140
136 129 160 189
177 176 174 161
101 152 101 162
117 196 195 146
138 168 189 160
173 174 174 176
174 143 183 124
102 114 178 119
198 100 177 171
185 174 192 192
125 100 197 189
153 196 162 181
200 198 125 146
90 16 106 19
27 27 26 24
38 24 38 12
17 37 19 30
33 23 31 31
58 18 29 42
21 29 12 21
15 33 21 20
32 27 20 27
20 30 23 49
19 28 23 42
50 32 20 44
7 25 33 27
28 33 34 37
23 32 22 17
