14 4 2
414 1108 1811
575 1065
495
760 1225 2023 2715
678 1332 2171 2617
705 1335 2284 2822
697 1322 2044 2545
751 1222 2256 2551
729 1320 2284 2697
702 1428 2021 2656
678 1258 2194 2928
744 1281 2347 2867
670 1412 2337 2784
816 1262 1974 2550
770 1242 2012 2525
700 1197 2224 2597
752 1431 2132 2584
29 38 39 31
47 47 48 31
33 43 32 26
29 46 50 39
41 28 36 32
43 48 34 47
34 37 48 32
32 27 42 28
41 50 50 30
28 31 47 42
33 48 38 29
31 25 40 33
36 35 27 40
39 48 29 46
52 6 24 21
0 1 0 3
0 2 0 0
1 0 1 0
1 0 3 1
1 0 1 3
0 1 2 0
1 1 2 0
0 1 1 0
0 0 1 0
0 1 0 1
1 0 2 0
1 1 1 0
0 1 1 0
3 0 1 0
