14 4 2
217 1164 1524
844 1395
343
742 1013 2078 2532
690 1116 2013 2321
696 1113 1764 2534
748 1012 1822 2704
733 1028 2082 2577
757 1172 1943 2678
665 1037 1741 2450
708 1027 1719 2600
651 1119 2001 2388
629 1000 1719 2720
717 1051 2042 2701
668 1162 1838 2678
698 1118 1860 2338
690 1060 1876 2728
25 31 36 26
48 26 35 27
44 49 36 45
46 49 27 38
25 48 35 34
41 30 30 46
41 29 38 42
27 28 44 26
41 25 25 45
41 34 36 27
36 44 36 43
48 26 50 25
50 47 48 30
25 38 49 37
6 27 25 16
0 2 0 0
0 1 0 1
1 0 2 1
0 1 2 0
1 0 1 0
0 0 1 1
0 1 1 5
0 1 2 2
1 7 0 0
1 0 2 0
0 0 0 0
2 1 0 3
0 1 1 0
3 0 0 0
