14 4 2
735 1010 1194
327 680
275
617 1422 1850 2197
631 1226 2034 2267
616 1443 1823 2636
719 1337 2118 2216
669 1433 2205 2647
720 1212 1980 2606
647 1222 2176 2581
740 1346 1914 2374
652 1362 2120 2616
637 1311 2078 2580
718 1195 2173 2617
728 1222 2150 2555
659 1364 1892 2453
662 1405 2008 2653
38 43 47 35
26 37 37 40
25 28 37 46
36 37 38 47
39 26 46 41
44 28 25 35
39 40 40 40
41 26 49 39
41 39 33 35
25 37 35 44
31 45 27 27
39 33 27 29
38 28 27 43
46 31 28 42
17 45 6 27
1 0 3 1
2 1 0 0
3 1 2 0
0 0 0 3
1 0 2 1
1 0 0 1
2 0 0 2
1 0 1 1
0 2 0 0
3 1 0 0
1 0 1 0
0 0 1 0
0 2 0 2
1 1 1 0
