14 4 2
374 926 1907
409 1452
1271
838 1313 1872 3241
721 1228 1863 2964
739 1288 1894 2808
783 1345 2110 3151
786 1250 1858 3257
769 1221 2175 2955
826 1310 2000 2850
818 1208 1908 3178
801 1147 1980 2891
753 1337 1968 3183
802 1250 2115 3084
820 1156 1940 2997
855 1118 1837 2787
766 1249 1817 2893
34 33 32 48
48 37 28 35
48 34 29 39
49 28 45 27
41 50 48 32
43 43 37 37
25 26 40 49
48 27 25 50
37 50 43 50
43 34 49 28
28 40 33 37
39 34 45 47
41 38 40 36
35 27 42 50
52 13 3 25
1 1 0 2
1 0 0 1
1 1 1 0
4 2 1 1
0 0 1 1
1 0 0 0
2 0 0 0
0 1 1 2
0 0 1 0
0 0 1 1
1 1 2 0
0 0 0 0
2 0 1 0
0 0 1 0
