14 4 2
199 886 1184
705 761
149
601 838 1750 1923
566 962 1574 2276
593 981 1776 2291
597 860 1598 2213
607 945 1627 1960
578 943 1896 2043
607 896 1606 2285
616 960 1722 2245
601 934 1635 2250
629 971 1836 2011
552 972 1866 2024
553 979 1593 2139
558 971 1565 2055
576 851 1851 2012
31 41 25 39
44 38 34 45
37 25 38 47
28 43 44 41
25 27 49 38
46 34 49 30
47 44 28 38
38 29 38 31
32 36 49 37
37 49 43 50
40 37 40 44
45 39 27 31
50 32 37 42
42 48 49 29
16 8 22 23
0 0 2 1
0 0 1 1
2 0 2 2
0 0 1 0
3 0 1 0
0 2 0 5
1 2 1 0
1 1 1 0
0 0 0 2
0 1 0 1
0 0 2 0
0 0 0 1
2 0 2 1
1 0 1 2
