14 4 2
593 1237 1814
693 1213
498
894 1578 2402 3048
860 1447 2796 3470
823 1402 2798 3385
952 1444 2564 3457
916 1591 2416 3122
902 1459 2522 3585
959 1682 2489 3268
895 1519 2691 3322
966 1447 2824 3615
954 1435 2489 3470
972 1680 2361 3623
922 1701 2695 3183
936 1508 2700 3498
997 1632 2696 3320
27 35 31 40
28 26 44 49
38 31 28 45
41 45 36 30
31 30 35 48
35 41 37 38
39 43 50 46
29 41 27 40
40 47 44 29
46 35 47 42
39 30 34 44
38 32 25 47
44 46 42 45
32 46 25 48
9 49 9 1
0 0 1 1
0 0 4 0
2 1 0 1
0 0 1 0
2 0 0 2
0 0 1 1
0 0 0 0
0 1 1 1
4 0 1 0
3 0 6 0
1 0 0 0
0 0 0 1
1 1 1 1
0 0 0 0
