14 4 2
505 1169 1706
601 1384
534
664 1224 2027 2710
671 1245 1821 2883
696 1235 1967 2992
650 1095 2169 2806
727 1205 2129 2634
647 1061 2171 3004
762 1094 2060 2647
702 1224 1970 2519
652 1255 1832 2648
648 1195 2141 2972
722 1192 2171 2849
761 1206 2016 2718
718 1086 1986 2848
697 1096 1850 2645
45 47 26 45
44 46 34 30
32 42 50 38
49 26 48 35
43 28 48 33
43 27 26 30
30 50 37 25
31 41 34 49
36 28 40 49
43 28 46 38
33 48 34 48
25 32 40 46
39 29 33 42
38 50 35 35
17 0 13 10
2 0 1 0
4 0 1 1
0 0 2 1
1 1 0 1
1 0 2 1
3 1 0 1
0 1 1 0
0 0 2 0
0 0 1 2
1 0 0 2
0 2 0 0
3 0 3 0
1 0 2 0
0 0 1 0
