14 4 2
468 963 1829
376 1764
1173
884 1494 2020 3379
921 1745 2101 3253
892 1489 2096 3145
937 1449 2231 3196
833 1563 2121 3185
826 1598 2293 3029
891 1757 2311 2870
811 1717 2418 3362
898 1661 2073 3242
877 1671 2337 2883
926 1474 2204 3358
864 1460 2356 2881
805 1465 2041 2960
892 1565 2041 3277
25 29 40 48
30 48 50 25
31 41 29 28
25 34 48 46
40 33 27 44
49 31 40 29
41 30 34 46
48 46 28 37
27 33 37 40
43 25 40 28
40 37 49 48
26 45 33 41
30 25 50 47
29 39 39 44
2 45 32 0
0 0 2 1
0 0 0 3
0 0 1 1
0 0 0 1
0 0 1 1
0 3 1 0
1 0 0 0
1 0 0 1
1 0 3 1
0 0 0 0
3 0 1 0
0 3 0 1
2 1 1 0
0 1 1 0
