14 4 2
680 1070 1624
507 1225
723
678 1396 1947 2786
740 1234 1731 2337
775 1427 1890 2564
732 1370 1895 2822
669 1278 1934 2356
775 1377 1802 2696
675 1355 1984 2662
714 1343 1967 2553
673 1221 1656 2471
684 1393 1926 2802
717 1252 1927 2348
708 1323 1957 2526
669 1370 1729 2592
655 1231 1744 2539
49 28 40 30
38 47 47 38
29 47 29 32
50 39 37 40
26 34 30 49
29 30 40 32
33 44 28 28
32 40 44 46
36 30 25 46
47 34 26 40
36 46 41 49
27 27 40 29
33 50 40 38
28 47 44 38
22 20 2 8
0 1 2 1
0 1 1 0
0 4 0 1
0 2 0 1
2 1 0 1
0 0 0 0
2 0 2 0
1 0 0 1
0 0 0 0
1 0 2 1
1 1 0 1
0 1 0 0
0 2 0 1
1 2 0 1
