14 4 2
492 1316 1721
907 1389
221
829 1473 2687 3002
912 1474 2796 2765
829 1595 2560 3039
809 1622 2702 2936
859 1452 2525 3229
816 1675 2835 3194
858 1463 2646 3338
946 1586 2830 3078
794 1514 2778 2974
928 1422 2396 3033
803 1554 2623 2878
814 1617 2581 2890
855 1637 2526 2993
935 1419 2400 3278
50 35 40 40
42 28 45 40
35 40 36 31
50 41 33 50
35 42 36 50
31 48 27 33
36 44 31 37
48 39 49 48
35 26 31 36
26 44 49 34
27 43 33 39
25 27 34 27
27 41 48 28
42 31 43 25
7 48 10 15
1 0 0 0
2 3 4 0
0 3 1 1
1 0 0 3
0 0 0 0
0 3 0 0
0 1 1 1
1 2 1 2
0 1 1 1
0 0 1 0
0 1 1 1
1 1 0 1
0 0 0 0
0 1 0 0
