14 4 2
359 1050 1266
673 1021
384
727 1198 1922 2384
690 1224 1858 2652
662 1221 2248 2727
751 1133 2064 2609
760 1257 2077 2666
763 1279 2204 2442
718 1171 2002 2373
675 1308 1941 2551
636 1327 1844 2548
700 1222 1979 2667
725 1354 2133 2387
747 1146 1875 2587
677 1350 1968 2429
673 1183 1846 2355
34 36 26 45
28 50 37 34
26 41 27 34
28 35 29 33
32 43 45 34
26 40 38 48
44 37 36 29
38 36 41 49
50 34 31 36
33 29 39 45
29 31 48 45
25 41 31 28
43 29 26 31
44 45 44 27
30 19 3 19
2 0 0 1
0 0 0 1
5 0 1 1
3 1 2 1
1 1 2 0
2 0 0 0
0 0 4 0
1 0 1 1
0 2 0 0
0 0 1 1
3 0 0 1
1 0 0 0
1 2 1 0
0 0 1 1
