14 4 2
441 1206 1826
663 1118
672
785 1308 2060 2809
863 1343 2446 3264
773 1261 2186 2900
849 1521 2056 3263
854 1432 2383 2818
759 1385 2122 3087
796 1306 2346 3072
787 1445 2311 2780
874 1347 2360 2814
728 1508 2252 2908
847 1462 2061 3377
848 1506 2249 3148
869 1336 2318 2855
726 1455 2147 3317
29 26 35 31
30 47 30 35
46 29 28 30
32 34 26 30
38 26 46 43
40 29 39 50
41 33 27 40
33 32 36 31
42 37 33 41
33 31 34 25
37 38 43 34
30 36 26 47
43 35 32 42
31 36 31 26
38 44 17 6
1 1 0 0
0 0 1 0
0 3 0 1
0 0 1 2
0 1 2 0
1 0 1 1
1 0 2 1
0 0 1 1
0 0 2 0
0 0 0 1
0 3 0 2
0 2 0 0
0 0 2 0
1 2 2 0
