14 5 10
590 1463 2275 3060
1062 1253 2352
450 1232
911
1083 1755 2956 3481 4503
915 2013 2937 3889 4213
1030 1946 2727 4119 5099
1081 1900 2910 3869 4641
1068 1904 2916 3787 4712
1021 1858 3194 4046 4351
1086 1732 3192 3819 4481
1018 1979 3101 3697 4679
914 1836 2816 4206 4638
950 1843 3011 3879 4365
916 1968 3046 3945 4751
906 1921 2845 3631 5121
1084 1858 2653 3860 4584
998 1899 2845 4207 4882
7 9 9 7 5
6 5 9 5 5
7 6 5 9 5
6 6 8 6 8
5 5 8 8 9
8 7 10 8 5
10 10 10 10 9
8 6 9 5 6
10 6 8 7 7
10 5 8 9 9
8 6 7 8 7
6 6 10 10 8
7 10 6 5 6
8 7 6 7 7
0 6 3 1 3
7 15 4 16 14
10 7 16 6 10
14 4 11 10 15
17 12 16 11 20
3 10 10 7 14
22 9 5 12 9
10 3 3 10 6
13 11 9 13 4
13 9 15 17 13
18 8 3 21 13
10 11 8 5 17
10 3 17 14 4
15 9 12 12 15
7 6 5 15 14
