14 5 10
677 1251 1812 3180
520 1385 2059
761 1945
837
942 1760 2334 3374 4394
912 1502 2384 3175 3959
859 1690 2394 3217 4600
797 1581 2465 3268 4216
802 1719 2151 3335 4012
852 1550 2251 3235 4735
947 1786 2044 3026 4752
843 1610 2256 3185 4404
871 1666 2158 3542 4024
934 1744 2183 3330 4044
819 1683 2084 3508 4346
941 1800 2129 3420 4525
879 1586 2229 3382 3944
966 1617 2308 3536 4726
5 5 10 7 6
8 10 8 9 5
6 10 9 10 10
7 8 7 8 7
5 8 8 5 8
7 5 9 10 8
5 7 5 7 8
7 6 7 9 6
9 5 8 7 9
7 6 5 8 5
7 7 5 5 7
5 10 10 6 5
5 5 7 6 8
5 9 5 10 8
8 1 0 8 1
17 11 10 5 2
12 7 10 22 8
8 5 11 9 3
7 8 13 10 11
13 4 10 13 7
12 14 10 8 2
17 16 13 4 19
10 4 13 6 18
7 13 8 7 10
7 14 10 12 9
8 8 5 15 11
6 3 9 8 19
18 3 10 7 13
7 11 8 16 22
