14 5 10
513 1785 1853 2548
1069 1222 1976
187 1252
900
882 1557 2898 3132 4279
878 1584 2550 3241 4410
916 1360 2848 3560 4825
838 1346 2779 3608 4853
855 1515 2884 3166 4412
976 1448 2666 3607 4370
946 1321 2471 3744 4735
830 1549 2529 3648 4454
992 1354 2700 3743 4456
856 1361 2625 3183 4551
866 1416 2705 3507 4361
954 1336 2534 3317 4820
856 1449 2655 3180 4883
921 1404 2703 3220 4740
8 9 8 8 5
7 8 8 10 7
8 6 5 6 7
8 9 7 6 10
10 7 10 10 9
6 10 7 7 7
10 7 7 8 8
6 6 5 6 5
5 10 9 6 10
8 6 9 10 9
5 7 5 7 8
10 6 9 6 7
8 7 8 7 7
5 10 8 10 6
3 0 1 3 3
9 4 9 8 10
14 8 10 13 6
4 13 9 13 9
8 7 9 4 13
6 3 8 19 7
4 11 11 8 9
8 9 9 23 9
9 2 5 6 9
16 8 7 5 13
13 12 13 8 4
4 13 11 9 5
13 4 18 14 10
15 7 13 14 13
5 9 12 9 13
