14 5 10
488 1309 2124 2856
1062 1763 2305
714 1615
628
935 1529 2662 3517 4395
1029 1395 2477 3496 4588
965 1355 2903 3157 4651
1001 1475 2520 3403 4872
990 1505 2692 3518 4870
1011 1628 2718 3589 4288
1070 1423 2497 3681 4548
948 1543 2920 3522 4469
979 1396 2918 3188 4129
1060 1492 2719 3303 4410
949 1560 2479 3717 4694
1015 1533 2631 3306 4806
1041 1471 2734 3305 4781
936 1561 2902 3465 4468
6 6 6 6 6
10 8 9 5 9
5 8 5 7 5
7 9 5 7 8
9 9 8 9 8
6 9 10 10 10
5 6 5 10 9
8 9 9 8 10
9 6 9 10 10
6 7 9 8 10
6 10 5 7 9
10 7 9 5 5
8 9 6 7 8
5 9 10 6 10
3 12 3 1 4
8 12 5 12 13
9 7 15 14 13
15 11 8 4 11
8 10 10 11 11
7 9 5 7 10
11 12 17 2 7
3 7 22 12 13
9 10 14 9 7
5 12 11 18 8
10 10 6 14 14
11 12 7 6 6
7 5 7 14 10
5 11 15 8 14
6 4 10 11 4
