14 5 10
722 1407 2206 2640
946 1279 1801
653 964
252
811 1685 2722 3494 3837
915 1691 2625 3210 3831
819 1590 2687 3599 4220
831 1598 2564 3266 4102
828 1457 2745 3130 3823
974 1616 2691 3266 4058
896 1592 2744 3538 3968
857 1698 2521 3065 4112
843 1534 2418 3134 4042
899 1654 2747 3505 3950
906 1654 2749 3073 4063
961 1517 2491 3512 4557
960 1442 2831 3454 4166
869 1631 2855 3406 4460
7 6 8 6 6
5 5 6 7 5
7 5 8 6 9
7 10 5 6 6
5 10 9 7 5
6 6 6 7 5
5 6 7 6 9
6 6 5 8 9
8 5 9 8 10
5 10 8 8 7
10 8 10 9 5
7 10 10 9 8
5 10 6 10 8
9 10 5 5 9
3 4 1 0 3
16 15 9 5 11
7 4 14 8 5
9 16 7 7 10
13 11 9 8 4
12 9 14 2 13
8 12 8 15 8
7 6 10 10 9
11 5 12 7 6
7 14 11 10 10
7 6 9 11 9
22 25 11 10 5
10 11 4 9 4
11 8 13 19 5
12 4 8 3 11
