14 5 10
307 1168 1878 2401
792 1215 2203
592 1281
932
657 1064 1971 2715 3741
734 1049 2027 2817 3639
668 1152 2137 2582 3725
719 1153 1890 2814 3637
662 1063 2042 2852 3400
717 1138 1815 2886 3234
708 1184 2079 2917 3334
693 1175 1993 2779 3497
735 1161 1882 2523 3360
718 1145 2179 2827 3506
633 1141 2153 2586 3371
651 1083 1983 3004 3266
717 1139 2204 2652 3765
715 1032 2159 2554 3272
5 8 7 6 8
6 7 6 6 5
9 8 8 6 10
10 9 9 6 9
9 7 9 6 8
6 5 10 5 10
6 5 9 8 8
10 7 9 7 9
6 5 9 9 9
5 6 7 7 5
10 10 5 8 10
8 6 5 6 9
8 6 8 5 8
9 8 8 6 8
10 0 3 7 2
7 8 11 6 14
9 3 13 4 17
14 20 5 13 19
14 12 10 17 8
13 10 12 17 11
10 3 10 6 14
4 16 4 6 6
7 9 9 10 11
5 4 7 9 15
5 14 5 6 11
9 10 5 13 4
3 6 11 9 15
8 1 10 8 8
6 0 8 7 15
