14 5 10
714 1113 2235 3310
586 1215 2572
669 2020
1175
971 1778 2521 3385 4662
957 1850 2541 3476 4255
878 2016 2469 3849 4695
978 1864 2794 3266 4176
841 1917 2408 3691 4409
987 1889 2389 3261 4686
877 1989 2700 3816 4483
842 1693 2637 3233 4654
891 1873 2452 3740 4346
932 1965 2727 3633 4662
982 1761 2377 3486 4485
863 1895 2754 3491 4532
855 1702 2373 3245 4626
922 1829 2650 3308 4348
5 10 6 8 10
10 7 8 9 9
7 5 5 9 10
10 5 5 6 8
7 9 8 9 9
9 10 6 10 10
10 5 5 6 7
6 7 6 9 6
10 7 7 6 8
8 6 6 9 8
8 6 8 10 7
8 6 9 5 10
10 7 7 10 7
9 10 8 5 6
1 8 4 7 2
6 14 10 7 17
16 3 9 8 16
15 12 7 18 10
14 12 13 8 12
9 8 14 2 9
8 13 12 12 7
11 9 5 12 8
11 13 19 7 12
8 13 14 10 25
17 3 3 6 8
17 8 10 11 20
18 6 20 16 11
8 3 16 16 14
11 3 5 16 12
