14 5 10
347 994 1518 2226
642 1052 1736
443 1318
833
746 1214 1922 2414 3600
794 1304 2155 2633 3370
753 1259 2258 2611 3661
704 1349 2116 2779 3669
796 1402 2166 2703 3074
774 1314 1873 2757 3309
670 1360 2080 2418 3206
723 1328 1982 2473 3236
772 1253 2165 2602 3192
691 1253 1899 2414 3242
703 1219 1969 2844 3678
726 1420 2255 2903 3419
680 1362 1987 2433 3114
738 1277 1942 2518 3159
7 10 9 6 9
8 9 10 6 7
8 8 7 6 9
5 6 7 8 6
8 5 10 7 6
8 7 8 7 10
9 6 10 10 5
10 10 5 10 8
6 9 10 9 6
7 10 8 5 10
8 10 6 10 8
5 7 9 5 5
6 8 6 5 9
5 6 10 5 9
13 10 1 0 0
14 17 13 8 10
14 8 10 3 12
11 8 9 5 12
12 8 6 7 5
8 5 15 3 7
6 14 4 5 5
8 20 10 9 10
22 6 11 10 12
11 5 11 10 18
8 9 8 11 13
2 4 7 8 9
14 4 7 10 19
2 13 15 10 11
11 11 4 21 21
