14 5 10
441 835 1548 2382
389 1043 2118
750 1317
744
701 1245 1683 2563 3564
764 1180 2006 2600 3558
677 1292 1735 2800 3094
669 1262 1865 2572 3320
668 1146 1878 2903 3342
675 1180 1867 2427 3363
760 1176 1953 2569 3654
631 1263 1645 2468 3304
661 1140 1772 2670 3120
634 1146 1839 2842 3546
732 1172 1666 2782 3292
702 1307 1842 2791 3081
640 1249 1800 2495 3081
665 1340 1887 2936 3282
6 7 6 10 7
10 10 7 5 10
10 9 7 9 10
9 7 5 8 5
9 8 7 6 6
9 6 6 9 7
9 5 9 6 7
6 6 10 10 9
6 5 5 7 9
7 6 10 10 7
8 8 10 10 7
7 10 5 5 9
7 8 5 8 5
10 6 6 10 7
8 9 1 7 0
8 12 10 11 10
12 8 24 5 6
20 14 9 8 19
7 9 14 9 7
8 15 14 8 2
6 10 5 9 7
9 12 19 1 10
13 14 8 10 13
9 14 9 7 9
13 7 9 10 12
13 17 8 7 10
5 5 9 8 7
15 13 5 8 10
16 6 7 10 18
