14 5 10
787 1194 2050 2937
536 1435 2371
671 1826
1019
773 1603 2295 3125 4242
886 1658 2439 3058 4402
831 1595 2585 3402 4332
845 1529 2526 3130 4347
892 1420 2276 3126 4278
836 1431 2240 3459 4147
793 1607 2382 3256 3742
903 1547 2282 3333 3929
877 1681 2256 2988 3948
868 1631 2454 3208 4060
863 1590 2636 3069 3883
900 1583 2196 2889 4123
868 1564 2283 3299 3795
761 1685 2206 2963 3970
5 6 6 6 5
6 8 9 7 8
7 7 8 5 10
7 9 8 5 5
5 5 8 6 5
7 6 7 5 5
5 8 8 8 7
7 10 9 5 8
6 10 6 8 8
8 7 5 5 5
9 7 10 9 8
8 5 5 6 6
8 10 9 5 10
7 8 10 6 8
3 2 2 4 3
4 10 8 10 4
14 9 9 6 18
10 6 5 3 6
8 16 13 10 7
9 11 7 4 10
17 11 11 9 6
11 14 10 13 13
9 8 13 8 11
17 6 7 9 12
9 16 11 10 12
16 6 17 5 8
11 12 6 9 10
4 7 5 10 18
19 7 11 10 11
