14 5 10
483 748 1265 1951
217 719 1498
500 1382
902
550 1070 1355 1899 2891
612 1179 1588 2066 2746
558 1172 1433 2002 2653
568 992 1461 1864 2864
628 984 1551 2130 2440
534 1067 1365 2088 2692
542 1058 1529 1881 2516
601 1132 1450 1971 2579
580 1182 1415 2118 2479
589 1114 1611 2211 2928
628 1060 1605 1981 2744
596 1174 1327 1908 2592
628 1035 1442 2009 2468
612 1096 1527 1964 2862
9 5 7 5 10
6 5 9 6 9
7 8 5 10 10
9 7 8 7 5
8 6 6 5 6
5 10 6 7 9
7 8 9 5 5
7 10 5 8 6
10 5 6 10 10
5 8 7 6 5
6 5 8 5 10
9 10 10 5 9
5 9 9 8 6
5 5 8 7 8
1 2 4 0 5
12 9 7 9 8
15 10 15 10 11
16 10 12 16 9
14 9 13 5 9
15 6 3 5 9
15 12 8 14 10
5 4 6 8 4
4 11 9 14 20
10 7 9 6 14
13 9 16 6 11
15 8 14 13 13
11 11 9 12 7
8 17 10 3 7
13 10 9 12 13
