14 5 10
567 1517 2224 2091
934 1505 1638
821 572
-133
810 1431 2549 3428 3277
836 1328 2480 3408 3838
874 1488 2458 3139 3393
808 1315 2186 2951 3639
740 1427 2336 2855 3645
837 1310 2458 3055 3485
724 1475 2426 3436 3496
829 1477 2108 2890 3716
723 1378 2363 3417 3288
854 1342 2286 3138 3853
794 1308 2381 3412 3669
842 1484 2094 3415 3929
867 1478 2114 3283 3472
726 1369 2479 2893 3456
7 9 10 10 8
7 5 10 10 10
6 5 7 5 7
10 10 9 6 5
5 8 9 5 6
6 5 8 8 7
6 7 10 5 7
7 6 8 7 9
7 10 5 5 6
8 10 10 5 6
10 8 8 8 6
9 10 5 10 5
6 7 6 9 5
10 5 5 5 9
5 5 4 6 0
13 8 13 11 10
7 16 9 8 10
12 8 10 7 14
3 15 5 13 7
2 9 4 2 11
12 12 8 8 12
7 6 17 8 11
8 11 5 13 11
2 10 9 7 14
14 6 16 3 8
5 6 12 10 6
14 5 5 2 12
13 15 18 5 8
8 15 17 11 18
