14 4 5
438 1290 2216
850 1506
859
881 1482 2638 3575
842 1313 2635 3090
851 1463 2697 3544
753 1322 2485 3189
856 1247 2257 3264
906 1387 2499 3040
885 1437 2357 3539
797 1439 2221 3361
783 1442 2571 3176
854 1328 2555 3504
884 1473 2236 3020
884 1303 2304 3497
867 1475 2421 3116
796 1376 2440 3480
7 5 6 7
8 5 9 5
7 9 7 5
7 10 8 6
6 8 5 8
7 9 7 8
8 6 9 6
8 5 6 7
7 10 9 5
6 5 10 5
7 5 8 6
7 5 9 7
6 7 6 10
9 10 8 6
0 9 1 4
14 28 4 34
7 14 14 18
17 11 8 11
17 18 18 8
18 19 16 17
12 8 37 26
12 8 14 23
16 12 11 16
16 11 8 20
9 13 6 10
26 12 10 28
20 21 5 16
15 19 18 16
19 16 16 7
