14 4 5
422 1352 2126
897 1290
428
879 1373 2593 3129
842 1413 2177 3386
830 1615 2608 3129
888 1385 2320 3176
808 1609 2228 3445
936 1520 2633 3366
953 1524 2593 3428
910 1461 2284 2954
880 1430 2302 3552
797 1465 2464 3377
920 1561 2510 3515
798 1436 2642 3233
877 1537 2390 2990
918 1417 2596 3532
10 6 10 8
8 5 5 6
9 10 6 5
10 5 9 10
7 6 9 7
6 6 5 9
8 9 5 10
5 7 6 10
7 8 5 8
9 10 6 6
7 9 8 9
6 7 9 6
7 9 9 9
5 8 7 6
2 2 5 3
4 3 8 9
15 12 10 22
10 24 15 27
13 13 38 21
18 10 13 12
33 5 5 13
14 16 14 8
4 27 7 20
20 10 18 14
22 6 16 9
6 7 18 17
15 16 15 9
5 7 13 6
15 14 13 19
