14 4 5
307 931 1506
643 1509
776
725 1094 2006 2855
840 1283 2092 2647
863 1303 2328 3181
830 1306 2232 3184
838 1205 2037 3044
797 1226 2236 3039
821 1218 2272 2819
763 1154 2199 2956
722 1170 2129 3148
820 1264 2343 3061
795 1229 2231 2933
755 1247 1959 2921
722 1290 2043 3151
777 1093 2204 3109
9 8 7 9
10 9 6 5
5 10 7 9
5 5 7 7
5 7 6 10
10 5 6 5
10 9 6 5
8 6 5 10
5 7 8 8
5 9 6 8
6 6 7 10
7 5 5 8
8 8 6 10
9 9 10 8
3 4 7 3
16 21 16 19
2 5 13 19
9 17 17 8
9 30 7 19
16 12 34 16
17 15 26 12
15 11 21 41
3 16 10 18
12 17 18 16
10 24 14 14
22 15 9 19
15 1 24 35
11 22 16 5
21 21 8 17
