14 4 5
595 975 1895
350 1529
1058
827 1477 1918 3172
766 1386 1845 2722
813 1492 2034 2944
747 1425 1867 3165
799 1511 1829 3082
828 1410 1883 2678
802 1298 1830 3114
766 1384 2128 2778
717 1316 1964 2713
748 1325 2140 3025
822 1264 1913 2707
767 1307 1805 2749
730 1317 2089 2698
764 1501 1864 3114
6 5 10 6
5 7 6 6
5 8 9 9
7 7 10 9
5 9 5 5
6 9 7 9
6 7 9 7
10 10 5 9
10 5 7 6
5 5 6 7
8 5 7 6
6 10 9 6
9 10 9 7
6 10 6 10
3 6 5 2
6 10 16 15
13 7 15 10
22 6 18 11
11 11 21 18
8 6 12 19
9 22 13 13
7 4 20 12
16 31 19 10
10 30 5 14
8 19 8 48
19 21 10 10
16 17 13 29
9 21 15 14
17 26 14 7
