14 4 5
356 965 1231
640 814
81
630 1052 1862 1975
644 1085 1906 2266
614 1013 1698 2234
618 999 1731 2128
583 1104 1645 2275
560 1051 1859 2306
626 1015 1752 2039
668 1098 1938 2225
589 971 1931 2223
586 948 1840 2106
612 955 1919 2116
560 1123 1900 2086
626 965 1861 2037
570 1072 1683 2377
5 8 9 7
6 6 8 6
9 5 7 8
7 10 8 10
8 10 5 9
9 9 6 5
5 8 10 6
6 6 10 7
10 6 9 7
9 9 7 7
6 6 9 7
6 7 7 6
9 10 9 5
10 8 9 9
2 5 2 3
18 9 9 12
12 10 21 10
8 20 11 26
28 11 10 19
3 19 13 8
10 23 25 17
18 7 12 7
23 11 11 5
15 31 23 2
18 19 12 15
15 12 34 9
11 23 7 8
29 5 16 13
11 16 29 24
