14 4 5
294 944 1323
506 1034
464
504 910 1607 2195
550 861 1619 2152
516 917 1492 2244
539 897 1739 1940
596 821 1664 2284
534 902 1678 2172
594 870 1591 2169
554 770 1683 2003
569 854 1565 2167
527 827 1518 2078
569 847 1780 2185
598 834 1690 2083
545 900 1768 2150
583 854 1531 2107
9 7 7 9
8 6 8 10
8 10 10 6
5 8 5 8
8 6 7 8
8 9 7 7
9 6 6 8
9 8 10 7
5 9 10 8
5 5 7 9
7 8 10 9
5 10 9 10
8 9 5 8
7 8 6 7
11 3 2 5
10 8 22 36
12 7 14 16
13 24 13 18
13 9 42 26
14 7 9 12
18 13 25 9
13 26 10 6
14 35 10 8
17 19 12 12
15 15 10 16
9 6 18 6
9 20 14 12
34 16 12 14
22 22 6 17
