14 4 5
544 1509 2442
954 1995
898
838 1560 2586 3850
1002 1457 2896 3665
931 1424 2618 3480
827 1652 2484 3867
855 1612 2538 3298
854 1532 2608 3388
851 1595 2873 3268
886 1420 2585 3629
893 1422 2793 3536
895 1495 2599 3327
968 1420 2785 3920
961 1526 2532 3949
881 1537 2817 3505
998 1700 2382 3732
9 10 6 10
7 6 7 10
7 10 10 10
7 10 6 8
6 7 7 10
5 7 7 10
10 5 6 8
5 8 8 5
9 9 8 6
8 7 5 7
8 10 7 7
8 10 8 5
5 9 9 10
9 7 7 6
3 6 7 0
24 12 25 14
15 5 13 24
12 17 7 28
18 10 25 18
32 18 21 17
26 34 9 30
8 22 14 15
16 16 11 30
10 12 9 23
11 15 23 15
18 6 16 12
3 17 21 5
12 6 13 13
18 21 14 11
