14 4 5
296 812 1503
460 978
596
662 1042 1626 2270
672 924 1656 2348
670 1065 1671 2530
628 894 1516 2422
584 1004 1652 2689
621 1064 1558 2346
631 966 1634 2403
638 1021 1712 2372
647 908 1576 2426
613 1027 1578 2485
616 982 1521 2644
576 1060 1633 2693
663 966 1764 2377
581 994 1594 2426
7 8 7 5
9 10 8 8
7 9 9 5
9 6 8 6
9 6 9 7
10 9 6 10
9 8 9 8
10 6 7 5
9 8 6 9
8 9 9 7
6 10 7 10
8 6 7 10
8 6 5 5
9 10 8 8
0 0 6 3
5 5 8 8
12 13 6 15
14 13 4 10
6 10 17 18
18 24 8 11
13 19 10 23
9 19 21 19
16 22 16 11
30 15 12 16
9 6 7 24
9 8 21 1
1 14 22 13
21 5 36 22
11 17 18 20
