14 4 5
671 1555 1659
675 1213
380
784 1587 2446 2937
832 1470 2324 3025
866 1531 2701 2885
785 1519 2686 3117
843 1481 2472 3129
850 1672 2548 3053
824 1645 2391 3413
815 1562 2462 3020
763 1536 2396 3205
860 1592 2702 3071
858 1466 2432 3388
830 1650 2651 3293
840 1682 2495 3016
916 1680 2570 3095
5 5 9 6
5 7 9 8
5 8 8 6
10 10 9 9
10 5 6 9
5 10 7 9
7 9 6 9
5 7 6 5
8 6 9 8
10 6 5 6
5 8 9 8
7 7 7 10
6 7 9 10
5 6 10 7
9 0 7 1
19 26 22 8
11 25 7 14
13 20 10 10
29 18 12 9
14 16 25 17
9 12 12 13
5 24 21 9
8 2 25 5
9 31 5 16
14 14 14 24
10 8 18 6
15 10 27 7
19 4 10 5
19 13 18 9
