14 4 5
220 683 1676
639 1290
866
670 907 1594 2648
656 911 1729 2296
631 929 1865 2507
613 974 1646 2478
633 898 1668 2285
578 984 1868 2455
660 908 1857 2350
657 992 1611 2539
651 904 1693 2585
658 881 1620 2494
632 880 1797 2416
617 941 1563 2374
596 851 1792 2338
658 853 1874 2393
7 7 7 6
7 8 6 6
10 7 8 6
7 10 9 7
9 9 10 9
7 9 8 10
7 7 10 5
10 8 10 9
5 5 6 6
10 6 8 6
9 10 9 8
9 10 10 9
9 6 9 6
10 10 5 9
4 3 5 5
9 20 27 11
16 16 16 9
24 4 18 14
26 25 5 10
15 11 25 3
9 17 7 10
6 33 15 15
24 32 14 2
19 6 17 8
14 20 9 22
16 10 6 13
20 9 5 8
6 23 5 6
9 22 19 22
