14 4 5
604 775 1497
302 875
473
688 1364 1701 2345
596 1213 1724 2541
570 1226 1745 2287
650 1320 1798 2326
679 1246 1827 2614
646 1142 1752 2282
670 1220 1812 2494
675 1322 1733 2307
570 1203 1813 2651
681 1230 1836 2208
616 1365 1678 2631
617 1198 1727 2233
645 1181 1587 2411
574 1136 1843 2663
6 10 8 10
9 5 10 10
6 6 6 7
10 8 8 8
7 7 7 9
8 7 5 9
9 6 6 5
7 9 9 8
10 7 8 6
5 10 7 5
6 9 8 8
7 7 7 8
6 8 8 7
6 8 9 9
5 10 0 5
5 38 18 9
12 23 9 15
8 22 8 28
15 34 23 21
10 5 16 14
13 19 18 10
62 10 8 14
16 11 11 20
22 11 13 12
5 22 9 25
4 11 9 19
26 6 20 19
15 6 30 10
26 10 20 11
