2 5 2 1000
797 1081 1354 2412
178 728 1372
550 1157
576
721 1627 1873 2597 3319
809 1590 1781 2902 3813
134 183 198 118 190
180 104 136 113 163
40 326 48 78 32
0 1 2 3 1
2 0 3 1 0
1 1 0 3 0
0 0 0 1 0
1 0 1 0 0
0 0 2 1 2
0 0 2 0 0
1 0 0 1 0
0 1 0 0 0
1 0 0 1 0
3 1 0 2 2
1 1 0 1 1
2 1 0 1 2
1 0 2 3 0
1 0 2 2 0
2 1 1 0 1
4 1 1 1 1
0 0 0 0 1
0 0 3 0 3
0 2 0 0 0
0 2 0 0 1
0 0 0 2 0
0 1 1 0 0
1 0 2 0 0
1 1 0 0 2
0 0 0 0 0
0 0 0 0 2
0 1 0 1 0
0 0 1 2 0
1 0 0 0 0
0 0 0 1 0
1 0 1 1 1
2 0 1 0 1
0 1 0 1 0
0 0 0 0 0
0 1 0 0 1
0 1 0 0 0
4 0 0 0 1
0 1 1 0 0
1 2 2 1 0
0 0 1 0 2
0 1 1 0 1
0 1 1 0 0
0 1 0 2 0
0 0 1 0 0
0 0 0 1 0
1 1 0 0 1
2 0 0 1 0
1 0 0 0 2
1 0 1 0 0
0 1 1 0 2
2 1 0 0 0
2 0 0 1 0
1 0 0 0 0
0 2 0 2 1
1 0 1 0 0
2 1 3 0 0
0 0 0 0 1
0 0 1 1 1
0 0 0 0 0
0 2 2 0 1
2 1 0 0 1
0 0 0 0 2
0 0 0 0 1
0 0 0 0 0
0 1 0 0 0
0 2 0 0 1
0 0 1 0 0
0 0 0 0 3
0 1 1 2 1
1 2 0 0 3
0 1 1 0 1
0 0 2 1 0
1 2 1 0 0
0 0 0 1 1
0 0 0 0 2
0 0 0 0 1
1 1 1 2 0
0 1 0 1 1
0 2 2 1 2
2 0 0 0 1
0 0 0 0 2
0 1 0 1 0
2 1 1 0 0
0 0 0 1 0
1 1 0 0 0
2 1 1 0 0
0 0 0 0 0
2 1 0 1 0
0 0 3 0 0
0 0 0 1 1
1 1 1 1 0
0 3 0 1 2
0 1 0 1 0
0 0 0 1 2
3 2 2 2 0
1 0 0 0 1
2 0 0 2 0
0 0 1 2 0
0 0 0 0 1
2 0 0 1 0
1 0 0 0 1
0 1 0 0 0
1 0 2 0 0
1 0 1 0 1
0 1 0 0 1
0 1 0 3 0
1 0 1 2 1
2 0 0 2 0
0 2 2 0 2
1 0 0 0 0
0 0 0 0 1
0 0 0 0 2
0 2 0 1 1
0 0 0 1 1
2 1 1 0 1
0 0 0 1 1
0 2 0 0 0
1 0 1 0 2
1 1 0 0 0
0 0 1 1 3
1 0 0 2 0
2 1 1 3 0
0 2 1 0 0
0 0 1 1 3
0 1 0 0 3
1 0 0 0 3
0 0 2 0 0
0 0 0 0 0
0 1 1 0 0
0 0 2 1 1
0 1 0 0 1
0 0 0 0 3
0 0 2 0 0
0 0 2 1 2
3 0 0 0 1
2 2 3 0 0
1 1 0 1 0
1 0 0 0 2
0 0 0 0 0
0 0 0 0 0
1 0 0 0 0
0 0 1 1 0
1 2 0 0 0
0 0 0 0 2
2 2 1 1 0
1 0 0 0 1
0 1 0 1 1
0 1 0 1 0
0 0 0 0 0
1 0 1 0 0
0 0 0 2 0
0 0 0 1 1
1 2 0 2 1
0 0 4 0 0
0 1 3 1 1
0 2 0 1 0
1 0 0 0 0
0 0 3 1 3
0 2 0 0 2
0 0 0 0 0
4 0 3 0 3
0 0 1 0 0
0 2 0 0 1
1 0 0 0 2
1 0 0 3 1
0 2 0 1 1
0 0 3 2 1
3 0 2 1 1
0 1 2 0 2
1 1 0 0 1
1 0 3 1 0
1 0 0 2 0
0 2 1 0 0
2 0 2 0 3
1 0 0 0 1
1 2 2 2 3
2 0 0 1 0
1 0 0 0 0
0 0 0 1 0
0 1 1 1 0
1 3 1 0 1
1 0 0 4 0
0 1 1 0 1
1 0 0 0 2
1 0 1 0 2
1 1 3 2 0
2 1 0 3 1
0 3 0 1 0
0 0 1 1 1
1 2 0 0 2
0 0 2 0 1
0 3 1 2 0
2 2 1 0 0
1 1 0 2 0
2 1 1 1 0
1 0 0 0 0
2 0 1 1 0
2 0 1 0 0
0 2 2 1 0
0 0 1 1 0
1 0 0 2 1
1 0 3 2 0
0 1 0 0 0
0 0 0 0 0
0 1 0 1 0
0 0 0 0 0
0 2 0 0 0
0 0 0 0 0
2 2 0 0 0
0 0 1 1 0
0 2 1 0 1
0 0 1 1 2
0 0 1 0 2
0 0 1 0 0
0 0 0 1 0
0 0 0 0 1
0 0 0 1 1
3 0 0 1 0
0 1 0 2 0
0 2 0 0 4
1 2 1 1 2
1 0 0 1 2
0 3 0 0 1
0 0 2 1 0
0 0 2 0 1
0 0 1 1 0
1 2 0 0 0
4 2 1 3 0
2 0 0 0 0
0 1 0 0 1
0 1 0 0 1
1 1 2 2 0
0 0 1 0 0
1 0 0 1 3
0 0 0 0 2
0 0 1 1 0
0 0 3 0 3
0 1 0 1 0
1 2 0 0 0
0 0 0 2 0
0 1 1 1 0
0 0 0 3 3
0 4 0 1 2
0 1 0 0 0
1 0 0 0 0
1 0 1 0 0
0 2 0 0 0
0 2 0 0 0
0 0 1 0 0
2 0 0 1 0
0 2 1 2 0
1 0 0 0 0
0 1 0 0 2
1 0 0 4 0
0 0 1 0 0
0 0 2 0 0
0 0 0 1 1
1 0 0 1 0
0 0 0 0 0
1 3 0 1 0
0 2 1 0 0
0 1 1 2 0
2 1 0 0 0
4 3 1 0 2
1 1 0 1 2
1 0 1 0 2
1 0 0 0 2
1 1 0 0 2
0 0 0 0 3
0 1 0 0 0
0 0 1 1 0
1 0 0 0 0
0 2 0 0 3
0 1 0 2 2
2 0 1 4 0
1 0 1 0 0
0 0 0 0 0
0 0 1 1 0
1 1 0 1 0
2 1 0 0 0
0 4 0 1 0
0 0 1 0 1
1 0 0 2 1
0 1 0 0 1
1 0 0 1 0
0 0 0 0 1
0 0 1 1 0
3 1 0 0 1
0 1 0 0 0
0 0 2 0 0
0 0 0 2 0
0 0 2 0 0
1 0 1 0 1
0 0 0 1 1
1 0 0 0 1
0 1 0 0 0
0 0 0 0 0
1 2 1 1 0
0 0 0 1 0
0 2 2 1 1
2 1 0 0 2
0 0 1 0 1
0 2 0 0 1
0 0 1 0 0
0 0 0 0 1
1 0 1 1 0
0 2 0 2 1
0 1 0 1 0
0 0 2 0 0
0 1 0 0 0
0 2 2 0 0
2 0 3 0 0
0 0 1 1 2
0 1 1 0 0
0 1 0 0 2
3 0 0 1 1
1 1 0 1 0
0 2 1 0 1
0 1 2 0 0
4 0 3 1 0
0 1 0 0 0
1 0 0 1 0
0 0 2 0 0
1 1 0 0 0
0 1 2 3 0
0 2 3 1 0
0 0 3 1 1
2 1 0 1 0
0 0 0 1 0
0 1 0 1 0
0 1 0 0 0
0 2 1 1 0
0 0 0 1 0
0 1 1 0 2
0 0 0 2 0
0 1 2 1 2
0 1 0 0 0
1 2 1 0 2
1 0 0 2 0
1 0 0 0 0
0 4 1 1 0
2 0 0 0 1
0 2 0 0 0
2 0 0 0 2
0 0 0 3 1
1 1 1 2 0
0 1 0 0 0
0 0 0 0 1
1 0 0 0 0
0 0 3 1 1
0 4 0 0 1
3 0 0 0 0
0 0 1 0 2
1 0 0 0 1
0 0 1 2 0
0 0 0 0 1
0 0 0 1 3
0 0 1 0 1
0 1 2 1 0
1 4 0 0 0
0 0 1 2 2
2 1 2 0 0
0 1 0 1 0
1 0 1 1 1
1 0 0 0 0
0 1 4 2 2
0 0 0 3 3
1 2 1 1 2
0 1 0 0 0
0 0 0 0 2
0 1 2 2 0
2 0 0 0 0
0 1 0 1 2
2 1 0 2 0
0 0 1 0 0
1 0 2 2 0
4 1 0 1 2
2 0 2 0 1
2 2 2 1 1
2 1 1 0 1
0 0 1 0 1
0 0 1 0 0
0 1 0 1 1
0 1 0 0 0
1 0 2 0 1
2 0 0 0 0
0 0 4 2 3
1 0 0 0 2
0 0 0 0 0
0 0 0 0 0
0 0 0 0 3
0 0 0 1 1
1 1 0 0 0
2 1 1 0 0
0 0 2 0 0
1 0 0 3 0
1 0 0 0 1
0 0 1 1 0
0 0 0 0 0
0 0 2 0 1
1 2 1 0 2
0 2 0 1 2
0 3 0 0 4
0 1 1 2 2
0 0 4 2 0
2 1 0 0 0
1 0 1 2 3
2 1 0 2 0
0 1 1 0 0
0 1 0 1 3
1 0 0 0 1
1 1 1 1 4
0 1 0 3 0
0 0 0 0 0
1 0 0 0 1
2 2 0 0 0
1 2 0 0 2
0 0 1 0 2
0 0 0 0 1
0 1 1 0 1
0 0 1 4 3
3 0 3 0 1
2 0 0 0 2
0 0 0 0 0
2 0 1 0 0
0 0 0 0 0
1 0 1 0 0
0 0 1 1 0
1 0 0 0 1
1 1 0 0 2
1 0 0 2 0
2 1 0 0 1
0 1 2 2 1
0 1 0 0 0
0 1 1 4 0
0 0 1 3 0
0 0 0 0 1
3 1 2 1 0
3 1 0 1 0
1 0 1 0 2
0 0 0 0 0
1 0 1 0 1
0 0 0 1 0
1 1 0 0 0
0 1 2 0 1
0 0 0 0 2
0 0 0 2 1
2 3 0 1 0
0 1 1 0 0
0 0 0 1 0
1 1 0 0 1
1 0 0 0 1
0 2 0 0 0
0 0 0 2 4
1 2 0 0 1
0 1 1 1 0
0 2 1 0 0
0 0 0 0 0
0 2 0 0 1
0 2 0 1 0
2 1 0 1 1
1 0 1 1 2
0 1 2 1 1
1 0 2 1 0
1 0 0 0 0
0 0 0 1 1
0 0 1 1 0
1 0 0 3 0
1 0 0 0 1
0 0 0 0 0
0 0 1 0 1
0 1 0 1 2
0 1 0 0 0
0 1 0 0 0
2 0 0 0 0
0 0 0 0 1
0 1 1 0 0
1 0 1 1 1
1 0 0 1 0
1 1 0 4 1
1 0 0 1 1
0 0 0 1 0
0 0 0 1 1
2 1 0 0 2
0 0 0 4 0
2 1 2 0 0
0 0 0 0 0
0 0 0 0 1
1 0 0 0 1
2 0 0 2 0
0 1 0 2 0
1 0 0 0 2
0 2 0 1 1
1 1 1 0 0
0 0 2 1 0
0 2 0 2 2
2 2 0 1 3
0 3 0 0 1
2 0 0 0 1
0 1 0 1 2
0 0 0 0 0
1 0 1 3 2
0 0 1 0 0
1 1 2 0 0
0 0 3 0 0
0 2 2 2 0
0 1 0 0 0
1 1 0 0 0
0 0 2 0 0
1 0 0 0 2
0 0 1 3 0
1 0 0 0 1
2 0 0 3 1
0 1 0 0 1
1 0 1 0 0
0 0 0 0 0
1 3 0 2 1
0 2 1 0 0
1 0 0 0 1
0 0 2 0 1
0 0 4 0 0
1 0 3 1 1
0 0 0 1 1
1 1 2 0 0
0 0 0 1 1
1 0 0 3 0
0 2 1 0 1
0 0 1 0 0
0 0 0 1 0
1 0 0 3 0
1 1 0 1 0
0 1 4 0 1
1 0 0 0 2
3 2 2 0 0
0 3 0 1 0
0 0 1 3 1
0 0 0 0 0
1 0 0 0 0
2 0 0 1 0
2 0 2 2 1
0 0 1 0 0
0 0 0 0 0
2 1 1 0 1
1 2 0 0 0
1 0 0 1 2
0 0 0 0 0
0 3 0 2 1
2 0 0 1 1
0 2 0 0 0
0 0 0 0 0
2 0 1 0 0
2 0 0 0 3
0 0 0 1 0
0 1 0 0 0
1 0 0 3 1
0 0 0 0 1
1 0 0 1 1
0 0 0 0 0
0 1 2 1 0
0 2 0 2 0
0 0 0 0 1
0 0 0 0 3
1 1 0 3 1
2 0 0 0 0
1 0 0 1 1
0 1 0 1 0
1 0 1 2 2
1 0 0 1 0
1 0 1 0 1
0 0 1 3 1
2 2 0 0 1
0 3 0 3 3
2 1 3 1 1
0 0 0 1 0
0 0 1 0 0
1 1 0 1 2
0 1 0 0 0
1 0 0 2 0
0 0 1 0 0
0 1 0 2 0
0 1 1 2 0
0 0 0 0 1
0 0 0 2 1
1 0 0 1 0
2 0 0 1 2
0 1 1 0 1
0 0 2 0 0
1 0 0 0 1
1 0 2 1 0
1 0 0 3 1
1 0 0 1 1
2 0 0 0 0
0 1 2 1 0
2 0 0 0 0
0 0 0 0 0
0 0 0 2 0
1 1 3 0 2
0 4 0 2 2
3 1 4 2 0
1 0 1 0 0
0 0 0 0 1
1 0 2 0 0
2 1 1 1 1
0 1 1 2 1
0 0 1 1 1
1 0 0 1 0
0 2 2 2 0
0 0 0 1 1
1 1 1 1 0
0 0 1 0 0
0 0 0 0 0
0 1 2 0 0
0 1 2 1 0
0 2 0 0 3
1 1 0 0 0
0 0 1 0 2
0 0 0 0 1
0 1 1 2 0
2 2 2 0 1
0 0 0 0 0
0 0 0 2 0
1 0 0 3 0
0 0 0 1 3
1 2 0 1 0
1 0 1 3 0
1 0 3 0 0
0 0 0 1 1
2 1 0 1 1
2 0 1 0 1
0 0 0 0 0
1 0 0 1 1
1 0 0 1 0
1 4 0 0 0
1 3 0 0 2
0 1 0 1 3
1 0 2 2 0
2 0 1 3 0
1 0 0 0 1
1 0 0 1 0
0 0 0 0 0
0 2 2 0 0
2 2 0 0 0
1 0 1 0 1
1 0 1 1 1
0 0 0 2 0
1 0 2 0 0
0 1 1 1 0
0 0 2 0 0
0 1 0 1 0
3 1 1 0 0
0 0 0 0 1
2 1 1 1 1
0 0 0 1 2
0 1 0 2 0
0 1 0 0 0
1 1 1 0 4
1 2 0 1 1
1 0 2 1 1
0 0 0 0 3
0 1 1 0 1
1 1 0 0 0
2 1 1 1 0
0 0 1 1 0
0 1 1 0 0
0 0 0 1 1
2 0 1 0 0
1 0 0 0 1
1 0 0 0 0
0 0 0 0 1
1 0 0 4 0
0 0 1 0 0
0 1 2 0 1
0 0 0 1 1
0 1 2 0 1
0 0 2 1 0
0 0 0 0 0
1 0 1 0 1
1 0 0 0 0
1 1 0 1 0
3 0 0 0 3
1 0 1 2 2
1 0 3 1 0
0 1 2 0 0
0 1 0 0 0
0 0 0 1 1
0 1 0 0 0
0 0 0 0 2
1 0 1 1 0
2 0 1 0 0
1 1 0 0 2
0 1 1 1 2
0 0 0 0 0
0 2 2 2 3
1 0 0 0 0
0 0 0 2 2
0 0 1 2 1
0 4 3 1 0
1 1 0 0 1
1 1 3 0 0
0 1 1 2 0
0 0 0 0 0
1 0 0 0 1
0 1 0 1 0
0 0 0 0 2
0 2 0 0 2
1 0 1 1 0
2 0 0 0 0
0 0 0 2 3
0 0 0 0 0
0 1 1 1 0
2 0 0 0 1
0 1 0 1 0
0 2 1 0 2
2 0 0 1 1
0 2 0 0 1
3 3 1 0 1
0 0 2 0 0
1 1 1 1 2
1 3 4 3 1
0 0 0 2 0
0 2 2 0 0
1 2 0 1 0
4 0 1 1 2
1 4 0 0 0
0 0 0 1 0
0 1 1 0 0
0 1 0 1 0
2 1 2 0 2
2 1 0 1 2
1 0 1 2 0
2 1 0 2 1
0 1 1 1 0
0 1 2 2 0
0 2 0 1 0
2 0 0 0 0
2 2 1 0 0
1 2 1 0 1
0 0 4 0 1
0 2 0 0 0
0 0 0 2 0
1 0 1 0 0
0 2 0 0 2
0 0 2 0 0
0 0 1 1 2
0 0 0 2 1
0 0 2 1 0
0 0 0 1 0
0 0 0 0 0
0 0 0 1 1
1 0 1 0 2
0 2 2 1 1
0 0 0 0 1
1 0 0 0 0
2 0 0 1 2
0 0 0 0 0
0 0 1 1 0
1 1 0 0 0
0 0 1 2 0
0 2 1 0 1
0 0 0 0 2
0 2 0 1 0
0 0 0 1 0
0 0 1 1 0
3 1 0 1 0
1 3 1 0 1
0 1 0 0 1
1 0 0 0 0
0 0 0 0 0
1 0 0 1 1
0 0 0 0 0
1 0 1 1 0
1 1 0 0 0
0 1 0 2 0
0 1 1 0 1
0 1 0 2 0
0 0 1 0 0
4 2 2 1 0
0 0 0 2 2
0 0 0 0 0
0 0 2 0 0
0 0 0 0 0
1 0 4 1 0
0 0 0 1 0
0 1 0 0 0
0 0 1 0 3
0 1 0 0 1
2 2 0 1 0
0 1 0 0 0
0 0 3 1 0
0 2 1 0 2
0 0 1 0 1
0 0 0 0 1
0 0 0 1 0
1 0 1 1 1
1 0 1 0 0
0 0 0 1 0
1 0 0 1 0
1 2 2 0 0
0 0 0 0 0
0 1 0 0 0
2 0 0 0 2
0 0 0 3 0
2 1 0 0 0
0 0 2 1 1
3 1 0 0 0
1 0 0 2 1
1 1 0 1 2
3 0 1 1 2
0 0 0 0 0
2 1 0 1 0
0 0 4 0 0
2 0 0 2 0
1 0 1 0 1
0 2 0 1 2
0 1 0 0 2
0 3 1 0 4
0 1 0 3 0
1 0 0 0 0
0 0 0 2 0
0 0 2 1 0
0 0 0 1 2
2 0 2 0 2
0 1 0 0 1
0 1 0 1 1
2 1 2 0 1
0 1 2 0 0
1 1 1 1 1
0 0 0 1 0
0 1 1 2 0
1 1 2 1 1
3 1 0 0 1
0 2 0 1 1
0 1 0 0 2
1 0 2 1 0
0 0 3 0 0
2 1 0 0 2
0 0 1 3 0
1 1 0 0 0
0 1 0 0 2
0 0 0 0 0
0 1 0 0 1
3 0 1 2 1
0 2 0 1 1
0 0 1 1 1
0 1 2 0 0
0 0 1 1 0
1 0 0 0 0
1 0 0 0 1
0 0 0 0 0
0 3 2 1 0
3 1 1 2 0
0 1 0 0 0
0 0 1 0 0
0 0 0 1 0
2 0 1 1 2
2 0 1 0 0
1 1 0 1 0
0 0 0 0 2
2 0 1 1 0
1 0 1 1 1
1 4 1 0 3
0 1 2 0 3
0 1 0 2 3
0 2 3 1 0
2 1 0 0 0
0 1 2 0 2
1 1 1 0 2
3 2 0 1 0
1 2 1 0 1
0 1 0 0 0
2 0 0 0 1
4 0 0 0 0
0 0 0 0 0
0 0 0 0 0
0 0 0 2 1
0 0 0 0 2
1 0 0 0 1
0 0 0 0 3
0 0 0 0 1
0 0 0 2 0
1 1 1 0 0
1 0 2 0 0
0 1 1 0 3
0 1 1 0 4
2 0 2 1 1
0 0 1 0 1
2 0 1 0 1
3 0 2 0 0
2 1 1 4 0
0 2 1 0 1
0 0 0 0 1
0 0 0 0 0
1 2 0 0 1
1 1 1 0 1
2 0 4 2 0
0 2 2 0 0
0 0 0 1 1
2 0 1 4 0
0 0 0 1 0
0 0 1 0 0
1 0 0 0 1
0 4 0 0 0
0 2 4 1 1
1 1 0 2 3
0 0 1 0 0
1 1 0 0 0
1 2 0 3 1
0 0 0 1 0
0 2 0 0 0
0 0 2 1 0
1 1 0 0 0
0 0 0 0 1
1 1 1 0 1
1 0 0 0 0
0 0 1 1 1
0 0 2 3 0
0 0 0 0 0
0 1 0 1 0
0 0 3 2 0
2 0 0 0 0
2 3 0 0 3
0 2 0 0 1
0 1 0 2 0
0 0 0 1 0
0 2 1 2 1
0 1 0 0 0
0 1 0 0 1
1 1 0 1 1
2 0 1 1 2
1 0 1 0 2
1 4 2 3 2
2 1 1 1 2
2 0 1 0 1
1 0 0 1 0
1 2 0 0 0
0 0 1 0 0
0 1 0 1 1
0 0 1 2 1
1 0 1 1 0
2 0 0 0 0
1 0 0 0 0
0 0 2 1 3
0 0 0 1 0
1 0 0 0 0
0 0 0 0 0
0 1 1 0 0
0 0 0 0 0
0 0 0 2 0
2 0 0 1 0
0 1 0 1 1
0 0 0 1 0
0 0 0 0 3
0 1 2 2 1
0 0 1 2 0
0 0 0 1 2
0 1 3 1 0
0 0 0 0 0
0 1 1 0 0
0 1 0 0 0
0 1 1 0 2
0 0 1 0 0
0 0 0 0 0
0 0 0 1 2
4 0 0 4 2
1 1 1 1 4
0 1 0 2 0
0 1 1 0 1
0 0 3 0 1
0 0 0 1 2
0 0 0 1 1
0 1 2 1 0
2 0 0 0 2
1 1 0 1 0
4 0 1 0 0
0 0 0 1 0
1 1 2 0 1
1 1 0 0 0
1 0 0 0 1
1 1 0 0 1
1 0 0 0 0
0 2 0 3 0
0 1 1 0 0
0 1 2 0 0
2 0 2 2 1
3 0 2 1 0
2 0 1 0 0
1 0 0 0 1
0 1 0 0 1
0 4 0 0 0
0 2 1 0 0
1 0 0 0 0
0 0 0 0 2
0 2 0 1 0
0 0 1 0 0
0 1 1 0 0
1 1 0 0 0
1 0 0 1 0
2 0 1 1 0
0 1 1 1 2
0 0 1 0 0
0 2 0 1 0
0 1 0 0 0
0 0 0 1 1
0 1 0 0 1
1 0 0 1 0
2 1 0 0 1
1 0 0 1 0
3 0 0 0 0
2 0 0 1 1
0 2 0 0 1
0 0 0 0 2
1 0 1 1 3
0 0 0 1 1
2 0 0 0 0
1 0 0 1 0
1 0 1 2 1
0 0 0 2 1
0 1 0 0 0
1 0 0 1 2
1 0 0 1 1
0 0 0 2 3
0 0 2 0 0
0 1 0 0 1
1 0 0 0 1
0 0 0 0 0
0 1 1 0 0
1 0 0 2 3
0 0 1 3 2
0 0 0 1 1
1 1 0 0 0
1 1 1 1 0
0 0 1 3 0
1 0 1 1 0
0 0 1 1 1
0 1 0 1 3
2 1 0 0 1
1 1 1 0 0
0 1 2 3 0
0 1 2 1 0
3 1 0 0 2
0 0 0 0 4
0 0 0 3 2
1 0 0 0 0
0 0 0 0 1
1 0 0 0 2
2 0 0 1 0
1 0 2 1 0
1 2 1 0 1
1 0 1 0 0
0 2 1 2 2
0 1 0 0 1
1 4 0 0 1
0 0 0 0 0
0 3 0 0 0
1 2 0 0 0
0 1 1 0 1
0 3 1 1 0
0 0 0 0 0
0 0 1 1 1
0 1 0 0 0
1 0 0 1 1
0 1 0 0 0
0 1 0 0 2
0 0 2 1 1
0 2 1 2 2
0 0 0 1 1
3 0 3 0 0
0 0 1 0 1
0 2 0 3 0
0 0 0 0 0
0 0 0 0 0
1 0 0 4 0
2 0 0 2 2
0 1 0 1 1
2 1 0 1 2
3 0 0 0 0
1 2 1 0 1
0 0 0 0 0
0 1 3 1 0
2 2 0 1 1
0 1 1 1 3
2 0 0 1 0
0 1 0 0 0
1 0 0 0 0
0 2 0 0 2
4 0 0 1 0
0 0 1 1 1
0 0 0 0 2
3 0 0 0 1
1 1 0 0 0
1 1 1 2 1
2 1 3 2 1
0 4 3 0 2
2 0 0 0 1
2 0 0 0 0
0 0 0 0 0
0 0 0 0 1
4 1 0 0 0
0 1 1 2 1
1 0 0 0 0
0 1 0 0 0
0 2 0 2 3
1 0 0 1 1
2 3 1 0 3
1 1 0 0 4
1 0 2 0 2
1 0 1 1 0
0 0 1 0 3
2 0 0 0 0
0 1 1 0 0
0 3 0 0 0
1 0 1 1 0
1 0 1 0 0
0 0 0 0 0
0 0 0 2 0
0 0 0 0 1
0 0 0 0 0
1 1 1 2 2
0 1 0 0 1
2 0 0 2 0
0 0 2 0 1
0 3 0 0 0
2 1 1 1 0
0 1 1 0 1
0 0 0 0 0
2 1 1 1 2
0 0 0 0 0
0 1 0 1 0
0 1 1 0 1
0 1 1 1 0
2 1 0 1 1
0 0 1 2 2
2 1 1 0 0
1 0 0 2 0
0 0 1 0 0
2 0 0 1 0
1 0 1 0 1
2 1 2 0 0
0 3 3 0 0
0 0 0 0 1
0 0 0 1 0
1 2 1 0 3
2 0 1 2 1
0 1 3 1 2
3 1 3 1 0
1 0 1 1 1
1 0 0 0 2
0 1 1 0 0
0 1 0 1 3
0 0 0 2 1
1 2 0 1 0
1 0 0 2 0
1 0 0 0 0
1 0 1 2 1
3 0 1 0 0
2 1 0 0 0
0 0 2 1 1
0 0 0 0 1
0 1 1 0 1
1 0 0 0 1
1 0 0 0 1
0 3 0 1 2
1 1 0 3 0
0 0 0 4 0
2 1 0 0 0
0 0 0 1 1
0 0 0 2 2
0 0 0 2 0
0 0 1 0 2
0 0 0 0 0
0 1 0 0 0
3 0 2 0 2
1 3 3 0 1
0 0 0 0 0
0 1 0 1 0
2 0 0 1 1
2 3 0 1 2
0 0 1 0 1
1 0 0 0 0
1 0 0 0 0
0 1 1 0 0
0 0 0 0 0
0 1 0 0 2
1 0 1 1 0
0 2 0 1 0
0 0 3 1 0
0 1 0 0 1
0 0 0 1 0
0 2 0 0 1
2 1 1 1 0
0 2 0 0 3
3 3 1 0 0
0 0 0 1 1
1 2 1 0 0
1 1 0 0 0
1 1 0 1 1
1 0 2 2 0
1 1 1 0 1
0 0 0 1 0
1 0 1 0 1
0 4 2 1 1
0 2 0 3 1
0 0 1 0 0
1 1 0 1 1
1 0 0 2 0
0 0 0 0 0
0 0 1 2 1
0 0 0 1 0
0 4 0 0 0
2 2 0 1 0
1 0 0 0 1
0 0 0 0 1
1 0 0 0 1
1 1 1 1 1
0 1 2 0 1
1 0 1 0 3
0 1 2 1 0
3 1 0 2 0
3 0 0 0 0
0 0 0 0 1
1 0 0 2 1
0 0 0 0 0
1 0 1 0 0
1 0 0 0 1
1 0 0 2 0
0 0 0 2 1
0 2 1 0 1
0 0 0 0 0
0 1 1 0 1
0 0 0 2 0
1 1 0 0 0
1 0 2 0 0
0 0 2 0 1
0 0 0 0 2
3 2 0 1 0
1 0 1 0 0
0 0 1 0 0
1 0 1 0 1
1 1 0 1 1
0 0 0 3 0
1 0 0 0 0
0 1 0 1 1
2 1 0 0 0
3 1 2 0 0
1 0 0 0 1
1 1 1 0 0
0 1 1 1 0
1 2 0 0 0
1 1 0 0 0
0 3 3 3 0
0 4 1 1 1
2 0 1 0 0
0 0 2 0 0
0 0 0 0 2
0 0 2 1 1
0 0 0 0 0
0 0 0 1 1
0 2 0 1 0
2 0 3 1 1
4 0 0 0 0
0 2 1 0 2
2 0 4 0 0
0 3 0 0 2
0 0 0 0 1
0 1 1 0 0
0 1 0 2 1
0 0 0 0 1
1 1 2 0 0
3 3 0 1 0
0 1 0 0 1
0 1 2 1 0
0 0 0 0 1
1 1 1 0 2
0 0 1 0 0
0 1 0 0 0
0 0 1 0 0
1 0 2 2 1
0 0 0 2 0
0 3 0 3 2
0 0 0 1 0
0 0 2 0 0
0 0 0 0 1
0 1 0 0 1
1 4 0 1 2
0 0 1 1 2
0 1 2 0 0
0 0 1 0 0
0 0 0 0 1
0 4 0 1 1
0 1 1 2 1
0 0 0 0 0
3 0 1 3 0
0 0 0 2 4
0 0 1 3 0
1 0 1 0 1
0 1 1 0 0
0 0 0 1 1
2 0 0 0 0
0 0 0 4 0
0 0 1 0 0
0 0 0 0 0
1 1 1 0 1
1 0 0 1 2
0 0 1 1 1
1 0 0 4 0
1 0 0 0 0
2 1 0 1 1
1 0 0 1 0
0 1 4 2 1
1 1 0 0 1
0 3 1 0 1
1 0 2 0 0
0 0 0 3 2
0 0 0 0 0
1 0 0 0 2
1 1 1 1 2
0 0 2 0 0
2 0 0 0 0
0 3 1 0 1
0 2 0 0 0
0 0 1 0 0
0 0 1 0 0
2 0 1 0 1
0 0 0 2 0
0 0 0 0 2
1 1 0 0 1
1 0 0 0 0
4 1 0 0 0
0 0 0 0 2
1 1 0 0 4
0 0 0 1 0
0 0 0 0 3
1 0 1 3 0
0 2 1 0 2
4 2 1 0 0
0 1 1 0 0
1 0 1 1 2
2 0 0 0 0
1 0 3 1 0
1 2 2 2 0
0 0 0 2 1
0 0 0 0 0
3 0 0 0 0
0 2 0 0 0
0 0 2 0 3
1 1 0 1 0
0 0 1 0 0
0 0 0 0 1
1 1 0 1 0
0 1 0 3 0
0 0 2 1 2
0 3 0 2 0
0 0 0 0 3
0 0 0 0 0
2 0 0 1 1
1 1 0 4 0
0 0 0 2 1
0 1 1 0 2
0 1 0 2 0
0 0 0 2 0
0 1 0 2 0
2 0 0 0 0
0 1 0 0 3
0 4 0 0 2
0 1 3 0 0
1 0 0 2 0
2 0 2 1 1
0 3 0 0 1
0 0 0 0 1
4 0 0 3 0
0 2 2 1 2
2 0 1 1 0
1 2 2 2 2
2 1 3 0 2
1 0 0 1 0
0 0 1 1 1
0 0 1 0 1
2 0 0 1 0
2 1 1 0 1
0 3 0 3 0
0 0 0 1 0
0 0 1 1 2
0 0 1 0 0
0 0 1 1 2
2 1 0 0 0
0 1 0 0 1
0 0 0 1 0
1 1 0 0 1
2 0 0 0 0
1 0 0 2 1
1 2 1 1 4
0 0 0 1 1
0 1 0 1 2
0 3 0 1 0
0 1 0 3 0
0 1 1 1 0
0 2 0 0 0
0 1 1 2 2
0 0 0 0 0
0 1 0 1 0
1 1 1 0 0
1 0 1 0 0
1 0 0 0 4
1 0 1 0 0
0 0 2 1 0
0 0 0 1 1
2 4 1 2 0
0 0 1 0 0
0 0 2 0 0
0 0 2 2 0
1 0 1 1 0
0 0 1 0 0
0 0 0 0 0
2 0 0 1 0
0 0 0 0 0
0 1 0 3 2
2 0 1 0 0
1 0 1 1 2
2 0 1 0 1
0 0 0 2 2
0 0 1 1 0
4 0 0 1 0
0 1 0 0 3
0 0 1 1 1
0 2 0 0 0
2 0 2 0 2
0 0 3 0 0
2 0 2 0 1
2 1 0 0 2
2 0 2 0 2
0 0 0 0 2
0 2 0 2 0
0 0 1 1 0
0 2 1 0 0
0 0 0 1 1
0 0 0 0 1
0 0 0 0 0
0 0 0 2 0
0 1 0 0 0
0 2 1 0 0
0 0 0 1 0
3 0 0 0 0
1 1 0 0 0
0 1 1 3 3
1 0 0 2 1
2 0 0 0 1
1 1 1 0 0
0 1 0 2 0
3 0 0 3 0
0 0 0 0 1
1 0 2 0 0
0 1 0 1 2
0 1 0 0 0
2 1 0 1 0
1 0 0 0 0
0 1 3 1 0
0 1 2 0 0
0 0 0 1 0
1 0 1 1 1
1 1 1 0 1
0 0 2 3 0
0 2 0 0 2
1 1 1 1 3
0 1 0 3 0
0 2 0 0 0
0 0 1 2 1
1 0 0 0 0
0 1 0 2 0
1 1 0 0 0
1 2 3 2 1
0 1 0 0 2
0 2 0 1 1
0 1 1 1 2
0 0 0 1 3
0 0 2 1 0
4 0 0 0 0
0 0 1 2 4
0 0 0 0 4
0 0 0 2 1
0 1 0 0 1
3 1 1 1 1
2 0 2 0 1
0 2 0 0 0
1 0 3 0 3
1 2 0 0 0
0 0 1 0 1
0 0 0 0 0
1 0 0 3 1
3 3 1 2 0
3 1 2 1 2
3 1 0 2 0
0 0 0 1 0
0 0 1 1 1
0 0 0 0 2
3 0 0 0 1
1 0 0 1 0
2 1 0 0 0
2 0 1 0 0
0 0 0 0 0
0 0 2 2 0
1 0 0 2 0
2 0 0 0 0
2 0 0 1 1
0 2 1 0 2
0 0 1 0 0
1 0 1 0 0
1 0 0 0 0
0 1 2 0 0
2 1 3 0 2
2 0 0 0 1
0 1 2 2 0
0 0 0 0 3
0 1 1 0 1
1 0 0 0 3
1 0 0 0 0
0 3 1 0 0
1 0 3 3 0
0 1 0 2 0
0 0 0 0 1
1 1 1 0 2
0 2 0 0 0
3 1 1 0 0
0 0 0 3 0
0 1 2 3 1
1 0 3 1 1
0 0 1 0 0
0 0 0 1 0
0 0 0 1 0
0 0 1 2 1
0 0 0 0 0
0 0 0 3 1
0 1 0 0 1
0 1 1 2 2
0 1 0 0 2
1 0 0 0 0
0 2 3 0 3
2 0 0 0 0
1 1 0 0 0
1 0 0 0 0
2 0 1 0 0
1 1 0 0 2
1 0 0 0 0
0 0 2 2 0
3 0 2 1 2
1 0 0 4 4
0 1 2 0 0
0 0 3 1 2
1 4 0 0 0
0 0 0 0 0
0 0 1 0 0
0 1 0 1 1
0 0 0 2 0
2 0 0 1 1
1 0 1 0 0
2 0 0 1 0
1 4 0 0 1
2 1 0 3 0
0 0 1 2 1
0 0 0 2 1
2 0 1 1 0
1 0 1 1 0
0 2 0 0 1
2 2 1 1 1
0 3 1 0 0
0 0 1 1 1
0 0 0 1 0
1 0 2 1 0
0 1 2 1 0
1 2 0 2 0
0 0 0 3 1
1 0 2 0 0
1 1 0 0 2
0 0 0 1 1
0 0 0 0 0
0 0 3 0 0
3 1 0 0 2
0 0 1 0 1
1 0 1 0 3
0 0 1 1 3
1 0 1 0 0
0 0 0 0 1
1 0 0 2 1
2 2 1 1 0
0 0 1 1 1
0 0 0 2 0
2 0 0 0 0
1 0 0 1 2
0 1 1 2 3
2 1 1 1 0
0 0 3 3 0
0 1 0 0 3
0 0 0 3 1
0 0 1 0 0
0 0 0 0 0
0 2 2 0 0
0 2 0 0 0
3 1 2 0 0
0 0 1 1 0
0 0 2 0 0
0 0 1 2 1
0 2 3 4 2
0 0 0 1 0
0 1 0 2 0
0 0 0 1 0
1 1 0 0 0
1 0 1 0 1
0 1 0 0 2
0 3 1 0 0
0 0 4 0 1
0 2 0 0 0
3 0 0 2 3
2 1 1 0 0
1 1 0 0 0
0 0 1 0 1
2 0 0 0 2
2 1 0 0 1
2 0 0 1 3
1 1 0 0 0
0 0 3 1 0
0 0 2 0 0
2 0 0 0 1
0 1 0 1 0
1 1 0 1 1
2 0 0 0 0
1 2 0 0 0
0 1 0 0 0
2 0 1 0 0
0 0 2 0 0
1 3 0 1 0
3 0 1 0 0
0 0 1 0 0
3 1 2 3 0
1 0 0 1 3
1 1 0 0 2
0 4 0 0 0
1 1 1 0 1
0 2 0 0 0
0 0 0 0 1
0 0 0 2 1
0 0 0 0 1
0 4 0 0 2
1 1 3 0 1
0 0 0 0 0
3 0 1 1 0
0 0 0 0 0
0 0 0 0 0
1 0 0 1 1
2 1 1 0 3
0 0 0 2 1
0 0 1 0 1
2 1 0 4 2
1 1 0 1 0
0 1 0 0 0
1 1 2 0 0
0 0 0 2 2
1 1 0 2 0
0 4 2 0 1
1 0 0 0 0
2 1 0 0 1
0 0 0 1 1
0 1 0 0 0
1 0 1 1 0
0 0 0 0 0
0 0 3 1 1
1 2 0 0 1
0 0 0 0 0
1 1 2 3 2
0 0 2 1 3
0 1 0 1 1
1 0 1 0 3
2 1 1 0 0
2 1 1 0 0
0 0 0 3 1
1 2 2 2 2
0 0 0 0 0
0 3 0 1 0
0 1 0 0 0
1 0 1 0 2
0 1 0 0 0
2 1 0 3 1
1 1 0 0 0
0 1 0 0 1
0 0 0 0 0
1 1 0 0 0
0 0 0 1 1
1 0 0 1 1
1 2 2 0 3
0 0 0 1 0
1 2 0 0 1
1 0 1 0 0
2 0 0 1 0
0 0 0 0 0
0 1 2 0 1
3 1 2 0 1
2 1 0 0 1
2 0 0 1 2
0 0 1 1 0
0 1 0 1 1
0 2 0 0 0
2 2 1 0 0
0 0 1 1 1
2 0 1 0 0
0 1 0 1 2
0 2 0 2 1
0 0 0 1 2
0 0 1 0 1
1 0 0 1 3
0 1 0 0 1
1 0 0 1 1
2 0 0 1 0
0 0 0 0 0
1 1 0 0 0
0 0 0 0 0
0 2 0 4 1
1 1 0 0 3
0 0 0 0 0
0 3 1 0 1
1 1 2 0 0
0 1 2 0 1
0 1 2 3 0
0 0 0 1 0
0 3 0 0 0
0 0 2 0 0
0 0 0 0 2
0 0 1 0 0
0 1 1 0 0
1 0 0 0 1
1 0 0 0 0
2 2 0 0 0
1 0 0 0 0
0 0 0 2 0
0 1 0 1 1
0 0 0 3 0
0 0 4 1 0
0 0 0 1 2
0 0 0 1 0
2 0 2 0 0
0 3 0 0 0
1 1 0 1 2
2 1 1 0 1
1 0 1 0 1
1 1 0 0 3
0 0 0 0 1
1 0 3 2 0
1 0 1 2 0
1 1 0 1 0
0 1 0 1 1
1 1 1 0 0
1 0 1 1 0
0 0 0 1 0
0 0 3 1 1
0 2 1 2 0
2 0 0 0 0
1 1 3 2 1
1 2 1 1 0
2 1 1 1 1
1 0 0 0 0
0 0 0 0 0
1 2 0 3 2
0 0 0 0 0
1 0 1 1 2
0 0 0 0 1
1 1 0 0 0
0 0 0 0 0
0 0 0 3 0
0 0 1 1 1
1 2 0 0 0
0 2 1 0 3
1 0 0 0 0
1 0 1 1 1
1 1 2 0 1
1 1 0 0 1
0 0 0 2 1
0 0 0 0 1
1 0 4 3 0
1 1 0 0 0
0 0 0 0 1
0 2 1 0 3
3 0 0 0 1
2 0 1 1 1
2 0 1 0 1
2 1 0 0 3
2 0 1 0 1
2 1 0 1 1
1 0 0 1 0
0 1 1 0 0
0 1 0 0 1
1 1 0 1 0
1 4 0 1 1
0 0 0 2 0
0 1 0 0 0
0 0 0 0 0
3 1 0 0 2
0 0 0 0 1
0 0 1 1 1
1 0 0 0 1
0 2 2 0 0
0 2 0 1 2
0 2 0 1 2
1 0 0 2 1
0 0 1 1 0
0 1 0 1 1
0 0 0 0 0
0 1 0 0 0
0 1 0 0 2
2 0 0 1 1
0 0 0 0 0
0 0 0 0 2
4 0 0 1 1
2 0 1 1 2
0 1 1 0 0
0 1 0 1 1
0 1 0 1 0
0 0 0 0 0
1 1 0 1 1
3 2 0 2 0
0 1 0 3 0
2 1 1 0 0
2 1 1 2 0
1 0 0 1 2
0 2 1 0 0
1 0 0 1 1
0 1 0 0 3
1 0 2 0 0
0 2 1 1 1
1 0 0 0 0
1 1 0 0 0
0 4 2 0 1
0 0 0 4 2
1 1 0 1 2
1 2 0 1 0
0 0 0 1 3
0 1 0 1 0
0 0 0 0 0
0 2 0 0 0
0 0 2 0 0
2 0 0 0 0
0 1 2 0 2
0 0 0 0 0
1 0 0 1 0
0 0 1 0 0
2 0 0 0 0
0 0 0 0 1
0 2 0 1 0
0 0 1 1 0
1 1 0 0 0
1 0 1 1 1
1 0 0 0 0
0 1 2 0 0
0 1 2 0 0
0 0 1 0 0
1 1 2 0 1
1 0 2 0 2
0 0 0 1 0
0 0 1 0 3
0 2 0 2 1
1 0 0 0 1
0 0 0 1 0
1 0 1 0 0
1 1 0 1 4
0 2 2 2 0
0 0 0 0 1
2 1 0 0 0
0 3 0 0 0
0 0 1 2 1
0 1 1 0 0
1 0 0 1 0
2 0 1 0 0
1 0 0 1 0
3 0 0 1 0
0 0 0 0 1
1 3 0 1 1
0 0 0 0 0
1 1 2 2 1
0 1 2 0 0
0 0 0 3 1
1 0 3 1 0
0 1 0 1 0
0 1 0 0 0
0 2 0 0 0
2 0 0 0 0
0 2 0 0 1
1 0 0 1 1
0 0 0 2 0
0 1 2 0 1
0 0 0 3 0
2 0 0 3 1
0 0 0 0 0
0 0 1 0 0
0 0 3 0 0
1 1 0 0 0
1 0 0 0 0
0 1 0 1 1
1 2 2 0 0
1 3 0 0 2
2 0 1 1 0
0 0 0 0 1
0 2 0 1 0
0 1 0 0 0
1 2 2 0 1
1 0 0 2 0
0 0 0 1 0
1 1 1 0 0
2 1 2 0 0
0 0 0 1 0
0 1 0 0 0
0 1 0 0 1
0 0 0 1 1
0 1 0 1 1
0 1 2 0 0
1 1 0 0 1
0 0 3 0 1
2 0 2 0 0
0 0 0 0 0
3 2 1 0 0
0 0 0 1 1
3 0 1 0 0
0 0 0 0 3
0 0 1 0 0
0 0 1 1 1
1 0 0 0 0
0 1 1 0 0
1 1 2 2 0
0 1 1 0 0
0 0 1 0 1
0 0 0 0 0
2 1 1 2 1
0 2 1 1 1
1 2 0 0 0
0 2 0 1 2
0 1 1 1 0
3 0 0 0 0
1 0 0 1 2
0 1 2 0 2
0 2 1 1 0
0 0 2 0 1
0 1 0 0 0
1 1 1 0 0
0 1 0 1 0
0 1 0 0 0
0 0 1 1 1
2 2 0 0 1
0 0 0 0 2
0 0 3 0 2
1 1 0 3 0
2 0 1 0 1
1 0 0 0 1
2 0 3 2 0
0 1 0 1 0
1 3 1 2 1
1 1 0 1 1
1 0 0 0 1
1 0 0 0 0
0 2 1 0 1
1 0 1 0 0
0 3 2 0 0
0 0 0 1 0
2 1 0 3 0
0 1 1 0 2
0 0 0 0 0
1 2 1 2 0
0 0 0 1 1
0 0 0 1 0
0 0 1 1 1
1 0 2 0 2
4 0 0 1 0
0 0 2 1 0
0 1 1 0 3
1 0 1 0 0
1 0 0 0 1
1 2 1 1 1
0 0 0 0 0
1 0 1 1 0
0 0 3 0 1
0 1 0 0 1
0 1 0 0 0
2 1 2 0 3
0 0 1 0 0
0 1 0 2 0
0 0 0 0 0
0 1 0 2 0
3 1 0 0 1
4 1 0 2 0
0 0 0 0 2
0 1 0 1 1
0 0 0 1 1
1 0 0 0 1
0 1 1 2 0
0 0 0 1 1
4 1 0 0 0
0 0 3 0 1
1 0 0 0 3
1 0 1 0 1
0 2 2 0 0
0 0 0 0 0
0 0 0 1 1
1 1 1 2 1
4 0 3 1 2
0 0 2 2 2
