14 4 2
552 998 1706
599 1343
622
660 1272 1945 2751
702 1280 1991 2693
686 1166 1848 3136
712 1234 1987 3108
661 1267 2042 3122
779 1256 1895 2806
749 1076 1852 2908
794 1114 2135 2670
741 1167 1914 2892
680 1218 1900 3101
770 1080 2159 2643
696 1079 2077 2804
732 1101 1870 2579
773 1220 1945 2912
28 36 46 34
37 39 39 42
42 33 28 39
35 37 45 34
33 30 32 48
32 49 44 36
42 42 28 34
25 35 40 39
31 50 29 48
26 39 38 44
40 42 46 42
25 36 25 37
36 29 29 36
39 31 36 41
12 69 2 4
1 2 3 1
2 0 4 2
1 3 12 7
1 1 4 1
5 2 1 3
3 2 2 3
1 2 1 0
0 0 1 4
0 0 7 0
3 2 3 1
1 3 2 1
4 9 0 0
1 0 3 5
1 6 3 0
