14 4 2
257 760 1297
750 931
280
535 820 1614 1995
615 864 1510 2159
554 873 1383 2151
613 952 1628 1963
590 827 1466 1922
593 875 1566 2157
608 833 1492 2234
638 922 1535 2179
560 804 1646 2201
531 876 1415 2276
614 946 1466 2027
571 842 1501 2030
575 840 1520 2200
568 904 1363 2260
29 46 27 50
44 48 44 49
36 31 25 50
37 43 37 33
34 43 47 30
37 35 36 30
49 36 39 25
44 48 44 36
40 37 40 30
32 38 42 38
46 34 45 27
40 44 43 34
36 41 34 28
33 47 31 34
14 17 6 3
0 2 2 0
2 2 5 0
1 1 3 0
0 1 5 1
3 1 0 0
0 0 1 2
7 0 4 2
3 1 3 2
0 1 0 9
3 1 1 1
1 5 1 1
5 4 3 0
1 0 1 0
0 3 1 0
