14 4 2
312 939 1565
455 1156
703
785 1212 1795 2575
731 1036 2018 2609
706 1211 2001 2708
701 1117 1709 2788
670 1148 1829 2338
751 1188 1743 2808
799 1209 2000 2549
805 1186 1883 2670
669 1136 2037 2715
739 1059 1938 2372
780 1022 1936 2807
773 1019 1780 2638
715 1151 1873 2477
790 1062 1764 2797
32 43 39 25
49 49 34 30
30 40 43 26
45 50 34 26
48 39 37 38
37 44 49 34
33 28 49 29
48 25 31 33
25 31 34 41
44 41 36 41
46 31 31 28
29 35 30 31
35 40 49 42
37 48 41 47
25 23 43 2
0 1 3 0
6 2 2 0
1 2 0 1
0 4 0 2
0 5 1 1
0 6 1 3
3 4 1 1
2 0 1 3
1 2 1 2
1 1 0 0
2 1 0 5
1 1 0 0
3 1 2 2
3 4 5 1
