14 4 2
486 1220 1912
575 1349
520
803 1402 2106 2846
735 1461 1969 2920
783 1356 1993 2548
807 1523 2015 2484
682 1341 2101 2566
752 1378 2073 2534
673 1471 2068 2615
709 1431 2097 2562
803 1400 1934 2857
757 1552 1975 2406
755 1335 2050 2532
727 1342 2033 2589
770 1382 1883 2713
682 1495 1902 2444
25 31 34 38
29 28 45 48
49 29 32 37
36 50 26 47
45 36 26 30
44 27 34 46
29 36 43 41
40 44 34 26
37 47 29 25
34 38 31 42
33 34 50 37
40 30 38 38
35 49 50 43
39 29 35 33
10 0 0 20
4 3 6 1
6 0 1 3
0 2 2 0
11 0 0 0
0 3 7 1
1 1 3 1
0 2 0 0
6 1 0 0
4 1 1 3
4 1 2 1
0 2 2 0
2 2 2 1
4 2 2 2
2 2 3 5
