14 4 2
545 1126 1836
610 1028
572
977 1575 2419 3029
937 1455 2758 3226
834 1360 2417 3487
840 1562 2388 3254
833 1507 2301 3034
942 1509 2462 3132
834 1373 2705 3114
881 1339 2298 3511
907 1449 2693 3100
927 1480 2558 3230
988 1450 2558 3331
958 1304 2680 3163
853 1456 2407 3133
850 1346 2377 3228
28 37 32 42
37 31 47 47
49 35 34 46
37 27 40 25
29 49 28 33
47 39 41 47
45 42 38 44
45 43 44 29
30 28 30 47
42 34 25 30
39 45 35 42
47 30 40 43
39 36 39 31
48 40 47 43
18 13 19 10
1 0 1 1
2 1 2 7
0 0 0 2
2 2 2 3
2 0 0 4
1 0 6 3
2 5 0 1
2 0 2 2
1 2 0 0
1 1 1 2
2 2 2 2
1 2 0 0
1 0 5 2
0 0 1 1
