14 4 2
581 1374 1570
758 1282
391
924 1639 2602 3111
932 1849 2405 3446
805 1839 2344 2995
875 1837 2584 3011
852 1643 2648 3473
881 1779 2547 3172
868 1844 2646 3077
867 1664 2629 2906
970 1713 2558 2916
896 1831 2391 3294
951 1728 2584 3096
939 1645 2450 3096
838 1651 2549 3127
878 1734 2262 3419
45 43 26 25
50 41 45 41
46 28 43 46
39 29 33 40
26 26 41 37
27 46 29 46
32 27 34 48
41 38 38 35
32 44 35 36
45 39 31 49
47 27 29 48
50 27 28 47
27 40 39 45
43 25 25 26
20 53 5 7
0 2 0 5
2 1 1 0
1 1 2 4
4 0 3 1
2 2 2 3
2 3 4 1
0 0 3 0
2 1 2 5
0 4 0 3
6 3 0 0
6 3 0 8
0 8 2 4
1 2 1 2
0 1 5 2
