14 4 2
440 950 1205
569 985
349
598 1113 1832 2246
555 1071 1624 2156
540 1038 1672 2101
541 995 1639 2286
512 931 1609 2251
600 1065 1514 2146
578 983 1650 2019
551 1053 1818 2069
560 1066 1599 1979
557 1043 1622 2039
544 1118 1715 1998
571 929 1747 2251
569 954 1575 2229
596 1105 1708 1959
33 36 43 31
44 32 25 50
43 34 35 32
50 28 48 45
50 35 30 45
32 48 31 26
29 34 49 48
36 46 44 35
44 45 42 26
34 31 34 33
28 37 47 32
34 30 50 30
38 47 33 50
37 38 25 46
38 37 6 25
1 1 7 0
0 2 1 2
1 1 0 2
0 0 2 3
6 6 3 3
7 0 0 0
1 4 3 0
1 4 4 1
0 2 1 5
1 1 2 2
1 1 0 1
0 0 2 1
0 3 5 1
1 1 2 2
