14 4 2
382 1028 1743
526 1134
431
760 1272 1995 2605
747 1188 2259 2831
798 1316 2243 2453
753 1174 1984 2916
702 1192 1955 2809
749 1338 2052 2577
698 1207 2214 2555
672 1373 1943 2463
667 1262 2110 2782
752 1349 2209 2758
707 1217 2210 2542
750 1314 1949 2450
742 1167 2096 2795
714 1273 2014 2457
49 39 48 39
28 47 37 30
41 40 29 46
44 29 38 25
33 40 44 38
31 47 29 34
50 37 31 48
34 47 29 39
41 39 45 29
31 36 31 40
46 29 27 26
43 36 25 48
41 31 49 35
33 47 31 41
35 33 22 14
2 2 1 3
0 7 0 0
0 1 8 2
2 2 2 5
1 4 1 2
1 4 3 0
3 3 0 2
1 1 0 0
0 2 0 0
0 6 1 1
1 1 0 2
1 5 0 2
0 6 1 8
1 1 2 2
