14 4 2
547 900 1559
308 1078
735
737 1328 1766 2569
705 1292 1944 2780
735 1340 1927 2705
701 1292 2033 2937
727 1234 2106 2679
652 1239 1871 2753
775 1287 1800 2778
749 1239 1996 2631
678 1187 1885 2741
696 1193 1818 2912
706 1293 2126 2542
652 1126 2021 2787
745 1294 2115 2443
740 1154 1864 2898
39 30 42 29
42 49 29 27
33 42 27 31
45 25 49 29
39 40 26 35
31 40 45 36
45 43 35 27
30 28 44 33
41 47 26 31
34 25 36 33
31 36 48 25
42 30 36 42
44 36 47 29
26 39 46 27
6 36 7 21
2 0 5 4
2 2 0 1
7 2 3 0
4 1 0 2
1 4 0 5
0 13 2 0
2 2 0 3
0 0 4 4
5 1 2 1
0 2 1 0
1 2 4 0
3 1 3 1
2 1 2 1
3 1 1 0
