14 4 2
344 890 1650
686 1266
612
586 1003 1727 2524
572 1159 1631 2375
574 1138 1630 2480
633 1055 1661 2416
661 1018 1651 2445
581 1045 1720 2370
599 1167 1644 2503
614 990 1725 2575
624 1011 1599 2286
649 1160 1578 2704
638 1027 1492 2239
665 1140 1538 2470
649 1015 1611 2391
572 1022 1621 2321
30 41 40 33
45 44 47 27
30 49 40 50
50 50 26 28
30 41 33 28
36 31 41 38
26 28 39 41
41 30 33 28
25 39 46 28
44 39 43 26
43 37 33 34
39 30 48 37
45 42 35 40
43 29 34 25
2 16 27 22
1 1 6 5
1 2 2 3
6 4 3 0
3 3 4 1
0 1 3 2
0 0 1 4
2 1 3 1
1 2 5 2
3 1 3 6
0 0 0 2
0 0 7 1
6 1 6 1
4 2 2 0
1 2 2 0
