14 4 2
402 865 1589
482 1230
650
623 1080 1635 2533
569 1232 1887 2116
558 1161 1726 2130
546 1075 1837 2262
658 1138 1628 2316
637 1132 1840 2524
575 1135 1803 2176
615 1141 1821 2497
604 1215 1646 2473
646 1064 1614 2195
578 1238 1911 2112
642 1245 1928 2136
547 1258 1750 2172
657 1059 1724 2181
41 42 32 38
50 43 46 27
27 27 29 38
31 26 41 29
26 26 27 50
34 46 37 35
43 31 38 49
32 35 37 25
33 46 45 47
44 45 43 31
31 35 36 31
43 29 50 27
29 39 45 37
30 39 37 42
14 30 12 17
2 0 2 1
0 1 1 0
4 1 4 2
6 5 4 1
1 1 7 0
2 1 2 4
4 3 3 1
5 7 1 3
2 0 2 3
2 1 2 4
1 0 2 1
0 0 0 1
4 0 4 3
0 0 0 4
