14 4 2
390 861 1583
377 1138
671
629 1138 1624 2566
605 1018 1599 2461
666 988 1557 2169
572 967 1783 2219
575 1073 1654 2514
611 1062 1509 2400
575 1087 1633 2613
655 977 1772 2595
559 1093 1675 2417
641 1021 1605 2338
642 1064 1471 2536
609 1037 1687 2353
577 955 1700 2171
631 954 1551 2434
41 31 48 31
49 35 30 37
48 50 42 45
40 40 38 42
46 42 43 41
37 50 50 48
42 34 45 45
48 33 30 25
45 32 26 38
48 44 49 50
38 27 47 31
45 41 25 28
26 49 40 31
28 38 28 26
6 7 20 4
0 0 2 0
1 1 2 0
2 6 0 0
2 3 6 0
0 1 0 3
0 0 3 4
3 3 0 2
6 1 1 1
0 0 2 2
1 4 1 6
1 0 1 10
7 3 0 5
4 2 1 0
5 5 4 1
