2 2 5 1000
293
463 826
470 739
33 36
44 34
15 20
13 7
20 20
11 27
9 14
21 7
15 10
11 17
19 13
8 18
17 9
17 3
19 24
22 19
16 11
11 6
21 12
15 17
23 17
11 15
15 8
12 3
17 14
9 8
9 16
27 19
6 9
5 28
13 18
12 7
17 25
7 7
14 23
21 7
13 5
9 4
9 28
11 13
12 10
18 11
5 14
20 7
17 10
16 12
5 13
10 20
16 8
11 8
10 7
9 9
13 16
12 21
15 22
8 6
10 17
17 11
13 10
18 6
8 13
12 18
12 6
15 12
9 6
4 13
8 9
15 18
14 9
12 17
14 7
7 8
17 8
19 16
14 13
17 20
4 18
21 8
20 9
20 10
26 7
10 6
13 18
20 9
14 23
22 13
10 9
15 6
15 9
9 6
4 17
19 9
16 4
14 8
13 22
18 12
7 13
10 18
17 16
21 13
25 9
22 11
10 13
22 21
11 14
12 16
4 5
21 17
17 14
8 24
12 15
10 23
16 28
6 5
16 10
10 7
4 15
10 10
10 6
10 14
19 17
19 13
20 6
10 12
15 7
16 17
9 13
9 10
16 14
16 23
14 3
22 24
8 18
20 14
21 16
11 19
14 19
12 13
21 6
12 21
8 8
5 13
14 24
7 11
11 14
21 9
16 8
11 7
21 14
11 4
9 15
15 14
11 25
12 12
10 4
21 11
9 9
7 10
22 8
17 9
15 18
11 6
16 7
11 14
8 20
20 11
16 24
17 21
10 5
16 5
14 20
13 7
5 11
6 12
17 10
10 8
6 4
16 13
13 15
27 9
16 8
17 12
27 18
16 16
16 6
11 12
12 4
6 8
18 17
4 13
25 16
7 13
19 12
15 23
14 17
15 27
16 9
25 22
28 11
20 23
20 8
18 14
20 12
16 24
19 12
11 19
3 22
14 22
9 13
23 11
16 16
7 11
11 9
20 14
12 9
19 5
10 16
20 9
16 7
12 26
22 14
19 21
21 16
16 10
9 18
3 21
19 15
11 11
16 20
18 24
16 6
28 12
10 10
10 15
24 9
7 11
6 24
20 28
18 9
9 14
5 21
11 11
4 20
20 14
15 9
11 20
11 12
11 13
24 5
4 24
6 23
18 10
4 7
11 8
16 13
6 14
11 10
6 7
6 18
6 21
12 24
11 7
13 18
10 18
6 11
12 19
18 16
11 13
17 18
28 20
9 9
15 17
12 16
17 20
15 7
20 6
22 18
6 15
7 12
11 14
18 11
17 7
9 12
20 9
8 23
6 27
11 7
23 20
11 7
14 13
16 12
12 12
13 6
9 8
17 26
4 14
8 28
11 12
22 6
8 24
17 16
11 20
19 8
23 18
15 18
6 18
5 19
12 13
10 11
16 22
22 13
10 22
10 3
21 14
9 15
18 20
6 13
13 8
5 8
21 13
5 12
11 16
7 12
16 6
16 8
13 14
26 20
9 18
20 13
5 19
15 15
15 20
18 13
4 6
13 15
9 13
19 22
17 18
14 5
5 21
23 13
9 11
12 13
15 4
17 15
17 17
8 10
17 16
15 17
10 14
20 6
17 12
11 27
21 12
4 20
14 22
8 24
15 12
7 5
23 9
4 27
14 8
7 11
16 8
28 13
10 23
15 6
12 24
8 6
20 5
26 3
22 24
14 11
12 22
11 7
6 11
14 25
6 18
27 8
8 23
8 15
12 3
14 6
18 8
11 14
24 13
27 6
13 15
18 18
18 20
20 23
22 21
10 12
22 9
4 16
12 12
14 11
23 13
9 11
13 11
23 21
4 11
6 5
18 10
13 6
8 10
14 18
15 9
10 18
7 16
14 15
18 14
16 10
11 21
13 11
28 17
16 8
25 6
11 24
14 17
25 9
6 11
5 16
6 9
27 10
15 12
21 5
13 25
23 28
22 24
18 14
15 3
5 8
11 24
13 16
16 11
17 13
27 11
14 4
15 5
11 17
13 15
22 13
23 17
16 20
18 16
13 22
22 17
6 13
11 20
8 8
7 13
17 10
11 16
23 22
17 12
18 14
5 17
9 8
10 10
19 14
16 9
16 9
4 4
8 26
11 16
8 18
3 24
16 28
27 27
6 10
13 9
11 6
12 26
15 12
21 5
4 17
28 7
16 6
8 22
12 15
16 20
11 19
6 10
25 7
10 10
12 14
6 16
16 10
16 8
18 18
22 12
10 17
10 5
22 10
14 13
26 19
11 12
26 19
10 10
15 13
11 11
13 13
10 8
24 15
17 18
13 22
5 26
10 9
20 20
21 27
19 14
14 23
12 6
15 17
10 13
15 17
24 7
26 17
16 6
23 5
27 19
7 3
11 25
19 27
19 6
11 12
12 20
14 16
5 27
18 19
14 10
5 20
20 9
28 16
9 25
21 16
9 13
14 15
14 11
10 17
7 4
20 15
7 7
13 13
4 14
14 10
12 7
27 12
12 7
16 24
10 20
9 14
18 16
17 12
14 26
9 7
9 8
15 12
20 17
16 14
12 15
12 27
21 17
9 11
7 15
13 13
17 22
15 20
14 21
12 5
6 10
15 13
10 11
6 7
15 6
13 16
15 12
17 9
19 16
5 26
19 6
7 21
9 18
17 9
11 15
9 12
18 17
7 10
5 24
12 16
9 16
16 15
21 17
19 18
9 7
9 25
11 8
13 8
26 14
15 3
10 14
6 6
21 25
13 20
14 4
14 17
12 22
14 11
21 20
11 9
9 24
7 19
17 10
18 14
18 27
18 7
13 6
20 3
10 6
8 15
6 4
3 9
24 5
10 5
15 17
20 13
8 22
18 19
16 27
15 12
5 13
13 9
7 6
13 19
23 8
17 28
16 6
7 22
17 17
22 10
6 9
13 5
10 6
16 21
5 13
16 5
21 15
22 9
21 4
12 10
13 5
10 9
25 13
12 18
15 17
27 16
11 9
14 17
16 17
12 5
17 12
10 19
14 16
18 11
18 10
19 25
8 10
3 17
15 11
20 20
13 19
4 22
5 9
12 14
9 14
16 20
22 23
11 18
7 10
26 11
10 9
17 12
8 21
23 16
13 7
22 20
14 21
22 11
5 8
12 8
12 17
17 20
16 22
9 23
20 14
15 11
11 6
20 12
12 20
26 26
7 13
5 6
5 13
7 26
9 8
5 12
11 15
14 8
8 20
23 19
15 22
24 12
4 20
23 15
10 16
9 25
12 13
15 19
28 4
15 14
20 6
13 8
11 15
22 10
15 8
21 17
13 26
20 17
16 19
24 8
17 14
12 12
4 16
11 9
10 5
24 16
27 13
22 18
12 9
17 6
16 14
11 13
10 13
16 13
7 4
28 9
10 12
12 22
12 13
21 7
14 10
21 4
18 12
19 24
18 7
8 12
12 7
18 10
8 24
20 15
27 12
4 13
25 15
15 9
18 14
7 9
14 4
17 14
4 21
23 27
7 18
5 23
10 14
22 10
7 16
9 13
21 14
3 13
11 23
6 19
20 8
15 19
12 14
13 15
15 11
12 5
3 7
14 21
17 7
23 7
27 9
25 12
16 10
10 12
7 7
15 9
12 19
12 16
11 19
9 16
27 8
11 13
13 15
25 17
10 22
6 11
8 17
24 10
7 25
9 25
16 6
11 16
11 8
13 14
6 9
4 7
14 8
17 5
25 20
14 21
12 3
28 22
11 16
15 17
20 13
25 13
16 8
9 28
27 13
25 4
12 9
5 20
17 9
17 27
10 7
5 21
15 16
20 10
9 17
19 13
3 15
10 12
11 8
11 11
16 12
19 15
10 14
4 17
28 18
17 9
14 14
14 11
22 19
17 19
7 17
15 7
23 14
5 14
14 13
7 3
14 8
9 9
8 27
14 15
9 22
14 9
7 17
26 10
20 13
8 14
25 9
8 13
18 6
28 7
12 19
11 11
5 15
22 15
7 19
15 13
8 20
9 15
11 12
7 12
4 6
9 10
22 8
22 19
18 11
14 10
4 16
10 11
5 9
6 16
12 20
6 25
11 8
14 11
7 22
13 12
23 24
6 20
6 6
9 8
3 20
14 16
8 12
10 7
13 25
24 12
9 6
11 4
16 13
11 21
10 12
24 6
15 13
11 20
28 10
7 4
14 14
18 17
20 8
14 13
8 21
14 16
10 18
27 11
14 19
20 20
9 9
18 13
5 16
20 7
25 19
17 15
19 9
7 23
10 11
11 10
22 10
27 17
18 17
16 24
20 3
16 10
7 19
16 15
16 7
14 23
15 7
13 6
13 10
23 10
18 17
13 11
10 7
15 26
9 7
11 27
25 7
10 12
27 21
5 8
14 10
14 21
10 14
16 25
6 9
22 13
20 19
16 19
25 5
8 9
18 11
6 11
16 9
20 4
10 11
3 19
6 23
12 12
4 8
18 9
9 10
8 3
18 14
27 13
4 10
11 12
19 12
14 11
18 15
19 6
9 12
10 23
19 7
17 21
15 17
6 14
7 13
16 22
6 18
8 15
15 19
21 13
10 6
14 7
13 8
11 15
9 14
12 20
19 13
24 5
16 20
14 19
10 19
8 15
26 5
18 19
13 9
9 22
13 15
6 12
10 22
22 4
13 16
17 9
13 27
27 9
13 3
17 10
14 24
6 9
16 11
11 19
14 26
7 6
22 8
12 6
26 10
18 9
10 4
8 15
13 11
17 14
15 13
28 26
15 7
7 12
5 12
13 25
18 26
20 28
4 13
18 15
14 14
25 24
16 18
12 14
15 20
8 13
9 14
7 21
8 23
7 9
15 21
14 15
7 8
16 10
18 14
11 11
8 8
10 22
5 19
15 6
16 10
3 25
10 19
13 4
17 6
7 15
13 9
12 6
21 15
24 9
8 18
18 12
6 18
15 13
16 12
13 12
26 15
9 17
16 4
11 7
11 18
23 13
10 9
20 11
16 13
12 12
18 21
7 18
24 10
17 22
19 16
12 17
19 9
7 11
5 13
13 6
19 10
8 4
10 20
21 3
19 11
19 11
10 20
28 22
10 10
19 11
17 14
9 23
16 14
19 25
14 14
5 11
16 17
4 7
21 9
11 3
27 9
20 16
15 21
6 22
19 20
12 23
5 12
10 8
27 10
11 8
13 17
6 19
24 20
14 19
28 6
22 21
10 12
12 13
18 11
7 11
16 13
7 17
17 4
8 18
11 19
17 19
17 6
16 16
18 13
19 5
14 7
3 9
10 18
12 7
15 15
11 8
17 9
4 14
16 19
12 27
17 18
10 9
18 12
6 23
11 4
6 26
16 18
13 16
24 13
4 9
11 14
15 23
8 10
11 18
16 14
13 5
14 9
22 17
18 3
11 6
16 25
16 23
20 21
14 8
20 12
11 12
22 17
14 14
15 28
8 17
26 13
13 28
11 13
4 25
15 9
15 12
19 21
14 14
11 21
13 26
12 4
23 19
15 10
9 7
16 19
12 12
28 14
22 23
23 17
11 15
14 14
14 21
11 22
11 6
25 16
18 23
9 27
12 18
15 16
9 17
6 13
16 16
13 14
27 15
10 12
18 21
8 7
18 5
13 24
23 20
5 15
19 20
14 16
28 26
13 8
4 12
16 10
16 12
17 21
19 8
15 13
13 22
4 12
14 12
15 11
11 16
14 22
10 10
17 11
20 16
9 10
6 13
14 5
13 24
19 18
16 12
9 10
22 8
14 19
6 18
28 17
10 11
27 9
7 17
15 12
11 18
22 23
14 18
6 11
12 16
16 11
21 10
28 6
12 12
6 16
7 14
11 5
8 10
11 18
19 20
7 28
12 10
15 8
17 23
6 10
14 11
18 8
11 16
18 8
7 7
17 23
21 13
10 17
10 10
17 15
4 13
10 16
7 12
8 7
26 27
14 12
9 17
19 26
12 7
19 18
13 11
23 7
20 16
7 22
10 23
26 26
16 20
12 14
4 16
12 18
3 9
14 27
14 8
14 25
15 9
11 15
11 12
12 7
18 11
7 11
20 16
17 9
11 24
14 11
12 18
23 23
6 17
9 18
25 6
9 8
5 14
12 5
5 26
4 22
7 18
16 22
20 8
20 3
12 18
17 6
28 15
19 19
24 22
24 8
14 8
26 26
10 7
11 7
6 18
3 10
25 17
15 11
20 14
23 7
6 27
15 3
16 15
21 19
21 20
13 5
15 16
15 10
13 10
17 6
22 9
19 12
17 14
14 5
6 5
11 25
5 22
11 8
23 22
24 17
10 16
8 22
23 18
15 6
14 27
20 15
13 27
21 8
13 28
20 9
26 17
3 3
11 7
22 16
13 11
4 17
10 15
23 12
9 18
12 6
24 8
16 5
6 25
8 11
14 20
28 16
9 4
11 12
10 26
17 17
9 7
15 19
16 17
18 8
17 19
18 11
16 18
13 14
14 8
7 9
28 14
8 7
4 23
20 15
12 22
20 19
4 10
11 21
14 11
12 14
14 15
8 17
11 9
13 23
10 14
13 9
7 16
17 11
6 11
27 14
16 27
18 17
12 7
27 27
7 12
6 9
14 13
20 17
12 27
16 5
7 8
21 22
12 6
15 23
10 19
9 17
15 8
4 14
16 16
13 9
11 24
12 14
22 14
23 21
13 26
22 11
21 8
26 17
22 24
15 18
10 7
18 21
24 20
20 15
24 11
10 10
16 18
26 25
8 18
19 22
15 21
22 14
12 8
7 11
22 8
18 19
9 14
13 20
7 22
12 4
28 21
8 17
22 16
20 5
18 14
15 10
5 15
19 19
11 11
27 5
20 10
16 19
8 14
13 13
19 23
8 14
4 12
24 14
16 16
8 19
10 8
17 24
7 8
11 23
20 9
28 16
7 20
22 9
7 27
12 13
24 9
13 19
8 8
21 19
16 7
24 28
3 14
9 22
13 14
24 8
22 6
23 7
19 9
14 16
20 14
6 24
19 17
6 22
15 26
21 8
19 3
11 6
9 4
15 17
27 9
19 7
12 11
7 7
14 11
16 16
9 21
5 14
22 28
10 7
15 14
11 6
12 11
22 23
11 19
17 5
12 13
9 5
4 14
12 11
27 18
4 12
12 17
9 11
9 26
13 10
9 5
5 10
8 17
26 8
16 9
12 20
6 12
12 5
11 12
22 11
18 8
22 4
18 11
8 8
8 14
8 19
6 10
13 11
9 14
23 8
15 10
9 19
10 14
16 19
15 18
12 22
16 18
14 12
19 9
8 12
15 14
12 12
7 6
20 6
16 16
14 22
8 9
13 4
11 20
17 13
10 12
8 12
21 11
7 13
17 12
17 6
27 23
22 7
16 9
24 16
14 28
10 22
8 10
8 12
8 17
12 10
18 7
15 4
6 14
6 23
8 7
15 18
5 19
10 5
14 25
22 14
26 9
9 11
16 10
6 12
23 11
13 9
12 11
14 9
12 12
10 18
13 24
19 7
6 16
14 14
17 5
15 10
10 17
7 27
9 18
14 16
21 12
10 15
27 16
17 9
11 13
6 15
7 14
6 9
10 4
7 8
9 9
24 13
13 9
8 11
17 3
16 16
3 16
11 24
4 9
10 23
8 15
20 11
27 14
15 21
11 14
21 12
7 22
15 18
22 19
14 14
4 18
24 21
14 22
22 17
20 8
14 18
27 28
7 12
15 7
8 16
9 14
21 8
12 6
10 13
11 23
14 16
11 12
12 16
14 7
22 20
17 16
18 13
19 9
12 17
14 11
11 7
27 15
6 13
14 13
9 6
15 11
24 13
22 7
10 7
8 19
4 14
19 17
26 10
15 22
22 20
10 12
20 18
6 19
16 6
13 5
24 22
8 12
13 12
10 18
17 8
3 25
11 13
17 25
26 20
9 16
9 18
25 4
14 6
10 11
6 9
15 6
21 19
8 3
10 15
10 24
8 23
11 9
9 15
15 20
14 17
10 17
14 15
17 10
28 10
18 11
13 10
20 4
10 11
20 12
6 6
18 11
14 13
18 20
25 11
12 15
26 27
9 8
13 8
18 12
15 12
15 18
18 15
22 14
14 10
7 20
14 12
23 10
4 17
10 8
15 25
8 14
7 15
14 17
15 14
4 23
12 11
9 13
21 13
10 11
21 15
28 26
12 22
24 10
8 3
3 10
16 15
12 11
10 21
10 20
6 16
12 21
23 13
11 8
10 11
9 9
11 17
15 9
20 7
15 22
10 11
16 15
15 6
11 16
7 20
7 8
8 15
13 10
10 7
18 5
12 18
9 19
16 10
9 13
9 14
28 8
7 15
11 9
19 6
8 19
22 23
16 12
14 20
13 15
13 5
7 17
14 9
14 14
7 16
15 13
24 15
14 7
6 6
4 17
12 9
20 7
6 10
8 14
15 14
26 9
10 11
14 12
10 11
20 9
12 11
7 26
28 8
23 13
8 5
20 25
18 21
15 16
13 7
15 21
10 5
28 19
8 4
11 14
11 11
11 13
10 18
9 15
5 6
7 11
9 7
11 20
19 22
20 7
17 14
10 20
17 17
8 12
23 9
6 20
13 17
25 20
8 11
8 16
7 9
20 13
23 17
11 16
17 15
16 8
9 20
15 15
20 20
15 18
19 9
6 14
26 15
20 10
5 16
8 21
11 10
10 13
4 20
11 15
17 17
10 14
10 5
16 13
14 13
16 13
10 8
21 14
13 22
6 14
25 12
9 19
22 7
16 18
14 10
18 8
6 10
10 12
22 22
22 12
8 10
21 11
19 19
24 11
14 17
20 9
9 8
18 23
5 18
15 23
14 9
13 15
9 11
14 26
4 12
11 17
4 28
10 9
20 15
10 25
28 19
20 14
10 20
22 19
16 19
5 16
14 21
14 5
8 16
4 22
16 10
5 7
27 17
24 20
14 21
12 21
19 12
15 4
16 4
13 26
14 14
19 21
15 20
9 11
6 17
16 21
17 12
22 9
21 6
25 21
10 10
5 11
23 3
11 8
20 14
22 6
12 19
17 19
