14 3 5 1000
479 632
215
604 1168 1431
606 1171 1560
557 1152 1383
627 1016 1619
612 1152 1525
542 1019 1598
539 1060 1456
582 1040 1526
580 1165 1539
621 1042 1656
597 1107 1395
545 1113 1400
652 1136 1588
570 1080 1658
41 44 41
47 40 26
34 30 34
41 31 48
31 50 47
29 40 49
41 35 47
27 26 38
33 48 46
28 25 34
36 33 45
27 43 38
42 41 35
46 50 39
38 31 3
0 3 1
2 1 1
1 1 1
0 3 1
0 3 2
0 1 2
1 0 3
4 1 2
1 1 1
2 5 4
0 2 2
4 1 2
2 1 0
1 1 2
0 0 1
0 0 1
3 2 2
1 5 6
3 1 0
3 2 3
0 1 2
2 2 3
2 2 2
0 1 0
1 2 2
1 1 2
1 0 0
2 2 0
0 2 0
1 2 4
3 0 0
2 2 1
2 2 1
2 3 0
2 4 3
0 2 1
2 1 0
0 4 2
4 2 2
2 2 3
1 5 2
1 1 0
2 3 4
1 3 0
1 2 0
0 0 2
1 1 3
3 2 2
2 1 1
0 3 0
1 0 4
1 2 0
1 1 0
2 3 0
4 1 1
1 4 0
2 0 1
1 0 2
2 0 1
3 0 1
0 0 2
2 0 0
5 0 0
0 1 1
1 2 0
4 1 0
1 0 2
0 5 1
2 0 3
4 4 0
1 0 1
3 1 3
5 3 1
2 2 1
1 1 2
3 1 5
1 2 0
0 0 6
4 1 3
1 2 1
2 0 1
0 3 3
0 1 0
1 0 1
0 2 0
1 3 1
0 0 0
1 0 3
0 4 1
4 0 3
2 4 3
1 0 0
1 1 0
0 0 1
0 1 1
1 1 3
2 1 0
4 0 4
0 3 1
3 1 3
1 1 1
2 2 0
3 2 4
0 2 4
2 2 1
5 1 1
0 2 2
6 1 2
1 1 1
1 4 2
2 0 0
1 0 1
0 1 0
1 0 3
1 0 4
2 3 1
3 5 0
1 0 1
3 2 0
1 1 1
0 0 2
1 0 1
0 2 2
4 0 0
0 3 5
0 1 6
0 3 3
0 4 0
1 1 1
1 1 3
4 0 2
3 1 4
1 1 1
1 1 4
3 0 2
3 3 2
3 2 0
1 1 2
0 0 0
3 2 0
1 0 4
0 3 0
2 0 3
4 3 0
6 1 2
1 2 1
5 2 0
2 1 1
1 2 1
3 1 0
2 4 1
3 0 2
4 1 1
1 2 3
0 1 2
1 2 1
0 1 0
0 1 4
3 1 2
0 1 0
0 0 2
4 0 1
0 1 2
0 2 1
1 1 3
4 2 1
1 0 2
2 3 3
0 2 1
4 1 1
0 3 2
1 4 2
2 4 1
0 0 4
2 1 0
1 4 3
0 2 3
1 3 1
1 0 0
2 0 0
1 0 2
1 1 1
0 1 2
3 0 3
4 4 2
1 2 0
2 1 3
1 1 0
0 1 0
0 0 5
3 0 0
2 5 2
3 3 2
2 0 0
2 2 0
5 3 3
1 2 0
0 3 2
1 3 3
3 1 1
2 0 0
0 3 2
3 2 5
2 0 2
0 2 1
3 0 3
1 0 1
1 4 1
2 2 1
0 0 2
4 1 1
0 2 3
0 1 1
3 3 1
4 0 0
1 1 1
0 0 6
2 1 3
2 4 0
1 5 3
3 3 2
1 2 4
2 1 0
1 2 4
6 0 1
1 1 0
1 5 2
2 3 0
0 0 0
3 0 2
0 1 1
0 0 1
0 3 0
0 2 2
1 1 1
3 4 2
0 1 0
1 2 1
3 3 0
3 2 5
4 0 1
5 0 0
2 1 0
2 1 2
3 1 0
0 2 1
0 1 1
3 1 4
4 2 2
1 4 2
2 0 2
0 2 0
1 0 5
0 0 2
1 0 2
4 5 2
1 0 2
1 1 2
2 1 1
2 0 1
1 0 2
2 2 1
0 3 3
0 4 4
2 5 0
0 2 1
4 1 1
4 2 0
0 1 1
2 2 0
0 1 1
0 0 2
0 1 1
0 5 0
2 2 1
3 1 1
2 0 2
0 2 2
1 0 4
1 2 1
1 2 0
0 1 2
4 1 2
0 1 3
1 2 2
0 2 3
4 1 2
2 0 4
2 2 5
2 1 2
6 4 0
3 3 2
2 1 6
2 1 1
5 0 2
0 1 4
2 0 0
0 2 1
1 3 1
1 4 1
3 2 1
2 1 0
1 1 2
1 4 3
2 5 3
1 3 1
1 1 1
1 0 1
2 0 1
0 0 0
2 2 0
4 3 6
2 2 1
3 4 3
3 4 1
1 2 0
0 0 1
1 2 3
1 2 5
3 3 0
2 4 0
1 0 2
4 1 2
2 6 1
2 1 2
1 2 2
1 1 3
2 2 1
2 0 1
1 0 0
2 2 0
3 4 4
1 1 0
1 0 2
1 1 0
2 5 2
3 0 2
2 1 2
0 2 1
1 0 0
0 1 5
2 2 1
0 3 0
1 1 5
1 1 1
1 0 2
0 1 0
4 3 2
1 1 1
0 2 4
4 4 1
2 1 1
1 0 0
0 0 4
2 0 3
1 1 2
3 2 0
1 1 1
2 1 1
2 1 3
2 1 2
1 4 0
1 0 2
3 2 0
1 1 3
1 2 0
0 0 1
0 1 0
1 2 6
1 0 1
1 6 3
1 4 0
0 0 1
0 0 1
2 2 6
0 3 2
1 4 1
0 0 0
3 1 1
0 4 1
1 3 2
1 2 2
0 2 0
2 0 1
1 1 1
1 3 2
2 4 1
0 0 1
1 2 1
1 1 3
2 2 1
1 1 5
5 2 5
1 2 1
1 2 0
2 1 4
1 0 1
4 2 2
1 2 1
1 1 2
2 0 1
3 0 1
4 2 4
4 3 1
3 2 4
1 2 2
3 1 1
0 1 2
0 0 3
3 4 3
4 3 0
4 4 1
1 0 0
2 1 1
2 1 1
0 1 4
1 4 4
0 1 0
1 2 4
2 0 0
1 1 3
0 2 0
2 3 1
1 3 1
1 1 3
1 3 3
1 3 1
1 3 4
1 0 4
1 4 2
0 2 2
2 4 0
0 1 0
2 1 1
2 0 0
2 0 0
0 2 0
2 6 2
0 2 2
2 2 0
1 5 0
4 0 1
1 2 2
1 1 4
4 2 3
2 0 1
1 0 0
2 1 1
0 4 3
0 1 1
2 0 3
5 4 3
1 1 0
1 4 1
5 4 3
1 1 0
1 3 4
2 1 1
3 2 1
3 3 4
1 0 3
2 1 3
1 2 1
0 0 2
1 2 4
1 0 0
0 0 1
3 3 0
1 0 5
2 3 0
1 1 2
0 0 0
0 4 0
5 2 3
0 1 0
3 2 1
4 0 1
0 1 0
1 1 3
0 1 1
1 1 2
2 2 4
2 1 0
0 1 0
1 0 2
1 2 4
0 2 1
3 4 3
0 0 4
2 3 0
2 1 4
0 2 1
0 1 2
0 3 0
0 0 1
4 0 2
0 0 2
1 4 2
1 1 1
3 4 2
3 1 0
1 5 3
2 1 0
5 4 1
3 0 2
4 1 0
2 5 0
0 1 0
5 1 5
0 1 0
1 0 0
4 1 2
5 3 3
0 1 4
1 2 0
6 0 1
0 0 2
5 2 4
6 6 2
3 0 2
2 3 3
1 1 3
2 1 1
4 2 1
1 1 2
0 1 1
0 3 1
3 0 3
1 1 1
1 0 1
1 0 1
0 3 4
2 1 0
3 1 2
3 2 4
5 0 4
0 6 3
2 5 2
1 2 1
0 5 2
0 1 1
4 0 3
1 3 2
1 1 2
2 0 2
4 2 1
2 5 0
0 4 2
1 1 1
4 0 2
2 3 1
1 0 1
2 2 4
1 4 2
6 0 0
2 1 2
0 1 1
2 1 4
3 0 0
2 4 1
1 2 2
0 3 2
1 2 0
2 2 1
2 0 0
2 0 1
2 1 0
1 1 3
0 2 2
4 2 3
5 3 2
1 2 3
0 2 2
2 3 1
0 0 2
0 5 1
2 3 2
2 5 1
1 1 0
2 4 3
5 1 2
3 0 2
0 3 1
2 3 0
0 4 2
1 2 2
3 1 3
4 1 0
1 3 1
2 2 1
0 4 0
1 1 1
2 0 0
1 0 0
2 4 2
3 1 4
1 0 1
2 2 0
2 0 1
1 2 3
1 1 1
0 1 2
0 1 2
2 4 3
2 1 0
2 4 3
0 1 3
2 3 1
1 1 2
1 5 3
2 1 2
3 0 3
0 3 1
2 2 2
2 1 3
1 1 5
0 0 0
0 2 0
0 1 2
4 2 3
1 1 6
0 5 1
0 3 0
4 0 0
6 1 3
1 2 0
1 0 0
1 1 3
1 1 1
0 1 2
1 2 2
4 0 1
0 2 3
3 2 4
0 1 2
1 1 1
3 1 2
0 3 0
1 2 1
3 3 0
3 0 0
3 1 4
2 4 2
1 1 0
0 2 0
0 0 0
2 3 1
3 1 0
2 2 2
2 0 1
1 0 1
3 2 6
3 2 0
1 2 3
4 1 3
2 3 2
2 4 4
0 1 3
1 3 1
0 3 3
3 2 1
1 3 1
0 0 0
4 0 1
2 0 1
2 0 2
3 0 2
2 1 0
0 1 1
1 1 1
1 4 2
4 1 1
2 0 2
1 0 0
1 1 0
1 2 0
0 2 1
0 2 4
2 5 0
0 1 2
1 3 2
2 3 1
0 5 2
6 1 3
0 0 3
2 4 1
0 1 4
1 5 0
1 0 3
2 4 2
4 3 3
0 3 3
4 1 0
2 6 1
3 0 1
0 1 1
4 2 6
1 3 3
1 5 3
3 2 0
2 0 2
0 5 2
2 1 2
3 3 1
1 0 0
0 1 1
2 2 2
5 2 1
1 2 2
0 0 1
4 2 2
1 2 0
4 2 0
1 0 1
0 0 1
4 0 6
2 2 2
1 2 1
0 3 2
2 0 1
1 1 0
2 3 2
3 0 2
4 2 0
1 1 1
0 2 1
2 4 0
3 1 0
0 1 1
2 1 1
1 1 1
0 5 5
2 3 1
2 1 1
5 3 0
1 1 4
1 4 0
1 1 0
1 3 5
3 4 2
5 1 0
0 1 4
2 0 1
5 0 3
3 1 2
2 0 2
1 0 5
3 6 3
3 4 0
3 1 2
0 4 3
1 2 1
1 2 4
2 2 2
2 0 2
2 0 3
1 4 3
0 3 2
1 1 0
1 1 1
2 3 2
4 2 1
4 0 3
1 4 0
3 3 1
4 1 2
1 1 2
3 3 0
4 0 3
0 2 2
5 1 0
0 0 0
1 3 0
5 0 1
1 0 2
1 2 1
4 0 2
2 0 1
0 1 1
1 3 2
1 3 0
1 2 4
1 2 0
3 2 2
0 1 1
1 1 2
2 1 2
0 0 1
3 2 2
1 2 1
1 2 1
3 5 0
1 2 3
1 1 2
1 4 0
1 0 1
0 0 2
1 2 3
0 0 1
2 1 6
1 2 2
3 1 5
0 3 0
0 1 1
2 3 2
1 1 3
2 2 0
2 1 3
4 1 0
4 3 5
1 0 0
3 2 3
0 3 2
2 6 0
3 2 3
2 0 0
1 2 0
1 1 1
3 0 1
5 0 1
0 1 1
2 0 4
0 4 1
1 3 2
1 0 1
3 3 1
0 1 1
2 1 4
2 1 4
2 1 2
1 0 1
2 0 1
0 1 1
0 0 2
1 2 2
0 0 3
2 1 6
2 0 4
1 2 1
2 0 6
0 1 2
4 1 2
1 2 1
3 4 0
1 3 0
4 0 0
3 1 1
3 1 0
2 1 0
2 0 2
3 0 2
1 2 3
2 3 2
0 4 1
2 3 1
1 3 0
3 0 3
2 5 2
0 1 2
1 2 2
2 1 1
2 2 0
2 0 0
3 4 1
1 0 4
0 1 1
0 0 1
3 2 3
3 3 6
1 1 4
2 0 1
4 1 1
0 3 2
0 2 3
1 2 2
0 3 1
1 3 2
0 1 1
0 0 0
1 1 0
2 0 3
0 3 2
0 1 6
2 2 3
1 1 1
1 2 1
3 2 5
1 4 3
1 3 1
2 2 1
0 4 4
1 2 2
1 1 3
3 1 3
3 2 1
0 2 1
1 0 1
1 1 2
0 3 0
2 1 1
0 0 0
2 1 4
0 2 2
2 2 2
3 1 1
0 3 2
0 1 0
4 0 3
0 4 3
3 3 4
1 0 4
3 6 1
2 1 2
0 3 4
1 5 2
1 2 1
3 4 2
6 0 1
0 0 0
2 0 3
3 0 1
0 3 0
0 1 1
1 3 4
3 3 0
2 0 1
2 1 3
2 2 4
4 1 1
1 2 0
3 0 2
0 1 0
0 4 1
3 1 3
1 0 0
0 2 3
1 0 2
1 4 0
5 1 1
2 2 1
5 2 3
3 1 2
1 0 3
3 3 1
1 2 0
1 1 3
3 0 4
1 0 1
3 1 0
2 0 0
1 2 1
0 0 0
3 1 1
0 0 2
1 1 0
2 1 0
4 2 1
1 2 2
2 0 0
6 2 1
1 3 0
2 1 2
1 2 1
1 2 0
0 1 3
1 2 0
0 4 0
3 3 1
0 1 3
3 0 2
2 4 0
3 2 1
0 3 1
0 2 0
1 4 0
1 0 0
5 0 1
2 1 1
0 1 0
0 0 0
1 1 3
3 3 4
1 0 2
1 1 2
1 3 5
2 1 1
4 1 1
0 6 1
2 1 1
6 1 1
1 3 1
4 1 1
0 2 3
1 2 2
1 1 0
0 0 2
3 2 4
1 1 1
2 1 0
2 6 3
6 2 3
3 0 5
1 2 1
3 0 0
3 2 2
1 3 2
1 3 1
0 2 3
1 3 3
4 2 0
0 0 2
0 0 2
1 1 5
0 1 1
4 6 2
2 1 0
1 1 2
2 0 2
4 4 1
2 1 0
4 3 1
2 0 1
1 3 0
1 1 3
0 2 1
5 0 5
1 3 2
1 1 3
3 0 2
0 2 1
2 1 0
3 1 2
0 3 2
1 4 1
0 1 3
2 1 5
1 1 0
2 4 2
5 0 2
1 2 4
2 1 1
2 0 0
0 2 0
1 2 0
0 2 3
6 1 1
0 1 0
1 1 1
1 2 1
4 2 0
0 0 2
0 2 0
4 4 0
1 2 0
2 1 2
4 1 1
1 1 0
1 2 2
2 0 2
4 4 3
2 5 1
2 2 0
0 2 1
3 6 1
0 1 2
0 0 3
3 2 2
2 0 2
0 2 3
3 2 3
2 1 1
3 3 3
2 1 3
0 3 0
1 0 1
3 0 0
0 1 2
2 1 1
0 4 2
0 1 0
0 1 0
0 2 1
0 1 0
0 1 0
4 0 3
1 2 0
2 2 1
1 0 1
3 1 2
1 2 3
1 4 5
3 3 1
3 1 3
3 0 6
0 0 4
4 2 6
1 3 5
1 0 2
1 1 1
2 0 0
1 3 1
4 0 0
1 0 3
0 2 2
4 2 2
1 2 3
0 3 4
1 0 3
6 6 3
0 1 3
0 0 5
2 2 3
3 0 0
1 3 3
1 2 2
0 0 1
2 1 3
0 1 0
2 2 1
5 1 1
1 1 0
1 0 1
0 4 5
0 1 0
1 4 3
5 3 4
2 1 2
2 2 2
1 1 4
1 2 0
1 1 0
4 1 0
1 0 0
1 0 0
0 2 2
0 4 3
1 3 2
3 2 5
3 4 1
1 2 0
0 0 0
0 0 5
1 5 1
2 4 5
2 1 0
1 0 3
2 1 0
2 2 2
1 1 1
5 1 2
0 2 0
3 1 2
0 2 2
0 1 3
2 1 0
1 0 1
2 2 4
0 2 1
2 5 2
6 3 0
3 0 0
3 2 1
2 3 3
0 0 5
2 2 3
1 0 1
4 4 2
5 3 4
3 1 4
1 4 0
2 0 1
5 1 1
2 2 0
2 0 0
2 2 3
0 1 2
0 0 0
1 2 0
4 0 3
1 2 1
3 5 2
2 0 3
2 3 0
0 3 5
3 5 0
0 1 2
1 0 2
0 2 1
2 1 2
1 6 0
1 1 1
4 0 5
1 4 1
1 2 3
4 2 1
0 1 1
1 1 5
1 6 2
2 1 0
3 0 1
2 1 0
0 0 3
1 5 4
3 2 3
1 2 2
4 1 0
1 0 1
2 6 2
2 0 0
2 0 1
1 4 1
2 2 1
1 1 0
3 2 1
1 1 0
1 4 0
3 3 3
2 3 1
3 3 1
0 3 0
3 5 2
1 1 2
0 1 0
0 3 3
1 1 0
2 3 5
0 1 1
1 3 1
1 1 2
2 2 1
0 0 3
3 3 1
1 2 1
5 0 3
2 0 0
0 4 1
1 2 2
0 1 3
3 3 0
3 0 1
3 0 1
0 1 1
5 2 3
0 1 1
0 1 3
1 1 0
2 0 1
0 1 1
2 0 2
1 1 4
1 0 1
1 2 2
1 5 1
1 3 2
1 0 5
4 5 2
2 3 1
1 3 1
3 2 1
1 3 1
1 1 2
3 2 0
0 2 2
1 2 1
0 0 0
3 1 2
0 2 3
4 2 0
4 2 3
2 1 1
2 4 2
6 1 0
1 2 0
3 0 4
1 1 3
3 0 2
0 6 4
0 0 2
1 1 5
0 3 2
2 2 2
4 1 2
3 2 0
0 3 2
2 1 2
2 1 1
1 0 2
2 5 1
1 2 5
3 0 1
3 2 4
1 1 2
1 1 5
2 3 1
1 0 0
1 1 2
1 2 1
1 0 2
3 0 0
2 4 3
2 2 1
1 1 2
3 1 0
0 3 2
1 1 3
3 0 4
5 1 1
0 2 2
1 1 3
2 2 4
3 0 0
1 0 2
1 4 0
2 2 0
1 3 0
1 3 4
2 2 0
1 2 0
3 1 4
2 2 0
2 2 0
0 3 3
1 2 1
1 2 1
3 0 2
2 1 1
0 1 2
1 0 1
4 3 1
2 2 0
1 2 1
0 3 2
0 2 1
1 2 3
6 1 0
1 3 3
0 1 4
1 1 0
3 1 3
1 1 2
0 1 5
1 1 0
3 3 1
2 1 0
3 1 4
4 1 2
0 0 3
1 0 0
2 0 0
1 1 1
0 1 2
3 2 2
4 3 0
1 1 0
1 1 2
5 4 0
2 2 4
2 0 0
1 0 2
1 0 2
4 1 4
2 1 0
4 1 0
1 2 3
3 5 1
2 6 2
2 3 0
2 4 2
0 4 3
2 2 1
1 2 3
1 1 0
2 0 5
0 1 3
1 1 0
0 0 0
0 0 1
2 4 2
3 2 0
1 1 0
0 4 3
2 2 0
1 2 3
1 4 2
0 3 0
2 3 2
5 0 1
4 2 5
3 1 2
2 1 3
1 5 3
0 2 0
3 2 0
2 2 4
1 1 0
2 0 1
1 1 2
1 2 2
6 1 1
3 2 1
5 0 3
2 2 0
1 1 4
4 2 0
0 0 0
1 4 3
2 0 2
1 2 2
1 2 3
1 0 2
3 2 1
1 1 1
2 1 1
3 2 2
1 2 2
3 2 4
3 3 1
5 1 2
4 2 1
4 1 0
3 2 0
4 1 2
0 0 0
0 0 1
0 4 1
2 1 1
1 3 1
2 2 3
2 1 2
1 3 1
4 0 1
0 0 2
0 4 1
2 1 5
0 1 1
1 0 1
1 3 0
3 0 3
3 1 3
0 4 0
2 0 4
4 2 1
2 0 1
1 4 1
0 1 1
3 2 3
2 1 0
1 1 0
1 5 0
1 2 1
0 0 0
1 2 0
5 0 2
4 0 1
2 2 3
2 2 3
1 4 5
1 1 2
2 0 1
2 0 1
1 5 2
1 3 2
1 1 1
0 1 1
4 4 1
4 2 5
3 0 0
1 2 1
1 1 5
0 1 3
3 3 3
0 2 5
1 2 1
0 1 2
1 2 1
4 1 1
0 3 0
1 2 2
4 2 0
0 1 2
4 5 2
0 0 3
0 1 3
2 1 0
6 0 0
1 1 1
4 2 1
1 1 2
1 1 1
1 1 1
1 2 2
2 1 2
1 5 1
1 0 0
0 0 1
2 2 0
3 0 4
0 2 1
1 3 3
1 1 1
4 3 0
2 0 1
2 2 3
3 2 2
0 1 5
1 0 4
0 5 4
1 0 1
1 1 1
1 1 2
3 1 1
1 1 2
0 5 1
1 3 4
1 4 0
2 1 0
0 0 0
1 4 0
1 1 1
2 1 3
4 2 2
5 1 3
1 5 1
0 5 3
0 3 3
0 5 0
1 2 5
2 2 2
0 1 2
3 2 2
3 3 1
3 3 1
0 2 2
0 5 0
1 1 1
2 1 0
1 0 3
1 1 2
3 1 3
2 1 1
0 2 2
1 1 1
1 0 0
0 1 1
1 3 2
0 2 0
1 0 1
0 2 2
2 5 2
3 4 5
1 4 0
0 4 0
2 1 4
2 4 3
3 3 1
0 2 1
0 5 1
1 0 1
2 2 0
0 2 0
0 0 2
3 1 1
0 1 2
2 2 0
0 1 0
1 3 2
3 3 0
1 4 2
2 0 1
1 6 2
5 4 1
1 1 0
2 2 0
2 0 3
0 4 1
1 3 1
2 3 1
0 1 0
3 0 1
3 2 1
2 3 3
5 1 3
0 3 1
1 3 2
1 3 1
3 2 2
3 2 1
0 4 0
1 2 4
1 0 0
2 0 0
1 0 1
3 2 2
1 4 2
2 1 1
4 1 2
6 5 2
3 2 0
1 0 1
1 1 1
1 2 0
3 0 3
4 3 2
2 0 0
0 1 1
0 0 0
1 2 3
0 1 3
2 0 3
3 5 1
1 2 2
0 1 1
3 2 1
1 0 0
2 1 3
0 4 2
1 1 1
1 0 2
2 1 1
0 2 4
2 3 2
2 1 1
0 1 2
0 2 3
5 1 2
3 1 2
2 1 1
1 5 1
1 4 1
2 0 2
0 2 1
3 3 3
1 3 2
3 2 2
2 1 3
1 3 1
1 3 1
4 2 3
1 2 3
0 2 1
0 0 2
0 2 2
1 3 0
2 0 2
5 0 3
2 1 0
5 2 0
1 0 3
0 1 5
4 2 0
1 1 0
1 5 6
4 3 0
1 1 2
1 1 0
1 1 4
0 3 1
2 1 1
1 0 4
4 3 1
1 2 3
2 3 2
5 4 3
1 4 0
1 3 0
0 1 0
2 2 2
1 2 3
1 1 1
2 1 2
2 1 4
3 2 0
1 3 3
5 0 4
1 0 3
0 2 5
1 3 2
2 1 2
3 3 1
2 1 0
1 0 3
2 4 3
1 2 5
2 3 1
3 1 1
0 0 2
3 1 4
0 2 1
1 2 1
1 2 2
3 0 1
2 1 3
0 1 4
1 3 2
2 3 1
2 1 0
2 3 2
2 0 1
4 4 3
2 0 2
2 2 3
1 1 1
1 1 5
0 0 0
2 3 2
2 5 1
2 1 3
2 0 1
0 1 1
1 1 0
1 0 1
2 4 4
2 6 5
2 2 2
0 3 0
0 1 2
2 2 1
2 1 1
0 0 2
1 2 3
0 3 1
4 2 2
1 1 5
1 3 0
0 1 1
5 2 6
1 3 4
1 0 6
3 2 6
0 0 6
0 1 4
4 3 0
2 0 1
3 2 3
1 2 1
3 0 1
0 0 0
2 2 2
0 0 2
3 3 1
0 1 1
1 2 2
1 1 2
1 2 4
1 0 0
0 1 1
3 0 1
2 1 0
0 0 2
0 0 3
3 0 1
2 3 2
2 3 1
2 0 0
3 3 1
3 0 2
0 1 0
0 5 5
6 5 0
3 6 1
0 6 1
2 2 1
3 2 3
1 5 1
2 2 0
0 2 4
1 1 0
2 2 5
1 0 0
0 0 1
2 3 1
2 3 3
5 4 2
2 1 3
0 1 0
4 2 2
0 3 2
1 1 2
5 1 3
2 0 2
3 1 4
3 1 2
3 1 2
3 1 1
1 1 5
1 2 2
0 1 1
2 0 1
0 0 4
2 0 0
3 2 1
1 1 3
3 2 3
1 2 0
1 1 2
3 0 0
1 0 3
3 4 1
0 0 2
1 3 3
3 2 0
1 1 1
5 0 3
2 1 0
2 0 3
0 1 3
4 1 1
1 2 1
0 4 3
2 2 1
3 0 3
1 0 0
5 0 1
3 5 0
5 2 0
3 1 2
1 0 3
1 0 4
1 3 0
0 2 1
0 1 2
1 0 3
0 1 0
1 0 2
2 1 1
1 2 0
2 2 1
2 0 2
3 6 0
1 0 0
1 0 2
2 0 2
1 5 1
4 2 1
2 2 1
1 2 5
1 0 2
0 3 2
2 1 0
1 1 1
0 2 1
1 2 1
1 0 2
3 2 3
1 2 1
1 2 4
0 0 2
2 1 1
3 1 2
1 1 2
3 2 0
3 2 2
0 2 1
0 1 3
1 0 1
3 5 1
3 3 0
1 0 2
3 3 0
0 0 1
1 2 0
4 1 2
1 0 3
0 3 1
2 1 1
0 1 4
5 0 1
0 3 0
1 1 0
1 0 2
4 1 4
0 1 2
0 1 1
4 0 2
2 4 1
1 2 0
3 5 6
3 1 2
1 1 3
2 1 3
5 0 3
1 1 2
3 1 2
2 2 1
1 2 2
2 1 1
3 1 2
0 1 0
1 0 3
0 2 5
2 4 1
0 1 1
3 0 1
1 2 3
0 0 0
0 0 1
0 0 1
2 1 1
4 0 2
0 0 1
1 1 3
2 3 0
1 0 5
2 1 2
0 0 5
0 0 1
2 1 0
2 2 2
0 2 2
0 2 1
1 1 0
1 2 3
3 2 2
0 1 0
1 1 2
2 1 1
2 2 1
0 1 2
0 2 1
2 4 4
2 2 4
2 6 1
0 2 2
1 4 1
1 0 2
4 0 1
1 3 1
4 4 1
0 4 3
2 0 3
0 3 2
0 5 0
2 0 0
1 0 2
0 1 2
4 0 1
1 0 1
1 4 0
2 0 0
4 2 2
1 2 2
1 1 3
3 1 3
4 1 2
5 1 0
5 1 2
4 1 2
0 0 0
2 2 3
1 2 1
6 1 2
1 0 1
1 3 0
2 2 1
0 0 2
0 3 3
3 3 2
0 0 0
1 1 0
1 1 2
3 1 1
1 1 0
2 0 3
3 2 0
4 0 2
3 2 0
4 1 1
3 1 2
5 0 1
3 2 3
0 0 1
0 2 2
2 1 1
2 2 1
4 1 2
3 4 6
1 2 3
4 3 2
1 3 4
2 1 1
5 5 4
2 0 1
0 2 1
1 2 3
0 1 2
0 4 1
4 0 2
0 0 2
1 2 3
2 1 1
0 2 3
2 4 4
0 2 1
1 1 1
1 2 3
1 3 1
0 1 1
5 1 1
3 3 0
2 0 0
2 3 1
2 2 1
3 5 1
0 1 1
3 2 5
3 0 2
1 1 1
3 2 1
2 2 3
1 1 0
0 0 2
2 0 0
1 0 3
0 4 1
2 1 0
1 1 2
1 1 0
3 1 2
0 0 1
4 1 0
1 2 1
3 1 2
1 3 0
0 2 0
3 0 2
2 0 2
1 0 1
0 3 1
0 2 0
1 0 2
1 2 0
1 1 0
0 1 1
0 0 3
2 0 4
3 3 5
0 1 1
1 4 2
2 3 4
1 0 0
1 6 2
1 0 2
6 1 3
1 0 1
2 1 3
1 3 1
0 1 4
1 1 2
2 1 2
2 0 1
0 2 1
0 2 0
1 2 0
1 2 1
3 2 2
2 3 1
2 0 2
1 0 2
1 6 1
0 1 1
2 1 3
3 0 2
1 0 2
0 1 0
0 2 4
4 0 1
0 1 0
1 3 0
1 0 2
2 3 3
2 2 5
0 0 0
1 0 0
2 2 0
2 2 6
1 1 0
0 2 3
0 2 1
1 0 0
2 2 0
3 3 4
3 3 1
0 1 1
1 2 3
1 5 3
1 0 2
0 1 1
1 1 2
2 1 0
0 5 0
1 5 0
2 1 2
4 3 3
1 2 5
2 0 3
2 2 2
1 0 3
6 1 1
1 1 2
2 2 1
0 0 1
0 0 0
1 2 3
2 0 5
1 2 2
0 0 0
2 0 0
3 2 3
1 2 1
0 0 2
0 0 1
1 0 2
5 2 2
1 2 0
2 0 1
1 3 2
2 1 2
1 0 4
1 0 1
2 3 2
3 2 0
2 0 2
4 0 4
2 2 3
1 2 0
4 0 0
0 1 2
0 1 3
0 2 0
0 3 1
1 0 1
1 4 4
3 2 0
0 1 2
1 2 0
3 5 1
1 1 2
2 1 1
2 1 1
1 1 0
2 2 3
0 1 1
3 0 1
2 0 1
1 0 1
1 1 3
5 1 0
2 0 2
0 2 2
3 0 0
3 2 4
1 1 3
2 3 0
0 0 3
2 2 3
0 6 3
0 0 2
1 0 3
1 2 3
0 1 0
1 3 1
0 3 1
0 0 2
1 2 2
0 1 1
1 1 1
3 3 0
0 2 4
2 1 2
0 0 2
0 3 1
0 4 1
3 1 2
4 3 2
2 3 0
4 0 2
0 1 1
1 3 0
1 1 0
1 3 1
4 1 2
2 2 2
3 0 1
2 1 0
2 1 1
1 0 1
1 3 1
0 0 0
3 3 3
2 4 0
1 1 2
0 1 3
0 1 0
4 0 4
4 2 2
1 0 0
3 0 1
2 1 3
1 0 5
5 0 0
1 4 1
1 1 2
3 2 1
0 1 0
1 2 2
2 0 6
2 1 2
1 3 1
2 1 1
1 3 1
1 1 1
1 3 2
1 5 3
3 0 0
0 2 1
4 1 1
3 0 0
2 1 0
0 1 3
0 0 0
1 1 3
0 2 0
2 1 0
3 1 2
2 2 1
2 2 2
0 1 1
4 2 1
1 4 2
1 2 0
0 1 4
1 2 0
1 0 4
0 2 0
2 2 3
0 1 1
0 2 0
6 4 1
0 0 1
3 2 1
0 0 2
2 1 2
2 2 1
2 3 1
0 0 3
1 1 1
0 1 0
1 1 2
1 1 0
3 0 4
2 0 1
2 1 3
2 0 2
1 1 0
2 1 4
0 1 1
4 0 0
0 4 2
1 1 2
2 0 0
0 1 4
2 4 3
1 2 5
2 2 6
2 0 4
1 0 0
0 0 1
1 2 4
0 1 4
1 0 2
2 3 1
1 0 0
1 2 0
1 3 4
3 3 1
5 0 2
2 1 2
4 1 2
4 1 1
2 3 2
4 2 2
1 1 2
2 0 3
2 3 1
2 0 0
2 1 0
2 0 2
1 3 0
2 1 4
3 2 0
3 4 4
0 0 0
0 3 3
1 1 0
2 0 1
1 1 1
1 1 2
3 0 1
3 1 0
0 5 2
5 1 2
3 0 1
1 1 1
0 4 3
1 1 1
3 1 1
5 2 3
4 0 2
0 1 0
2 0 1
0 2 1
0 0 4
2 1 0
1 0 3
0 2 6
2 2 5
1 2 0
1 1 0
1 1 3
1 2 0
3 0 1
1 2 0
1 0 1
3 3 5
4 0 1
3 0 1
3 1 3
1 0 2
1 3 0
3 3 0
2 4 2
1 2 1
3 3 2
0 2 0
1 1 2
0 3 3
1 1 0
2 0 0
1 2 1
0 0 1
2 2 4
4 1 2
3 1 0
3 1 4
1 3 3
1 3 4
3 1 3
0 0 1
0 0 3
3 5 1
4 6 0
2 1 1
1 2 1
1 0 3
3 1 1
0 0 1
1 0 2
3 4 0
0 0 2
1 2 1
1 5 5
5 0 1
0 3 1
3 1 1
1 1 1
4 3 0
0 2 2
1 1 1
6 4 1
1 2 0
3 1 0
5 0 0
2 1 1
4 1 2
1 2 2
2 0 2
4 1 4
1 2 3
2 3 0
4 1 2
1 3 2
1 1 0
2 3 5
1 2 3
1 2 0
2 2 2
1 1 1
0 2 2
2 2 1
0 4 1
2 1 1
1 4 2
2 2 1
0 2 2
0 0 0
1 1 4
2 3 0
0 1 1
1 3 1
2 3 0
1 1 0
1 0 0
1 2 2
0 0 0
3 3 3
3 0 3
3 1 1
1 0 4
6 4 3
1 1 0
1 2 0
2 6 1
3 1 0
1 2 0
0 3 1
5 1 3
0 4 2
1 0 0
2 0 4
3 1 5
2 1 0
3 0 1
1 1 1
3 0 1
1 3 0
3 0 0
2 0 0
4 4 0
5 0 4
2 3 2
2 2 2
3 3 3
2 0 2
0 4 2
2 0 2
0 1 3
0 1 3
2 2 0
3 3 0
2 0 1
4 0 1
2 1 1
1 2 2
4 4 0
4 4 2
1 1 0
2 0 2
2 3 2
1 1 2
0 0 0
0 2 2
0 1 5
3 2 1
3 2 2
1 0 1
1 6 0
1 1 0
1 2 0
1 0 0
2 2 1
1 0 1
1 1 0
2 3 0
2 1 2
1 3 2
5 3 1
4 5 3
1 0 2
1 1 2
1 0 1
1 3 1
2 2 0
1 0 3
1 1 0
2 1 1
4 0 1
1 1 2
1 2 0
3 5 0
0 2 3
3 2 5
0 2 3
2 0 0
0 0 2
1 4 3
2 1 0
1 1 0
2 2 1
3 3 1
0 1 0
1 0 0
2 2 2
4 2 1
0 0 1
1 2 1
3 0 2
1 2 0
0 2 1
3 3 2
0 2 3
0 0 3
2 3 3
1 4 4
2 1 3
2 3 0
0 2 5
2 4 1
2 2 1
4 0 1
3 3 1
0 1 1
3 1 2
3 0 0
3 3 1
2 2 2
2 1 2
2 2 3
1 0 1
3 2 4
0 0 2
0 0 3
2 1 1
2 6 1
1 0 1
1 1 2
4 2 2
1 1 1
1 1 1
4 1 3
0 2 0
0 3 1
0 0 4
2 2 3
3 0 0
1 0 0
2 2 3
3 2 3
5 4 1
3 1 4
1 1 1
2 1 2
2 3 0
1 4 3
2 1 2
1 2 2
1 4 3
0 0 5
2 1 3
1 3 3
2 0 2
2 2 2
2 1 3
4 0 1
5 2 1
1 1 0
2 6 2
4 4 2
2 2 1
2 0 6
0 1 3
3 1 2
2 5 3
2 4 0
5 1 0
2 2 0
2 0 0
1 0 2
0 0 1
1 0 1
2 3 4
5 1 3
5 3 0
5 1 0
1 3 3
2 1 5
0 2 0
3 1 0
4 0 1
1 1 1
4 3 1
1 3 3
0 1 6
0 2 5
5 1 0
1 3 0
3 1 3
0 2 2
2 1 3
2 5 0
2 1 0
3 0 3
6 1 1
1 0 4
0 1 0
1 3 5
0 2 1
3 2 0
3 5 3
3 1 1
2 1 6
0 0 0
2 2 0
1 2 1
3 0 1
4 2 0
2 2 2
1 2 0
1 1 1
0 5 3
1 0 3
2 5 2
4 0 2
1 2 1
0 3 3
4 1 4
3 3 2
2 2 0
0 0 0
2 4 1
0 4 4
3 1 2
3 2 1
3 3 0
0 5 1
0 2 3
1 3 1
0 2 2
1 1 1
1 1 0
0 1 2
3 4 1
2 1 1
1 4 3
2 4 2
4 1 2
3 0 2
3 0 2
1 2 1
2 1 3
3 0 4
2 2 3
1 1 0
1 1 3
0 1 2
0 2 0
2 2 3
0 2 2
0 1 1
1 2 3
0 2 0
1 2 1
2 0 0
0 2 4
1 4 1
3 0 2
1 4 2
4 1 3
4 1 1
0 0 2
0 1 2
0 1 3
2 4 2
0 1 2
1 2 2
0 1 2
0 0 0
3 0 0
4 0 2
2 2 2
1 1 0
1 1 2
4 1 1
1 3 1
1 2 1
2 1 0
0 2 2
1 0 6
1 3 3
2 2 1
2 1 1
1 1 0
2 1 2
1 2 0
1 4 0
1 2 1
2 3 0
1 1 1
0 1 4
2 1 2
3 1 0
0 1 0
0 1 3
3 1 1
2 2 0
1 0 1
1 2 4
2 2 0
0 0 1
0 1 3
5 2 1
1 1 0
0 2 1
1 3 0
6 0 0
1 1 2
3 0 0
2 2 0
1 2 0
4 0 2
2 1 1
1 2 0
1 2 2
2 3 3
3 1 1
0 4 2
2 4 0
2 4 1
3 4 2
2 1 2
1 1 1
3 1 2
0 1 2
0 2 1
0 3 4
1 1 2
4 0 1
1 3 0
5 2 1
0 1 1
0 1 0
2 3 3
4 1 0
1 0 1
4 0 0
4 0 4
2 2 2
2 4 1
2 2 1
3 1 1
1 1 6
3 2 6
3 3 1
2 0 2
2 1 1
3 3 1
1 0 1
0 0 3
1 0 5
1 4 2
3 4 2
2 2 2
1 1 3
1 0 1
0 0 2
1 0 0
2 2 1
2 1 1
2 1 3
3 1 1
1 2 4
0 0 1
1 1 1
3 0 2
3 2 3
4 1 1
4 0 0
1 1 4
4 3 2
1 1 3
0 0 2
2 4 1
2 0 2
3 1 0
3 0 4
0 0 5
5 1 1
1 2 0
1 1 0
0 3 1
3 0 2
2 1 1
1 2 0
2 5 2
1 1 2
2 1 0
1 3 1
2 0 2
1 3 3
0 0 2
2 2 3
3 1 2
0 2 1
0 1 1
0 1 0
0 1 3
0 0 1
3 2 0
2 3 1
5 0 2
2 1 2
4 4 2
4 2 3
0 0 3
0 0 1
1 4 1
2 2 1
2 0 0
2 0 0
1 4 2
2 0 0
2 1 2
2 1 3
0 0 3
6 4 3
2 1 3
1 5 2
2 2 1
2 1 3
5 1 0
2 0 3
0 0 0
2 4 4
3 0 4
1 3 3
5 2 2
2 0 0
4 1 3
0 1 1
3 3 4
0 3 2
2 1 2
3 0 4
0 1 3
1 0 2
1 0 0
0 1 3
2 4 2
0 4 2
1 4 1
1 1 2
0 0 2
1 0 0
1 1 0
0 3 1
2 0 1
1 0 2
0 0 2
2 2 2
1 1 0
3 1 3
2 1 0
3 3 1
2 0 1
0 2 1
0 2 4
1 0 1
0 4 4
3 2 4
0 2 6
1 5 1
3 6 0
1 3 2
3 0 0
1 0 2
2 2 0
0 5 1
1 1 0
3 0 1
1 1 4
4 2 3
2 2 5
1 2 2
2 4 4
4 1 4
1 2 1
3 3 1
1 1 0
0 4 2
1 1 0
2 2 0
2 3 3
1 3 0
2 0 3
0 1 6
1 3 4
0 0 0
2 3 2
2 3 1
3 1 2
1 1 1
1 3 4
1 2 5
2 0 2
1 3 0
1 0 0
1 4 0
0 4 3
0 5 1
0 2 1
4 3 5
3 2 2
0 3 0
4 1 1
3 0 1
2 1 3
2 1 2
3 1 0
2 0 2
2 2 0
1 1 1
2 3 0
3 1 3
2 1 1
4 0 0
1 0 1
1 0 4
2 2 0
1 0 2
0 2 2
1 4 2
1 0 2
1 2 1
3 3 0
0 2 3
1 1 2
0 2 4
3 1 1
1 1 1
2 2 1
1 1 1
1 1 2
5 3 0
1 2 1
1 4 1
2 1 4
1 0 1
3 2 2
2 1 0
0 1 1
5 2 5
2 4 1
0 1 1
0 3 1
0 0 1
0 3 1
1 1 1
2 1 0
2 2 1
0 3 0
1 3 4
0 1 0
2 0 5
0 1 1
1 1 1
1 1 4
1 0 4
2 1 0
4 3 4
3 5 4
2 0 2
1 2 4
5 4 0
1 0 1
2 1 0
1 1 0
2 0 0
5 2 1
0 1 3
0 1 2
1 3 3
1 0 1
2 1 5
2 0 3
2 0 1
0 4 1
2 1 1
3 3 0
6 4 1
1 0 1
2 3 0
1 1 1
3 4 0
1 4 0
2 1 0
1 1 2
0 0 3
2 0 1
1 0 1
1 5 1
0 0 3
4 0 4
2 1 1
0 0 1
3 0 1
2 2 0
1 0 1
0 1 3
4 3 1
1 1 2
1 3 1
2 1 1
1 5 0
1 2 1
0 0 0
6 0 1
3 0 2
2 5 0
0 0 1
0 0 0
3 2 3
1 0 1
2 0 3
1 3 1
5 2 4
2 0 4
1 0 1
1 2 3
3 1 3
2 3 1
0 2 2
1 0 1
3 1 4
0 6 3
4 2 2
2 1 1
4 1 0
3 4 0
1 1 2
1 3 3
0 5 0
0 1 2
2 0 2
5 0 2
2 2 3
3 0 1
2 0 2
2 3 3
1 1 2
4 1 4
2 4 1
2 1 2
2 3 2
1 0 1
1 2 0
2 0 1
2 1 5
2 2 1
4 2 6
3 4 0
3 1 1
0 3 2
1 1 0
1 5 1
0 0 2
2 4 2
0 1 0
0 0 0
3 1 1
1 1 3
1 3 0
0 0 4
1 0 1
3 3 1
1 1 1
0 1 4
0 0 2
1 2 1
0 0 0
0 1 6
3 3 2
3 2 2
2 1 4
1 2 0
2 3 3
3 0 1
1 0 0
4 1 0
3 0 1
0 1 3
4 0 1
0 2 3
0 1 1
0 0 3
1 1 3
4 2 3
1 3 1
2 3 1
1 1 3
0 2 0
5 0 1
5 1 0
2 0 2
1 1 1
3 4 1
3 1 3
1 2 2
2 3 0
1 0 3
0 3 1
0 3 3
0 2 4
0 1 1
1 1 5
2 0 1
1 1 0
0 0 3
2 4 3
0 1 0
1 2 1
1 1 0
0 3 1
1 4 2
0 3 3
0 2 0
1 0 1
1 1 2
0 1 2
3 0 0
0 0 1
0 1 3
3 2 2
0 1 2
2 0 0
2 0 3
2 3 1
1 2 0
0 1 0
0 3 0
2 2 2
2 1 0
3 3 1
3 1 1
0 1 1
1 1 0
0 0 2
1 1 5
0 0 1
0 2 1
0 0 3
2 2 0
1 0 0
1 1 3
5 1 2
2 2 2
4 0 4
5 1 0
2 3 3
4 3 1
4 2 2
1 0 1
1 2 0
0 1 2
2 3 1
3 5 4
1 0 3
0 0 1
5 1 4
0 2 2
0 0 3
2 0 0
3 2 0
4 1 3
1 0 0
0 0 0
2 0 3
0 0 3
2 1 2
1 0 1
0 2 2
2 1 1
0 0 1
3 2 1
2 1 0
1 2 0
3 1 2
1 0 2
1 2 4
2 4 1
3 0 0
2 1 1
3 1 1
4 3 2
5 1 2
2 1 1
1 1 3
0 1 2
3 2 4
0 3 1
1 3 0
2 2 0
1 2 2
0 3 1
2 0 1
2 2 1
3 0 0
2 2 3
1 0 1
2 0 3
1 1 1
4 0 1
0 2 0
1 0 0
0 2 1
2 0 1
4 0 3
5 2 0
0 0 0
2 0 1
1 0 3
1 6 1
1 5 1
1 1 3
0 0 1
4 2 0
3 2 2
1 0 2
1 0 0
1 0 2
1 2 3
3 0 1
0 2 1
2 1 3
2 3 3
1 3 2
2 2 0
0 2 5
1 0 0
2 2 3
1 1 2
1 2 3
1 1 1
1 1 6
0 0 1
0 3 1
0 3 1
3 1 3
5 2 1
0 2 2
2 2 1
1 2 0
2 0 0
1 1 0
2 1 3
1 0 2
3 2 0
2 1 0
1 3 0
4 1 1
1 4 6
3 0 4
2 2 2
4 3 1
0 3 4
1 1 3
1 0 2
0 3 2
1 2 0
2 3 0
1 3 0
0 0 2
0 0 6
0 0 1
0 0 1
2 0 1
0 3 2
3 2 1
3 1 3
6 1 3
1 0 1
2 1 1
4 1 1
2 1 0
0 1 1
0 1 1
2 1 2
0 1 1
1 2 3
2 1 1
0 0 3
1 1 1
1 5 3
0 3 4
1 0 0
2 3 2
2 2 1
3 0 1
4 1 2
5 1 0
2 2 1
2 0 3
1 0 1
2 1 0
1 1 0
2 2 1
2 1 0
1 2 2
1 0 3
2 0 0
2 2 4
1 0 0
0 1 0
0 0 2
1 4 3
4 0 1
1 1 1
2 1 3
1 0 2
1 1 1
1 4 3
2 2 0
2 1 1
0 3 1
0 1 3
0 1 2
1 2 2
4 3 2
4 1 0
1 2 3
1 0 2
1 1 1
2 0 1
0 2 1
3 4 1
3 0 4
0 0 4
3 1 0
2 0 2
0 2 0
2 2 2
1 2 1
0 1 1
4 3 4
0 2 1
1 4 1
3 4 3
4 3 1
1 1 3
0 0 2
1 1 2
0 2 2
2 3 4
0 0 1
0 2 0
3 2 2
3 3 0
1 2 3
1 1 1
2 1 3
1 0 0
1 2 2
2 1 1
1 1 2
1 1 5
2 1 0
1 1 4
0 0 2
0 2 1
2 3 2
1 1 0
6 3 2
3 0 0
3 2 6
4 1 3
0 2 4
0 0 1
0 3 1
2 3 1
0 0 1
3 3 2
0 3 2
2 0 2
2 0 1
0 0 3
1 1 1
1 1 4
2 0 1
6 2 1
2 5 1
3 3 0
1 1 0
0 1 0
0 0 1
0 2 3
3 2 3
1 0 3
1 1 0
0 1 1
0 3 2
4 1 2
0 0 1
3 2 2
0 1 1
0 0 1
1 3 0
0 1 2
1 0 3
0 4 2
4 2 1
2 1 3
3 1 1
2 1 1
2 0 0
0 1 3
0 3 3
0 3 0
3 1 3
3 4 2
4 0 0
2 2 3
2 0 2
1 2 3
1 4 0
1 0 2
2 1 2
1 3 3
4 2 4
0 1 5
3 0 3
0 2 4
3 0 0
2 3 4
1 3 0
1 2 1
1 3 4
1 1 2
4 4 5
1 0 3
1 1 1
4 6 1
2 3 5
3 1 3
3 3 0
0 1 0
1 4 2
1 0 3
0 1 1
0 2 3
2 0 1
3 1 0
0 1 1
0 1 0
0 1 2
2 1 3
3 0 1
1 2 3
2 2 1
3 0 1
2 0 2
2 0 0
1 1 1
3 1 1
1 2 4
0 3 0
0 2 4
4 2 0
1 0 1
1 1 1
3 2 0
0 5 1
0 1 1
3 1 3
2 0 1
3 2 1
0 0 1
1 1 0
0 1 0
1 3 2
3 1 1
0 2 2
1 1 2
2 5 2
0 1 2
4 1 4
2 2 1
4 1 1
2 1 3
0 3 0
3 1 0
3 1 3
1 1 2
0 6 1
2 1 0
0 2 2
2 0 0
2 0 4
1 3 2
1 2 2
1 0 3
1 3 0
0 2 2
3 1 4
1 1 2
3 1 4
3 0 0
4 0 1
2 1 3
1 3 3
2 0 1
2 4 2
1 1 0
1 0 2
1 2 0
0 2 0
3 0 0
3 1 2
3 0 0
2 1 1
2 2 0
1 1 3
0 3 1
2 0 0
1 6 1
2 1 1
5 3 2
2 0 3
1 4 1
5 1 1
0 1 2
3 1 0
2 1 4
0 2 4
6 0 1
1 0 5
1 0 0
0 1 3
2 3 0
1 0 1
2 0 3
0 1 2
4 1 0
1 0 1
2 0 5
3 2 1
1 1 2
0 1 4
0 2 0
0 1 1
1 2 0
1 0 3
0 0 1
1 1 2
0 3 4
1 3 1
1 3 2
0 5 3
4 2 2
3 2 1
1 1 0
0 2 3
2 2 1
2 1 1
3 0 1
2 1 1
2 0 5
1 3 1
1 1 0
1 1 1
2 1 2
1 3 0
1 2 1
3 1 0
2 3 2
3 0 2
2 1 2
2 0 1
3 1 4
1 1 2
4 1 2
4 2 0
3 2 4
0 2 2
1 3 2
3 0 1
3 3 1
1 0 2
1 0 0
4 2 2
3 0 0
0 1 3
0 3 0
1 0 1
1 1 1
0 1 0
5 3 1
2 2 2
1 0 2
2 3 0
3 1 2
2 0 0
2 2 1
5 2 4
2 1 0
0 5 3
0 1 1
0 1 3
3 1 1
1 0 6
2 3 1
0 2 1
4 4 3
5 1 6
3 2 5
5 2 3
0 5 1
1 2 0
1 1 0
3 1 3
0 3 2
1 3 0
3 0 1
0 0 2
3 0 2
1 0 1
3 1 1
0 0 0
2 0 4
1 0 0
3 1 0
3 2 3
0 1 1
0 1 3
0 4 3
0 5 1
1 0 2
2 1 0
0 2 1
2 6 1
4 3 3
0 0 0
1 1 1
1 2 1
1 2 5
3 1 1
1 0 0
0 4 0
2 0 1
1 1 1
0 3 0
0 0 0
1 1 4
1 1 0
2 3 1
3 0 0
0 0 2
3 4 0
5 2 1
1 1 2
0 1 1
2 0 1
1 1 2
3 1 3
0 0 3
2 3 1
1 3 1
2 1 3
0 1 2
4 2 1
0 1 0
0 2 4
2 1 1
0 5 0
0 0 2
3 2 2
2 0 5
2 0 4
0 5 3
0 1 5
3 0 5
3 0 2
1 0 3
3 1 2
0 0 0
3 4 1
3 1 2
4 0 4
3 3 4
1 5 1
2 3 0
0 0 0
0 2 2
0 2 2
0 2 0
1 0 2
1 1 1
1 5 2
0 1 2
1 2 3
3 3 1
4 1 4
1 1 0
3 1 2
2 1 3
1 0 0
0 1 2
1 1 2
5 2 0
1 3 5
2 2 0
2 1 0
1 1 3
5 0 1
0 3 4
2 2 1
4 3 1
0 3 0
0 3 0
1 4 3
0 1 1
2 0 3
3 2 1
1 1 1
2 1 1
1 5 0
1 0 6
2 1 1
3 1 1
2 0 2
3 1 1
0 2 1
0 0 0
2 3 3
0 5 2
1 1 2
3 2 2
0 1 2
2 1 1
2 2 2
2 5 1
4 0 1
0 2 5
1 0 0
0 0 3
2 4 1
1 1 2
1 2 1
0 0 1
1 1 0
3 3 1
1 1 1
0 1 0
3 2 1
1 2 0
2 2 2
0 3 1
2 0 2
2 2 6
3 3 2
1 2 2
1 0 0
1 4 0
0 3 3
4 1 0
3 2 1
1 4 6
1 4 1
1 1 4
2 1 1
2 1 1
0 0 0
0 2 3
2 3 0
0 3 4
1 3 2
2 1 4
2 1 0
1 2 3
1 1 2
1 0 3
2 0 6
0 2 1
1 2 2
2 3 0
2 0 1
3 3 1
0 1 1
1 0 0
0 2 0
2 0 2
2 3 1
3 3 1
0 2 3
3 1 2
2 2 6
2 0 1
1 2 2
2 0 0
1 4 2
1 4 2
4 0 3
1 4 0
0 3 2
2 2 0
0 5 6
0 3 1
2 0 5
1 4 1
2 0 5
4 1 1
1 3 0
1 1 1
3 1 3
2 1 0
3 1 1
5 0 0
0 0 3
0 1 2
1 1 4
0 4 0
2 0 1
4 1 1
0 1 1
1 0 0
2 1 0
1 4 1
1 2 2
1 0 1
1 0 4
2 2 1
2 0 2
4 4 4
1 0 0
3 4 0
4 3 3
0 2 1
0 3 0
2 0 2
1 4 0
2 0 2
4 1 3
3 2 4
1 3 0
2 0 0
5 0 0
0 1 2
0 3 2
2 4 1
3 0 1
2 4 5
0 1 2
0 2 2
0 1 5
2 3 4
3 0 2
2 0 0
0 5 3
0 3 3
3 1 0
0 1 3
0 2 0
1 0 2
1 1 1
1 0 4
0 1 2
0 4 2
1 1 3
2 1 0
1 1 4
2 1 0
1 0 1
0 1 2
1 0 5
0 0 1
3 3 1
2 5 2
2 1 5
1 0 4
4 0 0
0 3 5
2 3 0
1 1 3
1 1 0
1 0 2
2 0 0
1 1 1
2 1 1
2 4 2
0 3 3
3 2 1
0 1 0
0 0 2
0 0 2
3 3 2
3 2 1
3 2 6
6 1 4
4 0 2
1 3 4
1 1 3
5 0 2
1 4 2
2 2 4
1 0 0
1 0 1
1 2 0
1 1 2
5 3 0
0 2 1
2 2 2
1 6 0
2 0 0
4 1 3
1 1 2
2 1 1
2 2 1
2 0 3
1 0 1
2 2 2
1 0 3
1 2 1
4 2 2
2 1 3
3 1 2
1 2 3
1 3 1
6 1 3
0 3 1
0 2 0
2 2 0
0 0 0
2 1 0
1 1 1
3 1 0
1 1 3
3 2 3
4 2 0
4 2 1
1 2 2
2 4 2
0 1 0
1 3 1
1 4 2
2 2 1
4 3 4
2 0 0
1 0 1
1 2 2
1 0 4
0 2 4
0 2 1
4 1 3
0 2 3
1 2 3
1 0 2
1 1 3
0 1 1
2 1 1
0 0 1
4 1 0
0 3 3
1 0 4
2 3 1
2 1 5
2 2 1
2 2 1
1 0 2
4 3 0
6 4 1
1 4 1
4 2 2
0 3 1
3 2 4
4 2 4
0 0 0
1 5 0
0 2 3
0 1 2
0 1 1
1 0 1
2 1 4
0 5 0
2 3 3
2 0 1
2 3 0
1 2 1
1 0 2
4 2 2
6 2 0
0 0 3
2 4 0
3 1 1
3 0 0
1 2 6
1 2 0
0 2 2
1 0 1
5 1 3
2 5 1
2 0 3
2 1 0
1 0 1
3 0 0
2 1 1
1 3 0
1 2 3
0 3 1
3 4 2
1 1 3
6 2 2
1 0 1
3 0 0
0 1 1
3 1 2
1 0 0
1 3 2
0 0 1
2 2 2
0 1 2
2 3 2
4 0 2
1 0 2
1 1 2
1 2 2
2 0 0
1 1 1
0 0 0
2 2 3
2 1 3
0 3 2
3 0 1
3 0 1
2 2 3
2 2 3
0 2 1
0 1 2
2 4 4
0 1 0
3 0 2
3 3 0
3 6 1
1 2 2
1 1 4
2 1 3
4 2 2
3 0 2
1 1 0
0 0 2
1 0 0
1 6 2
1 1 2
2 1 1
5 0 2
2 2 1
0 0 0
4 1 2
1 0 0
1 0 4
3 1 3
1 1 1
1 1 1
0 2 1
3 2 0
4 2 1
1 3 2
2 2 0
2 0 1
2 3 1
0 0 2
1 2 0
2 0 2
0 4 0
3 3 1
1 0 3
2 2 0
1 4 3
3 1 1
0 2 0
1 0 0
0 4 1
1 3 2
2 3 1
4 2 3
3 0 1
1 2 3
3 1 4
3 1 0
1 2 3
0 3 0
1 3 1
1 1 2
3 6 1
2 2 0
0 0 0
1 1 3
0 2 0
2 2 0
2 3 1
4 1 2
5 2 1
1 0 0
1 1 1
0 1 1
4 1 1
1 3 1
1 2 0
4 1 3
2 5 1
4 4 0
0 2 1
0 3 1
5 3 0
2 4 2
2 2 4
0 4 6
1 2 0
2 1 2
0 0 1
1 2 1
2 4 1
3 0 1
3 2 1
0 3 0
6 1 1
1 4 0
0 2 0
2 3 2
1 1 0
1 0 4
1 3 2
2 2 2
0 2 2
0 3 3
0 2 1
2 4 0
2 2 2
3 0 2
1 1 2
4 1 1
0 1 1
4 3 1
2 0 2
0 3 0
0 5 3
3 1 0
0 2 4
1 0 0
2 1 5
1 3 1
1 2 6
0 0 0
1 1 1
1 1 1
5 0 3
3 5 0
1 5 1
2 2 1
1 1 0
0 1 3
1 1 5
4 1 2
0 1 0
0 0 4
3 1 0
0 1 2
1 1 3
3 0 3
1 1 1
0 2 1
3 1 1
0 2 1
3 3 5
2 1 2
1 1 2
1 4 3
0 2 3
1 1 3
1 3 0
1 1 0
1 2 2
0 0 1
0 1 2
2 2 0
4 3 2
3 2 1
2 2 3
3 3 0
1 2 3
5 0 2
1 0 1
0 3 3
1 1 2
1 1 1
2 0 5
0 0 3
3 4 0
1 1 1
2 0 5
1 0 3
2 0 3
1 1 1
2 4 4
0 4 5
1 1 2
1 0 0
2 3 1
0 1 3
1 5 5
2 0 1
3 0 1
5 0 0
0 2 1
1 1 1
1 2 1
1 1 1
3 1 1
1 2 1
1 0 2
6 1 5
2 4 2
3 2 1
0 0 3
3 2 1
0 1 1
1 2 2
1 0 0
1 0 1
1 1 2
2 1 1
0 4 0
0 5 1
0 1 3
0 2 0
2 3 2
4 0 0
1 2 3
2 0 1
1 2 1
2 2 1
1 1 0
1 0 1
1 0 2
0 1 0
0 2 1
0 3 3
1 3 1
3 1 1
4 3 1
0 0 0
1 0 2
3 3 1
0 2 3
2 1 1
3 2 2
1 2 2
0 1 5
0 2 2
1 6 1
0 0 2
0 1 6
2 2 3
2 1 5
2 2 1
0 1 1
0 1 2
2 2 4
0 1 0
4 0 0
1 3 0
2 4 2
1 0 2
0 2 1
0 1 0
1 0 2
0 4 0
4 0 0
1 1 3
1 0 5
2 4 3
5 2 2
0 2 1
2 2 1
2 0 2
3 0 0
2 3 1
1 0 3
1 1 0
1 0 4
0 3 4
0 3 0
0 2 2
5 0 2
1 2 1
1 5 0
2 0 0
2 0 0
1 0 0
2 2 2
0 4 3
1 0 1
1 5 1
2 0 0
2 5 1
0 0 1
2 0 0
0 0 0
2 1 1
0 0 0
0 1 2
1 1 0
1 2 3
2 0 2
2 3 1
4 0 1
0 0 4
2 5 1
1 3 3
6 0 1
0 1 1
0 5 0
3 1 3
0 0 0
2 1 0
0 2 3
1 0 2
1 0 1
2 3 1
0 4 3
5 0 0
1 1 1
1 1 1
0 0 1
0 1 0
1 1 1
1 3 0
0 2 1
1 1 1
1 0 2
1 4 0
1 1 4
2 1 0
5 0 2
1 3 1
0 5 0
1 3 0
5 3 4
0 5 1
2 1 3
0 2 2
1 5 3
1 3 0
1 0 1
1 1 2
3 1 2
4 2 4
0 0 4
2 4 0
2 0 5
4 1 0
1 3 1
1 1 0
2 1 2
1 1 0
1 0 4
2 3 2
0 0 3
2 1 1
1 2 0
1 1 2
3 0 1
0 1 6
3 3 0
0 5 0
3 1 4
2 4 0
2 3 1
0 0 1
2 1 2
2 2 0
1 1 1
1 0 0
2 4 2
3 2 3
1 0 0
0 1 0
1 2 1
5 1 2
0 4 1
2 0 0
3 2 0
0 3 4
3 2 2
2 0 0
1 4 4
0 1 0
2 4 0
0 1 0
0 2 5
2 0 2
1 0 0
1 0 2
3 2 1
0 0 1
1 0 0
3 6 0
0 0 5
0 0 5
2 0 0
3 0 1
0 1 0
0 0 0
4 5 3
4 1 4
1 3 0
4 2 3
2 4 3
2 1 0
1 1 2
1 5 0
0 1 1
0 4 3
2 0 3
1 2 6
0 1 2
0 2 0
2 3 1
4 1 1
0 1 0
0 1 2
1 3 0
1 4 0
0 0 0
0 1 1
0 1 1
5 5 2
1 0 0
2 0 0
3 0 2
2 4 5
1 2 1
6 2 0
1 2 6
0 3 3
3 3 0
1 1 0
4 3 0
1 1 2
2 3 0
2 2 0
0 1 1
1 2 2
2 0 0
5 0 1
2 1 0
1 2 0
0 1 0
2 0 2
2 1 1
1 5 2
4 2 5
1 4 1
1 3 2
6 1 2
1 3 1
0 2 0
0 0 0
3 1 0
1 1 3
4 1 0
1 1 1
1 1 1
6 0 1
0 3 3
1 3 0
1 0 0
1 1 5
1 2 4
1 3 4
0 1 3
1 0 2
0 2 2
1 4 3
0 0 1
3 2 0
1 1 1
1 3 1
3 5 0
1 0 2
0 1 0
2 1 0
3 5 1
0 2 2
1 5 1
0 0 2
0 2 3
2 3 3
3 2 4
2 3 1
1 0 2
1 0 2
2 1 0
3 1 1
2 3 1
0 1 3
0 2 0
2 1 1
0 2 2
4 1 1
1 1 2
0 0 0
1 1 0
1 2 3
0 2 4
4 1 5
1 2 1
0 1 5
1 3 0
3 1 2
1 1 5
5 0 5
0 0 2
2 3 2
4 1 0
3 0 2
2 5 2
0 1 3
2 0 0
1 2 2
2 2 0
3 3 4
0 1 0
4 2 4
0 0 0
0 1 0
0 3 2
1 1 1
0 2 1
1 4 5
2 2 2
1 3 0
3 1 1
1 3 2
0 1 2
2 1 3
0 2 2
5 2 1
0 2 3
3 2 4
0 2 2
0 0 0
0 2 3
3 0 0
1 0 2
3 0 3
2 2 2
0 0 2
1 2 3
2 3 0
2 5 2
0 0 1
4 0 2
1 3 6
2 1 0
3 2 2
5 2 1
3 3 0
2 3 1
0 1 2
0 2 2
0 1 2
2 6 0
5 0 0
2 3 2
0 3 2
0 0 0
3 1 0
1 2 1
1 1 2
1 3 1
3 4 4
0 2 3
4 4 1
2 0 2
0 2 1
2 1 0
1 2 1
2 0 4
4 2 2
1 0 4
2 2 2
2 1 3
0 2 1
0 3 1
3 2 1
1 2 1
1 0 0
4 0 4
1 2 0
4 1 3
1 2 1
2 1 2
1 1 1
2 0 2
1 3 4
0 2 4
0 3 2
1 3 0
0 0 3
0 1 1
0 3 4
0 0 0
3 0 5
1 2 2
6 3 2
1 2 1
5 2 1
4 1 6
1 1 0
1 5 1
1 1 1
1 1 1
0 1 1
1 3 1
1 1 1
2 2 2
0 1 0
2 3 0
1 0 3
4 2 4
2 1 1
2 2 2
1 2 1
5 3 2
3 1 2
0 3 1
1 2 0
0 0 0
1 0 1
4 1 2
1 1 0
5 5 3
1 3 3
0 2 0
0 6 1
2 3 5
4 4 3
1 2 0
0 1 1
0 0 5
5 1 3
4 1 0
2 0 4
2 3 2
5 0 0
0 1 0
1 1 5
2 1 0
0 0 1
4 3 2
1 3 2
1 1 5
1 2 2
2 1 6
5 1 1
1 0 0
2 1 0
2 5 0
3 2 3
0 2 2
0 2 2
1 1 3
3 3 0
2 0 0
2 2 0
1 0 1
0 3 2
0 1 2
1 4 4
0 3 5
3 0 0
0 3 2
1 1 2
2 2 2
0 0 1
4 3 0
2 4 5
2 1 2
2 2 3
0 2 2
2 2 1
1 1 2
4 2 3
3 2 2
2 1 2
1 0 3
1 2 1
1 0 0
4 0 2
4 2 1
2 4 0
0 2 0
5 1 1
0 5 0
2 4 3
2 5 1
4 2 1
2 4 3
1 1 2
1 3 4
1 3 0
3 2 1
1 2 3
1 3 5
2 0 1
1 1 1
0 1 0
1 1 0
1 2 3
1 2 0
2 3 1
1 3 4
5 3 2
1 0 1
2 2 4
0 4 3
0 0 0
1 0 3
1 2 2
2 1 1
0 0 4
3 0 0
3 2 3
0 1 1
0 2 0
2 2 2
2 1 3
0 0 4
2 2 2
6 1 6
1 2 2
1 2 3
3 2 1
1 1 2
3 2 0
3 3 2
3 3 1
0 2 1
5 5 0
1 1 1
1 2 0
0 4 3
1 3 2
2 0 1
2 0 1
1 3 1
0 2 0
2 2 4
1 1 1
1 2 2
0 1 2
0 2 1
4 3 0
0 1 2
4 2 2
1 2 1
4 3 0
2 1 1
0 0 1
3 1 0
1 4 4
0 0 1
3 1 2
2 1 2
0 1 6
2 1 1
6 0 0
1 1 2
2 2 4
0 1 1
2 2 0
1 5 0
5 2 0
0 6 0
1 2 2
0 0 0
5 1 2
0 4 1
1 3 0
0 0 2
2 1 1
0 0 0
0 0 4
1 4 1
3 0 2
0 0 3
1 3 2
1 2 2
2 1 0
1 2 2
1 1 0
0 0 3
1 1 1
2 1 0
5 3 5
4 0 0
1 1 3
2 2 0
0 4 1
4 2 4
3 3 1
1 1 6
0 1 1
1 3 1
0 1 2
2 0 1
0 1 4
2 4 0
1 5 3
0 3 1
2 4 0
2 4 0
1 2 2
1 2 1
1 3 4
1 1 1
1 1 0
2 1 1
0 3 2
3 2 0
2 6 2
1 0 2
2 1 1
1 2 2
0 1 3
4 1 0
2 1 0
2 1 2
0 2 1
0 1 4
2 1 3
5 2 2
2 1 4
2 1 1
6 0 0
2 2 2
2 0 0
1 2 0
1 3 2
1 1 2
1 1 2
1 1 1
3 2 2
2 0 1
3 5 3
3 1 2
2 1 2
0 1 2
1 3 2
1 0 1
3 2 0
0 1 0
0 0 2
0 1 4
1 2 3
0 1 0
0 2 3
0 1 1
5 0 3
5 1 0
2 4 1
5 2 3
0 3 3
0 1 0
1 3 3
3 1 0
2 1 2
0 0 1
2 1 0
2 0 2
3 2 1
4 1 2
1 2 1
3 3 2
2 1 3
5 1 1
1 5 1
3 2 2
3 0 2
3 2 4
1 2 2
3 1 1
1 1 1
0 0 1
1 3 2
0 1 1
2 3 1
3 3 2
0 1 2
2 4 1
2 1 2
3 3 5
2 0 2
1 1 3
0 2 1
1 2 1
3 0 2
3 2 2
3 1 1
2 0 4
4 2 0
4 2 0
2 0 2
1 0 2
2 0 1
3 2 1
1 2 1
1 1 0
1 1 0
0 0 1
1 1 4
1 2 1
1 2 2
1 0 1
0 6 3
1 1 2
2 3 2
2 3 2
1 1 2
0 1 1
3 4 0
2 3 0
2 4 4
0 1 0
1 0 1
2 1 4
0 6 1
3 1 4
1 3 2
0 0 4
2 0 1
1 0 3
0 6 0
1 4 1
1 1 1
1 1 0
0 0 3
0 2 2
2 1 2
0 0 3
2 3 0
1 1 1
4 5 1
3 1 2
0 5 2
3 0 4
1 1 1
3 2 0
1 2 0
0 2 1
1 3 3
2 1 3
4 5 1
0 3 4
0 2 0
3 2 3
2 2 0
1 1 2
2 6 2
1 0 1
3 6 2
1 1 1
0 1 0
1 1 3
2 1 0
4 0 5
0 2 0
3 1 1
2 0 2
3 2 0
4 1 0
0 1 4
4 0 0
2 4 0
0 3 3
2 2 1
1 1 2
5 1 2
2 2 1
0 1 4
0 2 0
1 3 2
1 1 5
3 0 1
1 1 2
2 0 1
1 0 2
0 3 1
1 3 0
5 2 3
0 4 3
5 5 2
1 2 1
1 1 2
2 0 2
1 2 0
3 1 3
0 1 0
3 2 1
4 0 2
3 1 2
3 4 0
1 0 0
0 0 1
5 1 2
2 0 0
0 1 0
3 0 3
2 1 2
5 2 4
1 0 1
3 2 3
4 0 3
5 1 1
3 1 2
2 2 2
1 3 3
1 0 1
0 1 4
1 2 2
1 2 0
0 2 0
2 0 1
1 0 0
1 0 1
2 1 0
1 1 0
0 0 4
1 1 0
1 1 1
0 1 1
0 4 2
2 1 0
2 4 3
2 0 2
2 5 2
2 0 3
0 1 0
1 3 0
0 2 3
2 1 0
2 1 0
0 2 2
3 2 2
1 0 2
1 2 2
0 3 2
4 0 0
2 6 0
0 3 2
0 1 0
1 1 1
0 2 0
1 3 2
2 2 0
1 1 2
1 2 3
6 1 0
5 5 1
0 2 2
0 5 0
1 0 1
2 3 1
1 0 0
3 0 0
3 6 1
2 6 3
4 2 0
0 3 2
1 4 2
1 0 1
1 0 1
3 1 0
3 0 0
0 1 0
2 6 0
2 0 0
4 1 2
2 1 0
1 1 1
0 2 2
1 1 2
1 0 3
0 1 1
1 4 0
5 1 1
2 0 0
1 3 0
1 5 0
3 3 2
0 4 1
0 1 4
5 1 3
2 0 3
0 0 1
2 0 1
1 6 1
1 3 2
1 5 0
1 2 2
0 4 2
0 2 1
2 1 3
1 3 3
0 3 3
2 1 1
1 3 0
0 2 2
1 1 2
0 1 2
1 5 0
0 2 2
1 1 1
0 1 0
4 0 0
1 2 1
1 2 2
5 1 0
2 2 1
3 4 1
2 1 0
1 1 1
0 2 0
0 2 3
1 1 5
1 3 1
1 1 4
1 1 1
1 4 2
1 3 0
1 1 0
0 0 3
1 5 1
1 1 1
0 5 2
1 1 0
2 0 3
0 2 4
0 2 1
3 1 0
0 1 2
0 1 2
1 3 0
5 3 0
1 2 0
0 4 3
1 2 5
3 3 2
3 3 6
2 1 3
1 6 1
1 1 1
2 4 0
3 4 0
2 0 2
3 1 1
2 4 2
0 3 0
2 0 2
5 0 0
1 1 1
3 2 1
1 4 2
1 3 1
0 1 6
2 3 2
0 3 0
1 5 4
2 1 3
1 1 1
1 2 2
1 0 2
0 3 3
1 2 1
2 1 3
1 1 1
1 1 3
1 0 0
5 1 1
1 0 0
0 3 0
1 1 0
0 1 2
3 2 2
3 0 0
1 1 0
1 2 4
1 0 3
1 0 2
1 2 2
0 0 1
1 2 2
3 0 0
3 1 0
0 1 2
3 0 1
2 2 4
4 2 4
0 3 1
3 2 1
4 0 0
1 0 1
2 5 0
0 1 2
1 3 4
2 2 2
2 4 4
1 0 4
0 3 2
0 1 0
1 3 1
3 3 0
2 0 2
1 0 1
0 0 2
3 3 3
1 3 1
3 0 1
3 2 3
0 1 1
0 2 1
1 2 3
5 0 0
3 0 1
0 0 3
1 1 2
2 1 2
2 2 3
5 1 2
2 1 1
0 3 2
0 1 3
1 6 3
1 0 2
2 3 3
1 5 2
0 0 1
1 2 2
0 1 0
4 1 0
0 2 0
1 4 5
1 0 3
4 0 2
2 1 1
1 4 0
0 1 2
1 0 2
6 1 2
1 2 0
2 3 0
1 5 1
2 0 2
1 2 3
3 2 0
2 1 3
1 2 2
3 2 2
3 5 2
2 0 2
2 0 1
1 4 0
0 2 1
4 2 3
2 1 1
1 2 1
1 3 1
1 3 2
3 1 4
0 2 6
2 0 2
0 0 3
2 1 1
4 3 1
1 3 4
2 0 1
4 1 1
1 1 2
0 0 1
0 2 0
2 0 2
1 1 3
5 1 2
0 3 3
1 1 4
1 0 2
2 2 1
0 0 0
1 1 3
1 0 4
2 0 0
0 2 1
1 1 2
0 2 0
0 2 0
3 4 5
2 1 3
1 1 6
0 2 1
1 1 2
0 0 1
2 1 2
2 2 1
1 3 1
1 2 1
0 1 0
1 1 5
0 5 2
3 1 0
3 0 0
2 1 2
0 1 1
2 1 1
0 2 1
1 0 0
0 0 0
1 0 3
1 3 1
4 2 0
2 1 1
0 1 1
1 3 1
0 2 0
2 1 2
4 0 0
2 1 1
0 0 2
2 2 1
6 1 0
1 0 1
0 0 1
1 0 2
3 0 1
0 2 0
2 2 3
2 0 2
3 1 0
3 0 6
2 1 1
5 0 2
4 1 1
3 2 1
2 1 1
2 3 1
1 1 2
0 1 1
1 0 6
3 2 3
0 2 2
3 3 0
1 0 1
1 1 1
1 0 0
0 1 1
1 1 0
1 1 2
2 2 3
1 2 0
1 1 0
1 2 1
4 0 2
0 0 4
3 1 3
3 0 1
1 3 2
4 0 4
1 3 1
0 0 2
3 0 2
0 0 1
2 3 1
5 1 1
1 1 1
3 1 2
1 2 2
1 2 4
0 0 3
1 1 0
1 3 1
1 2 2
3 2 0
1 6 1
1 1 2
4 2 0
2 2 0
1 3 1
0 3 2
2 1 1
2 1 3
3 2 1
0 2 0
2 1 3
2 2 0
1 0 3
3 1 4
1 2 1
4 3 3
1 0 2
4 0 0
1 3 0
3 2 1
0 6 0
0 1 4
3 2 0
3 1 1
1 4 2
3 2 4
0 0 1
2 6 0
0 1 1
0 2 4
1 2 4
1 2 0
1 1 1
4 3 2
1 1 1
4 0 1
2 2 2
1 1 0
0 1 0
1 0 2
1 1 4
2 5 0
1 1 5
1 3 0
2 1 2
0 2 2
3 0 1
1 3 1
2 2 1
2 1 3
0 3 0
1 1 1
2 2 0
0 0 3
3 3 1
2 3 1
1 2 1
1 1 2
0 0 1
2 1 1
3 1 2
3 3 2
2 1 4
4 0 1
5 3 1
0 2 0
0 3 1
0 1 0
2 3 4
0 0 1
0 3 3
1 1 0
4 1 2
4 0 2
3 1 1
0 2 1
2 3 1
3 3 0
1 0 4
1 3 1
0 0 1
3 2 0
1 4 1
4 0 1
3 0 3
2 1 2
1 2 4
0 0 0
6 2 1
1 5 2
1 4 2
0 2 0
2 3 2
0 0 2
4 2 2
0 0 1
0 0 1
2 1 3
0 0 0
4 1 2
0 0 2
1 3 3
3 1 3
1 0 1
0 2 0
1 1 5
6 1 1
1 1 1
1 0 0
5 3 1
1 0 1
0 0 2
1 2 0
0 1 0
2 1 2
1 1 1
2 1 0
0 2 1
2 1 4
2 2 6
4 0 3
2 5 1
2 1 3
2 0 1
0 2 2
2 2 3
3 1 1
1 3 1
3 3 0
0 1 1
0 1 1
0 4 1
1 2 1
2 2 2
1 4 0
2 5 0
1 1 1
2 2 0
1 0 1
2 1 0
0 0 0
2 3 2
1 0 4
0 1 5
3 1 3
0 1 3
1 3 2
2 0 1
1 2 0
1 2 2
1 2 0
2 1 4
2 1 3
0 0 0
0 5 2
1 4 1
3 3 4
5 2 1
0 1 3
0 3 1
1 2 1
1 1 2
2 1 1
2 2 1
0 0 0
2 2 3
3 0 2
0 0 1
1 4 1
0 0 3
0 0 1
0 1 1
1 4 2
4 2 1
1 4 0
1 2 3
3 1 0
3 1 1
1 4 3
1 6 3
2 1 0
1 3 0
0 0 0
1 1 0
5 3 2
2 3 1
3 1 2
0 0 4
1 2 2
2 1 2
1 0 0
0 1 1
0 1 2
1 3 2
1 0 1
1 2 1
5 3 1
0 1 1
2 3 2
4 1 1
4 2 1
1 1 2
2 5 0
2 0 1
1 0 6
0 0 2
3 2 1
2 1 0
5 0 0
1 1 3
2 1 1
1 0 0
5 3 1
1 1 0
1 4 0
1 2 2
2 1 2
1 0 0
1 0 2
0 2 2
3 1 3
3 2 3
0 0 0
0 1 1
4 1 1
1 4 2
2 3 3
1 0 4
3 2 2
4 0 1
3 5 2
1 3 2
0 0 3
1 3 3
3 0 1
1 0 1
2 0 3
0 1 3
2 1 2
0 3 2
1 0 2
0 2 1
3 1 2
2 3 6
2 1 2
0 0 2
1 4 1
1 3 0
2 3 0
1 0 2
0 1 6
1 4 1
4 2 1
1 4 4
1 2 1
1 4 0
3 2 1
1 0 1
1 1 2
1 1 1
0 0 0
1 2 2
2 1 0
3 0 1
1 1 1
0 1 3
3 0 2
1 2 0
1 0 0
0 4 2
3 3 0
1 0 2
0 2 0
5 1 1
1 0 2
1 2 3
2 1 1
2 1 1
0 0 1
3 1 2
2 0 1
6 0 2
1 6 4
2 1 3
2 1 0
1 1 4
4 2 3
0 0 3
0 1 2
4 2 5
0 0 0
0 1 2
2 4 5
1 4 2
2 1 1
1 1 0
0 0 1
0 5 0
1 0 0
1 2 0
2 0 5
2 2 0
2 1 0
3 2 2
1 2 1
0 2 1
4 3 4
0 1 3
1 4 1
6 0 1
2 1 3
0 3 1
0 0 3
4 3 0
3 0 3
0 1 5
0 0 1
1 0 4
2 1 1
0 0 1
0 0 3
2 2 0
3 0 2
4 0 1
1 1 2
1 3 2
3 0 1
0 4 1
0 1 3
2 2 1
2 1 3
2 4 0
2 4 2
1 3 2
2 0 1
2 0 2
2 0 2
2 1 1
3 3 3
1 1 4
2 0 0
0 5 2
3 1 3
2 1 0
0 0 0
1 0 2
2 1 3
0 0 1
0 1 2
1 5 0
1 1 1
3 1 3
0 1 2
2 1 2
1 1 1
0 2 1
4 1 1
1 2 2
3 0 4
2 3 2
1 1 2
1 1 0
0 0 1
2 1 2
0 4 2
5 0 2
1 1 0
0 1 3
1 2 1
1 1 1
0 0 2
2 1 2
2 1 2
1 2 2
5 1 2
3 4 1
0 3 0
1 5 1
4 0 1
3 1 1
0 0 3
4 3 0
1 2 1
2 2 2
0 3 1
2 3 1
1 3 0
2 2 1
3 1 5
6 1 0
1 2 0
0 1 2
2 2 2
3 3 3
0 2 1
1 2 0
1 2 1
0 1 1
1 3 6
0 1 3
2 3 0
2 4 2
2 0 2
3 1 2
2 1 2
0 2 0
2 0 1
1 3 0
1 2 3
4 5 2
1 0 2
5 0 3
1 1 3
3 3 1
3 2 3
3 2 0
3 0 5
3 2 0
1 2 1
3 1 1
2 1 1
4 0 1
3 0 1
3 1 1
4 2 3
1 1 0
1 1 2
1 1 1
0 2 0
0 3 1
1 0 2
3 1 2
2 2 1
0 2 1
2 1 3
0 0 1
6 1 1
2 0 0
0 0 1
0 0 4
1 2 1
1 2 2
0 1 1
0 3 2
2 2 3
3 0 0
0 3 2
2 3 3
1 2 5
1 4 4
2 0 0
1 1 2
3 0 1
1 2 3
2 1 6
0 2 0
4 1 3
2 1 0
2 1 0
1 0 1
2 2 3
2 2 4
2 1 3
1 3 1
1 0 1
1 2 0
0 2 0
0 3 1
1 2 3
0 2 4
1 5 1
0 3 0
5 0 2
2 0 0
0 0 1
0 0 1
3 3 1
0 0 0
4 2 1
3 2 3
2 1 0
5 2 6
1 2 0
3 0 2
2 1 0
0 3 1
2 0 2
1 4 2
3 1 2
3 5 1
2 3 1
3 0 1
3 0 0
0 0 1
1 2 2
1 2 1
1 3 1
0 1 2
2 1 2
2 5 0
0 2 5
1 0 2
2 0 1
0 0 1
1 1 0
2 0 1
1 1 0
1 2 3
1 1 1
3 0 3
3 3 2
0 3 2
0 4 3
1 1 1
2 1 0
1 2 3
0 2 4
1 2 0
1 0 2
2 5 1
2 1 0
0 0 0
2 2 1
1 1 2
3 2 1
2 1 2
1 1 0
3 2 1
0 1 2
1 2 1
3 1 1
2 3 1
3 2 1
2 1 4
1 0 0
4 0 1
1 4 2
4 2 1
0 0 1
4 0 1
5 4 1
0 1 2
0 0 2
4 0 2
0 1 2
2 1 2
3 0 0
4 3 0
5 1 1
2 0 1
3 2 0
0 1 1
3 0 1
1 0 1
4 1 0
2 2 4
2 2 3
3 3 3
4 1 1
0 0 1
3 1 1
0 0 4
1 2 4
3 2 2
1 4 0
1 1 2
0 4 1
2 0 3
0 4 0
1 2 0
1 0 1
1 2 2
1 4 2
1 0 2
0 1 0
1 0 0
2 0 4
1 2 2
0 3 2
1 0 1
4 3 3
3 2 1
3 0 0
0 0 1
1 1 4
4 0 6
1 1 2
0 0 1
1 1 0
4 2 2
0 2 2
2 4 2
1 2 1
4 1 3
0 6 0
0 3 0
0 0 0
1 0 1
2 1 1
5 2 2
0 4 1
1 3 3
2 0 2
3 2 0
2 5 1
0 3 1
4 0 2
3 1 3
3 2 0
4 3 1
1 4 2
1 2 1
2 3 3
3 1 1
3 1 0
2 1 0
1 0 4
2 2 0
3 3 1
1 4 2
2 0 2
0 1 2
0 1 2
5 0 2
1 0 2
2 2 5
0 2 1
3 3 0
4 2 6
0 1 3
2 1 3
1 1 2
1 0 2
2 1 2
3 5 1
1 1 1
2 2 1
0 2 3
1 1 3
1 1 2
1 2 1
0 0 1
0 1 4
0 2 0
0 1 2
0 0 1
0 1 2
1 1 2
3 2 2
2 0 1
0 3 2
1 0 3
2 6 2
1 1 1
3 0 1
0 1 1
0 3 2
1 2 0
1 4 2
4 4 0
0 2 6
1 0 4
0 3 0
0 1 2
2 0 0
0 0 2
1 0 4
2 2 0
0 0 0
1 5 0
2 0 3
1 4 1
3 1 1
0 3 1
0 3 2
0 1 0
0 1 1
0 2 4
0 0 0
6 4 1
2 0 0
0 2 3
0 2 0
2 3 1
1 1 1
4 0 2
1 2 0
0 2 2
2 2 1
4 3 1
1 2 3
0 1 0
4 2 1
3 1 1
1 1 1
3 2 6
0 4 0
4 0 2
2 6 0
1 1 0
1 2 2
4 0 0
0 3 0
0 3 0
0 0 1
1 1 0
0 2 0
0 1 0
1 4 1
1 1 0
0 0 1
5 2 4
4 1 2
3 2 3
1 3 0
4 2 0
2 3 6
2 1 0
4 3 1
3 4 0
1 3 4
3 1 1
0 1 1
2 1 3
2 0 3
1 1 2
1 1 1
2 4 1
1 1 5
0 5 1
0 0 0
0 0 0
0 2 3
4 2 3
3 3 1
1 1 2
0 2 1
3 0 1
4 4 3
1 2 1
1 3 1
4 1 0
2 0 2
3 3 2
0 0 5
3 2 3
1 1 3
0 1 0
2 0 2
4 2 2
1 4 1
1 0 2
0 0 5
1 0 1
4 4 0
2 2 1
3 4 0
2 0 1
4 1 1
2 1 1
0 0 1
1 4 0
3 5 0
0 0 2
0 2 2
1 0 0
1 5 1
2 3 4
3 0 0
3 1 0
1 2 3
4 1 4
2 1 1
3 1 0
1 2 2
0 2 1
2 4 2
1 1 4
0 0 1
1 1 0
3 6 4
2 4 2
3 0 1
3 0 1
1 3 3
5 1 1
0 4 3
5 2 1
2 0 1
5 2 3
3 1 5
2 1 0
1 2 1
2 3 3
0 0 0
2 2 1
1 1 0
0 1 1
1 1 1
0 6 2
2 1 3
4 0 4
3 1 2
0 1 1
3 4 2
1 1 1
4 0 0
1 2 0
4 1 0
0 2 1
3 4 1
1 3 1
1 1 0
5 2 1
2 0 2
1 1 0
2 2 1
1 4 2
3 0 4
0 0 1
3 3 2
3 0 2
1 3 2
2 0 2
3 2 0
0 3 0
1 2 4
0 1 2
1 0 3
3 1 2
2 2 1
1 3 4
2 2 0
3 1 0
3 0 4
0 1 1
1 1 0
1 2 1
3 2 3
5 1 4
1 0 4
4 0 0
2 2 1
0 0 1
3 0 0
1 0 0
1 2 4
0 1 1
3 2 0
0 1 0
1 3 1
0 6 0
2 1 1
3 3 0
3 3 0
2 1 2
3 1 2
2 1 2
0 2 1
0 1 1
0 1 4
0 0 1
1 2 2
4 1 0
3 0 0
1 2 1
3 0 2
1 3 3
0 0 2
2 3 1
0 2 1
1 3 4
0 1 1
3 1 0
0 4 2
4 3 1
3 3 0
1 2 1
1 3 3
1 2 1
1 0 3
1 1 0
1 1 2
3 0 2
1 0 1
1 0 1
4 1 2
1 1 0
1 1 0
0 0 1
2 3 6
0 4 1
0 0 2
2 1 2
5 0 3
4 0 2
3 0 2
0 2 1
0 4 1
1 1 3
0 0 1
2 2 2
1 1 2
1 4 2
0 2 2
0 6 0
3 4 6
4 1 4
2 2 0
1 4 5
5 2 2
2 4 6
1 0 3
0 0 0
0 0 0
1 1 0
1 5 1
1 1 3
6 5 0
0 2 1
3 1 3
0 2 1
1 0 1
2 1 2
1 0 4
1 3 0
1 3 1
2 1 3
3 3 1
5 1 1
3 0 4
1 1 2
2 2 0
1 3 1
2 2 0
1 1 1
0 0 2
0 0 0
0 0 0
1 2 2
1 1 1
1 4 2
0 1 1
1 0 0
0 0 1
5 0 1
1 1 1
4 0 2
0 0 0
2 0 2
1 3 2
2 0 2
3 1 2
1 1 0
2 1 0
2 2 2
1 3 1
3 0 2
1 4 0
0 2 2
1 0 1
4 0 1
0 2 0
0 1 1
2 1 1
0 2 2
1 1 0
2 2 5
1 0 1
5 3 0
0 1 4
3 0 1
1 1 4
1 3 2
3 2 1
3 1 1
2 1 0
3 1 2
2 1 0
0 1 2
0 0 1
2 1 6
6 3 1
3 1 2
3 1 3
0 2 0
3 1 0
0 2 1
4 3 4
5 0 0
2 1 5
1 3 0
0 1 1
1 1 1
0 3 3
1 0 1
0 1 1
0 3 1
1 0 1
4 3 0
3 1 0
2 1 2
1 2 3
0 1 2
0 1 1
0 0 3
2 0 0
3 2 3
2 1 1
1 6 1
5 3 2
4 5 1
1 1 1
3 2 4
1 0 2
2 0 2
1 1 0
0 2 0
2 0 1
3 5 1
4 1 4
2 2 0
4 2 2
4 2 2
1 1 1
5 1 2
0 2 1
2 3 3
2 3 0
3 0 0
3 1 1
0 1 2
0 3 1
2 0 0
0 0 0
2 0 0
0 2 1
1 2 0
2 2 4
2 1 1
1 2 0
1 1 2
4 1 1
2 0 4
2 2 2
4 2 1
2 2 4
1 4 4
4 1 2
3 3 3
1 2 3
4 3 1
2 1 3
1 0 6
6 0 4
2 0 1
2 2 2
1 1 3
1 0 5
3 1 0
2 0 0
0 3 4
0 3 5
3 1 1
0 2 3
0 1 1
2 1 3
4 3 3
1 3 2
2 1 1
0 0 2
0 5 2
2 0 2
2 1 2
0 1 0
0 1 0
0 1 0
3 1 1
1 3 2
0 0 0
2 0 4
5 3 0
2 3 0
0 1 1
0 0 2
0 2 1
1 1 0
2 0 3
1 1 0
0 2 1
5 3 1
1 2 0
0 1 1
4 1 0
1 1 1
0 1 1
2 4 0
0 1 1
0 2 0
4 0 4
4 2 0
3 2 0
1 2 0
5 1 0
2 5 1
1 1 3
0 5 2
4 3 0
4 4 1
0 1 1
6 1 4
2 1 1
1 1 0
0 2 2
0 2 1
1 2 0
3 0 1
0 2 1
0 5 2
3 0 0
2 1 3
1 1 2
1 4 2
3 4 1
1 3 1
2 2 1
1 0 0
2 2 0
1 1 2
3 1 1
3 2 0
0 0 1
2 2 0
2 2 0
2 0 2
0 1 4
3 2 2
0 1 2
1 1 6
2 1 3
4 1 3
0 1 3
0 4 0
3 1 1
0 0 2
1 2 0
1 0 1
1 2 1
2 0 0
1 2 3
5 3 3
2 2 5
1 1 1
1 4 0
1 3 1
2 0 2
1 0 0
1 2 5
0 2 1
1 1 2
1 1 0
1 4 1
3 2 1
1 1 0
1 0 3
1 2 2
6 2 1
4 0 2
0 4 1
0 1 1
6 3 2
1 1 3
2 0 1
3 0 2
5 5 1
3 1 0
3 1 1
0 5 1
1 4 1
2 3 1
3 1 2
2 4 0
1 3 0
1 4 1
0 4 4
2 1 3
2 2 2
2 2 1
0 0 1
1 1 2
0 0 0
1 0 0
2 2 4
0 0 0
1 1 2
4 0 0
1 3 1
1 1 0
1 1 0
3 1 4
2 3 0
3 0 1
1 1 0
1 0 2
1 3 2
0 0 0
1 3 2
1 1 5
2 2 0
1 3 0
2 4 0
0 2 1
3 1 0
1 0 0
0 1 2
0 0 1
0 1 2
1 2 3
1 0 1
3 4 2
1 1 1
2 1 1
0 1 2
4 1 1
4 1 4
0 1 2
4 4 0
1 2 3
2 4 1
1 0 1
1 2 2
4 1 0
0 0 4
0 2 1
1 2 3
1 3 2
4 4 2
2 2 2
0 1 4
4 2 0
3 2 0
2 2 0
2 0 0
4 2 0
2 1 0
2 5 2
3 3 4
3 2 1
1 1 2
2 1 2
3 2 1
1 4 0
0 2 0
1 3 1
2 1 0
3 3 0
1 0 1
2 2 0
1 1 2
1 2 2
0 2 1
1 0 0
2 2 0
0 0 1
3 4 1
2 1 5
1 1 0
0 0 0
2 1 1
2 2 1
1 0 0
2 0 2
0 1 1
1 2 0
1 1 2
3 2 1
3 2 1
1 4 3
0 3 4
1 1 0
1 0 1
4 1 0
0 0 1
5 2 0
4 1 1
2 1 0
2 4 0
0 1 0
1 0 2
2 1 1
5 1 0
3 1 2
1 2 2
1 2 2
3 2 2
2 2 1
1 1 4
4 1 3
1 0 0
3 2 1
2 0 1
3 3 5
0 2 1
3 4 0
1 5 6
1 0 0
3 4 2
0 2 1
1 0 4
2 0 1
1 1 1
5 1 2
0 4 2
1 0 3
2 0 1
1 0 0
0 0 2
4 0 5
0 3 1
2 3 0
1 2 2
3 6 1
4 1 2
2 2 2
1 1 0
1 1 3
2 1 1
1 1 4
1 0 1
1 0 1
0 3 6
2 1 1
0 0 1
2 2 1
2 2 3
2 0 1
2 0 3
2 0 0
1 3 4
3 1 6
0 1 2
1 2 6
1 5 0
1 1 4
0 2 1
5 2 3
5 1 2
1 1 3
4 0 3
4 0 4
1 3 2
0 0 0
1 1 1
4 1 3
1 1 2
0 0 1
0 3 1
3 3 1
0 2 2
0 0 2
2 1 2
2 0 0
3 1 2
1 5 1
2 1 0
0 2 2
2 2 2
3 1 5
0 3 0
5 1 1
1 1 0
0 1 0
1 4 0
3 4 1
0 0 0
0 0 0
0 2 1
2 0 1
4 0 5
1 0 2
3 2 1
1 2 3
1 3 0
0 3 1
4 2 1
3 3 2
4 6 0
0 3 1
2 3 3
0 0 2
1 1 2
5 0 2
2 0 1
1 1 0
0 1 1
2 4 1
0 0 5
0 0 2
1 2 0
4 2 2
1 1 1
2 4 1
0 5 6
0 4 1
0 0 2
1 0 3
1 3 2
3 1 1
4 1 2
0 0 2
0 4 0
0 3 6
1 1 2
1 1 4
4 4 2
4 1 2
2 2 0
2 2 2
0 1 0
4 0 2
2 2 3
3 6 0
1 0 1
4 2 0
0 2 1
2 1 1
4 0 4
0 3 1
4 0 4
2 1 1
2 5 1
1 2 3
2 1 0
1 2 0
1 0 2
3 1 2
2 0 1
2 0 3
3 0 0
1 2 0
3 3 1
1 6 0
0 1 3
2 2 2
2 2 2
1 1 0
1 1 1
0 1 0
0 2 1
0 0 1
1 3 2
3 4 1
2 5 0
2 4 1
3 2 0
1 3 1
2 2 3
2 2 2
2 1 3
0 1 0
1 2 2
1 2 2
1 1 1
4 3 2
0 1 4
2 6 2
0 2 1
2 3 0
3 1 1
2 3 4
2 0 0
4 3 1
2 0 0
1 3 0
1 0 5
0 5 0
3 3 1
1 4 0
0 4 0
3 1 3
1 3 1
0 1 2
1 2 1
2 2 1
6 0 1
6 0 0
0 2 4
0 2 0
2 1 4
1 1 1
1 2 0
0 3 3
5 2 3
3 0 0
0 1 1
0 2 1
0 0 0
2 0 0
3 3 3
4 0 4
3 1 6
3 4 3
1 2 3
4 1 2
2 1 0
3 1 0
1 0 0
1 4 5
3 2 1
4 1 0
5 1 1
0 1 3
1 0 1
0 0 0
2 1 0
1 4 2
1 2 1
0 1 1
0 0 2
0 3 0
3 1 1
3 5 4
1 0 1
2 1 1
0 3 0
2 2 3
0 2 1
0 1 0
2 6 0
4 1 2
0 3 5
2 2 0
1 0 0
6 1 2
0 0 0
0 4 0
2 3 3
2 1 3
0 0 2
0 1 2
1 2 2
1 1 0
0 1 1
3 1 0
1 0 4
1 3 0
2 3 1
0 2 3
2 2 1
3 2 1
4 0 5
1 2 2
1 0 3
0 0 1
3 0 2
0 2 2
1 1 0
2 3 1
2 3 2
2 3 2
3 1 3
2 5 0
2 4 0
0 0 1
0 1 1
0 6 0
0 2 5
2 1 1
2 4 3
1 0 0
1 2 0
2 3 5
0 0 0
1 1 0
2 5 2
2 5 1
1 6 0
4 1 5
3 1 3
0 1 0
4 2 3
0 1 2
0 2 0
0 1 3
1 1 0
1 1 4
0 0 2
0 1 0
2 3 0
2 1 1
0 4 1
0 0 1
1 1 1
1 0 4
4 1 2
0 2 2
4 0 5
0 0 2
2 2 1
1 2 1
2 1 1
4 0 2
4 3 2
0 0 2
0 1 4
0 2 3
1 1 1
2 3 1
0 1 2
0 0 2
3 0 0
1 1 0
1 2 4
0 0 1
2 4 2
0 0 0
3 0 0
0 2 2
1 0 3
4 1 2
2 1 1
0 2 0
3 1 1
1 4 2
1 1 4
3 2 4
0 2 2
1 1 3
2 0 1
1 2 1
5 0 2
2 3 2
0 1 0
2 0 2
0 2 3
0 0 2
0 0 0
1 1 2
1 1 2
3 0 3
2 0 3
0 1 2
3 3 1
0 2 0
1 4 2
0 3 4
2 2 1
3 2 0
5 2 1
3 3 1
1 2 2
2 1 3
2 2 2
1 0 4
1 4 3
0 3 1
3 3 3
1 2 1
1 0 1
3 1 0
3 1 1
0 1 1
2 3 3
1 0 1
3 2 3
4 0 1
6 1 4
5 2 3
3 4 2
5 2 4
5 0 4
4 2 3
1 0 2
2 5 0
2 0 1
1 3 1
0 0 3
2 2 1
1 1 0
1 0 5
0 0 0
0 4 1
2 0 1
1 1 0
3 2 1
1 5 0
2 0 2
1 2 3
0 1 1
0 1 3
4 2 5
1 1 1
1 4 5
0 1 1
0 1 4
1 1 0
0 2 0
1 3 4
1 3 1
0 1 4
2 1 3
0 2 1
0 1 0
3 2 3
2 1 5
0 1 0
0 2 0
1 1 0
1 6 2
2 2 0
0 3 1
2 3 2
1 2 1
0 3 4
3 1 0
2 2 1
4 0 2
1 0 2
1 1 0
1 0 0
1 1 0
0 0 0
2 1 1
0 5 6
3 1 1
1 1 3
1 0 2
1 2 2
3 5 0
2 1 2
2 2 2
1 2 1
1 2 3
5 0 1
1 0 1
0 1 3
2 0 3
3 0 3
0 2 0
0 0 1
1 1 2
1 1 1
0 1 2
2 1 1
2 6 1
3 2 3
5 2 1
2 3 3
3 2 5
1 3 1
3 4 0
1 1 0
1 0 2
0 1 1
1 1 2
1 1 0
1 0 1
2 0 2
0 1 2
1 4 1
3 2 2
2 3 2
1 3 2
2 1 1
3 4 3
4 1 3
0 1 1
1 4 5
2 1 1
1 0 2
3 1 2
0 2 2
4 0 2
1 0 1
1 1 1
0 0 2
0 1 1
1 3 3
1 2 2
3 4 1
3 1 1
3 2 4
4 4 0
4 0 2
0 1 2
2 0 0
1 1 1
0 2 2
2 1 1
0 1 0
2 1 1
0 0 0
2 2 4
3 2 4
0 3 1
2 0 5
0 1 0
2 1 2
3 1 0
1 6 5
1 5 0
2 2 2
2 2 0
2 0 2
3 1 3
2 0 2
0 1 3
2 3 1
1 2 1
2 0 3
4 1 0
0 2 0
0 1 3
5 0 0
1 3 1
0 2 4
2 3 1
2 0 1
2 1 0
4 1 2
2 2 0
2 3 1
5 0 0
4 3 0
0 0 0
1 1 2
1 1 1
4 1 2
0 2 0
2 4 2
0 2 4
0 2 2
2 0 2
4 0 3
1 3 0
3 2 0
0 1 2
1 2 2
0 2 1
1 0 0
2 1 1
0 1 1
1 1 3
1 1 4
0 0 6
2 2 2
1 2 3
0 0 1
1 4 0
1 1 1
3 1 1
3 3 5
4 3 1
1 1 0
0 4 3
0 2 1
2 1 0
0 2 1
0 0 1
2 1 1
1 4 2
2 1 2
2 2 3
2 0 0
2 1 1
0 2 3
2 0 4
0 1 3
1 4 0
0 0 0
1 1 5
2 1 2
0 4 0
0 1 1
2 2 0
0 0 1
1 2 1
2 3 2
5 0 3
1 1 0
3 1 3
2 1 1
1 0 1
0 3 4
0 1 2
2 1 5
2 2 0
0 1 5
1 4 4
2 3 3
0 3 1
2 1 0
0 4 0
1 2 3
0 1 1
1 1 1
4 0 3
4 3 4
0 1 0
2 1 2
0 0 2
3 1 1
1 4 4
2 1 1
0 5 0
2 1 1
0 3 0
4 4 0
4 1 2
1 3 1
1 0 1
0 1 1
0 1 2
3 3 3
4 1 0
0 0 1
1 0 1
0 3 0
2 0 2
1 3 1
0 2 2
2 6 4
3 1 1
2 0 2
0 1 3
1 2 1
3 1 2
2 0 3
0 2 2
2 1 1
2 0 1
2 4 2
0 4 1
2 0 2
4 1 3
1 0 1
0 3 3
0 1 1
6 4 3
4 4 0
2 0 1
3 2 0
1 0 2
2 1 0
3 0 0
3 1 2
0 0 1
3 1 1
2 2 3
0 0 1
2 2 1
2 1 0
1 3 2
1 3 2
1 2 2
0 1 0
0 0 0
3 2 4
1 1 1
2 2 2
3 3 3
3 1 3
0 0 4
6 1 1
0 0 3
0 2 1
0 2 0
1 4 2
4 1 3
0 4 0
3 0 1
0 0 3
0 0 0
1 1 1
2 2 0
3 6 3
1 1 1
1 0 1
4 2 2
2 2 2
2 1 1
0 1 0
2 2 2
1 1 3
1 2 4
3 2 4
3 2 1
2 0 1
2 1 0
2 0 0
3 3 2
2 0 1
3 0 1
4 1 1
3 2 0
1 3 3
1 3 3
1 0 2
1 1 2
0 4 3
3 0 1
2 0 0
3 2 2
0 4 0
2 5 4
4 3 0
1 3 1
0 3 1
2 4 1
2 2 0
4 3 4
1 0 1
1 1 0
2 2 2
0 0 2
1 1 0
1 0 3
1 1 1
1 4 4
4 1 3
1 0 1
3 3 4
1 1 2
1 1 2
4 1 1
0 6 2
1 1 0
0 1 1
3 3 1
3 1 1
0 0 1
1 2 4
6 2 2
0 1 0
3 0 1
3 0 2
1 1 0
0 2 1
2 6 0
1 2 0
0 2 0
1 0 5
2 4 1
2 0 3
3 1 1
4 1 0
1 4 2
1 0 3
3 0 3
2 5 3
2 0 1
2 1 3
2 3 3
1 3 0
1 2 0
1 0 1
1 0 5
0 2 1
1 2 0
5 2 2
1 1 3
0 3 1
1 0 0
0 2 2
2 4 3
1 2 3
0 3 0
2 3 0
2 1 1
1 1 2
3 0 3
1 2 1
3 1 2
3 1 1
1 0 1
1 3 4
3 3 3
1 3 1
3 2 1
1 0 2
1 6 0
0 1 3
2 0 1
3 1 2
3 1 4
0 0 2
0 2 1
3 3 1
1 1 2
0 3 1
1 0 1
1 2 5
0 1 5
5 2 2
2 3 0
1 2 1
2 1 3
3 4 3
0 4 4
3 0 2
1 0 2
1 2 4
1 2 1
3 1 1
5 4 1
3 4 2
0 0 1
1 4 2
0 2 1
3 1 2
2 0 2
1 3 0
1 2 4
3 3 4
3 1 4
1 0 1
3 1 1
1 1 0
1 2 1
2 0 0
1 0 2
2 1 2
3 0 2
1 0 1
0 0 5
0 2 2
0 1 3
4 1 2
0 0 6
2 3 2
1 3 0
3 5 1
0 0 4
3 4 0
1 3 3
1 2 1
1 0 1
1 3 3
3 0 0
0 1 3
2 1 1
1 1 0
1 0 1
1 2 1
2 0 1
1 1 3
3 1 0
0 6 2
1 0 2
0 0 1
1 2 0
1 3 3
0 3 1
1 1 1
2 0 1
3 3 4
2 0 2
1 5 2
1 2 0
5 1 1
3 0 3
1 4 4
1 1 1
2 1 1
1 3 1
3 0 2
0 0 2
1 1 1
6 2 4
1 0 0
2 2 0
0 4 0
1 4 0
0 4 2
0 1 2
1 0 1
1 0 0
1 0 2
1 1 4
1 2 1
0 2 3
1 2 0
3 3 0
0 4 3
0 0 2
1 1 3
1 3 2
2 0 3
0 1 1
2 3 0
2 0 1
1 1 0
2 2 1
1 4 1
3 5 1
2 3 3
3 1 1
1 2 1
3 1 2
1 3 0
2 0 5
1 2 3
0 2 1
0 0 1
0 1 3
2 2 0
2 2 2
0 1 0
5 1 1
0 3 0
2 2 0
0 3 2
2 1 1
0 1 1
0 2 1
0 4 1
2 0 1
2 1 2
2 2 4
2 1 3
2 1 1
5 1 0
0 1 0
2 0 0
2 3 6
2 0 2
0 3 3
1 0 1
6 1 4
2 0 1
4 0 2
1 2 3
0 0 2
1 0 2
0 3 3
3 5 4
0 2 2
3 5 0
1 3 3
1 3 3
0 0 1
1 2 3
1 0 0
5 5 0
3 0 0
1 0 1
1 2 4
2 1 0
5 5 1
2 4 0
3 1 1
0 2 0
0 3 0
2 0 4
0 4 1
0 0 1
1 3 1
2 3 2
2 0 0
0 3 3
1 1 2
0 0 1
5 2 4
1 1 3
0 2 3
0 1 0
2 2 2
2 1 1
2 1 1
2 1 2
2 4 0
2 0 1
2 0 3
4 0 1
1 2 3
1 3 3
1 1 2
0 2 2
0 2 2
3 3 3
1 0 1
2 2 1
0 3 2
3 1 0
0 1 1
0 2 3
2 1 3
1 2 0
1 0 3
1 3 2
1 1 1
0 3 3
3 3 1
1 4 3
1 6 0
1 3 3
2 0 1
3 3 1
1 1 1
0 0 1
1 2 5
1 2 0
2 1 1
2 1 2
0 4 5
1 0 1
5 0 0
3 3 1
2 2 1
1 3 0
1 4 3
4 0 1
2 2 1
2 6 2
0 3 1
1 1 2
5 4 2
1 2 0
1 2 1
1 2 2
0 2 1
1 1 1
1 0 0
2 1 2
5 0 1
0 2 1
1 2 1
0 2 3
2 3 3
0 4 1
1 4 4
0 0 4
1 1 4
1 5 0
0 1 2
0 2 5
1 1 4
3 4 5
0 3 2
1 1 3
1 2 1
0 0 5
0 1 0
2 1 3
0 3 3
0 0 1
2 2 1
4 2 2
1 2 1
3 1 0
0 1 1
1 2 6
1 2 2
2 1 3
2 1 1
4 1 0
1 1 0
3 2 2
1 3 3
0 1 5
2 0 1
3 1 1
2 1 0
0 4 3
2 1 3
4 3 2
1 2 1
3 3 2
1 1 1
4 0 3
1 0 2
0 3 2
1 2 1
2 3 1
1 1 1
1 1 3
3 2 4
2 3 0
1 4 3
2 2 1
1 1 3
1 3 1
1 0 3
1 0 2
1 0 0
4 1 2
0 2 3
0 0 0
1 0 0
4 0 0
4 1 0
2 0 1
2 1 2
0 3 1
1 3 2
2 1 2
4 1 5
4 2 1
3 2 0
1 1 2
2 3 4
1 1 2
0 5 1
1 0 1
1 1 6
1 4 4
0 0 2
1 4 2
0 1 3
0 0 2
1 2 2
0 1 3
0 4 1
3 1 2
1 3 3
0 2 3
2 1 1
4 0 1
0 1 1
1 1 2
3 1 3
3 2 1
1 1 5
3 1 2
2 0 0
3 0 2
2 1 2
3 4 1
1 2 0
3 2 1
1 1 0
0 0 2
1 0 2
2 4 1
3 2 0
1 3 2
0 2 1
4 4 0
1 1 3
0 1 2
1 1 1
3 2 0
5 2 1
1 2 1
0 2 0
1 5 0
4 0 0
4 2 2
0 3 3
3 0 2
0 0 2
0 1 4
3 4 0
1 0 4
2 0 1
0 1 3
1 2 1
2 3 3
0 1 4
0 2 1
1 0 1
5 2 0
2 0 2
4 2 2
2 0 0
1 0 2
4 3 0
1 2 1
3 1 0
1 1 3
2 0 1
0 1 1
1 3 2
1 1 2
1 3 1
2 1 0
2 0 3
1 5 1
3 0 5
4 1 3
1 0 2
0 1 1
3 3 2
1 2 1
1 1 2
0 1 0
2 1 0
1 1 1
2 1 2
3 1 3
0 3 1
1 5 1
0 5 1
0 1 3
1 4 0
3 1 2
0 1 2
3 1 0
0 3 5
1 3 4
1 4 0
1 1 0
5 1 1
2 2 1
0 1 1
2 0 2
3 2 3
0 2 0
0 4 1
0 1 4
1 2 3
4 0 2
2 1 3
1 0 2
0 1 1
1 3 5
0 1 1
0 1 1
2 0 2
2 1 0
3 2 1
0 0 1
2 0 2
2 1 5
2 0 2
2 3 1
1 2 1
3 5 0
1 1 0
4 1 1
2 0 1
0 2 1
1 0 2
2 4 2
1 4 5
3 2 0
0 1 2
1 2 0
2 0 1
3 2 0
5 4 5
1 0 0
2 1 0
1 2 4
0 2 5
2 2 2
6 2 1
2 4 6
0 0 2
1 0 3
0 3 4
0 2 2
3 2 2
2 2 2
1 0 0
1 5 3
0 1 4
2 4 1
1 0 1
4 5 4
4 2 5
3 2 1
4 4 3
3 0 3
1 1 1
0 1 1
1 3 2
4 2 4
3 2 1
4 2 1
6 0 4
1 1 3
3 4 0
1 1 5
2 0 3
3 0 1
3 1 1
0 1 2
3 0 0
3 2 4
1 2 0
4 0 0
2 0 5
4 1 3
0 0 0
0 0 4
0 3 3
3 6 2
0 2 0
1 3 1
1 0 0
0 0 2
2 2 2
4 2 2
3 0 1
0 1 1
3 3 2
1 5 0
2 1 1
0 1 1
3 1 1
2 0 1
0 2 1
3 5 1
4 0 1
3 0 2
0 1 3
4 3 1
1 2 4
4 2 1
1 0 1
3 1 0
6 2 1
0 2 1
3 2 1
2 2 6
2 0 1
1 0 0
1 2 1
2 2 1
3 2 1
0 5 3
1 1 0
1 0 1
0 1 0
0 0 1
1 1 0
3 4 2
0 3 2
3 0 0
3 0 1
0 2 0
4 1 3
2 2 1
1 0 0
3 0 0
4 5 2
3 3 0
2 4 1
1 0 0
2 0 0
1 2 1
0 0 3
2 3 0
0 6 2
1 2 0
3 0 0
2 0 2
2 0 1
1 0 0
0 4 2
3 1 0
1 2 0
1 6 1
4 2 3
1 4 3
3 5 0
0 5 1
2 0 1
1 2 0
2 0 1
1 0 2
2 4 0
6 1 2
1 3 2
2 0 0
0 1 0
2 2 1
3 3 2
1 1 4
1 2 0
2 1 6
0 0 0
0 1 1
3 1 4
2 0 1
3 3 1
1 0 0
2 2 1
1 2 3
2 1 2
0 2 3
5 0 1
2 2 0
0 0 2
4 2 4
1 0 2
0 2 1
1 2 1
1 2 1
4 0 3
0 3 4
1 2 0
2 4 3
1 1 0
1 0 0
2 1 0
0 2 1
6 4 0
0 1 2
1 2 2
6 3 3
3 3 0
0 6 2
1 1 3
3 1 2
2 0 3
3 0 2
0 3 0
2 2 3
1 0 1
2 0 4
2 3 1
4 1 2
1 5 1
1 2 0
0 0 1
1 3 0
1 3 4
6 2 1
0 1 1
1 2 2
3 1 1
2 1 4
0 1 3
0 2 0
3 1 1
0 0 5
4 0 2
1 0 1
1 1 0
1 2 0
0 1 0
0 0 0
3 1 2
1 0 1
1 0 0
1 0 0
0 1 6
1 3 3
1 0 1
1 3 2
0 1 0
0 3 4
0 0 2
3 3 1
1 0 1
1 1 5
2 0 0
1 4 1
1 1 2
1 2 4
2 2 1
0 4 2
2 0 2
3 1 4
2 2 1
3 2 1
0 2 1
1 2 1
2 1 1
1 3 1
2 1 2
0 2 1
1 2 0
2 3 0
0 2 2
2 6 2
1 0 0
1 0 2
0 0 5
4 4 1
1 2 0
0 2 5
0 4 0
4 2 1
0 2 1
3 1 4
2 2 2
0 2 0
1 3 0
2 2 3
4 2 1
0 2 1
0 1 1
4 2 0
0 3 1
0 6 0
1 5 3
2 1 0
4 2 2
1 1 2
1 1 0
1 3 1
3 1 2
1 0 1
2 1 1
0 1 2
2 2 6
1 0 6
1 1 1
3 3 0
1 0 1
1 3 3
3 2 3
3 1 2
3 1 1
1 1 1
1 1 2
2 3 1
4 2 0
4 0 1
1 1 1
0 0 3
4 0 3
1 1 0
2 2 1
3 1 0
2 1 4
3 1 2
2 1 5
1 3 0
2 3 1
1 0 2
5 0 1
1 1 1
1 2 1
2 0 2
1 1 0
4 1 1
4 4 1
6 1 0
1 2 0
0 2 1
0 1 1
0 1 5
1 1 1
1 2 3
0 5 3
1 2 0
1 2 3
1 2 3
1 1 2
1 1 5
1 0 5
2 0 1
0 0 1
3 1 2
0 0 0
3 0 0
0 1 1
0 2 1
2 0 2
1 0 2
2 3 1
3 0 2
2 0 0
0 1 0
0 1 1
1 3 0
3 0 0
0 2 0
1 0 2
2 0 3
3 1 0
0 0 2
0 1 1
1 2 1
2 1 2
0 1 2
2 1 1
1 0 2
1 1 1
0 2 3
2 1 1
2 3 1
1 1 0
0 3 3
2 1 1
5 0 0
3 1 1
1 5 2
0 2 2
5 1 1
3 1 3
0 1 3
1 0 2
3 0 3
0 2 0
0 3 0
3 2 4
5 3 6
0 4 1
0 1 1
0 0 1
3 0 0
0 1 4
1 0 4
0 0 1
0 0 5
0 1 1
1 0 2
1 1 1
5 1 2
0 2 1
0 3 2
2 3 0
1 1 0
0 0 2
0 5 1
0 0 0
0 0 0
0 1 1
0 2 0
2 4 1
1 2 1
3 3 0
2 0 0
3 1 4
2 2 2
0 0 1
3 3 3
4 6 2
1 0 2
0 1 1
1 1 0
3 5 1
0 3 1
2 3 2
3 0 2
1 1 2
4 1 0
0 0 1
1 1 2
0 3 1
1 1 2
0 0 1
2 1 0
0 2 1
1 0 1
2 0 3
1 0 1
5 4 1
1 3 2
2 1 4
0 1 2
5 0 2
2 1 1
0 0 2
1 2 2
2 0 3
0 1 3
0 2 0
5 0 3
0 1 2
2 4 0
0 1 0
2 1 1
2 0 4
4 1 3
1 1 0
2 2 0
2 2 0
4 0 1
0 0 2
0 3 0
2 3 1
2 2 2
1 0 2
3 2 0
1 0 0
2 3 6
3 0 2
1 0 0
1 2 1
4 1 2
1 2 3
2 1 0
4 0 1
1 2 2
2 0 6
5 1 0
2 0 4
1 4 0
3 1 2
3 4 2
0 1 2
1 3 0
4 2 1
0 2 3
4 1 1
0 2 0
1 0 3
3 2 2
2 1 1
1 0 1
2 0 2
2 3 2
1 1 3
2 0 2
2 4 2
0 0 2
2 2 1
4 0 1
2 6 4
3 1 1
0 3 0
2 3 0
1 3 1
2 3 0
2 2 1
0 0 2
1 6 0
0 4 0
2 3 2
1 1 1
1 0 3
4 0 1
4 2 6
3 2 1
5 2 1
2 2 0
2 2 1
4 0 2
3 2 1
1 1 2
1 2 1
1 3 1
3 0 1
3 1 0
3 1 2
1 2 1
4 5 1
4 2 2
0 0 0
0 1 3
2 2 1
1 0 4
0 4 1
3 3 0
4 3 1
4 1 0
1 1 1
1 5 1
0 3 2
1 2 1
2 0 3
2 0 1
0 0 3
2 2 3
1 2 3
1 1 1
2 0 2
0 4 1
1 0 1
1 2 4
0 0 1
0 1 1
3 1 6
4 0 1
0 0 1
0 3 0
0 1 1
2 1 3
3 0 5
1 2 2
0 2 3
3 1 2
2 3 2
0 0 0
0 0 0
3 2 2
1 2 0
0 0 3
4 1 4
1 6 4
3 1 1
6 1 0
2 1 0
0 2 2
2 1 2
1 1 1
2 1 1
3 6 3
4 1 3
3 1 1
1 0 0
1 4 1
3 3 0
1 2 3
1 2 0
1 1 2
3 1 2
1 0 1
3 2 1
1 2 1
2 2 2
1 0 0
6 2 1
1 1 0
0 1 0
4 0 3
0 1 2
1 3 3
0 1 1
2 2 3
3 1 1
0 1 3
1 1 0
5 3 1
6 0 2
2 4 3
1 2 1
2 0 0
4 0 1
2 5 0
0 0 1
0 4 3
3 2 2
1 0 0
0 3 0
2 1 0
3 1 4
3 1 2
1 1 2
2 2 1
2 2 1
2 3 1
3 1 1
3 1 2
0 2 5
1 2 2
1 3 1
2 1 0
1 4 1
0 4 0
0 0 2
3 5 0
0 2 2
2 0 1
4 2 0
2 4 1
3 5 1
1 0 1
0 1 1
0 2 1
2 1 2
1 2 4
2 1 0
1 3 3
2 3 2
0 0 1
0 2 1
1 5 0
3 2 1
1 4 3
1 5 2
1 2 1
0 1 2
5 2 1
2 1 2
0 3 2
4 1 0
5 2 1
2 1 2
3 0 0
0 1 2
0 0 0
0 0 2
2 0 2
2 1 0
2 0 1
1 3 1
1 0 1
0 0 5
2 2 0
3 0 2
4 0 3
2 0 1
0 3 0
0 1 3
1 4 0
1 1 0
0 4 1
0 2 1
1 1 1
2 1 2
6 1 2
2 2 2
2 0 0
2 2 4
2 3 3
2 0 0
0 2 4
4 0 2
1 1 1
2 0 2
2 0 1
1 2 0
2 3 1
0 0 2
2 1 0
2 1 0
1 3 2
0 1 2
1 3 2
3 2 0
1 0 1
0 2 3
6 1 3
2 5 3
1 0 4
1 0 1
0 0 6
1 0 2
0 0 3
1 1 1
5 0 0
0 0 3
1 4 3
3 5 0
3 2 1
0 1 0
2 1 4
4 1 3
1 2 3
2 4 0
2 1 1
1 0 2
0 1 1
1 1 2
0 0 2
4 2 2
2 2 1
6 0 3
2 1 0
1 2 2
1 5 0
0 1 4
0 2 3
0 0 2
3 0 1
4 2 2
0 0 5
2 1 1
0 0 1
2 1 6
1 0 3
2 0 1
1 2 1
3 5 0
1 1 0
0 0 0
2 0 1
0 3 1
0 0 2
2 1 0
1 1 3
0 1 4
0 1 1
2 2 1
1 1 5
0 3 4
1 3 1
4 2 2
3 1 1
1 1 1
0 1 3
1 0 3
1 1 0
1 1 3
0 2 0
0 1 0
2 2 4
4 2 3
2 2 2
1 0 0
1 1 0
2 1 0
5 3 5
1 4 1
2 1 5
0 0 3
1 3 0
4 3 3
0 3 4
3 1 0
3 3 1
3 2 2
1 4 1
0 1 1
1 4 1
3 2 1
0 1 1
1 1 1
3 2 0
0 3 3
1 1 5
1 2 1
0 3 2
2 2 1
2 0 3
2 0 5
2 1 1
1 0 2
1 1 1
0 1 1
0 1 1
1 0 1
2 2 1
5 5 1
0 0 3
1 2 0
0 1 4
0 0 0
1 0 1
0 0 0
1 5 1
1 2 4
1 4 1
1 0 3
4 3 2
1 1 4
0 1 1
3 1 2
6 0 0
3 4 5
0 4 0
1 4 2
1 2 4
5 3 1
4 0 2
0 0 1
5 0 0
1 1 2
2 5 3
1 3 1
3 4 1
3 0 0
0 3 1
1 4 5
4 0 1
1 5 1
1 1 0
1 1 1
0 2 2
0 1 0
0 1 0
0 2 2
1 1 1
5 5 2
2 1 1
1 1 3
5 0 1
0 2 1
0 1 6
2 2 3
1 2 3
1 0 4
0 1 3
1 4 2
1 0 0
1 1 0
0 1 2
0 3 1
0 1 3
2 0 4
1 2 2
1 4 2
0 3 3
2 2 2
2 2 2
2 2 2
4 2 2
0 2 3
0 1 5
2 2 2
3 1 4
0 2 3
2 2 3
3 3 0
1 2 4
1 0 0
1 1 0
4 4 2
2 0 1
0 0 3
5 1 0
1 0 0
4 1 4
2 1 1
1 3 1
3 2 1
0 2 0
1 1 4
2 2 3
1 0 1
1 1 2
0 5 1
4 2 4
4 1 1
0 1 2
0 1 3
1 1 4
1 3 3
3 1 0
0 1 1
1 1 0
4 4 3
1 1 4
1 3 0
3 1 0
0 0 1
5 1 0
1 3 4
0 5 1
0 0 3
0 2 0
1 1 1
6 0 5
2 2 3
1 2 0
3 2 2
0 1 1
2 1 1
1 1 1
1 0 2
1 1 4
2 2 2
1 5 6
4 1 4
1 1 4
3 1 3
0 3 2
2 1 2
2 3 3
0 2 0
2 1 2
3 1 2
4 1 1
0 1 0
1 1 4
3 2 1
3 6 1
3 1 1
2 2 0
1 0 2
2 1 0
4 3 1
3 2 0
3 1 1
0 3 1
0 1 0
0 1 0
0 0 5
3 1 0
1 4 1
0 1 3
0 0 1
0 2 3
1 3 1
2 0 0
1 0 1
1 2 1
3 3 5
0 2 3
0 0 2
2 1 1
1 3 0
3 6 0
3 1 0
0 3 0
0 4 1
1 0 0
1 2 2
3 2 2
0 3 5
0 0 4
1 1 2
3 2 2
1 2 0
5 2 1
1 1 4
1 0 1
0 1 1
1 1 1
2 0 2
0 5 1
0 3 3
4 1 1
1 3 6
2 0 6
0 0 0
2 2 2
3 1 0
2 3 4
2 1 0
1 2 1
0 4 2
2 2 0
1 3 0
1 0 0
0 0 4
5 0 2
0 2 3
1 2 1
1 4 3
2 1 1
3 1 1
3 3 3
0 2 2
0 2 1
1 3 1
0 0 2
5 2 1
1 1 2
0 2 0
1 2 2
2 0 1
4 5 0
1 3 1
5 2 1
2 3 4
1 0 0
5 1 4
0 1 1
5 1 0
1 1 0
2 2 3
1 1 2
2 2 0
4 1 2
1 1 3
4 4 5
5 6 0
1 0 1
1 4 0
3 3 0
4 2 1
3 2 1
2 4 0
1 1 3
0 3 3
2 2 3
0 0 1
0 2 1
2 1 0
2 3 1
1 0 0
0 0 1
2 1 2
0 1 6
1 1 1
3 3 2
1 0 0
1 2 0
2 0 6
1 2 4
0 0 1
1 2 1
1 1 2
3 2 4
1 4 1
2 2 4
0 1 5
3 0 1
0 2 2
2 4 1
2 0 4
4 3 2
0 1 1
1 0 1
0 3 1
4 2 4
0 1 0
0 1 1
1 3 0
0 1 2
1 1 0
1 1 0
0 3 1
0 1 0
5 3 1
3 0 3
3 3 3
0 2 2
1 3 3
3 1 3
2 5 1
0 1 0
1 1 1
2 4 2
3 1 0
4 1 3
1 2 3
3 0 0
2 1 0
4 3 3
2 0 5
2 3 2
5 3 3
1 2 0
4 0 5
1 5 1
1 2 4
0 4 0
1 3 1
3 2 3
1 4 4
1 0 0
2 1 2
5 0 0
3 1 1
0 1 3
1 1 3
1 2 1
2 6 1
1 0 0
1 2 3
3 1 1
2 3 2
1 0 2
1 2 1
0 1 0
0 2 1
1 2 2
2 1 2
1 2 2
3 4 1
0 1 1
0 3 2
0 0 1
1 2 0
1 0 3
3 0 1
0 1 2
1 1 2
0 2 0
2 1 2
4 2 4
3 2 3
3 1 1
0 0 1
1 0 1
1 0 0
0 0 3
0 2 5
0 4 1
2 1 1
1 2 1
2 2 3
0 1 0
2 5 2
1 2 2
0 1 1
5 0 4
0 3 4
2 1 2
0 1 3
1 1 2
0 1 4
0 0 0
3 1 1
1 6 0
2 1 4
1 1 1
1 2 3
2 2 0
0 1 3
2 0 0
2 2 1
2 0 1
3 5 3
1 6 1
0 1 0
0 0 0
1 2 2
3 5 2
5 3 5
1 4 1
0 2 1
4 0 2
2 0 5
2 3 2
0 2 0
4 4 1
1 2 2
1 0 3
1 1 2
0 1 1
5 2 3
2 4 0
0 1 1
1 1 1
1 4 3
0 2 3
1 2 2
3 1 2
2 0 0
3 1 1
0 1 1
3 1 3
3 2 0
1 0 4
1 0 2
0 1 0
2 0 2
1 1 0
1 5 1
2 0 4
3 1 1
1 6 1
2 0 0
1 1 2
2 4 0
1 2 2
6 0 0
0 1 1
1 0 1
1 3 1
0 2 3
3 3 3
0 2 0
2 0 2
0 0 2
0 0 4
2 3 0
2 1 0
0 3 3
2 0 2
4 2 3
1 0 2
2 4 2
1 1 2
0 2 2
1 2 2
2 1 1
1 1 5
1 0 1
4 0 0
0 2 2
2 1 5
3 4 4
3 0 0
1 2 0
2 1 2
0 1 1
4 0 2
2 1 0
0 0 1
1 4 5
2 0 1
1 1 0
0 1 0
2 0 1
2 2 5
4 1 0
3 1 1
2 3 1
1 1 2
1 1 0
1 1 3
0 0 1
2 1 1
5 3 4
0 0 1
2 0 1
2 2 2
1 3 1
2 3 1
4 1 0
3 2 1
2 2 2
1 1 5
1 0 2
0 1 2
5 1 4
1 2 1
0 1 2
2 1 0
1 4 1
0 4 2
1 0 0
0 3 0
1 0 2
1 0 4
0 0 3
3 4 0
3 1 2
4 1 2
0 0 4
0 2 3
1 0 4
1 1 0
1 3 1
3 2 1
1 4 0
3 3 2
0 1 2
1 1 2
2 0 3
0 3 3
1 2 2
4 3 1
3 1 1
0 4 2
1 2 0
1 2 2
0 4 2
2 3 1
0 2 1
3 2 2
5 2 1
0 3 2
2 4 0
1 1 1
2 3 1
0 0 0
1 1 1
1 1 3
0 0 1
2 1 1
3 0 0
4 1 1
1 0 2
0 1 0
0 6 3
2 3 2
1 0 0
1 3 3
0 4 1
0 3 0
3 1 1
1 1 1
1 1 1
0 1 1
2 1 4
0 1 2
4 3 0
1 2 2
2 0 6
5 2 1
1 4 2
2 1 0
4 0 1
0 1 0
4 1 2
2 3 0
0 2 2
1 3 0
3 2 2
0 3 0
0 0 3
1 0 1
0 2 1
1 2 2
2 1 0
1 2 0
1 1 0
3 3 2
2 2 1
1 1 3
6 5 5
2 1 0
0 1 0
2 1 2
2 0 1
2 3 2
3 2 2
2 0 4
1 3 2
3 2 5
0 1 2
1 3 0
4 2 0
1 3 0
0 0 4
2 2 1
2 1 2
2 1 4
2 1 0
1 1 1
2 1 4
3 1 1
1 1 2
1 0 1
0 0 0
3 1 1
1 0 4
1 0 2
1 1 0
3 2 2
1 1 3
0 4 1
0 0 0
1 2 3
3 3 3
0 1 3
3 2 1
1 2 5
1 1 4
2 4 3
2 2 0
3 0 3
0 3 2
2 3 2
0 1 1
1 0 1
0 6 0
4 2 0
5 0 2
1 2 2
1 4 1
2 2 2
2 2 0
1 0 2
2 1 2
5 1 4
0 3 1
0 2 2
1 2 3
4 3 2
1 0 6
2 6 1
2 4 0
2 1 5
2 0 1
1 4 1
4 1 0
0 1 5
2 5 0
3 4 0
2 2 2
1 4 2
3 1 3
0 4 1
1 2 2
4 1 4
1 2 5
0 3 1
0 0 3
1 3 1
0 3 1
0 0 1
0 0 2
0 0 3
3 5 1
0 1 0
2 1 0
4 1 1
0 1 1
3 0 2
1 1 2
2 2 1
2 2 0
4 1 2
1 0 1
0 1 1
3 1 5
1 1 1
1 4 0
0 2 1
1 6 2
0 5 1
1 0 3
1 0 2
0 3 2
0 1 1
2 2 0
2 0 1
0 0 3
2 3 0
0 5 4
3 1 3
0 1 4
2 4 1
3 4 0
2 0 2
2 2 1
0 0 0
3 1 0
2 2 0
1 2 2
3 1 0
1 2 0
3 5 1
0 2 1
1 3 2
2 2 4
5 0 2
0 4 3
1 1 5
5 1 1
1 2 3
0 2 3
0 2 0
0 5 2
0 1 1
3 3 3
4 2 2
2 0 3
1 1 5
1 1 2
6 0 1
2 2 1
2 0 4
0 1 2
0 0 2
0 0 0
2 2 1
0 2 2
2 2 3
6 1 0
6 2 4
1 0 3
2 1 2
0 5 0
0 4 2
2 1 1
2 0 0
2 1 0
1 1 0
3 4 4
0 4 3
4 0 1
3 0 1
2 4 2
1 3 0
3 1 2
4 2 2
1 4 2
4 1 1
1 2 0
2 1 1
1 2 0
1 2 1
1 1 0
0 2 2
3 2 1
2 2 1
1 1 3
0 4 1
1 2 1
2 0 1
3 2 1
2 3 0
3 1 1
2 1 2
4 3 3
1 3 2
1 2 0
6 0 1
2 0 4
3 2 2
1 0 1
4 0 0
0 2 2
1 5 2
2 3 4
0 1 1
0 2 0
1 1 2
3 0 0
0 0 1
1 2 3
0 2 3
2 2 2
2 1 1
1 1 1
3 2 0
2 1 1
0 2 1
1 1 3
2 2 0
2 2 1
0 2 1
1 1 4
2 3 4
4 4 2
1 2 0
3 1 2
4 2 1
2 1 3
3 2 1
0 1 0
0 1 3
0 0 3
2 0 3
2 4 2
1 1 0
1 2 1
3 2 0
2 3 0
1 3 1
4 1 2
1 0 0
1 3 4
1 1 1
1 1 0
0 1 0
1 2 3
4 1 0
2 1 4
1 2 0
2 1 0
3 1 1
0 0 0
4 1 0
1 0 3
4 1 0
0 0 1
3 3 1
4 4 2
2 2 1
1 0 2
1 1 0
0 1 3
2 2 3
3 0 1
3 2 1
1 4 2
4 5 3
3 0 4
0 2 1
1 1 0
2 0 0
1 0 2
3 3 4
4 0 6
3 3 3
1 0 0
0 3 0
1 2 5
1 2 3
2 4 1
2 1 0
2 2 0
0 4 2
1 1 0
3 1 2
3 1 1
0 0 0
1 4 0
0 1 2
5 0 0
1 5 0
3 4 1
0 1 1
2 2 3
3 1 1
6 5 0
1 1 0
4 0 1
2 2 2
1 1 1
3 1 2
0 0 0
2 0 1
1 3 2
2 3 3
0 0 2
1 5 2
1 2 0
0 1 1
1 3 1
3 0 1
0 1 1
0 1 1
1 3 4
1 3 1
1 1 1
3 1 1
2 0 0
0 0 1
2 2 3
1 2 4
0 2 2
3 1 1
0 1 2
2 2 0
3 0 2
1 1 3
6 2 0
1 0 2
2 2 1
1 0 1
2 4 3
0 1 3
1 2 3
1 2 1
0 0 2
2 2 0
4 2 0
0 1 0
1 4 3
4 0 2
1 1 1
0 0 2
3 1 5
2 2 0
2 3 3
0 1 1
2 3 2
1 1 6
0 1 0
1 2 3
2 5 6
3 0 4
1 3 3
3 4 0
0 2 1
0 3 2
1 0 0
2 0 2
1 1 1
3 0 2
1 0 1
1 1 0
1 1 0
1 1 1
0 2 1
0 3 4
3 2 2
1 0 0
0 3 0
2 0 1
4 2 1
0 1 3
0 3 5
3 3 3
4 5 1
3 1 1
1 1 0
1 1 1
1 2 6
3 2 2
2 1 0
2 0 3
1 0 1
4 1 4
3 1 1
4 3 2
2 3 1
2 3 0
1 3 2
0 1 1
1 2 2
1 2 1
0 0 4
5 1 0
1 5 2
1 2 3
4 2 4
4 3 1
2 0 0
0 5 4
3 6 1
3 5 4
1 3 3
5 3 5
0 3 0
0 1 1
2 2 0
3 2 3
1 1 0
2 1 1
2 2 2
0 1 1
2 1 0
3 0 2
0 0 3
2 3 4
3 1 1
3 2 0
2 1 4
1 1 2
5 1 1
3 1 1
1 2 3
2 1 2
0 1 2
1 0 1
2 2 1
1 5 0
3 0 2
4 4 1
5 4 2
0 1 0
3 3 1
0 3 0
3 1 1
4 1 1
1 3 1
3 0 1
2 0 3
0 1 0
0 1 2
2 1 1
5 3 0
2 1 1
2 2 5
1 0 0
1 0 4
1 1 0
2 1 0
2 2 2
2 0 3
1 0 0
1 3 2
1 0 0
1 1 4
5 4 0
0 1 3
1 3 3
0 1 0
2 0 2
3 2 2
5 0 6
1 3 1
1 2 4
1 2 0
0 1 0
2 1 0
1 3 1
0 1 0
2 2 0
0 1 1
2 0 1
2 1 2
3 5 5
3 1 1
1 1 2
1 4 1
5 2 1
1 0 1
2 1 1
1 1 1
0 0 0
0 0 0
1 1 1
2 1 1
2 1 0
3 3 2
4 0 1
4 2 2
2 0 2
4 3 2
3 3 0
4 1 0
1 2 2
2 0 0
1 3 0
0 0 1
2 1 0
3 2 5
4 0 1
1 3 6
2 2 3
1 2 1
2 3 4
3 2 2
4 0 0
0 1 0
4 2 3
0 4 1
1 3 1
0 4 0
0 2 0
1 1 3
4 0 1
1 0 1
2 2 1
3 1 1
0 1 0
0 2 1
1 0 3
5 4 0
0 1 0
2 2 1
1 0 0
1 2 0
0 0 2
2 0 2
1 2 0
3 2 3
0 3 1
0 1 2
0 0 1
4 2 0
1 0 2
0 1 2
0 1 0
5 1 0
0 1 1
1 2 1
1 4 0
0 4 2
1 1 1
1 2 3
1 3 0
1 4 2
2 1 0
3 2 3
3 3 4
4 0 2
1 0 0
1 0 1
1 3 1
3 1 1
4 4 0
3 1 2
0 2 0
5 3 0
2 1 1
2 1 4
1 1 2
1 0 4
1 4 1
1 0 4
1 0 3
2 3 1
2 3 3
2 2 0
1 1 0
1 2 3
2 1 0
1 1 2
2 2 1
3 1 4
1 6 2
1 1 1
0 2 0
1 0 2
1 0 2
1 0 1
0 2 3
1 3 1
1 3 3
5 1 1
3 1 3
1 2 1
2 3 3
3 1 0
2 5 3
4 1 2
1 1 0
2 0 1
3 2 4
1 0 0
2 2 0
2 1 1
2 0 2
2 0 0
2 2 1
2 3 2
0 0 3
0 4 0
1 1 2
0 1 1
5 3 1
1 3 2
0 5 2
3 4 2
5 1 1
2 1 3
1 0 1
1 1 2
0 5 1
1 5 1
3 1 3
1 1 1
2 0 0
3 3 1
1 1 2
0 0 1
1 1 2
1 5 2
1 4 3
0 4 4
2 2 0
3 0 0
4 1 4
2 3 1
5 0 2
1 1 1
3 0 2
0 5 0
0 5 1
0 2 3
1 1 0
0 5 3
3 2 6
2 3 3
1 0 2
1 0 0
0 1 0
1 1 1
1 2 2
0 3 0
0 0 2
1 5 3
2 3 2
1 2 1
0 0 1
3 5 2
2 4 0
2 1 1
3 1 1
2 2 2
1 0 2
0 4 2
0 4 0
0 4 5
5 2 0
1 1 0
3 5 2
0 1 5
0 4 1
2 3 0
1 2 0
2 3 0
2 1 0
0 0 0
1 2 0
3 1 2
2 2 3
2 0 2
0 2 1
3 2 0
3 3 2
0 1 3
0 4 3
0 3 1
1 2 2
2 2 2
1 3 0
2 6 1
3 0 3
1 1 3
2 4 3
2 1 1
6 1 1
2 0 1
3 1 3
1 2 1
2 2 1
1 1 3
3 1 0
2 1 2
0 1 1
1 4 1
2 2 0
1 2 1
1 1 2
5 1 1
5 0 1
6 5 1
4 0 4
0 1 2
4 1 1
1 0 0
3 0 3
0 2 5
0 2 1
3 1 3
1 0 2
1 0 1
2 3 2
2 2 0
1 3 1
2 3 0
0 2 4
0 1 1
2 0 1
2 1 0
0 3 2
2 1 2
1 4 1
1 0 3
0 1 2
3 2 2
2 1 4
5 2 0
1 2 1
0 0 1
2 1 0
0 2 0
2 2 0
0 2 2
2 3 2
2 0 2
2 0 0
3 0 1
3 4 1
1 1 1
0 2 1
2 1 2
2 4 0
1 5 2
0 0 1
1 1 2
1 0 0
0 2 0
1 4 1
1 0 0
1 1 2
2 0 1
0 3 0
4 2 1
0 2 1
1 1 0
0 3 1
5 2 1
3 4 3
2 2 1
1 4 1
1 1 4
4 4 0
0 3 0
3 2 2
0 0 2
1 1 2
4 0 2
0 0 1
1 1 3
4 2 3
2 1 0
2 3 1
0 1 1
1 1 2
1 1 1
2 1 1
0 0 0
1 3 1
1 2 0
1 1 3
0 1 1
3 2 0
0 0 2
0 1 3
1 3 5
1 0 2
3 1 0
0 0 2
0 2 2
0 3 3
2 0 4
1 2 0
3 1 1
2 2 2
2 6 2
0 0 1
2 0 3
2 2 3
2 2 2
1 1 0
2 3 3
0 1 2
4 2 2
1 3 1
1 0 1
4 0 0
0 4 1
2 1 1
1 2 3
2 1 3
0 0 1
2 2 2
1 1 3
3 3 0
1 1 2
0 6 0
1 1 2
1 2 3
1 1 0
5 3 1
2 2 0
1 0 0
3 1 4
1 2 2
3 2 1
0 2 0
0 0 1
2 0 2
0 0 0
5 3 4
1 1 1
0 0 3
1 1 1
2 0 2
1 2 1
1 2 4
4 0 2
1 2 5
0 3 5
4 1 0
1 6 2
0 1 0
4 2 1
0 5 3
1 1 2
0 1 1
1 0 4
1 0 2
1 0 1
3 0 1
2 0 0
1 0 0
3 4 1
1 0 1
1 2 4
0 0 0
0 1 4
2 0 3
1 2 2
1 3 2
1 1 1
3 2 3
2 4 2
0 2 3
3 0 1
0 3 1
3 5 2
3 0 1
0 1 1
3 3 5
0 1 3
0 0 1
3 4 2
3 3 2
0 3 1
1 4 0
1 3 0
1 3 2
3 6 0
0 1 0
4 2 2
2 0 1
3 1 1
1 0 2
0 1 1
3 0 1
1 1 3
1 0 1
0 4 1
2 0 1
1 1 0
0 2 2
0 3 1
3 3 3
0 2 2
2 0 1
0 0 4
0 0 2
2 3 1
2 1 0
1 2 2
4 3 5
1 4 0
2 0 0
0 3 0
2 5 0
2 5 2
1 1 1
1 1 2
1 0 1
2 0 1
0 0 2
0 0 0
4 4 2
0 0 1
2 5 0
1 3 1
1 2 0
1 3 1
4 1 4
0 1 4
3 1 0
1 1 2
0 1 1
3 1 2
2 2 3
0 2 1
4 1 0
3 0 1
3 3 1
3 2 2
4 1 0
1 0 2
3 3 2
2 4 1
1 4 1
2 0 1
3 1 2
3 3 2
2 3 2
4 1 0
0 4 1
4 0 2
3 2 1
1 0 2
1 3 4
4 1 2
2 0 1
2 0 2
0 1 0
2 3 1
0 0 1
1 0 2
3 4 4
4 0 1
1 0 0
2 0 0
1 1 2
0 1 2
1 1 4
0 0 1
1 0 1
3 1 1
1 1 3
4 3 1
2 2 0
1 2 2
1 1 2
1 0 2
1 3 1
2 0 0
1 0 2
2 3 1
2 3 3
0 0 3
0 2 5
1 1 2
1 1 0
2 4 3
0 1 1
2 1 1
3 3 1
2 0 0
0 2 2
1 1 2
3 0 2
3 1 2
0 2 0
2 4 5
0 0 2
3 0 1
1 2 3
1 1 2
0 1 0
1 2 5
0 2 0
5 6 4
2 0 0
3 1 1
1 0 2
1 2 1
1 3 1
1 2 1
0 2 3
1 4 3
2 0 2
1 0 1
3 0 1
3 2 2
1 0 1
0 0 0
0 1 3
0 3 3
0 2 1
0 1 3
4 0 3
0 4 1
2 3 3
4 3 0
1 1 2
1 1 2
0 1 0
2 3 3
2 4 3
0 2 3
2 1 0
2 2 0
4 4 2
0 0 2
2 0 0
4 2 2
1 1 0
0 2 1
2 3 0
1 1 1
1 0 1
5 4 2
2 2 2
0 2 0
1 0 3
3 1 1
2 0 2
1 2 4
0 0 2
1 3 5
2 1 1
1 1 1
1 3 0
4 3 1
0 0 1
4 0 0
1 4 1
1 0 1
0 1 0
2 0 0
1 0 2
0 3 0
2 1 2
3 1 4
3 1 0
1 0 3
5 3 3
3 1 1
4 1 2
3 2 5
0 1 2
3 0 2
0 1 0
2 2 2
2 3 2
5 1 2
1 1 4
3 1 0
1 0 2
1 1 2
1 2 3
1 1 2
3 0 0
0 0 0
2 2 0
0 1 3
0 0 3
2 0 1
0 0 1
2 1 0
3 4 0
2 3 1
2 1 3
1 2 0
1 0 3
1 1 2
0 3 1
1 2 2
3 0 2
1 1 3
2 0 1
3 1 1
2 0 2
1 2 2
0 3 1
2 1 1
1 1 1
2 1 2
1 0 1
1 1 0
2 1 0
1 1 2
1 1 1
1 2 0
0 1 1
4 3 1
0 4 3
2 2 3
2 0 2
2 0 1
1 2 2
0 1 3
0 2 2
0 0 1
1 2 0
2 3 2
2 2 0
1 0 1
3 0 4
1 5 1
3 2 1
1 3 1
1 4 3
3 2 0
2 0 0
1 2 2
2 0 3
1 1 0
1 0 1
1 3 0
1 1 2
2 2 2
0 1 1
2 1 0
0 1 5
1 0 2
1 1 5
3 0 3
1 0 0
1 3 0
0 1 2
2 0 1
4 1 2
1 1 1
3 5 2
4 2 2
1 2 1
2 0 3
5 4 3
1 1 2
0 1 5
0 5 2
1 0 3
0 4 3
0 0 0
1 1 1
0 3 1
1 1 3
1 0 5
3 3 5
0 0 4
5 1 0
3 0 3
1 4 5
2 3 0
3 0 2
1 1 2
1 3 3
0 0 0
1 5 2
2 2 0
3 2 1
2 3 2
1 4 1
0 1 4
1 1 0
1 1 2
2 3 2
1 0 2
3 3 0
1 1 0
1 0 4
4 3 2
1 0 1
1 4 4
5 4 2
1 0 0
1 0 2
1 0 1
1 2 1
0 5 0
1 1 5
0 1 2
0 3 0
1 1 1
6 3 0
1 3 2
2 3 2
1 5 5
0 1 6
0 1 1
2 3 1
1 1 4
2 0 1
1 3 3
0 1 2
2 4 0
3 0 1
1 1 0
0 1 0
3 3 2
1 0 0
1 6 0
4 0 0
0 0 1
4 2 0
3 0 0
3 1 0
1 2 0
0 0 1
3 1 1
0 2 1
0 3 0
0 4 2
1 2 1
2 1 1
3 0 2
0 0 2
1 4 1
0 2 0
1 1 3
3 2 2
2 1 1
2 0 4
3 0 0
0 1 0
3 2 3
2 1 2
0 0 1
1 1 1
2 0 2
2 0 2
0 2 4
1 1 3
1 1 1
2 3 2
2 2 0
3 2 5
1 0 3
2 2 1
0 0 0
0 4 2
3 1 0
5 1 4
1 3 1
0 0 0
1 1 2
2 2 3
2 2 4
1 1 0
4 1 1
1 3 2
1 1 4
1 1 0
2 1 2
2 0 4
1 2 0
3 1 0
0 0 1
6 2 3
0 2 2
4 1 2
2 1 3
1 0 3
0 5 4
3 1 2
2 2 0
1 1 3
2 0 1
2 1 2
1 0 0
3 2 2
1 3 1
1 3 2
1 4 2
1 1 0
1 1 1
0 2 1
3 2 0
0 4 2
0 0 1
1 0 1
1 2 1
1 4 2
2 0 0
1 3 1
0 1 4
1 2 0
0 2 1
1 0 1
3 1 5
0 2 1
1 0 2
0 2 3
2 2 5
0 0 1
2 0 2
4 0 1
2 1 0
1 1 3
5 0 2
1 0 1
1 2 3
6 3 3
1 0 2
2 1 1
0 0 4
0 2 1
0 1 0
3 2 1
1 5 0
1 0 2
0 0 1
2 1 1
0 4 3
3 1 3
1 5 0
1 1 1
3 0 2
5 4 3
2 1 2
2 1 2
1 3 1
2 3 0
3 1 0
2 0 2
1 1 1
2 3 0
1 0 1
4 1 1
1 1 3
3 0 2
1 0 0
0 4 1
1 0 1
0 4 0
1 1 0
2 1 0
3 1 0
1 4 0
0 2 1
3 0 2
5 3 0
0 0 1
0 0 1
0 2 1
2 2 1
1 0 1
1 0 2
4 3 4
3 2 2
2 2 2
1 1 1
1 1 0
1 3 0
4 2 4
1 1 3
1 3 0
0 2 2
3 3 1
2 2 1
2 4 1
1 1 0
2 1 0
0 2 0
1 2 1
5 2 1
2 2 0
1 5 4
3 0 4
3 2 2
2 0 2
3 1 0
2 1 1
2 1 3
1 1 0
1 3 3
0 1 0
3 0 1
1 0 6
1 0 0
2 1 5
0 1 1
1 2 0
0 0 0
1 0 1
5 0 2
2 2 6
1 2 0
0 2 1
1 1 1
2 1 0
1 6 0
2 3 0
2 1 3
5 2 4
1 3 1
1 2 6
0 2 0
1 2 1
2 3 2
0 0 3
2 3 0
2 2 3
1 0 1
3 2 3
0 1 1
0 0 0
5 3 1
0 4 3
0 1 0
2 3 2
3 1 1
0 1 1
3 1 1
0 0 2
1 4 1
0 1 4
3 1 6
2 2 0
2 2 3
0 1 0
0 1 3
1 3 0
1 3 1
0 1 0
1 0 1
2 4 1
0 0 1
0 4 3
1 0 3
3 1 0
1 3 0
1 1 1
0 1 2
1 0 0
3 0 0
3 3 3
0 0 2
3 1 0
2 2 2
1 0 1
0 1 3
4 1 1
1 6 5
2 0 1
1 0 2
1 2 0
3 4 3
1 3 2
3 1 3
0 1 2
2 2 2
0 3 2
2 3 4
0 1 1
2 4 4
3 0 3
0 2 0
0 2 4
3 0 3
3 2 4
2 4 2
1 1 1
0 2 1
2 0 0
1 2 0
0 1 1
4 1 0
1 5 2
2 0 1
0 3 1
4 1 1
1 1 4
3 1 1
1 3 2
3 0 2
1 0 3
2 2 1
1 1 5
0 4 1
2 0 0
3 0 2
2 0 0
0 0 1
1 2 4
4 3 4
4 0 2
2 4 0
0 1 2
0 2 1
0 2 3
0 0 2
0 0 3
4 6 1
4 2 2
4 1 1
1 3 1
3 4 1
2 1 0
0 3 5
2 0 0
3 0 0
1 0 2
1 4 3
0 0 1
1 2 1
3 2 1
3 5 2
1 0 2
0 0 1
3 2 1
3 3 0
2 2 1
3 2 2
0 2 0
1 0 2
0 0 4
1 3 2
1 1 0
2 0 3
2 2 0
1 2 3
2 3 1
1 2 1
1 1 1
4 0 0
2 3 1
4 1 2
4 3 2
0 0 0
1 2 0
3 0 2
1 5 2
0 2 1
2 2 0
0 2 1
5 3 2
2 1 0
3 2 1
3 2 2
0 1 1
4 5 1
2 1 0
0 0 3
2 0 3
4 4 0
1 2 1
1 4 1
1 3 4
2 1 0
3 1 2
6 1 0
1 3 0
3 1 5
0 1 0
1 0 3
3 0 2
6 1 0
3 2 2
3 0 1
2 1 2
3 5 0
3 2 3
0 1 0
1 4 1
2 2 1
1 3 0
0 1 0
4 2 3
3 1 2
1 1 0
2 2 3
2 1 0
1 0 1
1 1 3
0 3 2
3 0 2
2 3 1
0 1 1
3 2 0
3 3 3
2 1 1
2 0 0
1 1 2
0 0 0
0 2 1
1 0 1
3 0 4
1 1 5
1 1 2
2 1 1
3 0 5
2 0 0
1 0 1
4 1 2
1 0 0
5 2 3
1 1 1
1 4 2
3 1 3
1 0 3
3 2 1
1 0 0
2 1 2
0 3 1
1 3 2
0 0 2
1 2 0
0 1 1
1 1 0
2 0 4
1 0 1
3 1 3
1 5 4
3 1 1
3 2 2
1 1 0
0 2 3
5 0 0
0 5 6
0 1 0
0 3 3
1 2 0
4 0 0
0 1 0
1 0 1
4 0 1
3 2 2
3 1 0
3 2 1
2 5 1
2 1 1
1 1 1
1 3 0
4 2 2
0 0 2
1 0 0
3 2 5
0 5 1
1 4 1
0 0 1
3 1 3
1 1 1
2 2 4
0 4 2
2 0 0
1 0 1
0 1 2
1 3 0
2 2 5
2 0 0
3 2 3
0 1 0
1 0 0
0 0 1
3 1 1
1 1 3
1 0 1
1 2 1
0 1 0
2 2 0
0 1 3
2 2 0
1 1 0
1 1 1
2 0 1
0 2 1
2 1 1
2 2 1
3 1 0
3 1 2
0 2 2
1 4 1
0 0 1
2 0 2
4 2 1
1 0 2
0 3 2
0 0 2
3 4 3
0 1 0
1 0 4
4 2 2
0 1 2
3 4 5
1 0 1
3 2 0
4 2 2
0 1 1
0 5 1
4 0 1
1 2 0
0 0 1
0 4 1
3 2 0
3 4 2
1 0 1
4 1 2
1 0 0
4 1 3
2 1 0
1 0 3
0 1 2
0 1 2
0 1 1
1 0 2
3 2 0
2 3 2
3 2 2
4 2 2
4 2 0
3 1 1
1 2 0
2 0 2
1 0 2
1 0 2
0 2 1
2 1 3
3 1 1
2 1 0
3 3 1
1 1 1
2 2 1
3 3 1
1 0 1
0 3 2
1 0 2
2 1 2
0 1 3
0 1 3
0 1 1
1 2 0
0 3 5
0 0 1
0 1 2
5 1 5
0 1 4
3 1 1
2 2 0
4 1 1
4 3 1
1 2 0
1 1 3
3 0 3
5 3 0
2 1 1
2 1 1
2 0 2
1 2 4
1 1 3
0 0 0
1 3 1
0 2 2
1 1 5
6 1 2
2 5 3
0 4 1
2 0 1
2 2 5
3 4 0
1 2 2
1 1 4
1 1 3
2 1 1
2 2 1
1 0 2
0 1 3
2 0 4
1 3 4
2 3 2
0 2 1
1 2 0
5 0 0
1 1 1
0 1 4
3 0 5
1 4 0
2 3 2
5 4 1
2 5 1
3 1 1
1 5 2
1 1 1
2 1 1
1 4 3
0 2 1
4 5 3
3 1 0
2 1 5
1 4 1
3 0 0
3 0 1
3 1 0
5 1 1
3 1 2
1 1 2
2 1 2
0 2 4
4 0 1
0 1 0
1 2 1
4 4 2
1 1 1
0 1 2
0 0 1
0 1 1
5 1 4
0 4 4
0 0 1
1 1 1
3 3 6
1 1 0
4 0 0
1 5 4
1 1 2
1 1 3
3 0 5
1 0 3
2 1 0
1 0 1
4 4 5
2 1 2
2 0 0
4 1 0
4 1 0
2 1 0
2 4 0
3 3 0
1 2 3
1 2 4
3 2 0
2 2 2
1 1 0
0 0 1
2 0 0
0 5 4
2 1 2
1 2 1
3 2 1
0 1 1
2 0 0
3 2 1
0 1 2
0 5 0
2 3 0
0 2 5
4 1 3
0 2 1
4 2 2
0 0 2
4 4 1
1 2 0
3 3 3
1 1 2
3 3 1
4 0 2
0 1 4
4 3 1
4 1 0
0 2 2
1 1 6
0 0 3
1 2 0
2 1 3
2 2 0
3 2 0
2 1 1
0 0 3
1 0 0
1 0 6
1 3 0
1 2 0
2 4 0
1 3 2
3 0 1
2 1 0
1 4 2
2 0 0
3 3 4
4 0 1
0 1 2
3 2 2
2 4 1
0 2 1
5 1 1
3 1 1
0 1 0
3 1 0
2 1 1
1 1 3
2 1 2
0 2 2
1 1 1
1 4 2
1 0 2
1 3 0
1 5 1
2 3 1
2 1 1
3 3 0
2 2 3
3 2 4
0 3 2
1 1 1
1 1 5
0 1 1
1 2 0
1 0 0
0 3 2
4 2 4
1 1 4
0 3 3
1 2 2
2 0 0
1 3 2
1 0 1
3 4 2
4 1 5
4 2 2
1 3 1
3 4 4
2 1 1
0 4 0
2 1 0
0 2 0
0 4 5
1 1 1
1 0 1
4 1 2
2 1 0
1 5 2
2 0 1
1 1 2
0 1 0
3 0 0
2 0 2
2 2 1
0 4 0
2 1 4
3 0 5
2 2 1
1 1 1
2 3 2
4 1 0
0 2 1
1 2 0
3 2 0
3 0 2
1 1 3
1 2 1
1 1 3
0 6 3
0 1 2
1 0 4
0 4 1
2 6 4
0 2 1
0 0 1
0 4 1
3 1 0
2 2 4
3 0 2
0 1 0
3 2 4
1 1 0
3 0 4
1 1 1
0 1 5
2 1 4
1 2 4
1 0 2
1 6 3
2 4 4
3 0 1
1 0 0
1 1 1
0 2 0
2 3 2
2 0 2
1 4 2
0 2 1
2 1 0
0 5 0
1 0 3
1 1 2
0 2 1
2 1 4
4 1 6
0 1 0
0 3 1
0 2 0
0 1 0
1 1 1
4 3 5
0 1 2
2 2 2
4 2 1
0 3 3
2 0 1
1 3 1
1 1 3
1 0 3
1 0 1
0 0 0
3 0 0
0 0 1
2 1 0
0 0 1
2 1 2
0 0 1
1 0 3
6 0 0
1 2 1
2 2 2
4 1 1
2 1 1
0 0 0
4 3 2
3 2 0
3 3 1
2 3 1
0 4 4
1 3 3
2 1 1
2 4 3
0 1 4
3 1 2
0 1 2
1 2 3
6 3 3
1 1 2
1 0 4
4 0 4
4 2 1
3 1 0
1 1 1
0 1 3
1 5 3
3 1 3
1 0 1
1 0 0
3 1 5
2 0 0
1 0 1
1 1 0
3 0 1
3 3 3
1 0 1
3 1 0
1 2 3
0 2 3
1 0 4
0 2 0
1 0 0
1 2 0
1 1 1
2 1 2
2 1 1
0 3 0
1 3 2
0 0 1
1 1 3
2 4 0
1 0 1
0 4 0
4 1 0
0 1 1
2 3 0
0 2 1
0 1 2
4 2 0
1 1 2
0 1 4
2 0 0
0 2 1
3 4 0
3 5 1
1 1 3
1 1 0
0 0 0
2 2 3
2 0 0
2 2 0
2 0 2
3 0 1
0 1 0
1 2 1
1 3 0
0 4 1
2 2 0
0 1 0
1 2 1
4 0 2
1 3 0
0 6 0
1 2 3
1 1 0
4 2 3
1 3 0
6 1 1
5 4 3
0 3 0
2 1 1
1 1 2
1 1 1
0 1 1
1 4 0
2 0 4
1 2 2
0 2 3
0 1 1
0 0 2
1 0 1
1 0 3
4 3 3
3 0 3
0 2 0
1 0 0
0 3 5
3 2 0
1 4 1
2 0 3
0 0 1
0 1 1
0 3 1
0 1 3
1 0 5
2 2 2
0 0 2
1 3 3
0 0 1
0 0 2
0 0 2
4 3 1
0 2 3
1 1 0
5 1 3
2 0 2
3 0 2
2 1 3
2 0 3
3 0 1
1 1 0
6 3 0
1 3 3
1 1 1
5 1 0
0 2 2
0 0 2
0 0 1
3 0 2
2 0 3
2 3 2
1 1 1
4 2 0
2 3 0
2 2 1
0 3 4
0 0 1
0 0 2
2 0 2
2 4 1
0 1 1
2 1 1
1 2 0
3 0 1
1 0 1
0 0 0
2 2 1
1 6 3
3 2 0
0 0 4
4 1 6
1 0 0
2 0 1
0 3 3
3 2 1
1 1 1
1 0 1
1 3 1
3 1 0
0 0 3
4 4 3
2 1 3
1 1 3
1 1 0
1 0 0
2 2 2
1 1 1
1 1 0
4 5 3
1 3 2
1 0 1
0 2 0
3 2 5
0 2 1
2 1 1
1 2 2
2 6 2
0 2 1
2 1 1
2 2 1
1 1 4
4 1 1
0 0 1
2 1 5
5 1 1
3 2 1
2 1 2
1 4 2
2 3 1
0 1 3
2 0 0
5 1 2
2 0 0
2 2 0
4 2 2
1 2 1
2 3 3
0 0 3
1 2 0
0 1 1
4 1 2
2 5 0
3 1 0
1 3 0
3 0 1
2 2 2
2 2 3
2 2 1
2 0 1
0 0 1
4 5 0
2 4 1
2 2 0
2 3 2
0 0 1
0 2 2
1 5 2
0 1 1
1 2 1
2 5 3
2 1 2
4 2 1
1 0 1
4 3 0
1 1 0
2 0 3
1 0 0
0 2 2
1 0 2
3 5 1
1 1 1
3 3 0
1 2 3
2 2 3
1 1 0
1 0 4
1 4 3
1 1 1
3 0 5
6 3 0
1 1 2
0 2 4
1 4 0
3 4 0
4 3 1
0 0 5
4 0 0
1 0 1
1 6 1
1 1 1
1 4 3
1 4 1
0 0 1
3 3 0
1 2 0
1 3 0
0 2 2
1 1 0
1 3 0
4 3 0
1 0 1
2 2 2
0 0 0
5 0 0
4 1 2
2 3 1
2 2 0
0 2 1
0 2 0
1 1 4
3 2 0
5 1 0
3 2 3
1 0 0
2 3 0
1 1 1
0 0 1
2 5 1
6 1 0
1 1 2
3 1 2
3 1 0
0 2 2
2 1 1
2 2 4
2 4 1
1 6 2
2 3 2
6 2 3
1 0 3
1 0 1
2 0 2
1 1 0
3 3 2
1 2 1
0 0 0
2 4 2
0 2 2
4 1 0
1 3 4
2 2 1
1 1 2
1 4 1
0 2 0
3 0 2
3 4 1
2 3 3
1 1 3
1 0 6
0 6 0
1 3 0
4 4 5
0 1 5
0 5 1
2 0 2
1 2 1
2 0 1
1 1 0
0 1 3
1 1 1
2 0 1
0 3 1
0 0 2
1 1 1
1 4 5
3 1 2
2 2 3
5 5 3
2 0 3
2 1 1
1 0 0
1 2 1
1 2 0
0 5 4
2 3 1
1 0 1
4 0 3
0 1 2
0 4 0
4 1 2
1 1 0
2 2 1
0 3 1
2 1 2
3 2 3
1 0 0
0 0 0
2 4 2
4 4 1
2 3 2
1 0 2
2 1 0
0 3 2
0 5 0
3 1 2
0 4 0
0 1 0
4 0 3
3 1 3
1 1 2
1 2 2
2 0 2
2 0 3
2 2 1
3 2 2
4 3 3
0 2 2
2 2 0
4 3 2
1 5 1
1 0 1
1 2 0
0 1 2
5 0 4
0 4 2
0 2 5
1 2 0
4 2 2
3 1 1
0 3 0
3 2 1
2 3 1
1 2 1
1 1 3
1 0 1
1 0 1
2 1 0
1 5 0
3 3 2
2 4 1
0 3 6
1 1 0
4 3 2
0 1 5
1 2 1
4 1 4
5 3 3
2 1 1
1 0 2
1 1 3
1 2 2
3 1 2
2 1 0
3 4 1
1 3 0
0 3 3
0 0 1
1 0 1
1 1 2
1 3 0
1 2 3
3 1 0
0 1 1
1 0 2
0 1 2
0 2 6
1 0 4
2 2 0
2 1 2
0 0 3
0 5 1
0 1 2
2 2 1
3 3 0
0 4 4
2 1 2
1 4 2
1 6 2
2 2 0
1 1 2
1 0 0
2 0 0
0 4 1
2 0 0
0 3 1
1 5 5
1 1 1
0 1 1
2 3 1
0 2 5
3 3 3
4 1 1
3 3 3
0 0 1
4 1 1
1 1 1
1 1 1
1 3 2
1 1 1
3 3 0
5 1 1
1 0 2
1 3 4
4 5 2
5 0 1
0 2 1
3 1 1
4 1 4
0 3 6
4 2 4
2 2 1
1 4 1
1 2 1
4 0 2
0 3 2
3 4 4
2 3 1
2 2 0
3 2 1
0 1 0
0 2 3
0 0 4
2 2 0
3 1 2
3 0 2
0 3 0
0 1 1
0 2 0
4 2 2
0 0 3
3 2 0
2 0 1
3 3 4
2 0 2
0 1 1
0 0 1
1 1 1
0 0 0
0 0 4
2 2 0
2 0 1
0 1 1
3 4 3
0 4 1
1 1 2
1 1 4
2 1 3
1 1 1
2 1 0
3 1 2
0 5 2
0 2 0
2 2 3
1 1 1
2 0 1
0 0 2
0 1 1
0 1 3
0 3 3
0 4 0
0 1 2
0 3 1
1 6 4
1 1 0
1 6 1
2 1 4
1 0 4
1 0 1
5 2 3
3 2 1
2 0 0
4 0 5
1 3 4
2 0 0
1 0 4
2 3 5
3 1 2
2 1 3
1 3 2
5 0 1
0 0 0
0 4 2
2 4 2
1 0 2
4 0 1
1 0 3
3 2 0
1 1 4
3 2 2
2 2 0
2 1 0
1 3 0
2 1 1
3 0 2
2 2 1
0 6 6
5 2 2
1 1 3
4 0 1
4 0 4
4 3 2
2 1 2
4 1 2
0 3 4
0 1 1
4 3 2
0 5 2
0 5 0
0 3 2
0 0 1
4 0 1
1 1 3
2 6 2
1 1 2
1 3 0
0 0 0
0 1 2
0 2 3
1 2 1
1 1 3
0 1 1
3 2 1
1 0 0
1 2 1
1 0 0
1 6 0
0 0 1
2 2 0
1 0 5
0 2 0
2 3 2
0 1 5
2 2 0
1 1 4
3 3 1
0 0 4
2 4 2
3 1 0
1 2 4
0 2 1
1 3 3
0 2 3
1 3 0
2 1 4
4 1 3
0 4 0
0 1 0
1 0 1
0 1 0
0 4 0
0 1 3
2 0 2
1 2 0
0 1 2
3 2 5
0 2 0
2 3 2
2 1 3
3 3 3
2 1 0
1 1 2
3 1 2
4 4 1
3 2 6
1 0 1
3 0 0
1 4 0
1 1 2
0 1 2
2 2 0
2 0 0
1 0 3
1 2 4
1 0 2
0 2 0
1 0 0
2 2 1
1 1 2
0 2 0
1 2 1
2 1 1
1 3 0
6 1 1
1 0 1
2 1 1
1 0 1
3 3 0
1 0 1
3 1 0
3 2 2
3 1 1
0 1 3
0 1 1
1 1 1
2 2 0
4 0 0
3 4 0
1 0 1
2 0 1
1 1 6
1 2 0
2 0 0
2 0 0
1 0 1
2 3 1
0 2 1
0 1 2
0 1 0
1 3 4
2 1 0
4 2 0
4 2 1
2 2 1
3 4 0
3 0 1
1 1 1
2 0 1
0 1 2
2 0 1
1 0 0
5 3 3
0 3 1
3 1 2
3 2 0
0 1 3
0 2 0
4 1 1
2 0 0
0 0 1
3 5 3
1 2 1
2 3 0
2 0 1
4 0 1
1 1 4
3 1 4
2 1 2
1 3 6
2 1 1
2 2 6
3 0 1
0 2 2
1 2 1
0 4 2
0 1 1
1 0 2
4 2 4
5 2 0
0 3 1
1 0 0
2 1 2
0 2 2
4 1 0
0 0 2
0 3 1
1 0 1
1 6 1
5 0 2
1 2 3
0 2 1
0 2 0
1 2 1
2 0 0
0 3 1
2 2 2
3 0 2
2 2 1
2 3 0
0 0 0
2 3 3
0 1 2
1 1 0
0 6 1
0 2 2
1 2 2
3 1 1
5 1 0
5 2 2
3 1 1
0 2 1
1 2 1
0 1 2
0 0 2
0 1 4
1 2 2
0 1 0
1 2 2
0 1 0
2 4 3
1 1 2
0 0 3
0 1 1
2 0 1
2 1 1
1 1 2
2 3 2
1 1 1
1 1 3
2 2 2
2 6 0
2 3 1
4 1 1
0 2 0
0 5 1
2 3 1
2 1 4
3 1 1
0 0 1
2 2 2
0 0 0
1 3 1
1 2 1
3 4 2
0 1 3
2 1 4
2 2 2
1 1 5
0 0 4
1 1 1
1 2 0
2 2 0
0 3 2
1 6 0
3 0 2
1 0 0
0 0 0
3 0 1
1 3 0
0 0 2
6 1 3
2 2 2
2 2 0
1 2 1
2 1 1
2 1 1
1 4 4
0 1 2
6 5 1
0 0 0
3 1 1
1 1 3
0 1 2
1 1 1
0 1 1
2 1 2
2 0 1
2 1 2
1 0 1
0 2 2
3 1 2
6 0 3
0 3 0
2 2 1
2 2 3
1 3 1
3 0 0
3 2 2
3 3 2
1 0 0
3 6 1
1 0 3
0 5 5
2 0 1
2 3 0
3 2 1
6 2 1
3 3 0
2 1 2
3 4 2
0 1 3
0 1 3
1 3 2
1 2 2
2 2 0
1 2 1
0 0 0
3 2 1
1 3 1
2 3 1
0 3 1
0 1 0
5 1 2
2 4 3
1 3 2
0 3 4
4 1 2
0 0 3
2 3 2
1 2 0
0 1 2
1 1 1
5 3 4
0 4 1
0 2 0
3 2 0
1 2 2
2 3 3
3 0 1
2 0 3
2 1 4
1 1 1
3 2 2
0 5 2
2 1 2
2 0 0
0 1 3
1 0 1
3 4 4
1 5 2
1 1 2
1 4 1
3 2 1
1 4 0
3 0 1
3 1 0
1 0 1
1 2 1
0 0 0
2 4 3
3 1 5
1 2 2
3 1 1
1 0 2
5 3 0
1 4 1
1 2 1
0 1 2
0 0 2
0 0 2
2 3 2
3 2 0
5 0 1
1 5 0
3 2 4
0 1 2
2 3 1
3 2 3
1 0 1
4 5 1
0 2 4
3 2 3
1 0 2
3 2 2
3 3 4
2 2 4
1 2 1
1 1 4
3 5 1
1 1 5
1 0 1
2 2 2
0 1 5
1 4 1
1 0 3
4 3 1
0 2 0
2 0 0
4 3 1
3 1 6
4 2 4
3 3 1
2 0 1
0 3 1
2 5 3
1 6 6
4 0 0
1 3 2
1 0 0
1 1 1
2 4 4
1 1 0
2 0 0
1 2 1
2 1 4
1 2 2
1 2 2
3 2 0
1 2 1
0 2 0
4 1 1
0 3 1
2 0 4
4 2 1
2 3 2
2 3 1
5 1 0
0 2 1
1 4 1
5 2 0
2 0 1
1 3 1
3 2 4
2 0 4
2 1 4
1 1 4
4 1 1
2 1 4
1 4 3
0 4 2
2 0 1
0 4 3
2 2 2
0 2 1
3 1 0
1 2 0
1 1 2
6 1 1
0 1 0
1 1 2
2 3 1
1 2 1
3 2 2
1 2 1
1 1 3
4 0 2
1 4 1
1 0 0
1 3 3
2 2 4
2 3 0
5 2 2
4 0 3
2 2 0
2 1 2
1 3 2
1 2 2
0 3 1
3 2 0
2 0 1
2 4 4
4 0 4
0 2 3
4 4 2
1 2 2
1 3 4
4 1 1
1 5 0
1 2 2
5 2 4
1 1 2
1 1 2
3 3 1
1 4 2
2 2 2
1 1 2
0 1 4
1 4 0
2 4 2
2 3 2
1 2 0
0 2 0
3 2 1
1 0 1
3 1 0
2 2 2
2 3 3
4 1 0
2 0 1
5 1 1
2 2 0
3 3 1
2 3 0
0 1 2
0 0 2
2 3 0
1 1 0
1 1 1
5 2 0
0 2 2
2 2 2
0 0 0
1 3 1
0 2 3
0 0 0
2 3 4
0 0 0
0 1 0
1 0 0
0 0 6
3 1 0
2 3 2
2 2 2
0 1 1
3 4 1
0 6 2
5 1 1
1 1 0
1 4 2
1 3 2
1 0 2
4 0 0
2 1 3
1 2 0
2 0 2
2 3 1
2 2 2
0 2 0
0 1 0
5 1 2
2 4 3
2 0 0
1 3 3
0 1 0
0 0 2
1 5 1
1 1 0
0 4 0
2 0 1
2 0 2
3 0 3
0 4 1
1 2 1
4 0 2
0 0 0
1 0 2
0 3 2
4 0 1
6 2 2
1 2 4
0 0 1
1 3 1
2 1 4
5 3 5
2 4 5
2 3 0
0 1 0
3 0 0
0 0 3
2 0 0
2 1 3
2 0 2
6 0 1
1 2 4
1 1 2
3 2 1
0 1 5
3 3 2
3 0 4
1 1 0
0 0 1
3 2 2
1 1 2
1 4 0
1 1 1
0 0 3
1 1 0
5 1 0
0 2 3
2 1 0
2 3 1
1 1 2
3 4 1
0 1 0
3 1 0
3 1 3
0 1 2
3 1 2
1 2 3
1 0 0
2 3 1
2 6 5
0 2 2
5 2 0
1 0 2
3 1 0
0 1 2
4 3 2
3 1 0
2 1 3
0 1 1
0 0 1
3 0 1
1 0 1
2 2 0
3 4 1
2 0 1
1 3 1
3 2 6
1 3 0
0 0 1
0 0 5
4 2 1
0 0 1
4 4 2
1 2 1
2 1 1
0 3 1
2 0 1
5 4 6
2 1 1
1 0 4
0 0 2
1 1 3
2 2 0
1 1 3
3 3 3
3 1 4
3 5 1
2 2 2
0 2 2
0 2 0
3 1 0
0 0 0
3 3 2
1 3 1
0 4 3
4 5 2
2 0 1
1 2 0
1 1 1
4 0 2
2 1 2
1 3 3
5 0 1
1 3 2
5 2 2
4 0 1
2 1 1
1 0 0
2 1 3
2 3 2
1 5 0
1 2 5
0 1 4
1 2 3
0 3 2
2 2 4
0 2 2
1 0 4
1 2 1
1 3 4
4 3 4
2 0 1
4 1 0
3 1 1
5 1 1
1 1 3
2 0 1
1 2 1
0 2 0
1 6 3
3 4 1
1 2 3
1 2 2
3 1 2
2 3 1
1 0 1
0 4 1
2 1 0
1 2 1
0 0 1
2 2 1
4 1 2
4 5 1
1 0 0
1 5 1
0 1 1
2 0 0
1 2 4
0 0 2
3 1 0
0 1 2
1 3 2
1 2 1
3 1 6
2 2 1
4 1 2
3 2 0
3 3 2
1 2 2
0 0 1
1 0 1
2 1 0
1 5 1
2 4 2
3 2 1
0 3 2
6 1 2
1 0 0
4 1 1
0 6 3
0 1 2
3 3 2
2 2 0
1 1 0
1 2 3
3 6 1
1 2 1
4 4 3
2 1 1
0 1 3
3 1 2
4 1 3
2 0 1
2 0 0
1 1 2
0 3 0
2 3 2
1 1 3
1 3 2
1 2 3
3 1 3
1 1 0
1 0 1
1 1 1
1 1 4
1 1 2
4 2 2
1 3 4
3 0 4
0 2 1
1 0 2
3 1 1
4 4 2
1 0 2
2 1 1
0 0 1
1 3 6
0 2 3
4 1 2
3 1 1
1 3 2
0 3 2
1 0 0
0 2 1
1 1 2
1 0 0
1 0 2
1 2 3
1 1 2
0 2 1
2 4 1
1 5 0
2 5 0
1 0 0
1 0 1
0 4 2
3 1 3
0 4 2
1 2 1
1 3 2
2 0 2
2 6 0
1 0 0
1 0 1
0 2 3
1 2 1
4 1 4
2 2 2
3 2 0
4 4 4
1 5 2
2 2 0
2 1 4
0 2 0
1 1 1
1 1 0
2 0 1
0 2 2
0 1 1
4 0 3
1 1 3
0 1 3
3 3 2
1 3 4
4 0 6
0 2 2
1 0 0
0 0 2
6 3 3
2 2 1
0 0 0
2 1 0
6 5 0
1 0 1
0 0 3
1 2 0
2 1 0
1 4 3
6 2 5
2 1 0
1 0 3
2 1 0
4 0 2
4 0 2
0 2 0
1 1 3
2 4 2
2 3 2
0 1 2
2 0 0
0 2 0
0 3 2
2 1 2
1 2 3
2 4 0
2 1 1
0 2 1
0 1 2
0 5 5
3 0 0
3 1 0
1 0 2
3 2 2
1 2 3
1 2 3
2 2 1
1 3 0
0 2 2
3 1 1
1 2 4
1 4 0
1 1 0
2 2 0
3 2 3
0 1 4
1 0 3
0 3 0
2 3 0
1 0 2
1 1 1
1 3 3
2 2 2
2 4 0
1 1 0
4 1 0
0 1 2
1 1 4
0 1 2
0 1 3
1 2 2
1 1 2
2 1 0
2 3 0
2 1 2
3 6 1
1 2 0
0 1 2
1 0 3
1 4 0
3 2 0
2 0 3
1 0 2
0 0 1
4 2 1
1 1 1
1 1 0
0 0 1
5 2 6
3 1 2
2 2 0
2 0 3
0 2 0
2 0 3
3 1 1
2 0 4
1 3 3
1 0 0
2 4 1
0 0 2
2 0 2
4 2 2
1 0 2
1 1 0
0 1 3
1 1 4
3 0 1
4 3 1
1 3 1
0 1 1
2 4 2
1 0 2
2 5 2
0 0 1
1 3 1
4 1 0
3 2 2
4 2 0
0 0 2
1 0 0
1 6 2
3 0 1
0 2 1
2 2 1
1 3 2
5 0 1
1 0 3
2 5 1
1 1 0
2 5 3
1 0 1
0 5 1
1 2 3
2 3 1
4 2 3
3 1 1
2 1 3
1 0 2
1 0 2
0 3 1
4 2 2
2 0 2
2 4 1
1 0 1
0 1 0
2 1 0
3 3 1
2 1 1
2 2 2
2 1 2
3 4 1
0 2 4
1 2 0
0 2 2
2 1 1
0 1 1
0 2 6
0 2 2
1 1 2
3 0 0
0 5 0
2 3 1
5 0 4
2 0 0
0 0 2
3 0 2
0 2 2
1 3 5
2 4 2
0 5 1
1 6 1
1 1 0
1 2 0
3 5 1
1 5 0
0 1 6
1 3 0
0 1 0
2 2 1
2 3 4
4 3 0
0 3 1
0 0 1
3 3 1
2 0 0
0 0 5
1 1 0
1 0 1
1 4 1
2 0 0
2 5 1
0 4 1
2 3 1
1 1 1
0 1 1
3 3 2
3 1 0
2 1 3
1 2 0
4 0 0
1 1 4
3 0 0
0 2 1
2 0 1
3 0 0
1 2 0
2 3 0
0 2 0
0 0 1
6 0 3
3 4 1
1 1 1
2 1 2
3 2 3
1 1 0
0 1 0
2 1 2
2 1 1
0 3 2
2 1 5
0 2 1
0 0 2
1 5 1
1 1 0
0 1 1
0 5 1
3 1 1
1 0 3
1 1 2
0 0 1
2 1 0
0 0 1
0 1 1
0 2 0
2 1 1
4 2 3
1 0 4
2 0 3
2 2 2
1 4 2
0 2 2
1 0 0
3 1 5
0 2 0
3 0 1
3 1 1
4 2 1
2 1 1
2 2 1
0 0 0
3 0 0
1 3 2
4 1 4
0 2 1
2 1 1
3 1 3
0 2 4
0 2 2
1 3 0
2 1 0
4 0 0
0 5 2
3 1 5
1 0 3
3 3 2
5 5 3
0 0 3
1 0 3
3 0 1
1 1 0
2 1 0
3 1 0
3 1 3
3 3 0
5 1 3
2 2 1
2 2 3
5 2 1
0 1 0
3 1 2
1 1 2
2 1 1
1 2 2
0 0 1
1 2 0
3 0 1
4 1 5
2 0 0
1 3 2
1 2 3
0 2 5
2 1 0
1 3 1
0 1 2
0 3 0
2 1 2
2 1 1
2 1 1
0 3 0
3 2 2
1 0 1
1 1 2
1 3 4
2 0 1
4 3 3
3 1 3
0 3 0
1 0 3
1 1 1
0 5 1
2 3 1
2 0 1
1 5 2
3 1 1
2 1 2
1 1 0
2 1 3
1 2 0
3 2 1
0 3 2
2 0 4
2 3 1
3 2 2
2 3 0
1 2 3
3 3 0
1 1 1
2 1 4
3 1 2
3 0 4
3 1 1
1 1 1
2 1 1
0 2 2
0 4 3
4 1 2
1 2 1
0 2 4
3 1 0
1 0 0
1 1 0
2 0 3
2 1 2
3 2 0
0 2 2
0 2 2
0 2 1
4 1 1
1 4 5
1 0 1
2 3 2
3 3 1
3 5 0
2 1 3
1 2 0
4 1 0
1 1 1
1 0 2
1 1 0
2 0 3
0 2 1
1 0 4
0 4 3
1 1 1
0 0 0
2 1 3
1 0 1
3 3 3
0 0 0
3 0 2
1 0 1
3 1 2
3 3 1
0 0 3
1 3 0
1 2 1
3 3 1
0 3 3
5 0 4
3 0 1
2 1 0
4 1 4
4 0 2
0 1 0
2 0 0
3 3 3
0 2 2
0 5 1
0 0 2
3 3 1
0 4 1
2 0 1
2 2 2
0 2 2
0 1 3
4 0 3
0 2 1
1 2 4
2 1 0
1 2 2
0 3 3
2 0 1
1 2 5
1 1 0
3 1 0
2 1 0
4 2 1
0 1 2
2 2 1
1 2 0
2 3 5
3 3 0
1 0 1
2 0 4
2 4 0
0 1 3
4 1 1
3 4 2
3 0 4
0 0 2
2 1 0
2 4 0
0 0 1
0 3 0
4 1 0
1 4 3
0 5 1
1 1 0
1 3 0
0 1 4
3 0 0
0 4 1
4 3 0
3 5 2
2 1 0
5 0 1
0 2 0
2 1 1
1 4 4
0 2 1
1 3 1
4 1 1
1 1 0
2 1 1
1 0 1
2 1 1
0 1 2
3 1 0
1 4 0
1 1 4
1 1 0
2 1 0
1 3 0
0 1 1
0 2 1
4 1 1
1 4 2
3 2 1
2 0 6
0 0 1
5 2 3
1 1 2
0 0 3
3 4 2
5 1 1
3 3 0
0 3 4
0 2 1
2 0 4
3 3 3
0 2 5
1 2 3
1 2 0
1 2 2
1 0 0
3 1 2
3 3 0
4 2 1
0 2 2
0 2 5
0 0 0
1 3 2
1 1 5
2 2 4
3 1 1
4 2 1
3 0 0
3 2 0
0 1 1
3 2 2
0 0 2
3 2 1
1 4 2
2 2 1
3 3 1
1 0 0
5 1 1
0 0 0
4 1 5
1 1 1
1 5 1
3 0 5
1 1 3
3 2 1
3 0 2
0 0 3
5 1 0
2 0 1
1 4 2
0 1 1
0 2 2
1 1 2
2 1 0
0 0 1
3 2 3
0 2 2
4 4 0
0 6 0
4 0 1
1 0 1
0 2 1
0 0 1
1 1 2
3 0 0
0 1 0
2 0 2
2 1 1
2 1 5
4 3 0
2 3 2
2 2 1
1 4 2
3 1 0
5 2 2
2 3 2
4 1 2
3 2 0
1 6 0
3 3 2
0 1 1
1 3 0
0 0 6
1 2 3
1 1 3
0 1 1
3 1 2
0 0 0
1 4 3
5 0 1
1 2 1
1 0 1
1 1 1
0 1 1
4 1 2
4 2 3
1 2 2
2 6 2
1 1 1
2 0 3
2 0 1
3 2 2
1 3 0
1 2 1
0 2 2
0 1 2
1 1 1
2 1 1
0 2 2
2 6 3
2 1 0
0 0 1
2 6 1
0 1 3
1 0 0
2 1 0
0 0 3
0 1 1
1 2 1
1 2 2
0 2 1
0 0 1
4 2 2
0 3 1
1 0 2
2 2 3
0 2 0
2 2 2
1 0 3
0 3 4
0 3 4
0 4 2
0 1 3
0 1 0
4 1 3
2 3 1
4 2 2
0 4 1
3 2 2
0 0 3
0 3 1
1 2 0
1 1 3
1 1 2
3 0 0
1 1 1
0 3 3
1 1 2
1 0 3
0 3 3
2 3 4
0 5 2
1 1 4
0 0 1
0 5 1
2 2 1
1 4 3
3 0 1
1 1 2
0 0 0
1 3 0
2 0 1
0 6 3
1 1 3
0 1 3
0 3 1
3 1 0
0 3 0
2 0 1
0 1 2
1 2 0
1 0 1
0 1 1
0 4 2
2 3 0
0 3 2
1 4 1
4 0 0
1 4 0
0 2 2
1 2 2
1 2 1
4 6 1
0 2 3
0 1 0
2 1 0
0 0 2
0 5 4
0 0 0
2 1 5
2 2 0
1 0 1
6 0 0
1 0 2
2 1 0
3 1 1
3 0 4
0 1 2
0 0 0
1 3 1
3 2 2
1 2 2
2 1 3
1 2 0
0 2 0
0 1 0
0 0 1
1 1 4
1 1 0
1 0 3
2 2 2
1 1 3
1 1 1
3 4 1
3 0 0
2 5 2
1 1 1
2 1 3
1 1 2
2 0 1
1 3 1
2 1 2
2 0 2
1 1 0
3 3 1
3 0 1
1 1 1
4 3 2
1 5 2
2 2 3
1 0 0
0 2 3
1 4 0
1 0 3
1 5 2
4 1 0
2 4 0
5 2 1
0 3 0
1 3 2
2 2 2
0 4 3
2 0 0
2 2 1
4 3 2
0 3 2
3 1 2
3 2 1
3 3 2
5 2 1
4 1 1
0 2 2
2 1 6
2 2 3
0 1 0
2 1 0
2 1 1
3 1 2
6 1 1
0 1 2
2 2 2
1 2 4
4 2 2
0 2 3
4 1 0
0 3 0
2 1 4
1 0 1
0 6 1
2 0 2
2 3 4
4 1 0
2 0 1
1 2 0
2 1 0
1 2 2
2 0 3
0 1 5
0 2 2
0 0 0
2 0 1
0 2 3
3 4 2
3 1 0
4 4 1
4 0 0
1 3 0
2 1 2
1 1 2
3 3 0
0 3 2
0 6 0
4 2 1
1 1 1
1 0 3
2 1 0
0 2 2
2 1 5
2 0 4
0 1 1
3 3 2
2 3 1
1 1 4
4 3 2
0 2 2
1 1 1
0 0 1
4 0 2
1 1 2
2 2 1
1 3 0
3 1 0
3 4 4
0 0 3
2 1 3
0 3 2
0 0 2
3 0 0
2 0 4
2 0 2
0 2 2
3 0 0
3 3 2
2 3 0
2 0 3
0 1 1
2 3 1
2 6 3
1 1 3
1 3 2
1 1 3
1 3 0
1 2 1
1 4 0
0 1 2
2 4 5
1 5 5
3 2 1
1 4 2
3 1 0
1 0 1
2 0 3
2 2 1
0 0 0
1 3 1
3 2 1
0 1 0
2 0 0
0 4 1
3 2 2
0 1 2
2 1 1
6 2 1
1 2 0
3 1 2
1 2 1
1 1 2
0 3 1
3 3 2
0 2 3
1 2 1
2 3 1
1 2 3
0 1 3
5 1 2
2 0 0
1 3 2
0 1 2
0 0 0
0 1 1
1 2 0
1 0 0
4 3 1
1 1 2
0 4 0
2 1 2
0 0 1
3 3 3
2 1 0
2 0 1
1 0 3
0 2 1
3 1 2
1 2 2
3 3 1
2 1 1
1 0 0
0 2 1
0 0 3
4 2 0
1 3 2
0 2 1
5 1 2
0 2 1
1 2 0
1 2 1
5 3 0
3 3 3
0 2 1
0 1 2
2 1 0
1 1 0
1 3 0
1 2 0
1 4 2
2 1 1
3 1 2
1 0 3
1 1 1
2 2 2
5 2 2
1 0 1
4 5 3
3 2 0
2 2 0
1 2 0
1 1 1
2 1 1
1 0 2
3 6 0
1 1 2
0 2 1
1 3 3
3 1 3
2 1 1
0 1 0
1 0 3
1 1 2
0 0 0
1 1 0
1 0 4
4 6 3
1 1 0
6 1 1
0 2 2
2 1 1
1 0 0
1 0 0
4 3 1
1 1 2
0 0 3
0 0 1
2 0 1
2 2 0
1 6 0
2 0 0
5 0 0
3 2 4
1 0 1
1 1 0
2 0 1
4 2 1
5 0 1
0 2 0
6 5 2
2 1 3
2 2 0
1 0 1
1 2 1
1 1 5
3 0 0
2 2 2
0 0 0
4 1 1
4 2 1
0 2 4
3 2 2
0 0 4
1 2 2
5 3 1
1 0 2
2 3 0
1 0 1
1 3 2
2 0 3
3 1 1
2 0 4
1 0 3
1 2 4
0 1 1
3 1 1
1 5 0
1 1 4
3 1 2
2 1 1
3 1 2
2 2 1
1 2 2
2 4 3
5 0 1
5 2 2
1 4 3
2 1 2
1 2 2
0 3 0
1 3 0
0 2 1
3 2 2
1 1 0
1 2 6
2 0 1
1 2 1
0 0 2
0 2 2
0 6 2
0 0 2
0 3 0
2 1 2
5 2 1
2 1 0
3 2 0
0 2 3
4 5 3
2 1 0
5 1 2
0 1 1
0 0 1
2 0 1
0 2 3
2 1 1
0 1 0
2 0 2
3 0 2
1 1 2
2 2 1
3 2 4
1 2 3
2 1 4
2 1 3
1 2 3
0 1 2
2 2 1
1 1 0
6 3 0
0 3 1
1 2 0
1 2 2
1 1 1
2 2 1
1 3 3
1 1 1
1 4 0
5 1 1
0 1 4
0 2 1
2 0 2
6 1 0
0 2 0
2 2 0
3 1 2
4 2 0
0 0 1
1 1 2
1 1 0
2 2 2
1 4 0
0 0 0
1 0 2
1 2 0
2 0 1
0 0 3
1 1 2
1 2 5
2 0 3
3 1 0
3 1 4
2 1 4
2 1 0
0 1 3
4 3 0
1 0 2
0 1 3
1 2 3
0 2 4
1 2 2
2 2 1
1 4 2
4 2 1
2 4 1
0 1 1
0 1 2
1 1 0
1 1 2
0 2 4
0 5 5
1 1 2
1 2 2
0 3 2
2 3 2
2 1 3
2 1 1
2 1 1
2 3 0
0 4 0
2 0 3
2 0 1
4 1 5
0 0 0
1 2 0
0 3 2
1 1 3
0 1 3
4 2 1
1 2 0
0 0 1
3 3 2
1 1 0
0 2 1
2 1 6
3 2 2
0 1 0
4 2 1
1 2 1
1 2 2
0 4 3
3 0 3
2 4 2
0 1 1
1 3 0
1 2 0
0 2 3
3 2 3
0 4 0
1 1 2
1 1 2
3 3 1
1 0 2
3 2 2
3 3 0
2 0 1
0 3 3
1 3 0
2 2 1
0 1 0
2 0 1
1 2 0
1 1 2
1 2 2
3 1 1
1 0 4
4 0 2
2 0 2
3 2 2
4 1 0
5 1 1
3 0 1
1 1 2
2 0 1
2 0 1
1 3 1
0 1 1
1 0 3
0 2 0
1 4 2
1 1 3
0 3 0
4 1 2
1 2 0
1 2 1
1 3 1
2 1 1
0 4 2
2 0 1
2 1 1
3 0 0
0 1 3
2 3 2
1 1 4
0 1 2
4 1 1
1 0 0
1 2 3
2 0 0
0 0 5
0 1 1
2 0 1
1 0 1
2 2 1
1 3 1
2 0 1
3 3 1
2 2 4
2 0 0
1 1 2
0 0 1
0 0 1
0 2 5
1 0 1
1 2 0
0 3 2
0 0 2
4 0 1
2 1 0
0 2 4
1 1 2
1 2 5
4 3 2
2 5 3
0 2 3
0 1 1
3 0 0
1 5 3
5 2 3
2 0 4
1 0 2
1 2 3
4 1 3
2 1 2
1 1 1
0 0 1
1 1 3
0 1 3
4 1 0
3 2 2
5 0 0
2 2 1
2 1 2
3 0 1
0 2 3
0 0 3
2 0 1
2 1 1
0 2 1
3 1 2
1 1 0
1 2 2
1 4 1
2 1 1
2 3 1
3 3 1
2 2 5
1 1 0
4 1 2
1 0 2
5 1 4
1 3 1
2 0 2
2 2 1
3 4 1
1 5 1
0 1 2
0 5 1
0 0 3
1 3 2
1 1 2
5 0 4
3 3 5
1 4 1
2 1 2
3 2 2
2 1 1
4 1 0
6 3 1
1 0 1
0 2 1
2 2 1
4 0 1
0 1 5
1 0 1
0 0 3
1 0 3
1 0 4
0 1 1
6 1 2
0 1 3
3 2 0
0 1 1
2 0 1
0 2 0
4 1 0
0 4 0
1 3 2
1 2 0
1 0 4
2 0 3
2 2 0
6 1 2
1 1 1
1 1 1
1 1 4
2 0 0
6 0 3
2 2 4
2 1 3
1 0 2
2 2 2
3 0 1
4 1 2
1 0 4
0 0 2
3 0 3
3 0 1
4 1 3
2 1 1
0 0 4
2 1 6
1 0 5
5 4 0
2 0 3
0 0 2
3 2 0
2 3 1
0 2 1
0 1 1
4 4 2
2 1 0
1 3 0
1 3 1
2 3 0
2 1 2
1 1 4
0 0 2
1 6 2
1 3 4
3 3 6
3 3 0
3 0 3
1 6 0
0 3 0
3 1 0
1 0 1
2 1 3
0 2 4
1 0 2
2 0 1
2 1 2
0 4 1
0 4 3
2 1 1
5 0 1
1 4 0
1 1 1
1 1 1
1 0 2
0 3 2
1 1 4
1 0 1
1 2 1
1 0 2
0 3 5
3 2 2
3 3 2
1 0 2
1 4 2
1 0 1
2 0 1
0 2 0
1 1 1
1 2 2
0 0 2
2 0 3
3 3 2
0 1 2
0 2 1
1 0 1
2 1 0
2 2 0
2 0 3
2 0 3
1 1 1
2 2 2
1 3 0
0 0 1
2 2 1
0 2 4
1 2 3
0 0 0
1 2 1
1 3 1
4 1 0
1 1 3
0 1 0
2 1 2
0 1 0
0 2 2
1 1 0
2 4 2
2 0 2
5 5 1
0 2 0
0 0 0
2 1 1
1 0 2
2 0 1
3 0 1
2 2 0
3 0 0
2 3 5
4 3 2
0 0 3
1 2 0
0 0 4
0 1 1
1 2 2
0 2 2
1 1 2
2 1 3
2 0 2
2 3 2
0 5 1
4 3 1
4 2 2
3 1 5
0 5 2
2 1 1
3 1 1
3 1 2
1 1 3
3 0 0
1 1 3
1 3 1
0 1 1
2 0 2
1 0 3
1 1 3
1 2 0
0 2 2
1 0 2
4 6 1
3 4 1
1 0 4
3 1 0
0 0 3
2 1 5
5 0 0
1 1 1
0 1 1
3 2 1
0 1 3
2 2 0
5 3 1
1 1 1
0 1 1
1 4 2
2 3 0
3 1 1
1 4 1
2 0 1
0 2 0
3 1 0
2 0 4
1 0 1
0 0 2
3 4 4
1 2 2
4 2 2
2 1 0
0 2 0
3 0 1
1 1 2
1 1 1
0 1 2
0 4 0
2 1 3
3 2 2
3 1 1
0 5 1
2 1 1
0 2 1
