14 4 10
399 1314 1339
699 972
229
660 1092 2054 2313
643 1272 2127 2518
722 1080 1883 2218
732 1201 1981 2608
686 1216 1921 2356
737 1105 2048 2454
719 1215 2070 2366
706 1176 2029 2490
648 1196 2055 2511
696 1277 2124 2384
629 1120 2027 2232
669 1069 1910 2442
729 1200 2096 2565
664 1073 1853 2579
10 9 10 9
5 10 8 7
5 10 10 6
10 10 7 5
8 9 10 10
8 9 5 5
7 7 9 5
7 10 7 9
10 9 5 6
7 9 10 6
6 9 9 8
9 8 7 8
5 9 9 6
8 9 8 6
4 0 7 2
2 4 3 4
3 8 3 1
2 5 1 1
2 3 7 4
4 3 9 0
5 0 1 3
2 4 3 5
5 0 3 4
5 2 2 0
1 1 3 3
1 6 3 6
0 4 2 4
1 0 6 6
7 4 8 5
