14 4 10
634 1440 2258
1100 1671
574
893 1571 2832 3515
899 1421 2826 3767
1005 1636 2991 3575
1031 1463 2592 3763
938 1524 2670 3328
873 1491 2973 3179
995 1420 2893 3763
931 1660 2902 3308
861 1518 2937 3719
987 1450 2758 3582
855 1577 2990 3347
1039 1663 3108 3349
918 1636 3002 3711
1006 1471 2584 3315
5 8 9 6
10 9 6 7
9 6 9 5
6 9 10 8
8 8 6 6
7 10 8 8
8 6 7 7
5 7 8 10
8 7 6 6
7 5 5 5
10 5 5 10
7 10 9 8
8 10 5 9
9 6 8 9
10 3 1 4
3 5 3 3
8 0 5 3
4 1 0 1
6 1 3 2
2 6 1 3
2 3 3 2
3 2 2 2
2 1 1 3
3 5 4 2
2 2 3 4
2 3 1 1
1 1 4 3
4 5 6 4
3 4 3 5
