14 4 10
385 714 1627
343 1232
669
588 1027 1491 2365
617 952 1581 2357
552 975 1539 2005
645 1071 1455 2385
652 1126 1397 2305
579 1019 1388 2347
557 1080 1525 2369
620 1121 1402 2190
588 967 1526 2240
577 997 1644 2198
562 1138 1482 2046
602 1088 1549 2022
553 1094 1492 2090
605 1002 1582 2194
10 10 9 9
7 9 7 6
10 6 8 7
10 8 8 5
8 9 10 5
6 10 5 7
9 6 6 5
10 9 5 6
9 8 6 6
9 5 10 7
9 7 5 8
5 6 10 7
8 10 6 8
8 9 9 9
5 6 1 0
2 5 3 6
4 6 5 0
1 3 4 3
3 5 5 3
3 1 1 1
1 5 6 4
2 2 6 9
2 3 3 2
3 7 5 1
0 8 4 1
3 0 1 4
3 7 2 2
4 4 11 6
0 2 7 2
