14 4 10
456 919 1689
534 1242
757
799 1373 2016 2862
821 1321 1769 2741
818 1188 2077 3167
741 1192 1869 3145
830 1179 1861 3206
743 1268 1783 3009
838 1242 2026 2888
787 1249 1773 2707
729 1398 1826 2790
749 1292 1936 3006
731 1209 1821 2705
699 1221 1759 2819
714 1332 1999 3123
802 1241 1953 3229
7 10 5 9
7 9 8 8
7 6 5 9
6 10 6 9
9 10 8 5
5 9 7 9
9 8 9 5
7 5 7 8
6 8 9 10
9 5 10 9
8 9 9 6
7 5 10 7
7 7 7 5
6 8 5 8
7 3 4 5
2 3 3 0
0 7 6 5
6 3 2 7
0 5 0 2
1 2 6 4
3 2 5 3
4 5 4 2
0 3 1 3
3 2 3 4
3 5 4 3
9 5 4 3
2 3 2 2
1 3 2 7
3 1 2 2
