14 4 10
567 1576 2510
907 1687
804
861 1482 2532 3616
822 1480 2494 3137
873 1270 2602 3070
896 1372 2590 3481
884 1270 2308 3322
829 1358 2145 3454
848 1341 2550 3317
816 1261 2502 3453
825 1440 2154 3149
898 1360 2283 3178
925 1417 2277 3388
805 1477 2433 3137
894 1470 2454 3189
879 1415 2149 3282
6 7 7 6
7 7 5 10
9 5 9 9
9 7 6 5
9 5 10 10
6 5 9 7
7 7 6 9
7 9 7 10
6 7 5 8
10 10 8 6
7 10 8 6
7 8 9 7
10 6 9 9
10 10 8 6
1 7 5 2
5 3 0 0
3 2 4 5
1 1 2 2
2 3 5 1
5 2 0 3
2 3 2 2
5 4 4 1
2 7 2 3
2 3 4 1
5 5 3 4
5 7 8 0
2 4 5 4
3 3 1 2
4 6 1 4
