14 4 10
427 1102 1607
589 978
394
730 1223 2031 2594
678 1127 1960 2410
613 1206 2005 2838
672 1186 2156 2491
712 1068 2154 2491
739 1098 2083 2524
743 1270 2115 2510
708 1174 1921 2548
624 1085 2018 2505
671 1233 1910 2417
657 1215 1904 2777
722 1226 1995 2395
690 1253 1896 2448
706 1080 1942 2561
8 6 8 8
8 7 9 6
8 6 7 8
10 6 7 10
8 5 7 10
5 8 7 6
6 8 9 5
7 5 5 6
6 5 9 9
8 10 8 7
5 5 6 6
10 10 7 9
10 10 6 7
5 5 8 10
5 11 1 3
5 2 1 2
4 1 1 2
2 4 3 2
4 2 4 6
6 3 2 2
1 5 2 5
2 7 1 2
4 6 0 1
1 5 3 4
5 4 3 3
2 3 4 4
5 3 3 8
5 4 7 2
1 5 4 3
