14 4 10
525 1150 2138
696 1462
599
757 1354 2298 3014
815 1187 2145 2928
718 1321 2341 3050
766 1303 2249 2793
731 1394 2046 2723
799 1361 2254 2891
808 1392 1997 2828
702 1183 2229 2552
777 1292 2178 2952
726 1213 2290 2883
809 1234 2279 2775
746 1384 2328 2981
784 1418 2344 3047
748 1250 2259 3008
5 10 7 8
10 8 5 10
7 5 5 6
10 10 5 7
10 9 8 5
9 5 6 9
7 8 6 9
5 5 9 5
6 10 5 9
9 10 7 8
10 8 5 7
7 9 7 10
5 10 8 10
6 7 6 5
11 2 4 3
4 4 2 2
5 4 3 4
4 1 1 0
5 2 3 5
3 6 3 1
2 2 5 2
3 7 5 1
1 3 0 4
1 1 1 7
5 11 4 6
2 1 1 6
1 5 7 6
7 1 2 2
5 4 2 4
