14 4 10
556 1287 1441
563 974
271
710 1345 2106 2426
697 1397 1971 2828
669 1404 1879 2800
645 1471 1931 2719
704 1338 1833 2395
718 1427 1936 2660
719 1475 1860 2632
696 1428 1945 2797
763 1476 2095 2638
730 1272 1839 2728
703 1306 2104 2563
660 1461 1920 2555
719 1422 1918 2791
724 1431 1770 2723
6 9 10 8
8 7 8 10
10 6 8 9
10 8 6 5
9 10 7 6
5 8 7 6
9 8 8 5
5 6 7 9
5 6 7 6
5 7 8 7
10 6 9 6
9 8 10 7
9 9 8 8
9 8 10 10
5 3 11 0
1 1 6 2
0 3 3 0
1 5 6 10
1 4 3 5
2 2 4 2
3 4 1 4
0 1 2 1
8 4 0 2
3 8 3 5
0 1 1 3
6 5 10 1
5 4 2 2
8 5 5 3
1 5 3 5
