14 4 10
384 1471 1796
1178 1402
113
935 1443 2781 2926
933 1415 2332 3072
791 1695 2749 3328
874 1630 2775 2812
948 1581 2398 2843
825 1475 2791 2929
813 1635 2377 2997
809 1599 2824 3251
914 1715 2423 3123
867 1528 2617 3217
784 1459 2339 3252
786 1435 2781 3313
860 1568 2391 3180
908 1435 2373 3247
8 10 5 8
10 8 6 10
9 9 8 10
6 7 10 6
6 9 7 7
7 9 9 10
6 7 10 7
10 5 8 8
7 9 8 5
7 6 5 9
8 9 5 10
8 5 8 5
7 7 6 6
7 9 5 9
3 13 1 0
8 2 3 3
4 2 1 5
2 3 1 4
1 2 3 3
3 4 3 3
3 4 4 2
0 3 5 3
3 2 7 7
2 3 5 2
0 2 13 2
1 2 8 6
2 10 2 4
0 6 0 8
5 9 2 4
