14 4 10
431 996 1356
590 802
437
601 1180 1827 2292
651 1298 1682 2364
705 1406 1552 2303
605 1252 1633 2186
656 1255 1621 2598
694 1302 1819 2480
637 1223 1632 2532
601 1323 1606 2431
693 1182 1840 2242
684 1329 1688 2601
603 1283 1888 2225
718 1398 1830 2459
612 1260 1714 2518
700 1245 1848 2598
9 10 9 8
5 5 8 9
10 8 10 8
8 6 9 5
7 9 9 8
8 6 8 10
8 8 8 10
8 10 6 9
9 10 8 9
8 10 5 10
5 9 7 8
9 10 9 8
6 8 5 8
10 6 9 8
2 13 1 0
7 4 3 3
4 6 7 5
4 3 3 2
4 1 5 4
5 3 4 7
2 4 0 5
1 4 4 3
3 4 2 1
4 4 4 3
3 0 6 2
4 2 1 6
2 4 2 4
2 2 3 0
3 3 5 6
