14 4 10
477 888 1483
397 795
502
628 1229 1650 2286
610 1063 1683 1958
636 1026 1855 2018
576 1050 1607 1968
604 1163 1613 2141
645 1019 1689 2123
603 1220 1771 2288
570 1228 1842 1989
575 1079 1555 1967
586 1197 1768 2114
647 1200 1781 1964
564 1021 1851 2036
550 1164 1774 2353
578 1027 1758 2203
7 5 6 5
9 9 5 8
9 6 6 7
7 8 10 9
5 5 7 5
9 10 6 10
9 5 8 8
10 8 5 8
5 9 5 6
8 8 6 9
7 8 5 5
7 7 5 10
7 9 8 6
9 5 10 5
3 8 2 4
8 2 2 3
0 3 2 4
4 1 3 2
3 0 1 3
4 1 3 8
2 2 3 3
4 5 3 6
1 9 4 2
2 0 2 3
5 2 4 5
5 3 2 2
1 1 2 7
3 4 9 4
3 1 4 5
