14 4 10
631 1076 2094
408 1122
740
706 1457 1915 2948
729 1339 1767 3068
814 1441 1988 3007
722 1310 2036 3029
683 1325 1970 3099
709 1443 1793 2655
803 1414 1842 2931
701 1479 1893 2615
693 1487 1829 2657
686 1342 1720 2811
759 1490 1968 2626
672 1480 2021 2714
710 1488 1945 3025
786 1486 1821 2574
7 6 6 9
10 7 6 7
10 7 6 8
5 9 10 9
8 7 6 9
7 8 6 8
6 7 6 7
9 9 5 7
5 7 7 8
7 6 8 10
8 6 8 9
6 9 6 7
9 5 10 8
10 6 9 8
9 3 1 1
1 4 3 4
12 5 3 2
4 11 3 5
8 1 1 1
4 2 2 3
6 5 3 4
4 0 5 4
3 3 4 2
5 2 4 4
4 6 2 4
3 2 7 2
5 1 5 3
3 3 4 3
1 0 6 4
