14 4 2
402 636 1570
327 1430
893
686 1173 1528 2682
586 1291 1854 2490
588 1223 1846 2334
582 1143 1838 2367
667 1334 1771 2645
650 1318 1802 2686
600 1330 1536 2287
573 1217 1557 2615
696 1325 1581 2556
687 1170 1694 2396
660 1319 1588 2494
603 1168 1687 2720
653 1333 1532 2554
680 1161 1554 2666
31 42 25 35
32 48 36 48
44 48 37 35
29 26 48 34
29 39 25 31
48 30 45 30
31 39 43 39
30 38 45 40
27 27 26 44
28 43 33 34
47 29 33 31
39 38 37 35
43 33 29 44
30 42 43 44
32 35 4 4
1 2 11 2
4 3 3 1
9 2 6 1
5 8 9 6
4 3 0 3
9 3 21 7
2 1 9 10
3 25 10 2
9 8 0 12
2 14 12 3
4 0 3 4
3 2 2 5
3 8 14 2
1 3 7 5
