14 4 2
601 1631 1829
856 1358
357
1021 1682 2743 3253
916 1641 2489 3417
933 1507 2510 3539
884 1516 2695 2977
1004 1698 2756 3187
1017 1437 2363 3240
970 1522 2780 3153
870 1702 2611 3424
938 1657 2602 3181
899 1682 2647 3439
960 1534 2715 3611
905 1650 2506 3223
1000 1689 2666 3216
908 1636 2327 3092
46 33 37 36
50 45 40 28
36 47 43 38
25 43 45 33
35 35 37 31
29 42 34 50
48 27 36 49
34 37 47 38
32 39 50 26
46 28 43 46
38 39 47 50
41 42 48 49
43 30 42 34
34 39 40 33
76 1 1 22
2 22 14 0
1 0 8 10
12 1 9 4
1 2 5 3
2 10 9 9
2 4 16 9
2 6 14 6
15 6 6 4
14 4 1 1
1 8 18 7
0 8 9 3
5 0 7 0
9 1 7 3
1 9 4 5
