14 4 2
493 1094 1917
368 1357
1043
892 1550 2054 3205
891 1506 2022 2978
817 1568 1989 3074
841 1618 1996 3167
885 1602 2258 3458
821 1652 2231 3177
806 1659 2073 2842
852 1716 1973 3175
847 1745 2166 3157
862 1688 2068 2867
883 1644 2067 3180
797 1577 2123 3210
747 1685 2137 3034
775 1649 2243 3033
49 38 44 37
30 38 29 28
36 40 33 35
44 34 46 39
26 30 35 37
32 34 27 41
46 41 45 35
48 45 42 25
29 25 40 42
34 46 48 45
41 40 39 29
46 36 29 38
29 32 33 45
25 45 46 41
41 8 22 5
5 9 11 3
2 8 2 7
10 0 8 3
2 0 7 9
7 8 9 0
0 6 5 0
3 9 3 10
5 0 19 5
16 10 13 1
2 2 9 3
5 4 0 5
10 9 4 9
6 9 2 5
3 0 0 6
