14 4 2
808 1685 1859
744 1243
274
923 1783 2825 3188
967 1570 3020 3685
1018 1597 2972 3347
967 1730 2653 3696
1066 1698 2584 3706
929 1701 2907 3597
976 1636 2873 3686
886 1749 2812 3757
902 1757 2988 3128
1044 1847 2620 3250
995 1730 2943 3192
965 1615 2606 3476
1032 1785 2921 3278
1003 1854 2563 3201
32 40 33 28
44 47 48 29
33 46 28 40
30 25 42 32
41 27 46 40
44 45 26 42
39 42 27 40
29 25 34 25
46 32 38 43
32 33 27 42
44 43 47 25
25 42 43 47
28 47 27 32
34 27 36 39
0 7 17 9
3 12 7 1
4 1 8 4
4 2 7 8
9 1 5 1
0 4 11 9
1 10 5 5
8 1 10 3
8 31 2 5
16 13 9 6
24 16 1 8
4 1 5 16
16 9 3 10
16 3 8 0
3 8 16 6
