14 4 2
402 880 1152
456 798
418
681 1145 1683 2235
581 1339 1570 2603
599 1181 1481 2425
635 1144 1549 2497
665 1255 1515 2511
620 1196 1732 2463
659 1187 1772 2193
670 1272 1569 2476
635 1288 1613 2419
604 1183 1489 2284
567 1168 1671 2630
661 1127 1571 2258
597 1317 1590 2481
587 1265 1541 2189
42 27 39 30
27 40 38 42
34 26 43 27
44 28 32 42
35 42 46 35
37 45 31 29
28 42 26 28
35 41 28 27
43 29 42 29
33 46 37 34
48 42 32 49
29 43 38 40
27 40 27 44
35 44 37 43
16 44 28 2
1 2 16 14
6 15 19 10
25 1 4 3
2 1 12 2
6 14 9 15
11 6 6 10
7 1 2 14
10 6 2 2
8 2 1 5
10 8 1 5
14 8 2 6
2 3 4 4
4 4 3 17
10 3 2 9
