14 4 2
284 684 1063
417 1041
577
512 811 1280 1926
548 833 1393 2087
527 833 1415 1909
497 976 1418 2192
501 930 1317 2051
551 864 1272 1881
520 821 1355 2177
491 829 1498 2118
559 813 1507 1837
486 837 1339 2166
575 838 1385 2070
591 930 1389 2186
556 902 1285 2160
593 942 1382 1823
40 48 25 35
45 29 39 25
28 32 42 27
32 46 39 47
44 50 40 43
49 28 31 49
47 37 28 34
36 38 43 31
41 35 40 36
34 32 41 36
39 44 26 25
44 42 33 36
34 38 39 49
37 48 50 30
28 32 29 15
5 5 1 8
10 3 4 6
10 1 0 3
0 2 14 11
5 6 3 8
21 1 16 0
4 9 9 2
1 19 2 8
5 2 6 5
9 9 3 8
5 27 2 6
2 7 2 4
4 3 5 21
6 8 2 1
