14 4 2
534 1207 1340
627 1075
329
740 1334 2124 2583
831 1565 1949 2570
708 1321 2256 2745
760 1306 2087 2864
797 1551 1990 3054
709 1546 1922 3006
775 1336 2131 2995
742 1533 1865 3067
717 1425 2060 2887
812 1539 2075 2785
804 1473 2032 2890
773 1442 2186 3065
833 1474 2090 2844
815 1447 1880 2842
33 35 37 31
26 34 45 36
34 31 35 30
46 41 41 47
36 43 27 45
46 34 27 27
46 28 43 48
47 37 50 28
32 34 46 29
33 48 34 32
41 34 43 47
26 35 32 31
45 48 34 42
49 41 37 46
22 26 10 26
2 0 0 9
3 3 2 4
5 5 10 11
3 5 1 0
10 9 12 4
6 2 2 11
5 10 10 4
1 6 12 6
7 3 10 5
11 5 6 3
2 8 8 6
7 0 6 2
2 3 1 1
9 5 3 2
