14 4 2
604 1700 2263
967 1455
780
766 1405 2606 3478
914 1384 2453 3169
841 1543 2289 3021
823 1413 2397 3238
890 1532 2545 3047
804 1363 2270 3629
859 1482 2291 3522
905 1327 2311 3677
899 1526 2364 3121
773 1570 2607 3676
890 1406 2470 3136
922 1566 2592 3045
928 1316 2639 3328
887 1507 2545 3527
49 50 41 46
47 49 46 36
37 43 41 37
27 28 35 48
47 41 33 34
50 37 30 50
39 37 37 47
40 35 25 45
35 32 37 44
47 40 27 48
50 36 36 34
28 30 39 26
47 46 34 40
34 38 27 29
2 29 48 0
2 3 5 9
9 6 9 23
2 7 21 12
8 4 5 10
6 1 12 4
12 10 14 4
2 3 5 0
2 3 14 0
6 15 2 11
2 9 2 7
1 1 8 5
6 3 4 2
3 0 4 18
10 7 6 3
