14 4 2
419 1106 1561
519 1183
871
735 1256 1899 2874
781 1460 2004 2977
787 1437 2018 2938
763 1477 2127 2760
798 1432 1989 2734
738 1424 2098 3214
810 1500 1802 2674
710 1270 1862 2961
752 1247 1789 2749
696 1491 2077 2942
780 1370 1938 2727
679 1468 1781 2923
819 1339 1977 3133
753 1473 2053 3143
33 31 27 41
45 29 27 42
27 50 45 45
49 34 33 37
27 33 49 45
26 27 47 40
49 28 46 29
47 39 46 40
46 48 27 34
27 41 37 42
41 26 48 40
35 46 28 35
28 25 31 29
49 49 31 25
16 37 10 19
14 1 2 11
1 7 6 2
6 6 5 5
3 6 8 7
7 9 5 4
15 3 9 0
9 34 9 11
5 3 19 6
3 10 10 15
2 9 4 3
1 1 2 11
11 17 1 20
6 6 16 2
5 2 15 2
