14 4 2
558 1145 2807
606 1938
1255
894 1672 2466 3891
882 1669 2424 3488
968 1929 2696 3389
978 1738 2547 3692
972 1670 2512 3940
1002 1624 2465 3379
1011 1661 2300 3843
899 1677 2563 3571
944 1802 2340 3377
924 1626 2687 3436
972 1948 2609 3775
927 1839 2561 3943
864 1881 2602 3472
1008 1706 2583 3470
49 40 43 47
35 48 41 43
34 38 36 40
35 39 33 48
46 36 33 27
30 34 43 45
39 26 45 32
36 27 41 39
36 33 42 28
28 25 39 28
42 35 41 27
42 40 45 39
42 45 30 45
42 38 31 30
50 14 27 3
1 22 12 0
2 7 4 1
1 1 4 8
4 4 7 7
1 6 4 5
7 2 0 3
6 3 18 7
5 3 10 12
6 0 2 8
3 8 0 13
8 8 5 4
7 3 12 1
10 9 8 0
1 2 4 11
