14 4 2
423 1281 1476
699 1278
425
701 1220 2195 2668
675 1238 2030 2957
697 1307 2199 2976
699 1278 1958 2853
730 1165 1954 2684
705 1120 1952 3057
744 1156 2224 2669
645 1280 2054 2869
685 1286 1883 2883
701 1137 2264 2995
668 1301 2224 2552
682 1271 2052 2704
648 1198 1941 2782
726 1207 1875 2522
50 26 38 45
33 40 35 47
36 47 39 31
50 44 48 46
26 36 25 46
43 31 44 41
48 32 44 41
50 37 40 28
42 43 33 29
39 39 44 29
41 44 45 40
32 46 28 30
38 32 32 32
38 43 45 47
26 12 2 21
11 2 12 4
12 2 6 3
5 1 2 16
13 1 6 7
7 0 9 3
16 7 2 3
9 6 1 5
25 33 13 2
12 5 4 6
1 21 1 10
0 2 2 3
9 4 6 3
2 5 3 6
8 1 1 4
