14 4 2
347 921 1703
574 1541
765
718 1090 1894 2832
749 1196 1942 2774
753 1209 1932 2651
738 1145 2219 2893
841 1270 1902 2985
785 1154 2229 2845
821 1148 2204 2728
715 1137 1988 2605
718 1190 2191 2608
816 1143 1944 3017
760 1100 2194 2607
744 1295 2071 2538
727 1251 1939 2881
783 1307 2126 2832
31 36 39 30
45 47 29 30
43 34 34 44
39 47 28 35
40 46 34 41
40 39 46 48
30 25 37 50
40 35 41 31
40 36 43 33
34 39 48 30
25 37 32 41
28 43 34 42
50 47 49 27
48 50 40 35
28 45 10 14
7 5 1 5
3 0 1 1
11 4 9 4
5 0 2 0
7 1 5 9
7 8 5 0
0 16 9 1
14 0 1 6
3 5 1 1
6 2 8 3
9 1 13 9
11 17 8 6
11 9 2 15
0 7 4 3
