14 4 15
808 1382 1837
539 1486
718
878 1752 2471 3316
994 1741 2512 3268
857 2027 2429 3351
1029 1955 2677 3694
917 1891 2494 3207
987 1802 2744 3317
935 1993 2499 3468
982 1697 2324 3790
967 1758 2678 3355
999 1983 2534 3713
854 2015 2774 3651
847 2024 2574 3528
1013 1991 2363 3146
953 1735 2769 3794
6 10 5 5
9 10 5 7
8 9 7 6
9 8 7 10
6 6 10 10
10 9 5 7
7 9 7 8
7 7 5 6
10 6 6 6
8 8 5 10
10 6 8 9
7 8 6 5
10 6 5 8
6 9 5 9
8 3 2 4
60 51 23 37
43 66 79 59
38 17 64 23
42 64 40 38
61 47 36 68
44 65 40 20
51 47 39 45
67 60 72 35
52 36 34 73
48 57 63 72
52 57 40 25
31 47 44 54
34 65 18 54
47 35 32 42
