14 4 15
363 1092 1931
851 1955
968
939 1418 2456 3517
878 1367 2266 3399
885 1389 2415 3580
998 1579 2732 3157
962 1462 2482 3446
1036 1402 2348 3268
956 1418 2565 3608
956 1518 2347 3195
880 1616 2377 3348
983 1601 2388 3304
900 1560 2622 3506
965 1330 2389 3114
1046 1469 2472 3174
985 1488 2659 3368
5 10 8 9
7 8 10 7
10 6 9 6
8 8 6 8
6 8 6 5
8 8 8 6
9 8 8 6
6 5 6 5
9 10 10 7
9 9 7 6
8 8 10 6
5 6 8 6
6 9 10 9
8 9 5 9
6 4 8 0
22 41 63 44
39 59 21 30
57 38 36 52
50 52 46 40
40 83 48 32
32 59 24 44
55 45 48 38
46 31 50 49
40 69 43 72
34 50 38 43
49 36 49 53
62 52 47 52
53 50 34 53
35 27 45 50
