14 4 15
504 1032 1920
647 1400
724
819 1438 2232 3089
754 1235 2436 3071
748 1425 2321 3124
901 1358 2458 3118
803 1385 2439 2978
777 1334 2356 2798
773 1230 2323 3233
837 1390 2477 3237
847 1238 2464 3033
837 1434 2458 3135
820 1335 2386 2993
773 1331 2333 2745
843 1239 2289 2838
762 1368 2310 3075
7 8 6 9
7 10 8 5
10 5 5 8
8 5 6 7
7 6 9 6
6 5 8 5
8 9 10 8
10 5 6 8
9 6 7 9
8 6 10 5
10 9 5 7
6 5 6 8
9 7 5 10
6 6 10 9
2 5 5 5
45 46 49 46
44 35 35 36
48 59 56 20
42 53 40 53
35 40 55 50
57 50 18 56
53 46 52 21
57 58 38 40
61 68 30 27
51 42 45 37
44 38 72 44
35 39 52 51
54 28 26 63
25 43 71 39
