14 4 15
524 1229 2173
872 1357
559
1006 1644 2702 3355
837 1548 2486 3299
917 1752 2479 3763
999 1683 2779 3460
953 1668 2308 3593
856 1541 2295 3233
1010 1777 2551 3414
858 1757 2779 3435
902 1733 2403 3669
986 1751 2345 3636
853 1484 2506 3498
844 1663 2696 3715
879 1651 2636 3358
965 1540 2366 3455
10 6 8 6
5 6 7 9
7 7 10 9
7 7 9 5
8 9 9 8
9 9 5 6
8 8 10 8
7 6 10 6
8 10 10 8
5 8 7 10
8 9 9 5
5 8 8 7
9 8 10 7
10 9 8 5
12 1 3 5
69 45 21 28
51 34 41 50
38 61 55 55
40 46 64 47
23 55 31 53
33 56 28 80
20 48 42 50
23 53 54 27
60 55 84 48
64 65 20 61
40 58 42 62
38 34 42 44
47 41 46 48
61 42 74 63
