14 4 15
467 1310 1946
702 1683
828
958 1609 2603 3509
890 1907 2888 3448
885 1823 2576 3514
886 1867 2458 3790
851 1873 2632 3206
950 1596 2440 3624
836 1789 2834 3563
932 1573 2453 3241
875 1604 2430 3488
938 1669 2592 3898
818 1644 2665 3254
877 1576 2592 3763
892 1704 2805 3556
902 1767 2811 3364
7 5 9 10
10 10 10 8
10 9 8 10
6 7 6 10
8 10 5 6
9 7 6 10
9 6 10 10
5 8 6 9
5 9 10 9
10 7 7 10
10 7 8 7
10 9 10 5
10 9 8 7
9 8 6 7
5 6 8 0
57 45 16 39
43 65 50 33
27 31 34 33
35 26 48 58
64 39 39 32
27 58 44 33
37 43 63 64
44 31 64 51
36 54 45 52
28 33 23 34
35 40 59 42
45 52 49 59
37 43 50 39
31 38 41 67
