14 4 15
793 1574 1826
573 1087
429
991 1934 2725 3279
1052 1663 2661 3634
1027 1743 2359 3654
936 1633 2851 3667
1054 1869 2539 3505
1050 1802 2668 3643
1055 1715 2642 3722
969 1894 2734 3197
900 1651 2715 3381
1015 1954 2435 3476
982 1918 2734 3808
947 1853 2662 3348
998 1962 2680 3456
1068 1737 2594 3263
8 9 8 7
5 9 9 7
7 7 6 8
8 10 10 5
6 10 9 10
5 7 7 5
9 9 5 5
5 6 6 5
6 8 5 10
10 8 8 6
9 6 8 7
7 10 5 5
8 10 5 5
8 7 5 7
6 3 5 5
53 34 43 70
41 23 26 88
40 51 34 43
44 75 34 55
35 44 37 84
50 34 43 34
55 24 40 55
73 34 46 26
39 51 45 52
35 39 52 36
26 87 43 31
32 45 78 47
38 51 52 41
42 31 40 28
