14 4 15
439 985 1514
737 999
424
663 1170 1965 2500
633 1165 1771 2715
600 1215 2051 2256
605 1249 2025 2369
621 1213 1689 2473
663 1189 1690 2404
699 1225 1888 2305
622 1254 1982 2418
688 1170 1991 2581
658 1218 1811 2670
643 1169 1777 2611
620 1189 1928 2507
608 1374 1936 2412
608 1362 1834 2701
5 7 5 6
5 6 10 9
8 5 10 8
6 9 8 6
5 6 6 8
10 10 7 8
7 6 10 7
5 7 9 9
8 9 8 5
7 9 6 8
5 8 8 6
8 6 7 9
9 9 7 9
9 7 10 5
7 5 0 5
35 39 63 43
19 78 50 36
39 38 46 59
40 35 69 42
39 66 18 38
44 43 36 87
40 42 30 70
70 28 44 56
54 43 41 36
32 89 25 66
39 63 22 74
35 52 37 68
41 76 30 36
51 23 30 63
