14 4 15
244 745 1178
506 1106
604
539 834 1469 2188
484 852 1566 2211
573 885 1591 2127
487 850 1447 1932
515 945 1591 2217
558 907 1505 2267
558 818 1549 1928
564 838 1437 2042
506 925 1353 2299
511 918 1490 1952
506 844 1419 2273
528 916 1626 2027
486 807 1599 2072
535 887 1560 2084
8 7 8 6
7 10 10 6
9 10 7 10
5 8 8 5
5 8 10 10
5 9 9 8
6 9 6 8
6 9 10 6
7 5 8 8
9 7 9 8
8 8 8 5
10 5 6 8
9 5 9 7
9 9 9 10
5 2 6 2
58 35 52 61
45 64 42 45
69 37 42 50
76 51 57 68
36 38 53 31
41 50 49 47
41 62 30 27
51 42 46 55
51 34 48 50
32 23 76 50
33 46 36 44
44 59 41 64
38 24 44 49
34 45 53 51
