14 4 15
451 788 1342
259 858
620
520 1088 1383 2123
559 1047 1340 2026
556 985 1341 2196
529 1046 1224 1899
541 916 1253 2100
494 1049 1334 2189
507 944 1361 1911
566 924 1464 2171
566 985 1331 2219
546 963 1360 2155
540 942 1453 2082
477 943 1453 2272
539 1030 1270 2152
469 936 1415 2059
8 6 8 8
10 9 8 10
5 5 8 6
10 8 10 10
8 6 7 9
8 5 9 10
9 8 5 9
6 7 10 6
9 9 8 8
9 5 10 9
7 8 6 10
7 10 8 7
6 6 9 9
5 7 10 8
4 2 5 3
16 48 29 53
40 30 52 23
55 22 25 36
34 58 57 37
41 54 56 45
69 76 34 56
63 41 58 53
45 42 52 36
27 54 16 40
41 94 40 34
46 49 46 46
27 38 27 51
44 62 44 50
34 38 39 54
