7 2 10 1000
240
592 924
577 935
635 1053
626 923
587 982
615 912
585 931
142 105
162 108
110 140
134 140
132 185
144 125
113 151
168 41
31 26
14 19
19 25
28 22
32 44
36 30
30 28
42 34
18 36
43 36
19 36
16 23
38 30
20 27
28 15
26 21
17 19
39 21
35 22
26 30
27 26
46 37
45 26
42 26
37 23
32 19
17 19
36 35
35 26
26 39
31 31
17 22
20 26
17 27
25 25
27 23
32 20
32 20
42 25
26 22
25 24
17 20
39 28
19 29
23 29
24 23
38 37
27 33
31 41
15 29
26 30
35 39
21 30
34 26
24 23
19 20
28 35
22 38
26 22
39 31
34 23
32 28
40 35
26 26
44 17
28 34
44 17
13 34
27 27
45 22
22 23
35 39
45 35
23 13
13 19
16 22
20 20
38 22
36 27
46 13
27 42
42 34
36 20
16 19
37 24
26 20
21 45
30 26
31 21
15 27
36 38
22 23
15 30
32 44
27 37
43 31
27 39
28 26
25 26
33 22
16 33
33 29
14 21
33 43
41 34
30 41
26 27
26 37
44 28
19 27
32 40
20 21
17 21
20 26
18 38
37 33
34 36
29 28
36 33
21 20
13 29
31 28
45 18
27 19
28 17
29 26
36 27
36 27
34 25
13 40
37 36
24 39
22 31
35 13
14 34
34 14
31 13
36 18
44 13
27 34
24 42
14 29
17 15
34 36
33 37
14 21
24 31
27 36
41 30
25 29
34 13
20 33
14 24
39 37
39 38
31 24
35 22
15 19
32 22
17 31
19 32
19 33
33 43
44 23
36 37
19 27
32 27
29 30
33 22
19 37
31 20
34 44
28 46
39 23
23 17
17 29
31 32
27 40
24 24
31 21
28 22
38 13
19 22
31 34
18 27
45 13
32 31
28 23
22 23
20 29
28 31
24 27
39 30
31 35
19 30
44 26
34 27
29 35
37 21
34 34
33 32
19 24
33 40
25 28
13 23
21 40
38 16
37 21
20 23
23 15
31 20
34 32
26 39
19 23
42 19
17 20
32 45
27 36
34 37
21 18
17 30
21 31
36 20
32 22
29 28
22 24
36 34
38 24
32 17
29 38
27 36
21 13
21 40
23 18
30 19
36 45
18 24
24 22
32 27
30 28
31 42
23 38
30 32
32 21
19 21
30 35
28 34
14 15
30 43
31 29
22 33
40 34
25 20
32 23
31 22
46 15
46 34
29 45
44 14
25 28
22 26
31 19
37 27
28 31
27 40
16 26
27 19
28 20
24 28
22 34
23 28
32 21
39 13
26 24
24 21
18 46
34 19
39 34
24 38
17 19
19 34
36 30
31 19
19 44
42 22
15 20
23 42
40 17
14 23
40 41
20 39
29 29
33 32
26 18
35 31
18 28
21 35
21 27
43 26
15 30
20 44
28 24
21 46
23 32
44 23
32 17
17 32
46 36
29 29
23 44
27 35
38 32
14 29
16 39
24 30
46 42
15 27
46 29
19 22
31 25
41 20
22 30
31 39
22 25
19 16
21 23
23 46
39 39
23 33
20 35
27 33
15 23
41 19
18 25
21 19
32 15
30 39
38 29
41 31
29 26
46 14
23 35
34 26
20 32
27 30
35 31
35 22
28 21
22 27
28 35
27 26
29 26
20 17
35 35
31 21
28 45
30 28
28 41
40 30
30 37
26 33
30 28
34 28
36 18
36 31
31 39
23 22
19 37
21 20
30 27
41 25
23 29
25 46
17 15
25 44
27 29
20 27
35 18
23 17
17 20
33 23
23 21
34 31
30 28
16 45
41 46
45 30
24 27
27 40
40 33
28 17
42 31
27 31
45 39
19 22
31 35
44 16
15 41
37 36
14 21
39 15
36 32
46 15
39 18
30 32
32 36
29 31
33 31
33 38
22 28
22 37
40 31
45 30
33 41
15 42
34 30
19 38
40 31
19 30
30 28
35 31
43 22
36 39
27 25
33 34
40 23
36 16
19 28
32 35
46 36
33 28
45 46
22 19
23 29
35 40
21 23
32 32
23 17
27 33
34 37
33 29
25 28
26 23
18 28
38 18
21 43
38 24
32 36
17 34
25 22
40 39
23 21
27 31
36 37
31 33
18 34
29 24
35 27
22 33
36 24
41 26
46 32
33 15
35 20
26 16
23 14
17 23
14 36
14 33
38 28
41 26
15 28
28 32
42 23
35 15
17 27
35 40
25 32
20 35
18 37
16 37
35 26
39 18
32 44
36 14
40 26
40 39
14 29
24 25
31 33
24 28
29 22
39 15
23 21
33 42
15 24
26 31
41 43
28 27
40 38
44 25
22 30
31 24
28 46
38 33
29 16
19 19
14 17
28 17
13 40
33 20
30 38
37 22
30 29
39 27
14 34
23 25
23 32
31 20
14 18
35 28
27 20
29 29
28 32
36 29
22 39
29 29
22 19
32 22
46 28
29 26
30 37
27 32
34 25
32 21
30 18
37 22
35 23
21 24
40 31
28 40
37 28
27 24
27 19
43 26
25 27
22 32
37 37
18 28
15 36
25 20
28 34
40 29
18 36
16 35
29 18
18 25
22 32
27 24
25 36
27 20
44 29
41 34
20 28
42 34
36 16
25 20
25 24
38 29
34 42
27 19
25 14
21 33
22 24
23 39
40 34
24 21
34 16
43 23
23 28
16 44
32 46
39 23
21 20
23 14
26 33
22 20
32 18
23 43
29 20
31 20
20 41
22 21
30 24
27 44
40 19
35 34
25 33
28 37
43 27
37 18
17 16
27 24
33 30
28 45
37 23
40 32
30 38
20 18
39 31
33 17
41 33
34 36
29 19
19 24
37 21
26 28
27 20
16 32
28 43
42 24
32 13
21 20
21 27
30 33
25 46
38 22
19 14
37 29
22 23
30 32
26 34
23 28
44 28
23 31
27 20
20 21
31 20
42 20
17 26
13 35
41 26
28 20
21 46
20 26
25 28
18 29
36 23
21 32
37 30
39 42
25 21
34 27
32 22
21 23
40 34
22 27
22 25
17 27
29 42
23 21
25 30
34 38
19 21
24 37
25 37
38 28
16 37
18 15
32 43
30 28
35 35
32 21
22 31
35 45
32 16
14 30
23 23
23 46
43 32
27 15
28 28
29 24
16 23
43 36
40 16
27 38
29 29
20 40
32 25
19 43
20 17
26 34
28 34
44 24
30 26
38 22
15 23
46 44
26 18
25 25
21 22
41 33
20 37
25 31
39 16
30 31
35 17
28 30
29 25
26 17
40 39
34 17
14 16
30 23
38 33
34 38
22 32
31 27
21 33
17 40
39 26
16 31
22 16
38 35
22 39
16 37
30 46
33 28
25 28
22 34
33 24
42 33
24 41
15 46
35 36
45 36
27 21
21 19
31 24
28 42
20 20
22 39
30 24
36 29
20 42
20 22
35 28
32 41
40 23
45 44
37 29
18 38
40 32
29 25
34 36
19 20
39 16
37 22
28 34
28 28
33 21
33 36
28 30
43 20
20 31
22 34
37 40
26 27
38 21
34 13
30 42
40 14
24 38
16 25
24 25
25 27
38 27
32 20
14 18
26 32
17 18
30 37
34 23
32 21
27 19
35 23
38 32
37 23
37 18
24 17
46 18
45 31
21 40
30 18
31 30
35 44
43 31
26 34
20 37
38 20
37 16
31 32
35 26
35 16
35 22
19 13
39 30
33 25
23 42
26 42
29 18
25 23
25 36
23 37
36 40
36 13
17 28
31 24
33 23
24 30
18 22
31 22
19 37
40 30
44 37
14 33
15 30
23 32
31 32
35 21
35 22
39 17
16 19
42 27
18 19
23 39
16 34
37 26
21 22
29 13
42 25
42 18
18 45
32 35
26 28
26 26
43 39
25 15
18 17
13 36
23 38
33 28
16 22
29 16
26 33
23 28
17 14
34 41
16 39
33 23
16 19
26 31
16 29
26 33
21 38
23 23
35 21
35 27
38 16
20 19
43 27
29 36
27 24
31 26
39 30
27 21
35 21
20 44
36 20
19 24
16 33
21 29
18 29
33 36
18 28
21 32
33 35
32 34
30 41
25 30
14 34
28 19
21 30
46 27
20 15
18 35
22 27
39 19
45 26
18 43
29 36
24 36
21 23
15 26
34 38
35 41
40 44
30 32
27 19
24 30
36 15
21 14
26 37
14 31
24 39
34 41
38 34
20 27
35 24
27 15
23 46
25 22
21 14
35 20
30 30
24 19
18 34
33 15
18 19
42 23
25 40
39 37
21 38
37 29
31 32
19 28
28 26
34 21
27 23
33 17
35 26
17 29
26 21
36 37
36 28
22 19
28 21
26 26
37 34
40 21
32 37
16 15
35 31
37 26
27 13
27 38
32 26
35 28
40 29
18 24
29 16
30 13
32 37
24 21
36 40
31 35
20 24
27 17
23 29
16 29
19 23
35 15
20 32
32 45
41 16
24 31
20 42
22 16
30 22
24 26
26 31
29 40
30 29
19 37
31 33
36 22
24 35
18 31
26 27
38 20
32 17
19 33
29 20
32 16
33 15
19 23
34 27
26 16
22 46
37 36
18 22
32 44
32 30
30 33
13 34
34 39
27 36
44 35
31 28
36 21
43 34
42 21
21 38
35 24
38 31
17 20
41 42
23 15
17 31
24 27
17 42
24 44
15 26
31 19
20 46
18 27
33 27
27 28
41 39
38 45
32 40
36 20
41 38
29 22
14 26
31 21
21 38
21 23
29 33
26 22
14 19
30 34
28 42
20 20
17 21
37 16
30 34
26 44
20 20
42 15
20 36
39 27
36 30
38 26
38 37
30 21
35 26
25 19
28 38
24 38
42 30
25 17
39 28
40 30
30 17
41 21
39 22
23 15
30 23
15 24
30 27
27 45
37 18
36 42
24 33
29 29
36 21
45 22
25 16
16 30
24 29
23 29
26 24
41 23
30 42
14 43
28 27
32 28
34 25
38 35
34 36
46 26
28 29
27 44
20 15
28 24
34 30
23 38
19 28
37 20
37 26
27 24
33 45
33 21
29 22
21 26
32 41
19 20
38 24
21 28
31 32
31 18
14 20
26 39
39 23
35 42
31 40
29 43
40 46
20 42
34 35
16 35
40 40
40 35
39 36
30 35
26 16
32 35
35 43
30 46
39 24
44 44
35 41
36 32
26 15
39 21
21 16
34 38
39 35
26 20
19 38
21 20
20 34
17 24
15 26
23 19
23 30
24 17
17 35
23 23
27 24
21 23
36 22
25 23
40 14
13 16
35 26
39 44
31 31
25 19
34 43
35 35
16 35
19 33
43 16
35 14
17 22
32 31
46 23
15 33
46 24
35 25
21 32
19 29
41 33
37 34
27 31
24 39
45 46
33 43
19 31
40 23
45 25
33 34
26 14
37 39
26 23
18 34
33 43
17 30
23 25
26 21
36 40
16 25
39 14
24 36
23 42
21 40
29 34
14 43
23 29
33 19
29 16
33 28
29 26
30 37
18 31
31 18
18 30
34 26
37 39
42 37
32 16
31 26
30 13
35 23
18 34
37 28
42 19
30 23
28 27
26 39
25 21
19 27
23 39
28 42
23 23
29 20
39 38
40 30
36 40
25 17
25 29
31 15
34 15
39 24
24 33
34 32
18 29
29 22
32 18
37 34
42 32
18 19
31 34
35 30
32 19
25 20
36 18
40 30
43 28
31 32
22 22
39 22
28 31
44 44
38 23
20 24
15 41
24 24
33 27
36 16
42 15
20 35
38 41
30 26
36 44
46 34
32 28
25 33
24 21
29 32
19 40
17 36
35 19
46 22
24 23
30 23
23 26
38 45
18 27
27 41
30 41
22 18
34 37
19 34
27 36
31 20
39 24
27 36
37 27
29 21
22 24
32 37
27 21
28 21
28 21
19 35
19 44
46 18
34 17
28 34
29 31
20 40
37 42
31 13
23 33
32 27
26 19
42 27
24 22
32 27
29 41
32 18
41 20
30 33
32 20
19 26
23 17
34 36
19 33
34 16
24 32
24 22
22 45
24 35
39 15
29 34
44 43
21 31
33 28
37 26
39 28
24 18
20 20
18 16
31 28
18 29
31 18
31 17
30 25
20 29
35 22
31 33
25 27
38 20
40 27
22 35
32 34
46 23
34 13
26 28
34 20
30 21
21 22
34 17
35 21
24 29
30 35
21 26
30 19
24 45
17 30
16 26
25 27
27 18
30 26
43 20
27 23
30 21
16 18
42 33
36 23
32 45
15 31
29 24
15 30
22 21
28 19
24 22
22 37
29 35
30 27
37 19
28 37
25 35
30 32
42 37
39 18
29 23
18 38
33 27
29 17
18 35
15 37
29 38
14 28
33 40
25 36
18 24
18 21
29 38
35 17
25 25
25 34
37 13
43 28
20 24
25 27
36 21
33 31
18 19
21 22
33 18
21 37
15 40
25 32
30 26
26 34
35 25
23 28
33 38
42 46
31 14
32 33
37 25
22 42
15 26
44 28
29 44
37 18
23 24
28 42
16 34
19 43
21 29
31 17
37 19
20 44
27 17
22 20
25 26
42 34
13 29
33 37
46 40
19 33
38 30
24 19
40 17
17 40
29 43
27 16
41 22
15 44
20 18
16 39
19 14
42 30
28 13
21 20
23 31
28 20
38 32
40 34
27 16
20 31
23 40
23 16
36 28
17 41
28 24
38 25
23 34
27 29
17 30
22 19
45 35
43 25
35 28
15 19
40 30
39 31
31 23
32 15
35 42
34 37
30 28
42 29
30 40
22 29
34 27
39 24
32 26
24 33
16 26
23 19
38 18
26 42
23 27
42 19
30 19
36 16
20 20
23 22
26 19
21 28
24 24
32 40
21 23
28 26
23 22
31 34
41 32
36 21
15 32
39 22
31 17
20 35
23 33
46 39
29 35
19 14
33 43
34 26
33 35
45 20
34 27
25 22
36 25
19 34
23 17
27 26
29 16
34 35
22 33
21 18
29 43
29 20
31 32
15 33
17 31
15 29
25 17
46 25
29 24
20 28
42 24
18 33
18 43
17 22
35 33
27 17
25 30
46 19
21 21
32 39
28 33
26 35
23 46
25 22
27 19
24 27
19 26
46 39
39 28
32 38
31 33
36 18
29 28
41 33
43 14
28 14
17 28
27 24
34 39
26 38
20 27
27 31
27 30
39 24
38 37
37 23
24 37
32 21
23 22
15 42
13 19
37 38
24 39
38 35
27 44
32 31
22 24
29 41
26 33
24 17
18 30
20 18
37 33
18 31
38 18
43 20
32 31
36 26
24 22
31 30
22 27
37 28
23 27
43 25
38 20
39 32
31 24
31 27
38 30
22 23
39 42
16 26
41 24
40 20
16 18
16 15
43 38
28 26
34 21
26 20
30 30
32 41
16 27
19 29
42 25
22 35
15 23
39 18
37 22
40 30
33 21
25 25
30 27
36 35
18 24
17 27
28 22
28 39
26 41
43 23
25 34
19 19
39 17
33 16
41 30
25 46
36 15
34 33
22 40
27 31
27 25
44 43
29 31
18 21
36 16
30 26
30 31
31 28
21 29
28 27
18 24
20 42
36 20
25 16
34 28
24 46
25 17
30 34
15 37
27 32
37 31
31 17
32 29
28 26
39 26
26 36
31 23
21 32
27 19
21 30
23 29
31 34
42 27
16 14
30 19
17 26
41 26
27 17
26 33
36 33
28 33
36 28
23 38
21 20
42 21
30 40
42 34
46 22
24 26
31 27
25 40
22 38
27 26
38 31
20 23
29 34
15 42
34 27
15 41
29 43
34 42
32 40
30 23
17 29
29 23
31 34
43 20
24 26
42 20
25 34
39 24
34 23
31 20
17 27
16 26
19 26
39 23
45 13
17 27
29 29
31 33
18 17
35 26
31 21
24 28
39 19
25 25
34 26
27 33
31 23
23 37
46 25
32 26
41 41
14 43
41 24
37 26
45 40
18 35
29 32
26 22
35 20
31 30
44 43
16 22
21 31
25 21
13 28
38 28
35 26
22 26
38 32
28 42
35 34
30 36
20 20
20 22
46 35
23 27
40 32
40 26
43 43
28 24
40 28
26 23
28 17
14 38
16 22
18 24
18 32
18 30
32 29
38 27
40 24
45 29
29 26
38 17
24 36
33 30
20 30
33 36
35 27
33 13
13 38
30 29
30 34
20 43
22 37
24 38
29 43
45 35
18 32
36 27
19 19
21 36
13 18
26 39
43 21
29 19
29 23
22 33
24 28
26 20
46 20
46 19
28 18
14 23
33 25
35 25
44 45
34 21
22 13
36 31
32 34
41 24
44 37
18 21
22 30
25 37
39 21
37 27
45 41
17 21
44 16
29 32
22 21
24 21
22 35
37 42
34 16
40 36
19 38
32 33
41 35
19 19
38 27
22 31
21 37
40 38
20 22
31 25
13 40
32 35
27 17
31 28
15 23
35 31
21 22
36 25
38 24
15 24
30 26
32 28
32 42
37 29
20 43
22 23
40 27
38 34
37 23
42 38
23 32
32 22
41 33
21 20
35 41
16 21
16 44
29 21
23 23
23 37
29 29
17 35
27 27
28 31
41 17
23 29
17 27
35 31
36 34
41 33
33 16
30 35
15 22
37 24
34 42
18 27
27 33
36 34
36 17
30 20
32 40
24 25
27 20
21 24
29 24
39 16
34 37
21 28
36 24
35 36
26 18
37 32
41 25
39 36
23 22
22 22
24 38
30 22
23 22
26 22
34 26
19 31
29 18
35 34
31 29
27 27
25 41
22 41
30 30
15 27
34 35
22 35
29 26
33 24
35 25
20 31
29 23
13 33
30 19
30 19
33 34
16 31
14 15
22 38
27 42
25 24
40 24
33 34
32 34
15 36
30 39
23 38
18 27
21 37
26 41
32 26
30 31
36 45
28 44
15 27
46 32
37 36
19 23
45 27
32 40
40 28
30 38
42 25
27 38
24 38
23 24
22 22
33 26
32 21
30 41
45 30
33 33
25 21
29 26
18 24
20 28
20 24
30 17
34 24
37 36
39 24
24 19
28 27
24 41
28 33
34 28
28 24
41 33
32 20
37 23
19 42
34 25
24 30
18 33
16 30
20 27
26 30
24 13
26 25
33 30
30 39
14 20
27 34
39 33
14 28
32 28
30 35
25 37
32 29
19 33
26 41
44 16
35 20
32 46
34 16
45 21
23 35
19 34
17 35
43 35
30 27
20 35
35 33
44 25
18 27
14 29
34 32
22 36
21 18
16 34
17 26
26 34
22 46
13 29
23 18
29 39
21 25
15 24
40 44
38 39
21 32
24 14
24 26
40 44
34 15
14 31
36 33
25 20
28 40
38 15
19 37
36 16
37 33
33 25
20 13
22 39
20 24
22 34
16 26
24 22
31 19
34 23
38 31
25 26
33 25
37 33
20 19
24 16
23 31
31 28
15 39
45 39
17 23
31 18
16 25
15 32
37 29
19 34
39 36
45 14
34 29
33 23
26 46
26 33
33 25
36 30
25 23
31 21
34 20
19 29
28 21
33 25
21 15
20 26
22 18
29 23
21 36
29 37
40 40
27 17
31 27
27 35
27 20
22 38
34 44
20 25
20 22
15 25
15 27
31 34
44 26
23 34
21 19
27 32
31 16
24 23
35 13
15 21
27 20
26 14
21 36
13 37
40 31
31 21
35 28
39 35
18 14
42 29
14 35
39 37
15 38
30 42
21 33
38 24
22 36
41 45
20 36
26 21
28 24
41 29
18 43
24 30
42 25
15 22
17 14
23 27
33 36
26 28
24 16
35 15
33 24
29 18
33 35
27 28
24 26
27 37
30 19
29 27
46 26
15 15
33 35
38 40
18 32
31 40
44 24
15 21
18 20
27 27
39 40
30 35
29 27
26 21
21 21
43 25
32 21
21 25
20 13
36 24
17 35
39 46
18 29
38 15
13 27
20 34
36 23
23 37
29 14
36 15
35 22
27 25
29 14
22 32
37 21
18 39
31 18
26 28
20 36
14 29
31 16
25 31
39 22
38 25
28 39
15 33
29 31
46 23
34 16
27 33
45 31
36 17
38 25
40 16
20 16
28 20
36 29
25 17
14 27
25 26
36 22
29 38
26 38
25 35
31 19
16 25
30 27
35 33
23 33
23 28
28 24
23 18
39 29
23 35
20 13
31 34
37 37
38 40
27 38
34 32
38 19
26 23
41 21
23 15
18 23
15 27
17 18
18 30
31 17
37 40
37 29
21 30
30 21
23 35
26 23
35 13
32 29
27 20
30 27
18 18
19 16
25 41
13 35
27 29
33 38
30 23
37 40
35 42
30 14
33 29
33 30
35 42
31 35
29 21
35 34
23 30
35 28
24 46
24 19
39 35
20 25
27 33
39 33
29 38
39 33
17 21
32 29
39 34
26 22
46 25
37 26
24 37
30 34
14 40
37 22
36 14
33 24
19 38
37 26
39 46
25 23
42 24
46 33
45 17
18 27
42 27
29 37
31 42
29 24
34 29
26 24
19 33
46 28
18 16
44 25
13 15
18 29
27 19
36 34
20 31
37 28
31 33
13 23
26 34
25 38
27 23
15 31
18 30
38 23
29 45
20 35
22 19
36 20
13 35
19 23
35 21
29 16
39 18
21 25
39 28
28 22
35 15
38 32
17 40
45 40
16 37
30 46
32 45
20 32
24 26
28 30
16 41
32 19
28 16
19 22
33 19
37 22
35 36
33 33
30 34
29 26
23 32
36 37
20 26
20 23
31 39
21 17
30 32
44 45
45 35
34 13
45 25
26 44
23 35
28 21
20 41
16 34
28 27
41 29
43 44
24 39
22 23
30 28
24 21
34 16
28 23
24 17
24 27
13 23
37 29
35 33
17 27
29 31
25 24
34 29
14 33
41 33
22 26
28 33
32 13
43 33
24 26
39 32
19 36
19 25
18 20
33 13
24 31
32 33
31 21
26 36
28 15
34 41
33 23
32 36
23 14
22 24
31 28
28 38
29 40
21 28
29 39
43 30
14 25
28 44
17 18
19 28
35 20
35 35
20 24
19 31
34 26
18 32
39 31
31 33
32 23
22 26
19 45
29 23
41 17
31 38
31 22
33 31
43 32
41 20
41 31
35 25
38 39
17 16
34 32
26 20
38 26
21 46
34 26
17 31
24 39
37 23
21 14
30 24
30 41
21 32
27 45
41 25
25 30
32 18
30 26
36 24
29 28
22 18
16 32
41 37
19 37
20 36
15 30
39 30
32 23
30 17
13 35
39 44
25 17
19 30
30 43
37 30
34 33
23 35
44 42
43 43
32 22
33 41
25 34
17 40
22 13
19 26
22 26
36 18
23 35
30 33
37 46
15 30
23 44
24 25
28 44
13 23
28 34
17 14
25 21
24 34
26 23
30 44
19 29
20 25
36 35
32 37
15 24
37 21
36 23
21 30
40 21
37 14
26 14
23 30
14 29
40 25
19 24
18 43
32 25
23 31
18 21
31 26
40 16
25 18
14 37
27 33
28 31
38 37
29 24
28 24
37 44
36 32
46 20
36 19
19 21
19 39
34 22
17 21
28 36
18 14
14 29
17 34
28 40
27 32
35 44
28 23
40 32
36 32
19 26
41 30
36 31
15 25
22 14
25 33
35 25
24 37
18 33
24 31
14 30
37 30
21 33
20 32
23 18
21 24
21 29
24 39
23 30
26 23
19 22
35 22
22 39
17 35
31 24
24 30
24 34
27 23
37 42
38 29
24 32
33 33
30 34
27 40
25 31
41 36
27 26
23 23
27 39
31 14
37 27
32 46
34 35
32 25
39 29
21 36
28 27
20 46
20 14
30 18
23 22
15 24
22 22
39 32
15 38
31 43
31 24
36 21
24 25
30 23
33 17
34 27
36 20
29 18
24 23
30 14
46 19
44 22
16 26
23 16
40 25
28 46
20 25
18 17
28 27
23 18
40 19
46 22
20 34
18 22
32 25
30 44
43 19
40 38
13 31
29 38
33 23
46 41
17 25
25 26
39 37
30 42
30 25
15 34
29 39
16 39
32 31
15 30
28 19
23 32
33 22
21 27
15 35
34 26
45 33
25 26
30 28
33 40
21 15
31 45
33 35
43 26
36 27
39 23
43 29
39 15
23 17
30 37
26 28
22 28
21 41
31 37
43 33
17 13
35 45
14 42
36 30
14 18
31 22
39 42
39 30
23 25
28 17
17 34
45 30
31 42
21 22
25 36
34 38
29 41
24 20
26 17
37 37
19 36
35 38
45 33
24 27
31 29
22 34
27 28
45 33
31 43
29 21
31 24
16 27
34 26
40 31
43 30
20 27
35 29
45 43
35 35
25 23
19 35
27 28
39 31
13 29
30 17
18 30
30 29
17 32
17 27
41 42
29 34
26 17
22 25
21 28
34 32
22 43
29 24
27 31
28 20
38 29
20 29
41 15
37 35
25 28
29 24
33 28
29 34
19 30
32 32
13 29
16 20
22 30
21 14
30 22
24 23
37 20
14 37
18 37
36 29
46 32
25 34
18 15
35 24
41 38
34 32
40 34
23 37
38 27
25 15
25 19
28 26
29 27
35 43
29 41
13 35
22 32
22 23
27 31
29 26
16 39
25 18
34 18
33 43
42 18
17 40
34 45
25 24
37 38
35 32
34 39
40 35
26 23
28 15
22 22
27 30
31 15
23 22
17 18
27 13
27 27
26 37
21 24
20 31
22 21
30 39
16 31
34 19
44 45
21 26
25 22
36 30
23 15
32 30
28 27
36 34
27 45
23 27
30 35
35 27
32 35
26 42
39 28
41 39
37 31
41 39
16 35
38 33
30 26
43 38
32 31
20 36
35 23
35 28
31 36
40 31
28 31
31 23
31 25
19 25
16 32
25 39
30 22
33 31
22 19
39 38
29 28
21 23
40 33
33 41
29 18
27 22
40 21
33 32
25 38
25 43
32 29
38 18
37 26
17 26
14 18
29 42
21 22
17 39
37 16
29 27
32 25
20 41
15 36
29 21
13 27
24 42
28 15
25 15
18 35
24 26
26 37
28 21
24 29
34 39
21 41
18 34
39 21
28 22
41 30
23 17
31 21
44 23
28 25
22 30
24 35
25 37
25 28
45 21
26 13
41 32
43 26
31 29
38 29
28 30
20 19
43 13
25 40
20 21
28 35
29 34
27 33
20 28
23 33
28 22
14 23
45 24
44 24
33 21
35 29
22 22
41 37
42 26
30 39
26 38
14 16
25 36
46 20
31 16
17 31
32 33
39 23
35 38
36 28
21 21
34 39
28 14
25 33
24 27
32 18
35 21
28 18
37 25
20 42
42 22
39 19
35 36
34 41
36 16
44 32
27 16
18 20
24 24
37 27
26 27
21 23
22 33
21 14
39 36
23 31
19 19
17 24
26 24
28 24
15 26
28 42
45 26
17 28
25 32
19 22
26 42
26 14
43 31
15 29
17 29
18 41
16 26
23 20
29 26
18 32
34 37
27 32
13 32
27 26
29 42
24 28
27 26
25 36
31 33
31 30
20 32
29 25
32 44
32 20
18 29
38 42
16 39
25 15
41 23
21 27
33 20
26 28
23 37
38 29
19 25
41 37
15 20
19 27
25 32
30 18
17 22
23 37
26 39
30 27
30 25
44 38
37 23
45 38
22 21
38 16
38 38
19 41
31 40
31 31
18 38
39 31
21 38
23 21
31 25
25 38
45 34
28 18
25 16
38 23
32 22
28 26
17 40
21 24
42 36
19 38
17 37
45 28
34 16
17 34
41 33
23 39
40 23
28 44
25 20
32 38
26 30
20 29
27 38
36 22
32 24
18 33
20 28
40 24
14 30
31 23
22 14
44 33
39 24
32 27
37 37
22 27
19 33
35 16
22 25
25 25
25 14
28 19
39 23
16 30
37 35
33 23
23 41
31 15
29 35
15 28
30 25
20 32
18 37
18 19
45 22
24 26
30 29
16 21
26 34
26 40
33 41
30 19
27 24
41 34
28 31
42 33
22 22
24 32
25 23
36 21
37 20
23 25
37 39
40 41
25 21
22 19
29 20
35 37
19 34
32 43
33 30
20 35
33 33
46 17
30 25
13 39
19 42
36 20
25 20
40 40
30 13
16 44
25 20
17 26
21 30
27 33
37 18
30 25
39 31
32 24
31 18
21 32
15 23
15 17
19 39
29 23
42 19
31 29
23 21
40 38
27 28
14 29
25 27
30 16
46 32
28 35
37 21
43 18
37 16
46 32
43 23
24 27
27 22
28 32
25 22
28 25
19 19
36 39
24 33
20 42
16 28
30 24
38 22
27 33
31 42
35 46
30 24
35 32
43 20
41 29
23 30
13 39
22 26
23 33
14 15
36 17
30 44
22 30
39 25
46 43
24 37
36 32
28 17
24 31
23 39
23 27
19 23
19 30
31 20
28 31
41 40
44 22
42 24
32 22
26 41
41 14
29 35
27 27
27 24
28 35
23 27
20 29
23 17
26 32
36 33
35 42
16 29
30 38
30 26
25 21
30 23
31 24
15 27
27 33
18 28
31 25
37 15
23 33
24 26
33 27
17 43
33 17
14 22
16 30
34 29
31 20
38 40
22 38
34 37
18 35
34 25
30 27
25 19
19 37
34 34
44 36
39 21
24 25
18 31
34 14
46 22
42 36
25 14
27 30
24 45
37 37
20 22
35 28
43 23
40 39
19 18
20 31
37 42
20 36
33 26
39 22
41 37
28 36
33 23
37 22
46 33
21 35
32 31
21 24
27 27
20 34
43 39
16 29
39 23
20 17
41 29
31 23
30 41
15 27
27 35
28 40
19 42
19 23
45 36
30 39
24 15
24 14
28 23
25 40
22 27
38 31
22 17
32 29
23 14
20 18
22 36
27 23
17 35
30 35
23 36
39 29
32 39
27 31
17 42
37 41
28 22
23 23
13 28
35 28
33 22
29 27
35 29
27 29
36 27
28 28
16 28
24 28
33 20
33 41
18 43
14 38
36 17
22 25
28 35
19 20
27 25
31 20
34 35
36 18
32 35
39 35
21 17
14 31
33 16
18 33
33 22
22 31
21 32
19 14
45 22
24 24
19 40
36 26
14 20
29 37
22 29
37 29
33 22
30 30
38 21
21 41
14 37
23 18
30 30
34 26
21 13
25 36
21 41
36 37
20 28
35 36
30 19
25 37
42 40
43 27
39 26
28 40
27 38
26 40
39 32
29 31
35 32
32 16
30 19
31 26
18 31
35 41
38 39
23 18
32 32
23 30
25 31
19 39
36 42
15 22
44 21
20 42
36 22
46 22
21 26
32 26
33 31
21 30
35 24
21 34
26 17
31 22
39 29
19 24
42 27
16 39
28 31
42 19
19 27
16 21
20 21
16 39
19 23
35 18
40 30
42 27
37 30
15 22
39 35
37 28
30 26
39 39
25 17
37 19
25 22
34 45
32 25
29 20
29 31
21 28
36 33
24 34
19 41
42 29
45 19
30 45
25 20
22 26
21 20
39 28
29 21
33 34
22 36
33 33
21 28
16 41
29 26
38 37
37 30
15 26
20 36
46 18
33 31
26 30
23 25
30 27
25 28
30 22
18 40
24 27
19 25
20 38
40 20
39 27
18 35
37 22
30 30
34 32
25 39
28 23
17 23
35 16
21 43
27 35
38 19
38 42
28 26
13 34
44 22
31 31
30 21
23 28
44 37
36 26
23 27
44 36
42 27
23 37
30 24
39 14
25 22
32 37
36 34
15 21
36 18
32 22
22 25
17 16
18 13
17 15
31 38
35 28
27 36
30 28
34 17
36 21
21 15
20 43
33 26
29 27
20 33
35 25
14 20
20 18
27 18
26 30
25 39
20 31
37 33
18 25
30 23
26 27
24 31
32 27
22 46
18 25
23 17
27 39
26 34
19 26
33 35
33 28
19 23
31 39
25 27
17 38
25 44
27 19
39 20
46 14
46 29
21 31
26 28
30 29
44 20
26 34
21 43
35 33
42 29
26 41
15 27
32 35
36 18
33 33
21 28
19 37
18 16
35 34
19 20
20 32
31 36
22 42
23 29
23 29
20 20
39 25
22 16
37 22
34 18
16 36
36 33
30 34
20 25
26 26
40 20
42 18
13 19
45 25
45 35
38 39
22 25
28 29
46 32
21 24
28 21
22 14
19 21
14 34
25 40
31 25
32 31
29 29
23 29
13 34
35 22
28 22
27 25
36 33
20 19
32 17
35 14
25 18
31 32
21 42
26 23
29 33
32 17
39 35
32 14
38 35
29 28
35 40
45 41
20 41
24 30
34 17
34 39
25 35
30 13
22 32
38 32
36 30
28 31
34 23
40 29
22 26
31 33
32 28
37 16
28 27
29 35
32 45
14 44
23 38
32 19
26 14
17 23
22 38
33 33
43 23
30 16
30 44
24 34
24 38
30 28
15 22
26 23
41 32
31 36
26 19
13 21
17 29
23 20
33 15
35 16
27 25
21 32
21 32
38 36
27 32
26 34
26 14
37 41
15 33
41 42
19 25
20 19
33 37
17 18
39 25
30 23
43 27
19 34
40 24
17 32
25 22
30 27
18 30
17 41
34 28
27 38
36 34
29 27
34 39
17 23
29 36
43 21
36 36
26 33
37 39
28 23
34 44
18 19
28 20
29 27
22 44
40 19
13 37
19 19
24 24
39 39
44 18
24 32
38 25
37 24
21 27
30 18
23 36
39 32
32 37
37 24
20 24
46 27
43 40
22 39
24 28
22 21
15 15
20 27
34 25
38 32
17 30
40 26
27 25
24 24
24 44
30 22
16 38
22 26
19 33
40 23
32 30
35 30
22 39
21 22
23 24
34 32
24 27
41 46
22 17
21 45
34 17
15 39
40 23
26 20
26 15
32 43
26 33
25 30
32 33
28 36
37 35
18 43
22 34
33 27
40 26
30 18
33 31
27 32
15 26
28 42
42 24
21 20
13 20
31 21
40 22
26 34
20 37
28 24
25 30
44 32
29 25
27 14
33 14
20 24
19 32
18 22
38 19
24 25
23 22
18 25
20 22
20 32
30 24
25 18
17 25
43 35
39 22
36 36
36 29
26 36
29 34
42 17
42 32
39 36
32 29
39 25
20 26
40 23
22 26
24 36
29 28
25 29
20 43
32 42
25 40
21 19
33 23
21 43
25 34
35 29
25 33
25 45
13 17
21 36
38 27
28 39
30 26
35 35
25 43
23 14
35 38
19 30
18 34
38 38
30 35
24 29
31 40
23 45
20 45
15 20
31 40
14 25
34 33
37 20
22 43
40 21
45 17
15 17
17 43
25 28
19 25
32 36
20 42
26 13
25 33
21 19
38 14
37 42
38 19
29 31
14 18
25 19
30 35
39 20
25 32
33 27
25 35
35 38
32 40
30 17
40 40
16 22
27 35
22 37
45 23
23 29
26 28
22 24
26 15
23 15
43 21
20 31
25 20
42 27
27 33
26 37
27 35
34 27
20 29
34 26
38 37
29 23
26 17
17 29
44 37
18 13
34 30
32 30
36 32
26 36
16 38
20 26
43 42
20 35
35 24
13 38
24 35
17 18
20 37
37 35
30 34
41 16
25 37
39 25
39 32
34 18
16 20
32 19
31 21
27 29
39 29
18 19
24 44
37 39
29 36
22 19
43 17
35 21
40 24
29 41
17 27
21 39
34 39
25 43
38 13
42 31
35 36
22 20
32 27
42 23
23 39
41 31
43 20
34 24
30 36
29 31
33 33
44 37
42 33
19 23
24 32
35 22
19 27
30 30
13 33
31 30
34 21
22 26
34 35
34 37
28 35
33 41
31 20
20 19
44 31
25 18
18 35
31 25
42 29
28 23
24 27
35 35
15 17
39 25
29 28
40 35
31 21
23 30
22 45
28 34
20 30
23 29
31 26
24 31
25 45
36 22
24 28
36 40
21 17
19 21
15 37
21 25
26 16
41 22
33 46
35 30
35 32
19 46
44 16
22 27
26 17
40 26
35 33
29 24
24 22
23 33
27 26
27 33
17 18
20 39
30 23
19 30
23 32
26 34
20 25
33 24
22 39
18 30
25 38
16 19
31 24
31 31
25 31
33 22
31 30
37 42
35 18
37 26
17 35
25 41
15 28
32 31
19 18
35 18
21 17
36 33
32 31
20 19
20 20
22 39
19 13
31 23
18 39
17 22
28 27
38 17
16 41
26 26
44 41
26 29
17 15
22 21
42 27
29 17
35 27
18 24
24 28
14 27
21 25
31 29
23 13
20 28
41 31
21 22
22 13
15 14
35 42
19 40
27 40
26 32
30 25
22 35
27 16
24 31
23 25
41 26
34 31
30 21
31 18
26 42
30 29
39 21
25 31
30 34
29 16
36 25
21 31
28 23
24 15
34 31
35 42
43 38
19 34
41 44
28 31
29 27
15 29
42 33
43 34
23 32
34 24
41 42
20 44
13 34
23 33
20 30
38 21
25 35
24 28
25 35
21 13
27 40
34 40
33 21
44 21
34 19
20 27
41 28
22 34
35 37
21 30
29 16
29 29
33 39
20 24
26 18
37 13
33 18
19 39
40 32
24 37
25 30
25 28
16 23
33 20
44 32
15 35
16 14
30 45
26 31
20 17
34 29
23 41
27 27
24 21
34 21
35 22
25 32
42 22
22 33
20 17
23 27
44 34
38 37
34 17
38 18
36 21
31 29
26 14
35 22
38 26
36 31
38 23
36 13
32 21
22 34
19 33
16 21
24 21
41 21
32 40
38 18
38 37
27 42
27 39
23 21
25 23
27 33
43 23
34 33
20 23
29 37
28 43
25 30
42 20
31 27
14 27
22 34
26 18
21 24
28 29
23 45
38 14
29 28
26 44
34 28
30 27
16 35
36 37
29 31
33 27
21 14
23 24
39 23
15 45
35 27
38 22
33 24
23 18
35 21
34 35
20 45
34 37
24 24
37 35
19 33
25 32
29 27
24 26
22 34
32 25
26 31
37 37
32 46
33 33
29 32
16 37
34 23
38 33
18 31
20 42
13 32
32 29
39 42
41 26
20 23
32 35
45 18
28 19
22 13
28 45
25 22
19 23
35 33
23 34
34 31
24 31
38 32
31 40
30 16
26 26
31 27
34 31
35 28
27 16
35 35
28 18
27 42
22 40
35 36
22 20
31 22
18 35
28 33
36 18
26 32
20 43
36 20
30 43
20 21
32 41
25 22
29 22
26 23
21 26
42 43
33 44
46 14
21 26
32 27
15 41
21 36
30 27
17 39
30 22
33 19
33 34
25 27
30 44
26 30
23 25
30 25
33 41
28 20
42 25
30 23
29 39
17 19
42 42
21 21
29 37
20 32
28 39
39 25
33 13
13 39
35 26
32 29
26 35
32 27
40 27
30 18
31 15
22 34
15 25
39 42
15 21
24 23
32 40
34 17
38 33
30 26
17 18
28 36
21 33
25 35
30 28
31 40
36 43
18 20
19 36
15 29
34 29
43 25
43 26
18 36
21 22
39 19
26 37
16 24
30 46
29 25
32 28
19 32
23 39
39 28
15 39
14 31
22 22
29 30
22 15
41 16
19 36
20 28
42 34
24 44
40 45
41 20
36 21
42 35
33 33
40 28
23 28
30 22
19 33
15 22
46 37
16 37
31 38
20 13
24 28
43 21
26 28
35 41
22 38
41 20
30 38
15 22
18 36
43 25
27 23
28 23
18 20
41 45
27 34
31 24
28 36
32 34
42 24
16 30
32 25
39 26
33 41
22 36
27 37
23 32
16 35
39 39
29 33
27 17
31 28
20 24
17 33
46 13
20 44
31 30
32 29
29 26
36 24
25 38
42 34
22 16
21 31
15 34
25 40
20 41
27 44
43 30
32 20
21 17
33 40
43 43
38 17
13 31
29 23
34 41
28 28
34 22
34 24
43 23
19 33
29 23
24 22
28 31
22 32
22 26
37 31
42 35
17 35
28 18
39 14
20 30
22 32
35 35
24 23
17 33
36 15
46 34
30 20
30 39
13 35
22 44
44 25
23 19
23 43
37 21
24 33
27 16
34 46
22 21
28 46
22 42
27 34
20 25
31 25
19 35
33 21
23 32
36 41
28 23
29 45
23 40
30 45
19 20
30 20
34 20
32 33
32 25
24 28
27 30
22 21
34 37
37 33
30 31
35 26
44 37
22 27
38 35
39 20
15 18
25 16
44 23
31 36
26 21
19 20
35 14
32 23
28 20
31 39
30 22
26 25
31 23
34 32
16 39
32 35
28 23
16 38
38 23
27 29
26 26
14 30
27 42
34 32
35 34
25 37
29 43
28 16
36 34
22 29
21 24
24 30
32 31
14 21
34 17
43 25
21 25
21 18
37 19
28 43
37 31
26 24
33 33
28 19
32 17
26 31
27 46
24 36
42 35
40 28
32 41
31 29
36 24
25 46
35 24
23 29
31 25
34 29
16 31
40 30
22 14
30 35
37 37
44 39
19 25
26 43
29 25
22 40
28 25
33 37
16 29
30 17
33 39
13 44
26 33
40 29
41 24
35 38
31 35
24 22
23 43
46 20
38 21
21 29
23 23
24 33
34 29
35 38
26 21
31 41
26 29
31 15
35 35
36 26
23 26
32 29
17 26
30 37
31 22
38 30
31 23
13 23
23 31
29 22
21 41
40 18
24 42
39 37
34 15
17 25
15 16
27 21
31 21
23 17
39 28
30 35
45 28
25 38
16 24
32 19
44 29
36 39
26 38
34 35
28 13
25 27
25 17
19 24
30 43
25 34
34 37
22 23
44 40
17 29
25 32
31 34
45 22
24 15
17 23
28 33
33 40
31 29
29 27
36 19
42 23
26 29
21 36
14 21
29 24
18 40
24 21
34 27
21 32
33 21
41 20
27 21
14 23
25 35
24 37
32 34
14 46
18 30
41 32
26 19
31 36
31 30
24 14
38 33
41 44
22 36
40 31
23 28
30 34
25 40
24 23
40 22
26 31
24 33
27 43
38 43
24 27
45 35
42 31
43 22
34 45
15 28
24 41
40 32
22 13
31 28
13 25
22 19
37 30
19 34
41 21
23 43
35 16
28 30
31 23
19 23
26 33
44 27
44 29
37 39
37 40
15 24
34 22
33 36
19 25
32 34
23 31
26 17
34 29
16 22
20 17
30 20
29 21
28 15
30 16
26 23
35 39
27 29
28 17
37 30
24 28
24 31
35 38
15 40
25 25
22 23
41 35
32 35
22 39
15 26
24 29
30 37
23 36
22 38
22 26
28 31
18 40
31 26
35 25
24 35
22 24
25 20
26 27
37 26
35 39
14 19
14 26
29 22
24 24
26 18
28 31
44 32
42 22
19 16
39 24
35 36
36 33
39 38
30 21
37 30
28 16
22 34
23 32
40 28
44 30
26 34
30 39
23 28
36 18
15 41
30 46
20 31
18 38
32 24
24 22
23 33
26 41
16 37
23 29
41 24
22 20
31 26
16 17
16 22
20 30
45 33
33 20
42 23
30 33
21 29
27 21
22 41
21 20
22 31
37 33
20 26
16 31
33 36
20 13
30 28
32 29
30 17
31 35
15 38
26 27
37 16
23 27
35 29
32 26
16 31
35 22
31 37
17 31
40 32
30 23
15 42
43 28
31 29
36 19
14 34
26 27
19 43
23 28
25 15
31 43
26 28
17 13
34 28
25 22
28 17
32 37
20 15
28 38
32 24
24 35
24 24
32 27
39 39
25 26
15 21
16 27
30 27
15 38
28 37
28 30
28 39
43 28
34 14
15 38
33 35
45 38
19 21
29 22
23 14
19 29
28 45
33 23
27 42
14 23
30 34
39 25
23 21
44 21
16 32
37 36
30 20
31 28
35 22
13 41
27 42
30 17
19 22
27 21
26 41
35 14
43 40
42 29
25 23
33 32
19 30
33 24
43 36
17 28
26 25
17 14
26 21
33 18
21 35
44 22
37 14
31 28
25 29
46 33
20 16
38 41
15 36
27 28
38 23
23 28
45 22
23 35
32 37
32 36
23 36
26 39
19 37
40 46
25 27
37 31
30 34
34 37
38 24
22 24
14 29
28 25
28 28
28 18
27 17
29 25
17 24
37 32
17 35
34 16
28 38
41 38
33 42
31 34
17 34
41 35
29 23
33 27
21 36
20 29
44 37
23 22
45 42
25 15
24 27
24 31
27 18
27 17
18 26
32 36
32 44
27 29
43 25
28 18
15 27
28 41
40 22
40 20
20 22
28 23
31 24
27 23
37 25
31 41
17 37
17 29
41 38
43 23
32 26
34 23
31 24
17 37
31 22
24 21
32 29
39 23
30 22
29 15
22 20
41 21
27 37
21 40
39 39
20 30
31 28
30 35
25 19
29 26
41 19
23 31
15 20
32 37
32 34
31 22
35 34
30 45
20 39
37 19
29 14
29 25
25 32
24 35
46 21
28 24
26 30
20 32
24 25
26 14
18 29
28 27
43 35
29 35
37 32
13 27
38 42
21 30
27 23
27 21
36 31
30 20
19 31
33 36
15 27
29 37
22 33
29 35
19 29
22 23
35 25
40 19
23 42
19 24
31 45
30 25
30 22
42 36
46 15
17 18
22 23
37 33
30 29
43 17
44 39
26 20
24 15
44 46
15 21
26 15
21 23
25 30
31 29
20 26
16 32
34 21
26 21
42 33
25 17
24 41
17 15
33 13
42 30
17 31
16 39
20 43
34 18
34 45
27 13
21 45
25 34
36 29
22 27
35 24
33 28
32 26
34 19
21 38
36 24
36 33
19 18
43 32
22 31
26 18
19 32
18 32
42 20
21 24
29 37
32 28
45 30
38 14
17 17
37 42
36 32
19 34
15 33
21 25
44 25
28 30
17 19
18 37
36 46
42 33
45 21
23 39
25 46
37 31
33 21
13 36
32 28
22 18
21 19
29 29
44 20
38 17
19 33
29 34
14 22
26 32
33 16
22 20
30 20
36 33
21 31
23 45
34 41
26 39
36 22
46 18
24 27
34 35
24 39
17 23
37 24
40 37
38 16
16 34
32 35
25 22
25 25
31 31
37 26
22 40
22 29
35 37
40 28
40 31
36 24
45 19
32 31
33 37
19 27
37 28
24 38
18 17
19 27
34 29
23 33
27 42
34 36
23 27
33 20
37 22
32 31
36 22
46 27
19 18
20 25
46 39
33 46
32 18
34 31
33 35
17 15
35 31
37 17
38 23
23 16
35 28
26 37
26 26
19 15
14 39
14 21
31 22
21 22
29 19
25 34
23 14
32 29
16 19
25 26
28 45
36 23
15 27
27 38
31 41
17 28
14 21
34 20
38 25
24 18
45 14
21 21
22 22
26 34
43 31
26 21
23 40
24 24
19 32
36 15
35 46
34 40
20 21
13 20
18 28
35 37
27 21
31 17
35 23
29 30
42 16
30 21
36 37
37 35
29 42
18 19
18 31
33 29
29 34
14 30
28 35
28 27
43 33
26 34
40 27
42 24
26 31
30 28
30 17
46 36
24 45
23 28
29 23
30 41
28 27
36 20
28 40
41 29
18 37
34 27
23 26
27 20
15 20
18 18
31 36
45 38
17 32
34 32
20 38
29 28
42 23
26 24
28 34
16 28
35 44
13 32
24 33
34 19
23 38
25 39
14 14
43 25
22 38
23 39
27 43
17 21
28 33
28 23
16 15
20 28
29 29
33 28
37 25
35 27
42 33
28 21
35 18
30 43
25 16
36 28
40 31
26 41
30 18
22 17
39 31
26 22
29 39
25 21
15 24
30 29
37 39
19 18
22 35
39 23
22 33
18 36
36 21
38 30
34 29
23 33
42 34
31 31
16 26
20 41
13 20
31 34
20 38
42 24
41 26
33 39
29 17
29 22
36 29
26 20
37 23
30 30
25 15
35 31
21 44
23 41
33 21
25 35
25 35
18 20
43 21
27 40
38 46
25 37
35 24
14 14
28 18
17 34
22 42
41 21
35 34
28 38
45 24
30 37
31 35
26 41
18 40
44 27
20 20
35 26
42 44
16 16
23 26
37 17
42 43
41 26
28 24
39 28
44 27
25 27
32 24
28 17
16 20
23 35
20 23
18 27
16 27
24 36
39 43
41 27
25 29
36 21
16 28
42 26
37 18
15 19
44 24
28 35
40 16
31 45
25 18
38 20
34 33
32 23
23 41
30 40
31 38
33 22
35 35
21 44
30 28
27 22
17 36
20 27
19 46
25 41
40 42
29 26
45 41
23 21
31 17
41 33
42 25
31 22
28 25
38 18
23 16
22 37
29 28
28 33
18 13
22 42
24 28
22 25
20 24
30 35
23 26
26 28
36 18
40 24
32 26
20 31
16 37
33 18
27 32
26 38
26 27
43 33
29 18
26 18
30 38
22 26
13 27
26 37
33 20
34 23
46 15
19 30
30 39
31 30
25 42
44 19
26 45
15 33
36 30
33 23
18 33
19 34
19 30
36 15
17 14
25 20
25 27
16 33
25 39
34 44
24 34
35 20
38 20
33 45
32 16
26 14
26 25
17 20
31 36
23 21
35 40
30 25
29 20
24 16
20 16
34 31
14 44
17 46
17 19
16 30
25 18
30 16
44 25
34 16
33 29
33 25
20 31
32 28
22 28
15 21
30 25
27 44
19 37
30 27
44 18
38 19
18 20
35 35
46 37
25 36
38 14
30 33
40 32
21 30
24 36
41 27
37 31
20 39
26 44
24 38
26 29
30 33
16 33
27 16
42 40
46 38
27 24
46 38
15 25
16 31
36 14
19 23
15 44
39 22
35 14
17 15
27 30
20 29
39 29
24 34
19 29
40 36
38 29
29 31
22 27
35 37
35 28
24 33
15 23
31 35
35 27
24 38
30 30
22 32
26 26
24 22
33 33
42 34
18 38
31 26
39 23
22 23
39 28
29 15
20 38
19 37
45 21
26 33
20 23
46 19
16 34
14 40
43 42
28 39
37 14
28 37
18 42
32 28
31 25
38 28
23 24
44 29
25 18
26 29
22 38
36 34
18 37
34 31
35 28
34 34
30 32
33 25
27 17
15 30
33 27
30 33
14 30
21 45
17 28
36 17
25 23
41 45
25 27
35 34
24 37
26 37
38 27
23 23
24 24
40 30
22 16
40 27
37 37
38 39
24 13
31 32
26 40
28 29
21 15
25 37
20 32
37 29
38 22
13 17
31 37
19 34
30 30
27 19
28 28
26 22
22 14
16 33
21 39
36 36
31 23
24 30
31 31
31 16
33 30
31 29
14 22
28 25
23 23
41 22
44 45
25 29
25 20
25 14
16 44
26 19
30 42
23 39
26 15
41 26
35 41
35 39
23 20
39 37
20 36
32 30
14 29
36 35
42 32
13 13
25 45
33 32
46 37
28 15
43 24
22 29
42 32
33 20
22 39
41 22
43 44
32 24
33 17
39 25
25 34
32 23
21 27
15 38
28 25
44 26
21 44
20 18
27 24
22 35
21 16
46 17
17 38
34 16
29 22
32 43
29 20
25 30
33 20
22 29
22 42
24 26
38 29
24 32
22 33
31 14
26 23
25 41
28 37
19 27
31 20
28 35
22 20
32 35
22 15
19 34
41 19
28 37
40 25
34 28
32 34
45 35
21 41
30 24
20 28
37 44
46 45
33 16
13 31
27 25
21 17
24 21
26 18
22 34
27 36
25 24
36 26
22 29
26 37
34 40
20 25
43 31
22 31
20 40
36 27
26 25
28 36
26 19
18 14
44 16
18 30
33 42
32 41
42 27
28 13
24 22
19 34
41 13
26 25
29 20
40 24
38 31
33 38
35 34
43 26
31 16
25 34
41 42
25 28
25 30
18 15
20 31
38 18
30 46
33 19
18 34
27 41
28 28
43 23
35 37
36 27
26 35
20 31
29 16
28 33
40 27
19 33
24 44
31 30
22 26
20 23
28 18
22 25
21 31
40 31
14 20
13 34
21 20
33 25
21 27
23 18
19 16
26 19
25 24
41 45
30 35
18 22
18 44
26 44
42 13
27 41
33 20
44 25
19 30
36 15
26 14
21 17
19 35
15 36
43 34
20 27
36 34
43 25
25 25
32 38
28 39
29 18
33 14
34 21
38 28
30 45
22 25
33 33
41 16
45 43
40 21
33 35
23 41
18 25
36 25
33 29
28 25
34 23
35 18
37 40
38 18
40 17
33 17
14 25
29 42
30 38
35 16
46 41
33 26
23 28
31 31
23 30
36 21
27 21
40 39
37 31
37 40
34 45
44 15
35 34
39 22
24 28
30 20
39 19
20 26
36 29
25 17
18 17
21 39
37 24
30 29
32 31
28 36
15 34
24 42
28 29
36 30
24 21
30 36
31 33
41 35
19 21
35 20
35 35
45 38
28 14
15 16
34 34
24 38
21 35
24 14
25 39
32 35
24 18
23 19
13 18
26 24
31 31
33 24
39 28
34 15
32 28
27 41
39 41
17 17
19 23
31 40
13 17
24 36
42 28
13 37
18 16
19 22
17 23
31 40
25 22
30 39
31 17
36 20
21 30
39 32
29 42
22 38
26 27
33 28
27 24
35 33
17 29
26 36
43 40
16 38
36 41
46 24
32 23
29 25
34 27
19 45
13 22
29 30
14 36
43 21
41 14
31 31
23 38
22 41
38 38
34 32
28 35
38 24
31 27
22 39
39 28
30 23
20 37
22 13
38 36
43 42
21 31
27 34
21 34
39 27
22 37
40 41
21 26
26 16
29 34
25 18
30 27
31 40
25 32
26 46
21 39
22 42
32 13
39 13
24 20
41 44
26 46
24 31
15 46
37 27
25 24
28 15
20 18
32 40
38 24
29 42
20 22
17 43
28 42
19 23
21 38
30 44
33 22
20 29
27 19
13 24
45 41
39 31
20 16
17 39
31 13
23 34
30 17
24 23
29 14
36 27
25 20
38 25
38 26
42 18
29 38
23 24
38 21
29 30
25 21
45 31
19 41
24 35
28 30
41 23
16 31
32 41
21 28
22 34
25 32
28 38
36 28
33 25
13 34
32 30
30 33
29 35
46 23
29 25
28 26
24 20
26 34
24 22
44 29
37 19
13 23
17 33
41 26
39 31
31 24
15 42
39 24
23 45
28 39
21 18
28 33
15 21
41 16
38 29
32 18
28 42
26 34
22 33
40 13
30 21
22 32
37 26
32 27
38 33
35 23
24 18
28 23
43 37
33 44
44 39
29 33
31 32
45 27
34 46
33 35
29 24
40 21
24 46
30 26
29 21
28 21
15 33
13 32
44 44
17 13
36 22
23 18
28 22
15 31
14 33
25 28
26 33
13 14
32 40
25 38
25 32
15 28
22 27
34 33
30 43
22 37
35 38
26 34
32 20
41 34
23 17
16 22
38 15
38 35
28 25
25 27
37 35
41 32
35 37
19 25
19 34
35 33
36 13
20 30
17 43
27 35
34 26
15 33
17 21
41 21
17 22
19 34
19 29
30 31
29 26
21 32
17 15
28 41
14 29
30 16
37 31
38 45
27 33
38 30
24 39
33 20
39 35
34 30
23 25
26 14
23 28
25 14
36 16
45 25
28 39
29 21
38 29
22 23
23 28
40 18
42 20
34 22
16 44
30 28
40 26
18 36
24 35
46 17
30 34
24 28
30 39
27 21
22 20
20 38
34 42
17 20
27 29
29 21
23 32
32 27
13 36
32 24
29 31
25 23
23 26
32 37
38 23
22 26
32 28
42 40
13 32
30 27
36 42
24 41
18 38
27 25
29 27
22 30
22 31
32 29
35 39
34 28
44 32
39 26
40 41
24 31
30 23
28 32
35 20
28 23
36 43
16 31
20 38
33 31
23 20
27 45
26 40
17 33
33 18
33 36
30 28
22 30
19 39
23 32
41 31
14 26
40 44
13 27
27 20
33 28
23 33
20 35
40 40
34 18
30 42
24 21
18 31
27 27
27 25
20 20
31 32
20 24
31 29
25 23
29 46
26 32
41 14
25 33
31 34
16 23
20 26
36 39
39 34
23 20
29 32
35 40
39 24
15 22
16 35
18 41
40 32
43 34
19 31
36 46
16 26
18 34
25 14
38 22
39 32
41 31
23 21
35 18
13 33
34 22
29 37
35 26
36 25
42 32
32 38
19 20
21 26
20 43
21 46
29 21
39 27
31 40
26 39
35 33
33 33
19 39
41 24
29 39
18 37
28 30
31 46
26 24
19 19
18 32
20 13
25 19
33 41
28 29
26 45
25 23
35 29
31 15
38 33
33 22
35 27
29 23
44 32
29 27
38 35
33 29
33 34
35 27
29 20
44 28
25 24
39 39
20 36
30 33
18 23
22 30
27 28
13 41
36 37
26 18
36 23
18 43
43 29
29 38
17 20
30 17
17 27
25 30
45 24
34 26
37 19
21 44
31 39
40 33
33 22
25 39
18 26
27 37
27 17
43 18
21 23
19 27
13 30
16 46
26 29
21 29
44 30
21 17
26 22
37 36
34 35
30 24
23 28
43 40
27 29
33 28
36 24
21 25
38 33
26 21
19 28
21 28
40 30
18 32
37 29
19 31
20 41
26 26
23 20
40 20
24 22
43 25
27 21
19 39
20 31
35 26
29 41
29 30
17 39
34 29
23 45
30 22
38 23
30 24
26 43
30 15
35 31
23 32
18 25
25 37
21 34
39 33
26 37
45 17
45 30
38 23
17 30
35 23
26 27
36 29
25 18
30 31
18 30
36 28
27 41
30 26
28 21
29 18
13 34
22 27
43 21
19 34
22 21
19 25
31 18
27 33
18 28
15 37
19 15
28 27
32 35
43 29
27 30
40 34
18 34
37 28
29 24
33 36
22 17
18 32
24 42
40 22
14 33
41 23
25 35
14 20
21 33
28 20
25 28
17 38
23 27
40 22
14 24
42 34
38 26
35 20
26 41
28 44
40 37
30 22
16 24
39 22
25 33
42 22
25 21
22 25
13 27
31 35
17 37
21 29
30 40
27 42
44 26
19 30
27 18
23 18
24 27
24 32
31 22
27 25
42 14
23 21
30 46
30 20
31 26
18 37
31 37
46 30
36 28
33 38
35 18
23 18
36 23
24 32
32 16
33 15
34 29
30 22
25 28
15 38
39 35
21 28
28 16
25 30
34 33
20 16
18 34
20 34
27 26
29 25
34 29
22 15
35 37
21 29
29 41
31 25
36 20
36 42
20 24
21 32
24 33
33 16
28 32
34 44
40 32
32 24
37 42
34 23
16 26
19 32
19 21
28 33
45 26
22 45
13 29
37 14
34 39
43 19
31 40
37 41
24 37
30 38
15 24
34 27
36 17
31 33
32 19
35 31
24 25
32 39
16 37
40 39
37 30
24 39
33 33
29 16
31 36
25 17
40 32
13 22
32 21
21 40
19 31
28 14
23 32
31 26
18 21
17 19
25 31
32 35
26 43
21 40
26 36
36 43
19 37
35 38
27 40
31 46
16 37
32 39
21 24
34 13
24 32
23 14
17 27
33 33
38 29
20 25
25 18
34 14
35 16
34 20
20 29
29 17
32 32
22 22
28 23
28 14
35 22
30 26
20 39
26 27
36 34
29 44
16 34
37 46
18 30
45 30
39 28
32 14
40 31
32 41
29 40
25 22
43 19
19 16
16 19
38 38
46 32
31 21
42 43
29 24
20 27
39 30
25 21
32 37
42 37
24 25
15 26
42 32
38 19
28 20
43 30
44 22
21 23
37 35
34 26
40 24
15 23
19 32
24 36
39 19
16 31
34 40
41 40
33 22
35 27
31 28
27 21
20 33
24 25
28 17
22 38
41 40
37 18
33 33
28 26
29 38
17 29
26 46
13 34
31 17
24 27
29 19
28 18
29 29
44 29
25 22
36 34
35 42
22 28
22 24
39 28
22 29
26 22
43 17
24 35
45 16
45 40
31 26
38 31
28 17
37 24
42 35
25 25
37 40
34 30
40 19
36 29
28 19
22 15
28 32
17 26
25 15
19 24
35 29
25 26
29 32
29 40
24 31
29 35
16 27
28 30
43 21
44 42
32 30
28 37
39 28
34 32
27 22
32 35
45 36
27 32
29 37
15 23
21 24
26 17
23 19
30 19
31 34
33 25
34 40
21 33
33 43
28 24
25 20
41 28
37 15
32 18
24 27
20 24
31 17
22 41
21 39
39 16
13 28
38 40
33 31
32 41
22 31
19 33
23 16
33 27
23 43
27 17
43 39
21 41
17 39
28 34
38 26
33 27
19 45
14 18
20 21
26 33
30 28
15 28
41 24
33 19
34 26
27 29
27 20
32 21
34 35
20 14
36 21
25 19
26 14
24 37
29 20
22 18
39 24
40 30
39 26
26 36
19 28
18 20
23 21
45 44
35 38
29 23
43 23
25 13
24 28
39 25
22 39
29 28
25 27
17 27
46 22
13 22
32 33
39 27
24 30
23 33
29 37
29 24
32 15
24 35
23 24
22 27
24 39
29 27
16 35
36 39
20 46
22 13
24 20
20 41
25 38
35 21
18 19
36 27
37 16
33 32
21 21
36 34
23 21
36 32
18 20
26 39
45 38
35 26
29 25
44 18
26 27
32 40
34 31
37 26
29 24
37 26
13 14
22 25
24 24
21 45
14 30
29 29
38 38
36 37
35 37
22 14
27 14
36 46
35 18
21 33
41 37
23 19
31 22
14 45
32 23
31 27
30 24
23 22
32 31
42 25
43 26
43 40
36 31
19 30
21 30
44 32
21 26
30 31
16 42
20 24
25 25
22 29
45 27
30 29
34 27
27 41
31 21
18 38
28 31
21 29
46 28
19 17
30 34
26 29
43 23
23 39
31 34
27 20
24 23
45 30
30 43
24 32
41 41
23 37
46 15
13 28
31 43
41 35
45 32
32 31
44 45
45 32
23 13
40 16
19 14
25 20
27 20
21 24
15 23
29 38
36 35
23 23
35 35
33 31
16 27
44 26
27 30
32 41
19 25
28 19
28 27
25 24
32 24
37 20
27 35
21 25
24 31
33 28
32 28
23 37
28 28
35 33
33 40
34 29
21 14
17 42
41 38
31 39
31 34
19 25
32 37
41 30
27 17
23 27
43 39
21 36
15 27
22 38
31 17
28 34
40 38
21 32
44 17
23 34
27 18
46 43
21 30
40 29
18 31
39 25
22 36
31 42
24 32
22 13
25 44
17 25
13 13
38 30
14 32
25 20
39 42
20 30
33 26
25 46
17 19
32 16
26 13
20 42
43 25
28 29
23 23
41 32
20 31
35 38
25 31
40 21
31 27
37 22
40 20
23 28
19 32
25 41
23 34
38 20
36 26
13 17
37 25
42 24
21 30
23 32
38 25
25 21
33 40
24 35
44 45
34 43
25 28
24 32
32 46
28 22
44 20
42 16
41 39
29 42
35 28
23 13
30 31
24 40
29 32
25 27
35 32
37 24
26 30
45 19
30 32
24 32
38 24
28 29
22 37
20 19
37 33
25 36
44 38
27 29
30 39
15 30
31 31
29 34
26 41
18 25
22 32
44 42
17 38
24 27
35 45
25 26
