14 4 15
263 1120 1182
716 1238
311
579 871 1858 2247
520 974 1615 2079
547 998 1781 1884
614 1007 1579 2267
544 905 1846 2239
581 912 1828 2233
596 889 1592 1947
555 951 1611 2042
604 956 1646 2240
609 949 1673 2223
614 985 1711 2152
618 902 1539 2030
522 943 1582 1992
535 912 1623 2267
10 6 7 8
9 6 5 6
9 10 5 7
8 10 10 6
8 7 8 8
8 8 9 10
7 9 8 5
6 6 10 6
9 7 9 7
6 5 8 10
8 7 7 6
9 7 5 7
10 7 8 8
8 8 10 10
1 3 2 3
8 21 18 13
13 16 32 15
9 11 12 13
18 16 17 19
8 11 12 16
11 15 13 15
32 7 18 27
15 12 9 15
14 13 12 11
14 8 19 13
9 26 14 22
8 17 16 25
14 29 13 16
12 17 12 19
