14 4 15
584 1677 1616
887 1474
400
807 1530 2631 3107
758 1473 2454 3184
799 1409 2384 3396
806 1333 2473 3056
887 1565 2391 3609
809 1363 2301 3284
882 1529 2493 3070
826 1475 2224 2984
902 1456 2409 3347
879 1591 2605 3231
767 1346 2618 3612
752 1314 2359 3118
821 1534 2545 3292
829 1389 2553 3071
10 7 5 5
9 7 8 5
6 8 5 9
6 8 9 9
7 7 7 10
7 8 5 7
5 9 10 5
8 6 9 8
7 7 6 8
7 7 7 8
8 6 9 6
5 7 10 7
8 7 8 5
10 6 10 8
4 11 1 0
12 20 11 28
8 10 14 15
13 27 14 9
18 15 14 6
9 25 15 10
21 11 12 11
10 15 10 17
11 20 26 17
28 12 17 8
17 21 16 19
18 21 6 27
15 25 24 7
23 13 8 25
21 20 9 22
