14 4 15
319 816 1338
541 1156
692
715 1158 1734 2500
639 1209 1641 2186
664 1300 1694 2492
672 1290 1580 2550
661 1233 1831 2201
645 1350 1627 2196
654 1401 1773 2180
628 1304 1773 2278
718 1336 1780 2238
669 1271 1560 2472
722 1218 1859 2323
730 1249 1822 2336
635 1271 1642 2423
662 1230 1756 2562
5 6 9 5
8 10 8 9
9 7 10 6
5 8 5 8
6 5 6 5
8 9 8 9
5 8 6 9
5 8 10 6
7 7 7 10
7 10 10 7
8 9 10 7
8 8 5 7
6 5 7 9
7 10 10 8
5 2 8 2
4 3 12 10
19 9 10 16
14 9 10 18
24 9 12 9
8 15 23 18
18 19 16 17
14 8 13 13
11 20 13 9
19 17 10 4
1 17 16 11
4 11 14 23
11 19 17 18
18 3 21 14
14 18 10 14
