14 4 15
467 1496 2101
873 1912
683
868 1392 2489 3413
921 1414 2563 3746
817 1610 2339 3304
957 1425 2501 3982
904 1610 2367 3752
898 1469 2454 3508
864 1410 2298 3528
961 1419 2235 3415
931 1528 2465 3703
818 1645 2565 3684
972 1476 2313 3448
829 1546 2284 3829
886 1485 2295 3826
919 1623 2251 3803
6 9 10 9
5 7 6 9
9 9 6 8
6 8 8 9
9 5 10 5
8 9 8 9
10 6 8 10
6 8 6 10
10 6 8 8
9 8 8 6
8 8 5 7
8 9 7 6
8 6 8 6
7 6 6 7
4 3 4 3
11 18 12 10
6 8 31 23
24 16 12 28
10 10 14 12
13 13 20 14
15 9 16 9
16 13 18 15
19 10 17 6
13 16 21 11
17 10 11 10
16 18 12 6
23 9 16 14
7 14 12 11
5 24 18 16
