14 4 15
244 864 1462
509 1106
691
616 961 1537 2307
534 1019 1529 2157
589 1005 1603 2142
514 1073 1690 2181
520 1127 1466 2318
556 1037 1601 2326
558 960 1527 2266
536 986 1567 2066
604 1046 1571 2269
555 1085 1495 1954
575 1067 1654 2066
539 973 1701 2371
524 950 1698 2245
535 1043 1436 2375
10 8 8 6
10 7 6 9
6 9 8 9
6 10 9 9
8 6 6 8
9 7 9 6
8 5 10 7
10 9 5 8
9 6 7 9
7 8 6 5
5 5 5 9
8 6 9 10
8 7 8 5
10 8 6 10
5 9 0 4
25 11 20 16
29 6 6 9
24 18 17 13
16 13 7 11
14 23 9 12
19 13 13 18
21 11 9 15
14 11 19 10
21 16 12 16
10 18 10 5
7 28 8 34
18 10 14 19
11 8 13 20
14 22 17 10
