14 4 15
895 1275 2268
581 1104
540
783 1735 2526 3250
913 1666 2455 3373
909 1716 2440 3064
814 1607 2512 3105
775 1727 2557 3372
869 1622 2387 3255
779 1706 2343 3281
899 1699 2508 3222
786 1557 2308 3362
797 1720 2266 3108
870 1741 2475 3423
841 1483 2221 3050
878 1688 2297 2975
920 1669 2504 2912
8 6 9 10
5 8 7 10
8 8 5 10
5 5 9 6
5 5 10 5
5 5 9 8
9 5 7 8
10 7 5 10
10 9 5 6
8 9 9 10
8 10 5 7
5 10 8 5
9 9 8 5
10 8 7 6
4 6 5 0
10 10 11 12
21 15 28 13
8 13 8 20
17 24 10 13
13 12 16 6
9 9 10 10
13 16 7 14
25 26 16 11
13 15 17 11
6 14 16 19
16 15 22 7
20 9 17 24
17 17 20 18
14 19 16 14
