14 4 15
679 1305 2440
546 1921
1139
983 1797 2522 3858
1031 1538 2484 3763
955 1712 2325 3360
993 1724 2607 3684
931 1563 2746 3790
925 1614 2476 3262
1002 1752 2780 3583
970 1574 2600 3225
1010 1708 2377 3859
1000 1725 2472 3372
980 1791 2540 3464
896 1616 2671 3317
950 1818 2656 3197
1008 1649 2331 3801
7 10 9 10
7 9 8 8
10 7 5 8
10 10 10 6
9 6 10 9
10 8 5 5
5 7 5 8
5 5 5 10
9 9 5 8
7 5 6 8
6 9 10 5
9 7 9 7
10 10 9 5
10 7 9 9
7 7 2 3
21 23 14 15
17 10 14 11
24 8 15 12
14 20 17 17
21 12 22 11
20 11 12 11
12 18 14 11
12 7 21 10
15 14 14 15
13 31 17 10
20 11 16 17
16 17 16 10
16 20 10 16
14 18 14 7
