14 4 15
459 1162 2034
843 1728
779
853 1472 2454 3320
860 1332 2576 3648
1027 1451 2778 3562
856 1329 2471 3374
921 1484 2495 3872
1011 1563 2459 3248
1013 1343 2551 3467
954 1496 2369 3814
856 1519 2430 3428
1017 1398 2573 3908
946 1344 2443 3870
946 1357 2670 3767
852 1529 2625 3420
849 1511 2582 3289
10 9 9 7
9 7 6 7
6 10 9 10
8 6 8 7
10 10 9 10
10 5 5 7
10 7 7 7
5 5 6 5
8 9 5 8
9 8 7 9
8 8 6 6
10 9 8 6
8 9 8 5
6 9 9 6
13 3 0 2
17 18 18 19
10 16 20 19
12 6 19 14
15 26 20 27
12 14 14 6
16 14 17 12
13 7 16 19
6 18 10 14
27 16 22 17
17 17 17 16
14 12 20 10
16 23 10 16
15 20 21 13
16 8 12 7
