14 4 15
623 1237 1636
557 1198
581
949 1635 2316 2938
837 1644 2487 3045
960 1527 2619 3379
904 1838 2421 3221
993 1519 2577 3011
995 1541 2665 3061
970 1848 2556 2963
833 1763 2386 3133
935 1646 2332 3107
941 1559 2705 3369
969 1623 2526 3283
853 1725 2460 2917
981 1794 2467 2963
929 1744 2404 3491
7 6 5 10
9 8 6 5
10 10 9 6
9 10 7 7
6 8 5 8
6 9 6 9
7 5 5 10
8 7 9 5
5 8 6 5
9 7 9 10
6 7 7 10
6 5 10 9
10 9 8 7
8 10 8 7
3 1 2 5
13 17 11 18
15 9 13 7
26 22 7 16
17 17 19 12
20 11 15 10
25 14 15 27
24 24 14 25
20 17 8 5
19 16 14 18
13 18 13 4
19 7 21 21
22 12 5 13
18 27 18 18
19 19 12 16
