14 4 15
504 1113 2077
546 1645
1073
873 1444 2065 3197
835 1597 2388 3034
813 1569 2273 2998
871 1552 2397 3123
833 1601 2337 3070
729 1448 2282 3288
719 1521 2279 3353
794 1393 2178 3036
762 1415 2429 3398
830 1551 2412 3031
806 1476 2454 3382
856 1589 2111 3029
855 1373 2469 3346
776 1647 2235 3396
5 6 8 7
6 8 5 10
5 7 7 8
5 8 6 8
5 7 6 10
8 5 6 6
8 7 10 10
7 7 8 5
7 5 9 6
8 10 7 7
5 6 5 7
10 9 8 6
5 6 10 5
7 6 8 6
0 6 6 0
17 16 14 8
14 17 10 14
9 31 10 13
4 25 15 17
13 12 19 14
17 17 10 18
9 14 6 7
14 19 24 16
8 11 9 11
7 10 22 17
23 16 22 17
7 4 22 16
22 15 9 21
11 16 8 8
