14 4 15
314 772 1248
422 730
386
517 876 1367 1832
582 869 1341 1802
524 947 1249 1898
490 989 1405 1750
537 914 1398 1840
547 856 1516 1923
574 961 1355 1743
592 930 1503 2056
509 976 1446 2050
537 905 1356 1798
563 827 1324 1992
553 892 1261 1996
562 983 1288 2025
505 925 1450 2024
5 6 10 5
6 6 5 6
5 7 6 10
7 6 9 9
10 6 6 5
7 7 7 8
6 7 5 5
10 9 8 8
10 7 6 5
10 5 8 8
8 10 9 6
9 10 5 8
10 8 9 9
8 8 7 8
2 5 2 5
10 13 14 18
12 11 27 14
24 17 16 14
16 7 14 9
15 12 17 14
21 23 9 15
14 4 12 15
4 12 16 20
14 14 10 20
6 8 9 19
6 12 5 8
17 8 8 7
11 2 18 10
26 16 17 26
