14 4 15
366 596 1303
356 905
510
542 959 1391 2086
590 927 1393 2069
547 828 1572 2456
573 913 1399 2166
538 937 1685 2173
523 838 1487 2442
517 829 1560 2418
597 910 1634 2216
584 828 1443 2358
537 827 1472 2220
618 849 1651 2176
614 833 1651 2115
608 870 1666 2077
620 831 1386 2379
6 9 7 5
10 5 7 7
7 9 6 10
5 9 7 5
8 6 8 8
9 7 7 7
5 6 5 8
6 5 9 7
5 5 6 8
8 9 10 5
8 10 5 10
6 7 8 10
7 5 7 8
8 8 7 10
7 5 5 3
14 40 20 17
22 13 14 23
11 13 21 17
16 19 18 6
21 22 10 16
11 9 9 14
14 13 16 16
18 28 16 6
16 22 16 15
22 9 20 20
17 4 37 10
9 15 10 12
22 9 17 18
14 17 24 11
