3 10 10 5
1 1
1 5
2 5
1 2
2 4
2 5
1 3
3 5
3 4
1 3
2 2 3
1 3
0 
21138 124251 65210 33758 52370 79624 67418 77184 46692 62802
1 579 1096
2 662
3
1 533 1084
2 620
3
1 565 1252
2 679
3
1 598 1073
2 622
3
1 546 1220
2 660
3
1 576 1134
2 678
3
1 607 1279
2 688
3
1 528 1258
2 674
3
1 511 1263
2 681
3
1 555 1130
2 592
3
12 6 4
8 9 3
9 3 4
9 4 4
13 6 1
6 4 6
10 9 3
7 6 7
12 5 5
15 3 4
25 25 25
919 1868 2695
944 1952 2515
1088 1699 2519
1021 1949 2964
990 1854 2764
