14 4 5
579 1259 2065
731 1677
1006
886 1566 2339 3595
999 1597 2307 3401
941 1416 2377 3441
954 1339 2602 3650
950 1401 2699 3665
957 1536 2506 3933
921 1533 2234 3404
858 1351 2302 3618
932 1561 2654 3559
1022 1345 2574 3741
853 1368 2573 3265
958 1611 2226 3617
867 1338 2555 3337
1009 1333 2469 3591
45 42 41 31
35 31 30 43
39 47 26 33
32 30 33 26
47 26 46 50
47 40 41 36
47 37 27 43
29 35 28 27
39 46 46 47
37 26 44 40
29 31 44 33
30 25 38 46
46 30 41 42
49 25 33 41
46 27 1 15
7 1 0 5
5 3 1 5
2 0 6 7
15 4 5 5
2 9 5 4
7 3 3 8
11 5 2 5
2 1 8 3
4 6 2 0
8 1 4 6
4 12 2 3
5 3 5 1
2 1 7 3
3 1 3 3
