14 4 5
289 771 1296
313 1129
672
547 919 1366 2131
471 766 1155 1997
536 924 1315 2166
464 885 1317 1856
550 765 1341 1896
526 870 1391 2023
495 796 1350 1778
544 889 1243 1778
491 838 1396 2139
452 790 1329 1974
466 775 1301 1829
528 776 1383 2114
462 863 1300 1781
516 772 1153 2090
43 47 38 27
43 31 29 38
47 25 27 25
35 35 39 28
40 29 35 45
45 45 41 30
47 41 46 27
48 45 27 28
38 29 45 31
38 31 31 50
43 27 44 39
50 47 39 41
45 25 27 50
44 42 27 46
23 48 7 1
3 0 5 4
7 2 4 1
8 3 10 4
3 3 8 12
4 10 9 3
3 9 5 6
3 8 4 10
2 4 3 4
5 4 2 8
1 4 7 3
2 2 3 5
5 0 5 2
3 5 3 6
15 3 14 5
