14 4 5
567 996 1660
401 1518
958
772 1424 1905 3027
732 1530 2123 3456
767 1523 1981 3389
801 1574 1977 3326
780 1350 1935 2997
817 1497 2177 3198
832 1526 1883 2924
801 1446 2134 3221
768 1403 2032 3178
849 1386 2091 2895
744 1565 2128 3054
743 1328 2129 3254
796 1395 1894 3241
735 1527 2210 3095
41 44 31 45
41 29 41 37
50 30 37 47
47 34 35 49
46 29 40 38
43 28 30 47
38 45 28 40
41 32 32 26
27 25 34 30
29 39 38 33
33 47 36 27
32 27 34 40
50 37 26 48
36 48 35 47
46 16 16 24
1 13 5 4
5 6 4 5
4 7 2 7
2 2 4 2
10 2 0 2
3 9 8 8
3 2 11 6
2 2 10 5
9 3 4 13
5 3 0 6
1 0 8 11
7 10 11 7
3 9 2 3
8 8 7 10
