14 4 5
463 1483 2180
1217 1805
679
836 1473 2765 3544
931 1218 2595 3262
838 1403 2495 3429
922 1454 2751 3247
820 1326 2373 3397
881 1381 2758 3411
855 1291 2381 3539
822 1417 2368 3092
968 1373 2423 3521
811 1328 2372 3449
848 1235 2533 3160
868 1349 2567 3236
874 1292 2641 3224
960 1423 2774 3253
36 45 30 29
42 39 33 35
50 30 27 44
46 28 45 26
28 32 31 43
39 37 46 43
47 41 50 25
49 35 31 36
37 32 34 48
37 32 46 37
48 40 25 32
27 47 33 29
34 46 25 32
37 50 28 33
26 22 24 17
4 8 5 5
5 6 9 2
2 3 2 6
4 16 0 5
2 5 6 2
4 7 3 4
6 3 7 8
2 15 4 6
7 6 5 10
3 6 9 5
2 3 2 10
11 4 7 5
4 0 2 4
4 2 11 0
