14 4 5
606 1575 2469
1113 1419
574
905 1673 2867 3622
969 1643 3109 3639
1069 1516 2710 3841
1015 1635 2595 3479
994 1607 2725 3804
905 1738 2577 3694
982 1559 2692 3886
1028 1623 2633 3394
1055 1738 2796 3872
890 1689 2812 3858
904 1468 2922 3270
935 1732 2752 3890
961 1746 3070 3442
1062 1619 2898 3444
29 28 37 29
43 44 29 36
47 35 36 39
28 33 27 49
27 34 50 37
29 35 27 40
48 47 43 44
27 26 37 34
37 40 38 29
40 47 37 31
26 37 40 46
36 25 50 36
30 26 48 34
25 44 50 25
48 11 36 5
2 11 1 8
3 3 4 9
1 7 5 11
1 6 6 6
6 9 7 3
9 6 8 10
4 5 3 8
8 5 5 3
4 1 4 2
8 3 6 2
6 6 7 2
1 6 4 2
2 3 2 8
6 10 6 1
