14 4 5
539 1332 1725
646 1208
469
807 1550 2401 3028
807 1510 2561 2829
765 1511 2205 3147
881 1455 2378 2997
881 1616 2414 2908
835 1553 2367 3372
759 1389 2407 3069
891 1487 2568 3238
919 1568 2290 2876
880 1397 2457 2856
856 1584 2504 2981
903 1639 2224 3016
895 1445 2448 3054
898 1563 2284 3012
49 26 43 37
42 45 38 39
36 27 37 33
33 31 31 41
39 28 31 35
47 30 40 32
49 35 42 31
38 38 43 48
32 43 38 43
25 47 29 39
31 30 39 42
40 39 27 40
50 33 30 46
26 43 41 48
37 22 23 25
2 1 4 2
9 4 4 5
2 3 4 9
2 5 2 6
3 5 6 7
2 6 7 2
5 5 5 5
2 3 11 4
4 1 2 4
3 2 2 3
4 6 5 9
1 12 5 9
2 8 8 2
1 2 1 0
