14 4 5
393 913 1048
437 860
433
629 1122 1612 2074
591 968 1579 2067
623 1155 1630 2205
558 1114 1739 2323
585 1152 1604 2248
577 1007 1526 2193
565 971 1449 2355
578 1138 1540 2147
579 1037 1728 2257
544 1030 1597 2148
617 1122 1481 2443
567 1002 1478 2388
598 1070 1652 2411
546 1160 1659 2471
38 47 30 49
33 33 44 50
45 49 29 49
29 33 44 26
45 48 46 34
37 50 44 29
26 38 45 50
41 38 46 27
45 36 44 36
48 50 32 26
29 28 31 41
47 47 28 50
34 44 41 43
25 25 44 28
29 49 15 6
6 6 1 0
7 2 1 4
6 6 4 3
7 4 2 7
0 3 6 3
9 7 2 7
2 15 2 0
2 4 1 1
0 7 1 3
17 5 3 2
4 3 0 3
4 3 12 15
9 5 6 2
4 1 7 3
