14 4 5
293 765 1084
574 897
352
572 899 1599 2093
545 820 1600 2193
517 860 1471 1862
547 849 1589 2163
504 766 1479 1941
588 903 1601 1830
506 894 1596 1910
592 840 1595 2136
526 901 1517 2005
573 874 1447 2192
500 751 1586 2189
558 754 1620 2067
500 868 1431 2199
504 796 1615 1864
44 40 49 42
49 42 48 29
25 29 44 33
33 35 44 35
50 25 41 28
32 49 47 49
41 37 45 40
48 49 28 27
43 26 35 35
25 42 33 25
40 46 36 32
40 28 33 29
43 40 28 25
28 48 38 47
1 13 47 0
1 6 7 4
2 6 2 12
5 7 7 4
1 1 5 10
5 8 4 10
5 2 9 1
13 8 3 1
3 7 2 7
8 6 5 4
6 4 0 11
4 3 2 12
4 0 11 9
7 4 8 3
1 3 4 7
