14 4 5
382 789 1541
508 1232
608
520 941 1497 2264
593 835 1449 2265
587 960 1489 2309
538 957 1402 2087
511 888 1449 2160
609 981 1585 2069
549 915 1508 2291
547 890 1523 2437
583 884 1617 2103
522 856 1382 2246
566 956 1584 2392
531 859 1620 2384
573 846 1338 2253
556 858 1512 2035
39 29 50 47
42 30 50 46
43 31 42 31
38 28 27 48
31 28 42 25
26 33 39 33
46 27 38 47
34 39 33 41
25 36 46 45
43 38 29 36
37 44 45 49
26 44 41 29
34 28 47 43
41 33 34 31
12 29 5 23
8 10 5 3
3 6 2 9
3 9 9 8
11 6 5 7
8 4 8 5
12 3 2 5
10 7 4 2
5 5 6 2
7 3 6 5
1 9 1 7
1 7 3 7
2 0 7 0
2 4 12 2
7 6 3 3
