14 5 15
530 878 2164 2118
439 1654 1865
1115 1256
30
951 1569 2164 3509 3551
817 1865 2527 3190 3822
857 1579 2398 3131 3893
941 1559 2391 3523 4168
891 1580 2362 3209 4309
853 1849 2504 3074 3851
832 1687 2510 3515 4286
788 1738 2254 3488 4081
804 1549 2223 3698 3688
866 1790 2163 3509 3680
873 1810 2332 3752 3616
844 1627 2223 3132 3753
962 1855 2520 3293 4151
860 1833 2594 3742 3700
8 10 8 9 7
8 6 10 8 7
10 5 6 5 7
8 5 10 8 6
10 9 10 7 7
7 10 5 9 7
6 10 8 6 7
5 5 6 9 8
5 8 10 8 6
5 8 6 9 7
6 8 10 7 5
5 6 5 5 8
5 7 5 6 6
8 5 10 7 6
8 0 8 4 2
59 46 38 35 41
35 36 65 47 52
41 62 44 47 41
55 26 31 47 62
33 37 63 38 61
47 43 29 53 69
21 68 46 38 41
25 40 50 54 56
41 36 37 27 63
32 36 42 34 44
18 36 43 65 25
57 53 40 61 56
38 34 42 38 54
43 39 49 46 76
