14 5 15
639 1598 2279 2808
784 1787 2083
760 1338
653
977 1729 2699 3614 4518
848 1790 2658 3692 4345
1023 1577 2450 3911 4288
963 1687 2759 3416 4510
912 1741 2735 3404 4249
888 1752 2781 3656 4846
890 1582 2555 4003 4806
898 1790 2305 3774 5032
1000 1863 2778 3677 4627
986 1767 2409 3870 4818
857 1699 2381 3502 4845
991 1628 2330 3614 4751
946 1728 2614 3942 4985
897 1788 2556 3594 4975
7 5 10 5 10
5 10 6 6 5
6 5 5 6 7
7 9 8 9 9
7 6 7 6 5
10 9 10 10 10
5 10 9 10 7
10 8 7 5 8
9 8 8 6 6
8 7 7 6 10
10 7 8 7 7
6 7 5 9 6
9 6 6 9 10
5 9 10 7 9
1 4 4 5 4
62 50 49 48 55
26 50 48 53 46
52 43 62 65 41
52 52 56 42 37
45 30 30 60 43
48 20 38 40 77
31 67 33 41 43
63 73 47 57 45
48 39 25 24 45
39 60 39 38 36
27 55 92 52 42
63 34 40 49 50
46 40 51 51 39
55 36 55 38 59
