14 5 15
450 822 1094 2261
242 710 1696
474 1333
682
546 1177 1433 2085 3000
547 1120 1587 2001 2903
580 1024 1642 2279 2792
617 999 1512 1946 3036
633 1181 1499 2308 2977
627 1117 1375 1926 2956
620 1025 1528 2002 2500
616 1185 1554 2039 2881
569 1171 1559 2216 2552
574 1201 1408 1943 2729
648 1211 1420 1906 2688
613 1024 1416 2150 2651
628 1062 1595 2131 2952
562 1168 1351 2129 2715
7 7 9 9 9
5 9 9 6 9
5 9 6 6 7
9 8 10 7 5
10 8 9 5 5
9 7 10 6 10
10 7 7 7 9
8 9 8 8 10
10 5 9 9 6
9 8 5 5 9
8 6 5 5 8
6 10 10 10 5
9 7 6 6 8
7 8 7 7 10
3 0 6 4 5
56 41 43 45 44
58 30 27 42 34
31 65 50 39 52
43 51 35 45 53
39 43 47 50 19
41 38 51 46 53
63 22 40 41 64
27 55 63 50 32
29 48 36 38 53
62 60 52 37 36
45 43 60 48 59
54 77 54 42 33
32 34 68 32 48
20 29 29 39 73
