14 5 15
432 710 1721 2040
358 1007 1616
722 1366
845
714 1329 1725 2553 3560
766 1146 1944 2962 3681
676 1369 1734 2576 3196
795 1340 1745 2995 3541
758 1180 1917 2579 3542
663 1260 2002 2828 3732
742 1275 1868 2626 3122
740 1173 1783 2807 3289
680 1145 1798 2904 3571
673 1137 1733 3052 3295
718 1208 1866 2945 3144
677 1133 1793 2790 3588
745 1285 1736 2620 3264
732 1201 1837 2686 3115
7 5 10 9 6
7 6 10 7 5
6 9 8 6 10
7 8 8 7 5
5 8 5 6 6
9 7 7 5 10
6 6 5 6 6
5 5 8 6 5
8 6 6 7 10
6 6 5 6 10
7 10 5 5 5
9 5 9 9 10
7 6 6 6 5
9 6 5 6 5
1 2 3 4 5
44 25 32 53 56
39 33 46 39 29
68 51 46 33 48
28 67 37 23 50
46 52 58 52 17
36 66 44 42 57
53 38 30 48 50
61 57 34 46 36
54 38 85 32 51
33 42 65 41 58
44 25 37 32 37
32 52 34 42 68
37 73 42 31 39
28 47 53 71 66
