14 5 15
536 933 2475 2549
466 1715 2489
1170 1921
691
803 1478 2135 3415 4167
877 1394 2156 3167 4096
845 1487 2272 3371 4198
750 1460 1979 3057 3874
759 1441 2001 3041 3981
807 1367 2372 3169 3658
755 1425 2315 3151 4050
857 1321 1949 3323 3582
751 1344 2019 3172 4126
799 1379 1969 3079 3874
808 1338 2054 3257 3656
831 1508 2246 3051 3511
843 1559 2137 3008 3471
732 1555 2348 3412 4194
6 10 10 6 9
9 10 6 8 5
7 9 9 5 5
8 7 6 7 8
9 8 10 8 6
8 10 6 7 9
6 9 9 9 5
7 9 10 7 6
6 5 9 8 7
6 10 10 7 9
10 6 10 5 9
7 6 6 8 5
10 9 6 9 9
10 5 6 6 9
4 2 9 3 3
45 28 50 30 30
54 45 49 42 54
36 49 23 60 44
44 53 53 64 45
35 51 45 33 45
43 35 33 29 54
37 52 33 48 38
59 14 67 35 37
45 55 43 18 70
69 49 47 43 34
52 55 57 50 31
27 65 60 71 47
21 62 32 72 49
32 40 43 26 42
