14 5 15
682 1178 1910 2301
393 1045 1899
786 1313
607
804 1627 2113 3098 3764
875 1637 2484 3245 3616
771 1612 2447 3171 3688
838 1417 2240 2991 3615
788 1694 2335 2912 3741
812 1506 2332 3297 3778
882 1597 2500 3459 3791
839 1409 2143 3020 3667
776 1588 2116 3460 3718
850 1550 2344 3289 3897
744 1414 2453 2952 4104
825 1578 2415 2949 3582
883 1707 2239 3349 3603
878 1667 2256 3429 4050
9 6 6 10 5
10 9 7 7 5
6 9 8 9 5
9 7 10 6 10
9 7 7 9 7
6 8 9 8 6
5 7 6 9 10
10 7 6 8 8
6 9 7 6 8
5 6 8 8 7
10 8 9 5 6
7 10 8 8 9
10 10 10 6 6
6 5 10 6 9
8 4 8 2 2
69 36 57 39 49
46 24 41 33 35
23 66 32 58 70
46 36 52 43 69
43 54 58 49 42
42 56 40 41 31
35 53 44 35 18
43 57 58 33 46
25 43 36 31 32
36 41 30 73 28
67 54 33 26 50
30 56 34 55 35
38 60 22 68 38
41 38 23 41 28
