14 5 15
613 1372 1894 2658
600 1401 2070
887 1466
593
946 1730 2422 3437 4154
907 1711 2493 3206 3981
947 1735 2163 3515 3994
922 1849 2183 3386 3665
844 1616 2172 3364 4003
816 1595 2512 3736 3989
831 1804 2370 3544 3852
953 1540 2472 3651 3731
931 1792 2408 3309 4081
846 1707 2422 3729 3988
799 1662 2438 3508 4002
861 1533 2562 3229 4338
933 1856 2316 3439 4308
833 1717 2548 3344 3734
6 9 5 5 9
9 7 6 8 7
8 6 6 7 8
6 6 9 5 5
6 8 6 6 8
8 5 6 5 9
10 10 5 10 8
10 10 6 6 7
8 10 5 7 10
6 6 6 8 7
9 10 10 6 9
9 5 8 9 6
10 7 8 5 5
5 8 8 6 5
5 3 3 10 0
61 48 45 59 39
68 24 36 54 20
51 42 58 28 61
69 44 36 52 48
42 42 28 71 77
51 32 58 45 43
55 41 63 52 48
40 77 35 72 50
56 16 40 30 51
39 65 32 55 39
36 53 28 42 53
46 62 30 28 38
35 45 41 34 46
46 44 52 58 41
