14 5 15
627 1262 1813 3337
946 1672 3026
808 1903
1158
875 1593 2606 3460 4870
854 1488 2513 3421 4245
940 1627 2415 3330 4550
993 1613 2255 3548 4037
877 1479 2558 3208 4640
900 1550 2498 3162 4617
985 1495 2589 3304 4171
816 1507 2418 3081 4424
899 1651 2330 3320 4781
951 1477 2614 3218 4509
957 1499 2210 3377 4657
898 1582 2196 3572 4228
823 1520 2607 3477 4270
841 1489 2382 2985 4840
6 10 8 8 8
9 5 7 5 5
10 7 7 6 10
7 8 8 5 5
8 10 8 8 6
7 5 5 5 8
10 5 10 9 8
9 10 5 7 8
9 8 8 5 6
6 6 10 8 9
8 6 6 7 7
9 8 6 8 6
8 9 5 6 5
6 7 9 8 7
5 7 4 1 1
45 43 58 40 63
62 56 26 49 62
48 39 56 33 40
42 60 29 59 25
51 42 78 31 37
52 53 63 74 47
48 45 75 54 28
49 48 52 60 41
35 50 53 40 18
45 52 26 40 74
49 32 42 50 36
85 42 55 36 36
29 53 37 58 42
18 55 48 22 32
