14 5 15
505 762 1638 1796
373 1068 1619
543 1127
622
726 1276 1800 2459 3274
665 1177 1861 2762 3625
655 1175 2158 2395 3148
667 1238 2083 2520 3095
657 1360 2114 2580 2988
750 1245 1858 2528 3361
755 1198 1903 2618 3059
662 1348 1829 2562 3454
779 1373 1953 2567 3194
789 1315 2143 2460 3054
723 1290 1895 2669 3213
757 1259 1947 2527 3622
735 1220 1849 2455 3424
767 1306 1807 2392 3162
10 9 9 8 9
7 9 5 8 6
9 9 5 10 10
7 7 9 5 5
8 6 10 7 6
10 5 7 8 9
6 8 9 7 9
7 5 10 7 5
7 9 9 6 9
9 6 5 8 10
10 6 5 10 8
8 10 10 7 6
9 6 5 9 5
9 9 8 9 9
2 0 2 7 3
31 54 52 59 73
28 24 53 43 54
54 57 53 46 45
58 46 22 62 46
63 54 31 37 57
40 45 59 42 41
49 23 48 64 48
33 30 59 36 49
25 48 52 37 38
45 47 39 27 36
39 64 46 49 51
33 62 27 23 24
52 44 46 59 54
62 41 39 66 91
