14 5 15
723 985 2118 2919
475 1357 2454
998 2015
794
906 1678 2285 3599 4623
1025 1866 2437 3439 4394
911 1920 2589 3832 4285
921 1654 2438 3635 4697
898 1637 2372 4102 4729
906 1769 2312 4174 4361
1062 1651 2707 4078 4498
920 1734 2599 3882 4325
889 1851 2419 3931 4630
907 1635 2316 3968 4075
900 1680 2589 4049 4270
1013 1843 2787 3499 4509
891 1705 2546 3634 4012
1044 1595 2414 3959 4231
10 8 6 5 9
9 8 8 10 7
8 10 7 5 7
5 7 10 5 9
10 10 8 8 5
7 7 5 6 8
5 9 10 8 9
8 7 7 8 10
8 8 9 10 5
8 5 6 8 5
10 5 7 7 5
5 7 8 6 10
7 5 8 6 10
7 8 8 5 7
2 2 3 5 3
55 50 71 39 49
54 48 23 34 34
65 61 30 58 59
61 66 46 37 61
46 52 34 31 55
27 57 38 17 41
34 37 60 20 41
50 35 41 64 43
64 35 44 51 57
33 33 34 37 32
35 54 32 70 50
75 47 24 54 58
44 26 86 60 34
26 30 71 62 38
