14 5 15
512 1339 1561 2309
641 1187 2195
412 1538
1036
844 1480 2353 2831 3991
819 1647 2499 2850 3989
744 1623 2383 2867 3657
845 1634 2569 3060 3561
761 1563 2240 3128 4098
791 1732 2549 2847 3982
773 1485 2550 3164 3525
824 1782 2320 3152 3823
877 1750 2565 3195 4032
805 1614 2582 3156 4032
827 1591 2508 2789 3589
835 1616 2356 3162 3805
763 1540 2321 2674 3977
874 1512 2282 3086 3714
7 7 7 10 7
5 10 7 10 6
10 6 5 6 6
5 5 5 6 10
6 5 10 9 6
6 10 9 7 7
5 7 6 6 8
8 10 7 8 9
6 7 9 6 9
8 10 5 10 10
7 6 9 7 8
6 8 8 5 6
8 8 10 10 8
5 10 8 5 10
6 4 6 1 6
49 42 63 21 67
47 50 21 52 21
39 53 33 36 51
46 35 36 33 43
38 31 32 45 23
36 51 47 69 54
61 53 61 69 71
36 37 70 45 64
36 35 34 78 52
34 43 50 45 54
34 40 68 50 60
40 41 45 39 78
23 24 31 31 53
26 60 46 33 45
