14 5 15
490 1379 2415 2424
740 1791 2118
1060 1542
451
954 1556 2410 3708 4251
965 1564 2612 3153 4098
960 1657 2550 3229 4353
895 1690 2494 3352 4272
973 1445 2778 3285 4361
835 1617 2478 3380 4146
986 1551 2581 3439 4719
909 1581 2550 3662 4245
870 1580 2436 3374 4645
897 1441 2726 3144 4200
1005 1480 2708 3186 4213
829 1597 2795 3685 4150
986 1706 2456 3332 4427
995 1531 2684 3065 4179
7 7 8 6 7
5 8 6 6 5
9 8 7 5 8
7 8 6 5 5
9 5 8 6 5
8 10 7 8 7
6 6 10 9 10
5 9 9 9 10
9 9 7 6 8
10 8 9 8 8
9 5 6 10 5
7 6 10 8 8
9 9 9 9 8
6 7 7 8 8
2 11 0 2 5
46 57 37 42 25
32 29 37 41 53
40 46 50 69 66
51 50 50 57 39
49 71 74 45 47
33 39 43 47 42
50 39 47 67 34
38 27 50 34 45
52 36 50 53 47
48 38 45 35 70
31 29 37 49 41
41 48 29 34 76
40 35 39 29 56
35 52 36 40 39
