14 4 10
500 1014 2255
460 1343
1176
691 1358 1888 3138
818 1414 1902 2670
747 1419 2010 3098
719 1222 1731 3094
752 1238 1707 2763
708 1211 1816 2710
802 1356 1756 2898
674 1256 2059 2721
686 1233 1773 2654
786 1313 2026 2669
723 1429 1865 2730
745 1439 1862 3108
742 1343 1800 3119
760 1239 1951 2931
26 32 42 46
46 44 38 26
35 44 39 45
27 31 35 28
50 47 47 35
36 39 45 34
27 31 36 34
50 38 31 27
29 45 45 31
39 40 46 41
26 48 45 37
42 33 28 28
35 38 45 49
38 45 48 47
32 17 43 3
30 36 38 26
27 27 51 21
76 31 36 49
18 28 38 10
28 30 12 39
24 28 32 50
32 41 16 31
14 29 18 19
29 15 20 45
44 32 22 45
21 35 48 16
50 42 38 30
19 48 32 19
15 20 41 34
