14 4 10
624 1806 2700
969 2030
851
930 1677 2961 3899
945 1560 2996 3488
905 1617 2978 3948
896 1824 3101 3790
995 1502 2688 3710
919 1551 2580 3494
1021 1501 2623 3717
953 1747 3008 3673
902 1654 3030 3428
936 1697 2576 3624
874 1587 3106 3486
895 1591 3122 3974
931 1580 2863 4035
1001 1546 2817 3473
43 31 28 33
47 30 43 39
31 42 36 48
25 31 25 42
45 28 27 40
45 38 38 33
34 44 45 39
26 46 33 33
42 50 26 33
35 47 44 39
40 44 27 33
44 39 35 30
30 39 32 30
38 39 26 36
68 3 13 14
55 31 24 21
27 21 42 17
20 28 34 26
31 28 17 39
21 51 34 30
24 10 40 58
55 38 23 33
38 25 9 40
39 25 39 23
38 35 30 42
30 16 40 30
26 16 26 20
22 21 43 47
23 39 37 51
