14 4 10
440 1084 1271
674 832
272
518 1016 1773 2084
530 1056 1644 2150
535 962 1719 2164
555 924 1512 1919
561 1044 1781 2025
583 979 1744 1885
570 1000 1660 1915
572 1026 1671 2174
521 935 1769 1880
567 1046 1676 2036
508 962 1559 1864
536 1032 1543 1847
590 951 1593 1912
565 983 1699 2106
26 38 29 34
50 46 42 37
35 36 36 49
46 42 41 48
48 25 30 42
49 35 31 43
27 41 50 40
29 45 38 46
25 46 30 35
29 41 41 49
26 43 31 46
50 37 47 42
27 47 49 40
34 29 37 35
25 26 36 13
23 17 35 24
60 54 28 68
23 25 26 49
40 25 22 22
25 40 51 21
41 49 23 33
29 30 29 21
32 32 25 26
42 13 48 37
35 30 32 25
34 29 52 24
23 26 28 40
16 12 27 44
45 30 39 29
