14 4 10
450 775 1624
543 1270
599
710 1219 1810 2629
693 1254 1832 2681
647 1223 1951 2678
673 1231 1947 2683
666 1176 2130 2889
749 1297 2052 2740
655 1208 2116 2884
722 1303 2135 2868
693 1276 2133 2866
686 1299 2003 2825
748 1332 2003 3005
686 1158 1796 2702
693 1239 1889 2720
736 1282 1932 2823
32 34 43 44
46 30 29 30
35 27 25 46
39 43 49 31
29 29 26 32
31 35 31 45
26 48 40 44
46 27 25 36
43 34 37 35
42 45 38 35
29 47 25 28
33 46 38 26
29 28 35 50
38 25 41 25
9 1 24 23
16 26 16 35
25 17 35 49
26 51 29 55
21 32 17 21
28 46 23 46
12 34 24 41
24 36 33 47
18 21 22 16
45 18 15 38
42 54 46 20
22 70 30 18
38 34 33 27
24 26 37 11
30 25 16 26
