14 4 10
353 610 1148
229 795
551
528 923 1243 1894
457 999 1279 1912
491 854 1328 2013
548 856 1376 2075
471 960 1435 2176
474 1010 1423 1834
553 870 1432 1860
499 966 1433 1838
485 883 1306 1916
484 1008 1254 1848
459 893 1436 1966
498 896 1290 1984
495 935 1290 2154
533 955 1363 1930
41 35 40 25
40 34 46 26
40 41 46 33
33 45 34 35
26 34 50 42
36 34 45 35
27 37 31 25
48 42 46 40
40 47 50 43
40 50 32 38
40 39 46 39
31 45 35 33
44 45 39 39
37 36 43 33
21 66 2 15
46 39 17 25
40 23 29 27
13 25 23 26
37 33 10 56
47 31 33 28
45 25 57 15
42 29 19 39
47 26 21 25
43 28 47 40
20 20 20 28
54 13 49 25
54 46 32 35
11 25 26 37
35 30 39 26
