14 4 10
304 923 2061
606 1679
825
861 1267 1986 3107
718 1288 1909 2693
761 1325 2098 2719
815 1290 1946 2838
736 1276 1828 2675
813 1294 1986 2777
815 1310 2192 2775
793 1249 1869 2618
801 1315 2139 2923
761 1262 1851 3136
764 1196 2004 2783
749 1296 2065 2653
864 1167 1988 3051
729 1200 2023 2600
48 34 30 40
41 45 37 50
26 38 45 44
27 44 36 25
38 47 48 45
48 34 41 32
39 50 36 36
27 32 36 44
43 35 42 50
34 40 35 49
50 39 35 32
38 40 37 25
37 31 39 37
38 25 49 30
73 4 10 16
23 27 41 35
23 36 36 25
25 50 33 39
26 15 25 16
34 34 20 32
21 11 25 30
17 28 24 29
43 40 61 25
21 23 16 38
28 31 20 38
42 46 28 34
40 24 16 27
19 26 50 34
32 26 36 54
