14 4 10
450 1574 2675
1068 1584
671
941 1517 2883 3763
967 1812 2638 3522
934 1807 2713 3577
937 1526 2887 3819
981 1747 2880 3369
911 1634 2819 3281
904 1739 2786 3187
1038 1818 2914 3223
906 1765 2771 3143
941 1731 2931 3820
1052 1493 2615 3628
972 1656 2639 3197
907 1611 3081 3259
1026 1537 2890 3320
26 31 27 30
47 43 44 27
47 37 33 28
26 29 34 27
47 45 33 48
36 43 38 25
42 33 46 49
39 47 28 42
49 45 25 44
33 34 45 43
38 44 42 36
43 49 30 28
39 26 28 31
47 43 50 27
14 53 3 20
39 31 21 27
18 22 40 15
42 27 18 21
20 39 17 23
23 22 34 41
26 31 27 16
49 21 41 26
21 65 22 36
30 29 25 29
16 39 21 29
20 43 25 33
25 30 16 42
27 25 19 52
49 35 47 21
