14 4 10
322 728 1343
382 729
506
612 1030 1507 2041
555 927 1658 1848
531 1004 1625 1926
613 1054 1709 1818
624 995 1437 2179
623 902 1650 2045
519 998 1700 1959
557 945 1516 1905
521 946 1546 2046
528 901 1684 2127
616 964 1585 1926
623 1053 1564 1936
548 1082 1543 2196
586 1049 1619 2109
27 30 46 38
39 42 42 43
34 35 29 38
38 28 30 50
47 47 47 39
41 50 46 37
34 32 46 31
46 50 43 34
29 33 31 47
50 25 31 44
46 27 49 40
49 46 36 45
47 26 34 28
38 45 33 46
3 9 36 18
26 64 2 10
43 36 21 36
68 43 40 47
40 27 24 36
31 47 24 27
24 44 25 56
40 33 36 30
22 31 41 50
35 37 35 25
22 26 48 19
46 20 50 37
30 28 24 29
24 34 15 32
33 38 34 27
