14 4 10
747 1406 1979
650 1811
984
962 1767 2468 3692
939 1946 2374 3715
974 1940 2613 3611
1032 1810 2464 3376
999 1892 2569 3653
899 1772 2684 3422
910 1984 2347 3405
973 1942 2697 3439
928 1715 2396 3708
996 1777 2496 3311
889 1925 2654 3725
1045 1792 2537 3245
995 1942 2459 3193
983 2010 2387 3368
39 48 25 31
39 30 42 30
27 43 49 27
37 48 39 26
25 34 30 28
49 36 35 50
31 47 30 45
36 33 41 34
33 28 44 48
32 29 47 41
28 31 48 25
27 28 30 34
32 46 40 49
50 35 42 46
14 19 30 19
33 42 17 29
27 37 22 30
19 26 27 27
28 37 27 32
25 22 21 19
16 30 27 26
23 28 31 31
24 16 39 31
26 43 24 34
40 32 39 23
26 30 18 28
29 25 29 16
12 34 46 22
25 56 25 22
