14 4 10
464 1852 2464
1263 1777
801
1005 1516 2978 3832
909 1470 2862 3572
974 1683 2883 3276
1049 1501 2732 3300
988 1514 2881 3868
984 1519 2480 3700
1002 1643 2755 3530
1051 1626 2488 3444
1054 1573 2936 3384
987 1535 2875 3532
926 1624 2693 3956
919 1443 2581 3285
986 1436 2750 3970
1020 1474 2512 3921
43 28 27 36
28 33 27 48
36 34 46 49
29 49 31 29
47 40 49 30
27 42 26 48
41 28 40 43
43 35 32 42
46 35 27 43
25 29 33 44
39 39 50 47
27 37 29 30
47 29 49 27
36 42 42 39
41 31 0 26
58 28 32 23
29 23 21 36
56 23 24 11
23 18 31 24
24 42 20 21
25 49 24 26
24 22 25 14
56 22 38 58
37 43 39 18
15 43 32 19
29 34 24 27
28 29 17 31
28 30 29 20
18 16 54 35
