14 4 10
684 1034 2189
287 1896
1600
923 1889 2216 3902
881 1843 2387 3887
963 1699 2444 3529
889 1677 2356 3735
880 1692 2275 3553
988 1767 2314 3409
861 1592 2160 3275
972 1842 2369 3346
872 1828 2490 3555
834 1751 2501 3855
897 1711 2197 3875
855 1686 2437 3496
1008 1864 2552 3950
902 1681 2269 3397
43 31 43 46
37 39 38 45
38 33 26 44
46 39 30 27
50 34 32 34
46 25 49 46
35 30 36 43
33 36 27 27
48 49 42 49
32 32 43 45
27 32 35 50
50 45 43 40
41 30 38 48
25 46 48 38
38 32 21 1
27 33 30 32
18 27 41 30
24 32 26 14
36 13 31 52
27 19 13 22
35 24 22 32
29 23 68 37
32 17 30 21
36 25 34 29
18 32 21 43
34 32 36 19
20 40 24 38
33 27 38 18
22 25 39 30
