14 4 10
254 558 1382
439 886
563
522 794 1288 2052
476 924 1337 2027
544 837 1258 1877
543 826 1361 1926
508 808 1355 1926
528 802 1350 2134
551 910 1364 1925
504 914 1537 2126
540 798 1425 1985
467 904 1526 2235
550 822 1519 2097
545 878 1451 2090
496 878 1347 2239
509 841 1517 1942
50 31 35 29
45 48 43 40
38 41 27 33
30 41 40 32
34 49 34 47
28 42 34 47
41 37 31 34
50 35 27 48
33 48 42 36
25 47 33 48
34 36 35 30
30 39 40 50
44 45 36 34
40 40 45 31
61 5 2 26
22 36 31 19
54 32 9 29
34 34 43 55
30 22 34 23
24 25 32 34
27 23 21 19
24 39 28 19
39 24 11 23
29 20 32 28
21 39 24 13
25 15 23 55
24 19 34 42
39 13 46 23
33 27 33 15
