14 4 10
394 993 1507
445 1020
520
736 1180 1792 2447
701 1235 1544 2774
737 1222 1664 2644
626 1206 1833 2674
660 1101 1732 2430
664 1049 1652 2811
679 1203 1587 2443
650 1125 1702 2874
728 1103 1718 2680
699 1144 1652 2791
728 1245 1867 2570
693 1243 1640 2752
619 1080 1795 2380
649 1071 1660 2474
50 49 43 39
45 40 47 36
40 38 32 45
49 47 50 31
33 27 33 42
45 43 43 38
35 27 38 42
25 34 40 35
34 41 41 40
38 49 28 50
29 45 50 27
43 41 45 33
46 36 33 48
45 33 36 43
24 21 15 24
27 46 33 45
16 17 15 20
20 17 52 35
44 39 29 44
32 27 22 31
45 58 47 14
25 29 29 33
43 23 20 17
13 40 18 27
31 35 28 25
36 12 33 38
14 20 26 37
48 27 26 39
59 49 17 22
