14 4 2
366 1069 1505
830 1505
506
903 1404 2344 3040
928 1459 2525 3045
911 1407 2500 2831
811 1216 2378 3448
893 1370 2305 3049
940 1215 2524 3456
881 1303 2108 3049
937 1350 2497 3391
884 1295 2514 3362
953 1360 2350 3370
860 1417 2254 3331
943 1323 2133 3054
950 1418 2504 2967
827 1461 2524 3318
7 8 5 8
10 5 7 6
9 5 8 7
7 5 9 5
10 7 8 7
8 7 8 8
6 6 8 10
8 8 5 7
10 6 7 7
8 7 10 5
6 7 6 9
10 5 5 5
10 6 5 5
5 8 10 9
3 10 5 0
4 4 1 3
6 9 11 8
1 3 7 3
4 6 8 7
18 1 3 4
7 8 5 8
11 4 3 3
4 2 6 3
11 21 1 1
2 2 4 28
0 9 3 1
9 4 7 8
13 9 7 1
6 4 15 2
