14 4 2
662 1289 1903
854 1721
775
1058 1761 2721 3632
1066 1809 2879 3479
898 1789 2901 3273
919 1696 2912 3277
1004 1595 2650 3171
982 1724 2669 3329
894 1857 2615 3749
939 1589 2655 3264
947 1697 2581 3275
914 1529 2986 3221
955 1766 2661 3725
1069 1740 3030 3204
978 1556 2813 3642
922 1792 3074 3079
5 10 7 7
10 8 5 8
8 10 5 8
9 10 10 8
6 5 7 10
8 7 7 6
10 8 5 7
8 5 8 9
10 6 10 5
8 7 9 8
8 8 5 8
5 8 6 10
8 7 5 10
5 7 10 8
9 6 2 3
4 1 1 2
16 7 23 2
7 1 1 6
12 2 5 5
5 0 10 4
4 4 3 2
4 0 7 2
1 4 6 0
2 11 9 2
9 6 3 3
7 4 6 3
1 3 1 4
1 5 0 6
1 6 10 2
