14 4 2
336 707 1094
429 971
548
526 899 1399 2055
472 899 1347 1991
534 778 1371 1991
497 930 1469 2085
530 790 1373 1933
489 897 1339 1919
478 925 1362 1953
488 784 1469 2157
505 840 1439 2130
561 790 1250 2015
485 773 1330 2062
498 783 1297 2188
510 778 1327 2133
524 832 1290 2089
6 5 7 8
5 10 5 7
10 8 6 9
6 5 10 6
9 6 9 10
5 5 7 10
10 10 9 7
5 6 8 8
5 6 5 10
10 8 9 8
9 5 9 6
5 8 6 7
5 7 8 10
5 6 6 7
5 7 1 5
4 14 5 5
0 5 3 11
9 1 7 15
5 4 5 10
12 2 8 2
7 7 0 4
4 0 8 10
1 9 1 8
7 6 21 0
4 21 1 2
9 19 10 4
2 6 3 4
2 0 5 0
8 1 8 5
