14 4 2
284 801 1112
667 1137
494
501 815 1534 2089
488 969 1582 2158
589 923 1588 2222
527 985 1322 2016
571 911 1573 2017
587 986 1442 2263
487 846 1603 2102
542 973 1545 2259
555 918 1583 2169
557 943 1378 2073
550 837 1416 2117
504 853 1600 1961
524 815 1378 2104
586 905 1372 2049
9 8 7 9
7 8 6 5
5 5 8 5
5 8 9 5
8 6 6 5
7 9 6 7
7 10 6 5
6 10 8 10
6 10 9 9
8 8 9 10
9 9 7 10
5 9 7 6
10 5 9 7
6 7 6 8
5 11 1 2
0 1 11 7
1 2 13 3
0 2 1 0
6 8 0 0
0 1 9 4
9 6 3 5
22 9 3 10
14 1 2 2
4 3 4 7
10 3 8 6
4 7 1 13
2 2 3 2
1 10 3 3
3 7 16 14
