14 4 2
411 727 1330
315 1027
671
626 1093 1449 2177
567 991 1478 2373
644 1032 1622 2252
593 1025 1530 2124
555 934 1595 2384
639 912 1725 2256
610 1065 1716 2217
577 988 1425 2220
652 914 1693 1981
618 1076 1607 2001
597 1092 1497 2334
618 920 1457 2242
636 992 1475 2211
611 1079 1627 2123
7 5 5 5
5 6 10 6
7 10 6 5
6 9 7 5
7 6 7 5
8 7 6 6
7 5 10 6
8 6 8 5
5 9 10 9
9 10 5 9
6 6 10 5
9 10 6 5
9 5 5 7
10 10 10 8
7 2 5 4
9 8 8 1
3 7 0 1
5 3 7 3
7 3 10 0
5 5 0 5
2 0 1 4
1 6 2 5
9 3 0 6
1 2 4 3
13 6 1 3
1 7 9 3
5 1 2 5
10 6 4 16
6 5 2 10
