14 4 2
569 1172 1781
523 1110
681
735 1428 2009 2968
769 1554 2024 2853
808 1522 2160 2800
814 1336 2143 2587
794 1402 2310 2632
734 1481 2087 2862
839 1462 2006 3094
779 1609 2340 2970
734 1453 2270 2865
769 1324 1993 3068
815 1472 2014 3132
767 1565 2201 2960
755 1532 2406 2835
784 1427 2361 2860
7 5 8 5
10 6 6 10
10 7 7 10
5 9 5 9
6 9 5 8
10 8 5 6
10 9 8 5
8 5 8 9
7 8 9 6
6 9 9 9
8 6 8 10
8 8 10 8
10 6 8 7
6 9 9 10
11 7 0 2
9 10 11 1
1 0 8 5
2 7 12 20
5 9 9 2
5 2 1 10
5 3 9 1
6 0 1 16
2 8 4 2
6 5 9 8
2 6 11 1
5 8 4 15
4 14 6 4
8 1 0 10
23 5 1 4
