14 4 2
503 1143 1379
606 1141
456
593 1163 1898 2389
668 1145 1956 2340
639 1166 1892 2372
649 1079 1883 2455
598 1095 1878 2551
667 1088 1940 2257
614 1060 1752 2477
658 1161 1932 2488
655 1071 1839 2331
651 1001 1834 2220
560 1059 1843 2319
646 1076 1919 2388
587 991 1906 2350
567 1112 1797 2363
9 7 9 7
6 7 6 5
9 9 8 5
9 10 6 8
9 5 9 8
6 7 10 5
8 10 10 5
5 9 7 10
5 7 8 8
9 8 7 9
10 6 5 6
6 9 7 5
6 9 10 9
9 8 7 5
1 6 8 0
10 12 5 0
11 1 12 2
20 5 5 0
6 9 7 1
2 14 4 13
4 8 6 2
3 3 6 7
14 1 17 4
2 3 6 6
4 15 3 10
11 2 5 7
3 0 15 4
3 21 3 0
7 3 4 4
