14 4 2
588 1736 2301
825 1788
710
869 1705 2842 3651
985 1494 2985 3725
870 1629 3001 3324
959 1513 2777 3612
949 1702 2565 3535
837 1639 2711 3290
932 1634 2908 3591
898 1456 3034 3464
938 1638 2490 3408
961 1614 2794 3476
897 1490 2695 3088
872 1585 2893 3666
847 1646 2991 3340
864 1667 2877 3688
6 5 10 6
8 9 7 10
6 7 8 9
8 6 10 5
7 10 8 5
7 8 5 6
6 10 10 8
10 8 5 10
9 5 10 8
5 7 7 5
6 7 10 8
7 9 9 9
9 10 7 6
7 7 8 8
0 8 2 4
4 6 17 1
0 4 6 6
6 13 3 3
7 10 10 4
5 4 7 13
3 1 2 13
0 6 5 0
3 4 5 1
6 7 1 10
7 4 0 5
7 5 8 4
2 7 2 4
4 26 1 0
2 4 0 6
