14 4 2
444 1131 1320
784 1064
236
697 1221 2140 2438
710 1190 2036 2559
699 1153 1953 2486
709 1329 1953 2489
764 1176 2100 2751
745 1119 2004 2682
778 1169 2076 2790
678 1116 2087 2717
686 1290 2127 2591
763 1198 2089 2725
678 1229 2115 2796
709 1296 2216 2490
655 1192 2078 2304
725 1156 1972 2532
10 10 10 10
10 6 8 9
9 9 7 9
5 9 8 6
10 9 7 10
6 7 8 6
9 8 6 5
9 7 7 9
8 5 8 8
8 6 7 9
6 5 7 9
7 6 7 5
5 9 9 8
6 6 5 9
7 3 5 5
8 6 3 5
10 6 3 4
5 3 2 9
2 5 4 10
3 1 6 8
9 5 9 9
6 6 19 4
4 5 5 1
6 6 19 5
6 3 0 4
1 1 14 0
11 2 7 5
5 5 10 7
5 9 15 6
