14 4 2
388 1386 1560
761 1472
668
1021 1479 2507 3230
939 1451 2628 3694
993 1353 2443 3805
970 1401 2579 3398
894 1282 2322 3185
1008 1403 2235 3754
1009 1382 2657 3429
909 1305 2503 3881
966 1319 2600 3761
1035 1566 2694 3703
933 1443 2539 3623
967 1563 2599 3803
983 1494 2633 3331
962 1516 2545 3399
10 8 8 6
10 5 10 8
5 8 6 6
7 9 9 10
6 5 5 5
7 7 5 7
8 5 10 10
10 5 5 7
10 9 7 6
10 9 10 6
9 7 7 9
8 7 7 10
7 7 9 9
10 6 6 8
8 1 0 5
3 8 7 2
0 2 7 8
0 1 0 0
7 8 1 6
3 3 9 2
2 6 6 6
11 1 6 7
2 3 3 9
1 15 3 4
2 13 4 4
3 6 3 4
3 3 2 3
11 6 14 11
4 2 0 7
