14 4 2
639 1156 1096
500 734
211
689 1433 1990 2251
628 1395 1745 2341
614 1333 1665 2369
635 1359 1971 2411
668 1239 1877 2657
632 1249 1876 2654
643 1227 1764 2655
673 1477 1867 2428
632 1449 1866 2325
662 1387 1829 2208
664 1254 1871 2287
661 1239 1993 2282
720 1329 1955 2636
665 1389 1892 2194
10 6 8 7
10 7 6 10
5 5 8 9
5 10 7 8
6 8 7 9
8 5 7 8
10 9 10 8
5 5 5 7
6 5 7 5
6 7 6 8
7 6 10 7
8 7 10 5
5 10 6 7
6 6 8 10
4 4 5 5
10 8 3 10
13 12 3 7
0 8 1 1
8 15 6 0
7 2 3 11
1 1 14 3
3 0 1 6
4 7 3 9
30 13 8 16
7 10 2 13
4 6 4 4
5 11 4 11
8 2 5 2
6 16 1 3
