14 4 2
509 1347 2467
664 1936
1072
787 1349 2286 3531
813 1389 2244 3540
779 1391 2336 3510
886 1305 2205 3323
778 1506 2027 3576
804 1476 2341 3024
806 1436 2108 3002
868 1265 2427 3012
752 1341 2185 2989
793 1423 2310 3445
785 1279 2089 3009
797 1265 2132 3066
797 1372 2023 3525
866 1275 2049 3438
9 9 10 5
6 8 5 10
9 8 9 7
5 6 5 6
6 5 6 6
10 7 6 6
9 8 9 5
9 9 10 5
10 6 7 8
8 10 9 10
6 10 5 7
6 6 5 7
6 7 8 8
6 9 6 8
4 9 1 2
8 13 5 4
6 2 1 31
5 2 12 1
12 2 3 6
14 8 9 8
4 1 1 4
2 4 4 0
2 5 5 5
6 3 6 2
17 10 4 17
2 4 2 0
1 5 6 16
9 1 16 6
6 6 6 2
