14 4 2
553 1247 1996
634 1461
709
834 1448 2239 3156
757 1503 2306 3278
881 1419 2434 2963
779 1487 2088 3140
826 1716 2435 3074
744 1702 2302 3358
895 1467 2097 3287
841 1553 2325 2868
787 1573 2089 3128
894 1689 2322 2874
900 1433 2166 2981
752 1436 2376 3315
898 1423 2179 3229
882 1692 2094 2769
6 5 6 7
7 7 8 10
7 6 8 7
7 9 5 7
6 6 5 7
8 5 5 8
8 5 9 7
10 8 10 9
6 7 7 9
10 8 7 8
7 6 7 10
8 7 10 10
8 10 9 7
9 9 10 9
1 4 5 4
9 6 20 7
0 9 15 7
0 1 7 12
6 10 4 5
8 4 10 6
6 6 3 19
9 8 6 4
11 15 4 3
2 6 8 7
5 3 2 11
5 10 3 13
11 7 3 0
1 10 7 5
5 12 16 5
