3 10 10 5
1 1
1 5
2 5
1 2
2 4
2 3
1 1
2 5
1 5
1 3
2 2 3
1 3
0 
15047 88270 68424 39063 51535 36798 20899 80061 85357 40732
1 573 1133
2 610
3
1 610 1103
2 677
3
1 510 1228
2 575
3
1 509 1133
2 678
3
1 565 1074
2 687
3
1 575 1100
2 687
3
1 507 1101
2 624
3
1 556 1190
2 603
3
1 518 1230
2 670
3
1 552 1132
2 677
3
10 4 2
10 1 6
11 3 3
10 8 2
8 8 1
11 7 1
7 6 5
7 9 3
7 6 3
11 4 1
25 25 25
995 1765 2608
979 1645 2730
927 1846 2856
992 1799 2954
943 1644 2483
