3 10 10 5
1 1
1 5
2 5
1 2
1 2
2 4
3 5
1 4
1 2
3 4
2 2 3
1 3
0 
20491 143491 101964 52254 40979 56726 60727 103562 42384 49097
1 517 1211
2 643
3
1 568 1302
2 578
3
1 584 1125
2 596
3
1 572 1131
2 682
3
1 507 1257
2 590
3
1 522 1133
2 588
3
1 562 1249
2 647
3
1 554 1075
2 590
3
1 520 1091
2 668
3
1 546 1160
2 662
3
9 3 6
8 6 7
14 4 5
9 8 6
12 3 4
7 5 5
10 6 4
9 7 6
9 3 6
11 4 7
25 25 25
956 1663 2958
1055 1815 2515
924 1755 2636
969 1765 2501
1051 1839 2917
