3 10 10 5
1 1
1 5
2 5
1 2
1 1
1 5
2 4
1 3
3 4
2 5
2 2 3
1 3
0 
21581 127806 77347 32320 21390 77254 54948 61063 32423 93104
1 596 1092
2 628
3
1 558 1240
2 619
3
1 615 1255
2 664
3
1 512 1219
2 591
3
1 520 1132
2 575
3
1 529 1159
2 662
3
1 543 1236
2 573
3
1 514 1271
2 678
3
1 554 1118
2 619
3
1 511 1135
2 677
3
4 8 6
10 3 7
9 2 5
12 0 4
10 3 6
11 3 2
12 5 2
11 3 4
9 3 4
11 7 4
25 25 25
1068 1633 2710
1083 1754 2511
935 1757 2467
1005 1865 2539
1029 1968 2819
