3 10 10 5
1 1
1 5
2 5
1 2
3 4
3 5
3 5
2 5
4 5
3 4
2 2 3
1 3
0 
23066 88593 82985 50160 44287 68280 57384 101756 37964 41592
1 524 1136
2 611
3
1 593 1299
2 632
3
1 548 1091
2 636
3
1 583 1255
2 657
3
1 584 1259
2 682
3
1 519 1299
2 635
3
1 567 1266
2 680
3
1 568 1190
2 663
3
1 505 1298
2 618
3
1 525 1108
2 578
3
8 6 4
8 4 3
6 6 4
11 6 4
13 5 3
7 4 6
12 8 0
11 6 5
9 4 4
13 7 2
25 25 25
1018 1931 2715
1014 1902 2780
1099 1819 2663
1023 1875 2663
1021 1721 2521
