3 10 10 5
1 1
1 5
2 5
1 2
1 3
1 3
1 4
1 3
1 4
2 2
2 2 3
1 3
0 
16516 99351 65509 39081 66650 46275 75412 58133 90025 18107
1 519 1300
2 608
3
1 602 1146
2 668
3
1 529 1285
2 608
3
1 530 1143
2 591
3
1 534 1253
2 611
3
1 511 1116
2 656
3
1 598 1211
2 594
3
1 607 1101
2 629
3
1 533 1270
2 585
3
1 516 1237
2 624
3
9 8 1
7 7 4
9 4 3
9 3 6
11 7 4
9 5 1
11 3 4
9 6 3
7 4 6
8 4 4
25 25 25
1098 1705 2558
1046 1877 2556
976 1888 2824
1021 1889 2552
989 1685 2681
