3 10 10 5
1 1
1 5
2 5
1 2
4 4
1 2
2 5
2 4
3 4
2 4
2 2 3
1 3
0 
14791 86774 101493 40637 16478 37944 71680 67574 41016 50338
1 578 1185
2 597
3
1 516 1204
2 657
3
1 553 1231
2 685
3
1 541 1293
2 602
3
1 581 1263
2 612
3
1 523 1260
2 672
3
1 572 1198
2 576
3
1 544 1168
2 601
3
1 580 1265
2 586
3
1 544 1105
2 668
3
10 3 2
13 4 2
12 5 6
9 5 4
13 2 3
14 4 3
8 4 4
9 7 4
12 7 3
10 7 1
25 25 25
989 1793 2969
951 1730 2877
943 1718 2816
966 1845 2592
923 1831 2626
