3 10 10 5
1 1
1 5
2 5
1 2
2 5
1 1
4 5
3 3
2 3
1 2
2 2 3
1 3
0 
26417 114576 92972 37649 105785 26240 43040 20343 46252 40003
1 563 1235
2 662
3
1 588 1247
2 627
3
1 587 1293
2 576
3
1 506 1102
2 601
3
1 579 1277
2 664
3
1 599 1084
2 592
3
1 600 1144
2 592
3
1 600 1163
2 617
3
1 513 1146
2 665
3
1 578 1142
2 605
3
11 8 3
15 4 3
10 7 4
9 6 3
14 2 6
16 2 5
11 5 3
17 4 2
11 11 1
13 3 3
25 25 25
1048 1918 2783
1070 1922 2482
1060 1691 2932
1022 1686 2735
955 1880 2792
