3 10 10 5
1 1
1 5
2 5
1 2
4 5
1 2
3 5
1 3
2 5
4 4
2 2 3
1 3
0 
22222 88880 71188 42669 42291 46402 71538 59030 86175 22958
1 602 1165
2 675
3
1 529 1218
2 646
3
1 574 1233
2 673
3
1 553 1084
2 643
3
1 590 1292
2 571
3
1 599 1205
2 605
3
1 583 1249
2 680
3
1 525 1134
2 603
3
1 599 1222
2 603
3
1 517 1168
2 629
3
6 8 6
8 5 4
10 3 3
9 7 3
15 3 4
8 8 5
11 8 3
6 6 5
11 4 4
9 4 6
25 25 25
905 1668 2631
1073 1849 2676
1086 1790 2743
1042 1739 2530
1014 1632 2634
