3 10 10 5
1 1
1 5
2 5
1 2
1 4
2 4
2 3
5 5
3 4
2 5
2 2 3
1 3
0 
17496 100106 99107 52493 67528 61846 45855 16527 39682 109353
1 518 1167
2 636
3
1 553 1236
2 650
3
1 583 1157
2 599
3
1 614 1262
2 672
3
1 575 1258
2 687
3
1 578 1145
2 620
3
1 558 1197
2 657
3
1 607 1202
2 607
3
1 519 1286
2 595
3
1 589 1085
2 595
3
9 5 3
11 3 4
5 8 5
9 8 4
9 5 3
9 3 5
13 2 5
10 5 2
10 5 3
9 9 5
25 25 25
1000 1691 2667
912 1944 2816
1001 1633 2958
1031 1736 2894
921 1791 2598
