3 10 10 5
1 1
1 5
2 5
1 2
4 5
1 4
1 2
3 5
3 5
1 5
2 2 3
1 3
0 
20854 93379 86147 40857 53740 120727 52012 49688 37281 87983
1 595 1258
2 616
3
1 543 1272
2 676
3
1 534 1112
2 610
3
1 548 1156
2 666
3
1 569 1122
2 650
3
1 593 1075
2 665
3
1 563 1292
2 618
3
1 548 1102
2 683
3
1 575 1111
2 686
3
1 615 1111
2 680
3
12 5 4
13 6 2
12 6 2
12 9 1
6 12 4
8 7 7
9 5 8
18 2 1
13 3 0
8 5 4
25 25 25
1022 1800 2449
1024 1900 2702
1068 1887 2853
1049 1659 2647
950 1859 2547
