3 10 10 5
1 1
1 5
2 5
1 2
1 3
2 2
2 3
2 2
3 4
1 1
2 2 3
1 3
0 
17722 99670 89573 51871 56104 22399 36980 23820 33352 19777
1 509 1281
2 633
3
1 594 1300
2 582
3
1 557 1266
2 654
3
1 607 1202
2 592
3
1 567 1282
2 630
3
1 561 1223
2 597
3
1 599 1102
2 620
3
1 603 1263
2 657
3
1 589 1224
2 688
3
1 513 1153
2 639
3
8 5 3
11 6 2
11 4 6
7 3 8
15 4 2
9 5 5
6 6 4
11 4 5
17 1 1
10 5 4
25 25 25
1011 1876 2689
1034 1909 2560
1049 1972 2439
1069 1845 2914
1014 1682 2700
