3 10 10 5
1 1
1 5
2 5
1 2
3 3
3 3
1 3
1 2
2 5
3 5
2 2 3
1 3
0 
17763 128421 74880 37433 22792 22082 60151 36287 75432 59400
1 602 1242
2 673
3
1 604 1297
2 663
3
1 598 1158
2 644
3
1 589 1243
2 572
3
1 526 1151
2 675
3
1 546 1083
2 636
3
1 610 1213
2 676
3
1 539 1282
2 654
3
1 608 1139
2 660
3
1 574 1103
2 614
3
15 4 1
10 7 5
10 3 4
13 1 4
6 4 8
10 5 4
13 3 3
13 7 1
16 5 1
8 4 6
25 25 25
955 1878 2537
1010 1847 2683
960 1947 2637
969 1802 2557
1038 1892 2668
