3 10 10 5
1 1
1 5
2 5
1 2
1 4
1 4
2 3
1 3
1 5
4 5
2 2 3
1 3
0 
17002 83221 64338 41186 63206 68159 32739 66840 111250 34401
1 571 1228
2 657
3
1 508 1221
2 571
3
1 526 1289
2 633
3
1 557 1181
2 570
3
1 547 1272
2 581
3
1 588 1184
2 648
3
1 540 1111
2 612
3
1 565 1128
2 644
3
1 513 1261
2 611
3
1 589 1151
2 678
3
8 5 3
5 9 1
14 3 2
11 5 5
11 3 2
9 8 1
10 5 2
8 3 6
10 5 4
8 5 3
25 25 25
1014 1629 2473
1099 1718 2602
951 1722 2964
1054 1741 2695
916 1814 2652
