3 10 10 5
1 1
1 5
2 5
1 2
3 3
2 5
1 3
1 2
4 5
2 4
2 2 3
1 3
0 
18744 113098 78905 33936 19210 83381 62627 42747 37326 59364
1 605 1196
2 682
3
1 561 1301
2 570
3
1 614 1171
2 684
3
1 514 1195
2 649
3
1 607 1228
2 666
3
1 566 1271
2 600
3
1 596 1206
2 657
3
1 559 1137
2 645
3
1 560 1222
2 663
3
1 603 1176
2 575
3
13 3 3
13 6 3
13 2 4
8 6 2
10 3 6
8 6 5
6 2 9
9 7 3
15 4 3
9 7 2
25 25 25
976 1662 2662
904 1773 2583
981 1693 2560
1004 1698 2431
919 1649 2772
