3 10 10 5
1 1
1 5
2 5
1 2
2 5
2 5
1 5
3 4
4 4
1 3
2 2 3
1 3
0 
18591 115053 94301 38671 84336 96294 99097 37438 24463 45783
1 580 1259
2 635
3
1 536 1103
2 686
3
1 560 1278
2 574
3
1 599 1261
2 634
3
1 524 1074
2 623
3
1 527 1255
2 638
3
1 574 1220
2 658
3
1 593 1111
2 680
3
1 557 1266
2 689
3
1 519 1241
2 605
3
15 6 1
14 4 5
13 5 4
13 2 4
14 4 4
11 4 7
5 5 6
14 5 1
9 8 4
10 5 2
25 25 25
952 1855 2804
930 1666 2711
968 1892 2881
1060 1945 2593
958 1858 2568
