14 4 10
710 1148 1868
419 1469
1155
767 1533 2092 3319
741 1589 1789 2842
840 1509 2095 3169
737 1457 2009 3390
750 1598 2020 3383
748 1449 1789 2904
738 1459 1906 2957
790 1658 1920 3294
719 1463 1949 3414
766 1543 1784 2905
735 1489 2034 3324
800 1686 2035 3253
760 1679 2051 3028
857 1625 2004 3304
29 28 29 30
26 31 44 31
37 35 47 50
29 42 45 50
49 32 35 26
28 26 29 46
37 29 41 42
30 27 49 49
30 45 43 33
41 38 49 35
30 32 36 30
42 34 27 33
27 28 49 40
28 38 28 32
15 26 20 22
3 2 3 1
2 5 5 6
2 3 2 4
3 4 1 0
5 6 1 7
4 4 3 2
3 4 4 3
5 4 2 5
1 3 2 5
2 2 5 7
3 4 6 3
2 4 2 2
1 2 3 2
3 2 0 3
