14 4 10
644 1398 2028
655 1128
623
804 1605 2345 3089
756 1516 2446 3031
827 1357 2206 3012
693 1543 2218 3078
681 1449 2469 3181
809 1414 2448 3008
752 1400 2353 3127
794 1455 2405 2804
777 1593 2038 2991
722 1367 2191 3187
700 1349 2179 2739
686 1546 2150 2715
744 1346 2182 2650
825 1434 2286 2786
48 28 30 45
41 38 49 31
33 32 34 47
47 36 31 25
28 30 32 39
45 30 50 50
33 37 41 43
42 49 38 27
35 32 26 41
39 35 38 27
25 37 31 42
28 37 48 49
34 48 28 37
41 27 26 32
42 11 17 20
8 5 2 4
8 2 3 5
3 1 3 1
3 1 2 6
3 4 1 5
4 4 1 5
5 7 4 3
5 4 8 5
5 7 0 4
6 4 4 8
2 4 3 4
1 3 2 6
3 3 1 4
1 4 3 4
