14 4 10
518 1267 1752
904 1173
524
735 1408 2398 3079
774 1316 2383 2894
814 1426 2380 2886
710 1211 2053 3084
759 1282 2264 2920
746 1300 2351 2852
727 1290 2289 2614
729 1211 2349 2694
775 1318 2071 3079
774 1234 2068 2930
795 1341 2340 2611
729 1473 2362 2689
811 1384 2152 3152
811 1474 2406 2771
47 43 49 38
28 37 49 48
29 31 48 33
42 46 50 49
48 32 28 25
47 28 50 26
39 32 35 30
28 29 39 28
46 49 50 47
42 33 36 43
39 46 45 36
37 41 42 50
44 44 32 33
48 27 39 26
35 2 38 4
4 1 6 1
3 5 1 2
4 0 3 2
2 2 4 1
5 3 4 2
1 1 5 3
4 2 4 0
2 2 4 2
1 2 1 1
2 4 2 2
5 3 4 1
3 2 2 2
3 4 5 0
1 5 3 3
