14 4 10
630 1004 1533
322 737
465
663 1538 1944 2534
668 1474 1884 2480
672 1327 1727 2518
781 1470 2007 2693
739 1456 1927 2663
742 1485 1914 2513
659 1364 1950 2377
742 1467 1711 2739
656 1462 1749 2377
654 1543 1792 2450
746 1295 1903 2775
674 1482 1865 2340
777 1301 1733 2810
751 1341 1953 2434
35 47 25 38
38 39 38 32
43 39 32 49
36 43 34 41
37 40 34 28
32 27 50 30
48 37 27 33
44 47 37 29
37 35 41 43
29 34 28 32
35 37 40 47
33 30 25 34
36 49 32 45
36 34 28 46
12 30 28 14
2 4 3 8
4 4 4 2
3 5 2 0
6 4 2 7
2 3 1 3
3 2 1 4
2 0 3 4
4 5 4 4
4 0 2 4
4 5 1 0
5 4 2 6
4 2 4 6
6 0 6 0
3 4 3 4
