14 4 10
377 1514 2376
921 1867
1015
975 1453 2696 3959
887 1629 2583 3612
986 1683 2587 3437
931 1685 2641 3549
966 1608 2677 3308
923 1474 2623 3701
965 1495 2766 3493
908 1611 2571 3302
852 1588 2531 3549
939 1513 2753 3957
988 1405 2822 3773
958 1445 2957 3553
1025 1574 2678 3348
976 1426 2457 3375
39 44 42 38
26 43 38 37
44 41 43 25
30 36 47 50
43 42 34 41
36 47 29 43
35 36 42 36
41 42 43 48
38 50 48 44
34 44 26 45
46 32 32 44
48 29 31 38
46 25 27 36
36 50 31 49
26 68 7 0
3 0 4 3
4 3 4 2
3 4 1 3
5 3 7 0
6 3 3 2
1 1 2 3
5 1 2 4
2 1 4 2
4 3 1 2
0 2 0 5
0 6 4 1
2 6 1 2
3 2 4 5
1 3 10 2
