14 4 10
404 1303 1354
801 900
264
802 1370 2251 2586
737 1285 2154 2685
806 1389 2017 2564
770 1265 1914 2702
825 1280 2197 2795
795 1175 1920 2942
774 1346 1954 2691
833 1319 2187 2948
856 1162 2088 2797
738 1168 2245 2720
806 1313 1922 2717
786 1250 1915 2711
783 1369 2087 2882
804 1302 2217 2924
30 26 42 40
45 47 29 43
48 45 26 45
44 39 44 29
31 38 43 41
35 46 42 29
33 43 47 36
47 48 27 40
48 35 41 38
44 35 46 38
30 32 42 39
31 32 34 25
35 37 48 38
41 41 37 36
33 14 31 4
3 1 3 4
5 6 3 2
2 3 5 5
5 1 4 1
3 4 5 1
4 1 0 5
3 5 1 2
6 2 2 7
3 3 7 2
3 4 5 6
10 2 1 2
3 2 4 2
1 4 0 0
2 2 6 0
