14 4 10
353 1183 1368
663 837
213
569 975 1866 2116
553 855 1604 2264
599 831 1779 2227
599 928 1688 2318
633 883 1899 2155
635 857 1712 1990
552 834 1815 2329
543 892 1894 2300
619 925 1862 1992
557 953 1723 2029
573 833 1687 2322
585 874 1911 2258
582 862 1605 2285
551 938 1880 2127
45 31 37 48
28 37 33 39
28 42 39 49
32 50 39 32
45 47 46 49
33 37 34 42
49 50 45 30
50 50 45 43
25 50 30 40
35 49 26 38
47 35 25 50
27 47 29 43
32 27 47 48
36 35 34 50
17 19 31 21
2 6 3 2
5 4 0 1
4 2 8 3
2 1 2 6
3 3 0 3
3 3 2 1
3 1 5 5
3 7 3 7
7 5 1 3
9 2 5 8
3 2 0 1
8 7 3 0
0 2 4 1
4 6 3 1
