14 4 10
602 850 1889
416 1018
740
768 1414 1916 2843
751 1328 2143 2513
780 1313 2065 2989
739 1389 2017 2794
675 1473 2131 2626
793 1467 2108 2603
789 1333 2141 2742
801 1535 2077 2535
798 1372 1939 2712
697 1529 2115 2907
701 1415 2050 2859
692 1380 2103 2820
738 1508 1908 3014
674 1406 2083 2745
42 39 25 50
41 41 47 28
31 27 33 36
40 26 28 33
40 41 49 31
43 48 36 50
41 38 26 25
38 36 38 45
30 31 46 33
36 33 43 26
39 36 39 47
49 33 39 38
33 34 36 41
40 39 49 37
71 5 12 4
4 2 1 5
3 3 1 9
3 3 3 2
6 2 1 2
5 3 7 1
6 3 2 2
4 1 6 1
1 6 2 3
5 5 6 5
6 4 3 5
3 7 2 0
4 4 5 5
1 1 2 3
1 1 2 6
