14 4 10
388 562 1062
211 783
460
509 996 1263 1917
555 839 1293 2096
521 965 1299 1925
503 844 1317 2027
482 950 1431 1918
494 878 1342 1996
557 927 1237 1928
568 915 1301 2066
518 928 1277 2269
487 840 1422 2157
495 956 1367 2123
502 953 1317 2002
531 830 1486 1940
494 914 1411 2053
29 28 48 25
25 44 42 44
42 40 36 28
29 33 44 36
45 33 34 46
35 46 26 46
50 25 35 40
29 42 25 45
48 27 47 31
49 42 44 27
34 38 35 48
36 43 27 49
28 49 27 34
42 43 28 40
1 44 26 2
5 3 2 5
2 1 1 4
4 1 3 4
1 2 0 3
1 2 5 3
7 3 3 3
1 5 4 0
3 5 1 3
3 3 3 3
8 4 2 3
2 4 3 2
1 3 2 2
2 0 3 5
0 3 6 2
