14 4 10
396 867 1118
419 882
357
596 1121 1623 2117
631 1174 1858 2403
567 1081 1580 2374
595 1005 1645 2182
595 1080 1823 2427
553 1081 1775 2189
551 1054 1646 2307
639 1064 1781 2444
633 1066 1785 2430
636 1051 1874 2443
618 1039 1789 2134
629 1075 1800 2407
590 1034 1867 2538
579 1127 1824 2129
34 41 49 47
49 42 32 48
36 34 41 32
48 37 36 30
27 32 32 25
30 37 33 49
46 44 48 46
50 27 35 28
39 47 36 29
44 48 41 37
46 32 42 48
32 32 48 36
42 50 28 49
31 30 49 29
15 22 11 20
3 4 4 7
1 1 4 5
0 2 6 2
3 7 2 2
3 1 5 1
1 1 1 3
4 2 4 4
4 0 6 0
4 1 3 6
4 3 4 2
0 4 4 2
1 5 1 4
2 2 2 2
3 2 3 5
