14 4 10
293 893 1290
717 978
459
621 940 1780 2300
632 1025 1492 2298
630 1022 1608 2428
527 883 1723 2112
559 1008 1662 2172
593 913 1513 2374
591 1000 1694 2170
587 937 1534 2186
534 945 1693 2505
618 1028 1577 2411
569 955 1677 2355
548 893 1680 2199
553 972 1803 2107
604 1011 1767 2455
50 34 34 30
43 40 30 25
46 45 38 37
43 40 46 43
38 45 31 42
49 46 42 44
49 40 44 47
25 44 33 41
29 30 44 44
26 33 50 32
48 32 26 41
30 29 46 30
29 32 35 37
33 43 32 27
7 1 32 9
5 4 2 5
2 2 1 4
2 3 5 5
6 5 0 2
3 3 1 3
1 6 4 2
1 7 0 8
1 5 3 2
6 5 2 4
4 2 0 5
3 3 0 5
3 3 5 3
4 1 1 2
2 1 4 4
