14 4 10
465 1220 1708
986 1694
647
875 1400 2476 3310
896 1423 2299 3111
959 1485 2399 3218
811 1523 2261 3062
910 1296 2501 3259
840 1348 2556 3483
832 1318 2528 3317
913 1322 2394 3631
833 1283 2520 3431
842 1522 2226 3239
856 1416 2183 3314
937 1405 2410 3074
931 1439 2496 3104
827 1310 2114 3260
41 29 38 42
44 30 38 45
31 39 32 36
34 32 50 41
46 36 42 49
49 28 40 43
29 40 30 30
42 27 28 40
42 35 29 50
46 49 42 30
47 50 34 43
27 39 38 50
50 42 28 46
40 33 26 34
12 28 43 7
1 2 1 2
5 1 1 5
2 1 4 1
2 2 5 4
3 3 6 7
6 7 4 5
2 2 3 6
3 1 5 2
1 3 6 4
3 5 3 0
7 1 6 2
1 9 6 0
6 6 3 4
3 1 7 5
