14 4 10
468 1453 1813
975 1636
687
810 1442 2531 3345
836 1385 2421 3182
888 1341 2425 3254
891 1435 2336 2958
760 1491 2202 2983
892 1301 2408 3119
828 1516 2468 3300
753 1476 2411 3129
901 1466 2157 2822
898 1292 2300 3350
843 1267 2221 2889
868 1404 2305 3189
808 1363 2291 2817
896 1351 2155 2981
30 37 34 48
27 27 48 50
48 38 31 27
42 33 34 43
42 39 32 41
33 36 28 28
34 26 34 39
47 35 27 38
37 43 46 30
36 44 40 38
44 32 34 35
44 47 49 46
40 40 29 30
50 44 34 34
32 67 2 1
0 2 2 5
8 6 3 6
2 5 1 1
7 0 5 1
5 2 5 5
3 5 3 2
4 2 4 2
3 5 11 1
3 1 3 4
5 2 0 3
3 5 1 0
2 4 5 6
2 1 2 4
1 3 0 1
