7 5 2 1000
520 1015 1706 2348
292 1237 1623
910 1475
330
624 1366 1697 2859 3300
674 1237 1604 2662 3005
720 1246 1808 2485 3467
690 1152 1902 2597 3024
730 1332 1816 2696 3399
673 1231 1619 2722 3222
751 1254 1676 2592 2934
37 32 43 49 41
28 28 44 41 25
40 34 28 49 50
41 49 37 31 28
43 36 38 49 40
45 35 29 43 47
47 25 45 45 34
23 18 6 33 5
3 3 0 4 0
0 0 0 0 2
0 7 2 1 4
3 4 1 2 1
3 5 0 1 1
1 0 1 1 4
4 5 5 0 5
4 1 0 0 2
3 4 4 0 1
1 1 1 6 0
5 3 1 4 4
2 0 4 7 2
3 1 2 2 1
5 6 4 3 0
0 0 0 5 4
2 2 3 1 3
0 0 4 2 1
6 3 5 6 2
7 1 0 2 0
2 1 3 3 3
4 5 1 1 2
0 1 1 2 1
0 2 0 1 3
1 0 1 1 0
1 2 2 2 6
6 0 2 0 0
0 0 1 5 3
3 5 2 1 2
1 0 7 1 4
3 2 1 0 3
1 0 3 4 0
3 0 2 2 1
3 0 2 0 6
1 1 0 0 3
2 0 2 1 0
3 1 2 0 0
1 2 0 1 0
0 1 2 2 3
0 0 1 3 1
0 1 0 1 3
0 2 1 5 5
2 4 1 0 0
1 1 2 2 5
1 0 4 1 6
5 2 3 1 0
0 0 5 4 3
1 0 1 1 1
0 1 2 1 0
0 4 1 4 2
4 3 2 3 2
6 2 0 2 1
5 3 3 0 5
0 3 7 1 0
7 2 0 1 1
0 2 1 0 1
2 5 2 3 0
0 6 1 0 3
1 1 2 4 0
2 2 0 1 5
0 4 7 2 2
4 2 1 1 1
2 0 1 2 5
0 4 1 2 5
0 1 5 1 1
0 1 1 2 3
2 5 0 1 3
0 3 0 0 0
0 5 1 4 3
1 4 1 5 7
0 4 2 1 0
3 0 3 6 1
0 6 1 2 4
0 1 1 5 1
2 3 1 1 4
0 4 0 7 2
3 0 7 1 4
2 2 4 2 4
1 0 2 6 3
2 1 5 3 0
2 0 3 0 5
1 4 2 2 1
3 0 0 1 1
0 0 1 5 3
6 2 6 1 1
3 0 0 2 5
0 0 3 2 1
0 2 5 0 0
0 4 1 1 3
0 2 5 2 0
0 6 1 2 3
1 3 0 4 2
2 2 3 3 3
6 6 3 1 2
1 2 1 3 1
1 0 1 1 1
0 6 0 0 5
1 1 2 0 0
3 2 2 2 2
2 5 3 2 1
0 3 0 2 2
5 0 1 3 3
0 1 2 1 1
2 7 4 2 0
0 0 1 0 3
3 1 1 3 2
3 0 0 2 2
0 6 2 0 5
0 4 3 1 2
1 0 1 0 0
1 2 0 3 0
0 1 2 2 3
2 5 3 1 1
1 1 0 2 1
4 4 0 3 5
1 1 1 0 1
3 5 1 4 2
0 4 3 1 1
2 1 2 0 1
2 4 1 4 3
4 2 0 1 3
3 0 2 1 0
2 3 0 2 0
0 0 2 2 3
4 0 2 5 5
1 2 1 3 1
0 2 1 0 4
4 1 5 4 0
0 0 0 2 0
1 2 1 1 0
3 5 5 0 2
4 5 1 2 1
2 4 2 2 0
0 4 1 1 1
0 0 1 0 3
5 1 0 1 2
1 1 3 2 2
2 5 1 1 1
1 1 1 0 1
0 0 3 3 1
5 2 2 1 0
0 2 0 0 0
1 1 3 3 2
0 2 2 0 5
1 0 0 0 0
2 2 7 0 0
4 1 2 0 0
5 2 0 1 1
0 5 6 1 2
0 5 2 0 4
5 0 1 4 1
3 1 1 6 0
3 2 7 2 1
2 3 2 2 3
5 5 1 1 3
0 1 2 0 0
3 0 5 2 2
0 3 2 2 7
4 3 0 3 1
3 2 3 1 0
0 0 2 2 1
1 1 5 4 2
2 3 7 0 6
1 1 4 0 3
0 7 2 7 1
5 1 0 3 1
1 1 0 1 5
1 0 2 2 5
5 3 6 1 6
0 3 0 7 2
5 2 2 1 3
2 0 0 0 0
2 5 3 1 0
1 1 0 5 1
1 3 0 0 4
2 2 3 3 1
1 1 3 0 3
1 2 0 0 0
2 0 2 6 5
0 3 5 0 0
6 2 2 5 2
1 0 5 2 2
0 4 0 5 1
4 0 1 2 2
2 1 2 3 1
1 0 2 2 1
2 3 0 3 1
4 4 2 1 6
1 0 4 6 4
0 3 3 1 1
1 0 2 1 0
2 2 1 0 1
2 2 1 4 1
3 1 3 3 1
1 2 1 1 4
1 1 1 1 3
2 1 4 1 1
1 3 3 3 0
3 3 2 1 5
5 2 1 1 2
0 2 4 1 3
0 2 1 2 1
1 2 0 1 4
1 0 4 0 2
1 0 0 1 4
3 0 0 2 3
0 3 2 3 4
2 1 3 0 5
3 5 2 3 2
1 6 5 4 2
4 4 3 1 0
1 0 0 0 4
3 2 0 1 3
0 4 0 0 0
4 5 0 3 1
3 1 3 2 0
1 0 2 5 5
0 1 2 3 2
4 2 0 2 7
0 0 1 2 2
2 0 2 2 0
2 0 2 0 3
3 5 2 1 3
1 1 5 2 3
1 3 0 3 1
1 3 2 0 0
0 3 1 4 2
0 3 0 0 4
1 4 0 1 3
0 2 1 1 1
1 2 3 4 3
0 0 0 1 1
3 2 0 0 0
4 1 3 0 1
1 6 1 0 3
3 0 3 1 4
6 4 0 1 3
0 1 2 0 3
2 1 1 2 0
1 6 1 1 0
1 2 3 3 5
1 4 1 2 3
2 4 0 0 2
4 0 3 3 0
1 1 1 2 4
3 0 0 0 2
1 2 1 0 0
1 5 0 3 3
0 4 3 1 3
1 0 2 4 5
2 1 2 2 2
2 0 0 0 0
0 0 2 1 1
4 1 1 7 2
1 1 0 1 2
3 6 1 0 4
0 0 2 5 0
4 1 3 1 5
1 0 0 2 7
2 1 0 5 0
0 1 1 0 0
1 1 1 3 1
0 4 6 0 4
5 3 1 2 3
0 1 1 1 2
1 2 3 2 6
2 3 5 2 0
2 0 3 2 3
0 1 0 0 1
0 1 0 0 3
1 6 2 1 5
2 2 0 3 0
0 0 3 2 3
0 7 1 6 0
2 3 1 0 1
1 0 2 1 0
6 1 7 3 2
1 1 0 2 0
2 6 0 2 1
1 1 0 0 2
4 6 7 6 2
0 0 4 0 0
0 2 2 1 3
5 6 1 1 2
0 3 0 2 2
2 1 0 1 2
1 1 3 4 1
0 0 1 7 2
2 1 6 1 1
1 3 2 1 7
2 7 0 5 4
2 0 6 2 1
2 0 7 1 0
0 2 0 1 2
4 0 4 3 1
1 3 0 0 2
2 1 3 0 1
3 3 1 0 5
0 4 1 2 0
3 2 5 1 1
0 0 6 0 2
6 1 3 1 3
1 6 3 4 4
2 2 0 4 0
2 0 0 0 0
0 0 3 0 1
0 4 4 1 0
0 5 0 1 0
2 1 0 2 4
1 1 1 0 1
1 7 0 0 1
4 1 0 1 2
0 0 0 1 2
0 3 3 0 2
1 1 0 1 2
0 3 2 1 2
1 2 2 1 1
2 1 1 1 1
1 0 3 1 2
0 0 3 4 2
1 1 1 0 1
0 0 0 4 4
2 2 6 0 1
0 1 1 4 1
1 4 1 0 0
1 1 1 3 0
1 4 4 0 2
7 1 2 0 4
0 1 1 2 1
5 1 1 2 2
1 3 1 0 2
0 1 0 1 1
3 1 4 1 1
3 3 0 0 1
1 1 2 0 0
0 5 1 1 1
0 1 5 0 0
0 0 1 1 0
5 3 0 4 1
7 2 0 1 0
6 1 1 0 0
2 1 1 1 3
3 2 1 3 3
1 2 6 1 3
2 6 1 0 1
1 3 2 0 0
0 1 6 1 1
0 1 7 0 1
1 2 0 1 2
0 3 6 0 1
0 2 2 1 0
0 0 6 0 5
2 6 5 1 0
2 7 2 6 4
7 2 0 4 0
5 2 1 1 1
1 1 7 3 2
3 1 2 3 3
2 2 0 1 4
0 1 0 2 2
1 0 0 7 2
6 2 3 2 5
0 3 1 2 3
2 2 2 1 4
4 3 5 0 2
1 1 3 3 3
0 0 1 4 2
2 0 7 0 0
3 0 1 4 1
2 0 0 3 1
5 5 3 2 3
0 1 4 3 4
2 0 6 1 0
4 1 0 1 1
3 2 0 2 0
0 1 2 0 0
3 3 0 2 1
6 0 4 5 1
0 4 2 0 2
2 3 1 0 1
0 1 3 3 6
3 0 1 1 0
1 1 0 0 4
2 7 4 5 3
3 6 0 2 2
6 7 2 3 3
1 2 2 1 1
1 1 2 1 0
0 2 2 1 2
2 0 4 1 0
1 1 3 2 3
0 0 1 4 1
3 1 1 2 1
4 2 0 3 1
5 3 2 1 0
1 1 2 1 1
5 1 2 0 0
0 2 3 0 0
0 2 4 0 6
1 1 1 1 1
0 5 0 4 2
1 1 0 1 1
0 2 2 1 2
3 2 1 4 0
1 1 1 1 1
2 1 2 6 1
0 0 2 0 0
2 1 0 2 2
2 1 1 3 1
1 7 1 2 1
4 2 3 0 0
4 1 0 0 0
1 0 6 1 1
3 1 1 0 0
0 2 1 2 1
2 1 0 3 1
0 1 0 2 0
0 2 3 0 5
1 1 0 4 7
2 1 0 0 1
0 2 2 0 6
1 2 1 2 1
1 0 0 0 3
2 1 5 5 0
2 2 0 2 1
5 2 1 1 1
5 1 3 6 6
1 5 0 4 0
2 1 1 3 3
1 1 3 4 1
1 2 1 1 3
7 2 0 2 1
2 2 1 3 3
3 2 0 0 1
0 1 1 2 0
1 0 3 2 4
3 0 1 1 2
2 4 3 1 2
0 4 7 4 0
4 4 3 1 0
3 2 2 1 1
2 0 1 2 0
7 2 1 3 2
3 2 0 0 1
0 0 3 2 2
2 4 5 0 1
2 1 0 0 1
1 1 3 1 3
2 1 0 1 4
1 2 0 3 1
1 6 0 0 0
0 2 1 4 5
2 2 2 0 7
2 1 2 6 2
4 2 2 3 2
2 0 2 5 1
3 1 1 0 2
6 0 6 1 0
4 2 2 1 2
2 7 0 5 6
1 1 5 2 1
2 0 2 0 1
5 1 0 4 5
5 0 1 4 2
0 3 1 0 2
0 0 0 2 1
2 0 4 0 0
4 1 0 3 0
1 0 5 2 0
4 2 2 1 1
1 2 0 1 0
4 1 3 1 3
3 1 1 0 3
1 0 1 3 1
3 0 4 0 0
1 0 0 1 5
3 2 1 1 1
5 3 0 4 0
1 2 2 2 0
1 3 1 0 1
2 1 1 4 0
2 0 1 1 3
2 5 3 2 7
3 5 6 1 1
0 3 0 0 1
2 3 2 3 2
5 4 3 2 1
3 4 2 2 0
1 2 4 4 1
3 3 4 0 1
2 7 0 1 0
3 4 0 1 1
0 1 0 1 1
1 3 2 5 0
1 0 5 5 0
1 1 3 2 1
2 1 4 2 2
0 3 4 3 5
0 0 0 2 0
1 1 2 0 1
1 1 2 6 5
5 3 3 1 0
2 0 1 1 5
2 2 4 4 4
4 0 6 1 5
1 2 1 0 2
4 3 2 4 0
5 0 5 2 1
0 1 1 0 3
0 1 3 5 1
0 1 3 5 1
0 1 1 3 1
2 1 1 0 3
2 1 7 1 0
1 0 1 1 1
1 4 0 0 1
0 1 1 0 0
3 0 5 2 5
3 0 0 2 1
0 1 1 1 0
5 1 5 6 0
6 2 7 0 1
1 3 1 2 6
0 2 1 5 3
1 3 0 5 2
1 6 5 1 1
0 7 2 0 0
0 1 0 0 3
1 0 5 4 0
0 3 3 5 2
1 3 1 1 2
2 1 0 0 1
0 0 1 1 0
1 7 3 3 5
0 4 6 2 3
3 0 0 0 1
2 5 1 4 2
5 2 0 3 1
3 1 5 3 6
0 2 0 3 4
0 3 6 3 6
0 2 5 4 0
0 1 5 0 0
2 6 0 1 2
0 0 2 2 3
1 2 1 1 2
0 0 0 2 2
4 3 1 1 5
0 5 3 1 1
2 1 3 1 6
1 1 0 1 1
3 6 2 0 1
2 0 0 5 0
4 0 4 5 2
2 6 1 3 2
1 2 0 0 2
1 4 0 0 2
2 1 4 2 1
3 2 0 0 1
1 4 0 2 3
1 4 2 2 2
2 1 1 0 3
5 0 0 1 5
2 6 0 3 0
2 1 1 2 1
1 2 2 3 1
2 1 1 1 2
0 7 0 4 0
2 0 1 3 0
2 0 0 0 0
1 1 0 1 3
0 2 2 3 0
2 1 2 1 3
0 2 0 2 3
1 0 1 1 3
2 2 2 4 4
2 0 1 0 3
1 4 1 4 5
0 1 0 3 2
0 3 2 3 1
1 0 1 1 1
0 4 1 2 2
4 1 0 3 0
2 4 2 2 1
0 3 2 0 5
7 1 1 0 5
0 1 2 3 7
2 5 4 0 0
6 2 0 0 2
1 1 1 2 2
5 0 0 0 1
3 4 6 1 3
2 2 3 4 0
5 1 1 1 1
3 1 1 0 0
2 1 0 2 7
2 0 4 2 1
1 4 2 3 0
0 0 3 1 1
4 4 3 2 0
1 1 1 1 1
1 2 0 3 0
3 0 2 1 0
0 0 1 1 0
0 3 1 4 3
2 4 3 3 3
2 3 4 1 0
0 1 3 1 2
4 0 1 0 2
0 1 3 1 0
7 1 1 1 1
2 0 3 1 0
3 1 5 6 4
0 0 2 0 5
1 0 4 1 3
2 6 0 0 3
0 1 0 2 3
0 1 2 1 0
4 3 0 0 3
1 1 4 1 0
5 3 3 1 2
1 6 0 5 1
0 4 1 3 1
2 0 0 0 1
2 4 3 1 1
1 1 2 0 2
5 1 1 1 0
0 2 1 0 1
7 2 3 6 3
3 0 7 2 0
0 1 2 0 2
0 1 1 0 0
0 5 6 0 3
2 3 3 6 2
0 1 3 1 3
3 4 1 2 1
1 6 0 2 2
1 2 1 3 0
3 3 0 2 3
4 1 2 3 1
2 1 3 0 3
0 1 2 0 2
0 4 1 4 1
1 1 2 4 0
4 0 3 2 1
1 0 1 0 3
0 4 0 4 6
0 1 3 0 5
1 1 0 3 3
2 2 7 4 3
0 0 1 2 4
4 2 1 6 1
4 4 2 1 2
2 1 1 1 0
3 1 5 2 0
4 1 1 4 2
0 0 3 6 0
2 1 3 4 0
1 3 3 2 2
0 4 1 1 0
3 1 3 5 0
0 2 2 3 1
0 0 1 3 1
1 4 3 7 2
0 1 5 4 0
1 0 2 2 0
0 0 2 1 3
2 3 3 4 0
1 3 1 2 0
1 7 1 1 1
0 1 2 0 4
0 2 2 1 1
1 1 2 2 3
1 2 1 0 2
0 4 3 3 0
0 1 0 2 2
1 2 5 2 0
0 2 2 1 0
0 4 0 4 0
1 2 1 1 1
0 0 1 3 2
0 2 0 1 1
3 3 0 1 6
2 2 1 1 2
1 1 1 0 1
7 0 3 0 1
2 0 1 3 5
1 0 3 0 3
2 7 0 1 0
6 3 2 4 1
1 3 2 0 0
2 1 5 2 1
1 0 5 3 2
3 1 1 1 0
0 3 0 1 2
1 4 3 6 3
3 4 5 1 1
1 2 0 3 2
0 1 2 0 4
1 5 0 0 7
0 2 2 6 1
0 3 0 0 1
2 1 0 0 3
1 2 1 6 5
2 0 0 1 1
0 0 4 6 0
1 4 0 6 0
2 2 2 2 3
1 0 1 4 3
2 1 3 0 7
0 7 1 0 2
1 0 2 0 5
0 1 3 0 0
0 3 3 4 2
1 1 2 1 2
0 4 1 1 0
2 5 6 5 2
2 0 2 2 1
0 7 0 1 0
1 3 1 4 2
0 1 2 0 5
0 4 0 1 1
3 3 0 3 2
0 0 2 4 4
6 0 1 0 0
0 4 4 2 0
4 0 1 1 0
5 0 3 1 3
2 1 1 1 1
0 2 1 6 4
3 2 3 1 1
5 5 0 1 3
2 7 4 2 4
3 1 0 2 4
1 0 2 6 0
1 0 3 1 6
3 0 2 1 2
1 0 2 1 0
0 4 1 0 7
0 2 3 2 2
0 0 1 0 0
2 4 4 1 4
1 2 2 2 1
1 1 2 2 0
1 1 3 1 4
1 0 3 2 0
1 3 2 4 0
1 0 0 0 0
2 0 2 4 0
0 2 1 1 0
0 1 1 0 4
1 2 2 2 0
2 1 3 6 0
0 3 0 4 0
1 1 1 0 2
0 2 2 0 0
4 4 1 5 4
4 1 2 1 5
0 1 4 2 4
0 4 0 3 1
0 2 2 1 1
1 1 0 2 0
1 1 3 5 5
1 2 3 3 0
3 3 0 0 2
3 1 2 0 0
1 2 0 3 1
3 2 1 3 4
0 0 4 3 3
0 1 1 5 0
5 2 0 3 0
1 0 2 3 1
1 0 1 0 0
0 0 2 2 0
6 2 1 1 1
4 0 1 3 6
3 2 4 2 1
1 1 4 1 2
1 0 3 6 0
0 2 3 1 4
3 2 1 4 0
2 1 5 1 1
2 1 1 4 5
0 5 0 0 1
1 1 1 0 0
0 0 1 1 2
1 0 1 2 0
1 0 2 1 3
0 3 6 1 7
1 7 1 1 0
0 1 2 0 3
0 2 3 2 0
2 0 1 0 2
4 0 1 1 1
1 2 3 1 1
3 2 0 2 3
1 0 1 3 1
4 0 1 1 1
6 1 0 0 2
1 2 6 0 0
4 0 4 1 0
3 3 1 0 3
1 1 3 2 0
2 3 1 0 3
1 3 2 1 4
2 3 0 1 0
3 0 0 2 0
1 2 2 3 2
2 0 0 1 4
0 0 3 1 1
1 0 0 0 1
0 4 3 1 1
0 3 5 3 4
1 2 7 1 2
2 1 1 1 6
4 1 5 1 2
1 0 2 1 3
3 3 0 1 3
1 0 2 0 0
1 4 1 1 1
0 5 1 6 0
3 3 0 0 5
1 2 0 2 1
2 2 2 3 3
0 2 1 1 2
1 0 2 2 6
1 2 1 2 1
0 3 6 3 2
3 3 2 2 1
2 2 1 6 4
1 2 3 0 2
0 1 1 4 5
3 1 0 0 0
1 4 2 4 3
7 2 4 3 0
4 3 2 1 0
1 1 1 1 1
2 3 0 1 2
1 7 3 6 3
3 0 0 0 0
0 1 3 4 5
3 0 2 1 2
2 1 2 2 0
1 2 3 3 4
3 3 2 0 1
1 4 0 6 3
0 2 1 0 2
3 0 1 0 7
1 3 2 4 3
1 0 3 1 1
0 4 1 1 4
0 0 1 3 5
1 0 2 0 2
5 0 1 1 4
4 1 0 3 4
3 0 2 0 1
5 3 6 1 1
1 3 4 0 3
1 2 2 0 3
0 1 0 1 0
3 2 3 1 1
0 0 2 4 1
2 2 4 1 1
3 3 3 3 1
0 2 4 0 1
2 3 1 2 0
0 0 4 4 0
2 1 0 1 2
1 0 0 1 0
4 1 1 1 2
0 4 4 0 4
5 2 2 3 1
2 3 1 3 0
0 0 0 1 3
3 4 0 0 3
2 4 0 1 4
0 4 4 3 6
1 3 0 0 1
1 1 0 2 0
1 6 1 1 0
1 1 3 3 3
2 1 0 2 4
4 0 1 2 3
1 3 1 1 4
0 0 1 3 1
5 1 0 0 3
6 2 2 4 1
5 0 0 4 0
0 1 0 2 4
4 2 6 2 5
1 2 3 3 1
0 3 2 4 7
1 3 2 0 4
4 1 0 5 0
1 3 1 1 0
3 1 1 1 4
0 1 0 0 0
1 2 3 0 0
6 0 3 1 1
4 1 1 7 2
5 4 1 2 0
4 0 0 1 3
4 1 2 1 6
2 1 1 1 1
5 1 5 1 0
2 1 2 4 0
0 3 0 0 3
1 1 4 3 2
2 0 3 1 4
3 1 0 5 1
1 2 1 5 1
0 0 2 0 4
1 0 3 1 4
1 0 3 2 4
1 3 3 6 1
0 4 3 0 4
4 0 0 1 3
1 3 0 1 1
0 1 0 7 0
1 2 0 3 2
1 2 3 0 4
0 2 0 2 0
2 2 2 2 1
2 1 0 5 5
0 0 4 1 0
1 4 6 1 7
0 0 0 0 2
0 0 1 3 0
0 1 3 0 4
1 2 2 2 1
2 3 3 3 0
3 0 3 6 3
0 1 0 1 0
0 0 0 1 2
4 2 3 1 0
0 7 2 1 0
0 4 0 2 0
1 0 3 2 2
5 5 0 4 3
0 2 0 3 0
5 4 1 0 2
4 3 0 3 0
6 5 3 2 0
1 7 1 1 2
0 1 1 6 2
1 0 2 2 1
0 0 3 0 1
0 3 0 1 2
1 3 4 1 1
4 0 0 2 2
2 1 3 3 0
1 2 1 2 4
4 0 6 0 1
4 7 2 0 2
4 2 0 2 4
3 1 2 2 2
0 1 2 0 6
2 0 0 4 2
0 2 3 1 2
5 0 0 1 2
2 1 1 2 1
0 1 1 0 0
3 6 5 1 0
2 1 0 4 0
1 0 1 5 3
4 5 5 2 1
0 0 2 0 6
2 1 3 1 2
5 1 2 0 1
1 0 2 2 0
2 3 0 4 6
7 2 0 5 0
1 1 0 1 3
3 1 5 1 7
2 0 3 0 0
1 0 5 1 3
0 1 6 1 1
2 4 1 1 4
1 3 0 3 3
0 1 2 2 2
7 2 3 1 6
6 1 2 4 4
3 4 1 1 2
4 0 0 6 2
2 6 3 3 4
5 0 2 0 4
1 0 3 4 2
1 4 4 1 1
1 3 2 0 2
2 4 0 4 2
6 3 1 0 0
1 1 0 0 2
2 0 2 1 1
1 0 1 6 2
3 1 1 2 0
1 0 0 1 1
1 7 3 4 2
1 3 2 1 0
0 1 1 4 1
0 4 2 3 2
3 0 3 3 6
0 3 5 2 1
1 5 6 0 3
0 1 2 4 3
0 0 2 2 2
0 1 2 2 3
6 1 0 3 4
0 2 0 2 2
4 1 0 2 0
0 2 0 4 2
0 3 4 2 3
1 4 2 3 0
5 4 2 0 3
1 4 2 4 0
6 3 5 3 1
1 2 2 5 2
4 1 1 1 0
0 5 1 1 0
4 2 0 7 3
3 2 2 0 6
1 1 2 0 1
1 3 3 0 3
0 0 2 1 2
1 1 3 1 0
2 1 5 1 0
1 0 1 4 1
0 2 1 3 3
3 0 2 1 3
5 5 0 2 5
3 0 4 2 0
0 1 2 3 3
4 1 7 2 7
2 0 6 4 0
1 2 1 0 3
0 0 3 5 4
0 4 3 4 1
6 2 4 0 3
1 5 7 1 3
4 6 2 0 3
1 1 0 1 0
0 4 1 1 1
1 2 2 1 5
2 6 1 2 1
2 2 5 3 1
4 0 3 1 0
2 1 3 0 0
4 4 6 3 1
1 0 2 2 2
4 4 7 2 3
3 3 0 0 4
6 2 1 3 0
4 0 2 3 6
1 1 1 1 1
1 3 1 2 3
0 1 3 1 2
4 1 2 1 5
1 4 1 3 1
3 3 1 2 2
6 0 1 2 1
2 0 0 3 2
4 3 2 5 0
0 1 0 0 0
1 1 0 3 3
0 0 5 0 4
6 2 4 0 6
1 1 1 0 1
0 0 5 6 2
1 7 0 0 1
2 0 2 0 2
1 0 1 3 0
1 2 1 1 3
3 1 1 0 1
4 1 0 3 4
2 6 0 3 4
0 0 5 1 1
4 1 1 0 1
7 1 6 1 3
0 0 3 4 2
0 0 5 2 1
2 1 4 2 1
0 0 2 4 3
0 1 0 1 1
2 0 1 5 1
2 0 4 1 4
3 0 0 3 6
4 1 1 2 7
0 4 0 3 1
3 1 3 0 2
3 0 1 0 1
3 4 0 0 0
4 0 1 0 4
0 1 0 0 0
0 2 5 3 4
1 0 2 1 4
1 0 2 2 0
0 4 1 7 2
1 2 3 2 5
5 2 2 2 2
7 1 6 2 0
4 1 0 0 0
3 2 2 1 2
2 7 0 2 2
4 3 0 0 5
1 4 0 2 1
1 6 2 3 1
1 2 0 2 1
2 0 2 5 1
7 2 2 1 0
4 0 2 1 1
1 2 0 0 1
1 6 3 6 2
1 2 0 2 1
4 0 2 5 1
0 0 2 4 1
0 3 1 1 5
4 3 4 0 0
3 1 4 2 1
0 6 2 5 1
2 0 5 1 2
0 0 2 0 2
1 1 2 1 2
3 0 1 1 1
3 2 7 1 1
1 3 1 3 0
1 5 0 1 5
3 1 2 0 2
2 1 0 2 1
1 1 0 5 4
0 3 0 0 1
4 1 1 0 1
5 4 4 0 2
0 2 0 4 4
1 2 0 4 1
0 1 2 2 3
0 1 2 1 2
2 0 3 4 1
0 0 4 1 1
2 2 1 0 3
5 2 1 2 6
2 1 6 1 2
2 0 2 2 0
0 4 4 1 2
3 1 1 0 0
3 2 1 2 2
1 3 3 0 0
1 1 4 1 3
1 3 3 1 0
3 0 0 2 2
2 1 1 4 0
2 1 1 3 1
0 6 0 2 1
0 3 2 1 3
4 1 3 0 2
0 0 1 2 4
3 6 1 2 0
0 4 1 0 4
1 3 1 2 3
2 3 1 1 0
0 2 1 1 3
3 2 0 0 2
3 1 0 3 1
0 2 4 1 2
3 3 4 0 3
3 0 3 1 3
1 2 3 1 0
2 0 2 2 0
1 2 1 3 0
3 1 2 1 5
3 0 2 0 1
1 0 3 1 1
2 2 5 5 4
1 1 4 4 1
2 2 5 2 3
3 1 4 2 4
5 2 4 3 3
0 3 3 3 0
3 0 0 0 0
2 0 2 3 1
3 1 1 2 4
3 3 3 0 2
0 0 0 3 3
1 0 1 3 2
1 0 1 4 1
0 2 6 2 6
3 1 2 2 1
3 1 5 0 0
1 2 0 0 0
0 0 0 5 2
2 1 2 5 0
0 1 1 0 0
0 1 0 0 2
3 0 0 4 2
3 3 3 2 2
1 4 0 0 3
6 2 0 0 5
1 1 2 2 1
0 1 0 1 1
1 0 0 1 4
4 4 3 4 0
2 1 1 2 4
5 3 3 1 0
3 3 2 5 3
0 3 2 2 3
2 0 0 0 1
1 2 1 3 0
1 2 0 5 1
2 0 6 2 2
0 1 1 4 2
1 2 2 1 0
4 0 1 4 1
5 5 1 4 2
5 3 2 0 5
1 0 2 3 1
4 2 0 1 1
3 4 0 1 3
5 1 2 3 0
1 0 1 0 2
0 6 4 1 1
0 1 3 0 4
1 5 1 0 2
1 1 1 3 3
5 1 5 3 0
1 0 3 1 2
4 0 2 4 0
0 0 2 2 5
0 3 1 1 5
0 0 3 6 2
2 2 2 0 1
4 1 0 2 0
1 1 1 0 1
0 0 1 4 0
2 3 3 1 3
2 1 6 1 1
3 3 0 1 4
0 0 1 6 0
1 1 3 1 0
4 5 1 0 2
0 0 0 0 1
5 0 0 1 2
0 0 1 2 1
4 4 0 6 1
1 2 7 1 1
2 2 5 0 0
1 3 3 1 1
4 3 2 1 3
2 0 1 4 1
4 2 0 5 0
1 5 2 6 2
3 1 3 2 3
3 1 0 5 1
4 3 0 2 1
2 7 0 2 7
0 1 1 0 0
2 2 0 0 0
2 1 5 0 0
2 1 3 2 2
2 1 0 1 0
4 0 1 3 2
4 1 4 1 5
1 3 2 2 5
2 1 0 1 2
2 3 2 0 1
0 4 1 0 3
2 1 1 2 0
2 2 3 0 0
5 0 3 1 1
0 1 7 1 3
3 0 3 2 4
5 2 6 3 0
3 0 2 0 3
1 2 0 0 1
1 2 6 0 0
0 6 4 0 0
0 2 1 5 7
2 2 0 1 5
2 3 6 0 1
2 0 1 1 6
1 1 0 1 7
0 4 1 2 2
4 0 0 4 0
1 2 0 1 3
0 2 4 1 1
2 2 0 1 0
0 3 5 2 0
0 1 0 0 0
5 1 1 4 0
1 1 2 0 1
0 0 4 5 3
0 0 1 5 2
1 5 0 1 1
2 0 1 0 3
1 3 1 6 1
1 4 2 3 0
1 2 2 0 3
3 2 3 1 2
2 0 1 0 5
0 1 0 2 0
1 7 1 3 0
0 0 3 1 1
1 1 0 2 0
0 0 0 4 4
4 0 1 1 1
0 1 0 1 1
1 0 2 2 0
7 0 0 2 2
2 3 2 0 0
3 0 0 0 2
0 4 0 0 0
3 3 1 0 1
4 1 0 3 0
3 3 0 0 3
1 1 1 2 3
0 1 1 2 3
0 0 1 0 5
0 1 0 5 0
2 0 3 2 1
3 1 0 1 1
7 1 2 1 4
1 3 1 3 2
2 1 2 0 2
1 7 0 1 5
3 0 1 2 0
3 2 2 1 1
3 1 0 4 0
5 2 7 0 0
1 0 0 7 3
0 0 0 1 1
2 0 1 0 1
0 1 0 3 0
1 0 0 4 0
0 0 1 2 0
4 5 4 0 4
1 0 3 5 1
1 1 1 2 0
1 2 1 1 0
2 0 4 4 4
6 1 0 1 0
0 0 3 1 1
3 7 2 5 0
1 0 1 1 5
0 0 0 0 0
1 3 0 3 3
1 1 0 0 5
1 3 1 4 2
1 1 0 3 0
1 1 0 1 2
2 6 2 2 2
0 5 0 0 1
2 1 3 4 0
1 2 1 0 5
0 0 1 0 5
0 6 3 2 0
4 0 0 0 3
2 3 1 2 2
0 0 0 1 2
4 0 2 4 1
2 4 0 2 0
1 1 3 0 1
0 3 6 1 1
5 2 3 2 2
4 0 0 1 1
7 0 0 0 1
1 1 1 3 0
1 1 2 0 0
0 0 1 2 0
2 3 7 1 2
0 3 3 3 0
0 0 3 2 2
0 1 0 1 2
1 0 0 3 0
4 2 3 1 0
2 6 4 5 1
3 1 2 2 4
0 0 4 0 0
1 2 0 1 0
3 2 0 5 1
1 1 3 0 1
1 1 2 1 0
0 0 0 1 0
1 0 0 4 0
2 1 3 1 2
0 5 2 0 0
2 3 3 1 1
3 0 5 2 0
0 1 1 2 0
2 2 1 2 3
0 6 2 1 2
3 2 0 5 6
1 3 0 2 2
5 2 0 1 1
1 4 5 3 1
3 1 1 0 1
1 3 1 0 1
0 1 2 6 0
1 2 5 7 3
2 2 1 0 0
0 0 7 0 3
2 1 2 1 2
3 0 1 0 0
0 0 1 2 0
1 1 5 7 7
1 6 2 2 0
3 0 5 1 2
1 0 1 3 4
6 2 0 0 7
0 0 1 2 1
0 0 4 4 5
0 0 1 1 0
2 7 1 6 0
0 1 1 2 0
0 0 0 3 3
1 0 4 1 0
3 5 0 0 5
0 3 1 1 2
1 3 1 2 4
7 1 1 2 1
0 1 1 0 2
1 4 0 1 0
0 3 0 0 3
3 6 1 3 1
0 2 0 0 1
2 2 2 0 2
2 1 0 2 4
3 3 1 1 0
1 1 1 2 3
0 0 4 5 3
1 1 1 2 2
0 3 5 3 0
3 0 1 2 0
1 3 1 0 0
0 0 1 3 3
0 3 2 4 4
1 0 1 1 3
0 0 1 6 2
1 0 6 1 2
1 0 0 1 2
0 1 1 1 1
5 4 2 0 1
2 3 4 0 1
2 2 0 0 5
4 3 0 3 0
1 3 0 0 0
0 7 1 2 0
0 0 1 1 1
2 0 4 0 1
2 0 0 1 6
1 2 5 1 6
2 2 0 2 2
2 1 3 1 2
1 3 2 0 7
1 1 0 5 0
3 1 2 1 1
1 1 3 2 4
2 2 3 0 3
3 3 0 3 4
4 0 1 3 1
1 0 1 0 5
3 0 2 2 2
0 0 3 1 5
1 1 0 1 0
0 2 1 2 5
2 3 2 4 1
2 3 2 5 4
0 1 0 0 1
0 0 1 4 0
3 2 2 6 6
4 4 0 2 0
1 2 2 2 1
0 2 5 3 2
5 1 0 1 5
0 1 0 2 4
0 5 1 0 1
1 1 4 0 3
3 2 0 0 1
1 6 0 0 0
1 3 4 4 2
3 1 0 1 2
0 3 1 1 1
2 2 5 3 0
1 3 0 1 2
2 4 0 1 4
0 2 6 1 2
4 1 1 0 1
0 1 1 1 1
0 2 3 2 4
7 0 1 1 3
0 0 0 1 3
2 1 2 0 0
1 2 1 2 7
4 3 0 0 0
4 6 5 0 6
2 2 3 0 2
0 1 1 2 1
2 2 3 0 1
0 0 4 0 0
1 1 1 5 6
1 1 0 2 3
0 4 4 3 3
7 1 1 0 1
3 0 1 3 0
1 0 0 0 0
5 0 1 1 1
2 0 1 2 2
2 5 0 4 0
0 4 1 1 2
0 0 2 0 1
0 1 2 2 0
1 4 0 4 3
2 2 2 2 1
1 0 3 4 1
0 1 3 0 4
5 1 2 3 1
0 4 2 5 2
4 3 4 0 1
2 0 4 5 0
1 3 1 2 1
4 1 0 2 1
6 0 1 0 0
2 5 0 1 1
0 0 0 1 0
0 2 0 1 2
1 3 0 1 4
0 0 4 6 0
5 1 0 3 0
3 1 2 1 0
0 2 3 2 0
0 0 2 2 0
0 0 1 1 1
0 0 0 3 1
0 0 2 0 0
1 1 1 0 0
4 0 0 2 1
2 0 0 2 0
1 1 4 3 3
1 0 2 4 0
2 2 0 3 3
0 5 0 5 4
3 3 5 1 6
0 6 1 0 1
6 6 1 2 0
2 1 3 5 2
2 2 0 1 4
1 1 0 1 1
2 3 2 0 2
0 0 3 3 4
2 2 3 1 1
2 0 2 3 0
3 0 1 0 1
1 0 2 0 1
2 2 0 2 0
2 1 1 0 1
4 1 2 3 4
2 3 0 2 2
0 1 1 3 0
1 3 2 5 2
3 2 0 0 1
1 6 1 0 0
3 3 2 2 2
5 1 1 0 6
1 7 4 2 1
0 0 1 7 0
1 2 2 1 4
1 3 0 2 3
2 2 5 2 2
3 3 3 3 1
6 2 1 2 1
1 2 5 1 0
0 1 1 2 1
3 1 1 3 0
0 1 0 2 1
3 3 0 0 0
1 0 2 5 3
1 1 2 3 2
0 3 1 5 2
2 0 2 3 2
0 2 1 0 1
0 1 0 1 0
4 0 4 2 0
2 1 1 0 2
5 2 3 1 4
3 0 4 0 1
4 2 3 2 3
1 2 0 4 0
4 3 2 1 1
1 1 2 1 2
2 0 2 1 0
3 0 0 0 0
3 4 2 2 3
0 3 4 0 2
3 0 0 2 2
1 2 6 1 4
1 3 2 1 5
2 1 2 1 4
0 3 2 3 1
0 4 0 0 2
6 3 1 2 0
4 1 5 3 1
1 1 0 3 2
5 1 0 2 0
3 1 5 2 0
1 4 0 1 3
2 2 4 2 3
5 1 0 2 0
1 6 3 0 3
3 0 1 0 5
3 2 2 2 4
1 4 3 2 1
1 1 0 1 5
1 0 0 6 0
1 2 3 1 2
1 1 2 3 0
3 3 6 2 0
6 3 2 1 3
0 0 1 1 2
2 1 4 0 2
1 1 3 1 1
1 1 6 0 3
2 0 3 2 0
6 0 5 0 1
4 7 0 0 1
1 1 2 1 4
3 2 4 3 1
1 6 2 2 5
0 6 1 3 3
2 0 2 1 1
6 3 4 4 3
2 0 3 0 4
6 3 0 3 4
1 0 5 0 1
4 3 0 1 0
0 1 1 1 0
0 0 1 1 1
2 0 0 1 0
4 0 0 0 5
4 3 1 4 1
1 0 2 2 3
4 3 7 5 0
3 6 4 3 6
3 0 0 2 1
3 0 2 0 2
3 1 3 5 3
0 2 2 1 0
0 2 0 3 3
3 1 2 0 3
3 1 2 1 3
1 1 4 0 1
2 3 2 2 1
0 2 1 1 5
2 2 1 1 2
2 2 4 2 1
1 2 3 2 3
3 2 0 0 5
3 0 0 6 5
2 1 2 1 0
0 2 1 0 1
0 1 1 0 2
0 0 5 3 0
7 4 1 0 1
3 1 1 7 0
5 1 1 2 4
1 1 2 1 1
1 3 0 4 0
2 1 0 0 0
1 1 5 0 3
3 0 1 0 2
1 4 4 2 4
3 0 2 0 0
4 2 1 1 1
6 4 2 1 0
1 5 1 2 4
0 5 2 1 0
3 2 0 1 1
1 3 1 1 1
2 2 0 0 1
2 0 5 4 1
4 1 0 1 1
2 1 2 1 3
3 4 2 0 1
2 2 2 3 2
3 1 2 3 0
3 4 0 4 0
1 4 1 2 7
2 0 1 0 5
1 3 5 3 2
1 4 1 7 4
3 0 4 2 2
0 4 5 0 2
5 1 0 0 0
2 1 0 1 2
0 0 4 0 0
1 2 5 4 0
3 1 0 1 0
2 1 0 1 3
7 2 2 0 3
0 1 2 1 5
1 0 3 2 1
5 0 0 0 0
2 0 1 4 0
1 1 5 1 0
3 1 3 2 4
1 1 6 1 3
1 5 0 1 1
1 2 0 4 1
4 2 2 4 0
5 2 0 0 0
0 6 3 1 1
3 1 1 4 2
1 1 0 7 4
3 3 0 3 5
1 1 1 3 3
0 5 4 6 4
0 1 3 2 1
1 0 1 1 2
1 0 0 1 0
0 1 2 3 1
2 0 1 0 0
5 0 0 1 2
0 3 3 1 0
3 0 0 5 1
1 1 2 0 1
1 0 1 2 3
1 3 0 2 3
3 0 0 2 2
0 0 7 1 4
2 2 0 7 4
3 1 0 3 6
1 3 2 2 0
2 3 2 6 3
2 4 0 7 0
4 1 2 1 5
0 0 0 2 5
0 2 4 2 2
2 0 2 0 1
0 2 0 5 4
2 0 2 2 0
0 3 5 1 1
1 5 0 1 0
1 0 1 1 3
2 2 1 1 0
4 5 1 0 3
0 1 3 1 1
3 3 3 3 3
1 2 3 1 6
1 2 5 3 0
2 3 0 4 1
6 5 0 1 2
0 5 2 1 0
2 1 0 3 1
2 2 2 3 5
5 2 4 0 0
2 0 1 6 3
3 1 3 1 1
7 0 2 4 0
0 5 2 3 1
7 1 2 2 1
2 3 4 4 4
1 4 4 1 1
5 3 0 1 2
4 5 1 1 2
1 2 3 4 1
5 2 1 2 1
1 2 6 1 1
1 1 5 2 0
4 0 4 0 0
1 2 0 5 1
3 2 1 0 4
2 1 5 4 0
0 1 2 0 1
2 5 0 2 0
1 1 0 2 1
0 2 0 3 0
1 4 3 5 3
3 3 1 1 3
3 1 5 0 0
3 2 4 1 0
4 0 0 6 2
7 7 0 0 5
3 0 0 0 1
4 3 0 0 2
0 2 0 5 0
0 2 0 0 2
4 0 0 2 1
4 1 0 1 0
1 0 1 0 1
2 3 0 2 0
4 1 4 2 2
0 2 2 2 0
5 0 1 0 2
7 0 2 1 3
0 0 1 0 0
0 0 0 7 2
1 1 2 0 0
4 5 0 1 3
2 3 3 0 1
3 3 3 1 1
1 1 2 4 0
3 0 2 0 4
5 0 0 0 2
0 1 0 2 0
1 0 0 1 0
5 5 1 1 0
7 3 1 3 2
1 1 3 0 2
1 2 1 0 0
4 3 3 1 0
5 2 0 0 0
1 2 1 0 1
1 2 0 2 3
5 0 2 0 3
6 1 1 2 0
0 0 4 1 1
2 0 3 0 1
2 4 1 4 1
4 0 4 0 2
1 3 0 1 3
0 2 2 1 4
1 2 1 3 1
3 2 1 3 1
1 4 3 3 1
3 3 5 6 2
2 1 3 1 1
1 0 0 0 2
4 5 2 0 5
2 0 3 0 2
2 0 2 2 1
4 0 1 0 1
2 3 0 7 1
4 2 1 0 0
4 0 1 1 3
0 4 2 0 0
3 0 0 2 1
2 5 0 1 0
0 5 2 0 2
0 2 1 0 3
2 4 4 1 5
1 6 1 1 0
2 4 0 3 0
0 0 2 3 2
2 2 5 3 1
0 7 2 1 2
2 7 0 1 5
3 2 0 1 3
1 1 2 3 2
1 1 2 1 0
0 1 3 6 0
0 2 3 2 2
3 2 0 0 0
0 0 2 6 2
0 0 1 2 3
2 0 1 0 0
1 3 2 5 3
2 4 0 1 6
0 4 3 0 4
0 5 2 2 6
4 2 4 1 2
2 0 1 2 0
1 4 2 1 1
4 3 2 0 4
1 2 0 2 0
1 2 3 7 1
1 6 0 0 0
2 2 0 1 1
2 2 2 1 4
5 2 1 0 0
3 2 4 1 4
1 1 0 2 5
3 5 2 3 0
5 0 6 2 5
3 1 1 2 2
3 0 7 3 0
0 4 0 1 4
0 2 6 1 1
4 0 2 0 3
0 1 2 7 3
2 4 2 0 2
3 1 3 2 1
2 0 0 1 3
0 2 2 4 3
2 3 0 1 1
3 1 2 1 1
3 0 2 5 3
1 3 1 0 0
6 4 2 1 1
1 0 0 4 0
1 0 0 0 1
1 2 0 0 2
2 3 4 3 0
1 0 1 3 0
0 3 4 2 0
2 1 1 1 1
6 5 4 0 2
0 4 4 4 2
1 0 0 1 1
1 1 4 4 1
0 1 1 4 2
2 3 2 0 1
5 4 0 5 3
2 1 3 0 0
2 3 2 5 3
1 2 6 3 5
2 2 3 3 3
1 2 1 3 2
2 2 3 2 5
3 3 2 2 3
2 2 1 3 4
3 2 1 2 0
4 4 0 3 5
0 1 2 0 2
1 1 2 1 7
0 2 7 2 1
0 1 1 3 2
1 1 0 2 0
2 2 1 2 1
0 1 2 0 0
0 5 0 2 1
0 2 2 1 1
1 6 0 3 4
0 1 3 3 0
2 1 3 0 0
4 1 2 2 4
0 0 0 1 3
0 5 5 3 1
0 1 3 0 6
1 0 2 1 0
3 2 3 2 1
1 3 3 0 2
6 0 3 3 4
2 0 1 3 0
2 5 4 1 5
0 0 2 0 0
1 3 2 3 0
1 0 3 2 1
2 1 4 4 2
4 2 3 1 1
0 1 4 0 3
0 5 2 0 1
0 0 0 1 1
0 0 5 4 4
2 2 0 2 3
3 5 0 1 1
0 5 1 0 1
5 0 3 0 0
3 2 2 1 1
0 0 3 2 6
1 6 0 4 2
4 2 0 1 4
1 1 0 1 1
2 4 0 3 7
2 2 3 0 3
1 2 2 1 1
3 0 0 4 4
3 0 1 6 1
1 6 1 3 1
2 3 4 2 2
2 2 2 2 2
0 0 0 2 1
0 2 2 1 2
2 5 1 2 0
2 4 3 2 1
0 4 1 0 2
3 1 0 0 0
0 1 0 0 3
4 2 1 1 0
1 4 0 0 6
2 1 0 0 0
1 1 1 1 0
0 0 0 1 0
0 2 4 0 0
4 5 1 1 0
4 1 5 0 2
3 2 5 2 0
6 7 4 1 4
7 3 1 2 3
2 1 1 2 1
2 1 2 2 1
1 0 1 1 3
2 5 0 0 1
1 0 0 4 1
0 0 0 1 0
1 1 0 6 2
3 3 3 0 5
2 7 1 0 2
1 1 1 1 0
7 3 5 4 1
5 2 0 2 1
2 2 2 6 2
4 0 3 0 6
0 0 2 4 2
2 4 0 2 0
5 0 5 3 1
1 1 2 0 3
1 2 1 1 6
4 3 2 3 0
3 2 2 1 0
1 0 2 3 0
0 1 1 2 2
4 3 1 0 6
0 1 1 0 5
1 1 3 0 0
1 3 2 0 0
0 1 2 3 2
4 0 2 0 2
3 4 1 3 1
4 2 6 2 2
1 0 3 1 1
2 1 0 0 1
0 3 1 1 5
2 0 3 2 0
2 2 0 1 5
4 2 0 1 1
0 2 2 2 2
1 1 3 0 1
4 0 3 1 3
2 1 0 4 0
0 2 2 1 1
5 2 3 2 1
1 1 3 3 0
3 0 1 3 2
1 1 1 0 0
6 2 0 3 3
0 1 1 0 2
0 1 4 1 0
3 0 0 5 0
1 1 3 0 3
0 4 1 0 2
2 0 1 0 2
2 1 4 0 1
0 1 5 4 7
1 0 0 1 0
1 2 1 1 3
0 0 0 2 0
4 4 1 1 3
2 1 6 1 4
0 5 2 4 2
2 1 0 2 4
2 0 2 3 0
1 1 1 1 5
2 1 2 1 0
4 2 4 0 0
2 6 3 1 0
1 3 0 1 6
6 0 1 0 1
0 2 2 1 1
2 2 0 3 0
1 2 5 4 2
2 1 1 6 1
0 4 2 5 0
0 0 0 0 2
1 0 5 1 3
1 3 0 1 3
1 0 4 2 2
1 3 2 5 5
4 2 4 3 1
1 2 2 1 0
2 4 5 1 2
1 0 3 1 0
1 1 1 5 5
3 0 3 5 2
0 6 1 1 2
6 2 0 5 1
3 2 3 2 1
3 1 3 2 1
0 0 1 0 1
2 2 1 3 0
2 1 2 0 0
2 3 1 2 5
3 1 2 3 2
0 2 1 2 2
1 0 0 0 1
2 0 2 1 2
6 1 0 0 3
0 2 1 3 3
0 1 5 3 1
3 4 1 1 2
2 0 2 1 1
3 1 1 5 0
0 0 6 0 1
1 1 1 1 3
0 0 1 3 1
1 5 1 7 3
3 1 0 1 2
2 4 1 1 2
1 4 1 1 1
3 2 1 2 3
3 0 4 6 2
0 0 1 1 3
0 0 0 1 1
2 3 1 1 1
1 3 5 2 1
2 2 1 2 4
1 2 2 3 0
1 4 1 0 2
1 3 5 0 1
1 4 2 1 5
4 1 1 2 3
1 2 6 3 3
1 0 2 3 2
4 1 0 0 1
3 1 2 1 1
2 3 0 0 0
0 1 3 2 1
4 3 1 3 4
2 2 6 0 0
5 0 3 4 0
2 0 4 5 3
1 3 1 4 3
1 3 2 1 1
1 6 1 3 1
7 1 5 0 1
0 1 0 0 4
0 0 0 0 3
3 2 1 1 0
0 2 2 1 0
2 0 3 4 1
2 0 0 0 3
2 1 1 3 0
3 5 0 3 0
2 3 1 5 2
2 2 2 1 2
0 2 0 0 0
2 0 4 0 3
2 1 1 0 4
0 0 2 1 1
3 3 2 1 4
1 1 7 0 2
3 0 1 1 1
1 0 1 1 3
1 5 0 0 1
3 4 1 0 4
0 1 1 2 0
0 0 2 2 3
2 1 0 4 0
5 4 0 1 5
5 0 1 1 2
3 1 2 6 2
1 0 1 2 5
0 0 4 3 2
0 3 0 0 1
0 1 1 3 0
1 2 0 1 2
1 0 1 5 0
3 2 1 2 1
0 1 1 2 0
2 4 1 2 3
0 5 3 3 4
5 2 0 3 4
5 0 2 1 3
1 0 3 0 0
2 1 3 5 0
0 5 0 2 1
1 0 3 7 3
3 1 5 0 2
0 1 2 4 2
2 1 2 2 2
2 4 3 1 1
0 0 0 5 0
0 1 3 0 1
1 3 1 2 1
0 3 5 6 4
1 4 0 0 1
2 1 1 0 5
1 3 2 1 2
0 0 3 3 3
2 2 3 1 0
1 0 2 1 1
0 0 1 5 0
3 0 0 1 4
0 2 1 4 1
4 1 2 1 0
1 1 0 0 0
0 0 3 2 1
1 1 5 0 5
3 3 1 2 2
2 6 1 0 3
5 0 1 4 2
1 1 2 2 0
4 1 3 6 1
2 1 2 0 3
1 6 2 4 0
0 0 2 2 1
7 4 3 0 1
1 5 2 0 1
2 2 5 3 1
3 4 0 0 0
1 3 2 2 0
3 0 1 4 0
3 0 2 0 7
0 3 0 2 1
5 0 4 4 2
3 3 1 3 1
5 0 2 3 7
2 2 1 1 1
1 1 4 0 3
1 2 2 2 2
2 0 1 3 1
1 2 0 0 1
1 2 4 1 5
0 4 3 3 0
1 1 0 2 0
1 0 0 1 1
2 5 0 2 5
2 1 0 3 7
3 1 0 4 0
3 0 5 0 1
4 1 2 7 2
2 1 1 1 0
0 5 5 2 4
0 0 1 3 5
7 3 2 1 0
2 1 2 0 0
1 3 1 3 3
0 1 0 1 3
2 5 1 4 4
1 0 1 5 1
0 0 2 1 1
2 4 1 0 6
1 6 0 3 1
1 3 1 3 0
4 6 1 0 4
2 0 4 6 2
0 0 2 1 2
1 1 4 2 4
0 4 6 1 0
1 0 4 2 2
7 0 4 0 1
0 1 0 5 5
2 1 0 3 2
1 1 0 2 3
0 0 2 7 4
6 3 4 3 1
1 0 0 5 3
6 1 0 1 0
2 0 0 0 0
4 0 0 0 0
2 0 0 4 1
2 1 2 5 2
0 2 2 1 3
0 3 2 1 1
1 0 5 2 0
7 3 5 0 0
0 0 0 1 0
0 0 3 0 0
0 1 6 0 5
0 0 3 3 4
0 2 1 2 2
2 0 1 1 1
2 4 1 1 4
5 1 4 1 3
1 0 0 0 2
7 3 1 2 2
1 0 2 3 2
2 0 0 1 5
3 2 0 3 2
0 1 1 0 1
0 1 3 7 5
1 0 1 1 2
7 0 0 1 0
2 2 2 7 1
1 0 4 7 0
1 4 1 0 0
0 3 3 2 1
2 0 2 5 4
0 7 4 1 0
5 3 2 2 6
1 2 4 0 6
0 3 6 2 2
1 7 2 2 6
1 7 1 0 1
6 2 0 5 1
0 1 0 0 6
2 0 1 1 2
2 3 3 4 1
0 0 2 3 2
0 0 6 1 1
1 2 4 0 2
1 1 0 4 1
2 3 0 1 0
0 0 3 0 0
3 0 1 1 3
0 1 2 1 6
3 5 2 7 1
4 0 2 0 0
0 0 4 4 6
0 0 3 1 0
1 3 0 1 5
1 2 5 2 0
1 2 6 2 1
3 0 1 2 7
3 0 0 2 0
7 2 0 2 3
5 4 2 1 3
1 2 1 5 0
4 2 6 3 1
2 0 3 4 5
0 7 1 0 1
3 1 0 1 4
2 0 4 0 0
1 2 5 1 0
2 2 1 0 4
0 5 2 2 1
0 2 0 3 3
0 1 6 0 3
1 4 0 3 7
1 1 1 1 2
2 1 5 0 2
0 0 2 2 3
0 1 2 3 3
1 3 6 1 1
3 0 0 5 4
1 2 3 0 1
2 2 3 5 2
0 4 0 1 0
4 7 0 1 1
0 3 6 5 1
1 1 0 1 3
2 3 2 5 1
1 1 2 6 3
0 2 0 1 0
0 0 0 1 1
0 6 3 1 6
4 1 6 0 6
5 5 1 0 0
2 0 1 0 0
2 4 0 2 3
3 2 2 2 1
1 0 0 0 1
1 0 2 1 3
0 4 1 3 3
1 1 1 2 1
5 2 2 1 0
1 0 0 0 3
0 1 1 3 2
1 1 1 2 2
4 3 1 1 2
1 4 0 2 2
1 2 3 0 1
3 2 2 1 0
6 3 0 1 1
4 2 1 2 7
6 2 3 1 0
2 5 0 1 1
2 0 0 1 1
1 2 2 2 1
3 0 4 1 6
3 3 1 1 1
6 0 0 1 0
2 0 2 4 1
0 4 1 3 0
1 1 5 1 1
1 1 3 7 0
3 2 4 2 0
2 0 0 3 4
3 1 1 2 2
3 0 0 5 1
0 1 7 4 0
0 5 1 1 0
0 2 2 2 2
0 0 0 2 6
2 4 1 3 0
3 2 1 0 3
1 2 2 3 0
0 1 0 2 1
1 0 0 1 0
3 0 3 2 1
5 0 1 1 7
3 2 1 4 1
3 3 1 6 3
0 3 5 2 6
3 1 5 1 4
2 3 1 5 1
2 0 1 1 0
5 4 2 0 0
0 0 2 1 6
1 0 1 1 0
2 0 1 0 2
2 1 4 1 4
4 1 0 2 1
1 4 2 5 0
1 2 0 2 0
3 2 0 3 3
1 0 0 3 2
4 3 3 2 0
7 2 2 1 3
0 0 2 4 1
1 1 0 0 1
1 1 1 0 2
3 0 2 1 0
1 2 3 2 5
1 1 3 0 2
0 0 0 2 4
1 0 0 2 1
1 0 0 2 2
0 0 2 2 2
0 2 0 3 0
3 2 1 5 3
2 5 0 0 0
3 1 0 3 3
1 2 1 4 0
4 1 2 5 4
0 0 0 0 1
0 3 5 3 0
1 0 1 2 5
0 1 0 0 4
0 7 0 2 1
2 2 3 2 4
2 2 5 1 1
0 0 0 4 0
1 1 1 2 4
2 4 0 0 1
1 0 1 0 2
4 1 5 5 0
0 3 1 4 1
2 0 1 2 4
1 0 0 2 3
3 0 2 5 0
1 0 5 2 0
3 4 3 1 2
1 3 1 2 3
0 0 4 4 4
0 0 1 3 0
1 0 1 2 0
3 1 1 3 2
5 4 0 3 2
1 0 4 1 1
3 3 1 2 0
0 2 0 0 3
6 2 1 0 1
1 2 2 1 3
0 2 4 4 0
2 0 3 0 3
3 4 0 4 2
1 0 1 6 1
1 2 5 6 2
3 0 3 1 0
7 2 0 2 1
4 0 2 0 0
1 1 1 0 0
2 6 3 2 0
1 2 1 0 4
3 3 2 1 1
2 0 1 5 4
2 0 1 0 0
3 2 3 2 4
2 3 0 1 0
1 1 3 0 3
6 2 1 0 7
6 0 2 4 2
1 1 2 4 1
0 3 2 3 1
0 3 0 1 4
1 2 6 1 0
3 2 1 2 0
2 0 3 2 3
0 1 4 2 0
1 2 0 1 1
2 1 1 0 1
2 3 3 0 0
0 2 2 0 0
3 0 2 2 0
1 1 4 1 0
3 0 0 1 1
0 6 0 1 0
0 1 0 1 1
3 2 5 7 2
2 0 0 0 0
4 1 0 3 4
4 1 1 0 4
2 1 0 1 6
2 2 2 1 4
2 1 1 1 1
0 0 4 5 3
1 7 0 0 2
0 0 1 5 3
1 0 0 3 5
0 7 4 5 0
6 0 2 1 0
6 2 3 3 6
3 6 3 2 1
2 2 4 3 0
3 0 1 0 0
2 2 0 2 5
1 0 5 1 5
1 1 1 2 0
2 0 0 1 2
0 0 1 1 7
0 3 1 0 3
1 0 0 0 1
1 4 4 3 1
0 0 1 4 2
0 0 4 2 3
1 1 3 0 3
5 0 1 1 0
3 0 2 1 1
3 2 2 3 0
4 4 0 1 2
1 2 2 3 1
7 0 2 1 3
0 5 2 1 3
2 0 4 0 0
3 1 2 1 0
0 4 3 2 2
0 3 0 1 1
1 0 2 1 0
0 5 6 1 4
1 2 0 1 1
2 3 0 1 0
0 1 1 4 0
0 4 0 3 2
1 1 2 1 1
2 0 3 0 4
0 0 0 0 0
2 2 0 0 2
3 0 2 0 1
1 0 1 3 3
2 6 0 3 2
2 0 1 7 3
2 0 0 1 3
3 1 4 5 3
0 5 1 0 5
5 2 0 2 2
1 3 0 2 0
2 0 6 2 3
1 2 2 1 1
0 1 0 2 0
4 1 4 0 1
3 2 1 1 1
1 5 0 3 1
4 0 5 5 0
0 2 0 0 3
0 2 0 1 1
2 3 1 1 0
1 3 4 3 0
1 4 0 3 1
1 0 7 1 1
1 7 0 0 1
3 4 3 1 4
1 1 4 3 1
6 0 0 1 0
2 0 0 3 2
1 0 6 5 0
0 0 2 0 1
6 1 1 5 2
3 1 2 3 3
2 3 2 3 4
6 3 1 0 2
3 0 5 5 2
1 2 2 2 0
0 1 3 3 7
0 2 1 0 0
3 1 7 4 1
0 4 1 3 2
5 4 2 1 0
4 5 0 2 1
2 2 5 5 5
0 0 1 4 5
1 4 1 4 2
2 0 1 2 1
1 4 4 1 2
2 1 4 1 2
1 3 1 0 2
2 0 2 2 4
0 4 1 0 1
0 3 4 1 0
2 1 5 2 4
5 1 1 1 1
2 1 0 1 2
2 3 0 1 2
3 4 4 6 0
3 3 4 2 6
0 5 6 2 0
1 1 0 0 1
4 2 0 1 1
2 0 6 1 2
2 1 4 2 0
5 5 2 2 1
1 0 0 1 3
2 5 2 4 1
1 3 2 0 0
2 4 1 0 1
3 0 0 6 0
1 0 0 2 0
0 0 0 0 0
3 2 0 0 2
0 3 2 4 1
2 1 1 0 4
1 0 5 3 6
3 1 0 1 0
5 0 0 0 2
0 3 7 3 0
0 1 3 0 1
2 5 1 2 4
1 0 0 3 0
1 7 6 1 2
2 6 2 1 3
1 3 0 3 1
0 2 7 2 2
3 1 1 6 2
1 0 1 1 0
0 3 3 1 4
1 0 0 2 3
0 0 0 0 1
0 1 1 3 7
0 2 1 2 4
2 0 1 1 1
6 0 0 3 3
1 3 6 0 0
2 5 5 3 0
3 2 0 6 2
0 3 2 1 2
0 5 2 3 0
0 2 3 3 0
1 3 2 5 5
2 2 4 0 0
1 2 7 1 6
0 4 3 4 1
2 0 5 2 2
2 3 0 0 5
0 2 0 0 6
4 0 0 5 1
0 0 1 1 3
5 5 3 0 3
1 3 1 4 1
3 1 5 1 1
0 1 0 1 3
2 0 2 0 0
6 1 1 1 0
1 5 2 1 1
0 3 0 1 2
5 4 0 3 2
1 1 1 1 2
0 0 1 5 2
3 0 0 0 2
1 0 0 0 1
5 1 1 4 1
4 1 2 3 1
1 0 7 5 1
0 3 3 3 3
1 3 0 5 2
4 4 1 1 0
2 1 3 1 1
3 2 0 1 2
0 0 0 1 4
2 4 7 1 7
0 5 1 0 0
0 1 3 3 2
4 0 3 1 5
4 2 5 1 4
2 3 4 2 3
5 3 0 2 2
3 0 4 2 3
0 6 5 2 5
6 0 0 0 4
3 1 2 1 1
2 4 1 2 0
0 6 1 1 7
2 2 1 3 3
2 1 2 0 1
1 1 1 0 0
2 1 2 1 4
0 2 6 1 4
1 3 1 4 3
6 4 1 3 0
2 3 0 1 0
2 1 2 5 6
0 2 2 4 1
1 2 2 0 1
4 3 0 3 3
1 0 0 5 3
4 1 1 1 0
0 0 4 3 3
0 3 3 2 2
0 2 5 2 1
3 1 1 0 1
0 1 2 5 0
4 1 0 0 2
0 3 3 6 5
2 2 0 4 3
1 1 2 4 3
3 6 1 2 1
0 1 0 3 2
0 2 1 0 1
1 1 2 0 3
1 0 4 0 1
2 0 1 0 1
2 5 2 3 2
1 3 0 0 3
4 3 2 2 2
0 1 3 4 0
4 1 4 0 1
2 1 1 1 0
2 2 1 3 1
3 3 2 4 3
7 0 0 3 4
0 3 3 1 4
2 1 4 1 0
1 4 0 1 4
0 4 1 1 7
3 0 3 2 1
0 7 0 1 3
2 2 2 2 0
2 1 4 4 0
2 1 0 1 0
0 2 1 3 1
3 1 0 7 1
3 2 0 0 2
1 0 2 1 2
1 2 0 0 3
1 1 2 1 1
3 1 0 1 1
6 4 2 0 0
1 3 1 1 7
2 2 2 2 1
1 1 3 7 2
4 3 0 0 1
1 4 1 0 4
1 0 2 3 3
0 3 3 2 1
6 6 0 2 0
6 4 1 1 0
0 0 0 1 2
1 0 0 0 0
4 0 0 0 1
0 3 1 3 3
1 1 6 5 2
4 4 0 4 1
0 2 3 3 2
2 0 1 2 1
1 0 5 6 6
0 4 0 2 2
1 2 0 3 2
1 7 2 1 6
3 3 3 2 3
0 0 5 2 2
5 0 0 1 0
1 3 2 0 0
0 1 0 0 0
6 4 0 3 0
2 6 1 1 4
2 0 0 0 1
4 1 1 3 1
2 1 0 0 0
1 5 1 2 2
4 0 3 2 1
1 0 6 1 2
0 0 0 2 0
0 1 1 1 4
4 1 2 3 0
4 3 0 2 2
0 3 2 1 0
7 1 6 0 1
2 4 0 0 0
4 1 0 4 0
4 6 0 0 5
0 3 0 7 2
3 3 3 2 4
1 0 4 2 1
1 0 1 2 5
0 0 4 1 3
1 2 0 1 0
2 4 0 1 4
4 1 4 1 1
6 0 3 1 1
0 3 1 1 1
1 1 0 0 6
3 4 4 1 0
1 4 0 1 1
0 4 2 3 0
1 2 7 1 1
0 3 1 0 5
2 2 5 3 1
0 3 6 1 1
3 1 2 0 7
3 4 1 1 3
0 3 2 2 0
2 1 5 4 1
2 0 1 1 1
0 4 2 0 2
0 1 1 1 1
3 0 1 0 0
0 2 1 2 0
0 1 5 2 6
5 4 1 1 1
4 0 2 0 0
0 1 0 0 4
2 4 3 1 7
1 1 1 0 1
1 0 4 2 0
1 1 1 1 0
5 3 2 0 1
1 2 1 1 2
1 0 3 0 2
3 1 2 1 3
1 3 2 1 1
3 0 4 1 0
2 0 2 7 0
0 0 2 2 1
5 0 1 2 0
3 0 7 0 7
0 0 0 4 1
2 5 3 1 1
1 1 5 1 2
3 3 2 0 0
1 2 3 1 0
2 0 3 0 1
3 1 2 3 1
3 0 3 3 5
4 0 7 3 3
4 0 5 1 4
0 6 0 1 2
0 4 5 1 2
0 2 2 1 3
1 0 4 0 2
4 3 2 2 3
2 1 2 1 1
1 2 1 2 2
1 3 1 4 0
1 1 1 0 1
3 1 1 0 1
3 1 1 6 0
2 1 1 1 1
1 4 0 1 1
1 1 1 6 5
7 2 3 5 2
5 3 6 0 1
0 2 2 2 0
2 3 4 0 1
0 3 2 1 1
1 7 4 3 1
1 0 3 0 3
1 1 5 2 1
3 0 2 3 1
1 4 5 1 3
0 0 6 1 2
0 0 2 2 2
2 0 1 2 0
1 1 0 0 3
1 2 2 0 2
3 2 2 4 0
1 1 0 2 0
3 2 2 0 2
2 4 4 2 1
0 0 0 0 1
1 0 2 1 0
0 3 2 0 0
0 2 2 0 1
0 0 3 0 1
4 0 0 0 3
2 2 2 0 5
0 3 3 4 4
2 2 4 0 0
0 7 1 0 1
2 3 1 2 1
4 1 0 2 4
7 1 2 2 1
4 5 2 1 0
2 1 3 0 7
3 1 0 3 0
2 1 1 0 1
1 2 7 0 4
1 5 0 1 7
3 5 1 3 0
0 1 6 0 1
2 6 1 3 0
1 0 4 0 0
4 2 0 3 5
1 0 4 1 5
0 0 0 4 5
2 1 0 0 0
2 1 0 5 1
0 4 2 6 1
6 6 1 0 1
3 3 1 0 0
1 0 1 0 1
1 2 3 0 2
2 4 2 1 2
4 4 4 4 4
0 1 3 1 2
6 0 5 3 1
2 2 0 2 6
4 5 0 0 0
1 1 2 7 1
1 2 2 3 0
0 0 1 4 3
1 1 0 3 0
0 1 0 3 2
1 7 1 0 0
1 1 1 2 0
3 2 0 5 1
3 2 1 1 0
4 6 1 2 1
0 2 1 2 2
0 0 1 0 1
4 0 3 0 0
1 0 1 2 0
0 2 0 0 2
1 2 0 7 0
2 2 3 5 0
2 1 1 3 1
4 0 0 1 1
4 4 4 2 4
1 2 0 3 3
3 1 3 2 4
2 2 7 1 3
1 1 3 3 3
4 1 3 0 1
4 0 0 2 5
0 6 0 4 0
1 3 0 1 2
1 0 1 3 4
2 1 4 0 2
3 0 2 1 2
4 0 0 6 3
3 2 0 1 2
3 1 2 0 3
3 4 4 0 0
2 1 0 3 6
1 4 1 0 5
2 0 3 1 1
0 4 1 3 0
5 0 1 4 1
1 1 1 7 2
0 3 1 0 0
1 5 0 2 0
4 0 3 2 3
3 2 1 1 1
3 1 1 1 1
1 4 3 2 1
5 1 2 1 4
5 2 3 2 2
0 2 0 2 0
2 7 0 0 2
0 1 1 2 0
1 1 3 6 1
0 2 0 2 0
0 1 1 0 1
0 2 2 0 0
1 2 2 3 0
0 5 6 0 2
2 3 1 2 5
3 1 0 1 3
7 1 2 0 2
1 2 1 5 0
1 3 0 0 1
1 3 1 5 1
3 2 5 0 5
1 4 3 2 6
5 5 3 2 0
1 1 5 1 0
1 6 2 2 2
1 1 1 1 2
1 3 1 1 1
0 3 4 1 1
3 3 5 5 1
0 1 1 2 1
3 2 0 1 6
1 1 5 1 1
7 2 2 0 4
0 2 0 1 0
0 1 2 1 4
6 3 6 2 3
2 0 1 0 1
0 3 1 1 1
3 1 1 1 0
0 4 0 0 4
0 0 2 1 3
2 2 0 0 1
0 1 0 5 2
3 4 3 0 1
4 2 2 3 3
3 2 0 0 3
1 0 1 6 3
1 2 0 3 0
3 1 2 1 0
1 0 1 2 3
3 1 1 1 0
1 1 2 4 3
1 0 2 1 1
5 3 2 0 4
0 4 4 0 1
6 0 2 5 0
2 6 1 6 3
2 2 0 5 0
5 0 0 1 1
2 0 2 2 1
1 5 0 2 2
0 2 1 2 2
0 0 0 0 0
6 0 3 0 2
1 3 1 0 2
1 3 1 3 1
0 0 0 0 1
5 1 4 1 2
2 4 4 4 0
1 2 2 0 1
0 1 0 2 0
3 2 5 2 1
4 1 3 2 6
0 1 2 1 3
5 4 0 3 0
4 0 1 5 3
3 0 4 2 3
1 1 0 3 5
0 2 3 2 3
1 5 1 0 3
1 0 1 4 2
1 2 2 0 3
3 2 0 0 0
1 5 2 0 3
3 1 3 5 2
0 1 2 2 0
2 1 5 1 2
1 1 7 1 2
7 3 2 1 2
0 2 4 3 3
0 0 2 1 6
2 0 0 1 2
1 0 3 0 0
3 3 2 5 2
0 0 2 1 1
3 0 4 3 2
2 1 0 2 1
0 1 0 0 1
4 2 2 0 1
0 1 2 1 1
1 6 2 2 0
2 2 2 2 3
0 2 2 1 2
4 2 0 3 3
0 7 4 1 5
0 2 1 1 1
2 4 2 1 0
2 0 0 2 1
0 2 1 2 1
0 0 2 1 3
1 0 3 0 1
7 1 1 3 2
0 1 0 1 3
2 7 0 0 3
4 5 1 2 2
0 3 0 3 2
0 2 0 3 1
6 4 2 3 1
1 3 4 3 1
3 3 5 2 6
4 3 1 2 4
0 0 1 0 2
3 0 0 3 0
1 2 6 4 3
3 2 0 2 6
2 2 0 0 2
7 1 2 4 2
3 3 0 4 3
1 2 2 4 0
2 2 1 1 0
3 0 4 0 1
6 1 6 4 1
1 1 0 1 5
3 1 0 5 2
0 0 0 2 0
1 1 1 0 5
0 1 2 6 1
0 3 1 2 0
1 2 1 2 1
2 2 0 1 1
1 2 1 2 1
4 0 0 5 0
2 0 1 2 2
0 2 2 0 4
4 1 0 0 1
5 2 7 3 0
2 0 3 2 1
1 0 5 2 7
1 0 4 3 3
2 3 0 0 0
1 2 5 0 0
2 6 1 1 3
3 2 1 4 3
4 1 0 0 2
3 0 1 2 2
2 0 4 0 1
2 0 3 0 5
0 0 0 4 3
0 6 4 2 4
2 1 4 1 1
0 3 2 0 1
2 4 6 4 0
5 2 0 1 1
0 2 0 0 0
3 0 0 0 1
2 0 3 0 0
4 1 2 0 0
1 1 0 2 1
5 1 1 6 1
1 1 2 1 2
4 0 5 4 0
2 3 5 2 1
2 2 0 2 4
0 4 0 1 0
0 2 3 2 5
0 0 1 2 2
1 3 0 0 2
3 3 2 6 2
2 0 0 1 0
2 0 0 4 0
0 4 1 0 0
6 5 1 2 4
0 2 0 3 1
7 1 2 3 5
1 4 6 0 2
0 1 2 3 0
3 2 3 1 2
0 0 6 2 0
0 0 1 0 4
1 5 4 4 6
1 3 2 1 2
2 1 2 0 1
2 2 0 5 0
5 1 1 3 1
1 0 1 4 5
0 2 7 2 1
2 1 2 2 0
4 0 0 0 0
1 0 0 0 2
0 1 4 3 6
0 1 0 0 4
5 1 3 5 0
1 1 0 6 0
2 3 1 2 2
1 4 1 2 2
3 0 1 1 3
3 4 1 0 0
0 3 7 1 2
4 6 0 1 0
0 0 5 1 0
2 2 2 0 1
2 0 3 0 2
4 1 5 0 0
4 5 0 0 1
1 7 3 1 4
3 3 0 1 3
4 3 0 1 0
0 2 1 0 1
1 3 0 0 2
1 1 7 1 2
0 2 1 3 0
1 3 3 2 1
1 2 1 1 2
0 0 1 2 3
0 0 3 5 1
2 4 3 1 3
4 0 1 1 1
2 0 0 0 1
1 0 0 5 0
1 1 1 3 0
1 4 1 2 0
2 1 4 2 2
3 0 3 1 5
2 4 4 1 4
7 0 1 3 1
1 0 0 1 1
1 5 1 1 2
2 0 1 0 1
0 0 0 5 2
1 1 0 0 2
1 1 0 0 2
2 3 1 2 1
5 2 1 7 1
1 1 5 5 1
1 1 3 3 4
0 0 1 1 0
1 0 0 0 2
2 4 0 0 3
4 2 1 1 2
1 1 2 0 0
2 0 1 1 1
0 2 5 2 2
0 1 4 2 1
1 3 2 0 1
0 4 0 3 2
0 4 2 1 5
1 2 0 1 0
0 2 3 2 6
0 3 3 3 0
2 0 5 0 1
1 2 0 1 0
2 1 5 0 4
2 4 1 0 4
1 1 2 1 2
3 2 3 0 0
1 1 0 2 1
7 1 1 4 1
2 0 0 2 0
2 0 0 0 6
2 6 2 0 0
2 3 4 1 2
7 3 1 4 0
2 2 0 0 0
1 3 4 0 2
4 2 1 1 0
1 2 0 6 2
1 3 5 0 0
1 1 2 0 1
0 5 4 0 0
0 1 2 4 0
0 0 4 6 1
0 2 2 4 2
2 3 1 4 2
4 3 2 1 1
0 1 1 0 0
1 1 0 7 1
4 4 1 1 2
5 1 4 0 1
1 0 1 2 1
1 1 1 1 2
4 1 0 1 0
1 2 0 2 4
0 5 0 2 2
1 4 1 4 5
3 7 3 3 2
0 3 2 1 0
1 2 3 6 3
0 1 1 0 1
2 0 0 1 0
2 4 1 2 2
3 1 0 0 3
0 3 7 0 2
4 3 3 1 0
1 2 4 2 1
0 5 4 1 0
2 2 2 7 2
1 1 2 0 4
0 1 1 0 2
3 0 4 2 0
4 0 2 0 3
1 0 2 0 1
6 4 4 6 0
2 1 0 1 0
0 4 1 2 2
0 2 1 1 0
2 0 3 1 1
0 3 5 0 3
0 0 0 3 2
4 2 0 2 2
1 3 0 1 0
3 1 4 3 1
1 2 0 2 1
1 1 5 3 4
3 2 1 3 0
0 2 1 1 2
2 1 1 4 4
2 1 0 4 1
6 1 4 1 0
1 5 0 1 1
0 4 7 5 1
0 0 0 4 1
4 5 6 6 2
4 4 3 5 2
4 4 1 0 1
1 3 0 0 3
5 0 4 2 1
3 3 0 2 2
1 1 0 0 1
1 2 2 3 2
3 5 0 6 6
0 3 1 0 1
1 0 4 0 4
3 0 7 2 4
0 0 1 1 0
0 4 2 2 0
4 0 0 4 2
5 1 2 0 1
4 3 2 5 0
6 1 1 1 0
6 0 0 0 1
2 0 3 2 4
3 1 0 0 0
0 1 1 4 2
1 0 0 5 1
3 2 0 0 2
0 2 2 1 0
2 1 4 4 2
5 3 0 3 0
1 1 1 1 2
0 1 0 0 0
1 2 0 2 1
3 1 1 1 2
0 1 1 7 1
4 2 6 2 1
1 2 1 3 3
2 2 0 1 0
1 1 2 0 3
0 1 0 1 5
0 0 3 3 0
1 2 3 2 0
1 0 5 5 3
3 2 0 1 7
7 0 1 7 0
0 0 1 3 1
2 3 2 2 3
2 3 0 4 2
0 4 2 4 0
2 2 0 1 1
6 1 0 6 0
0 1 1 0 2
3 0 2 2 2
1 3 3 3 6
0 3 0 1 0
2 3 2 5 4
0 2 2 1 0
0 0 1 3 4
2 1 2 1 1
0 1 1 0 0
0 1 0 0 0
0 2 0 3 2
2 2 2 1 2
2 2 0 1 0
1 2 2 1 3
6 1 0 1 0
1 2 1 1 1
1 3 0 2 2
1 1 2 1 3
3 0 0 1 1
2 2 1 6 1
0 1 0 2 3
0 5 1 2 2
2 0 1 1 0
0 0 1 0 1
0 0 1 5 2
5 2 1 0 0
1 1 0 2 4
1 2 1 5 3
0 1 4 1 4
3 1 0 1 0
1 4 0 2 0
0 5 0 1 5
2 1 0 1 4
2 4 6 2 3
1 2 0 1 1
3 3 0 4 0
1 0 2 4 1
2 2 3 1 3
0 2 3 1 0
2 3 0 3 0
1 2 2 5 1
3 2 2 4 7
2 4 1 1 4
1 1 1 3 0
1 2 0 0 2
3 1 3 0 2
1 3 2 1 0
0 0 1 0 6
0 3 0 1 2
4 3 3 4 2
2 2 3 1 4
1 0 1 5 4
4 1 1 2 3
1 2 2 3 2
0 1 0 1 1
5 2 2 0 0
5 0 3 0 1
1 1 0 1 1
0 0 2 0 3
5 3 0 2 0
0 2 1 3 4
2 1 0 0 0
1 4 0 0 1
1 1 1 0 0
4 4 1 1 0
4 0 3 2 2
2 0 1 1 4
1 1 0 2 5
2 3 0 3 2
1 2 1 0 2
0 0 2 1 0
1 0 1 0 0
0 2 4 2 3
1 0 1 1 0
7 1 2 1 0
4 4 0 1 1
0 3 1 1 3
1 0 0 0 1
2 1 2 1 4
1 0 2 5 1
0 1 4 4 1
4 1 0 2 1
0 5 2 0 0
2 1 2 1 0
4 0 1 0 7
0 3 0 1 2
1 1 2 1 2
6 3 0 0 3
2 0 2 3 4
1 0 1 2 7
2 0 4 0 0
0 4 1 4 1
5 0 1 1 0
2 1 3 0 1
0 2 3 3 3
1 3 4 1 0
2 1 0 0 0
2 1 2 6 5
2 2 0 1 0
3 1 0 3 1
0 0 6 1 2
3 3 0 1 4
2 1 0 6 4
1 2 2 1 2
5 1 2 5 1
3 1 5 4 1
3 0 6 1 3
2 1 3 1 2
7 1 2 1 4
1 1 4 1 1
0 3 7 0 4
1 0 3 2 0
2 0 1 1 1
1 3 2 2 2
0 1 1 0 1
6 0 1 2 2
3 3 4 2 1
0 1 2 1 0
0 6 1 5 1
0 1 0 1 0
4 2 1 1 1
1 7 0 0 2
4 1 4 4 3
2 3 0 0 2
2 0 1 6 0
2 2 3 2 2
1 5 1 0 1
1 5 2 7 0
3 1 5 2 0
0 1 2 0 0
2 0 2 0 0
1 1 1 4 2
1 1 6 2 2
7 4 4 3 2
2 4 2 4 4
2 1 0 1 2
1 0 4 6 3
2 3 5 2 6
3 2 0 0 0
1 2 0 0 0
2 1 0 5 5
1 0 1 0 2
2 7 3 2 1
0 5 2 0 1
1 1 1 4 4
1 3 0 0 0
3 1 0 4 3
0 1 5 1 0
3 7 1 0 0
3 1 6 0 5
2 1 2 4 1
4 2 1 1 2
1 1 2 4 0
3 0 1 4 0
0 0 0 4 0
1 3 1 2 7
2 5 1 1 2
0 1 1 2 5
2 1 1 2 0
0 5 5 1 3
0 6 2 1 3
0 2 3 0 0
1 2 1 2 1
2 0 0 0 0
0 0 1 0 5
2 2 0 5 0
1 0 0 0 0
6 0 4 5 0
1 1 1 3 2
4 1 1 4 5
1 1 0 0 1
3 1 1 3 2
4 5 0 7 0
1 3 2 0 0
1 5 3 1 2
5 3 3 0 0
4 5 2 2 3
0 0 1 1 0
3 1 1 1 0
4 1 1 7 1
2 2 2 0 1
0 3 1 0 0
1 0 0 3 0
1 5 4 1 3
1 5 3 1 0
4 3 1 3 2
1 1 5 0 0
0 0 1 2 2
1 0 2 2 1
3 1 3 0 5
1 2 4 1 3
1 1 1 3 1
6 3 1 2 3
3 3 3 3 1
3 6 1 1 2
0 3 2 1 1
1 2 0 4 1
4 3 4 0 3
1 4 0 2 1
5 0 2 3 5
0 2 1 2 0
3 7 1 0 3
7 4 0 1 2
0 1 0 5 2
2 3 3 0 0
0 1 3 1 0
1 0 2 1 1
1 1 2 2 0
2 3 2 0 2
1 0 3 0 1
4 3 0 1 1
1 1 1 1 2
1 0 2 1 2
0 0 2 0 2
0 1 1 1 3
1 2 2 4 2
4 4 0 2 0
1 1 3 5 1
2 2 3 2 0
3 2 2 1 1
1 2 2 0 1
7 0 3 0 0
2 3 1 3 0
6 0 1 2 0
2 2 4 0 1
1 3 1 0 1
2 3 0 3 0
2 2 5 5 2
2 4 2 0 1
0 0 3 3 2
0 1 2 3 0
3 1 1 1 6
3 3 4 3 2
0 0 0 0 0
1 1 7 0 1
0 3 1 1 0
4 4 2 2 5
0 1 4 3 2
2 2 1 4 4
4 3 0 0 0
0 0 2 2 5
4 3 2 2 2
0 1 1 0 1
3 2 4 0 4
1 0 3 1 1
1 0 0 0 2
0 1 1 4 2
2 1 1 3 0
4 2 1 1 2
0 2 1 3 5
1 4 5 1 5
0 2 2 2 2
1 0 3 1 0
1 0 3 1 0
3 2 1 0 3
1 0 2 7 2
2 1 0 1 0
2 0 4 5 3
6 1 3 1 5
3 2 5 2 1
0 1 0 0 4
3 2 3 4 0
1 0 3 4 6
0 4 4 3 4
3 4 1 5 0
3 0 0 0 2
5 3 2 4 2
4 0 0 0 1
3 0 0 3 1
0 0 3 2 3
0 4 1 2 0
0 1 2 3 2
4 3 0 3 3
2 5 0 1 3
2 0 3 4 4
1 2 2 2 3
2 2 5 5 4
1 1 1 4 1
2 1 3 3 1
2 6 3 2 2
2 1 1 1 1
2 0 4 3 2
3 2 5 2 1
0 1 0 1 1
4 0 3 0 0
2 2 3 1 2
4 3 1 0 0
3 3 0 4 2
1 6 2 0 1
4 0 6 0 1
3 1 5 3 2
0 4 1 2 1
1 0 5 3 4
2 2 3 0 0
0 2 1 0 2
1 5 1 1 0
3 2 7 2 0
1 2 0 3 1
4 2 5 6 0
1 2 1 2 2
3 2 4 4 4
0 5 1 0 3
6 2 0 2 4
2 1 0 2 3
1 1 4 0 4
3 0 0 6 4
2 4 0 1 0
5 0 6 2 2
0 2 0 3 3
4 0 1 1 2
2 5 2 3 0
6 0 5 0 6
7 2 1 0 5
1 0 4 2 3
1 3 0 4 0
3 0 0 3 1
2 0 3 1 4
0 0 2 3 2
1 0 2 3 0
6 0 2 0 1
4 3 2 3 4
4 3 4 0 4
0 2 4 2 1
2 0 1 1 2
1 2 7 7 4
0 4 1 1 3
1 0 0 2 5
4 1 1 3 1
1 0 4 3 5
1 0 4 1 5
1 1 4 1 1
2 1 2 2 1
4 1 4 1 1
3 1 0 2 0
1 1 0 0 2
1 3 2 1 0
1 0 0 1 0
2 1 2 1 6
6 1 0 0 4
4 2 0 2 0
2 0 1 2 3
2 0 0 0 2
4 3 0 0 3
0 0 1 0 5
1 1 2 7 1
2 0 1 4 5
0 0 2 2 1
0 2 1 1 4
2 1 3 2 2
3 1 5 2 1
4 1 1 0 1
3 2 1 2 2
2 2 1 2 1
1 2 3 4 0
2 3 0 1 0
1 1 2 2 1
0 4 5 0 0
0 4 2 0 3
0 2 2 1 1
3 5 0 2 4
6 0 2 2 0
2 1 4 5 2
3 4 1 3 0
2 5 1 1 1
3 0 5 2 2
1 4 2 3 0
3 1 0 0 6
4 3 0 0 2
5 2 2 1 1
0 3 0 2 1
6 1 2 2 3
1 2 0 0 2
3 2 4 1 5
3 4 6 5 3
2 2 0 5 0
1 3 0 0 2
0 2 0 0 1
1 1 4 1 1
7 2 1 3 2
1 4 0 1 2
2 1 1 0 4
4 0 2 2 4
7 0 6 7 3
1 1 3 2 2
0 3 0 0 2
2 0 0 1 2
3 2 3 2 0
3 2 3 3 1
5 1 1 0 2
1 3 3 2 0
0 3 0 7 1
0 5 3 1 2
3 4 0 0 1
3 4 7 7 2
1 2 0 3 1
1 1 0 1 2
2 0 1 3 2
1 2 3 1 1
1 1 3 7 1
2 2 0 3 2
2 3 1 1 5
0 2 3 1 0
2 3 0 1 7
1 1 0 0 1
2 0 4 1 0
2 2 2 2 1
1 2 4 1 0
2 2 2 1 2
0 0 1 3 1
3 0 2 0 0
6 2 7 0 0
0 2 3 3 2
3 2 0 0 6
2 2 0 2 0
0 0 2 3 0
2 4 1 3 1
1 3 0 2 0
0 0 0 0 2
2 1 0 0 2
1 6 1 2 4
2 1 1 1 5
1 4 2 1 2
0 3 1 0 1
4 3 1 3 6
4 0 0 0 2
4 5 2 3 3
0 7 4 3 0
0 1 6 0 0
2 2 7 0 2
0 1 3 1 2
6 0 3 4 1
2 5 2 3 2
1 5 1 3 0
5 6 1 5 0
0 1 0 0 0
1 3 1 3 0
0 3 2 3 5
6 3 6 1 0
2 1 7 0 3
1 2 1 2 2
1 1 1 0 3
5 3 4 0 5
0 1 3 4 2
5 2 2 2 3
1 3 3 4 4
1 0 2 1 4
3 0 4 1 7
0 2 0 1 7
0 0 4 2 2
0 1 1 1 1
5 0 2 3 0
0 1 4 2 1
1 6 2 2 0
2 1 3 3 1
3 2 2 1 0
4 6 0 0 3
1 1 7 1 0
0 2 7 3 0
4 2 2 2 2
0 4 1 3 2
4 0 0 2 2
5 0 1 2 0
1 0 5 5 0
3 0 2 4 2
1 3 5 4 1
0 4 0 2 1
3 1 1 0 1
1 1 1 2 5
0 3 0 1 3
0 1 0 1 1
4 1 0 0 1
0 1 4 1 1
1 0 0 1 1
2 0 5 2 1
0 3 2 1 0
0 7 0 1 2
1 0 0 2 2
1 3 2 2 7
4 0 0 3 0
6 1 3 4 1
3 0 2 1 1
0 1 1 2 5
0 2 4 3 0
4 2 6 4 2
2 1 4 2 2
5 1 3 3 1
2 7 2 4 5
1 0 4 3 1
0 2 0 2 1
2 1 1 2 2
0 2 3 0 5
0 2 1 2 0
3 2 3 1 4
3 1 2 2 0
0 3 1 0 0
5 3 0 5 1
2 3 1 3 0
1 2 0 2 0
5 1 1 3 6
2 1 2 3 1
0 3 1 3 2
0 1 1 3 3
6 6 3 4 2
2 2 1 3 1
1 1 2 1 4
2 3 1 0 4
1 3 1 3 0
0 1 1 0 1
0 3 0 2 1
1 2 0 0 1
3 4 5 0 1
3 0 2 3 6
1 1 4 1 0
4 3 2 1 1
0 2 4 2 2
1 3 0 4 0
1 1 2 2 2
4 1 3 1 0
2 1 0 0 2
0 1 3 0 0
4 5 1 4 1
1 1 1 3 1
0 0 5 0 4
2 1 0 1 1
0 5 0 3 1
1 1 0 2 0
1 0 3 1 0
3 2 1 3 1
2 4 5 1 2
0 1 1 1 7
1 1 2 2 2
3 1 1 0 0
1 0 0 3 1
6 0 0 4 1
0 4 5 0 1
2 2 5 0 4
4 0 5 0 0
0 1 4 2 2
3 1 1 0 2
3 0 1 0 2
2 4 5 1 3
3 1 0 3 3
1 4 5 0 1
0 0 1 0 0
5 6 4 0 1
6 0 0 2 0
0 2 4 2 4
0 3 0 0 3
3 2 2 2 2
0 7 0 0 2
0 0 1 1 1
2 2 2 1 0
1 1 0 2 0
0 2 1 3 1
2 0 1 6 3
6 1 2 0 2
4 2 0 0 1
6 5 1 1 2
1 0 0 5 3
3 4 0 1 0
1 7 2 1 2
2 1 4 3 0
4 1 1 2 5
0 0 7 0 1
0 1 0 4 1
5 2 0 2 0
0 5 4 4 2
1 5 2 4 1
2 2 3 2 5
0 3 1 2 3
3 1 2 1 2
0 1 0 3 2
4 2 1 3 1
3 1 2 2 0
5 3 2 2 1
1 0 3 6 1
0 0 2 2 3
1 3 1 2 0
1 0 3 5 0
2 0 2 4 3
0 1 3 1 1
2 1 0 1 1
0 5 1 2 2
0 5 0 1 1
0 2 1 3 0
0 0 0 2 0
0 2 2 1 0
2 1 0 0 2
2 0 2 3 2
0 3 2 0 4
2 4 1 2 0
1 0 0 5 1
1 1 3 1 1
0 2 3 6 3
6 2 4 2 1
1 2 4 0 2
3 3 3 1 0
1 1 2 4 2
0 0 1 3 1
0 2 1 0 4
0 3 3 1 0
1 4 1 0 4
3 2 0 1 0
0 1 2 3 2
1 3 1 4 4
0 1 4 2 1
3 1 0 1 2
3 0 0 3 3
2 2 1 1 7
0 4 0 0 6
1 2 3 4 3
4 5 0 2 0
0 5 2 1 0
1 1 0 1 1
1 5 4 2 1
0 5 2 4 6
2 3 0 5 1
3 1 2 1 3
2 1 0 4 0
4 2 3 1 3
1 5 0 1 1
1 0 2 1 4
1 7 0 3 4
1 2 5 3 6
4 1 0 6 1
0 1 3 5 2
1 1 2 1 0
1 0 1 4 2
0 4 0 2 0
0 1 2 1 0
3 0 2 0 5
1 3 5 0 1
2 5 2 0 7
0 0 2 0 2
4 1 0 0 1
3 0 2 1 1
2 0 2 3 2
0 6 2 3 0
0 0 0 1 1
0 2 2 2 2
4 3 2 2 2
4 4 4 1 1
1 3 0 0 2
6 1 1 3 2
1 0 2 1 5
2 0 0 1 0
4 2 6 1 1
2 3 0 3 1
1 6 2 0 5
4 2 2 1 1
5 3 0 2 0
2 1 0 4 0
3 2 1 1 2
1 0 4 4 1
2 0 1 1 1
0 1 3 3 0
4 4 2 5 2
1 1 5 4 7
4 3 3 6 2
0 5 2 1 2
2 1 0 1 2
2 5 2 1 7
5 0 3 0 6
6 4 2 2 0
0 3 0 3 0
5 5 2 1 1
2 1 2 0 0
4 0 6 1 1
0 2 1 4 1
4 6 1 4 0
4 0 2 2 4
2 0 6 0 0
5 6 0 0 1
1 2 0 2 0
0 0 3 2 7
4 6 5 2 0
4 0 0 0 0
4 2 4 5 0
2 4 1 0 3
2 2 5 0 0
1 1 2 6 3
3 2 1 0 2
0 3 1 0 4
4 2 3 3 2
2 2 3 0 2
2 1 0 1 5
0 0 2 0 1
3 0 3 1 2
1 1 4 0 1
2 4 1 3 5
0 4 3 1 0
0 2 1 4 4
3 4 3 2 1
4 0 0 3 2
0 4 1 5 1
1 2 3 4 1
2 4 1 5 4
0 0 4 0 3
1 0 1 0 1
1 6 0 3 1
2 0 1 0 1
1 4 2 6 0
2 1 1 0 4
2 4 3 3 3
5 2 1 0 5
0 5 2 1 2
1 0 1 3 0
0 0 1 0 0
1 2 1 1 5
7 5 0 6 2
2 0 2 0 2
3 0 1 2 4
1 1 2 0 2
2 1 0 4 0
3 0 4 1 0
1 0 1 6 0
2 1 1 3 1
0 1 0 2 2
3 2 2 0 7
1 1 0 0 0
1 1 0 4 7
6 2 2 2 0
7 0 0 0 3
2 0 3 1 0
7 0 1 0 1
1 0 0 2 2
2 5 0 1 3
0 0 2 1 4
0 7 3 1 1
0 0 3 3 3
3 3 3 0 0
1 0 1 2 5
0 0 2 6 4
6 0 2 5 1
1 1 0 0 2
3 2 5 1 2
0 0 4 2 4
4 3 2 4 3
2 0 4 1 4
0 5 3 0 1
3 3 1 5 1
1 2 2 7 5
2 0 6 1 3
4 1 3 0 0
1 0 0 2 1
2 3 0 5 0
1 1 0 3 2
5 0 2 4 1
0 0 0 1 2
0 2 2 0 1
1 4 0 4 0
4 2 0 3 7
2 3 3 0 0
6 1 0 3 0
3 0 1 1 1
1 4 1 2 3
0 3 7 0 4
0 2 2 0 0
1 4 0 1 0
0 0 4 6 1
1 0 1 0 1
2 4 0 2 2
1 2 2 0 0
3 5 1 0 4
1 1 0 1 3
5 1 3 0 7
0 1 1 3 1
2 1 5 1 0
1 0 6 1 0
1 2 3 1 4
2 1 1 3 7
2 7 2 4 0
1 2 1 3 6
0 0 1 0 0
2 2 3 0 1
2 3 1 0 2
0 6 2 1 0
2 0 0 3 0
1 3 5 3 1
0 2 0 1 2
0 3 3 1 2
0 1 0 2 1
1 0 0 2 2
7 6 1 1 3
0 1 0 0 2
0 1 3 1 3
6 1 2 3 2
2 3 0 2 4
0 1 2 2 0
0 5 1 3 0
1 1 3 1 1
2 2 4 2 0
6 1 3 3 1
2 2 2 1 1
0 2 3 3 0
2 2 5 1 0
2 1 0 2 0
1 2 7 0 0
1 0 3 2 0
3 1 1 2 2
4 0 4 5 1
1 1 0 2 2
1 4 2 1 0
0 5 1 4 0
2 1 1 2 0
1 2 2 1 4
3 2 0 2 1
4 1 0 1 1
1 1 1 2 2
0 3 3 2 3
0 1 1 1 0
0 0 0 1 0
2 2 0 1 3
4 2 2 0 3
0 1 6 2 1
1 0 0 2 1
0 3 1 0 0
4 0 0 3 1
0 0 2 1 4
1 1 1 0 3
1 1 0 0 1
5 1 2 0 0
2 0 0 6 1
1 0 3 0 1
2 2 1 2 0
3 2 6 0 0
5 2 1 1 2
1 2 2 0 2
5 3 3 1 1
4 1 3 0 2
0 3 6 0 1
1 1 1 1 2
2 3 1 3 1
1 0 0 1 1
0 1 0 1 1
1 1 1 0 3
0 1 0 0 5
1 2 2 5 4
3 0 3 0 2
0 1 2 2 1
3 2 0 3 5
3 0 3 2 1
3 2 0 3 0
2 2 0 2 4
0 2 0 4 3
1 0 2 4 1
3 3 1 1 0
1 1 4 0 1
3 3 1 2 0
2 3 0 0 5
2 1 1 3 0
2 0 3 4 1
1 2 1 4 4
1 0 5 2 2
1 2 0 1 4
2 7 2 3 0
0 0 0 4 6
1 2 4 0 1
2 4 0 0 0
2 0 1 1 1
0 2 3 2 3
0 7 3 2 1
0 6 3 2 1
1 1 0 2 1
5 2 2 7 7
5 3 3 1 0
2 1 1 0 1
0 2 0 3 3
3 0 2 0 0
0 1 0 2 2
0 1 1 3 0
2 5 3 6 2
3 2 3 1 6
4 7 3 1 1
0 7 0 1 0
2 1 3 0 1
0 5 2 1 4
2 4 4 0 1
2 0 4 2 6
0 0 2 3 1
0 2 4 2 3
1 1 0 0 2
0 6 0 0 1
2 3 0 1 3
5 0 1 1 5
3 4 5 1 2
1 0 0 3 1
1 1 0 5 5
1 3 2 1 0
3 2 1 5 2
2 1 0 2 0
2 0 2 5 6
0 1 1 3 0
3 4 1 1 3
3 2 1 7 3
4 0 0 1 2
1 4 2 0 7
1 0 1 3 0
3 1 7 5 1
1 2 0 6 2
1 4 3 1 1
1 1 1 2 1
7 2 1 4 4
1 3 0 0 2
0 1 1 0 4
4 0 0 7 1
3 0 2 1 4
0 1 0 1 4
1 2 2 0 0
1 4 4 1 1
1 6 1 2 3
1 6 2 2 5
0 0 5 5 3
0 0 7 0 0
4 1 1 1 1
2 0 1 1 1
0 2 2 2 2
2 1 0 1 1
2 0 0 1 2
2 1 3 5 2
2 0 1 1 5
5 3 3 1 0
0 2 5 1 0
1 1 4 0 0
1 3 2 4 1
0 3 6 5 2
4 0 2 3 2
1 0 3 0 0
7 1 0 4 0
1 2 4 1 4
1 2 2 7 4
0 1 2 2 5
2 1 2 1 1
1 4 2 0 1
4 3 2 1 0
0 1 0 0 2
4 5 0 7 0
5 3 1 2 7
0 0 5 3 1
1 3 2 2 3
3 2 2 0 2
5 1 0 2 6
1 5 1 5 2
3 2 4 2 0
6 1 2 3 1
4 1 2 0 3
0 1 3 2 0
1 2 0 2 6
2 2 0 4 0
2 1 2 0 1
1 2 0 0 2
0 1 3 5 1
2 3 2 1 2
3 0 1 0 0
2 3 3 3 2
7 6 0 6 5
0 1 0 2 1
3 1 0 1 4
1 1 1 0 3
1 1 0 2 3
3 0 2 0 0
0 0 0 1 3
0 4 1 0 2
3 2 2 2 0
1 7 1 4 5
2 2 0 0 4
2 4 1 4 0
0 1 3 2 2
1 2 3 1 3
6 2 5 1 4
3 2 2 0 0
4 2 3 5 0
1 1 0 5 1
2 3 1 3 2
2 0 3 6 0
0 2 3 3 1
1 3 1 1 3
2 0 4 0 2
2 0 0 0 5
4 0 5 0 1
0 1 3 0 1
3 3 1 2 1
3 4 3 1 2
1 2 0 1 0
3 4 5 4 4
1 3 1 4 1
0 4 4 0 2
1 1 0 2 1
1 2 1 0 0
1 0 0 1 3
6 0 0 1 1
1 1 3 0 2
1 3 0 2 3
2 2 3 2 4
0 0 1 0 4
1 4 4 4 2
0 1 2 2 4
0 2 3 0 0
3 3 2 0 1
0 0 3 0 0
1 1 3 7 0
1 2 2 2 2
2 1 4 2 5
2 3 6 1 2
4 3 1 0 3
0 6 5 2 4
1 3 3 0 1
0 0 0 1 3
0 0 1 5 0
0 3 1 1 0
1 2 4 1 1
2 3 2 1 3
2 2 1 1 1
6 5 1 0 0
0 2 4 2 0
3 0 2 0 1
2 4 2 0 5
1 1 1 1 2
1 0 1 5 0
4 4 2 2 7
7 1 1 0 4
0 1 2 3 1
0 1 3 7 3
0 0 1 0 4
0 5 2 3 2
0 6 1 2 0
2 0 1 2 2
4 4 2 3 2
5 0 3 2 2
2 4 1 1 4
0 5 0 0 2
1 1 3 1 3
0 1 4 1 3
1 3 2 4 0
7 0 4 0 3
2 3 2 0 2
0 2 1 2 0
1 0 3 1 1
1 0 0 1 2
0 0 3 1 3
1 0 6 0 0
1 6 7 3 5
5 1 2 0 3
0 0 0 6 1
0 1 3 0 0
0 0 0 5 1
4 4 3 1 1
0 1 0 1 2
1 5 3 1 2
0 3 2 3 0
3 2 1 1 4
3 2 2 3 5
2 2 3 1 0
0 4 1 1 0
1 1 1 3 1
0 1 0 0 0
1 1 1 1 2
3 2 2 2 0
1 4 6 2 1
0 1 2 0 1
0 2 3 1 2
2 0 1 1 0
0 1 2 1 0
0 4 1 3 2
2 1 3 7 0
0 1 1 0 2
2 1 3 3 2
2 1 0 1 2
0 2 1 1 1
1 1 7 0 6
0 2 2 3 3
0 2 3 0 3
1 1 4 0 3
1 1 4 1 1
6 0 1 0 0
3 2 0 3 1
3 0 1 0 2
2 1 1 2 0
3 4 1 0 1
3 4 0 4 0
2 2 2 2 6
4 3 0 1 6
2 0 2 4 1
7 6 2 1 3
0 0 0 2 3
3 5 3 0 1
1 4 0 3 1
1 1 2 0 0
1 1 3 4 0
1 0 4 4 1
0 3 1 3 0
3 3 1 1 1
0 3 1 1 3
7 0 1 2 2
2 4 2 2 1
1 7 0 2 0
0 1 1 5 0
1 3 0 0 2
3 6 1 0 1
2 1 1 3 5
1 2 1 2 0
3 0 2 1 1
4 2 1 0 6
0 0 3 2 4
2 1 1 0 0
0 6 0 0 0
1 4 1 2 2
2 5 5 1 0
5 2 3 4 0
2 0 0 2 0
0 2 1 3 1
2 4 0 2 0
0 3 3 1 2
2 0 2 0 2
1 1 2 0 0
5 5 0 1 6
0 3 1 0 0
0 0 5 1 1
3 2 2 1 2
2 0 0 0 0
0 2 3 3 1
5 1 4 0 3
4 1 1 2 5
5 0 3 2 2
0 1 5 1 3
7 2 3 1 2
1 3 3 6 2
0 1 1 0 3
2 4 1 4 6
2 1 3 3 0
4 3 0 4 0
1 3 1 4 4
1 0 5 5 2
1 1 1 2 3
0 2 0 4 6
0 2 0 2 0
2 4 1 4 0
1 0 0 3 1
2 0 2 1 2
0 1 2 5 1
0 0 0 0 4
0 2 0 0 1
2 4 2 1 0
3 1 2 1 4
0 2 4 0 0
1 3 4 0 0
0 2 1 0 4
1 0 1 0 2
0 7 0 1 1
3 2 0 4 0
0 0 2 0 2
0 3 1 5 6
0 1 1 1 0
0 3 1 1 0
4 0 1 0 1
5 1 0 3 1
1 3 1 0 0
3 2 0 1 3
0 4 4 1 2
0 1 0 2 0
5 0 3 0 0
2 0 0 1 2
2 1 1 5 1
0 1 0 3 3
5 0 1 4 1
1 2 2 2 1
1 1 4 4 3
6 0 4 2 4
5 1 3 7 0
3 3 4 1 4
0 1 1 6 0
1 0 0 0 4
3 3 2 5 3
1 0 0 0 3
3 1 3 7 1
0 1 0 3 0
2 2 7 0 1
3 5 2 0 2
1 0 0 0 0
4 0 5 3 0
7 0 2 2 3
1 3 0 0 2
5 3 3 0 0
1 1 2 0 0
0 1 2 1 1
0 1 5 0 1
1 2 0 4 1
1 0 1 0 5
2 4 1 0 1
0 7 4 1 6
2 3 2 5 0
7 0 0 2 1
4 4 5 0 1
4 1 4 5 0
0 1 5 1 2
4 2 2 5 3
3 3 1 2 2
5 0 4 3 5
7 1 1 1 6
0 0 1 0 2
1 0 3 1 0
3 0 6 2 3
2 0 0 2 3
2 5 0 2 3
0 1 1 1 2
0 6 2 2 1
2 6 6 4 0
4 3 3 2 2
2 0 6 2 1
1 2 3 1 1
2 6 7 1 0
1 2 1 2 1
2 1 2 0 3
3 1 4 2 3
2 0 1 0 2
0 0 1 0 1
3 2 0 4 2
1 2 3 1 4
2 3 1 0 0
0 1 0 2 3
3 0 2 0 1
1 4 3 1 3
0 1 2 4 2
2 3 0 0 3
0 2 0 0 1
0 0 2 2 5
7 1 2 1 1
4 1 1 1 2
1 2 2 3 4
1 2 0 1 0
7 2 2 2 3
1 5 3 2 1
4 4 3 1 1
0 2 0 3 1
2 4 5 1 1
0 2 7 0 3
0 1 1 5 1
0 5 2 2 0
1 0 1 1 1
0 0 1 1 1
3 2 0 0 1
0 4 0 5 6
0 3 1 1 0
1 0 1 3 0
0 0 0 2 1
0 1 0 3 0
2 2 1 6 2
0 3 3 1 0
3 3 0 0 0
2 0 6 2 1
1 0 5 1 5
1 3 2 2 3
6 1 1 2 2
1 2 2 5 2
2 0 0 0 0
7 4 0 1 0
4 0 0 2 1
5 6 1 2 0
0 6 3 2 2
1 0 1 6 1
5 1 2 2 0
2 5 0 0 0
0 5 2 5 0
1 2 6 1 2
1 1 1 7 0
1 1 0 1 1
0 6 3 2 0
1 4 0 0 1
1 1 0 0 2
1 1 2 0 0
1 2 1 4 0
1 2 0 1 0
4 1 0 3 0
0 0 1 1 1
2 1 4 7 7
1 0 0 1 2
1 0 2 0 0
4 0 2 0 6
1 0 0 0 1
2 0 0 5 4
3 1 4 0 3
0 3 2 4 4
1 1 2 1 1
2 3 3 2 4
0 0 0 2 0
0 0 2 1 5
3 4 0 0 1
1 1 0 2 3
1 6 2 2 0
2 0 6 2 0
2 0 2 1 1
6 1 4 0 1
1 2 1 3 4
0 1 1 0 1
0 2 1 2 0
4 3 3 7 7
3 1 2 1 1
2 2 0 1 0
1 1 0 0 2
1 1 0 3 1
0 1 2 5 1
2 1 4 3 3
2 2 0 0 1
1 3 0 0 0
3 1 0 3 5
2 3 3 1 4
5 0 0 1 0
0 1 3 1 4
0 3 1 4 0
4 1 1 1 1
1 2 4 1 4
1 5 4 1 7
2 0 1 5 3
2 1 0 1 6
3 2 1 0 4
6 2 3 1 0
1 0 3 0 2
1 1 1 1 4
2 0 2 4 1
1 0 3 4 0
0 0 1 1 0
0 2 2 0 3
0 0 1 0 1
0 2 1 2 1
1 6 2 0 2
2 0 5 5 1
0 1 2 3 2
2 2 3 3 0
0 0 1 2 1
3 0 2 2 0
0 1 2 7 1
1 2 0 0 2
6 1 2 1 1
0 5 3 6 5
2 5 3 1 0
0 1 1 0 1
0 0 0 3 1
1 2 0 2 1
0 0 4 0 2
0 1 0 1 2
2 0 1 3 0
1 0 2 2 5
6 7 1 1 3
0 2 1 7 0
0 6 2 3 3
0 2 7 4 3
2 1 2 3 0
2 1 0 3 6
0 1 5 0 5
3 3 0 0 3
2 0 1 1 0
2 0 5 4 1
0 2 5 3 1
1 6 3 1 2
2 2 2 2 5
4 1 2 1 3
0 3 6 1 0
0 2 2 0 1
1 5 1 5 2
1 4 1 2 4
4 4 1 2 1
3 0 3 1 4
5 0 1 0 2
0 1 0 4 1
5 1 5 3 1
2 0 1 0 3
2 0 5 1 5
0 0 4 3 1
0 3 0 2 4
6 0 2 1 1
2 3 0 5 7
2 1 2 1 2
1 4 2 4 0
2 0 5 1 0
1 2 1 0 4
2 2 5 0 5
1 1 6 2 1
2 0 1 0 0
7 3 5 5 2
6 0 2 1 1
1 0 1 1 1
4 4 1 4 1
1 1 3 0 2
2 2 1 1 2
3 3 0 0 2
2 7 5 0 0
0 0 0 4 6
0 4 1 2 1
2 0 2 1 4
4 2 1 0 0
0 2 0 1 2
3 4 1 1 0
0 3 1 2 1
2 1 3 2 2
2 1 0 0 7
3 1 0 1 1
0 4 2 1 0
1 1 1 0 2
2 1 1 0 0
2 7 0 1 5
3 3 2 0 1
4 3 2 1 0
3 3 6 5 2
0 2 0 2 1
1 1 2 4 1
1 5 0 2 3
0 0 3 1 3
2 1 3 1 0
0 1 2 3 3
2 1 2 0 0
1 0 2 1 4
0 6 1 1 6
3 4 3 1 0
0 2 1 0 0
1 2 0 2 0
1 6 0 0 1
0 2 4 0 2
5 2 1 4 2
0 3 6 4 2
2 2 1 6 2
0 1 0 2 2
1 4 2 2 4
1 3 2 1 0
1 1 3 0 2
0 0 4 2 3
1 2 1 0 1
3 5 5 3 2
4 1 3 3 0
3 0 2 0 4
4 7 1 3 4
2 2 1 1 2
3 0 1 1 3
3 2 2 6 5
1 2 0 4 1
1 0 4 1 4
0 0 4 3 1
0 1 1 4 3
2 1 1 2 3
2 3 2 0 1
0 2 1 5 1
3 0 1 1 0
2 3 1 5 4
4 2 3 0 1
2 2 1 0 2
0 0 1 1 0
2 1 0 7 0
6 2 0 1 3
1 3 3 1 1
5 2 1 4 1
1 0 2 1 7
3 3 1 3 3
3 3 0 2 1
3 3 2 2 3
0 5 3 3 6
0 1 0 3 0
3 3 0 3 0
3 1 6 4 2
0 2 0 1 1
4 4 0 3 6
0 4 1 2 3
0 3 2 1 0
0 0 6 1 1
5 1 0 0 5
0 1 0 1 1
1 5 5 1 2
3 0 1 3 4
0 0 2 0 3
5 1 0 1 2
3 2 3 1 4
2 2 2 0 2
1 2 4 2 2
2 2 5 6 2
3 3 0 0 0
1 3 0 3 0
2 2 1 1 0
3 0 1 0 1
1 3 1 2 3
1 0 2 1 3
0 1 1 3 1
6 7 4 0 0
1 2 0 1 1
0 1 3 7 2
1 0 2 2 2
5 1 3 0 1
2 0 2 2 3
1 5 0 2 3
0 1 3 2 0
1 1 0 2 3
1 1 1 0 3
0 0 3 3 2
0 1 1 0 2
2 0 2 1 0
0 2 1 3 2
0 6 4 1 2
2 1 4 4 1
3 0 0 1 0
1 1 2 1 1
6 1 0 2 4
5 0 4 5 1
6 1 0 0 4
7 0 4 1 5
1 3 3 2 0
2 1 0 1 0
7 1 3 1 0
1 0 0 1 2
3 3 3 0 0
4 4 2 0 3
1 0 4 4 1
0 4 7 2 1
0 0 2 1 1
4 4 1 0 1
3 0 0 0 2
7 2 2 1 0
3 1 1 1 0
3 0 1 5 4
4 5 0 0 4
1 2 2 2 0
0 0 1 1 1
0 0 2 0 1
3 3 3 5 4
0 0 2 1 1
4 2 1 1 1
1 0 2 0 4
0 0 0 2 0
1 4 2 1 1
4 1 2 3 0
2 0 1 0 2
0 0 0 2 2
3 1 2 1 1
1 0 1 4 4
0 4 7 3 0
0 3 0 0 1
5 0 6 4 1
0 0 3 0 4
3 1 2 2 1
0 0 1 2 1
1 1 0 0 4
2 0 0 3 3
5 0 1 0 0
0 4 1 1 2
1 1 7 1 1
6 1 5 5 6
0 2 0 3 4
0 0 3 2 6
5 2 2 4 0
1 3 1 0 0
0 1 1 3 1
7 5 3 5 4
2 1 1 0 0
4 0 0 1 3
0 3 2 2 1
3 1 2 1 2
2 0 0 5 1
2 3 0 0 5
1 1 4 1 1
2 4 1 1 0
2 1 3 3 1
1 5 6 3 1
0 3 0 3 0
1 0 3 4 1
1 1 4 0 1
1 2 5 3 2
2 4 7 2 2
2 1 0 2 4
4 2 2 0 2
4 1 0 2 1
2 4 1 1 0
1 0 3 2 4
1 0 3 1 0
0 1 2 1 2
1 0 0 0 2
1 1 4 0 0
0 3 3 1 0
0 0 6 2 2
0 0 4 1 1
2 5 3 0 1
6 4 0 0 1
3 0 1 2 1
5 1 3 0 0
3 2 1 3 2
2 1 2 0 4
2 0 0 0 3
1 1 2 3 4
4 1 3 1 2
1 6 3 0 2
0 2 2 3 3
5 0 2 1 1
4 1 1 5 6
1 2 0 4 4
0 2 3 2 0
1 4 2 0 1
1 3 1 0 3
2 0 2 0 1
2 3 0 1 1
2 0 4 0 1
3 1 0 6 0
5 0 3 0 3
0 3 0 2 0
1 1 1 0 2
3 5 1 1 1
3 5 1 0 3
0 0 0 1 6
2 4 0 2 0
4 0 2 3 0
4 5 0 1 4
4 1 0 4 2
2 3 7 1 1
6 2 0 1 2
2 0 2 0 2
3 0 3 1 0
3 2 0 4 5
4 3 3 1 3
0 2 1 1 0
3 1 4 0 2
1 0 3 2 0
3 3 2 4 1
0 2 0 0 1
0 0 0 0 1
0 2 0 2 0
1 0 2 2 0
1 2 2 1 3
0 1 6 2 5
4 2 1 5 1
3 3 1 2 1
1 0 4 3 0
3 4 0 2 0
0 3 5 5 1
4 0 3 0 3
2 2 3 0 0
5 1 2 2 1
1 0 2 0 0
1 5 1 5 4
0 0 3 3 2
0 3 1 1 2
5 0 1 4 4
0 0 7 3 5
2 0 1 1 6
1 3 2 3 4
1 5 0 1 4
1 0 0 3 0
4 0 2 2 3
3 4 0 2 1
1 1 2 0 0
2 4 2 3 4
1 2 5 2 2
4 0 2 1 0
0 4 0 6 2
1 0 1 5 2
4 0 0 3 5
1 2 1 2 3
3 1 0 6 0
3 3 3 3 5
0 0 4 1 1
0 2 0 1 0
3 0 3 3 2
3 2 4 0 0
7 7 2 4 1
5 4 2 2 2
1 2 1 2 0
3 1 1 0 0
2 0 5 2 0
1 3 0 2 3
1 5 5 2 0
0 2 3 2 1
1 6 4 5 5
2 1 0 1 3
6 0 0 2 0
1 5 4 0 0
1 2 2 0 1
3 2 1 2 2
3 1 1 1 4
2 0 5 3 1
1 1 2 0 2
2 2 4 0 3
1 0 0 0 3
1 0 2 1 0
1 2 1 2 3
1 4 1 4 2
0 3 0 3 0
1 1 3 6 1
4 3 1 4 2
6 0 5 1 7
0 2 0 2 2
0 0 2 1 4
6 0 3 2 2
0 3 1 0 4
3 3 4 5 4
0 1 4 3 1
3 1 0 4 2
2 6 3 2 2
0 7 2 1 0
1 5 2 1 2
5 1 1 0 0
3 2 3 7 0
2 5 2 6 1
6 0 2 2 2
1 0 2 0 2
1 2 0 0 0
1 4 0 4 1
0 4 0 1 2
4 0 3 5 1
0 0 1 1 0
2 2 1 2 7
2 0 3 2 2
3 3 0 1 2
3 3 2 0 2
4 1 0 4 1
2 0 0 7 1
0 2 0 0 4
1 1 1 6 0
2 0 4 6 1
3 6 1 1 6
4 0 0 3 3
0 1 2 1 0
0 1 2 1 0
0 0 0 1 1
1 0 3 0 0
6 0 1 2 3
2 0 1 2 1
2 1 2 3 2
2 1 0 2 2
2 3 1 2 1
3 1 1 3 2
0 4 3 2 2
3 1 2 0 1
4 4 0 0 4
0 3 1 3 3
0 5 3 1 1
1 1 3 1 1
4 0 2 3 1
5 0 1 3 0
7 2 0 2 1
0 3 0 2 5
2 4 0 0 2
0 2 3 2 2
1 0 0 5 4
1 0 1 6 7
0 0 1 5 3
2 1 4 0 3
0 0 0 4 2
1 0 3 1 0
0 1 3 0 0
7 1 3 1 4
2 1 0 1 1
2 2 4 4 5
0 0 2 2 4
2 1 5 4 3
4 1 1 3 4
2 0 2 0 0
1 1 4 3 1
2 4 0 2 2
0 2 2 4 4
2 1 7 2 2
2 0 5 3 2
3 1 0 0 4
2 2 7 0 3
1 1 3 0 2
7 2 0 0 7
4 1 3 2 1
7 1 1 1 1
3 5 0 0 1
2 2 1 0 0
2 2 1 3 1
0 2 0 1 1
2 3 3 3 0
4 4 0 0 0
2 0 2 0 1
5 1 0 1 3
0 2 2 3 3
5 2 5 0 1
5 1 3 1 1
1 0 2 0 6
1 1 0 3 2
6 0 5 1 6
1 0 1 0 0
0 1 3 5 1
5 2 2 0 0
0 1 3 2 3
4 1 2 0 2
1 0 2 1 6
0 3 0 2 1
6 2 2 0 5
2 1 1 1 1
1 2 0 1 0
5 2 0 1 0
0 6 0 2 1
1 0 0 1 3
0 1 0 1 3
5 5 3 0 0
1 1 0 3 1
1 3 4 2 0
3 2 2 5 0
4 6 0 4 0
5 2 1 0 3
0 1 4 0 3
0 4 1 3 0
3 1 0 1 2
6 3 4 3 1
4 1 5 7 2
0 1 0 1 0
3 3 3 1 1
3 3 1 3 4
2 1 3 2 3
2 3 0 2 1
0 0 0 0 0
3 5 1 1 1
4 1 0 1 1
2 1 1 0 1
0 2 2 2 1
2 2 1 2 0
0 3 3 3 2
1 1 1 0 2
0 1 0 0 0
0 4 0 4 0
1 3 2 3 0
1 1 7 2 1
0 5 1 0 3
0 2 1 3 0
0 0 2 4 3
1 1 2 3 3
0 1 2 2 5
0 4 2 4 2
1 1 2 2 0
1 1 2 7 5
6 3 0 1 1
0 0 4 2 0
1 1 0 2 1
1 4 6 2 0
2 2 0 2 3
2 7 0 4 1
1 2 0 2 2
0 3 1 0 4
1 2 0 6 1
7 1 0 2 4
1 2 2 1 1
5 0 2 2 3
0 0 0 0 1
0 1 5 2 1
2 1 1 5 0
2 0 0 0 1
2 0 3 2 1
0 0 3 1 1
0 2 2 0 2
0 1 1 5 3
0 5 0 1 0
7 1 1 2 2
2 5 2 1 3
0 0 4 1 1
5 0 0 1 3
1 1 3 2 3
0 2 1 1 6
0 4 2 3 2
7 4 2 2 1
5 3 2 0 3
0 1 2 2 1
1 3 1 0 2
3 3 3 1 3
2 1 0 0 1
0 3 5 1 1
0 5 3 0 4
4 1 3 1 1
1 1 1 3 6
0 6 2 5 0
4 1 0 4 0
6 0 2 2 1
0 1 2 1 1
1 0 0 5 4
5 0 0 2 0
3 5 0 0 2
1 0 0 2 6
1 3 1 2 2
0 2 1 1 2
1 6 2 0 1
2 0 2 3 0
0 2 4 3 2
6 3 2 3 0
1 1 1 6 2
1 3 4 0 2
1 5 1 1 1
3 2 0 0 5
1 1 3 3 0
0 2 5 0 0
0 2 2 0 0
4 3 4 3 1
0 0 2 2 0
2 4 6 0 3
0 4 0 0 1
2 0 0 2 2
3 0 2 1 0
3 5 2 2 2
0 1 0 5 6
1 3 1 3 1
2 1 2 1 0
1 4 0 1 0
4 3 0 1 0
3 1 0 6 0
1 1 2 3 2
3 3 1 3 3
2 2 1 1 4
2 3 0 4 1
1 3 0 1 2
1 0 1 5 1
0 3 0 0 0
1 0 6 0 3
2 1 2 2 0
1 2 0 6 0
4 3 1 2 1
0 2 6 1 0
0 0 1 4 0
3 1 5 2 1
2 0 1 3 4
5 7 3 0 4
1 4 0 2 1
2 0 4 0 3
0 2 3 2 3
0 5 4 1 2
0 1 1 4 1
1 4 1 0 1
3 3 1 5 0
3 1 1 1 0
0 4 2 0 3
2 3 1 0 6
0 0 2 1 2
1 0 1 1 4
0 1 0 2 0
0 2 1 2 2
2 0 1 3 0
1 3 4 1 0
0 4 0 1 2
5 5 3 0 0
3 1 0 3 2
3 0 4 1 4
1 2 1 1 0
3 3 2 4 2
1 0 2 0 0
0 3 0 1 1
1 6 2 1 1
5 1 2 1 0
3 2 2 4 3
3 1 2 4 0
4 0 4 0 5
1 3 3 4 6
1 2 1 2 1
2 1 1 1 2
3 2 3 0 2
1 1 5 3 0
0 1 0 1 1
0 1 0 5 1
1 1 6 0 2
1 5 4 4 1
0 2 2 1 1
4 0 0 2 3
4 0 1 1 4
5 0 0 2 1
0 3 2 0 2
0 2 0 2 1
2 2 1 6 1
0 1 3 1 4
2 5 0 2 2
0 2 3 1 4
3 4 3 6 0
3 3 2 4 3
2 1 2 2 2
0 1 1 1 7
1 0 1 1 4
1 2 1 0 2
2 1 1 2 2
3 0 5 2 0
2 0 4 0 0
0 2 2 1 2
0 0 4 0 2
0 2 1 2 2
1 3 2 2 2
1 1 1 1 0
1 0 3 4 1
0 1 0 6 3
6 0 1 1 2
3 4 0 0 1
2 0 3 2 3
0 3 2 0 1
1 0 1 0 0
5 2 1 5 0
0 0 2 3 3
0 2 2 6 4
4 0 0 3 2
1 3 3 1 0
2 4 2 2 4
1 1 0 1 0
2 2 1 1 0
4 2 0 0 0
4 3 2 4 3
2 2 1 1 2
0 6 0 2 1
3 0 2 3 3
2 7 3 0 1
1 1 2 0 0
0 0 0 2 1
1 1 0 1 1
2 2 3 0 1
3 0 3 6 3
0 2 2 0 0
1 0 0 5 1
2 2 1 4 1
0 1 3 2 0
1 1 1 2 0
1 1 2 1 2
1 0 0 0 1
0 6 4 3 5
2 5 2 0 2
3 2 4 2 1
2 3 2 2 3
3 1 3 3 5
1 1 0 0 2
2 5 2 1 1
4 3 3 0 1
1 0 1 1 7
5 2 3 0 3
3 0 1 0 0
0 3 1 1 0
3 4 2 6 1
0 0 1 1 1
1 0 0 4 5
0 4 1 2 1
2 1 3 1 4
4 4 1 1 4
1 1 0 3 0
2 4 4 0 4
0 6 0 1 0
2 2 0 2 1
0 0 0 1 6
0 3 2 1 2
0 1 2 2 4
0 0 5 0 6
1 0 3 1 1
3 0 2 0 7
3 1 2 4 4
0 2 3 4 3
2 3 1 1 1
2 2 4 7 0
4 1 2 6 1
0 0 1 2 0
0 0 1 4 3
4 1 1 0 3
1 2 0 0 1
3 0 5 4 1
0 5 0 0 0
4 0 2 3 1
0 0 4 0 2
1 0 2 2 1
0 1 3 0 0
0 1 0 3 1
1 1 1 1 1
1 0 5 2 2
1 5 3 1 3
0 5 0 3 4
2 3 1 2 1
2 2 2 5 1
0 1 2 0 2
0 0 2 3 3
0 4 2 2 2
0 2 1 1 0
4 1 2 3 0
2 2 0 1 4
0 1 4 0 1
3 0 6 1 1
1 0 0 0 4
0 2 2 0 0
0 2 0 1 2
3 3 2 0 0
1 4 3 1 1
0 1 0 2 0
5 0 0 0 1
2 6 3 3 7
1 2 4 0 4
3 2 2 2 0
2 2 2 2 0
7 1 0 3 2
2 2 0 3 0
4 0 5 2 0
1 3 0 0 4
2 2 3 0 1
3 1 6 3 4
0 0 0 1 0
3 2 2 2 3
4 0 2 4 2
4 6 3 1 1
1 0 0 0 1
3 2 2 1 3
1 3 0 1 4
3 1 0 2 1
2 2 1 6 1
3 1 0 4 3
2 1 1 0 4
6 3 2 3 0
1 0 2 0 3
5 0 0 2 0
2 0 0 1 1
5 3 0 0 3
2 1 1 3 1
3 2 0 0 0
2 2 0 7 0
1 1 1 0 0
3 0 0 3 1
0 1 1 1 1
1 1 5 3 4
3 1 1 2 1
1 0 2 0 0
2 0 2 0 1
0 1 4 2 1
1 1 3 0 1
2 2 3 3 7
6 0 0 0 4
0 1 1 0 0
7 4 2 1 1
3 1 4 2 0
1 2 5 2 0
2 2 1 4 3
1 0 0 2 0
0 1 0 4 1
5 2 0 0 1
3 0 1 2 2
2 0 6 0 0
3 1 1 0 0
0 2 1 4 3
1 2 0 1 2
2 0 1 1 7
2 0 4 0 0
0 1 1 0 0
2 1 2 6 1
0 0 6 1 1
4 1 3 1 2
0 5 0 1 1
1 1 1 1 5
3 1 3 3 0
1 1 4 2 1
6 0 0 3 1
1 0 1 5 2
2 4 6 2 0
4 0 1 0 1
4 7 0 1 0
4 1 2 0 0
2 0 3 1 2
3 1 4 2 0
1 2 2 3 0
1 1 1 0 1
2 1 1 0 2
4 1 0 1 1
2 4 1 1 0
2 3 2 4 2
1 1 0 2 2
0 1 3 5 3
0 4 0 2 1
7 1 0 4 4
5 5 1 5 3
0 2 6 0 2
1 0 1 0 0
1 1 1 2 1
0 1 1 5 5
1 0 3 0 2
3 1 0 3 0
3 2 3 4 2
0 6 0 7 1
7 3 4 2 3
5 5 0 2 1
0 4 0 0 0
1 2 4 2 1
3 5 1 2 3
2 1 4 4 1
3 3 2 0 0
1 3 5 2 0
5 0 3 0 0
0 3 2 2 1
0 2 3 1 3
1 3 0 5 1
2 0 5 0 1
1 2 2 0 4
0 0 3 4 0
2 2 4 7 2
0 2 1 1 2
0 2 2 0 7
0 1 6 1 0
0 3 0 0 2
1 2 0 1 1
0 3 6 1 0
1 3 0 2 1
0 1 1 0 6
3 0 7 1 2
1 0 3 1 6
0 0 4 1 0
0 3 0 4 3
1 2 4 1 1
5 0 1 2 3
2 2 2 6 7
0 1 0 1 5
0 0 2 2 4
0 3 1 0 1
0 0 4 2 3
0 3 2 3 4
3 1 0 1 2
7 2 0 6 7
0 1 1 3 0
3 0 3 1 6
0 7 0 3 1
0 1 2 6 1
2 2 0 1 7
4 3 6 3 6
5 4 1 0 3
0 1 2 2 0
1 7 0 0 7
2 0 2 3 3
1 5 5 1 2
1 4 3 2 2
5 5 0 2 5
0 0 2 4 2
1 1 1 2 2
6 0 1 3 2
2 5 3 1 3
3 2 1 6 1
1 1 2 3 4
1 0 1 5 1
0 1 5 0 0
1 5 2 2 0
2 4 2 5 2
1 1 4 0 3
2 1 1 1 3
3 1 3 0 4
2 0 1 3 3
1 0 0 1 2
1 1 0 0 7
4 3 4 1 1
3 2 1 3 1
0 5 0 3 2
1 3 1 2 6
3 2 0 1 1
0 2 2 0 0
0 0 0 0 2
3 1 0 1 6
1 2 1 3 3
3 1 1 6 0
5 1 1 3 0
0 0 3 4 1
4 0 2 1 1
0 5 1 3 2
2 0 0 0 1
1 0 3 3 2
4 3 2 2 0
0 0 2 2 1
3 0 3 1 1
1 0 0 1 5
2 0 6 3 2
0 1 2 0 2
0 1 1 1 0
2 1 1 1 1
2 4 2 1 5
1 1 3 4 1
0 2 0 2 3
4 4 0 3 1
1 1 4 0 0
3 1 0 4 5
3 0 2 2 0
2 0 0 1 2
4 1 1 1 1
2 0 1 0 2
5 0 2 1 1
2 1 3 1 1
0 4 0 0 4
1 1 3 2 1
0 0 3 2 3
1 1 2 2 0
1 1 1 1 0
1 0 1 2 3
0 2 2 1 2
3 0 3 6 0
3 0 2 3 3
7 6 0 0 2
3 0 1 0 0
1 1 2 1 0
0 6 4 0 1
1 2 0 1 0
6 5 6 3 0
0 0 1 0 0
0 5 0 0 0
1 0 0 0 2
0 1 1 3 0
2 2 2 5 3
5 4 1 1 1
5 1 4 1 0
3 2 1 1 2
0 1 4 1 0
1 1 1 0 0
2 2 2 2 1
2 0 0 0 0
5 2 2 2 2
3 0 1 1 0
2 0 3 1 1
1 1 0 2 3
0 3 5 4 0
3 6 0 0 1
1 2 2 1 4
5 0 2 1 0
4 1 0 0 0
6 3 1 3 2
4 2 0 3 4
4 0 2 5 4
1 0 2 3 2
4 2 3 1 3
1 1 1 2 0
3 2 0 1 0
1 5 1 0 0
0 1 3 1 1
0 0 2 3 7
6 0 4 0 1
1 0 2 3 4
2 1 1 0 4
3 4 2 2 2
2 2 2 1 4
0 0 4 0 1
3 5 2 3 2
2 1 4 4 0
0 0 2 1 3
0 2 3 0 1
4 0 2 1 2
2 1 0 4 2
0 0 0 1 1
1 4 0 1 1
0 1 1 2 2
4 2 3 4 0
0 0 1 3 2
2 3 2 5 1
0 1 2 2 2
0 0 4 1 1
3 4 2 0 4
5 3 1 0 0
2 1 4 1 1
0 2 0 7 0
1 1 7 2 0
0 2 4 2 3
2 3 4 0 1
4 1 5 0 0
1 0 0 3 3
1 3 1 1 0
3 0 1 1 1
0 0 4 4 0
3 2 1 2 5
1 4 0 1 0
1 1 1 2 1
0 2 6 1 1
5 1 2 5 2
2 3 2 1 0
0 4 0 1 3
2 2 0 1 1
2 2 4 1 3
2 2 2 0 1
0 5 2 1 2
0 2 2 1 3
1 0 2 0 3
2 1 1 0 0
6 3 1 0 1
2 2 1 1 6
4 0 5 2 0
0 3 0 1 0
2 3 2 0 2
1 3 0 3 0
2 3 6 4 2
5 0 0 5 3
0 5 3 2 5
2 1 3 3 2
0 0 1 7 1
6 1 5 0 1
0 0 0 3 4
3 3 6 2 3
4 2 2 3 1
3 0 4 3 4
3 2 1 1 3
0 0 0 3 0
2 0 3 4 2
3 3 2 5 2
2 1 7 4 1
0 1 1 1 3
1 2 3 4 2
1 3 3 0 4
1 0 2 2 1
2 2 1 0 1
1 0 1 0 2
5 2 1 5 2
0 0 2 1 0
4 1 2 0 7
3 0 3 0 3
3 2 1 0 3
1 4 2 0 1
0 0 4 2 1
1 0 1 3 3
6 2 0 1 1
0 5 6 0 1
1 6 1 2 1
2 3 0 2 1
4 0 1 0 0
4 4 0 4 5
5 2 1 0 2
1 0 0 3 0
1 1 4 1 2
0 0 0 1 0
0 2 0 1 3
0 2 2 1 0
3 2 6 4 1
1 0 4 0 2
0 1 5 0 1
3 2 3 1 2
2 3 4 3 3
2 2 0 1 0
0 2 1 0 7
2 1 4 5 7
0 1 5 0 0
1 0 1 0 4
2 1 1 0 5
0 2 3 0 2
1 4 5 2 2
0 3 0 1 2
0 1 0 2 5
1 0 3 3 1
3 1 2 0 1
0 1 0 0 2
4 2 1 2 2
1 1 1 0 1
2 1 3 2 3
2 2 2 1 2
1 5 5 1 1
1 2 3 4 0
2 3 1 3 0
2 7 2 0 7
1 3 2 3 1
0 1 5 1 0
1 1 3 2 3
1 1 5 3 6
1 0 0 3 2
4 4 2 1 2
4 0 4 3 2
2 1 0 6 0
1 1 5 2 0
0 5 2 1 0
0 5 0 4 1
1 0 4 0 2
2 1 1 2 4
2 3 0 3 2
3 0 6 6 0
2 2 0 2 5
3 3 2 1 0
1 0 3 4 3
1 3 1 2 3
0 5 3 5 2
2 1 0 4 0
3 3 1 2 1
4 0 1 0 1
5 1 2 1 6
1 0 0 0 3
0 2 0 3 3
2 3 2 1 1
1 2 3 0 0
1 0 1 1 1
0 2 0 1 0
1 2 5 1 1
1 0 4 2 5
1 2 5 3 0
4 1 0 4 0
3 4 2 2 1
1 3 3 3 0
2 1 0 0 2
4 5 0 2 0
2 4 3 2 1
1 0 3 1 3
1 3 2 1 0
3 1 1 1 1
0 6 1 1 2
4 2 0 1 0
0 1 2 4 0
2 0 5 3 5
0 2 1 4 1
1 0 0 1 3
0 1 6 2 2
1 1 2 1 7
3 4 1 2 0
0 2 4 1 0
0 0 0 1 4
2 6 2 2 2
5 0 4 7 3
1 0 1 1 0
0 2 0 0 0
2 3 1 5 0
3 1 5 1 1
4 4 2 1 2
1 3 7 2 2
0 6 0 5 2
3 0 6 4 1
3 1 0 4 1
2 1 2 2 2
1 1 1 0 2
3 2 0 0 7
6 0 6 3 5
0 1 2 1 1
0 1 2 1 1
3 0 3 6 2
2 2 5 0 0
3 1 1 0 2
2 2 0 4 1
2 1 1 1 1
1 2 0 2 2
0 7 0 1 1
1 0 0 2 0
2 0 0 4 5
0 2 1 1 1
0 5 3 2 3
0 3 0 0 1
0 0 0 0 5
3 3 4 0 3
0 1 2 2 1
0 1 1 2 5
0 4 2 3 0
1 2 2 3 5
3 1 0 5 3
0 3 2 2 1
0 5 2 0 1
1 4 2 1 1
2 2 6 1 3
2 1 1 2 2
6 0 7 0 3
0 1 3 2 4
0 3 2 7 3
4 2 1 0 0
2 1 2 2 2
2 4 2 1 4
4 0 1 3 1
0 2 1 1 2
2 4 0 1 2
0 0 1 3 0
2 5 1 3 2
3 2 0 3 5
1 2 1 1 2
0 0 2 4 1
6 1 0 6 3
7 4 3 2 2
0 1 2 1 0
1 6 2 0 5
3 1 2 7 0
4 0 5 0 1
4 2 2 1 0
0 2 0 0 3
0 1 1 1 2
1 4 1 3 4
1 2 4 1 0
2 1 3 0 0
3 2 3 5 1
4 2 1 1 0
4 3 1 1 1
5 5 2 3 3
2 4 1 5 1
0 0 1 4 6
5 3 4 1 1
3 2 1 5 0
1 1 3 0 1
1 0 1 4 0
6 1 4 1 0
4 2 3 0 0
4 6 6 2 0
0 1 5 0 2
2 0 0 1 3
1 0 1 2 0
0 7 3 2 1
0 0 3 0 1
1 1 0 3 0
3 2 5 2 0
1 2 2 1 0
0 0 1 4 3
0 1 2 0 1
1 4 0 3 0
3 4 2 0 3
1 2 2 2 0
3 2 1 2 1
5 1 3 6 2
1 0 7 0 0
3 0 0 3 0
2 1 2 1 3
2 1 0 2 3
1 0 1 2 1
3 1 0 2 1
1 5 2 2 3
5 1 1 6 0
2 1 3 1 0
2 1 0 1 4
1 6 2 0 5
6 4 1 3 1
0 0 1 1 2
1 3 1 4 1
0 0 5 1 1
0 0 2 1 1
0 2 1 6 5
4 0 2 0 0
2 0 3 6 2
2 3 1 3 0
0 2 3 7 3
0 4 2 0 0
1 4 0 2 1
1 0 3 5 2
0 1 6 1 3
2 1 0 3 0
2 0 2 1 1
4 3 2 6 1
3 2 0 2 1
3 0 6 2 2
1 1 0 0 0
0 2 2 1 1
4 2 1 1 1
0 0 4 1 1
1 1 3 4 3
0 2 1 5 6
0 4 0 0 4
0 1 1 1 5
0 2 2 6 3
1 1 2 4 2
0 4 2 1 3
2 0 1 1 3
3 1 6 0 0
5 0 1 1 2
3 2 1 3 5
0 1 4 1 2
2 4 7 0 3
5 4 2 2 3
0 6 0 5 2
0 1 0 0 0
2 5 3 4 3
1 1 0 6 0
2 0 0 5 0
0 0 4 0 1
4 1 0 1 4
0 1 1 1 2
2 6 3 2 3
3 2 3 6 1
3 4 0 2 2
3 0 3 2 3
4 0 1 4 0
4 3 1 2 0
3 4 0 2 0
3 3 0 5 1
0 3 1 1 2
3 0 0 6 0
0 1 1 3 1
1 3 1 2 1
1 4 5 5 2
0 6 3 3 1
4 0 5 0 0
1 0 0 2 3
0 0 0 5 0
1 1 7 0 0
7 1 2 2 0
4 1 0 1 2
1 3 3 3 4
0 1 1 1 0
0 3 5 3 0
0 2 2 3 0
3 3 0 0 0
3 2 1 1 3
4 2 4 4 0
3 2 3 0 0
4 1 3 1 2
0 7 0 3 2
0 0 2 2 2
1 2 2 1 3
1 2 2 2 2
3 0 1 0 3
6 1 2 0 5
2 3 1 1 4
4 0 0 2 0
0 4 4 1 5
2 3 2 0 1
1 0 0 0 6
4 4 0 2 0
2 2 0 0 5
2 1 0 0 1
1 1 0 2 0
4 3 1 5 2
4 0 6 5 3
2 4 1 1 1
0 7 1 0 1
7 3 3 1 1
2 0 3 3 3
0 0 4 1 0
1 4 2 3 1
5 7 2 2 3
2 3 0 0 2
4 0 1 2 0
0 2 1 2 3
4 2 4 0 4
1 7 0 0 0
0 1 1 2 0
5 1 0 1 0
1 0 2 0 1
2 0 0 0 6
4 6 4 4 0
3 1 0 2 2
0 1 2 2 1
4 1 2 0 3
4 0 7 3 0
0 2 2 4 0
1 5 6 2 1
3 0 0 2 0
1 1 3 2 0
2 5 4 0 0
3 0 5 4 2
1 3 2 3 1
3 0 2 3 1
1 4 4 1 0
1 0 0 0 0
0 1 1 3 2
3 1 1 4 5
1 2 3 4 3
1 1 1 5 0
0 3 0 1 3
5 0 4 1 1
2 1 4 3 4
1 1 2 1 0
0 3 6 0 1
0 1 3 3 3
0 3 0 0 2
3 2 1 4 4
3 3 1 2 1
5 3 0 3 1
4 2 1 0 1
0 3 3 1 1
2 3 1 2 2
1 4 4 5 3
0 1 1 0 6
2 5 3 2 0
2 3 3 7 6
4 0 1 2 1
5 3 3 0 0
2 1 4 2 0
4 3 4 1 4
7 0 0 1 1
1 0 3 1 3
2 5 5 2 0
1 0 0 3 1
6 2 4 3 5
1 3 0 1 0
3 3 0 2 3
3 6 0 3 1
3 3 2 2 1
1 5 0 1 5
2 2 0 2 3
0 0 1 4 3
1 4 0 2 2
2 0 0 4 0
0 0 3 0 1
3 2 1 5 4
4 0 2 2 3
2 1 0 1 2
1 0 0 0 3
4 1 0 0 0
1 2 1 1 1
0 1 0 2 5
2 0 0 2 0
5 0 1 1 2
5 1 2 2 0
2 0 0 5 1
2 4 4 2 1
1 3 2 1 0
0 0 1 0 1
0 4 4 2 3
3 1 0 2 3
1 5 3 1 0
0 0 0 3 1
1 1 4 2 2
0 2 4 5 3
0 3 1 2 4
2 3 3 1 0
2 0 1 2 2
1 3 1 5 4
6 1 1 4 3
0 4 2 3 0
4 1 0 1 0
1 5 0 2 1
3 3 0 0 3
0 0 0 4 6
2 6 1 0 0
5 5 1 5 0
1 0 6 0 2
3 0 1 1 3
2 1 0 1 2
1 1 1 1 2
1 4 1 1 3
5 0 0 7 2
3 0 5 3 1
3 1 1 0 0
1 0 0 1 2
0 0 4 6 4
0 2 4 1 4
1 1 0 3 6
4 3 4 0 3
1 3 0 2 0
1 3 0 6 0
2 3 2 0 2
0 0 3 1 3
0 1 0 1 0
5 4 0 3 0
2 1 1 1 0
4 1 2 3 6
0 1 3 1 0
7 3 2 0 0
4 0 0 1 2
4 4 2 0 2
1 1 1 2 2
2 1 6 4 1
4 1 0 2 1
1 0 2 4 0
1 1 2 0 0
2 0 2 0 2
2 0 3 0 1
0 0 3 2 3
2 0 2 0 0
2 0 2 4 0
0 3 3 4 3
3 1 2 2 0
1 1 1 4 2
1 6 4 0 1
0 0 2 4 0
1 2 2 1 0
2 1 2 0 2
0 1 5 1 1
0 1 1 1 1
0 5 1 0 0
1 1 1 1 5
6 1 4 2 3
1 2 1 7 1
0 3 4 1 5
3 3 3 2 2
2 0 0 6 1
1 1 2 5 2
6 1 2 3 2
3 2 1 1 4
1 2 0 7 1
4 2 5 2 2
0 1 1 4 0
1 2 0 0 3
0 3 0 2 1
4 0 1 0 1
1 0 3 7 0
2 0 2 3 4
3 0 0 3 2
2 2 0 0 1
2 1 6 6 1
5 0 3 3 1
2 0 3 0 3
2 5 4 2 1
0 2 3 4 0
7 3 1 1 3
3 1 0 0 2
2 5 1 4 0
2 3 1 4 0
2 0 1 1 2
1 1 0 2 0
3 2 3 1 1
3 6 0 2 2
2 6 3 6 3
2 7 1 0 0
7 1 1 2 0
1 1 4 3 1
2 3 0 5 3
3 1 0 0 0
6 1 2 5 2
1 3 5 0 4
5 2 3 5 0
1 1 1 3 4
4 2 1 1 0
0 1 0 0 1
0 1 1 0 2
2 1 0 1 2
0 0 1 1 2
3 0 3 1 1
0 0 1 0 1
1 4 0 2 1
0 1 0 0 2
3 3 2 0 2
5 2 0 0 1
6 1 6 0 2
1 0 3 0 1
2 0 0 1 1
0 3 1 1 1
0 1 0 4 2
2 0 4 4 1
0 3 4 3 1
0 0 1 0 0
2 0 3 5 0
1 0 0 5 1
2 0 4 1 4
0 6 2 4 0
1 6 1 0 0
2 0 5 3 1
7 3 1 1 0
3 0 6 3 1
4 3 4 2 3
2 1 2 1 6
0 1 1 1 3
1 1 0 0 5
3 2 5 4 2
1 4 2 1 4
3 0 0 6 0
0 2 0 1 1
2 0 2 0 4
1 4 1 0 2
2 3 3 2 0
1 1 1 0 1
1 0 2 1 4
1 0 1 1 1
7 1 2 0 2
0 3 0 0 6
5 3 1 1 4
1 3 1 4 0
0 5 0 1 4
2 2 1 0 0
1 2 1 0 1
1 0 0 0 1
0 1 0 1 5
2 1 2 0 2
3 1 3 0 0
0 2 1 1 1
0 2 3 2 0
0 1 0 2 2
1 0 6 4 0
0 2 1 0 1
4 2 0 3 0
1 6 0 1 5
2 4 4 0 0
2 1 4 2 0
1 5 0 3 0
1 2 1 1 3
0 0 2 0 1
0 6 3 2 2
1 0 2 2 0
0 0 0 0 2
1 1 2 0 3
3 3 3 1 0
0 3 3 1 1
0 0 2 0 1
0 0 1 0 6
4 1 1 2 3
2 1 0 2 1
1 0 7 1 1
2 3 1 2 0
2 4 0 2 3
2 2 0 3 3
1 2 2 4 2
2 2 4 2 3
0 0 3 1 1
1 1 1 1 2
3 2 4 1 4
2 3 0 0 4
0 5 0 4 1
4 4 5 0 0
3 4 0 4 2
1 2 0 7 7
2 5 4 2 3
2 0 2 2 4
2 1 0 0 1
1 3 0 3 5
4 0 0 4 1
1 1 1 3 2
0 3 2 6 4
1 5 1 3 5
2 4 2 4 1
1 2 3 7 3
1 1 2 3 0
0 0 3 1 2
3 0 1 3 2
6 1 0 2 5
0 0 2 1 1
0 3 6 1 2
5 4 1 0 2
6 1 0 0 1
1 1 2 3 2
6 0 4 4 2
3 2 2 0 0
2 6 2 3 6
0 0 2 3 2
6 3 2 6 3
1 2 4 6 2
1 0 1 3 4
1 5 1 3 3
1 2 3 2 4
3 2 3 0 0
4 0 0 0 2
2 5 0 1 1
3 1 2 0 1
4 0 0 4 2
2 0 0 1 4
2 3 1 1 2
3 1 1 3 1
1 1 0 0 6
5 1 0 1 0
3 4 2 0 3
3 4 4 2 1
0 1 0 0 1
1 0 0 1 3
3 2 1 3 4
0 0 2 0 1
0 1 0 1 3
1 5 1 2 3
4 1 0 5 2
2 1 4 0 0
6 0 0 1 1
2 2 1 3 1
0 0 0 2 2
0 1 2 1 1
2 2 4 0 0
0 5 1 3 5
3 5 1 2 1
3 7 1 1 0
3 5 5 0 1
0 5 4 1 2
0 0 4 4 0
0 6 2 3 7
5 1 4 1 3
1 0 0 0 2
2 4 3 2 1
4 2 0 1 2
1 2 1 3 2
2 4 2 1 0
5 3 2 2 1
2 2 1 0 3
1 2 1 1 4
3 5 0 1 1
1 1 3 0 1
3 1 2 2 2
3 0 0 3 2
4 3 3 4 1
1 4 0 2 1
1 0 1 1 1
3 1 1 2 5
1 2 5 0 7
1 2 0 0 2
0 3 0 0 4
4 3 2 4 2
1 0 0 1 2
4 3 2 4 7
1 2 0 3 5
3 2 3 2 0
0 5 3 2 2
0 2 6 2 3
0 2 0 0 0
6 1 0 7 0
1 3 1 2 0
3 2 0 1 0
2 2 1 0 2
4 0 2 3 5
5 1 3 2 1
1 2 0 1 1
2 0 2 2 4
5 3 1 3 4
0 2 3 3 3
0 2 1 2 2
1 3 0 2 4
2 4 4 0 0
4 3 1 1 0
2 1 1 0 0
0 0 0 2 0
4 0 1 2 0
4 0 0 3 0
3 0 1 2 1
0 0 0 0 0
3 1 3 4 2
0 1 0 2 4
5 1 5 3 0
1 6 1 1 0
2 3 0 1 1
0 3 0 0 3
1 3 5 6 3
2 6 2 3 2
1 0 0 3 2
3 1 3 1 1
1 0 1 1 1
3 0 0 7 5
0 2 7 0 0
2 0 0 1 2
1 1 1 0 0
1 4 1 2 6
2 4 0 1 1
4 0 1 0 4
1 3 4 0 1
2 2 4 1 6
6 0 6 1 1
1 0 2 0 1
1 2 1 1 0
2 1 4 1 2
2 2 1 1 1
2 2 0 2 1
2 0 3 2 1
0 1 6 4 3
1 0 1 1 1
0 2 1 3 1
1 3 0 0 2
0 1 4 3 6
1 4 3 0 3
6 1 2 4 3
0 0 0 0 0
0 1 6 2 2
6 1 0 1 4
1 3 1 4 0
0 0 0 3 2
4 4 4 2 1
4 0 3 4 6
2 0 2 0 2
5 1 0 2 2
0 3 2 1 0
0 7 1 5 7
4 2 0 1 2
1 0 4 1 0
5 1 1 6 5
3 4 3 4 1
0 2 1 0 1
0 5 4 2 2
5 0 1 1 1
1 3 0 5 1
5 1 1 0 1
1 1 0 2 0
3 3 1 2 3
4 0 0 4 0
0 0 0 0 1
0 2 0 1 0
0 2 0 2 1
3 1 0 1 4
0 3 1 1 2
1 7 0 1 1
1 2 2 7 4
0 1 0 0 2
2 2 0 0 1
3 2 0 4 1
2 2 0 1 0
1 3 1 0 6
0 3 2 0 3
4 2 0 0 1
1 1 3 2 4
0 2 1 3 6
1 0 0 0 3
0 0 5 0 1
3 5 3 1 2
2 2 1 1 6
1 2 1 2 1
5 0 4 0 2
2 0 1 5 1
1 1 1 3 2
1 2 5 1 1
0 2 3 0 3
5 0 1 4 1
1 0 0 0 2
2 3 1 1 0
1 0 0 0 6
0 4 2 1 1
0 5 0 1 0
3 1 1 4 1
2 0 2 0 1
2 2 2 1 1
1 4 6 2 3
1 1 2 0 5
1 5 1 2 2
3 5 2 3 3
0 1 2 2 3
0 1 2 3 0
1 0 2 0 4
0 2 0 6 2
1 0 2 1 0
5 1 5 2 2
0 2 1 1 0
0 2 5 5 1
0 1 3 0 5
2 1 1 3 0
0 0 1 0 3
5 1 2 6 4
4 0 2 2 0
4 2 2 0 1
2 3 1 2 0
0 2 1 0 1
0 1 0 1 0
3 1 1 3 4
1 0 1 3 0
1 0 0 0 3
0 1 0 3 0
0 1 1 1 0
0 1 1 4 1
3 6 1 3 0
2 1 6 1 3
2 1 0 1 0
2 1 2 1 4
1 1 5 5 3
1 2 1 1 1
0 0 0 2 3
2 0 2 1 1
2 0 1 2 1
1 2 2 2 4
4 2 2 0 6
1 1 2 0 1
3 1 1 3 1
4 3 0 3 2
0 0 2 3 3
0 2 3 1 0
0 0 0 2 2
1 2 1 3 1
1 5 1 2 0
3 1 1 0 2
1 0 0 1 4
0 2 2 2 4
0 0 0 0 2
1 1 0 0 1
6 6 1 1 4
1 6 4 2 0
2 3 5 1 5
3 0 0 0 3
3 3 2 1 0
1 6 3 1 0
1 0 4 3 2
0 5 0 6 0
4 0 2 4 2
4 0 2 1 2
2 3 3 1 0
4 1 0 0 4
5 4 4 0 2
2 2 1 4 1
0 0 0 2 2
1 1 3 1 1
0 1 3 4 2
7 2 2 1 0
3 3 0 0 0
2 0 2 1 0
0 3 0 0 1
0 1 0 2 2
1 0 1 1 1
1 1 3 3 1
1 0 0 1 4
1 1 5 0 4
6 6 0 1 0
1 0 1 0 0
2 1 1 0 0
2 1 5 0 3
1 0 1 5 4
2 3 6 0 4
1 0 3 0 0
5 0 1 1 3
1 2 1 4 0
6 2 3 1 4
0 0 5 2 0
0 3 1 1 1
0 3 0 0 6
3 0 0 0 1
1 1 4 0 1
1 1 0 6 5
1 4 1 3 3
0 1 1 1 5
0 1 2 3 0
0 0 4 2 2
3 0 2 5 2
2 0 1 1 0
3 5 0 3 3
2 2 0 0 1
1 3 1 1 1
1 0 3 1 2
1 3 0 0 2
4 2 2 0 3
0 3 4 2 0
1 1 1 0 0
2 1 1 5 2
0 3 1 2 1
3 0 1 1 1
0 4 6 2 0
4 2 2 3 0
3 3 0 3 4
5 2 1 0 2
0 1 0 1 2
0 0 7 1 1
1 1 1 6 2
2 0 7 0 3
3 5 4 5 0
1 2 0 3 0
2 2 1 2 2
2 0 1 4 0
5 1 0 5 0
3 2 1 2 0
0 3 2 1 1
0 4 2 2 6
4 5 2 0 2
0 1 0 1 2
2 2 1 4 5
4 3 2 1 3
0 2 0 0 4
1 4 2 1 0
2 3 1 4 2
4 4 4 1 0
1 1 2 1 0
0 7 2 0 0
3 2 1 0 1
3 1 3 1 0
3 0 0 0 0
2 2 2 4 3
4 1 1 0 7
1 5 3 0 3
1 6 2 0 0
2 3 0 3 2
0 7 0 0 2
4 6 2 0 3
4 0 1 0 1
7 0 5 0 1
1 2 2 2 4
0 1 1 0 1
2 4 1 0 5
4 1 7 6 1
3 0 1 0 1
0 0 0 2 4
4 1 0 4 6
4 3 0 1 7
0 1 5 0 1
1 0 1 3 2
0 0 2 4 1
5 3 4 0 0
4 1 1 3 1
2 1 0 1 2
4 6 1 2 5
3 0 1 1 1
2 2 0 1 1
2 0 0 3 2
5 3 2 1 2
0 5 4 2 2
1 1 1 0 0
0 1 2 3 0
0 1 7 1 0
1 0 4 7 0
3 6 0 0 1
5 0 0 6 2
2 6 3 4 0
2 0 2 4 2
1 2 2 2 2
0 2 2 1 2
6 2 0 5 7
0 1 3 2 1
0 4 7 2 3
2 3 2 1 1
0 0 0 2 1
0 3 0 2 0
0 4 5 1 4
4 3 3 3 1
1 6 1 6 4
3 0 0 1 3
2 3 4 2 4
1 6 2 1 0
1 3 1 0 0
0 1 0 1 3
2 0 3 4 2
4 0 1 0 6
2 6 3 1 1
1 0 4 2 1
1 1 2 1 6
2 2 2 2 2
1 4 0 2 1
1 0 3 0 2
4 1 3 0 0
3 1 5 2 5
3 0 4 2 1
0 1 5 2 3
7 2 1 1 3
2 0 1 0 2
4 0 2 0 0
0 2 1 6 0
1 0 2 4 2
5 5 2 2 3
3 2 2 3 7
3 1 6 4 1
1 1 1 7 1
1 6 1 1 0
0 1 2 6 2
4 3 1 0 1
3 1 2 1 2
1 3 4 3 3
1 4 6 1 1
2 5 4 3 3
2 4 1 0 2
3 0 4 3 0
5 2 1 1 2
4 1 5 2 0
0 3 3 6 1
6 1 1 0 0
1 0 5 0 1
2 3 1 2 1
6 0 1 0 1
3 1 6 1 0
1 2 1 0 2
0 2 1 5 4
2 2 0 0 0
3 1 4 0 0
1 3 1 2 2
5 1 4 0 0
0 0 0 3 0
4 1 2 3 2
0 1 1 0 6
0 4 2 1 1
0 0 0 4 0
2 0 4 0 4
4 7 1 1 1
2 0 1 1 2
2 5 2 4 2
6 3 5 3 2
3 0 0 0 0
5 2 3 3 3
6 1 2 0 0
3 3 2 1 1
4 0 3 4 1
2 1 5 2 0
0 1 4 2 0
3 1 0 2 1
2 0 1 3 1
3 2 2 2 2
0 4 2 1 2
2 2 1 0 0
2 3 3 6 2
0 2 0 1 5
0 1 0 0 2
0 2 0 1 1
1 2 2 0 2
0 3 5 1 0
0 4 1 0 1
2 1 1 1 2
1 0 0 0 0
2 2 0 3 1
1 2 5 6 0
1 3 4 3 1
3 4 3 1 4
4 2 2 5 3
0 2 0 2 0
3 2 2 0 6
2 1 2 7 0
5 1 1 1 3
4 3 2 0 3
0 0 0 3 3
5 0 1 4 0
3 0 2 2 2
1 2 7 1 3
0 4 1 3 0
0 7 2 3 1
2 3 1 1 6
0 5 3 1 2
0 0 0 1 1
3 5 2 2 4
2 2 3 4 2
3 0 4 5 4
2 1 5 2 2
6 3 1 2 2
1 0 0 3 1
3 2 0 1 0
1 0 1 1 0
1 1 2 4 2
4 1 6 4 3
1 4 2 4 0
3 1 1 1 3
2 1 1 1 4
0 5 1 0 0
4 7 4 6 1
6 2 3 3 0
0 4 4 0 3
4 2 3 3 1
4 4 1 3 0
0 3 0 1 2
1 1 4 1 7
4 1 0 1 4
1 3 4 1 3
2 4 2 1 2
1 0 1 0 0
0 2 1 0 1
0 3 0 1 1
1 2 3 3 1
0 4 5 5 3
2 1 1 3 1
2 1 1 2 1
1 4 3 0 1
0 2 2 1 7
3 3 6 2 1
1 1 1 2 0
0 1 3 2 0
1 3 3 2 0
4 4 1 2 3
0 1 5 0 0
1 3 2 5 0
3 1 0 4 4
0 2 1 2 1
0 2 1 1 0
1 3 3 0 3
0 1 1 3 1
1 1 4 0 2
2 4 4 3 1
0 1 3 0 0
1 1 2 2 0
2 2 7 1 1
0 4 5 1 1
6 2 1 0 0
4 0 4 5 3
4 3 1 0 4
0 1 2 3 0
1 3 4 0 0
3 3 6 5 0
1 0 6 0 2
3 1 1 0 1
6 6 0 0 0
1 0 2 2 0
1 0 5 2 2
4 5 1 4 0
0 3 1 1 3
0 1 2 0 2
3 2 5 4 2
0 6 1 5 3
0 2 2 0 0
7 2 4 2 1
2 1 3 6 2
1 1 0 3 7
3 2 0 0 1
4 0 1 3 2
3 3 0 1 0
2 0 3 0 3
2 2 6 2 1
3 5 2 1 2
5 2 0 4 3
3 3 0 4 0
1 2 0 0 5
0 0 0 1 4
3 0 0 2 2
2 1 3 0 3
0 1 0 2 0
0 1 4 1 0
2 1 3 1 3
5 0 1 3 1
0 2 2 4 0
2 2 0 0 5
6 1 7 2 4
6 3 4 3 2
3 0 0 2 0
0 2 2 1 5
1 4 1 1 2
0 1 2 0 3
1 0 0 1 6
3 1 1 0 6
3 1 4 0 6
3 0 0 0 0
1 3 1 3 2
5 2 3 0 0
1 1 0 1 0
1 3 0 1 0
0 6 0 2 5
2 2 1 2 1
3 0 5 0 6
2 3 2 0 3
3 2 1 3 3
1 0 0 2 2
1 1 2 2 2
0 4 2 0 3
4 1 2 1 3
1 5 2 0 5
1 2 1 0 2
2 0 2 2 0
2 1 5 6 1
1 1 5 4 4
2 1 1 0 3
1 0 1 3 3
1 2 3 1 0
2 0 4 0 2
2 0 2 0 2
1 3 1 1 3
0 1 2 1 4
2 0 1 2 1
4 1 5 2 2
5 5 3 2 2
1 1 3 1 0
3 0 7 1 1
4 3 0 2 0
3 0 1 0 1
0 0 0 0 2
4 5 2 0 1
2 3 4 1 6
0 1 2 1 2
2 2 5 2 3
2 5 3 0 6
1 0 0 3 1
2 3 1 3 0
0 1 1 1 1
0 0 4 1 1
2 1 3 0 2
2 5 3 3 1
1 0 1 0 1
3 0 5 1 2
0 1 0 1 0
0 6 4 2 3
4 0 3 1 1
1 0 1 1 2
6 1 0 3 0
2 5 2 2 0
6 1 3 2 2
6 1 5 1 2
4 1 2 0 1
3 6 2 1 0
2 4 1 7 0
1 2 1 1 0
2 0 3 6 1
3 3 0 0 1
0 1 1 3 2
0 1 0 0 1
1 2 0 2 1
2 2 1 4 2
2 1 2 1 0
5 1 1 2 2
1 3 6 1 1
0 2 1 1 0
3 1 2 2 2
5 5 1 2 1
0 0 2 4 1
2 0 6 0 0
0 4 3 0 0
1 2 0 0 4
3 5 4 4 1
1 2 2 1 0
3 3 2 3 2
3 0 1 0 2
1 4 2 0 2
1 0 0 0 1
6 2 0 1 0
3 0 4 4 7
0 0 1 1 2
0 1 4 2 6
1 2 0 2 3
0 3 2 3 1
0 0 1 1 0
0 0 0 1 0
5 2 4 1 0
1 5 1 3 6
2 0 1 0 3
0 0 0 2 4
1 2 3 1 2
0 1 3 2 2
2 2 3 2 0
3 2 0 1 1
0 5 1 1 7
1 5 1 2 3
3 2 2 6 0
2 3 3 2 0
3 6 6 3 1
0 3 0 4 0
1 0 5 3 1
4 2 3 1 6
1 2 4 1 0
1 0 0 2 2
3 3 4 2 0
2 0 6 1 0
1 0 2 1 0
0 4 1 3 0
0 1 2 5 3
2 1 1 1 3
1 1 2 4 2
2 2 2 0 0
2 2 1 2 1
3 5 1 7 1
0 6 1 2 0
0 1 4 0 3
2 5 3 4 1
2 2 2 1 4
2 2 5 1 2
1 2 3 7 2
0 2 4 0 2
1 2 2 3 2
1 3 3 2 7
1 0 4 6 4
3 1 1 0 2
1 0 3 0 2
1 4 4 1 2
1 0 3 4 1
4 2 1 3 5
4 0 1 1 3
3 5 3 4 5
2 2 5 2 2
1 0 2 0 1
2 0 1 1 0
0 1 0 1 1
3 5 4 2 4
2 0 1 2 0
0 0 0 2 1
0 3 1 0 1
0 0 0 0 3
1 0 5 3 1
6 3 3 2 4
1 4 2 0 1
6 0 2 2 7
0 1 0 1 0
2 4 1 2 4
5 1 2 1 1
0 0 0 0 1
0 2 1 3 1
2 6 0 0 3
0 3 3 4 0
1 6 7 1 1
6 1 0 5 4
