10 10
0.08 0.08 0.08 0.08 0.08 0.08 0.08 0.08 0.08 0.08
0.08 0.08 0.08 0.08 0.08 0.08 0.08 0.08 0.08 0.08
0.08 0.08 0.08 0.08 0.08 0.08 0.08 0.08 0.08 0.08
0.08 0.08 0.08 0.08 0.08 0.08 0.08 0.08 0.08 0.08
0.08 0.08 0.08 0.08 0.08 0.08 0.08 0.08 0.08 0.08
0.08 0.08 0.08 0.08 0.08 0.08 0.08 0.08 0.08 0.08
0.08 0.08 0.08 0.08 0.08 0.08 0.08 0.08 0.08 0.08
0.08 0.08 0.08 0.08 0.08 0.08 0.08 0.08 0.08 0.08
0.08 0.08 0.08 0.08 0.08 0.08 0.08 0.08 0.08 0.08
0.08 0.08 0.08 0.08 0.08 0.08 0.08 0.08 0.08 0.08
5 3
25 25 25
1 1
0.8 0.15999999999999998 0.03199999999999999 0.006399999999999996 0.001279999999999999 0.0002559999999999997 5.119999999999994e-05 1.0239999999999985e-05 2.0479999999999963e-06 4.095999999999992e-07 8.191999999999982e-08 1.638399999999996e-08 3.2767999999999914e-09 6.553599999999981e-10 1.310719999999996e-10 2.6214399999999915e-11 5.242879999999982e-12 1.048575999999996e-12 2.0971519999999919e-13 4.194303999999983e-14 8.388607999999963e-15 1.6777215999999924e-15 3.3554431999999836e-16 6.710886399999966e-17 1.3421772799999928e-17 -2.220446049250313e-16
0.8500000000000001 0.12749999999999995 0.019124999999999982 0.002868749999999995 0.000430312499999999 6.454687499999981e-05 9.682031249999966e-06 1.452304687499994e-06 2.17845703124999e-07 3.267685546874983e-08 4.901528320312471e-09 7.352292480468703e-10 1.1028438720703048e-10 1.6542658081054564e-11 2.481398712158183e-12 3.7220980682372723e-13 5.5831471023559054e-14 8.374720653533851e-15 1.2562080980300772e-15 1.8843121470451146e-16 2.82646822056767e-17 4.239702330851503e-18 6.35955349627725e-19 9.539330244415869e-20 1.4308995366623796e-20 2.220446049250313e-16
0.9 0.08999999999999998 0.008999999999999996 0.0008999999999999994 8.999999999999992e-05 8.99999999999999e-06 8.999999999999988e-07 8.999999999999987e-08 8.999999999999985e-09 8.999999999999982e-10 8.99999999999998e-11 8.999999999999979e-12 8.999999999999977e-13 8.999999999999974e-14 8.999999999999971e-15 8.99999999999997e-16 8.999999999999968e-17 8.999999999999966e-18 8.999999999999964e-19 8.999999999999962e-20 8.99999999999996e-21 8.999999999999958e-22 8.999999999999956e-23 8.999999999999955e-24 8.999999999999952e-25 0.0
1 2
0.8 0.15999999999999998 0.03199999999999999 0.006399999999999996 0.001279999999999999 0.0002559999999999997 5.119999999999994e-05 1.0239999999999985e-05 2.0479999999999963e-06 4.095999999999992e-07 8.191999999999982e-08 1.638399999999996e-08 3.2767999999999914e-09 6.553599999999981e-10 1.310719999999996e-10 2.6214399999999915e-11 5.242879999999982e-12 1.048575999999996e-12 2.0971519999999919e-13 4.194303999999983e-14 8.388607999999963e-15 1.6777215999999924e-15 3.3554431999999836e-16 6.710886399999966e-17 1.3421772799999928e-17 -2.220446049250313e-16
0.8500000000000001 0.12749999999999995 0.019124999999999982 0.002868749999999995 0.000430312499999999 6.454687499999981e-05 9.682031249999966e-06 1.452304687499994e-06 2.17845703124999e-07 3.267685546874983e-08 4.901528320312471e-09 7.352292480468703e-10 1.1028438720703048e-10 1.6542658081054564e-11 2.481398712158183e-12 3.7220980682372723e-13 5.5831471023559054e-14 8.374720653533851e-15 1.2562080980300772e-15 1.8843121470451146e-16 2.82646822056767e-17 4.239702330851503e-18 6.35955349627725e-19 9.539330244415869e-20 1.4308995366623796e-20 2.220446049250313e-16
0.9 0.08999999999999998 0.008999999999999996 0.0008999999999999994 8.999999999999992e-05 8.99999999999999e-06 8.999999999999988e-07 8.999999999999987e-08 8.999999999999985e-09 8.999999999999982e-10 8.99999999999998e-11 8.999999999999979e-12 8.999999999999977e-13 8.999999999999974e-14 8.999999999999971e-15 8.99999999999997e-16 8.999999999999968e-17 8.999999999999966e-18 8.999999999999964e-19 8.999999999999962e-20 8.99999999999996e-21 8.999999999999958e-22 8.999999999999956e-23 8.999999999999955e-24 8.999999999999952e-25 0.0
1 3
0.8 0.15999999999999998 0.03199999999999999 0.006399999999999996 0.001279999999999999 0.0002559999999999997 5.119999999999994e-05 1.0239999999999985e-05 2.0479999999999963e-06 4.095999999999992e-07 8.191999999999982e-08 1.638399999999996e-08 3.2767999999999914e-09 6.553599999999981e-10 1.310719999999996e-10 2.6214399999999915e-11 5.242879999999982e-12 1.048575999999996e-12 2.0971519999999919e-13 4.194303999999983e-14 8.388607999999963e-15 1.6777215999999924e-15 3.3554431999999836e-16 6.710886399999966e-17 1.3421772799999928e-17 -2.220446049250313e-16
0.8500000000000001 0.12749999999999995 0.019124999999999982 0.002868749999999995 0.000430312499999999 6.454687499999981e-05 9.682031249999966e-06 1.452304687499994e-06 2.17845703124999e-07 3.267685546874983e-08 4.901528320312471e-09 7.352292480468703e-10 1.1028438720703048e-10 1.6542658081054564e-11 2.481398712158183e-12 3.7220980682372723e-13 5.5831471023559054e-14 8.374720653533851e-15 1.2562080980300772e-15 1.8843121470451146e-16 2.82646822056767e-17 4.239702330851503e-18 6.35955349627725e-19 9.539330244415869e-20 1.4308995366623796e-20 2.220446049250313e-16
0.9 0.08999999999999998 0.008999999999999996 0.0008999999999999994 8.999999999999992e-05 8.99999999999999e-06 8.999999999999988e-07 8.999999999999987e-08 8.999999999999985e-09 8.999999999999982e-10 8.99999999999998e-11 8.999999999999979e-12 8.999999999999977e-13 8.999999999999974e-14 8.999999999999971e-15 8.99999999999997e-16 8.999999999999968e-17 8.999999999999966e-18 8.999999999999964e-19 8.999999999999962e-20 8.99999999999996e-21 8.999999999999958e-22 8.999999999999956e-23 8.999999999999955e-24 8.999999999999952e-25 0.0
1 4
0.8 0.15999999999999998 0.03199999999999999 0.006399999999999996 0.001279999999999999 0.0002559999999999997 5.119999999999994e-05 1.0239999999999985e-05 2.0479999999999963e-06 4.095999999999992e-07 8.191999999999982e-08 1.638399999999996e-08 3.2767999999999914e-09 6.553599999999981e-10 1.310719999999996e-10 2.6214399999999915e-11 5.242879999999982e-12 1.048575999999996e-12 2.0971519999999919e-13 4.194303999999983e-14 8.388607999999963e-15 1.6777215999999924e-15 3.3554431999999836e-16 6.710886399999966e-17 1.3421772799999928e-17 -2.220446049250313e-16
0.8500000000000001 0.12749999999999995 0.019124999999999982 0.002868749999999995 0.000430312499999999 6.454687499999981e-05 9.682031249999966e-06 1.452304687499994e-06 2.17845703124999e-07 3.267685546874983e-08 4.901528320312471e-09 7.352292480468703e-10 1.1028438720703048e-10 1.6542658081054564e-11 2.481398712158183e-12 3.7220980682372723e-13 5.5831471023559054e-14 8.374720653533851e-15 1.2562080980300772e-15 1.8843121470451146e-16 2.82646822056767e-17 4.239702330851503e-18 6.35955349627725e-19 9.539330244415869e-20 1.4308995366623796e-20 2.220446049250313e-16
0.9 0.08999999999999998 0.008999999999999996 0.0008999999999999994 8.999999999999992e-05 8.99999999999999e-06 8.999999999999988e-07 8.999999999999987e-08 8.999999999999985e-09 8.999999999999982e-10 8.99999999999998e-11 8.999999999999979e-12 8.999999999999977e-13 8.999999999999974e-14 8.999999999999971e-15 8.99999999999997e-16 8.999999999999968e-17 8.999999999999966e-18 8.999999999999964e-19 8.999999999999962e-20 8.99999999999996e-21 8.999999999999958e-22 8.999999999999956e-23 8.999999999999955e-24 8.999999999999952e-25 0.0
1 5
0.8 0.15999999999999998 0.03199999999999999 0.006399999999999996 0.001279999999999999 0.0002559999999999997 5.119999999999994e-05 1.0239999999999985e-05 2.0479999999999963e-06 4.095999999999992e-07 8.191999999999982e-08 1.638399999999996e-08 3.2767999999999914e-09 6.553599999999981e-10 1.310719999999996e-10 2.6214399999999915e-11 5.242879999999982e-12 1.048575999999996e-12 2.0971519999999919e-13 4.194303999999983e-14 8.388607999999963e-15 1.6777215999999924e-15 3.3554431999999836e-16 6.710886399999966e-17 1.3421772799999928e-17 -2.220446049250313e-16
0.8500000000000001 0.12749999999999995 0.019124999999999982 0.002868749999999995 0.000430312499999999 6.454687499999981e-05 9.682031249999966e-06 1.452304687499994e-06 2.17845703124999e-07 3.267685546874983e-08 4.901528320312471e-09 7.352292480468703e-10 1.1028438720703048e-10 1.6542658081054564e-11 2.481398712158183e-12 3.7220980682372723e-13 5.5831471023559054e-14 8.374720653533851e-15 1.2562080980300772e-15 1.8843121470451146e-16 2.82646822056767e-17 4.239702330851503e-18 6.35955349627725e-19 9.539330244415869e-20 1.4308995366623796e-20 2.220446049250313e-16
0.9 0.08999999999999998 0.008999999999999996 0.0008999999999999994 8.999999999999992e-05 8.99999999999999e-06 8.999999999999988e-07 8.999999999999987e-08 8.999999999999985e-09 8.999999999999982e-10 8.99999999999998e-11 8.999999999999979e-12 8.999999999999977e-13 8.999999999999974e-14 8.999999999999971e-15 8.99999999999997e-16 8.999999999999968e-17 8.999999999999966e-18 8.999999999999964e-19 8.999999999999962e-20 8.99999999999996e-21 8.999999999999958e-22 8.999999999999956e-23 8.999999999999955e-24 8.999999999999952e-25 0.0
2 1
0.8 0.15999999999999998 0.03199999999999999 0.006399999999999996 0.001279999999999999 0.0002559999999999997 5.119999999999994e-05 1.0239999999999985e-05 2.0479999999999963e-06 4.095999999999992e-07 8.191999999999982e-08 1.638399999999996e-08 3.2767999999999914e-09 6.553599999999981e-10 1.310719999999996e-10 2.6214399999999915e-11 5.242879999999982e-12 1.048575999999996e-12 2.0971519999999919e-13 4.194303999999983e-14 8.388607999999963e-15 1.6777215999999924e-15 3.3554431999999836e-16 6.710886399999966e-17 1.3421772799999928e-17 -2.220446049250313e-16
0.8500000000000001 0.12749999999999995 0.019124999999999982 0.002868749999999995 0.000430312499999999 6.454687499999981e-05 9.682031249999966e-06 1.452304687499994e-06 2.17845703124999e-07 3.267685546874983e-08 4.901528320312471e-09 7.352292480468703e-10 1.1028438720703048e-10 1.6542658081054564e-11 2.481398712158183e-12 3.7220980682372723e-13 5.5831471023559054e-14 8.374720653533851e-15 1.2562080980300772e-15 1.8843121470451146e-16 2.82646822056767e-17 4.239702330851503e-18 6.35955349627725e-19 9.539330244415869e-20 1.4308995366623796e-20 2.220446049250313e-16
0.9 0.08999999999999998 0.008999999999999996 0.0008999999999999994 8.999999999999992e-05 8.99999999999999e-06 8.999999999999988e-07 8.999999999999987e-08 8.999999999999985e-09 8.999999999999982e-10 8.99999999999998e-11 8.999999999999979e-12 8.999999999999977e-13 8.999999999999974e-14 8.999999999999971e-15 8.99999999999997e-16 8.999999999999968e-17 8.999999999999966e-18 8.999999999999964e-19 8.999999999999962e-20 8.99999999999996e-21 8.999999999999958e-22 8.999999999999956e-23 8.999999999999955e-24 8.999999999999952e-25 0.0
2 2
0.8 0.15999999999999998 0.03199999999999999 0.006399999999999996 0.001279999999999999 0.0002559999999999997 5.119999999999994e-05 1.0239999999999985e-05 2.0479999999999963e-06 4.095999999999992e-07 8.191999999999982e-08 1.638399999999996e-08 3.2767999999999914e-09 6.553599999999981e-10 1.310719999999996e-10 2.6214399999999915e-11 5.242879999999982e-12 1.048575999999996e-12 2.0971519999999919e-13 4.194303999999983e-14 8.388607999999963e-15 1.6777215999999924e-15 3.3554431999999836e-16 6.710886399999966e-17 1.3421772799999928e-17 -2.220446049250313e-16
0.8500000000000001 0.12749999999999995 0.019124999999999982 0.002868749999999995 0.000430312499999999 6.454687499999981e-05 9.682031249999966e-06 1.452304687499994e-06 2.17845703124999e-07 3.267685546874983e-08 4.901528320312471e-09 7.352292480468703e-10 1.1028438720703048e-10 1.6542658081054564e-11 2.481398712158183e-12 3.7220980682372723e-13 5.5831471023559054e-14 8.374720653533851e-15 1.2562080980300772e-15 1.8843121470451146e-16 2.82646822056767e-17 4.239702330851503e-18 6.35955349627725e-19 9.539330244415869e-20 1.4308995366623796e-20 2.220446049250313e-16
0.9 0.08999999999999998 0.008999999999999996 0.0008999999999999994 8.999999999999992e-05 8.99999999999999e-06 8.999999999999988e-07 8.999999999999987e-08 8.999999999999985e-09 8.999999999999982e-10 8.99999999999998e-11 8.999999999999979e-12 8.999999999999977e-13 8.999999999999974e-14 8.999999999999971e-15 8.99999999999997e-16 8.999999999999968e-17 8.999999999999966e-18 8.999999999999964e-19 8.999999999999962e-20 8.99999999999996e-21 8.999999999999958e-22 8.999999999999956e-23 8.999999999999955e-24 8.999999999999952e-25 0.0
2 3
0.8 0.15999999999999998 0.03199999999999999 0.006399999999999996 0.001279999999999999 0.0002559999999999997 5.119999999999994e-05 1.0239999999999985e-05 2.0479999999999963e-06 4.095999999999992e-07 8.191999999999982e-08 1.638399999999996e-08 3.2767999999999914e-09 6.553599999999981e-10 1.310719999999996e-10 2.6214399999999915e-11 5.242879999999982e-12 1.048575999999996e-12 2.0971519999999919e-13 4.194303999999983e-14 8.388607999999963e-15 1.6777215999999924e-15 3.3554431999999836e-16 6.710886399999966e-17 1.3421772799999928e-17 -2.220446049250313e-16
0.8500000000000001 0.12749999999999995 0.019124999999999982 0.002868749999999995 0.000430312499999999 6.454687499999981e-05 9.682031249999966e-06 1.452304687499994e-06 2.17845703124999e-07 3.267685546874983e-08 4.901528320312471e-09 7.352292480468703e-10 1.1028438720703048e-10 1.6542658081054564e-11 2.481398712158183e-12 3.7220980682372723e-13 5.5831471023559054e-14 8.374720653533851e-15 1.2562080980300772e-15 1.8843121470451146e-16 2.82646822056767e-17 4.239702330851503e-18 6.35955349627725e-19 9.539330244415869e-20 1.4308995366623796e-20 2.220446049250313e-16
0.9 0.08999999999999998 0.008999999999999996 0.0008999999999999994 8.999999999999992e-05 8.99999999999999e-06 8.999999999999988e-07 8.999999999999987e-08 8.999999999999985e-09 8.999999999999982e-10 8.99999999999998e-11 8.999999999999979e-12 8.999999999999977e-13 8.999999999999974e-14 8.999999999999971e-15 8.99999999999997e-16 8.999999999999968e-17 8.999999999999966e-18 8.999999999999964e-19 8.999999999999962e-20 8.99999999999996e-21 8.999999999999958e-22 8.999999999999956e-23 8.999999999999955e-24 8.999999999999952e-25 0.0
2 4
0.8 0.15999999999999998 0.03199999999999999 0.006399999999999996 0.001279999999999999 0.0002559999999999997 5.119999999999994e-05 1.0239999999999985e-05 2.0479999999999963e-06 4.095999999999992e-07 8.191999999999982e-08 1.638399999999996e-08 3.2767999999999914e-09 6.553599999999981e-10 1.310719999999996e-10 2.6214399999999915e-11 5.242879999999982e-12 1.048575999999996e-12 2.0971519999999919e-13 4.194303999999983e-14 8.388607999999963e-15 1.6777215999999924e-15 3.3554431999999836e-16 6.710886399999966e-17 1.3421772799999928e-17 -2.220446049250313e-16
0.8500000000000001 0.12749999999999995 0.019124999999999982 0.002868749999999995 0.000430312499999999 6.454687499999981e-05 9.682031249999966e-06 1.452304687499994e-06 2.17845703124999e-07 3.267685546874983e-08 4.901528320312471e-09 7.352292480468703e-10 1.1028438720703048e-10 1.6542658081054564e-11 2.481398712158183e-12 3.7220980682372723e-13 5.5831471023559054e-14 8.374720653533851e-15 1.2562080980300772e-15 1.8843121470451146e-16 2.82646822056767e-17 4.239702330851503e-18 6.35955349627725e-19 9.539330244415869e-20 1.4308995366623796e-20 2.220446049250313e-16
0.9 0.08999999999999998 0.008999999999999996 0.0008999999999999994 8.999999999999992e-05 8.99999999999999e-06 8.999999999999988e-07 8.999999999999987e-08 8.999999999999985e-09 8.999999999999982e-10 8.99999999999998e-11 8.999999999999979e-12 8.999999999999977e-13 8.999999999999974e-14 8.999999999999971e-15 8.99999999999997e-16 8.999999999999968e-17 8.999999999999966e-18 8.999999999999964e-19 8.999999999999962e-20 8.99999999999996e-21 8.999999999999958e-22 8.999999999999956e-23 8.999999999999955e-24 8.999999999999952e-25 0.0
2 5
0.8 0.15999999999999998 0.03199999999999999 0.006399999999999996 0.001279999999999999 0.0002559999999999997 5.119999999999994e-05 1.0239999999999985e-05 2.0479999999999963e-06 4.095999999999992e-07 8.191999999999982e-08 1.638399999999996e-08 3.2767999999999914e-09 6.553599999999981e-10 1.310719999999996e-10 2.6214399999999915e-11 5.242879999999982e-12 1.048575999999996e-12 2.0971519999999919e-13 4.194303999999983e-14 8.388607999999963e-15 1.6777215999999924e-15 3.3554431999999836e-16 6.710886399999966e-17 1.3421772799999928e-17 -2.220446049250313e-16
0.8500000000000001 0.12749999999999995 0.019124999999999982 0.002868749999999995 0.000430312499999999 6.454687499999981e-05 9.682031249999966e-06 1.452304687499994e-06 2.17845703124999e-07 3.267685546874983e-08 4.901528320312471e-09 7.352292480468703e-10 1.1028438720703048e-10 1.6542658081054564e-11 2.481398712158183e-12 3.7220980682372723e-13 5.5831471023559054e-14 8.374720653533851e-15 1.2562080980300772e-15 1.8843121470451146e-16 2.82646822056767e-17 4.239702330851503e-18 6.35955349627725e-19 9.539330244415869e-20 1.4308995366623796e-20 2.220446049250313e-16
0.9 0.08999999999999998 0.008999999999999996 0.0008999999999999994 8.999999999999992e-05 8.99999999999999e-06 8.999999999999988e-07 8.999999999999987e-08 8.999999999999985e-09 8.999999999999982e-10 8.99999999999998e-11 8.999999999999979e-12 8.999999999999977e-13 8.999999999999974e-14 8.999999999999971e-15 8.99999999999997e-16 8.999999999999968e-17 8.999999999999966e-18 8.999999999999964e-19 8.999999999999962e-20 8.99999999999996e-21 8.999999999999958e-22 8.999999999999956e-23 8.999999999999955e-24 8.999999999999952e-25 0.0
3 1
0.8 0.15999999999999998 0.03199999999999999 0.006399999999999996 0.001279999999999999 0.0002559999999999997 5.119999999999994e-05 1.0239999999999985e-05 2.0479999999999963e-06 4.095999999999992e-07 8.191999999999982e-08 1.638399999999996e-08 3.2767999999999914e-09 6.553599999999981e-10 1.310719999999996e-10 2.6214399999999915e-11 5.242879999999982e-12 1.048575999999996e-12 2.0971519999999919e-13 4.194303999999983e-14 8.388607999999963e-15 1.6777215999999924e-15 3.3554431999999836e-16 6.710886399999966e-17 1.3421772799999928e-17 -2.220446049250313e-16
0.8500000000000001 0.12749999999999995 0.019124999999999982 0.002868749999999995 0.000430312499999999 6.454687499999981e-05 9.682031249999966e-06 1.452304687499994e-06 2.17845703124999e-07 3.267685546874983e-08 4.901528320312471e-09 7.352292480468703e-10 1.1028438720703048e-10 1.6542658081054564e-11 2.481398712158183e-12 3.7220980682372723e-13 5.5831471023559054e-14 8.374720653533851e-15 1.2562080980300772e-15 1.8843121470451146e-16 2.82646822056767e-17 4.239702330851503e-18 6.35955349627725e-19 9.539330244415869e-20 1.4308995366623796e-20 2.220446049250313e-16
0.9 0.08999999999999998 0.008999999999999996 0.0008999999999999994 8.999999999999992e-05 8.99999999999999e-06 8.999999999999988e-07 8.999999999999987e-08 8.999999999999985e-09 8.999999999999982e-10 8.99999999999998e-11 8.999999999999979e-12 8.999999999999977e-13 8.999999999999974e-14 8.999999999999971e-15 8.99999999999997e-16 8.999999999999968e-17 8.999999999999966e-18 8.999999999999964e-19 8.999999999999962e-20 8.99999999999996e-21 8.999999999999958e-22 8.999999999999956e-23 8.999999999999955e-24 8.999999999999952e-25 0.0
3 2
0.8 0.15999999999999998 0.03199999999999999 0.006399999999999996 0.001279999999999999 0.0002559999999999997 5.119999999999994e-05 1.0239999999999985e-05 2.0479999999999963e-06 4.095999999999992e-07 8.191999999999982e-08 1.638399999999996e-08 3.2767999999999914e-09 6.553599999999981e-10 1.310719999999996e-10 2.6214399999999915e-11 5.242879999999982e-12 1.048575999999996e-12 2.0971519999999919e-13 4.194303999999983e-14 8.388607999999963e-15 1.6777215999999924e-15 3.3554431999999836e-16 6.710886399999966e-17 1.3421772799999928e-17 -2.220446049250313e-16
0.8500000000000001 0.12749999999999995 0.019124999999999982 0.002868749999999995 0.000430312499999999 6.454687499999981e-05 9.682031249999966e-06 1.452304687499994e-06 2.17845703124999e-07 3.267685546874983e-08 4.901528320312471e-09 7.352292480468703e-10 1.1028438720703048e-10 1.6542658081054564e-11 2.481398712158183e-12 3.7220980682372723e-13 5.5831471023559054e-14 8.374720653533851e-15 1.2562080980300772e-15 1.8843121470451146e-16 2.82646822056767e-17 4.239702330851503e-18 6.35955349627725e-19 9.539330244415869e-20 1.4308995366623796e-20 2.220446049250313e-16
0.9 0.08999999999999998 0.008999999999999996 0.0008999999999999994 8.999999999999992e-05 8.99999999999999e-06 8.999999999999988e-07 8.999999999999987e-08 8.999999999999985e-09 8.999999999999982e-10 8.99999999999998e-11 8.999999999999979e-12 8.999999999999977e-13 8.999999999999974e-14 8.999999999999971e-15 8.99999999999997e-16 8.999999999999968e-17 8.999999999999966e-18 8.999999999999964e-19 8.999999999999962e-20 8.99999999999996e-21 8.999999999999958e-22 8.999999999999956e-23 8.999999999999955e-24 8.999999999999952e-25 0.0
3 3
0.8 0.15999999999999998 0.03199999999999999 0.006399999999999996 0.001279999999999999 0.0002559999999999997 5.119999999999994e-05 1.0239999999999985e-05 2.0479999999999963e-06 4.095999999999992e-07 8.191999999999982e-08 1.638399999999996e-08 3.2767999999999914e-09 6.553599999999981e-10 1.310719999999996e-10 2.6214399999999915e-11 5.242879999999982e-12 1.048575999999996e-12 2.0971519999999919e-13 4.194303999999983e-14 8.388607999999963e-15 1.6777215999999924e-15 3.3554431999999836e-16 6.710886399999966e-17 1.3421772799999928e-17 -2.220446049250313e-16
0.8500000000000001 0.12749999999999995 0.019124999999999982 0.002868749999999995 0.000430312499999999 6.454687499999981e-05 9.682031249999966e-06 1.452304687499994e-06 2.17845703124999e-07 3.267685546874983e-08 4.901528320312471e-09 7.352292480468703e-10 1.1028438720703048e-10 1.6542658081054564e-11 2.481398712158183e-12 3.7220980682372723e-13 5.5831471023559054e-14 8.374720653533851e-15 1.2562080980300772e-15 1.8843121470451146e-16 2.82646822056767e-17 4.239702330851503e-18 6.35955349627725e-19 9.539330244415869e-20 1.4308995366623796e-20 2.220446049250313e-16
0.9 0.08999999999999998 0.008999999999999996 0.0008999999999999994 8.999999999999992e-05 8.99999999999999e-06 8.999999999999988e-07 8.999999999999987e-08 8.999999999999985e-09 8.999999999999982e-10 8.99999999999998e-11 8.999999999999979e-12 8.999999999999977e-13 8.999999999999974e-14 8.999999999999971e-15 8.99999999999997e-16 8.999999999999968e-17 8.999999999999966e-18 8.999999999999964e-19 8.999999999999962e-20 8.99999999999996e-21 8.999999999999958e-22 8.999999999999956e-23 8.999999999999955e-24 8.999999999999952e-25 0.0
3 4
0.8 0.15999999999999998 0.03199999999999999 0.006399999999999996 0.001279999999999999 0.0002559999999999997 5.119999999999994e-05 1.0239999999999985e-05 2.0479999999999963e-06 4.095999999999992e-07 8.191999999999982e-08 1.638399999999996e-08 3.2767999999999914e-09 6.553599999999981e-10 1.310719999999996e-10 2.6214399999999915e-11 5.242879999999982e-12 1.048575999999996e-12 2.0971519999999919e-13 4.194303999999983e-14 8.388607999999963e-15 1.6777215999999924e-15 3.3554431999999836e-16 6.710886399999966e-17 1.3421772799999928e-17 -2.220446049250313e-16
0.8500000000000001 0.12749999999999995 0.019124999999999982 0.002868749999999995 0.000430312499999999 6.454687499999981e-05 9.682031249999966e-06 1.452304687499994e-06 2.17845703124999e-07 3.267685546874983e-08 4.901528320312471e-09 7.352292480468703e-10 1.1028438720703048e-10 1.6542658081054564e-11 2.481398712158183e-12 3.7220980682372723e-13 5.5831471023559054e-14 8.374720653533851e-15 1.2562080980300772e-15 1.8843121470451146e-16 2.82646822056767e-17 4.239702330851503e-18 6.35955349627725e-19 9.539330244415869e-20 1.4308995366623796e-20 2.220446049250313e-16
0.9 0.08999999999999998 0.008999999999999996 0.0008999999999999994 8.999999999999992e-05 8.99999999999999e-06 8.999999999999988e-07 8.999999999999987e-08 8.999999999999985e-09 8.999999999999982e-10 8.99999999999998e-11 8.999999999999979e-12 8.999999999999977e-13 8.999999999999974e-14 8.999999999999971e-15 8.99999999999997e-16 8.999999999999968e-17 8.999999999999966e-18 8.999999999999964e-19 8.999999999999962e-20 8.99999999999996e-21 8.999999999999958e-22 8.999999999999956e-23 8.999999999999955e-24 8.999999999999952e-25 0.0
3 5
0.8 0.15999999999999998 0.03199999999999999 0.006399999999999996 0.001279999999999999 0.0002559999999999997 5.119999999999994e-05 1.0239999999999985e-05 2.0479999999999963e-06 4.095999999999992e-07 8.191999999999982e-08 1.638399999999996e-08 3.2767999999999914e-09 6.553599999999981e-10 1.310719999999996e-10 2.6214399999999915e-11 5.242879999999982e-12 1.048575999999996e-12 2.0971519999999919e-13 4.194303999999983e-14 8.388607999999963e-15 1.6777215999999924e-15 3.3554431999999836e-16 6.710886399999966e-17 1.3421772799999928e-17 -2.220446049250313e-16
0.8500000000000001 0.12749999999999995 0.019124999999999982 0.002868749999999995 0.000430312499999999 6.454687499999981e-05 9.682031249999966e-06 1.452304687499994e-06 2.17845703124999e-07 3.267685546874983e-08 4.901528320312471e-09 7.352292480468703e-10 1.1028438720703048e-10 1.6542658081054564e-11 2.481398712158183e-12 3.7220980682372723e-13 5.5831471023559054e-14 8.374720653533851e-15 1.2562080980300772e-15 1.8843121470451146e-16 2.82646822056767e-17 4.239702330851503e-18 6.35955349627725e-19 9.539330244415869e-20 1.4308995366623796e-20 2.220446049250313e-16
0.9 0.08999999999999998 0.008999999999999996 0.0008999999999999994 8.999999999999992e-05 8.99999999999999e-06 8.999999999999988e-07 8.999999999999987e-08 8.999999999999985e-09 8.999999999999982e-10 8.99999999999998e-11 8.999999999999979e-12 8.999999999999977e-13 8.999999999999974e-14 8.999999999999971e-15 8.99999999999997e-16 8.999999999999968e-17 8.999999999999966e-18 8.999999999999964e-19 8.999999999999962e-20 8.99999999999996e-21 8.999999999999958e-22 8.999999999999956e-23 8.999999999999955e-24 8.999999999999952e-25 0.0
4 1
0.8 0.15999999999999998 0.03199999999999999 0.006399999999999996 0.001279999999999999 0.0002559999999999997 5.119999999999994e-05 1.0239999999999985e-05 2.0479999999999963e-06 4.095999999999992e-07 8.191999999999982e-08 1.638399999999996e-08 3.2767999999999914e-09 6.553599999999981e-10 1.310719999999996e-10 2.6214399999999915e-11 5.242879999999982e-12 1.048575999999996e-12 2.0971519999999919e-13 4.194303999999983e-14 8.388607999999963e-15 1.6777215999999924e-15 3.3554431999999836e-16 6.710886399999966e-17 1.3421772799999928e-17 -2.220446049250313e-16
0.8500000000000001 0.12749999999999995 0.019124999999999982 0.002868749999999995 0.000430312499999999 6.454687499999981e-05 9.682031249999966e-06 1.452304687499994e-06 2.17845703124999e-07 3.267685546874983e-08 4.901528320312471e-09 7.352292480468703e-10 1.1028438720703048e-10 1.6542658081054564e-11 2.481398712158183e-12 3.7220980682372723e-13 5.5831471023559054e-14 8.374720653533851e-15 1.2562080980300772e-15 1.8843121470451146e-16 2.82646822056767e-17 4.239702330851503e-18 6.35955349627725e-19 9.539330244415869e-20 1.4308995366623796e-20 2.220446049250313e-16
0.9 0.08999999999999998 0.008999999999999996 0.0008999999999999994 8.999999999999992e-05 8.99999999999999e-06 8.999999999999988e-07 8.999999999999987e-08 8.999999999999985e-09 8.999999999999982e-10 8.99999999999998e-11 8.999999999999979e-12 8.999999999999977e-13 8.999999999999974e-14 8.999999999999971e-15 8.99999999999997e-16 8.999999999999968e-17 8.999999999999966e-18 8.999999999999964e-19 8.999999999999962e-20 8.99999999999996e-21 8.999999999999958e-22 8.999999999999956e-23 8.999999999999955e-24 8.999999999999952e-25 0.0
4 2
0.8 0.15999999999999998 0.03199999999999999 0.006399999999999996 0.001279999999999999 0.0002559999999999997 5.119999999999994e-05 1.0239999999999985e-05 2.0479999999999963e-06 4.095999999999992e-07 8.191999999999982e-08 1.638399999999996e-08 3.2767999999999914e-09 6.553599999999981e-10 1.310719999999996e-10 2.6214399999999915e-11 5.242879999999982e-12 1.048575999999996e-12 2.0971519999999919e-13 4.194303999999983e-14 8.388607999999963e-15 1.6777215999999924e-15 3.3554431999999836e-16 6.710886399999966e-17 1.3421772799999928e-17 -2.220446049250313e-16
0.8500000000000001 0.12749999999999995 0.019124999999999982 0.002868749999999995 0.000430312499999999 6.454687499999981e-05 9.682031249999966e-06 1.452304687499994e-06 2.17845703124999e-07 3.267685546874983e-08 4.901528320312471e-09 7.352292480468703e-10 1.1028438720703048e-10 1.6542658081054564e-11 2.481398712158183e-12 3.7220980682372723e-13 5.5831471023559054e-14 8.374720653533851e-15 1.2562080980300772e-15 1.8843121470451146e-16 2.82646822056767e-17 4.239702330851503e-18 6.35955349627725e-19 9.539330244415869e-20 1.4308995366623796e-20 2.220446049250313e-16
0.9 0.08999999999999998 0.008999999999999996 0.0008999999999999994 8.999999999999992e-05 8.99999999999999e-06 8.999999999999988e-07 8.999999999999987e-08 8.999999999999985e-09 8.999999999999982e-10 8.99999999999998e-11 8.999999999999979e-12 8.999999999999977e-13 8.999999999999974e-14 8.999999999999971e-15 8.99999999999997e-16 8.999999999999968e-17 8.999999999999966e-18 8.999999999999964e-19 8.999999999999962e-20 8.99999999999996e-21 8.999999999999958e-22 8.999999999999956e-23 8.999999999999955e-24 8.999999999999952e-25 0.0
4 3
0.8 0.15999999999999998 0.03199999999999999 0.006399999999999996 0.001279999999999999 0.0002559999999999997 5.119999999999994e-05 1.0239999999999985e-05 2.0479999999999963e-06 4.095999999999992e-07 8.191999999999982e-08 1.638399999999996e-08 3.2767999999999914e-09 6.553599999999981e-10 1.310719999999996e-10 2.6214399999999915e-11 5.242879999999982e-12 1.048575999999996e-12 2.0971519999999919e-13 4.194303999999983e-14 8.388607999999963e-15 1.6777215999999924e-15 3.3554431999999836e-16 6.710886399999966e-17 1.3421772799999928e-17 -2.220446049250313e-16
0.8500000000000001 0.12749999999999995 0.019124999999999982 0.002868749999999995 0.000430312499999999 6.454687499999981e-05 9.682031249999966e-06 1.452304687499994e-06 2.17845703124999e-07 3.267685546874983e-08 4.901528320312471e-09 7.352292480468703e-10 1.1028438720703048e-10 1.6542658081054564e-11 2.481398712158183e-12 3.7220980682372723e-13 5.5831471023559054e-14 8.374720653533851e-15 1.2562080980300772e-15 1.8843121470451146e-16 2.82646822056767e-17 4.239702330851503e-18 6.35955349627725e-19 9.539330244415869e-20 1.4308995366623796e-20 2.220446049250313e-16
0.9 0.08999999999999998 0.008999999999999996 0.0008999999999999994 8.999999999999992e-05 8.99999999999999e-06 8.999999999999988e-07 8.999999999999987e-08 8.999999999999985e-09 8.999999999999982e-10 8.99999999999998e-11 8.999999999999979e-12 8.999999999999977e-13 8.999999999999974e-14 8.999999999999971e-15 8.99999999999997e-16 8.999999999999968e-17 8.999999999999966e-18 8.999999999999964e-19 8.999999999999962e-20 8.99999999999996e-21 8.999999999999958e-22 8.999999999999956e-23 8.999999999999955e-24 8.999999999999952e-25 0.0
4 4
0.8 0.15999999999999998 0.03199999999999999 0.006399999999999996 0.001279999999999999 0.0002559999999999997 5.119999999999994e-05 1.0239999999999985e-05 2.0479999999999963e-06 4.095999999999992e-07 8.191999999999982e-08 1.638399999999996e-08 3.2767999999999914e-09 6.553599999999981e-10 1.310719999999996e-10 2.6214399999999915e-11 5.242879999999982e-12 1.048575999999996e-12 2.0971519999999919e-13 4.194303999999983e-14 8.388607999999963e-15 1.6777215999999924e-15 3.3554431999999836e-16 6.710886399999966e-17 1.3421772799999928e-17 -2.220446049250313e-16
0.8500000000000001 0.12749999999999995 0.019124999999999982 0.002868749999999995 0.000430312499999999 6.454687499999981e-05 9.682031249999966e-06 1.452304687499994e-06 2.17845703124999e-07 3.267685546874983e-08 4.901528320312471e-09 7.352292480468703e-10 1.1028438720703048e-10 1.6542658081054564e-11 2.481398712158183e-12 3.7220980682372723e-13 5.5831471023559054e-14 8.374720653533851e-15 1.2562080980300772e-15 1.8843121470451146e-16 2.82646822056767e-17 4.239702330851503e-18 6.35955349627725e-19 9.539330244415869e-20 1.4308995366623796e-20 2.220446049250313e-16
0.9 0.08999999999999998 0.008999999999999996 0.0008999999999999994 8.999999999999992e-05 8.99999999999999e-06 8.999999999999988e-07 8.999999999999987e-08 8.999999999999985e-09 8.999999999999982e-10 8.99999999999998e-11 8.999999999999979e-12 8.999999999999977e-13 8.999999999999974e-14 8.999999999999971e-15 8.99999999999997e-16 8.999999999999968e-17 8.999999999999966e-18 8.999999999999964e-19 8.999999999999962e-20 8.99999999999996e-21 8.999999999999958e-22 8.999999999999956e-23 8.999999999999955e-24 8.999999999999952e-25 0.0
4 5
0.8 0.15999999999999998 0.03199999999999999 0.006399999999999996 0.001279999999999999 0.0002559999999999997 5.119999999999994e-05 1.0239999999999985e-05 2.0479999999999963e-06 4.095999999999992e-07 8.191999999999982e-08 1.638399999999996e-08 3.2767999999999914e-09 6.553599999999981e-10 1.310719999999996e-10 2.6214399999999915e-11 5.242879999999982e-12 1.048575999999996e-12 2.0971519999999919e-13 4.194303999999983e-14 8.388607999999963e-15 1.6777215999999924e-15 3.3554431999999836e-16 6.710886399999966e-17 1.3421772799999928e-17 -2.220446049250313e-16
0.8500000000000001 0.12749999999999995 0.019124999999999982 0.002868749999999995 0.000430312499999999 6.454687499999981e-05 9.682031249999966e-06 1.452304687499994e-06 2.17845703124999e-07 3.267685546874983e-08 4.901528320312471e-09 7.352292480468703e-10 1.1028438720703048e-10 1.6542658081054564e-11 2.481398712158183e-12 3.7220980682372723e-13 5.5831471023559054e-14 8.374720653533851e-15 1.2562080980300772e-15 1.8843121470451146e-16 2.82646822056767e-17 4.239702330851503e-18 6.35955349627725e-19 9.539330244415869e-20 1.4308995366623796e-20 2.220446049250313e-16
0.9 0.08999999999999998 0.008999999999999996 0.0008999999999999994 8.999999999999992e-05 8.99999999999999e-06 8.999999999999988e-07 8.999999999999987e-08 8.999999999999985e-09 8.999999999999982e-10 8.99999999999998e-11 8.999999999999979e-12 8.999999999999977e-13 8.999999999999974e-14 8.999999999999971e-15 8.99999999999997e-16 8.999999999999968e-17 8.999999999999966e-18 8.999999999999964e-19 8.999999999999962e-20 8.99999999999996e-21 8.999999999999958e-22 8.999999999999956e-23 8.999999999999955e-24 8.999999999999952e-25 0.0
5 1
0.8 0.15999999999999998 0.03199999999999999 0.006399999999999996 0.001279999999999999 0.0002559999999999997 5.119999999999994e-05 1.0239999999999985e-05 2.0479999999999963e-06 4.095999999999992e-07 8.191999999999982e-08 1.638399999999996e-08 3.2767999999999914e-09 6.553599999999981e-10 1.310719999999996e-10 2.6214399999999915e-11 5.242879999999982e-12 1.048575999999996e-12 2.0971519999999919e-13 4.194303999999983e-14 8.388607999999963e-15 1.6777215999999924e-15 3.3554431999999836e-16 6.710886399999966e-17 1.3421772799999928e-17 -2.220446049250313e-16
0.8500000000000001 0.12749999999999995 0.019124999999999982 0.002868749999999995 0.000430312499999999 6.454687499999981e-05 9.682031249999966e-06 1.452304687499994e-06 2.17845703124999e-07 3.267685546874983e-08 4.901528320312471e-09 7.352292480468703e-10 1.1028438720703048e-10 1.6542658081054564e-11 2.481398712158183e-12 3.7220980682372723e-13 5.5831471023559054e-14 8.374720653533851e-15 1.2562080980300772e-15 1.8843121470451146e-16 2.82646822056767e-17 4.239702330851503e-18 6.35955349627725e-19 9.539330244415869e-20 1.4308995366623796e-20 2.220446049250313e-16
0.9 0.08999999999999998 0.008999999999999996 0.0008999999999999994 8.999999999999992e-05 8.99999999999999e-06 8.999999999999988e-07 8.999999999999987e-08 8.999999999999985e-09 8.999999999999982e-10 8.99999999999998e-11 8.999999999999979e-12 8.999999999999977e-13 8.999999999999974e-14 8.999999999999971e-15 8.99999999999997e-16 8.999999999999968e-17 8.999999999999966e-18 8.999999999999964e-19 8.999999999999962e-20 8.99999999999996e-21 8.999999999999958e-22 8.999999999999956e-23 8.999999999999955e-24 8.999999999999952e-25 0.0
5 2
0.8 0.15999999999999998 0.03199999999999999 0.006399999999999996 0.001279999999999999 0.0002559999999999997 5.119999999999994e-05 1.0239999999999985e-05 2.0479999999999963e-06 4.095999999999992e-07 8.191999999999982e-08 1.638399999999996e-08 3.2767999999999914e-09 6.553599999999981e-10 1.310719999999996e-10 2.6214399999999915e-11 5.242879999999982e-12 1.048575999999996e-12 2.0971519999999919e-13 4.194303999999983e-14 8.388607999999963e-15 1.6777215999999924e-15 3.3554431999999836e-16 6.710886399999966e-17 1.3421772799999928e-17 -2.220446049250313e-16
0.8500000000000001 0.12749999999999995 0.019124999999999982 0.002868749999999995 0.000430312499999999 6.454687499999981e-05 9.682031249999966e-06 1.452304687499994e-06 2.17845703124999e-07 3.267685546874983e-08 4.901528320312471e-09 7.352292480468703e-10 1.1028438720703048e-10 1.6542658081054564e-11 2.481398712158183e-12 3.7220980682372723e-13 5.5831471023559054e-14 8.374720653533851e-15 1.2562080980300772e-15 1.8843121470451146e-16 2.82646822056767e-17 4.239702330851503e-18 6.35955349627725e-19 9.539330244415869e-20 1.4308995366623796e-20 2.220446049250313e-16
0.9 0.08999999999999998 0.008999999999999996 0.0008999999999999994 8.999999999999992e-05 8.99999999999999e-06 8.999999999999988e-07 8.999999999999987e-08 8.999999999999985e-09 8.999999999999982e-10 8.99999999999998e-11 8.999999999999979e-12 8.999999999999977e-13 8.999999999999974e-14 8.999999999999971e-15 8.99999999999997e-16 8.999999999999968e-17 8.999999999999966e-18 8.999999999999964e-19 8.999999999999962e-20 8.99999999999996e-21 8.999999999999958e-22 8.999999999999956e-23 8.999999999999955e-24 8.999999999999952e-25 0.0
5 3
0.8 0.15999999999999998 0.03199999999999999 0.006399999999999996 0.001279999999999999 0.0002559999999999997 5.119999999999994e-05 1.0239999999999985e-05 2.0479999999999963e-06 4.095999999999992e-07 8.191999999999982e-08 1.638399999999996e-08 3.2767999999999914e-09 6.553599999999981e-10 1.310719999999996e-10 2.6214399999999915e-11 5.242879999999982e-12 1.048575999999996e-12 2.0971519999999919e-13 4.194303999999983e-14 8.388607999999963e-15 1.6777215999999924e-15 3.3554431999999836e-16 6.710886399999966e-17 1.3421772799999928e-17 -2.220446049250313e-16
0.8500000000000001 0.12749999999999995 0.019124999999999982 0.002868749999999995 0.000430312499999999 6.454687499999981e-05 9.682031249999966e-06 1.452304687499994e-06 2.17845703124999e-07 3.267685546874983e-08 4.901528320312471e-09 7.352292480468703e-10 1.1028438720703048e-10 1.6542658081054564e-11 2.481398712158183e-12 3.7220980682372723e-13 5.5831471023559054e-14 8.374720653533851e-15 1.2562080980300772e-15 1.8843121470451146e-16 2.82646822056767e-17 4.239702330851503e-18 6.35955349627725e-19 9.539330244415869e-20 1.4308995366623796e-20 2.220446049250313e-16
0.9 0.08999999999999998 0.008999999999999996 0.0008999999999999994 8.999999999999992e-05 8.99999999999999e-06 8.999999999999988e-07 8.999999999999987e-08 8.999999999999985e-09 8.999999999999982e-10 8.99999999999998e-11 8.999999999999979e-12 8.999999999999977e-13 8.999999999999974e-14 8.999999999999971e-15 8.99999999999997e-16 8.999999999999968e-17 8.999999999999966e-18 8.999999999999964e-19 8.999999999999962e-20 8.99999999999996e-21 8.999999999999958e-22 8.999999999999956e-23 8.999999999999955e-24 8.999999999999952e-25 0.0
5 4
0.8 0.15999999999999998 0.03199999999999999 0.006399999999999996 0.001279999999999999 0.0002559999999999997 5.119999999999994e-05 1.0239999999999985e-05 2.0479999999999963e-06 4.095999999999992e-07 8.191999999999982e-08 1.638399999999996e-08 3.2767999999999914e-09 6.553599999999981e-10 1.310719999999996e-10 2.6214399999999915e-11 5.242879999999982e-12 1.048575999999996e-12 2.0971519999999919e-13 4.194303999999983e-14 8.388607999999963e-15 1.6777215999999924e-15 3.3554431999999836e-16 6.710886399999966e-17 1.3421772799999928e-17 -2.220446049250313e-16
0.8500000000000001 0.12749999999999995 0.019124999999999982 0.002868749999999995 0.000430312499999999 6.454687499999981e-05 9.682031249999966e-06 1.452304687499994e-06 2.17845703124999e-07 3.267685546874983e-08 4.901528320312471e-09 7.352292480468703e-10 1.1028438720703048e-10 1.6542658081054564e-11 2.481398712158183e-12 3.7220980682372723e-13 5.5831471023559054e-14 8.374720653533851e-15 1.2562080980300772e-15 1.8843121470451146e-16 2.82646822056767e-17 4.239702330851503e-18 6.35955349627725e-19 9.539330244415869e-20 1.4308995366623796e-20 2.220446049250313e-16
0.9 0.08999999999999998 0.008999999999999996 0.0008999999999999994 8.999999999999992e-05 8.99999999999999e-06 8.999999999999988e-07 8.999999999999987e-08 8.999999999999985e-09 8.999999999999982e-10 8.99999999999998e-11 8.999999999999979e-12 8.999999999999977e-13 8.999999999999974e-14 8.999999999999971e-15 8.99999999999997e-16 8.999999999999968e-17 8.999999999999966e-18 8.999999999999964e-19 8.999999999999962e-20 8.99999999999996e-21 8.999999999999958e-22 8.999999999999956e-23 8.999999999999955e-24 8.999999999999952e-25 0.0
5 5
0.8 0.15999999999999998 0.03199999999999999 0.006399999999999996 0.001279999999999999 0.0002559999999999997 5.119999999999994e-05 1.0239999999999985e-05 2.0479999999999963e-06 4.095999999999992e-07 8.191999999999982e-08 1.638399999999996e-08 3.2767999999999914e-09 6.553599999999981e-10 1.310719999999996e-10 2.6214399999999915e-11 5.242879999999982e-12 1.048575999999996e-12 2.0971519999999919e-13 4.194303999999983e-14 8.388607999999963e-15 1.6777215999999924e-15 3.3554431999999836e-16 6.710886399999966e-17 1.3421772799999928e-17 -2.220446049250313e-16
0.8500000000000001 0.12749999999999995 0.019124999999999982 0.002868749999999995 0.000430312499999999 6.454687499999981e-05 9.682031249999966e-06 1.452304687499994e-06 2.17845703124999e-07 3.267685546874983e-08 4.901528320312471e-09 7.352292480468703e-10 1.1028438720703048e-10 1.6542658081054564e-11 2.481398712158183e-12 3.7220980682372723e-13 5.5831471023559054e-14 8.374720653533851e-15 1.2562080980300772e-15 1.8843121470451146e-16 2.82646822056767e-17 4.239702330851503e-18 6.35955349627725e-19 9.539330244415869e-20 1.4308995366623796e-20 2.220446049250313e-16
0.9 0.08999999999999998 0.008999999999999996 0.0008999999999999994 8.999999999999992e-05 8.99999999999999e-06 8.999999999999988e-07 8.999999999999987e-08 8.999999999999985e-09 8.999999999999982e-10 8.99999999999998e-11 8.999999999999979e-12 8.999999999999977e-13 8.999999999999974e-14 8.999999999999971e-15 8.99999999999997e-16 8.999999999999968e-17 8.999999999999966e-18 8.999999999999964e-19 8.999999999999962e-20 8.99999999999996e-21 8.999999999999958e-22 8.999999999999956e-23 8.999999999999955e-24 8.999999999999952e-25 0.0
6 1
0.8 0.15999999999999998 0.03199999999999999 0.006399999999999996 0.001279999999999999 0.0002559999999999997 5.119999999999994e-05 1.0239999999999985e-05 2.0479999999999963e-06 4.095999999999992e-07 8.191999999999982e-08 1.638399999999996e-08 3.2767999999999914e-09 6.553599999999981e-10 1.310719999999996e-10 2.6214399999999915e-11 5.242879999999982e-12 1.048575999999996e-12 2.0971519999999919e-13 4.194303999999983e-14 8.388607999999963e-15 1.6777215999999924e-15 3.3554431999999836e-16 6.710886399999966e-17 1.3421772799999928e-17 -2.220446049250313e-16
0.8500000000000001 0.12749999999999995 0.019124999999999982 0.002868749999999995 0.000430312499999999 6.454687499999981e-05 9.682031249999966e-06 1.452304687499994e-06 2.17845703124999e-07 3.267685546874983e-08 4.901528320312471e-09 7.352292480468703e-10 1.1028438720703048e-10 1.6542658081054564e-11 2.481398712158183e-12 3.7220980682372723e-13 5.5831471023559054e-14 8.374720653533851e-15 1.2562080980300772e-15 1.8843121470451146e-16 2.82646822056767e-17 4.239702330851503e-18 6.35955349627725e-19 9.539330244415869e-20 1.4308995366623796e-20 2.220446049250313e-16
0.9 0.08999999999999998 0.008999999999999996 0.0008999999999999994 8.999999999999992e-05 8.99999999999999e-06 8.999999999999988e-07 8.999999999999987e-08 8.999999999999985e-09 8.999999999999982e-10 8.99999999999998e-11 8.999999999999979e-12 8.999999999999977e-13 8.999999999999974e-14 8.999999999999971e-15 8.99999999999997e-16 8.999999999999968e-17 8.999999999999966e-18 8.999999999999964e-19 8.999999999999962e-20 8.99999999999996e-21 8.999999999999958e-22 8.999999999999956e-23 8.999999999999955e-24 8.999999999999952e-25 0.0
6 2
0.8 0.15999999999999998 0.03199999999999999 0.006399999999999996 0.001279999999999999 0.0002559999999999997 5.119999999999994e-05 1.0239999999999985e-05 2.0479999999999963e-06 4.095999999999992e-07 8.191999999999982e-08 1.638399999999996e-08 3.2767999999999914e-09 6.553599999999981e-10 1.310719999999996e-10 2.6214399999999915e-11 5.242879999999982e-12 1.048575999999996e-12 2.0971519999999919e-13 4.194303999999983e-14 8.388607999999963e-15 1.6777215999999924e-15 3.3554431999999836e-16 6.710886399999966e-17 1.3421772799999928e-17 -2.220446049250313e-16
0.8500000000000001 0.12749999999999995 0.019124999999999982 0.002868749999999995 0.000430312499999999 6.454687499999981e-05 9.682031249999966e-06 1.452304687499994e-06 2.17845703124999e-07 3.267685546874983e-08 4.901528320312471e-09 7.352292480468703e-10 1.1028438720703048e-10 1.6542658081054564e-11 2.481398712158183e-12 3.7220980682372723e-13 5.5831471023559054e-14 8.374720653533851e-15 1.2562080980300772e-15 1.8843121470451146e-16 2.82646822056767e-17 4.239702330851503e-18 6.35955349627725e-19 9.539330244415869e-20 1.4308995366623796e-20 2.220446049250313e-16
0.9 0.08999999999999998 0.008999999999999996 0.0008999999999999994 8.999999999999992e-05 8.99999999999999e-06 8.999999999999988e-07 8.999999999999987e-08 8.999999999999985e-09 8.999999999999982e-10 8.99999999999998e-11 8.999999999999979e-12 8.999999999999977e-13 8.999999999999974e-14 8.999999999999971e-15 8.99999999999997e-16 8.999999999999968e-17 8.999999999999966e-18 8.999999999999964e-19 8.999999999999962e-20 8.99999999999996e-21 8.999999999999958e-22 8.999999999999956e-23 8.999999999999955e-24 8.999999999999952e-25 0.0
6 3
0.8 0.15999999999999998 0.03199999999999999 0.006399999999999996 0.001279999999999999 0.0002559999999999997 5.119999999999994e-05 1.0239999999999985e-05 2.0479999999999963e-06 4.095999999999992e-07 8.191999999999982e-08 1.638399999999996e-08 3.2767999999999914e-09 6.553599999999981e-10 1.310719999999996e-10 2.6214399999999915e-11 5.242879999999982e-12 1.048575999999996e-12 2.0971519999999919e-13 4.194303999999983e-14 8.388607999999963e-15 1.6777215999999924e-15 3.3554431999999836e-16 6.710886399999966e-17 1.3421772799999928e-17 -2.220446049250313e-16
0.8500000000000001 0.12749999999999995 0.019124999999999982 0.002868749999999995 0.000430312499999999 6.454687499999981e-05 9.682031249999966e-06 1.452304687499994e-06 2.17845703124999e-07 3.267685546874983e-08 4.901528320312471e-09 7.352292480468703e-10 1.1028438720703048e-10 1.6542658081054564e-11 2.481398712158183e-12 3.7220980682372723e-13 5.5831471023559054e-14 8.374720653533851e-15 1.2562080980300772e-15 1.8843121470451146e-16 2.82646822056767e-17 4.239702330851503e-18 6.35955349627725e-19 9.539330244415869e-20 1.4308995366623796e-20 2.220446049250313e-16
0.9 0.08999999999999998 0.008999999999999996 0.0008999999999999994 8.999999999999992e-05 8.99999999999999e-06 8.999999999999988e-07 8.999999999999987e-08 8.999999999999985e-09 8.999999999999982e-10 8.99999999999998e-11 8.999999999999979e-12 8.999999999999977e-13 8.999999999999974e-14 8.999999999999971e-15 8.99999999999997e-16 8.999999999999968e-17 8.999999999999966e-18 8.999999999999964e-19 8.999999999999962e-20 8.99999999999996e-21 8.999999999999958e-22 8.999999999999956e-23 8.999999999999955e-24 8.999999999999952e-25 0.0
6 4
0.8 0.15999999999999998 0.03199999999999999 0.006399999999999996 0.001279999999999999 0.0002559999999999997 5.119999999999994e-05 1.0239999999999985e-05 2.0479999999999963e-06 4.095999999999992e-07 8.191999999999982e-08 1.638399999999996e-08 3.2767999999999914e-09 6.553599999999981e-10 1.310719999999996e-10 2.6214399999999915e-11 5.242879999999982e-12 1.048575999999996e-12 2.0971519999999919e-13 4.194303999999983e-14 8.388607999999963e-15 1.6777215999999924e-15 3.3554431999999836e-16 6.710886399999966e-17 1.3421772799999928e-17 -2.220446049250313e-16
0.8500000000000001 0.12749999999999995 0.019124999999999982 0.002868749999999995 0.000430312499999999 6.454687499999981e-05 9.682031249999966e-06 1.452304687499994e-06 2.17845703124999e-07 3.267685546874983e-08 4.901528320312471e-09 7.352292480468703e-10 1.1028438720703048e-10 1.6542658081054564e-11 2.481398712158183e-12 3.7220980682372723e-13 5.5831471023559054e-14 8.374720653533851e-15 1.2562080980300772e-15 1.8843121470451146e-16 2.82646822056767e-17 4.239702330851503e-18 6.35955349627725e-19 9.539330244415869e-20 1.4308995366623796e-20 2.220446049250313e-16
0.9 0.08999999999999998 0.008999999999999996 0.0008999999999999994 8.999999999999992e-05 8.99999999999999e-06 8.999999999999988e-07 8.999999999999987e-08 8.999999999999985e-09 8.999999999999982e-10 8.99999999999998e-11 8.999999999999979e-12 8.999999999999977e-13 8.999999999999974e-14 8.999999999999971e-15 8.99999999999997e-16 8.999999999999968e-17 8.999999999999966e-18 8.999999999999964e-19 8.999999999999962e-20 8.99999999999996e-21 8.999999999999958e-22 8.999999999999956e-23 8.999999999999955e-24 8.999999999999952e-25 0.0
6 5
0.8 0.15999999999999998 0.03199999999999999 0.006399999999999996 0.001279999999999999 0.0002559999999999997 5.119999999999994e-05 1.0239999999999985e-05 2.0479999999999963e-06 4.095999999999992e-07 8.191999999999982e-08 1.638399999999996e-08 3.2767999999999914e-09 6.553599999999981e-10 1.310719999999996e-10 2.6214399999999915e-11 5.242879999999982e-12 1.048575999999996e-12 2.0971519999999919e-13 4.194303999999983e-14 8.388607999999963e-15 1.6777215999999924e-15 3.3554431999999836e-16 6.710886399999966e-17 1.3421772799999928e-17 -2.220446049250313e-16
0.8500000000000001 0.12749999999999995 0.019124999999999982 0.002868749999999995 0.000430312499999999 6.454687499999981e-05 9.682031249999966e-06 1.452304687499994e-06 2.17845703124999e-07 3.267685546874983e-08 4.901528320312471e-09 7.352292480468703e-10 1.1028438720703048e-10 1.6542658081054564e-11 2.481398712158183e-12 3.7220980682372723e-13 5.5831471023559054e-14 8.374720653533851e-15 1.2562080980300772e-15 1.8843121470451146e-16 2.82646822056767e-17 4.239702330851503e-18 6.35955349627725e-19 9.539330244415869e-20 1.4308995366623796e-20 2.220446049250313e-16
0.9 0.08999999999999998 0.008999999999999996 0.0008999999999999994 8.999999999999992e-05 8.99999999999999e-06 8.999999999999988e-07 8.999999999999987e-08 8.999999999999985e-09 8.999999999999982e-10 8.99999999999998e-11 8.999999999999979e-12 8.999999999999977e-13 8.999999999999974e-14 8.999999999999971e-15 8.99999999999997e-16 8.999999999999968e-17 8.999999999999966e-18 8.999999999999964e-19 8.999999999999962e-20 8.99999999999996e-21 8.999999999999958e-22 8.999999999999956e-23 8.999999999999955e-24 8.999999999999952e-25 0.0
7 1
0.8 0.15999999999999998 0.03199999999999999 0.006399999999999996 0.001279999999999999 0.0002559999999999997 5.119999999999994e-05 1.0239999999999985e-05 2.0479999999999963e-06 4.095999999999992e-07 8.191999999999982e-08 1.638399999999996e-08 3.2767999999999914e-09 6.553599999999981e-10 1.310719999999996e-10 2.6214399999999915e-11 5.242879999999982e-12 1.048575999999996e-12 2.0971519999999919e-13 4.194303999999983e-14 8.388607999999963e-15 1.6777215999999924e-15 3.3554431999999836e-16 6.710886399999966e-17 1.3421772799999928e-17 -2.220446049250313e-16
0.8500000000000001 0.12749999999999995 0.019124999999999982 0.002868749999999995 0.000430312499999999 6.454687499999981e-05 9.682031249999966e-06 1.452304687499994e-06 2.17845703124999e-07 3.267685546874983e-08 4.901528320312471e-09 7.352292480468703e-10 1.1028438720703048e-10 1.6542658081054564e-11 2.481398712158183e-12 3.7220980682372723e-13 5.5831471023559054e-14 8.374720653533851e-15 1.2562080980300772e-15 1.8843121470451146e-16 2.82646822056767e-17 4.239702330851503e-18 6.35955349627725e-19 9.539330244415869e-20 1.4308995366623796e-20 2.220446049250313e-16
0.9 0.08999999999999998 0.008999999999999996 0.0008999999999999994 8.999999999999992e-05 8.99999999999999e-06 8.999999999999988e-07 8.999999999999987e-08 8.999999999999985e-09 8.999999999999982e-10 8.99999999999998e-11 8.999999999999979e-12 8.999999999999977e-13 8.999999999999974e-14 8.999999999999971e-15 8.99999999999997e-16 8.999999999999968e-17 8.999999999999966e-18 8.999999999999964e-19 8.999999999999962e-20 8.99999999999996e-21 8.999999999999958e-22 8.999999999999956e-23 8.999999999999955e-24 8.999999999999952e-25 0.0
7 2
0.8 0.15999999999999998 0.03199999999999999 0.006399999999999996 0.001279999999999999 0.0002559999999999997 5.119999999999994e-05 1.0239999999999985e-05 2.0479999999999963e-06 4.095999999999992e-07 8.191999999999982e-08 1.638399999999996e-08 3.2767999999999914e-09 6.553599999999981e-10 1.310719999999996e-10 2.6214399999999915e-11 5.242879999999982e-12 1.048575999999996e-12 2.0971519999999919e-13 4.194303999999983e-14 8.388607999999963e-15 1.6777215999999924e-15 3.3554431999999836e-16 6.710886399999966e-17 1.3421772799999928e-17 -2.220446049250313e-16
0.8500000000000001 0.12749999999999995 0.019124999999999982 0.002868749999999995 0.000430312499999999 6.454687499999981e-05 9.682031249999966e-06 1.452304687499994e-06 2.17845703124999e-07 3.267685546874983e-08 4.901528320312471e-09 7.352292480468703e-10 1.1028438720703048e-10 1.6542658081054564e-11 2.481398712158183e-12 3.7220980682372723e-13 5.5831471023559054e-14 8.374720653533851e-15 1.2562080980300772e-15 1.8843121470451146e-16 2.82646822056767e-17 4.239702330851503e-18 6.35955349627725e-19 9.539330244415869e-20 1.4308995366623796e-20 2.220446049250313e-16
0.9 0.08999999999999998 0.008999999999999996 0.0008999999999999994 8.999999999999992e-05 8.99999999999999e-06 8.999999999999988e-07 8.999999999999987e-08 8.999999999999985e-09 8.999999999999982e-10 8.99999999999998e-11 8.999999999999979e-12 8.999999999999977e-13 8.999999999999974e-14 8.999999999999971e-15 8.99999999999997e-16 8.999999999999968e-17 8.999999999999966e-18 8.999999999999964e-19 8.999999999999962e-20 8.99999999999996e-21 8.999999999999958e-22 8.999999999999956e-23 8.999999999999955e-24 8.999999999999952e-25 0.0
7 3
0.8 0.15999999999999998 0.03199999999999999 0.006399999999999996 0.001279999999999999 0.0002559999999999997 5.119999999999994e-05 1.0239999999999985e-05 2.0479999999999963e-06 4.095999999999992e-07 8.191999999999982e-08 1.638399999999996e-08 3.2767999999999914e-09 6.553599999999981e-10 1.310719999999996e-10 2.6214399999999915e-11 5.242879999999982e-12 1.048575999999996e-12 2.0971519999999919e-13 4.194303999999983e-14 8.388607999999963e-15 1.6777215999999924e-15 3.3554431999999836e-16 6.710886399999966e-17 1.3421772799999928e-17 -2.220446049250313e-16
0.8500000000000001 0.12749999999999995 0.019124999999999982 0.002868749999999995 0.000430312499999999 6.454687499999981e-05 9.682031249999966e-06 1.452304687499994e-06 2.17845703124999e-07 3.267685546874983e-08 4.901528320312471e-09 7.352292480468703e-10 1.1028438720703048e-10 1.6542658081054564e-11 2.481398712158183e-12 3.7220980682372723e-13 5.5831471023559054e-14 8.374720653533851e-15 1.2562080980300772e-15 1.8843121470451146e-16 2.82646822056767e-17 4.239702330851503e-18 6.35955349627725e-19 9.539330244415869e-20 1.4308995366623796e-20 2.220446049250313e-16
0.9 0.08999999999999998 0.008999999999999996 0.0008999999999999994 8.999999999999992e-05 8.99999999999999e-06 8.999999999999988e-07 8.999999999999987e-08 8.999999999999985e-09 8.999999999999982e-10 8.99999999999998e-11 8.999999999999979e-12 8.999999999999977e-13 8.999999999999974e-14 8.999999999999971e-15 8.99999999999997e-16 8.999999999999968e-17 8.999999999999966e-18 8.999999999999964e-19 8.999999999999962e-20 8.99999999999996e-21 8.999999999999958e-22 8.999999999999956e-23 8.999999999999955e-24 8.999999999999952e-25 0.0
7 4
0.8 0.15999999999999998 0.03199999999999999 0.006399999999999996 0.001279999999999999 0.0002559999999999997 5.119999999999994e-05 1.0239999999999985e-05 2.0479999999999963e-06 4.095999999999992e-07 8.191999999999982e-08 1.638399999999996e-08 3.2767999999999914e-09 6.553599999999981e-10 1.310719999999996e-10 2.6214399999999915e-11 5.242879999999982e-12 1.048575999999996e-12 2.0971519999999919e-13 4.194303999999983e-14 8.388607999999963e-15 1.6777215999999924e-15 3.3554431999999836e-16 6.710886399999966e-17 1.3421772799999928e-17 -2.220446049250313e-16
0.8500000000000001 0.12749999999999995 0.019124999999999982 0.002868749999999995 0.000430312499999999 6.454687499999981e-05 9.682031249999966e-06 1.452304687499994e-06 2.17845703124999e-07 3.267685546874983e-08 4.901528320312471e-09 7.352292480468703e-10 1.1028438720703048e-10 1.6542658081054564e-11 2.481398712158183e-12 3.7220980682372723e-13 5.5831471023559054e-14 8.374720653533851e-15 1.2562080980300772e-15 1.8843121470451146e-16 2.82646822056767e-17 4.239702330851503e-18 6.35955349627725e-19 9.539330244415869e-20 1.4308995366623796e-20 2.220446049250313e-16
0.9 0.08999999999999998 0.008999999999999996 0.0008999999999999994 8.999999999999992e-05 8.99999999999999e-06 8.999999999999988e-07 8.999999999999987e-08 8.999999999999985e-09 8.999999999999982e-10 8.99999999999998e-11 8.999999999999979e-12 8.999999999999977e-13 8.999999999999974e-14 8.999999999999971e-15 8.99999999999997e-16 8.999999999999968e-17 8.999999999999966e-18 8.999999999999964e-19 8.999999999999962e-20 8.99999999999996e-21 8.999999999999958e-22 8.999999999999956e-23 8.999999999999955e-24 8.999999999999952e-25 0.0
7 5
0.8 0.15999999999999998 0.03199999999999999 0.006399999999999996 0.001279999999999999 0.0002559999999999997 5.119999999999994e-05 1.0239999999999985e-05 2.0479999999999963e-06 4.095999999999992e-07 8.191999999999982e-08 1.638399999999996e-08 3.2767999999999914e-09 6.553599999999981e-10 1.310719999999996e-10 2.6214399999999915e-11 5.242879999999982e-12 1.048575999999996e-12 2.0971519999999919e-13 4.194303999999983e-14 8.388607999999963e-15 1.6777215999999924e-15 3.3554431999999836e-16 6.710886399999966e-17 1.3421772799999928e-17 -2.220446049250313e-16
0.8500000000000001 0.12749999999999995 0.019124999999999982 0.002868749999999995 0.000430312499999999 6.454687499999981e-05 9.682031249999966e-06 1.452304687499994e-06 2.17845703124999e-07 3.267685546874983e-08 4.901528320312471e-09 7.352292480468703e-10 1.1028438720703048e-10 1.6542658081054564e-11 2.481398712158183e-12 3.7220980682372723e-13 5.5831471023559054e-14 8.374720653533851e-15 1.2562080980300772e-15 1.8843121470451146e-16 2.82646822056767e-17 4.239702330851503e-18 6.35955349627725e-19 9.539330244415869e-20 1.4308995366623796e-20 2.220446049250313e-16
0.9 0.08999999999999998 0.008999999999999996 0.0008999999999999994 8.999999999999992e-05 8.99999999999999e-06 8.999999999999988e-07 8.999999999999987e-08 8.999999999999985e-09 8.999999999999982e-10 8.99999999999998e-11 8.999999999999979e-12 8.999999999999977e-13 8.999999999999974e-14 8.999999999999971e-15 8.99999999999997e-16 8.999999999999968e-17 8.999999999999966e-18 8.999999999999964e-19 8.999999999999962e-20 8.99999999999996e-21 8.999999999999958e-22 8.999999999999956e-23 8.999999999999955e-24 8.999999999999952e-25 0.0
8 1
0.8 0.15999999999999998 0.03199999999999999 0.006399999999999996 0.001279999999999999 0.0002559999999999997 5.119999999999994e-05 1.0239999999999985e-05 2.0479999999999963e-06 4.095999999999992e-07 8.191999999999982e-08 1.638399999999996e-08 3.2767999999999914e-09 6.553599999999981e-10 1.310719999999996e-10 2.6214399999999915e-11 5.242879999999982e-12 1.048575999999996e-12 2.0971519999999919e-13 4.194303999999983e-14 8.388607999999963e-15 1.6777215999999924e-15 3.3554431999999836e-16 6.710886399999966e-17 1.3421772799999928e-17 -2.220446049250313e-16
0.8500000000000001 0.12749999999999995 0.019124999999999982 0.002868749999999995 0.000430312499999999 6.454687499999981e-05 9.682031249999966e-06 1.452304687499994e-06 2.17845703124999e-07 3.267685546874983e-08 4.901528320312471e-09 7.352292480468703e-10 1.1028438720703048e-10 1.6542658081054564e-11 2.481398712158183e-12 3.7220980682372723e-13 5.5831471023559054e-14 8.374720653533851e-15 1.2562080980300772e-15 1.8843121470451146e-16 2.82646822056767e-17 4.239702330851503e-18 6.35955349627725e-19 9.539330244415869e-20 1.4308995366623796e-20 2.220446049250313e-16
0.9 0.08999999999999998 0.008999999999999996 0.0008999999999999994 8.999999999999992e-05 8.99999999999999e-06 8.999999999999988e-07 8.999999999999987e-08 8.999999999999985e-09 8.999999999999982e-10 8.99999999999998e-11 8.999999999999979e-12 8.999999999999977e-13 8.999999999999974e-14 8.999999999999971e-15 8.99999999999997e-16 8.999999999999968e-17 8.999999999999966e-18 8.999999999999964e-19 8.999999999999962e-20 8.99999999999996e-21 8.999999999999958e-22 8.999999999999956e-23 8.999999999999955e-24 8.999999999999952e-25 0.0
8 2
0.8 0.15999999999999998 0.03199999999999999 0.006399999999999996 0.001279999999999999 0.0002559999999999997 5.119999999999994e-05 1.0239999999999985e-05 2.0479999999999963e-06 4.095999999999992e-07 8.191999999999982e-08 1.638399999999996e-08 3.2767999999999914e-09 6.553599999999981e-10 1.310719999999996e-10 2.6214399999999915e-11 5.242879999999982e-12 1.048575999999996e-12 2.0971519999999919e-13 4.194303999999983e-14 8.388607999999963e-15 1.6777215999999924e-15 3.3554431999999836e-16 6.710886399999966e-17 1.3421772799999928e-17 -2.220446049250313e-16
0.8500000000000001 0.12749999999999995 0.019124999999999982 0.002868749999999995 0.000430312499999999 6.454687499999981e-05 9.682031249999966e-06 1.452304687499994e-06 2.17845703124999e-07 3.267685546874983e-08 4.901528320312471e-09 7.352292480468703e-10 1.1028438720703048e-10 1.6542658081054564e-11 2.481398712158183e-12 3.7220980682372723e-13 5.5831471023559054e-14 8.374720653533851e-15 1.2562080980300772e-15 1.8843121470451146e-16 2.82646822056767e-17 4.239702330851503e-18 6.35955349627725e-19 9.539330244415869e-20 1.4308995366623796e-20 2.220446049250313e-16
0.9 0.08999999999999998 0.008999999999999996 0.0008999999999999994 8.999999999999992e-05 8.99999999999999e-06 8.999999999999988e-07 8.999999999999987e-08 8.999999999999985e-09 8.999999999999982e-10 8.99999999999998e-11 8.999999999999979e-12 8.999999999999977e-13 8.999999999999974e-14 8.999999999999971e-15 8.99999999999997e-16 8.999999999999968e-17 8.999999999999966e-18 8.999999999999964e-19 8.999999999999962e-20 8.99999999999996e-21 8.999999999999958e-22 8.999999999999956e-23 8.999999999999955e-24 8.999999999999952e-25 0.0
8 3
0.8 0.15999999999999998 0.03199999999999999 0.006399999999999996 0.001279999999999999 0.0002559999999999997 5.119999999999994e-05 1.0239999999999985e-05 2.0479999999999963e-06 4.095999999999992e-07 8.191999999999982e-08 1.638399999999996e-08 3.2767999999999914e-09 6.553599999999981e-10 1.310719999999996e-10 2.6214399999999915e-11 5.242879999999982e-12 1.048575999999996e-12 2.0971519999999919e-13 4.194303999999983e-14 8.388607999999963e-15 1.6777215999999924e-15 3.3554431999999836e-16 6.710886399999966e-17 1.3421772799999928e-17 -2.220446049250313e-16
0.8500000000000001 0.12749999999999995 0.019124999999999982 0.002868749999999995 0.000430312499999999 6.454687499999981e-05 9.682031249999966e-06 1.452304687499994e-06 2.17845703124999e-07 3.267685546874983e-08 4.901528320312471e-09 7.352292480468703e-10 1.1028438720703048e-10 1.6542658081054564e-11 2.481398712158183e-12 3.7220980682372723e-13 5.5831471023559054e-14 8.374720653533851e-15 1.2562080980300772e-15 1.8843121470451146e-16 2.82646822056767e-17 4.239702330851503e-18 6.35955349627725e-19 9.539330244415869e-20 1.4308995366623796e-20 2.220446049250313e-16
0.9 0.08999999999999998 0.008999999999999996 0.0008999999999999994 8.999999999999992e-05 8.99999999999999e-06 8.999999999999988e-07 8.999999999999987e-08 8.999999999999985e-09 8.999999999999982e-10 8.99999999999998e-11 8.999999999999979e-12 8.999999999999977e-13 8.999999999999974e-14 8.999999999999971e-15 8.99999999999997e-16 8.999999999999968e-17 8.999999999999966e-18 8.999999999999964e-19 8.999999999999962e-20 8.99999999999996e-21 8.999999999999958e-22 8.999999999999956e-23 8.999999999999955e-24 8.999999999999952e-25 0.0
8 4
0.8 0.15999999999999998 0.03199999999999999 0.006399999999999996 0.001279999999999999 0.0002559999999999997 5.119999999999994e-05 1.0239999999999985e-05 2.0479999999999963e-06 4.095999999999992e-07 8.191999999999982e-08 1.638399999999996e-08 3.2767999999999914e-09 6.553599999999981e-10 1.310719999999996e-10 2.6214399999999915e-11 5.242879999999982e-12 1.048575999999996e-12 2.0971519999999919e-13 4.194303999999983e-14 8.388607999999963e-15 1.6777215999999924e-15 3.3554431999999836e-16 6.710886399999966e-17 1.3421772799999928e-17 -2.220446049250313e-16
0.8500000000000001 0.12749999999999995 0.019124999999999982 0.002868749999999995 0.000430312499999999 6.454687499999981e-05 9.682031249999966e-06 1.452304687499994e-06 2.17845703124999e-07 3.267685546874983e-08 4.901528320312471e-09 7.352292480468703e-10 1.1028438720703048e-10 1.6542658081054564e-11 2.481398712158183e-12 3.7220980682372723e-13 5.5831471023559054e-14 8.374720653533851e-15 1.2562080980300772e-15 1.8843121470451146e-16 2.82646822056767e-17 4.239702330851503e-18 6.35955349627725e-19 9.539330244415869e-20 1.4308995366623796e-20 2.220446049250313e-16
0.9 0.08999999999999998 0.008999999999999996 0.0008999999999999994 8.999999999999992e-05 8.99999999999999e-06 8.999999999999988e-07 8.999999999999987e-08 8.999999999999985e-09 8.999999999999982e-10 8.99999999999998e-11 8.999999999999979e-12 8.999999999999977e-13 8.999999999999974e-14 8.999999999999971e-15 8.99999999999997e-16 8.999999999999968e-17 8.999999999999966e-18 8.999999999999964e-19 8.999999999999962e-20 8.99999999999996e-21 8.999999999999958e-22 8.999999999999956e-23 8.999999999999955e-24 8.999999999999952e-25 0.0
8 5
0.8 0.15999999999999998 0.03199999999999999 0.006399999999999996 0.001279999999999999 0.0002559999999999997 5.119999999999994e-05 1.0239999999999985e-05 2.0479999999999963e-06 4.095999999999992e-07 8.191999999999982e-08 1.638399999999996e-08 3.2767999999999914e-09 6.553599999999981e-10 1.310719999999996e-10 2.6214399999999915e-11 5.242879999999982e-12 1.048575999999996e-12 2.0971519999999919e-13 4.194303999999983e-14 8.388607999999963e-15 1.6777215999999924e-15 3.3554431999999836e-16 6.710886399999966e-17 1.3421772799999928e-17 -2.220446049250313e-16
0.8500000000000001 0.12749999999999995 0.019124999999999982 0.002868749999999995 0.000430312499999999 6.454687499999981e-05 9.682031249999966e-06 1.452304687499994e-06 2.17845703124999e-07 3.267685546874983e-08 4.901528320312471e-09 7.352292480468703e-10 1.1028438720703048e-10 1.6542658081054564e-11 2.481398712158183e-12 3.7220980682372723e-13 5.5831471023559054e-14 8.374720653533851e-15 1.2562080980300772e-15 1.8843121470451146e-16 2.82646822056767e-17 4.239702330851503e-18 6.35955349627725e-19 9.539330244415869e-20 1.4308995366623796e-20 2.220446049250313e-16
0.9 0.08999999999999998 0.008999999999999996 0.0008999999999999994 8.999999999999992e-05 8.99999999999999e-06 8.999999999999988e-07 8.999999999999987e-08 8.999999999999985e-09 8.999999999999982e-10 8.99999999999998e-11 8.999999999999979e-12 8.999999999999977e-13 8.999999999999974e-14 8.999999999999971e-15 8.99999999999997e-16 8.999999999999968e-17 8.999999999999966e-18 8.999999999999964e-19 8.999999999999962e-20 8.99999999999996e-21 8.999999999999958e-22 8.999999999999956e-23 8.999999999999955e-24 8.999999999999952e-25 0.0
9 1
0.8 0.15999999999999998 0.03199999999999999 0.006399999999999996 0.001279999999999999 0.0002559999999999997 5.119999999999994e-05 1.0239999999999985e-05 2.0479999999999963e-06 4.095999999999992e-07 8.191999999999982e-08 1.638399999999996e-08 3.2767999999999914e-09 6.553599999999981e-10 1.310719999999996e-10 2.6214399999999915e-11 5.242879999999982e-12 1.048575999999996e-12 2.0971519999999919e-13 4.194303999999983e-14 8.388607999999963e-15 1.6777215999999924e-15 3.3554431999999836e-16 6.710886399999966e-17 1.3421772799999928e-17 -2.220446049250313e-16
0.8500000000000001 0.12749999999999995 0.019124999999999982 0.002868749999999995 0.000430312499999999 6.454687499999981e-05 9.682031249999966e-06 1.452304687499994e-06 2.17845703124999e-07 3.267685546874983e-08 4.901528320312471e-09 7.352292480468703e-10 1.1028438720703048e-10 1.6542658081054564e-11 2.481398712158183e-12 3.7220980682372723e-13 5.5831471023559054e-14 8.374720653533851e-15 1.2562080980300772e-15 1.8843121470451146e-16 2.82646822056767e-17 4.239702330851503e-18 6.35955349627725e-19 9.539330244415869e-20 1.4308995366623796e-20 2.220446049250313e-16
0.9 0.08999999999999998 0.008999999999999996 0.0008999999999999994 8.999999999999992e-05 8.99999999999999e-06 8.999999999999988e-07 8.999999999999987e-08 8.999999999999985e-09 8.999999999999982e-10 8.99999999999998e-11 8.999999999999979e-12 8.999999999999977e-13 8.999999999999974e-14 8.999999999999971e-15 8.99999999999997e-16 8.999999999999968e-17 8.999999999999966e-18 8.999999999999964e-19 8.999999999999962e-20 8.99999999999996e-21 8.999999999999958e-22 8.999999999999956e-23 8.999999999999955e-24 8.999999999999952e-25 0.0
9 2
0.8 0.15999999999999998 0.03199999999999999 0.006399999999999996 0.001279999999999999 0.0002559999999999997 5.119999999999994e-05 1.0239999999999985e-05 2.0479999999999963e-06 4.095999999999992e-07 8.191999999999982e-08 1.638399999999996e-08 3.2767999999999914e-09 6.553599999999981e-10 1.310719999999996e-10 2.6214399999999915e-11 5.242879999999982e-12 1.048575999999996e-12 2.0971519999999919e-13 4.194303999999983e-14 8.388607999999963e-15 1.6777215999999924e-15 3.3554431999999836e-16 6.710886399999966e-17 1.3421772799999928e-17 -2.220446049250313e-16
0.8500000000000001 0.12749999999999995 0.019124999999999982 0.002868749999999995 0.000430312499999999 6.454687499999981e-05 9.682031249999966e-06 1.452304687499994e-06 2.17845703124999e-07 3.267685546874983e-08 4.901528320312471e-09 7.352292480468703e-10 1.1028438720703048e-10 1.6542658081054564e-11 2.481398712158183e-12 3.7220980682372723e-13 5.5831471023559054e-14 8.374720653533851e-15 1.2562080980300772e-15 1.8843121470451146e-16 2.82646822056767e-17 4.239702330851503e-18 6.35955349627725e-19 9.539330244415869e-20 1.4308995366623796e-20 2.220446049250313e-16
0.9 0.08999999999999998 0.008999999999999996 0.0008999999999999994 8.999999999999992e-05 8.99999999999999e-06 8.999999999999988e-07 8.999999999999987e-08 8.999999999999985e-09 8.999999999999982e-10 8.99999999999998e-11 8.999999999999979e-12 8.999999999999977e-13 8.999999999999974e-14 8.999999999999971e-15 8.99999999999997e-16 8.999999999999968e-17 8.999999999999966e-18 8.999999999999964e-19 8.999999999999962e-20 8.99999999999996e-21 8.999999999999958e-22 8.999999999999956e-23 8.999999999999955e-24 8.999999999999952e-25 0.0
9 3
0.8 0.15999999999999998 0.03199999999999999 0.006399999999999996 0.001279999999999999 0.0002559999999999997 5.119999999999994e-05 1.0239999999999985e-05 2.0479999999999963e-06 4.095999999999992e-07 8.191999999999982e-08 1.638399999999996e-08 3.2767999999999914e-09 6.553599999999981e-10 1.310719999999996e-10 2.6214399999999915e-11 5.242879999999982e-12 1.048575999999996e-12 2.0971519999999919e-13 4.194303999999983e-14 8.388607999999963e-15 1.6777215999999924e-15 3.3554431999999836e-16 6.710886399999966e-17 1.3421772799999928e-17 -2.220446049250313e-16
0.8500000000000001 0.12749999999999995 0.019124999999999982 0.002868749999999995 0.000430312499999999 6.454687499999981e-05 9.682031249999966e-06 1.452304687499994e-06 2.17845703124999e-07 3.267685546874983e-08 4.901528320312471e-09 7.352292480468703e-10 1.1028438720703048e-10 1.6542658081054564e-11 2.481398712158183e-12 3.7220980682372723e-13 5.5831471023559054e-14 8.374720653533851e-15 1.2562080980300772e-15 1.8843121470451146e-16 2.82646822056767e-17 4.239702330851503e-18 6.35955349627725e-19 9.539330244415869e-20 1.4308995366623796e-20 2.220446049250313e-16
0.9 0.08999999999999998 0.008999999999999996 0.0008999999999999994 8.999999999999992e-05 8.99999999999999e-06 8.999999999999988e-07 8.999999999999987e-08 8.999999999999985e-09 8.999999999999982e-10 8.99999999999998e-11 8.999999999999979e-12 8.999999999999977e-13 8.999999999999974e-14 8.999999999999971e-15 8.99999999999997e-16 8.999999999999968e-17 8.999999999999966e-18 8.999999999999964e-19 8.999999999999962e-20 8.99999999999996e-21 8.999999999999958e-22 8.999999999999956e-23 8.999999999999955e-24 8.999999999999952e-25 0.0
9 4
0.8 0.15999999999999998 0.03199999999999999 0.006399999999999996 0.001279999999999999 0.0002559999999999997 5.119999999999994e-05 1.0239999999999985e-05 2.0479999999999963e-06 4.095999999999992e-07 8.191999999999982e-08 1.638399999999996e-08 3.2767999999999914e-09 6.553599999999981e-10 1.310719999999996e-10 2.6214399999999915e-11 5.242879999999982e-12 1.048575999999996e-12 2.0971519999999919e-13 4.194303999999983e-14 8.388607999999963e-15 1.6777215999999924e-15 3.3554431999999836e-16 6.710886399999966e-17 1.3421772799999928e-17 -2.220446049250313e-16
0.8500000000000001 0.12749999999999995 0.019124999999999982 0.002868749999999995 0.000430312499999999 6.454687499999981e-05 9.682031249999966e-06 1.452304687499994e-06 2.17845703124999e-07 3.267685546874983e-08 4.901528320312471e-09 7.352292480468703e-10 1.1028438720703048e-10 1.6542658081054564e-11 2.481398712158183e-12 3.7220980682372723e-13 5.5831471023559054e-14 8.374720653533851e-15 1.2562080980300772e-15 1.8843121470451146e-16 2.82646822056767e-17 4.239702330851503e-18 6.35955349627725e-19 9.539330244415869e-20 1.4308995366623796e-20 2.220446049250313e-16
0.9 0.08999999999999998 0.008999999999999996 0.0008999999999999994 8.999999999999992e-05 8.99999999999999e-06 8.999999999999988e-07 8.999999999999987e-08 8.999999999999985e-09 8.999999999999982e-10 8.99999999999998e-11 8.999999999999979e-12 8.999999999999977e-13 8.999999999999974e-14 8.999999999999971e-15 8.99999999999997e-16 8.999999999999968e-17 8.999999999999966e-18 8.999999999999964e-19 8.999999999999962e-20 8.99999999999996e-21 8.999999999999958e-22 8.999999999999956e-23 8.999999999999955e-24 8.999999999999952e-25 0.0
9 5
0.8 0.15999999999999998 0.03199999999999999 0.006399999999999996 0.001279999999999999 0.0002559999999999997 5.119999999999994e-05 1.0239999999999985e-05 2.0479999999999963e-06 4.095999999999992e-07 8.191999999999982e-08 1.638399999999996e-08 3.2767999999999914e-09 6.553599999999981e-10 1.310719999999996e-10 2.6214399999999915e-11 5.242879999999982e-12 1.048575999999996e-12 2.0971519999999919e-13 4.194303999999983e-14 8.388607999999963e-15 1.6777215999999924e-15 3.3554431999999836e-16 6.710886399999966e-17 1.3421772799999928e-17 -2.220446049250313e-16
0.8500000000000001 0.12749999999999995 0.019124999999999982 0.002868749999999995 0.000430312499999999 6.454687499999981e-05 9.682031249999966e-06 1.452304687499994e-06 2.17845703124999e-07 3.267685546874983e-08 4.901528320312471e-09 7.352292480468703e-10 1.1028438720703048e-10 1.6542658081054564e-11 2.481398712158183e-12 3.7220980682372723e-13 5.5831471023559054e-14 8.374720653533851e-15 1.2562080980300772e-15 1.8843121470451146e-16 2.82646822056767e-17 4.239702330851503e-18 6.35955349627725e-19 9.539330244415869e-20 1.4308995366623796e-20 2.220446049250313e-16
0.9 0.08999999999999998 0.008999999999999996 0.0008999999999999994 8.999999999999992e-05 8.99999999999999e-06 8.999999999999988e-07 8.999999999999987e-08 8.999999999999985e-09 8.999999999999982e-10 8.99999999999998e-11 8.999999999999979e-12 8.999999999999977e-13 8.999999999999974e-14 8.999999999999971e-15 8.99999999999997e-16 8.999999999999968e-17 8.999999999999966e-18 8.999999999999964e-19 8.999999999999962e-20 8.99999999999996e-21 8.999999999999958e-22 8.999999999999956e-23 8.999999999999955e-24 8.999999999999952e-25 0.0
10 1
0.8 0.15999999999999998 0.03199999999999999 0.006399999999999996 0.001279999999999999 0.0002559999999999997 5.119999999999994e-05 1.0239999999999985e-05 2.0479999999999963e-06 4.095999999999992e-07 8.191999999999982e-08 1.638399999999996e-08 3.2767999999999914e-09 6.553599999999981e-10 1.310719999999996e-10 2.6214399999999915e-11 5.242879999999982e-12 1.048575999999996e-12 2.0971519999999919e-13 4.194303999999983e-14 8.388607999999963e-15 1.6777215999999924e-15 3.3554431999999836e-16 6.710886399999966e-17 1.3421772799999928e-17 -2.220446049250313e-16
0.8500000000000001 0.12749999999999995 0.019124999999999982 0.002868749999999995 0.000430312499999999 6.454687499999981e-05 9.682031249999966e-06 1.452304687499994e-06 2.17845703124999e-07 3.267685546874983e-08 4.901528320312471e-09 7.352292480468703e-10 1.1028438720703048e-10 1.6542658081054564e-11 2.481398712158183e-12 3.7220980682372723e-13 5.5831471023559054e-14 8.374720653533851e-15 1.2562080980300772e-15 1.8843121470451146e-16 2.82646822056767e-17 4.239702330851503e-18 6.35955349627725e-19 9.539330244415869e-20 1.4308995366623796e-20 2.220446049250313e-16
0.9 0.08999999999999998 0.008999999999999996 0.0008999999999999994 8.999999999999992e-05 8.99999999999999e-06 8.999999999999988e-07 8.999999999999987e-08 8.999999999999985e-09 8.999999999999982e-10 8.99999999999998e-11 8.999999999999979e-12 8.999999999999977e-13 8.999999999999974e-14 8.999999999999971e-15 8.99999999999997e-16 8.999999999999968e-17 8.999999999999966e-18 8.999999999999964e-19 8.999999999999962e-20 8.99999999999996e-21 8.999999999999958e-22 8.999999999999956e-23 8.999999999999955e-24 8.999999999999952e-25 0.0
10 2
0.8 0.15999999999999998 0.03199999999999999 0.006399999999999996 0.001279999999999999 0.0002559999999999997 5.119999999999994e-05 1.0239999999999985e-05 2.0479999999999963e-06 4.095999999999992e-07 8.191999999999982e-08 1.638399999999996e-08 3.2767999999999914e-09 6.553599999999981e-10 1.310719999999996e-10 2.6214399999999915e-11 5.242879999999982e-12 1.048575999999996e-12 2.0971519999999919e-13 4.194303999999983e-14 8.388607999999963e-15 1.6777215999999924e-15 3.3554431999999836e-16 6.710886399999966e-17 1.3421772799999928e-17 -2.220446049250313e-16
0.8500000000000001 0.12749999999999995 0.019124999999999982 0.002868749999999995 0.000430312499999999 6.454687499999981e-05 9.682031249999966e-06 1.452304687499994e-06 2.17845703124999e-07 3.267685546874983e-08 4.901528320312471e-09 7.352292480468703e-10 1.1028438720703048e-10 1.6542658081054564e-11 2.481398712158183e-12 3.7220980682372723e-13 5.5831471023559054e-14 8.374720653533851e-15 1.2562080980300772e-15 1.8843121470451146e-16 2.82646822056767e-17 4.239702330851503e-18 6.35955349627725e-19 9.539330244415869e-20 1.4308995366623796e-20 2.220446049250313e-16
0.9 0.08999999999999998 0.008999999999999996 0.0008999999999999994 8.999999999999992e-05 8.99999999999999e-06 8.999999999999988e-07 8.999999999999987e-08 8.999999999999985e-09 8.999999999999982e-10 8.99999999999998e-11 8.999999999999979e-12 8.999999999999977e-13 8.999999999999974e-14 8.999999999999971e-15 8.99999999999997e-16 8.999999999999968e-17 8.999999999999966e-18 8.999999999999964e-19 8.999999999999962e-20 8.99999999999996e-21 8.999999999999958e-22 8.999999999999956e-23 8.999999999999955e-24 8.999999999999952e-25 0.0
10 3
0.8 0.15999999999999998 0.03199999999999999 0.006399999999999996 0.001279999999999999 0.0002559999999999997 5.119999999999994e-05 1.0239999999999985e-05 2.0479999999999963e-06 4.095999999999992e-07 8.191999999999982e-08 1.638399999999996e-08 3.2767999999999914e-09 6.553599999999981e-10 1.310719999999996e-10 2.6214399999999915e-11 5.242879999999982e-12 1.048575999999996e-12 2.0971519999999919e-13 4.194303999999983e-14 8.388607999999963e-15 1.6777215999999924e-15 3.3554431999999836e-16 6.710886399999966e-17 1.3421772799999928e-17 -2.220446049250313e-16
0.8500000000000001 0.12749999999999995 0.019124999999999982 0.002868749999999995 0.000430312499999999 6.454687499999981e-05 9.682031249999966e-06 1.452304687499994e-06 2.17845703124999e-07 3.267685546874983e-08 4.901528320312471e-09 7.352292480468703e-10 1.1028438720703048e-10 1.6542658081054564e-11 2.481398712158183e-12 3.7220980682372723e-13 5.5831471023559054e-14 8.374720653533851e-15 1.2562080980300772e-15 1.8843121470451146e-16 2.82646822056767e-17 4.239702330851503e-18 6.35955349627725e-19 9.539330244415869e-20 1.4308995366623796e-20 2.220446049250313e-16
0.9 0.08999999999999998 0.008999999999999996 0.0008999999999999994 8.999999999999992e-05 8.99999999999999e-06 8.999999999999988e-07 8.999999999999987e-08 8.999999999999985e-09 8.999999999999982e-10 8.99999999999998e-11 8.999999999999979e-12 8.999999999999977e-13 8.999999999999974e-14 8.999999999999971e-15 8.99999999999997e-16 8.999999999999968e-17 8.999999999999966e-18 8.999999999999964e-19 8.999999999999962e-20 8.99999999999996e-21 8.999999999999958e-22 8.999999999999956e-23 8.999999999999955e-24 8.999999999999952e-25 0.0
10 4
0.8 0.15999999999999998 0.03199999999999999 0.006399999999999996 0.001279999999999999 0.0002559999999999997 5.119999999999994e-05 1.0239999999999985e-05 2.0479999999999963e-06 4.095999999999992e-07 8.191999999999982e-08 1.638399999999996e-08 3.2767999999999914e-09 6.553599999999981e-10 1.310719999999996e-10 2.6214399999999915e-11 5.242879999999982e-12 1.048575999999996e-12 2.0971519999999919e-13 4.194303999999983e-14 8.388607999999963e-15 1.6777215999999924e-15 3.3554431999999836e-16 6.710886399999966e-17 1.3421772799999928e-17 -2.220446049250313e-16
0.8500000000000001 0.12749999999999995 0.019124999999999982 0.002868749999999995 0.000430312499999999 6.454687499999981e-05 9.682031249999966e-06 1.452304687499994e-06 2.17845703124999e-07 3.267685546874983e-08 4.901528320312471e-09 7.352292480468703e-10 1.1028438720703048e-10 1.6542658081054564e-11 2.481398712158183e-12 3.7220980682372723e-13 5.5831471023559054e-14 8.374720653533851e-15 1.2562080980300772e-15 1.8843121470451146e-16 2.82646822056767e-17 4.239702330851503e-18 6.35955349627725e-19 9.539330244415869e-20 1.4308995366623796e-20 2.220446049250313e-16
0.9 0.08999999999999998 0.008999999999999996 0.0008999999999999994 8.999999999999992e-05 8.99999999999999e-06 8.999999999999988e-07 8.999999999999987e-08 8.999999999999985e-09 8.999999999999982e-10 8.99999999999998e-11 8.999999999999979e-12 8.999999999999977e-13 8.999999999999974e-14 8.999999999999971e-15 8.99999999999997e-16 8.999999999999968e-17 8.999999999999966e-18 8.999999999999964e-19 8.999999999999962e-20 8.99999999999996e-21 8.999999999999958e-22 8.999999999999956e-23 8.999999999999955e-24 8.999999999999952e-25 0.0
10 5
0.8 0.15999999999999998 0.03199999999999999 0.006399999999999996 0.001279999999999999 0.0002559999999999997 5.119999999999994e-05 1.0239999999999985e-05 2.0479999999999963e-06 4.095999999999992e-07 8.191999999999982e-08 1.638399999999996e-08 3.2767999999999914e-09 6.553599999999981e-10 1.310719999999996e-10 2.6214399999999915e-11 5.242879999999982e-12 1.048575999999996e-12 2.0971519999999919e-13 4.194303999999983e-14 8.388607999999963e-15 1.6777215999999924e-15 3.3554431999999836e-16 6.710886399999966e-17 1.3421772799999928e-17 -2.220446049250313e-16
0.8500000000000001 0.12749999999999995 0.019124999999999982 0.002868749999999995 0.000430312499999999 6.454687499999981e-05 9.682031249999966e-06 1.452304687499994e-06 2.17845703124999e-07 3.267685546874983e-08 4.901528320312471e-09 7.352292480468703e-10 1.1028438720703048e-10 1.6542658081054564e-11 2.481398712158183e-12 3.7220980682372723e-13 5.5831471023559054e-14 8.374720653533851e-15 1.2562080980300772e-15 1.8843121470451146e-16 2.82646822056767e-17 4.239702330851503e-18 6.35955349627725e-19 9.539330244415869e-20 1.4308995366623796e-20 2.220446049250313e-16
0.9 0.08999999999999998 0.008999999999999996 0.0008999999999999994 8.999999999999992e-05 8.99999999999999e-06 8.999999999999988e-07 8.999999999999987e-08 8.999999999999985e-09 8.999999999999982e-10 8.99999999999998e-11 8.999999999999979e-12 8.999999999999977e-13 8.999999999999974e-14 8.999999999999971e-15 8.99999999999997e-16 8.999999999999968e-17 8.999999999999966e-18 8.999999999999964e-19 8.999999999999962e-20 8.99999999999996e-21 8.999999999999958e-22 8.999999999999956e-23 8.999999999999955e-24 8.999999999999952e-25 0.0
