7 3 15 1000
739 920
213
987 1943 2227
896 1971 2473
1018 1882 2490
996 1879 2428
1025 1987 2424
900 1841 2589
1013 1885 2470
126 193 149
172 155 129
145 192 191
128 152 183
108 151 179
167 117 178
149 135 119
154 48 91
32 29 30
55 40 44
54 48 33
56 41 27
35 55 50
33 31 31
57 51 47
54 53 37
43 43 43
31 39 49
32 40 27
43 47 35
38 58 57
42 34 31
37 50 45
41 41 42
54 31 45
46 34 27
55 35 59
42 54 55
47 38 60
32 45 50
32 40 30
39 47 33
49 45 48
52 33 32
38 37 47
44 33 47
54 39 53
58 52 50
46 35 44
61 54 38
50 52 42
33 28 30
29 54 43
41 60 56
46 30 37
44 30 49
31 39 52
35 29 50
60 38 49
55 27 48
33 43 57
62 31 60
43 51 57
56 37 33
38 35 38
40 49 28
39 39 29
51 56 43
42 57 62
39 32 62
54 47 63
31 32 33
50 37 47
39 53 62
42 42 39
52 28 47
45 39 40
51 49 53
41 61 49
28 36 39
56 49 47
37 46 31
37 32 43
45 48 49
54 54 51
47 51 57
44 36 44
46 39 27
26 42 47
56 40 34
36 53 55
47 40 47
59 59 59
37 33 25
26 51 58
45 42 56
33 43 59
51 33 55
27 41 47
27 44 27
51 26 52
27 49 35
60 41 49
56 25 42
54 57 60
57 47 58
45 55 53
48 55 53
59 60 29
48 49 30
55 36 25
34 63 46
57 38 47
59 39 37
42 60 39
46 31 39
32 61 51
25 41 41
44 43 35
58 39 44
56 43 51
37 38 45
51 56 43
40 34 59
31 28 25
39 52 45
58 36 31
43 59 49
26 44 42
34 37 58
38 55 32
32 39 36
43 56 40
45 49 46
60 37 44
41 62 57
29 37 28
37 61 36
31 60 39
36 49 30
63 39 44
35 41 45
47 33 56
40 39 42
45 63 36
36 29 42
34 38 27
35 41 32
39 44 33
30 56 43
49 26 45
54 30 59
39 35 27
36 55 44
57 43 36
35 43 49
43 58 55
61 58 46
43 38 47
30 39 54
32 42 31
40 51 32
29 43 29
54 42 31
44 61 43
53 46 40
57 36 56
44 39 38
54 44 38
57 49 42
36 43 48
55 61 38
49 51 30
38 32 28
38 51 59
31 50 40
47 50 54
37 52 36
40 55 43
28 42 33
37 38 55
36 40 56
58 46 43
47 30 48
35 49 46
45 40 37
55 55 51
40 44 45
36 44 49
54 49 31
29 42 43
35 59 58
55 58 40
34 32 46
39 59 38
51 33 59
58 59 63
43 61 49
45 47 34
54 43 47
57 60 42
29 37 45
43 30 33
49 51 43
34 52 32
26 51 51
27 62 57
41 38 29
50 36 51
42 54 54
42 42 37
41 55 37
29 39 46
40 42 47
41 33 26
51 26 54
30 31 26
42 46 52
31 63 31
61 39 47
51 47 31
35 46 48
41 58 44
52 36 42
53 51 46
42 45 33
35 37 38
46 46 34
44 34 50
38 32 32
32 27 40
58 46 40
48 40 36
40 45 49
56 48 36
56 63 60
48 35 29
55 45 45
52 48 33
38 37 28
46 26 49
33 45 50
35 27 58
32 29 57
53 40 35
57 30 48
34 35 37
54 50 25
57 30 38
42 38 27
44 58 39
43 42 46
51 37 48
63 44 30
57 44 48
29 34 36
43 41 41
41 37 39
45 60 37
43 62 51
47 40 40
39 48 25
36 31 30
40 42 39
31 37 42
25 31 36
39 34 40
35 42 46
45 53 54
31 61 28
37 42 40
35 29 51
30 50 48
25 58 34
39 58 44
56 25 36
50 54 37
32 49 45
51 40 42
40 45 38
51 49 47
41 48 41
40 42 61
63 46 47
57 61 31
60 45 32
43 36 51
61 42 55
47 36 36
43 44 43
33 58 39
30 39 52
54 28 48
36 61 41
30 43 37
61 34 54
35 35 54
35 42 35
40 45 45
29 36 56
46 53 30
38 42 31
50 32 39
37 63 27
38 39 47
29 39 38
31 54 38
53 50 37
42 42 54
40 53 51
54 51 36
33 52 35
40 40 37
38 46 45
46 53 52
41 39 48
35 48 34
38 26 48
37 34 36
26 39 41
32 58 50
31 47 49
43 52 46
33 54 58
36 47 56
32 49 30
35 34 43
53 32 61
43 27 38
45 37 38
58 27 35
37 46 48
26 30 32
33 31 43
25 45 45
63 43 30
48 43 32
54 34 39
62 48 47
52 37 40
47 39 37
31 41 45
49 37 33
39 48 38
27 27 32
48 36 53
36 57 53
36 42 43
54 28 42
40 41 33
37 49 32
43 45 42
40 28 55
41 39 56
28 48 54
60 43 41
58 61 50
46 50 34
59 56 38
50 34 40
33 41 63
35 50 53
50 36 25
37 51 48
59 52 44
28 51 56
46 37 39
52 32 38
51 29 30
52 48 51
45 28 36
43 60 41
36 38 30
40 51 37
57 50 30
43 57 47
57 45 31
56 44 40
44 32 35
53 30 49
35 38 62
51 56 34
31 39 37
50 52 61
37 39 53
58 40 53
54 57 41
37 38 57
61 38 41
55 43 46
32 57 45
38 43 60
55 25 31
40 47 42
45 27 57
59 61 49
58 44 52
40 47 25
52 38 38
40 42 62
31 49 42
40 43 40
37 57 27
44 52 62
49 40 43
63 35 32
63 54 29
32 44 33
46 53 49
41 42 32
37 27 39
38 27 40
40 52 33
59 54 43
60 62 58
50 38 34
55 45 58
45 38 33
62 35 46
52 26 35
43 48 45
44 41 33
46 26 46
41 33 32
36 53 37
46 33 42
53 46 42
54 57 53
43 35 38
33 42 57
38 56 41
51 45 31
36 29 50
54 63 43
31 39 33
44 46 60
62 49 39
58 42 39
37 47 36
38 47 57
59 43 43
59 28 48
41 37 29
51 46 46
43 52 63
30 47 34
49 40 49
42 48 34
32 47 47
48 53 53
43 41 49
36 40 40
37 39 33
50 44 30
37 34 56
44 38 42
39 30 37
40 50 40
55 48 31
31 40 62
43 60 32
50 37 60
49 33 38
33 40 46
39 50 26
61 37 53
41 38 46
46 37 54
38 38 31
39 53 38
41 56 57
29 56 48
58 32 51
46 63 55
25 52 32
27 39 41
45 47 38
44 30 39
44 45 43
42 30 59
43 44 36
38 32 47
33 43 48
45 49 47
43 49 31
37 39 25
43 56 47
50 28 55
59 42 44
51 61 39
39 52 47
48 57 44
60 57 25
63 43 43
51 52 45
60 53 52
44 39 52
61 40 60
49 34 43
49 54 35
39 41 32
36 57 41
54 35 30
45 46 33
59 34 40
62 27 34
44 53 49
36 43 42
28 34 35
52 53 43
33 40 32
32 44 48
38 52 62
27 38 51
51 46 49
34 41 49
36 52 37
36 50 45
47 28 25
49 44 30
36 62 45
39 49 43
46 59 40
26 33 50
52 26 55
60 31 41
56 52 63
46 54 56
44 28 54
36 53 36
46 41 53
40 28 43
53 56 48
37 43 55
32 36 44
38 37 41
44 31 55
54 32 28
29 54 36
33 36 31
48 39 61
33 28 50
61 57 41
42 28 35
32 41 32
49 43 52
50 56 48
26 61 39
34 52 53
28 32 48
28 54 33
50 55 49
43 36 35
36 37 30
46 30 51
38 37 41
33 41 37
33 38 39
29 54 59
33 57 42
39 49 41
54 33 49
43 63 38
44 36 38
38 57 40
52 62 36
59 35 48
57 37 37
30 54 36
57 35 61
42 31 40
28 32 46
45 35 48
59 39 42
57 51 40
44 39 41
35 42 53
41 35 58
46 29 39
34 55 61
63 42 25
39 36 28
42 25 55
45 43 47
34 46 36
42 56 37
35 45 35
38 31 56
55 48 37
41 55 50
45 48 36
41 26 47
37 35 60
37 59 53
32 41 34
48 44 49
40 56 53
44 29 62
39 38 47
61 48 58
29 33 33
51 34 25
38 56 63
43 58 34
32 32 25
56 34 34
35 63 45
40 61 59
51 55 49
30 62 56
41 62 41
56 45 59
56 48 30
33 44 50
32 36 56
42 44 50
57 49 34
34 45 42
63 45 36
43 54 51
55 49 30
28 47 58
39 32 41
35 43 37
32 63 30
55 37 49
40 57 57
46 48 37
37 33 48
59 38 46
49 26 50
54 50 49
35 46 37
29 35 27
38 34 39
39 44 50
32 35 40
39 62 30
49 31 53
33 58 57
41 40 60
42 50 35
42 41 54
29 47 30
58 30 53
39 47 43
56 62 32
48 42 61
34 42 47
41 58 51
43 43 56
46 58 53
47 49 62
28 41 49
30 34 63
58 58 32
39 56 35
32 51 45
48 33 53
59 47 58
37 56 47
39 49 32
51 25 51
51 40 35
50 28 60
35 59 48
44 35 46
56 57 53
57 52 54
46 40 56
38 41 58
41 59 39
42 50 48
38 61 35
60 47 25
39 29 51
35 34 50
59 46 50
38 44 32
32 48 29
35 47 35
43 34 44
49 47 47
28 46 40
41 53 29
57 46 29
44 53 56
45 47 36
43 48 43
49 55 35
54 49 35
53 38 48
25 40 29
43 25 31
57 40 40
48 55 60
28 52 53
26 53 60
38 42 42
57 30 49
26 41 45
32 42 37
31 29 51
36 61 26
39 31 54
52 50 42
59 45 46
42 59 58
31 34 41
26 51 33
59 36 30
54 38 51
28 45 52
43 56 50
38 60 45
45 44 32
43 59 34
26 29 25
35 29 47
44 50 45
43 39 35
31 55 51
56 59 63
40 47 31
33 38 56
48 48 42
27 53 37
33 43 47
39 58 27
49 59 25
34 46 55
57 33 39
48 42 54
60 49 40
40 31 33
35 42 37
61 53 54
28 62 38
58 31 29
37 29 36
38 44 30
47 26 51
52 48 41
43 30 42
26 39 30
42 52 25
44 28 30
51 34 53
38 29 34
29 39 33
27 45 31
45 50 44
45 44 42
45 63 41
33 48 43
51 63 38
30 41 61
37 29 45
59 28 42
41 51 44
27 46 53
42 43 25
44 48 35
32 29 52
48 29 40
39 40 59
32 56 35
42 46 62
47 48 35
41 62 36
53 40 42
31 51 55
42 45 54
50 34 52
52 53 31
44 55 36
39 44 50
35 59 56
50 51 28
40 42 31
45 52 37
58 48 53
55 53 41
35 27 50
37 40 29
43 34 38
43 42 28
33 40 60
27 61 50
30 34 27
50 25 60
45 61 31
45 45 39
53 42 57
53 57 29
51 39 34
42 40 60
54 40 46
54 39 30
31 50 44
51 52 61
41 53 41
43 34 46
40 44 48
34 58 28
45 51 46
46 41 30
39 50 36
30 60 35
50 30 50
48 61 39
35 45 47
58 41 43
37 40 51
43 42 25
38 36 49
36 54 38
44 61 40
41 48 31
60 31 54
40 29 42
33 33 26
37 40 52
43 43 42
27 49 34
36 51 45
46 60 41
29 47 29
31 47 31
47 46 25
36 49 57
62 33 46
28 33 33
52 47 46
48 33 37
50 53 58
32 32 49
38 43 59
63 41 37
46 34 39
36 62 32
37 47 27
44 40 33
30 43 38
31 47 45
59 43 44
41 34 39
51 45 42
50 27 40
36 49 57
38 33 27
35 39 38
58 52 55
42 52 33
39 48 57
57 45 54
34 28 52
39 51 45
63 40 60
35 36 27
42 63 39
29 39 39
45 55 34
44 54 52
29 32 60
30 42 45
55 44 50
44 42 54
46 53 35
39 35 39
38 39 53
26 51 46
46 45 63
39 26 34
30 55 33
35 46 31
43 58 42
34 38 53
40 32 35
28 43 32
41 35 52
40 48 36
36 40 50
37 29 42
39 37 58
46 39 61
46 40 60
31 51 43
33 29 52
42 34 46
51 49 54
40 45 53
47 54 30
40 47 30
45 40 41
32 40 29
36 56 49
55 55 28
31 43 43
43 57 29
56 39 43
47 60 37
29 49 48
52 53 40
53 43 51
33 41 53
48 35 36
53 47 54
43 28 30
55 59 39
36 29 62
45 48 28
42 49 38
53 45 43
36 58 36
28 26 49
61 49 55
58 36 35
55 51 54
37 37 44
56 42 58
26 41 40
46 35 37
44 52 34
45 49 60
30 43 52
51 55 63
38 37 30
45 50 50
36 54 56
63 59 47
44 38 40
33 45 44
26 51 62
39 48 39
52 39 44
55 46 42
44 40 48
31 33 44
39 47 59
38 47 42
34 51 42
42 52 45
38 53 34
41 37 45
58 52 45
44 40 36
50 33 39
48 62 46
26 28 47
53 46 39
45 44 33
52 55 37
51 41 46
53 35 36
47 52 43
44 58 54
49 25 45
34 36 38
56 36 47
44 44 57
34 39 43
25 37 27
46 32 38
47 36 41
53 35 40
43 41 53
54 41 62
45 52 51
45 55 39
45 39 40
48 41 43
48 52 46
27 37 44
39 40 44
31 46 40
38 49 46
40 49 32
41 45 47
37 49 45
61 37 63
58 37 39
52 26 39
30 60 45
42 40 30
43 37 30
45 45 38
44 43 44
42 32 48
62 60 45
35 42 46
49 50 46
38 36 58
37 34 52
56 30 46
27 54 34
37 32 40
55 48 52
37 46 44
58 41 58
49 28 29
25 32 54
38 47 54
49 51 35
32 35 35
57 34 47
40 49 40
35 44 49
43 32 45
55 30 33
50 54 46
48 53 39
60 30 36
33 54 59
49 39 35
30 58 35
38 41 44
52 38 63
37 47 36
28 57 35
46 53 46
33 37 45
38 28 52
44 53 42
52 40 56
32 61 58
60 49 47
33 48 35
52 47 47
54 41 34
35 49 50
60 59 37
36 61 46
40 45 43
37 37 56
30 32 44
33 46 40
43 58 53
39 43 53
50 44 45
44 50 25
52 26 40
45 53 40
57 41 55
42 34 49
61 48 50
30 39 52
47 30 38
45 58 61
26 45 36
40 52 36
32 33 32
39 42 34
49 57 39
48 36 37
60 41 34
45 49 37
58 35 43
47 37 36
40 35 42
56 48 48
52 59 44
52 50 42
41 46 45
49 53 59
38 40 39
45 44 60
41 56 49
32 34 30
38 40 50
43 25 52
29 34 31
44 31 46
48 32 48
37 37 43
61 28 48
47 45 34
35 31 45
45 39 59
44 55 42
54 53 46
41 51 58
38 45 50
25 56 41
33 62 38
45 28 39
45 45 50
49 43 34
41 46 49
36 63 49
56 51 33
40 42 48
32 43 54
38 43 53
27 47 62
38 33 35
25 46 37
52 41 46
43 45 36
63 42 33
30 33 44
38 42 29
30 40 61
58 42 44
45 40 34
44 44 25
48 43 36
29 40 40
43 41 57
62 25 44
63 29 60
36 50 61
60 48 39
31 37 44
57 50 46
40 29 58
32 40 43
61 58 52
48 42 43
30 34 30
48 43 31
31 53 45
47 44 45
61 45 34
36 44 49
28 34 28
35 30 56
49 51 29
33 28 42
59 55 42
44 38 26
50 61 46
35 30 51
48 44 37
52 44 47
33 44 29
56 33 31
44 38 32
32 34 53
35 48 55
58 47 37
45 28 35
51 55 43
36 40 32
35 40 42
55 46 49
36 61 50
33 45 53
33 39 45
37 56 46
30 49 48
60 30 52
38 46 32
54 43 41
34 35 41
58 53 42
47 39 41
26 34 37
59 49 36
38 50 33
45 42 43
39 55 45
50 42 49
27 53 59
49 26 39
62 33 33
46 25 59
28 33 40
48 45 40
43 60 44
37 29 46
53 40 43
51 47 42
40 56 32
47 27 26
41 63 35
45 62 43
57 34 46
37 43 62
45 38 31
30 43 52
48 44 50
55 56 30
32 54 59
35 51 33
36 63 57
61 56 31
59 37 30
63 43 42
58 34 55
37 41 46
40 42 27
31 49 39
40 43 62
36 50 29
59 34 43
41 37 34
50 34 47
44 63 37
41 27 48
28 38 42
30 46 48
48 37 48
56 46 30
48 61 42
52 55 25
37 39 34
40 49 52
47 38 53
33 52 58
33 36 60
38 39 47
44 41 49
46 49 45
35 39 54
40 37 33
42 31 44
53 58 56
36 47 44
62 52 53
38 43 48
26 40 48
55 29 49
49 37 57
28 37 32
62 42 54
43 46 43
32 50 39
44 63 39
37 29 36
47 34 46
39 52 36
44 54 48
46 50 57
35 33 42
54 57 29
50 38 41
42 56 55
41 53 44
49 49 33
40 55 46
60 47 44
47 40 56
42 30 48
60 43 42
57 53 47
35 59 38
46 32 59
32 39 30
63 51 40
47 34 46
35 54 48
45 36 60
36 62 29
37 28 44
41 33 57
43 32 31
33 47 50
44 52 43
52 62 43
27 57 53
46 47 49
38 54 29
33 43 41
44 30 52
49 41 41
34 38 36
26 54 50
52 49 30
49 42 58
51 48 49
31 51 49
44 54 36
51 50 58
39 30 62
28 37 33
46 56 47
48 47 47
32 35 55
40 38 61
55 34 44
56 57 32
33 38 40
51 44 35
29 40 37
37 30 56
38 26 28
41 30 38
42 33 47
48 45 35
45 54 33
31 46 52
47 41 34
51 27 39
51 48 36
36 61 53
46 39 31
59 27 42
31 45 61
43 40 30
48 56 48
42 63 30
53 47 54
35 46 40
43 31 48
38 46 34
51 48 50
36 45 53
46 43 38
33 59 41
40 57 33
50 62 49
32 63 59
46 57 37
49 40 28
50 38 49
55 55 43
48 27 25
33 41 28
38 38 39
25 30 56
42 60 54
50 35 33
52 50 46
50 36 59
49 42 37
39 51 52
52 39 44
29 45 51
33 60 42
31 43 57
33 34 38
48 36 43
52 26 60
39 35 57
52 36 54
36 43 41
62 39 35
43 54 57
35 35 32
44 43 46
35 52 29
26 36 54
53 34 44
44 39 42
50 48 62
43 38 40
44 53 35
54 50 52
29 55 31
54 45 36
32 30 46
59 32 36
56 43 54
43 35 33
49 33 25
51 56 45
49 36 34
48 44 40
54 28 62
50 42 50
44 41 40
56 57 42
36 57 50
40 50 28
53 43 42
43 52 31
62 43 36
35 38 48
52 27 55
36 32 38
41 41 36
33 28 37
35 57 45
46 43 41
30 57 46
59 25 56
25 42 55
44 40 55
59 28 35
31 36 61
39 45 57
44 57 53
62 47 47
52 29 39
35 47 42
50 40 41
30 55 45
37 46 58
34 46 46
58 48 56
62 41 35
39 44 30
39 50 51
51 31 37
30 50 62
32 54 28
32 46 56
55 51 36
40 52 34
48 30 32
47 27 27
44 33 50
54 46 50
37 63 33
34 59 28
51 35 43
37 32 45
54 43 38
34 43 41
33 42 51
45 55 27
40 36 45
32 50 29
27 34 55
46 56 49
63 55 39
46 55 25
60 44 43
52 40 26
28 37 39
50 32 49
29 41 32
36 53 50
50 40 37
45 34 58
55 36 34
32 40 45
56 35 31
40 42 32
47 45 43
56 59 26
42 48 35
35 35 38
51 63 46
43 45 31
62 55 49
45 51 39
29 37 51
38 54 39
45 50 26
42 38 46
39 42 49
42 42 50
47 35 41
63 26 50
26 39 59
54 26 41
31 30 54
47 27 38
55 56 34
44 43 45
37 53 37
35 53 50
45 49 46
42 43 54
44 47 40
43 61 57
31 30 25
29 46 54
50 37 32
44 28 40
35 43 25
25 55 59
50 49 36
46 43 52
57 42 46
50 52 34
59 47 28
43 51 37
51 52 39
39 55 28
34 27 32
38 47 25
35 30 38
34 27 56
45 63 30
28 26 56
48 39 58
37 44 30
53 37 33
50 51 28
58 33 56
37 27 31
53 45 30
41 59 42
45 26 33
28 28 35
42 34 31
59 44 61
51 52 35
60 41 61
53 56 51
44 63 51
39 45 49
54 38 32
42 35 45
52 45 38
43 33 35
45 33 31
56 37 39
37 42 38
37 51 49
62 26 31
42 48 30
37 36 32
43 39 44
38 55 53
53 57 48
35 44 42
34 54 30
30 44 35
39 31 36
27 34 46
32 52 26
45 34 31
55 51 32
40 34 43
60 51 29
45 37 40
53 37 44
37 40 44
47 35 35
29 47 43
58 37 37
45 49 38
26 46 53
47 63 49
48 48 63
47 38 55
53 51 49
36 38 37
53 49 36
44 44 48
45 30 31
32 47 31
36 31 56
42 45 41
34 36 42
51 55 43
31 49 50
59 47 39
28 41 48
35 50 63
32 32 33
53 48 53
29 34 42
48 41 41
55 32 62
38 55 32
35 59 35
38 33 33
60 43 52
30 29 46
41 28 48
34 32 30
37 48 51
35 53 54
59 52 28
33 56 53
44 52 45
34 53 40
28 38 25
59 47 54
38 37 28
37 59 39
49 45 40
36 54 46
49 57 33
46 34 38
33 37 40
46 46 42
41 39 47
39 41 38
50 56 50
59 38 55
50 26 45
34 25 28
46 58 37
40 40 38
62 28 53
33 44 41
60 54 37
50 26 47
57 50 43
55 61 61
52 46 46
34 44 53
32 55 35
54 51 34
52 38 39
63 39 43
29 52 49
52 54 38
41 38 31
48 50 33
54 50 34
58 56 33
62 57 51
36 45 50
26 44 30
50 42 53
60 50 42
52 29 26
36 59 35
47 30 36
47 45 60
40 33 35
33 44 32
28 44 49
39 60 62
44 30 54
35 45 59
36 50 39
32 34 59
40 28 46
50 56 52
47 41 44
38 35 62
59 53 33
36 37 34
29 60 40
52 29 34
48 39 25
33 39 50
46 37 26
29 49 44
46 37 60
44 40 33
33 42 50
57 36 51
39 48 32
31 37 53
34 53 42
40 41 35
38 33 57
42 34 34
51 37 46
28 52 47
40 29 37
42 55 37
30 52 44
46 59 39
58 55 50
39 37 48
32 39 38
34 41 39
40 33 29
33 43 56
60 56 53
36 59 41
28 43 34
45 41 52
30 60 57
48 56 26
55 28 27
48 39 55
42 57 42
32 60 31
49 43 62
36 47 47
55 42 52
39 51 30
52 54 34
33 49 38
37 53 42
33 37 45
30 36 61
36 62 48
63 63 40
43 43 38
45 39 57
37 48 39
48 34 26
30 46 61
50 50 28
26 48 47
37 39 48
36 50 63
27 36 61
54 53 39
34 41 59
63 47 25
53 40 45
47 55 27
43 58 61
57 26 39
41 34 58
39 50 42
39 52 46
48 61 31
41 32 36
41 34 47
62 48 27
40 29 31
41 39 38
44 32 39
54 41 42
39 36 47
29 52 34
28 52 29
45 53 38
27 49 43
31 46 39
63 39 63
46 42 38
31 30 37
41 45 38
41 43 49
50 38 40
54 50 41
29 59 29
25 32 58
57 37 56
31 50 39
46 43 54
45 28 43
46 44 46
56 51 27
29 45 33
59 61 27
37 57 52
46 55 61
36 42 38
62 43 46
30 46 38
60 63 47
40 47 35
54 51 39
38 45 57
43 26 39
50 40 33
50 54 47
50 30 56
62 29 58
55 37 47
58 48 59
41 33 41
32 57 60
28 29 31
40 38 60
54 44 29
50 42 37
46 51 31
28 57 39
34 51 47
47 40 52
50 61 35
39 44 43
39 31 30
36 25 58
25 61 48
36 46 51
30 60 27
48 49 47
33 50 50
42 35 38
56 39 62
38 35 59
34 39 29
44 43 46
27 31 42
47 35 39
51 33 27
28 57 31
48 42 41
31 28 60
39 48 52
32 61 36
40 39 63
53 31 35
57 57 41
52 54 55
57 43 40
33 31 26
30 34 50
39 42 46
40 55 44
45 44 48
58 45 29
46 42 31
63 47 40
55 42 45
35 33 42
41 35 34
49 44 37
48 33 39
56 40 63
28 47 60
35 59 46
25 55 36
51 45 62
56 41 50
31 53 44
41 58 45
42 34 33
37 27 43
60 34 29
60 31 56
37 25 51
37 43 50
51 44 37
33 55 33
33 37 43
46 41 36
45 55 51
37 56 50
54 36 59
28 44 57
34 53 35
52 59 48
36 30 35
61 40 59
31 47 50
52 27 57
37 54 40
34 48 30
57 56 42
42 45 41
31 45 52
58 51 30
36 52 43
52 37 33
39 54 26
39 41 34
56 49 33
47 35 42
40 27 49
52 43 42
48 30 32
55 34 47
37 35 53
25 44 45
54 41 27
38 61 41
50 43 49
58 46 57
56 41 44
31 37 29
47 28 44
46 42 32
55 36 57
42 43 39
41 41 32
38 35 48
47 50 46
47 27 34
32 55 48
31 45 49
38 51 55
58 56 42
43 45 51
48 41 38
59 55 53
33 51 38
54 31 42
55 52 32
41 34 38
51 57 39
34 50 54
33 31 43
36 37 28
30 45 53
58 35 41
27 33 55
53 45 30
40 45 39
37 48 25
42 33 26
34 47 25
32 40 33
46 58 35
60 48 58
46 42 58
42 37 40
41 41 29
50 39 40
53 29 50
54 29 27
53 38 39
48 33 50
36 49 59
39 55 36
55 35 38
53 34 36
42 45 42
40 50 42
33 48 39
35 45 51
45 55 27
54 49 43
44 44 49
37 58 39
36 48 52
39 52 58
54 54 30
43 43 60
28 52 58
60 62 28
55 47 30
28 46 29
58 47 52
50 39 46
47 39 57
37 61 29
43 40 39
35 48 46
42 37 40
57 34 54
46 43 28
45 37 26
60 36 40
53 50 44
61 44 47
32 62 43
62 42 31
41 36 57
43 53 43
28 45 25
63 54 31
58 60 50
30 54 39
32 45 32
38 26 46
45 51 50
37 42 29
43 38 41
40 50 56
57 52 51
35 45 58
36 38 36
51 40 59
36 59 42
37 44 44
46 50 53
40 50 32
38 54 50
42 47 28
51 42 62
58 40 38
39 38 49
39 54 42
51 57 54
41 32 53
61 42 52
51 34 32
32 36 34
40 30 50
40 39 49
37 45 55
53 50 39
53 45 42
56 58 35
27 40 48
62 39 45
29 45 25
42 43 42
63 31 35
59 41 45
57 32 46
52 41 46
46 53 44
43 40 46
36 55 51
43 53 55
45 31 43
46 37 63
26 48 42
31 48 28
46 46 50
46 27 47
40 38 50
62 50 40
46 50 31
52 30 35
42 62 32
27 39 29
51 31 43
35 61 56
41 54 51
29 32 39
48 31 42
59 44 49
52 48 41
41 55 44
39 49 29
31 47 34
54 28 55
47 47 46
49 56 50
39 52 47
52 40 52
47 56 39
32 44 30
34 51 38
43 48 31
35 30 31
37 47 30
36 57 29
35 60 25
41 27 34
32 56 60
60 44 44
30 50 31
47 54 25
51 45 45
54 28 43
54 38 53
28 53 46
34 27 61
40 29 34
44 56 46
37 33 40
59 48 50
59 36 44
51 54 51
43 60 46
39 42 44
35 44 50
30 31 43
47 36 50
28 39 55
31 30 47
37 33 25
55 38 39
43 56 42
34 41 55
57 32 54
26 46 53
55 51 27
40 35 39
34 56 33
43 58 35
63 43 32
36 47 37
36 51 53
45 48 40
54 43 39
56 44 39
34 35 42
38 37 58
51 31 37
36 32 31
42 49 49
35 36 41
60 55 28
58 42 35
39 47 27
36 43 25
47 40 39
50 48 40
43 45 39
53 59 47
55 52 41
35 47 54
29 40 60
39 31 36
42 44 30
35 56 41
44 47 36
40 39 45
41 41 59
45 38 44
57 55 44
38 40 50
40 29 28
46 36 27
39 37 40
37 39 29
47 62 54
36 25 37
26 43 38
51 47 61
48 38 34
28 57 45
42 33 31
46 57 40
40 55 30
46 43 32
39 52 55
53 45 33
51 48 26
51 41 49
47 26 52
54 49 44
37 43 59
37 51 49
41 53 34
26 57 50
53 49 47
58 37 50
34 42 45
43 62 31
47 55 43
25 63 59
49 35 58
45 49 39
37 37 54
45 33 46
34 55 27
50 49 25
54 43 43
63 37 44
34 30 63
26 38 55
49 42 43
47 36 58
38 47 36
44 55 52
59 33 58
41 39 36
48 37 54
45 44 62
32 28 40
38 47 46
35 40 49
46 60 58
42 38 30
46 46 54
51 40 47
50 43 56
43 38 39
47 41 48
38 45 46
38 28 51
54 62 54
47 33 58
50 40 34
28 43 47
34 25 26
42 57 35
41 47 49
63 44 48
58 33 41
36 33 55
29 59 33
48 36 42
33 56 59
28 34 31
28 30 37
48 59 38
63 32 35
43 46 48
45 54 36
37 40 47
39 49 44
49 48 45
63 50 35
57 45 45
34 56 33
42 52 45
56 30 32
49 37 55
26 46 43
42 45 41
47 60 55
42 38 41
29 36 52
54 51 36
60 54 29
34 54 32
33 34 30
26 39 25
46 46 41
26 31 40
29 52 47
43 43 31
46 30 46
53 53 29
44 56 44
37 28 62
42 56 30
49 39 54
48 29 62
37 52 31
49 35 54
35 35 36
56 31 61
34 42 46
62 43 40
41 25 50
57 48 45
30 35 30
27 26 63
47 37 50
54 52 36
43 50 53
43 55 28
56 50 36
38 37 29
41 31 40
48 50 60
56 30 48
36 42 45
48 28 33
63 52 49
56 41 30
38 37 34
43 57 52
59 59 40
44 43 50
54 45 53
58 41 58
46 38 35
50 40 25
37 50 40
56 43 50
50 44 43
32 41 36
43 46 25
45 58 44
51 48 60
40 43 54
45 44 38
33 31 31
59 37 39
43 36 53
47 53 39
57 44 55
35 51 60
41 49 48
27 47 51
52 40 48
32 38 32
62 56 50
30 60 63
47 36 39
35 32 30
34 48 42
45 55 37
61 60 57
50 30 29
42 56 49
32 42 63
44 47 47
39 48 38
50 45 31
51 55 44
28 32 50
36 33 45
51 36 34
38 38 46
62 45 50
40 60 50
26 49 48
53 47 45
56 44 53
55 30 37
30 38 42
39 56 25
26 53 59
36 41 43
40 27 47
30 62 50
36 42 58
44 47 46
47 25 43
50 58 49
59 42 54
39 44 47
38 36 39
53 60 47
41 31 51
37 40 30
53 25 53
36 51 63
42 45 52
45 54 56
55 26 37
60 37 35
47 43 44
33 30 57
52 59 44
53 29 63
62 35 42
45 36 52
38 57 39
44 55 63
34 25 31
57 30 43
40 43 26
31 31 54
62 54 42
44 61 41
44 60 34
54 35 34
44 49 35
27 25 40
41 33 45
41 53 44
28 31 53
44 28 41
39 43 39
50 43 37
60 37 41
33 47 39
50 55 27
52 59 42
42 39 43
36 41 56
42 55 50
27 39 46
62 34 40
38 53 44
62 49 59
47 49 51
28 48 46
34 43 53
37 40 37
51 26 46
62 35 52
35 46 39
53 44 49
58 39 26
44 42 61
52 58 36
39 48 34
42 42 41
39 36 46
37 63 60
40 34 44
61 46 54
56 33 31
42 52 49
43 57 43
35 42 34
41 25 29
47 52 63
33 53 43
48 39 28
31 62 26
35 50 37
58 35 35
54 30 53
38 29 43
32 36 49
41 35 43
53 34 40
40 58 58
54 38 33
62 43 36
31 51 48
36 59 47
36 46 30
52 46 61
58 40 49
34 35 57
40 44 60
28 47 34
35 50 33
56 30 51
50 54 27
61 39 44
30 41 58
59 40 41
47 28 54
26 49 28
50 45 46
43 57 48
41 43 50
40 46 57
37 41 42
28 43 32
36 53 45
56 51 43
41 60 52
58 55 46
47 40 41
53 38 44
42 45 29
41 47 31
34 29 56
52 38 35
59 30 59
53 61 40
34 40 31
38 41 47
30 46 40
44 60 52
36 47 28
28 29 53
46 62 39
47 31 31
53 61 41
45 33 27
42 41 44
61 57 28
50 60 50
36 55 34
47 32 36
43 45 30
59 45 25
30 31 26
58 62 37
51 51 25
42 25 44
38 57 56
44 38 56
56 56 36
40 27 59
37 38 33
51 30 45
45 54 57
37 51 41
48 53 48
32 38 38
40 58 57
33 46 49
35 32 34
37 40 30
35 45 39
50 28 54
51 35 46
41 44 61
53 35 62
31 29 59
49 49 28
42 32 26
46 45 37
52 30 34
55 45 46
48 31 42
51 32 55
59 31 26
48 31 26
58 46 58
31 28 38
35 32 32
61 43 28
49 29 38
30 43 34
38 39 54
45 42 37
50 40 28
38 43 39
37 40 35
47 63 29
59 51 63
33 40 43
44 44 48
34 25 48
31 52 34
57 49 44
45 31 39
58 33 62
49 51 53
48 44 43
45 38 39
43 48 33
59 29 34
41 50 50
37 31 47
36 41 50
35 49 51
40 38 60
44 32 34
41 58 34
32 46 34
51 28 44
44 53 49
40 39 51
57 37 44
61 41 62
43 41 38
43 28 36
48 45 49
47 33 62
43 37 31
42 42 41
25 35 39
27 33 34
43 54 49
50 32 39
31 43 39
41 32 52
42 31 45
33 39 47
55 52 46
47 42 40
39 36 40
50 42 48
42 55 43
29 35 60
39 47 30
39 43 61
54 50 45
34 55 37
46 33 39
38 34 44
48 30 54
48 39 38
49 53 54
56 32 57
49 62 31
38 47 61
28 38 60
35 45 42
42 55 59
36 57 41
47 37 28
49 45 53
53 50 40
44 50 33
44 43 41
33 43 33
45 34 41
38 37 53
40 30 62
57 37 56
29 36 49
42 50 40
53 50 32
50 31 44
43 51 35
58 36 41
59 46 47
38 44 44
38 56 37
45 30 34
41 53 31
61 43 51
53 30 56
45 35 47
26 56 35
53 48 62
32 38 29
33 51 40
32 43 59
52 55 47
40 27 44
55 48 36
46 35 53
47 33 46
35 44 49
56 44 43
35 53 40
42 34 33
32 54 35
41 50 36
33 25 48
47 31 51
25 35 38
31 31 37
36 29 27
30 55 42
60 49 60
30 54 35
49 30 49
50 58 43
34 43 34
40 41 40
41 53 41
33 54 34
31 29 44
55 40 48
56 37 35
42 29 55
37 37 40
48 63 51
30 31 42
52 28 36
40 28 36
34 58 61
49 47 60
56 33 50
37 54 45
45 45 27
29 34 30
34 41 40
50 46 62
50 31 62
50 48 46
41 40 26
51 35 42
44 44 63
34 33 40
48 51 57
32 27 44
37 36 40
28 40 53
41 29 31
34 48 35
30 40 47
61 43 25
54 46 61
39 53 51
37 35 44
50 49 28
45 43 28
36 50 39
30 40 40
49 55 53
60 61 49
43 41 42
58 32 54
52 31 33
46 31 51
29 25 46
51 61 58
55 30 30
45 60 34
34 33 42
45 42 53
42 46 59
40 36 48
46 43 59
43 51 47
30 47 33
46 55 42
41 58 41
54 34 33
37 38 47
39 55 63
35 26 36
32 34 52
34 50 40
35 58 52
32 50 38
50 39 40
41 45 45
43 55 41
61 44 39
52 46 40
40 47 39
47 42 31
63 58 26
49 38 29
48 59 44
35 48 56
46 59 31
34 44 54
41 48 34
33 57 52
48 32 56
26 44 44
40 51 51
45 40 39
42 49 36
29 32 54
37 34 49
27 59 44
45 49 31
52 52 38
29 48 25
37 36 40
37 62 38
35 37 36
48 40 40
55 43 41
47 39 30
53 46 53
33 51 45
50 36 33
45 49 46
41 34 29
41 61 36
35 51 48
42 49 47
33 43 40
27 49 50
48 49 58
42 60 52
41 32 29
58 50 39
41 58 38
50 55 33
57 41 36
63 41 35
48 38 37
31 44 50
32 48 26
39 50 46
41 29 25
37 33 53
31 49 61
45 45 56
54 44 27
53 26 56
56 62 60
55 41 44
44 40 34
33 33 49
49 38 58
41 42 37
52 42 31
40 46 53
35 32 44
52 38 46
35 43 28
59 39 48
28 56 36
54 39 49
49 30 59
35 40 28
46 45 44
53 63 27
62 53 39
48 42 52
63 39 55
32 32 36
37 38 38
33 47 30
54 42 39
32 39 37
46 51 49
28 30 35
34 52 52
38 36 48
59 63 38
30 55 29
41 51 37
34 28 33
46 37 49
31 44 40
44 34 47
51 41 63
52 55 44
57 48 53
31 55 32
39 47 55
53 33 55
34 28 38
55 58 26
51 34 31
37 32 38
31 34 51
35 31 31
38 48 33
35 42 59
41 38 63
34 45 59
41 43 29
45 58 42
54 48 43
33 33 36
27 41 60
35 48 45
60 55 32
56 50 50
57 53 36
61 30 38
29 29 36
54 38 39
44 44 60
47 44 37
60 46 51
60 36 62
44 48 40
44 29 52
42 32 27
39 48 29
36 51 38
25 57 37
53 55 42
41 42 53
47 51 42
43 30 58
43 42 45
41 32 46
32 28 63
44 46 42
52 27 33
48 43 35
49 48 51
40 59 55
61 50 59
39 46 58
36 37 37
38 27 53
36 49 32
39 37 44
43 44 30
31 61 30
48 38 61
33 56 41
40 27 28
58 27 43
32 33 47
56 44 63
52 36 36
31 40 34
36 56 41
49 53 61
53 32 48
33 36 44
60 40 50
32 63 53
53 58 51
25 47 29
30 47 49
36 37 54
30 58 52
34 36 48
58 38 48
25 48 54
35 50 54
50 32 32
51 44 37
31 39 32
51 45 27
27 44 28
38 58 36
62 37 61
50 35 44
41 54 28
39 44 63
34 53 44
28 62 29
30 50 54
43 53 51
28 37 38
29 44 26
40 25 36
25 46 43
35 45 33
48 47 28
44 30 60
36 31 41
32 57 51
34 53 42
48 40 54
54 29 39
33 34 59
37 58 27
43 49 34
28 53 35
35 27 47
55 51 54
26 57 29
46 52 39
33 57 36
29 32 45
45 46 55
34 25 42
49 37 32
48 46 55
35 30 44
44 43 25
34 32 26
29 42 58
43 45 28
28 60 53
49 45 60
53 40 37
43 50 47
48 57 35
27 31 28
40 51 39
51 33 35
53 29 40
34 31 51
50 48 39
49 40 35
36 54 33
54 39 33
52 38 54
52 45 63
47 41 40
28 37 43
43 42 46
41 26 41
37 35 33
49 56 57
50 38 35
54 53 42
51 44 32
49 56 55
37 45 34
55 38 58
36 56 35
35 62 42
45 45 41
32 39 36
49 32 57
28 47 46
59 52 53
42 38 52
40 50 58
25 50 45
46 40 37
32 38 56
52 49 36
46 57 38
50 41 29
29 39 43
41 51 25
42 35 49
49 44 42
62 50 42
39 42 51
46 33 26
36 36 48
34 34 49
49 46 49
48 39 59
57 54 54
47 39 47
47 28 37
48 32 33
45 38 46
50 49 40
41 26 45
47 34 42
38 30 32
43 48 51
45 47 62
32 31 38
44 55 27
57 38 45
49 31 55
35 27 37
34 53 51
37 63 44
34 29 29
44 30 56
44 51 38
63 45 49
34 63 41
36 28 45
26 47 40
62 28 54
32 56 48
48 41 61
32 63 45
40 49 27
34 42 48
35 49 46
50 41 34
62 42 53
43 41 36
58 49 57
53 48 48
59 46 45
45 57 46
38 58 39
32 51 51
46 47 36
62 56 43
62 45 49
25 48 59
37 43 57
59 63 39
38 34 56
62 33 47
57 48 53
45 36 33
50 32 58
63 39 46
54 34 43
34 39 52
46 44 43
52 35 35
54 36 51
61 51 56
51 52 49
32 27 47
53 51 51
62 37 40
45 49 40
45 55 31
26 32 48
54 46 59
41 48 46
34 48 51
48 32 43
49 51 51
40 41 61
27 42 44
37 36 36
48 33 42
35 48 43
48 34 28
32 44 51
52 58 47
52 41 32
52 51 44
39 45 61
56 57 33
55 32 34
47 32 58
37 35 26
32 42 54
41 39 49
55 36 39
56 57 45
57 35 46
52 34 34
55 55 30
51 44 54
36 35 62
47 45 35
37 29 40
40 62 32
52 43 48
37 44 26
28 36 48
38 58 44
49 49 58
61 34 50
50 37 47
54 35 56
48 32 35
33 62 30
52 39 57
36 38 58
59 32 42
40 48 51
49 55 37
42 40 25
41 38 43
34 53 49
42 43 49
42 42 28
44 56 44
43 51 52
27 46 37
54 61 52
37 54 51
38 53 43
27 48 39
42 41 54
49 35 37
47 28 48
42 50 34
47 53 55
59 58 48
36 32 38
54 25 42
53 28 25
42 30 59
56 50 37
36 32 36
43 40 36
42 32 35
63 31 55
34 44 49
53 25 39
39 56 56
46 42 26
42 58 36
30 37 36
46 59 38
39 43 48
49 46 41
56 52 36
36 37 44
37 54 54
39 40 57
56 45 32
30 27 52
39 49 41
38 35 35
31 60 46
34 50 41
36 49 29
44 52 44
41 39 36
38 52 35
54 63 51
46 40 52
53 44 29
32 26 35
49 48 43
49 60 33
61 42 54
33 31 43
46 32 52
37 30 45
32 33 59
49 46 42
42 48 36
29 44 29
58 33 60
42 54 43
52 60 38
60 58 34
40 31 39
54 37 53
31 49 34
51 49 41
48 29 42
32 30 58
47 55 41
33 54 54
42 57 33
59 52 50
35 37 46
47 43 54
53 41 56
35 34 45
29 51 39
53 53 48
30 49 49
27 54 50
58 43 50
31 28 30
46 58 30
46 36 34
41 61 53
52 46 38
62 62 54
40 43 27
35 46 41
42 41 44
42 25 37
59 44 46
41 59 58
40 34 50
53 53 46
30 33 57
42 35 50
56 54 54
42 59 59
61 54 58
59 29 42
43 30 33
58 46 31
39 31 36
43 58 46
40 50 43
47 46 25
36 41 43
54 33 50
53 45 44
27 61 50
37 48 52
51 49 38
56 58 45
53 50 45
32 37 48
61 62 52
53 33 54
58 55 28
56 53 53
31 48 32
50 59 51
39 33 32
61 38 32
35 26 43
57 25 59
52 50 40
61 42 36
49 49 48
42 47 34
40 48 41
45 35 55
54 55 45
28 51 45
51 35 31
60 49 44
36 27 40
63 36 32
35 27 60
42 46 46
43 55 39
30 42 45
61 44 28
51 49 31
50 43 36
45 48 46
30 32 44
30 37 32
56 37 43
40 34 31
51 50 29
25 34 43
40 35 54
42 34 53
28 45 63
53 29 43
59 32 49
51 46 25
36 33 44
37 47 46
53 49 54
44 47 49
26 37 53
43 25 62
38 28 47
35 39 35
36 40 33
28 63 46
42 31 55
41 50 44
59 45 34
36 41 26
27 47 55
47 48 49
45 46 53
49 56 46
53 49 31
36 42 63
34 38 51
40 47 41
46 41 52
53 53 34
38 41 30
38 57 45
31 58 57
45 28 32
35 42 46
61 46 55
50 43 34
39 43 47
32 60 56
50 43 36
57 29 49
52 40 37
41 33 31
60 48 49
40 41 30
40 40 35
47 49 57
49 61 59
46 32 40
46 39 52
37 58 51
37 48 46
32 36 46
42 54 36
36 30 54
25 39 48
59 49 37
45 28 35
33 51 38
32 62 41
61 27 39
29 38 53
38 51 40
57 38 30
29 41 50
62 51 42
61 50 29
32 44 50
28 42 54
33 34 44
47 27 57
40 32 46
50 39 47
39 56 41
45 53 51
48 36 45
57 50 49
33 48 53
47 36 58
46 44 32
42 47 47
55 46 58
25 35 55
38 26 33
37 41 39
54 52 32
60 25 29
39 36 42
57 46 42
45 39 41
27 37 47
51 52 41
40 33 46
57 56 45
58 55 59
43 33 28
58 36 39
34 37 54
54 43 51
44 38 45
55 35 37
31 47 42
37 61 41
28 45 56
46 45 33
40 48 50
26 34 47
32 43 39
33 25 33
35 58 47
41 35 33
33 48 46
37 38 41
53 43 35
39 32 38
56 38 35
44 34 52
55 39 47
48 46 46
43 50 57
40 45 47
55 29 44
46 44 43
45 26 42
49 53 59
59 34 45
49 39 28
55 61 44
32 50 47
30 46 47
35 38 36
35 50 60
37 54 51
49 52 37
51 47 28
41 30 25
45 36 35
46 53 55
36 44 36
33 34 29
44 33 63
41 28 37
44 48 39
38 36 41
36 50 39
63 58 49
54 39 53
61 46 39
38 39 25
63 47 27
25 59 31
62 48 45
44 51 44
48 41 29
50 27 31
36 28 48
45 44 39
52 34 46
36 55 41
37 39 47
49 53 54
32 60 42
60 31 49
60 48 57
44 56 39
59 56 49
49 25 30
34 28 50
36 42 27
50 51 51
48 63 44
61 62 42
27 35 51
27 34 53
33 41 46
28 40 55
34 39 48
32 35 39
41 41 57
54 43 52
42 58 48
37 34 29
62 53 58
35 35 58
45 29 28
52 54 40
41 41 48
41 38 61
44 45 37
49 35 38
39 55 49
52 39 56
48 40 41
25 55 59
30 47 33
33 48 38
54 27 35
40 47 40
55 38 57
41 42 40
32 51 31
26 45 36
60 50 41
36 56 37
35 61 34
39 50 30
34 40 52
60 34 49
57 62 31
38 39 41
62 40 29
46 42 32
48 39 50
58 59 33
34 49 53
46 26 49
56 50 29
56 42 41
54 26 34
56 41 38
55 57 46
30 29 42
59 28 43
27 48 36
54 39 37
43 56 47
52 45 29
51 25 40
59 43 37
39 58 39
36 42 37
53 50 40
43 40 37
52 43 59
34 50 47
61 51 26
49 43 38
47 45 30
48 44 49
52 29 34
29 37 53
42 34 41
47 45 40
57 45 43
50 49 47
30 34 31
59 45 43
44 40 46
40 44 43
42 42 54
35 27 42
36 56 40
40 25 62
41 54 44
51 28 39
37 36 41
32 37 54
25 50 46
44 57 52
25 46 52
58 46 28
42 41 27
58 51 31
52 39 29
44 31 44
51 41 36
34 39 30
49 29 40
28 51 43
44 54 51
42 34 30
46 54 32
52 42 62
30 48 45
46 55 53
40 55 28
42 40 33
37 46 26
25 47 50
39 56 53
33 35 28
39 35 55
42 49 37
44 51 45
57 27 32
43 62 57
35 37 60
34 60 60
49 60 42
31 57 40
58 36 57
43 62 40
54 35 29
46 54 42
46 50 54
48 42 39
28 45 27
35 26 62
55 33 39
38 43 38
51 27 47
36 25 55
45 33 38
46 29 49
52 38 35
30 34 47
56 36 44
59 45 41
30 49 51
47 49 38
42 37 63
49 62 27
29 49 31
61 56 50
33 45 33
37 25 34
49 34 45
48 42 51
43 44 33
60 52 26
49 49 61
54 45 33
37 39 48
52 37 48
50 45 63
58 50 33
39 43 33
63 53 52
45 48 34
45 53 48
48 51 52
58 39 31
50 33 26
48 60 33
48 60 52
53 61 47
54 51 28
42 34 58
43 38 41
61 43 52
46 59 39
28 29 59
44 55 28
30 62 30
52 35 27
49 53 39
62 37 54
47 32 39
48 52 48
30 38 30
42 57 41
45 53 41
48 33 48
39 51 44
45 45 47
34 25 62
61 43 51
35 39 46
48 48 52
32 51 44
25 33 45
45 52 35
48 53 26
42 35 35
27 37 32
45 32 37
26 58 63
32 42 39
50 57 31
60 39 37
50 35 55
31 44 53
29 45 39
51 49 50
60 43 39
37 26 57
38 58 57
28 54 45
39 61 59
29 35 52
43 43 50
36 32 53
43 32 43
53 48 33
42 31 40
47 49 58
44 53 37
36 27 60
47 52 51
34 38 39
52 37 55
44 37 36
37 37 48
48 28 34
48 31 29
34 43 40
35 48 41
35 40 39
39 62 38
49 42 42
56 54 45
38 40 45
60 48 51
57 45 56
37 41 26
43 28 33
36 26 41
31 40 41
26 36 43
46 47 46
41 33 42
55 46 42
34 55 51
35 38 58
37 45 37
57 57 57
46 42 37
40 25 33
28 55 32
27 39 61
53 26 60
37 38 30
29 36 62
34 34 41
43 29 39
50 39 45
56 32 38
40 45 46
38 50 35
32 31 43
57 47 30
43 61 49
42 32 33
40 31 55
55 49 58
51 46 44
47 50 46
51 45 57
52 47 53
28 55 39
42 56 48
53 38 52
38 39 29
41 33 27
40 39 55
34 51 44
60 31 60
50 42 34
41 39 47
28 50 53
39 36 44
44 32 52
25 45 55
49 34 57
43 31 31
51 50 31
38 39 55
33 39 41
35 48 42
40 55 38
29 53 46
55 32 38
38 46 29
48 26 47
33 50 46
40 32 46
54 42 45
30 32 45
31 47 35
36 48 49
28 43 48
40 36 31
48 50 29
29 50 52
29 26 51
47 44 29
39 30 56
59 28 33
28 52 37
57 38 44
39 61 30
50 36 48
27 60 31
35 44 40
53 41 36
41 51 41
45 52 37
44 37 59
56 29 38
38 37 48
46 62 45
56 50 54
31 48 33
53 48 52
36 52 36
36 32 50
30 40 52
42 28 49
58 39 41
58 42 33
50 34 32
30 36 25
38 56 43
56 60 28
38 55 52
38 37 48
55 46 41
62 53 53
48 43 39
57 47 32
32 56 44
32 53 58
47 52 37
44 46 38
41 30 42
36 37 49
35 42 38
48 51 33
46 56 31
62 50 55
53 26 33
43 40 29
39 52 41
33 45 35
39 34 43
37 37 46
43 48 39
33 39 47
45 49 41
63 48 43
57 35 62
45 55 46
47 26 29
54 47 59
35 47 25
58 41 46
42 36 29
38 40 46
35 53 39
48 47 32
52 53 37
48 46 60
51 39 52
48 47 38
59 33 59
50 35 38
35 46 42
61 43 44
45 46 53
27 41 45
39 54 25
37 55 44
60 63 37
50 53 52
45 51 37
37 33 54
49 43 32
50 31 51
40 53 40
56 37 39
39 44 44
44 35 54
36 51 39
33 32 43
40 36 55
48 49 26
47 52 43
50 49 59
35 59 39
36 44 47
56 40 34
37 44 32
32 43 47
33 36 35
53 55 43
46 44 32
40 31 31
49 49 45
43 52 44
58 53 38
41 48 60
30 53 50
43 51 48
45 27 46
60 50 48
45 59 53
34 34 41
54 46 45
41 51 32
37 37 60
51 47 32
38 29 37
41 54 51
63 47 55
44 36 32
26 37 38
43 53 40
60 52 31
33 35 41
51 27 41
62 59 58
60 51 40
27 35 34
61 48 40
49 33 50
51 49 36
49 52 49
48 42 50
27 55 32
32 47 42
38 32 34
60 49 43
46 33 32
54 63 51
56 33 55
63 26 42
33 54 39
35 43 44
47 38 57
46 41 41
29 61 62
56 38 58
35 37 57
50 55 47
38 49 52
42 51 25
51 55 36
55 44 38
58 27 31
53 37 34
44 52 35
47 48 40
36 41 60
48 59 54
42 32 26
60 37 30
42 44 63
55 55 56
49 49 58
48 48 54
39 41 39
58 37 34
59 48 50
41 44 35
39 46 44
37 47 39
46 55 39
39 54 56
46 44 44
44 42 53
49 36 55
39 57 54
40 40 62
39 57 40
30 44 54
44 51 29
29 50 44
42 42 43
33 26 42
36 42 44
34 58 59
41 54 31
35 28 49
32 48 54
50 51 40
49 38 44
37 41 37
41 28 52
44 48 34
57 29 46
37 42 35
36 44 62
47 32 38
38 29 28
51 44 48
41 43 55
49 46 46
60 52 39
30 47 27
46 31 39
29 37 29
42 52 45
57 27 48
35 63 50
34 58 57
39 35 45
34 40 49
30 52 59
45 42 56
47 36 59
57 48 31
58 38 36
62 43 57
36 25 43
46 34 37
55 33 30
32 47 41
44 39 61
61 45 27
53 58 59
55 44 29
61 32 43
45 48 42
34 28 35
42 30 57
44 28 33
33 28 36
36 50 43
37 39 30
26 41 42
45 36 29
35 39 55
44 45 36
51 44 36
35 29 41
28 56 34
35 57 33
27 49 52
28 31 62
44 32 36
36 26 37
36 34 59
47 49 43
35 43 45
44 50 33
38 47 36
56 38 59
33 37 35
26 62 36
33 54 45
31 38 33
51 46 42
46 48 37
55 55 32
55 26 45
31 27 34
36 42 46
29 31 57
54 54 48
50 49 40
38 50 35
34 28 39
34 63 38
29 60 40
52 44 40
36 52 52
55 28 48
33 33 46
38 42 42
58 40 37
51 55 37
39 47 45
42 27 53
35 46 50
30 40 48
45 42 40
41 34 25
61 40 30
43 36 38
32 45 28
41 44 47
34 31 29
38 62 44
31 56 30
59 50 54
43 49 59
27 34 44
58 49 40
44 59 43
30 51 46
37 43 45
53 42 46
34 54 49
56 40 39
60 38 47
41 46 47
39 62 36
45 56 55
38 37 33
39 51 41
47 51 55
52 44 44
48 54 44
51 38 58
43 46 62
54 47 27
57 62 57
34 31 44
45 48 31
31 49 31
30 25 36
30 28 27
35 42 42
63 42 39
56 46 37
56 39 46
39 40 39
40 47 32
42 45 32
25 61 40
62 46 41
45 41 44
40 40 50
30 36 31
38 32 43
57 62 35
43 37 56
54 35 25
48 53 47
47 46 26
53 47 30
47 42 48
48 50 55
45 60 49
60 35 44
40 55 52
42 26 48
47 30 41
42 40 55
43 50 57
45 42 56
46 37 39
50 47 53
59 30 33
41 38 61
59 40 32
51 52 41
26 55 59
59 30 49
42 38 34
39 34 29
42 41 38
28 25 30
54 34 34
41 41 49
41 48 40
47 49 29
41 41 38
38 54 43
63 57 36
28 41 40
26 56 35
37 52 52
45 40 33
36 45 39
29 29 28
28 51 61
37 49 49
61 45 35
37 41 41
36 39 32
34 46 42
49 53 28
34 53 56
63 52 62
53 30 37
46 48 60
42 50 54
60 44 50
38 46 37
26 32 53
34 42 56
52 48 37
57 63 59
40 44 58
57 47 25
39 58 40
43 38 37
34 52 47
40 28 50
49 59 39
51 58 37
32 39 38
53 29 51
37 38 35
58 47 33
33 54 53
37 27 50
41 36 54
54 45 54
45 54 43
35 38 44
60 60 51
63 42 39
30 47 34
56 48 40
31 34 43
36 51 48
34 57 54
44 63 51
46 52 60
54 55 61
35 40 36
32 32 35
34 50 47
44 39 27
61 54 50
37 27 46
34 41 45
39 59 42
25 26 39
52 48 39
48 46 41
63 47 62
56 42 33
61 55 39
42 35 38
35 45 57
42 56 47
37 43 58
35 47 42
53 55 36
36 62 61
29 46 48
53 41 50
57 52 59
38 61 35
38 58 52
51 43 49
52 63 41
63 35 32
33 48 40
31 55 53
51 41 42
37 54 54
38 28 38
54 38 44
37 42 47
51 30 39
41 29 46
48 44 33
35 44 40
52 26 36
42 36 46
43 28 52
44 42 40
31 59 41
42 29 36
47 54 53
36 50 35
33 36 27
57 40 54
58 52 33
41 50 35
52 33 44
44 26 43
40 33 42
53 56 34
29 26 53
39 41 51
52 46 50
55 40 52
41 57 34
29 37 61
27 43 31
35 36 37
36 49 56
33 47 38
37 58 53
46 50 62
26 52 60
27 29 42
46 41 45
40 31 36
42 48 28
59 49 35
44 35 35
52 53 39
62 40 44
49 52 29
50 35 38
59 35 35
27 43 45
47 33 33
53 40 47
47 44 45
30 36 46
46 44 58
26 45 48
31 43 36
38 34 60
42 55 34
58 39 43
39 45 28
49 39 34
46 39 38
50 39 44
40 54 60
45 35 39
61 42 41
39 54 52
56 58 44
51 43 57
49 36 38
26 42 40
40 28 36
39 57 44
46 46 46
33 43 42
52 54 26
41 34 38
37 26 28
33 39 60
38 60 45
47 37 46
31 45 26
48 39 45
51 31 37
56 31 45
43 44 47
45 28 28
36 60 41
55 47 36
45 52 57
47 58 34
36 39 26
36 30 45
34 45 41
33 43 29
55 48 57
42 33 30
36 26 37
45 43 28
49 44 42
44 41 42
59 36 41
59 53 41
33 29 42
30 40 33
53 36 54
61 54 42
47 49 46
38 35 48
32 61 35
51 48 40
32 35 27
27 32 32
41 50 54
55 48 41
48 48 63
59 32 31
63 54 59
49 43 37
51 62 37
45 40 48
34 32 43
46 33 46
33 44 63
48 38 44
33 42 58
58 37 36
63 42 56
43 30 38
31 50 56
30 42 44
44 49 57
34 51 57
60 31 35
47 62 47
38 38 40
36 39 38
38 49 56
47 27 42
54 36 48
63 36 42
43 45 53
27 27 47
28 54 56
33 48 28
25 51 51
48 47 40
36 63 62
36 62 38
48 57 31
52 39 54
39 36 46
25 49 36
35 43 51
29 54 31
46 60 44
27 35 28
57 30 33
46 55 49
54 46 31
50 52 39
63 58 44
47 39 32
54 32 32
55 45 63
34 33 41
62 35 37
29 43 42
29 39 31
30 55 63
35 45 30
42 46 26
35 25 39
53 44 38
45 38 43
31 47 54
36 39 39
52 50 42
34 60 52
43 52 55
40 35 41
44 41 59
27 46 26
42 47 36
35 40 33
53 61 36
47 52 47
25 50 29
55 41 41
40 45 53
40 32 53
31 47 42
37 41 27
32 42 38
50 58 59
41 34 28
42 38 50
34 55 36
58 40 36
43 49 55
48 49 27
52 61 51
38 45 41
30 31 62
43 48 50
34 42 31
41 50 63
52 36 58
48 51 46
50 53 51
49 32 37
54 48 40
33 63 51
52 55 32
45 51 58
31 37 41
34 25 54
58 57 45
41 52 35
54 53 31
32 33 37
57 44 36
29 25 55
43 39 30
53 47 35
40 32 42
47 25 34
45 60 25
40 56 30
50 53 37
46 39 36
51 50 36
43 57 32
44 31 45
25 54 44
47 52 41
56 47 37
47 45 28
39 51 46
45 40 31
56 53 45
44 39 38
62 53 42
49 43 50
41 43 30
34 28 51
58 45 37
48 37 27
33 42 45
37 38 63
50 33 25
50 35 44
47 34 56
42 57 44
29 45 53
31 25 39
26 29 61
63 50 47
48 59 34
32 51 53
39 38 42
54 48 58
63 28 58
49 39 27
31 62 29
40 46 34
50 38 49
25 27 34
35 53 26
36 40 40
55 39 44
43 48 36
59 47 39
42 36 35
42 37 56
39 38 52
60 39 49
49 58 47
51 29 28
40 59 38
49 30 51
52 39 40
40 62 30
33 27 46
42 49 48
27 34 62
53 41 50
44 50 46
50 31 45
33 41 47
28 27 42
56 53 40
45 56 51
45 49 53
62 47 35
45 26 41
42 49 43
46 28 28
51 62 49
44 30 32
46 50 25
56 56 35
30 62 48
46 44 31
35 36 44
45 45 30
50 40 25
48 40 49
33 47 48
36 60 31
30 31 31
46 45 33
41 41 33
31 31 58
28 61 43
48 46 54
48 48 49
51 31 44
43 34 40
31 59 35
37 49 50
28 51 52
27 55 55
56 36 25
34 39 44
34 44 31
52 28 51
32 25 61
32 55 40
51 38 34
39 29 48
48 59 43
55 33 34
33 52 48
48 36 35
53 26 27
46 52 45
47 40 54
34 51 33
30 52 38
50 34 33
28 45 56
45 43 42
28 55 48
55 40 42
43 54 52
43 63 44
51 55 48
44 47 36
26 53 58
49 43 59
29 46 25
58 43 48
56 26 53
31 29 35
47 49 57
40 30 45
46 63 59
26 44 35
30 56 30
54 48 48
56 60 60
47 38 45
35 51 31
39 48 41
45 34 40
39 52 29
40 39 57
57 32 41
53 52 57
41 29 37
31 36 60
34 63 53
26 47 33
39 50 35
47 39 46
43 42 26
42 47 42
42 51 52
55 34 58
59 61 36
29 37 31
42 49 55
46 40 30
49 44 56
43 26 43
26 41 35
61 56 39
47 28 36
28 52 32
46 40 31
55 48 34
56 56 41
43 34 56
49 42 47
27 44 31
34 34 60
29 43 36
42 34 53
56 36 44
55 54 30
38 56 57
47 37 53
49 58 25
49 37 39
34 41 36
50 57 43
49 34 39
49 48 41
42 58 51
43 40 34
39 55 47
40 29 34
40 54 30
57 58 60
32 32 36
28 59 39
34 51 31
30 50 48
38 56 51
56 58 47
46 39 36
25 41 41
30 26 36
26 41 48
28 31 26
63 59 54
51 32 36
46 31 49
30 37 50
42 55 27
38 54 40
45 51 32
41 52 37
55 36 40
38 30 35
48 62 63
35 58 52
42 46 52
54 32 39
58 35 44
46 53 48
35 34 41
48 35 48
55 35 57
45 43 35
54 63 52
32 43 37
37 40 61
57 42 43
58 42 62
46 58 40
45 39 32
45 42 41
60 33 39
45 54 26
60 30 26
50 40 62
44 34 44
39 47 46
51 44 34
39 25 40
45 33 52
54 50 45
55 31 45
41 62 63
27 26 60
48 39 54
37 35 51
60 33 61
37 42 32
53 33 35
53 59 46
34 45 49
43 47 52
43 40 44
52 36 55
27 54 38
50 58 47
25 36 34
37 51 60
49 34 58
57 63 51
50 45 36
31 55 26
44 27 39
37 29 48
25 44 39
38 36 45
44 62 38
49 44 27
59 60 42
49 30 47
51 59 57
49 38 33
53 43 31
61 41 54
50 56 63
58 47 55
39 39 57
56 60 37
59 38 36
44 48 26
53 29 34
42 59 57
39 39 34
36 43 46
50 38 42
30 42 42
47 39 43
28 32 53
60 39 38
44 43 34
60 44 58
31 42 38
34 49 40
46 56 46
32 56 58
53 43 34
52 55 29
47 35 57
30 52 51
35 51 50
35 35 36
29 43 52
47 35 45
57 50 43
33 30 33
28 40 29
35 31 35
32 51 40
41 36 56
60 26 33
46 57 37
53 63 55
47 39 56
44 40 30
55 59 52
41 33 52
41 55 41
33 37 34
51 40 44
31 52 45
55 35 47
27 42 41
58 34 55
31 48 32
36 44 45
52 45 32
26 45 39
27 40 31
31 28 56
40 46 37
47 40 59
38 41 46
33 42 45
41 37 49
43 48 39
50 44 44
30 35 48
48 60 51
45 44 35
37 55 50
58 63 51
33 36 40
47 47 41
39 37 43
38 34 57
54 59 59
36 27 61
56 43 40
41 39 29
38 61 50
33 55 48
34 32 30
47 53 53
42 44 60
28 35 36
43 42 43
28 59 58
53 63 60
39 32 33
57 49 47
49 57 50
51 41 57
42 50 46
37 36 57
49 26 41
43 58 29
33 38 58
32 45 39
30 34 32
55 42 37
28 52 51
51 31 58
53 55 52
46 42 46
56 36 47
46 42 46
51 43 41
41 35 34
35 56 62
49 57 28
28 52 58
38 49 43
56 55 27
38 32 35
39 34 50
43 56 47
44 41 30
42 52 54
53 52 29
49 46 57
40 40 44
48 62 43
48 29 33
58 52 34
59 57 61
35 32 38
62 41 46
47 30 37
31 28 34
35 39 48
35 35 35
32 58 52
43 35 46
36 40 38
43 55 51
48 37 62
51 32 37
25 46 61
48 37 41
48 45 57
48 55 39
62 42 25
31 37 36
36 63 51
31 40 60
39 62 45
43 37 51
48 56 39
36 33 60
34 44 54
56 26 51
46 49 29
41 50 48
36 38 45
49 35 33
39 47 54
38 46 42
41 39 39
33 63 49
51 40 37
61 38 25
55 32 37
32 39 42
49 28 37
51 60 31
38 46 27
46 50 44
57 53 27
30 56 46
38 54 57
44 53 41
43 52 50
36 40 59
47 48 57
26 49 51
50 40 33
41 34 55
62 41 59
37 50 60
54 55 30
58 32 54
54 53 56
43 40 40
27 30 35
46 28 48
31 38 59
47 28 43
35 37 48
52 60 27
25 51 32
40 56 47
26 47 49
55 30 37
59 48 41
41 36 26
34 36 33
58 35 55
54 37 41
46 33 51
49 27 39
55 40 35
44 38 40
32 40 59
39 55 56
48 46 38
40 56 53
41 46 25
54 46 44
47 52 41
52 41 58
47 39 49
29 60 44
50 35 51
50 39 35
47 47 29
44 48 50
31 37 52
42 53 34
33 54 46
36 47 51
27 49 28
59 36 52
52 62 42
55 37 34
41 41 40
46 53 48
46 27 50
30 46 32
29 48 36
54 43 49
46 43 40
45 45 46
47 54 35
42 34 29
38 59 41
47 46 46
26 41 38
47 41 48
44 51 41
61 41 28
53 36 56
37 48 30
33 35 45
63 42 35
35 37 47
36 55 51
58 48 39
38 58 44
49 50 27
53 42 34
38 40 40
55 29 42
43 28 33
43 48 32
42 33 58
48 56 33
56 53 41
55 35 52
40 31 43
53 36 35
28 37 42
31 29 30
39 25 53
38 36 37
49 47 50
45 51 38
46 48 34
43 32 36
55 53 32
42 29 43
28 51 45
34 44 51
45 56 50
55 45 27
42 32 29
38 42 43
50 62 40
48 43 39
25 55 35
29 28 28
46 50 39
50 43 50
40 27 50
52 39 54
39 28 36
47 56 42
31 45 59
28 57 32
25 47 52
46 52 33
31 61 57
60 42 48
57 34 39
37 51 50
26 52 44
30 33 41
35 43 53
44 42 47
48 46 37
59 29 56
54 39 44
62 38 51
55 40 36
35 55 33
40 62 42
42 47 41
48 45 47
41 29 43
37 41 43
43 43 46
50 42 36
28 37 35
32 28 46
42 52 28
51 48 45
62 26 35
48 37 55
27 45 51
40 37 59
30 58 54
30 57 41
27 51 59
42 32 54
55 41 53
44 26 34
30 45 41
42 49 45
38 53 53
45 39 59
44 38 47
57 63 26
47 50 49
38 51 28
35 38 40
35 26 28
36 49 33
46 34 29
25 39 48
57 39 57
52 35 52
39 41 26
50 37 54
56 32 33
45 46 45
51 54 54
43 54 33
31 38 57
44 62 42
35 50 47
54 50 43
43 50 28
40 47 41
37 48 47
55 28 42
58 31 59
46 43 56
40 27 48
55 63 51
46 49 56
56 43 35
57 41 41
51 51 26
48 46 47
46 38 62
25 51 39
47 49 45
44 43 43
26 25 43
49 47 57
25 50 58
45 51 36
52 57 49
61 45 47
49 37 53
41 46 38
39 44 39
43 31 39
42 47 36
37 63 53
47 45 49
52 35 43
32 56 33
55 60 39
41 36 43
48 46 56
59 36 55
48 38 37
32 39 26
44 36 43
33 63 40
49 29 27
60 46 59
57 52 45
53 25 41
56 48 41
41 51 34
31 51 46
50 54 28
36 50 48
50 53 30
37 25 42
28 46 46
45 39 46
38 42 50
29 58 42
54 55 36
47 51 44
46 53 29
42 29 27
36 41 57
40 43 42
47 31 26
42 53 26
26 35 41
38 57 45
48 52 47
50 44 50
42 37 41
45 28 37
36 30 41
44 38 54
47 46 33
40 43 48
54 45 55
41 55 61
37 47 61
39 54 61
43 60 50
58 31 56
33 33 43
38 36 46
57 59 30
52 28 61
50 49 35
54 59 44
35 49 33
46 42 53
33 46 37
38 31 32
42 44 44
52 41 45
32 28 52
37 35 37
30 41 40
62 52 44
52 43 50
30 48 40
53 31 40
50 60 42
39 41 34
46 57 34
51 51 52
37 46 38
41 29 49
60 43 61
49 61 41
55 35 49
31 29 29
52 25 50
61 40 63
41 43 30
44 56 60
33 28 58
58 41 55
41 30 59
40 55 40
43 50 42
26 42 26
33 35 34
46 48 58
28 35 37
32 45 33
50 35 38
27 35 46
55 40 28
36 33 39
33 57 56
47 55 48
58 28 59
33 46 50
57 47 26
38 27 47
50 53 27
61 60 36
49 27 53
39 49 46
33 26 39
29 44 27
53 36 53
46 34 48
41 45 57
37 47 42
51 52 46
55 35 44
37 55 33
36 47 44
30 43 31
58 45 43
29 60 39
41 31 50
57 31 51
47 58 42
51 50 32
54 32 38
49 45 30
28 32 35
43 40 44
54 40 38
31 29 43
54 60 40
45 50 48
32 36 43
30 44 45
36 47 53
54 51 42
40 50 54
27 30 41
58 26 42
34 57 57
47 38 36
56 44 54
63 45 57
45 48 33
37 34 46
31 48 51
47 45 55
34 33 56
52 38 43
56 32 33
28 45 53
47 50 32
56 27 53
31 50 56
46 39 56
40 62 38
63 36 45
40 50 52
52 25 55
36 48 54
41 38 43
50 45 35
38 55 48
55 39 42
32 44 44
48 26 35
50 40 28
49 39 53
27 53 40
38 40 45
58 30 49
41 63 34
32 36 46
51 41 41
63 50 31
30 49 28
37 43 44
56 49 36
36 47 37
57 27 61
39 38 35
44 49 54
42 61 34
44 38 46
42 38 52
41 59 45
43 46 29
37 35 34
32 46 42
55 35 27
38 45 54
43 58 31
39 44 51
47 32 30
32 34 34
33 37 41
60 31 32
30 34 48
57 42 47
55 41 40
27 47 52
58 38 35
50 43 40
46 51 39
53 43 31
32 61 30
43 37 55
37 61 30
42 52 47
62 33 50
40 48 46
49 39 42
27 57 41
27 59 55
38 58 40
44 43 34
43 55 31
51 49 41
39 41 34
35 59 61
30 28 26
30 54 51
60 44 52
50 58 51
46 31 57
51 45 39
37 58 38
47 57 48
54 38 44
47 39 36
45 56 40
37 44 36
38 47 45
38 39 45
32 60 29
48 38 52
62 39 30
38 28 51
52 54 41
51 52 51
46 54 48
33 53 41
25 61 39
27 34 63
34 42 55
44 55 37
41 47 33
54 50 45
49 41 62
33 27 62
28 54 54
42 25 31
48 51 56
54 48 55
52 56 55
35 32 37
28 63 36
63 39 39
47 31 63
27 47 36
53 61 50
48 36 31
55 48 25
57 52 62
56 52 56
34 49 54
34 45 42
28 40 40
37 45 51
57 49 34
43 45 37
57 56 61
38 44 39
37 39 35
48 28 40
51 57 49
45 43 26
50 40 37
40 55 60
38 53 35
37 33 25
54 44 36
63 26 30
49 53 49
61 49 33
41 46 37
55 45 37
58 42 56
41 40 30
39 42 41
63 29 32
48 38 28
36 26 36
45 29 37
42 40 34
60 56 45
58 43 51
60 32 36
53 49 34
41 34 41
47 51 46
36 33 50
54 44 40
38 39 56
28 43 39
49 31 46
36 42 52
44 59 36
37 42 40
47 44 42
37 60 50
52 29 61
32 33 27
41 39 26
58 35 46
47 31 50
29 26 51
32 41 54
56 61 59
34 33 42
50 44 39
29 52 58
51 28 62
37 39 55
50 39 40
46 56 39
57 34 35
46 36 54
51 39 50
41 28 36
42 45 26
34 28 55
42 42 52
50 42 61
48 31 50
31 54 48
30 47 60
46 62 43
54 35 31
36 41 45
33 44 53
48 42 28
62 53 43
60 44 25
36 42 59
41 44 36
35 57 28
26 55 43
43 32 37
42 25 47
35 58 55
38 30 27
26 30 47
52 60 28
55 33 63
43 57 58
36 34 53
45 62 36
53 42 48
27 63 49
51 28 56
39 36 60
44 47 47
55 31 45
60 52 52
56 26 37
43 30 36
49 44 51
57 44 46
60 37 44
50 54 25
47 33 62
50 44 59
39 52 47
39 26 38
39 45 32
42 44 56
35 49 27
29 60 60
37 30 60
51 42 47
46 41 43
50 45 46
53 38 27
42 35 29
34 26 33
33 25 63
32 37 43
39 45 50
41 45 29
33 51 33
30 39 52
32 40 41
40 33 55
43 43 36
40 42 54
60 34 59
42 54 31
38 47 38
28 42 56
34 49 38
62 37 37
35 31 43
47 43 44
37 42 51
39 36 39
63 37 41
25 48 63
58 56 42
55 61 52
32 39 49
44 51 42
41 44 50
42 30 43
36 46 61
30 57 52
31 60 30
55 35 55
46 41 45
31 41 52
57 47 52
58 60 35
47 50 41
40 53 58
46 50 52
40 31 50
45 39 25
50 30 42
34 42 48
35 40 58
39 45 33
38 45 42
54 41 45
41 57 38
36 47 29
25 47 42
47 45 49
36 59 46
55 57 54
57 35 37
44 49 57
41 41 61
32 46 43
51 59 29
42 30 41
42 45 32
46 50 31
39 49 47
48 59 39
63 50 40
32 44 36
42 29 56
48 30 58
37 43 36
25 52 25
59 44 49
40 43 40
44 39 41
42 57 52
51 39 58
34 42 48
40 45 55
47 57 33
36 43 39
39 35 43
54 30 47
32 48 29
42 47 39
44 27 51
32 38 37
37 29 60
34 56 45
40 29 61
62 50 55
47 40 36
41 30 37
38 52 34
30 48 45
47 53 47
44 52 50
43 35 43
57 61 40
45 38 35
54 26 41
35 54 58
54 26 29
39 59 46
38 49 57
44 44 50
56 34 61
28 51 56
26 44 27
52 50 38
51 53 31
44 55 34
62 43 37
59 32 51
31 27 30
39 54 54
47 41 45
30 49 47
52 44 53
46 45 43
44 51 37
58 38 62
49 46 53
35 59 33
52 29 31
59 60 51
34 30 40
59 45 27
31 48 50
29 62 35
38 49 30
32 51 42
47 31 37
59 26 50
61 62 32
56 53 41
26 36 45
52 39 36
40 49 29
42 35 35
33 40 59
46 38 31
26 47 50
57 35 41
50 31 33
33 25 47
31 41 51
33 29 43
43 61 53
51 41 45
40 33 60
41 53 51
39 48 30
49 55 28
37 55 41
33 40 45
50 49 33
57 32 62
46 40 35
48 30 40
45 59 48
36 40 50
41 30 43
26 36 32
51 36 40
47 45 44
61 63 44
43 48 54
39 30 43
46 50 59
57 51 54
41 42 44
38 39 32
29 31 47
42 34 45
30 54 51
39 51 54
44 54 37
60 26 57
39 51 30
38 41 37
29 54 41
55 55 34
28 60 38
28 50 44
39 40 49
41 26 35
48 32 46
60 43 30
45 37 35
53 42 39
57 44 26
58 45 47
28 27 54
31 32 49
48 32 58
47 46 33
42 44 49
27 29 36
51 29 50
52 37 55
54 55 33
50 45 27
25 51 52
30 39 50
42 39 37
46 35 47
31 37 46
39 28 51
50 41 31
48 46 46
43 62 57
43 45 62
62 50 32
43 46 34
31 28 42
52 32 53
43 38 54
47 49 38
55 30 41
40 50 36
61 50 32
47 52 46
34 63 40
45 46 45
52 43 39
34 41 30
31 36 62
31 45 50
47 47 63
49 47 28
42 62 38
33 46 43
57 40 32
49 51 53
48 47 52
38 60 54
38 45 40
39 49 44
33 30 63
46 35 33
34 48 35
37 47 45
37 30 41
37 47 35
53 47 32
38 45 41
43 43 53
62 39 48
35 57 42
52 37 59
29 39 39
58 46 60
55 34 48
47 53 45
38 45 35
26 42 33
48 54 48
39 34 34
47 47 43
58 25 48
35 43 31
46 46 50
40 36 58
39 43 32
55 32 52
56 27 39
38 28 47
49 30 56
41 31 25
25 51 29
26 52 37
44 57 38
46 46 31
25 39 32
25 47 40
60 51 46
49 47 37
28 43 26
54 38 45
61 61 36
59 58 36
33 54 25
33 57 34
46 51 48
48 54 54
30 36 46
46 49 58
29 55 57
34 30 31
46 29 53
57 48 56
50 30 36
28 55 39
39 40 58
35 30 26
61 45 40
43 54 59
34 54 58
42 29 29
34 38 39
32 25 31
48 61 59
59 60 34
33 33 48
32 49 27
31 58 32
51 51 41
58 51 33
35 53 43
58 26 40
31 58 32
46 35 45
57 38 36
44 50 42
50 47 30
48 36 49
28 29 55
50 56 26
38 48 30
32 43 41
44 40 55
45 49 53
27 42 50
29 52 39
29 42 58
49 53 39
55 55 35
37 45 35
63 35 45
62 36 33
41 37 52
33 44 49
55 63 43
49 50 29
40 42 47
54 38 39
42 51 50
37 31 50
46 44 51
47 46 45
60 36 52
38 40 39
29 25 58
42 52 29
51 52 47
49 53 63
36 25 58
42 29 63
25 61 43
32 42 40
60 38 41
33 45 43
60 46 46
35 47 38
47 43 60
36 45 63
35 46 35
57 63 45
28 33 51
47 32 56
45 45 37
52 39 35
51 38 44
34 33 51
44 60 62
46 40 40
52 29 59
44 30 35
58 46 35
25 56 31
36 42 38
40 32 49
49 62 42
37 62 47
60 53 58
44 61 42
54 30 59
49 39 48
47 44 44
38 33 47
38 39 58
41 25 48
36 48 32
43 33 51
53 55 53
33 52 60
45 53 36
33 49 37
45 58 33
39 53 48
48 39 30
31 52 51
51 61 30
46 42 52
45 41 40
52 37 45
34 53 53
49 33 49
36 56 61
52 46 60
46 62 55
32 33 50
36 57 54
56 35 36
54 60 53
26 45 50
52 54 59
62 58 52
40 49 35
34 34 30
25 58 63
28 52 32
57 28 34
45 38 47
36 54 55
28 44 32
57 32 48
39 46 53
49 28 30
55 47 46
46 46 25
50 37 33
52 42 37
27 39 53
38 41 56
34 56 52
50 39 35
39 34 37
33 40 49
34 43 36
50 63 52
42 39 49
36 45 56
44 32 45
44 41 44
31 30 38
40 38 38
52 25 51
56 50 31
39 32 52
50 47 30
40 48 45
32 31 61
60 44 42
55 40 40
46 40 37
42 61 32
41 44 50
51 30 27
47 43 51
33 33 58
47 61 36
52 31 26
47 44 41
42 30 49
51 50 47
38 51 54
37 58 39
44 45 37
39 26 44
26 38 30
42 43 38
30 32 51
31 45 26
52 48 53
49 49 47
38 35 53
34 35 34
39 63 42
45 41 47
37 56 48
39 34 42
31 51 56
41 36 36
27 37 38
49 61 32
43 41 45
32 50 57
33 34 59
35 59 59
50 42 33
51 39 53
28 41 55
35 51 39
29 40 45
29 50 36
52 34 27
34 28 56
39 43 37
39 39 26
28 50 29
34 54 33
31 38 35
25 42 60
62 41 55
52 42 46
54 36 40
56 53 41
58 44 37
38 38 36
56 42 32
26 33 60
53 39 51
33 51 39
60 32 47
42 61 34
46 54 27
43 38 28
37 29 41
42 48 50
44 41 28
45 32 61
45 41 39
56 50 38
44 27 62
57 41 29
40 45 45
30 61 39
47 55 30
38 28 33
50 43 46
41 59 34
44 48 52
38 54 47
31 47 41
48 31 55
44 60 42
37 53 34
56 33 62
44 58 41
46 42 45
54 55 38
59 47 61
51 32 32
62 39 37
62 44 32
52 38 63
51 54 52
48 45 40
42 50 47
34 47 43
32 41 48
36 34 44
45 41 56
46 52 42
42 41 49
33 47 43
31 39 37
27 41 56
30 53 48
60 41 54
50 57 42
44 44 62
25 38 32
34 46 41
48 25 32
51 37 46
60 44 42
49 36 51
46 37 38
35 35 25
37 50 53
59 38 42
54 50 50
38 44 48
56 57 41
36 34 35
45 33 38
50 43 36
45 56 47
32 44 63
39 30 41
40 62 25
27 62 41
56 31 58
43 44 36
39 37 34
46 55 50
30 51 26
38 28 47
26 47 27
44 27 49
47 30 49
54 59 55
57 28 35
44 30 48
37 45 44
46 31 43
55 46 48
40 51 35
56 52 27
28 43 40
32 41 43
52 56 38
34 46 50
40 41 46
33 36 52
60 38 36
53 50 46
52 35 40
38 55 62
41 32 63
31 44 42
51 37 53
45 59 41
51 27 40
47 53 49
59 37 54
54 43 51
42 50 40
57 31 49
36 36 33
51 48 39
25 47 56
53 61 30
49 34 58
33 49 34
29 30 41
59 47 47
37 59 50
62 45 51
43 56 32
39 50 63
62 46 43
34 51 63
39 35 35
47 49 33
31 43 57
39 30 45
38 33 25
48 33 51
58 48 46
35 28 37
40 49 47
31 38 55
45 49 36
26 58 40
38 31 42
37 41 50
53 39 34
60 58 53
25 57 28
54 48 45
43 52 43
27 54 33
43 39 36
29 41 50
37 61 36
28 29 60
49 52 47
43 50 55
48 57 46
39 26 53
51 60 37
31 42 34
53 40 39
38 30 27
28 52 49
27 49 52
38 27 45
36 38 52
35 33 29
38 45 37
33 47 42
32 46 56
47 59 39
32 36 42
36 33 49
42 44 58
45 42 48
58 62 50
55 32 52
35 47 44
33 44 50
37 34 57
40 40 46
34 38 33
41 32 45
28 46 30
30 55 41
31 62 45
41 49 52
50 52 59
44 29 31
36 45 62
38 35 56
54 61 46
43 30 44
57 26 36
57 59 46
57 30 47
53 34 61
46 62 32
47 57 44
30 53 28
27 45 51
35 40 53
33 26 48
30 35 53
32 41 58
46 36 43
46 25 39
27 58 45
37 52 58
33 29 36
38 57 52
40 47 31
45 49 36
31 55 52
54 48 48
44 43 39
53 43 28
57 42 45
61 54 63
63 35 44
30 42 42
55 38 44
35 27 46
30 27 46
61 59 33
43 48 40
40 52 46
44 60 59
49 42 31
50 34 40
48 34 50
53 40 50
44 38 59
40 52 34
31 41 43
32 61 30
50 58 50
28 38 56
29 40 31
46 47 60
27 52 46
31 52 30
51 36 51
46 58 36
51 56 62
28 32 31
48 60 29
37 32 50
53 39 33
51 35 56
39 46 49
56 51 59
45 52 50
51 60 45
43 45 35
56 26 35
54 51 31
45 44 47
36 36 38
37 59 43
55 55 42
34 47 28
48 60 46
40 30 49
37 42 44
41 39 27
50 34 35
44 44 48
40 47 45
30 40 45
43 50 53
35 55 39
54 57 57
33 61 30
45 41 42
39 37 49
35 36 62
50 47 28
47 40 50
27 40 41
31 36 34
26 33 54
40 43 38
44 38 29
47 37 36
25 48 31
58 51 45
32 53 58
60 39 54
48 45 26
26 51 48
41 30 48
38 61 36
35 30 55
48 36 51
53 27 51
30 46 45
50 31 62
38 46 51
59 38 51
50 42 36
29 45 42
49 33 48
59 57 32
35 48 37
52 30 44
54 55 40
47 52 44
34 30 44
44 36 50
37 58 31
49 34 43
33 36 26
48 37 45
35 39 31
39 41 51
62 35 56
32 28 44
30 27 31
30 61 30
30 47 28
47 62 58
46 58 30
61 42 47
43 46 49
39 38 47
36 52 35
57 38 30
44 62 54
38 37 39
35 43 51
45 41 39
38 34 63
43 32 34
34 55 51
29 42 44
49 51 34
34 25 35
33 60 48
34 36 41
49 47 38
58 57 25
62 41 57
50 57 51
56 43 61
35 35 58
44 42 57
33 49 36
40 34 50
46 44 59
54 25 51
47 49 30
63 60 28
60 43 44
61 49 37
54 31 54
52 59 33
59 53 40
56 41 43
54 44 56
59 30 53
52 52 47
41 31 37
51 61 53
54 40 56
38 26 48
52 35 27
53 25 52
49 51 39
52 40 39
60 55 30
45 62 29
52 47 30
50 39 45
38 26 26
39 47 51
50 37 34
38 41 50
44 54 31
37 45 52
55 57 59
43 26 28
35 34 59
54 63 26
53 25 48
43 37 49
59 27 52
33 41 43
45 50 46
39 54 40
46 41 47
42 35 27
59 61 55
59 29 46
46 50 25
46 44 37
37 38 35
40 48 57
56 27 48
32 34 39
37 35 32
28 60 34
37 32 49
52 35 39
63 33 31
59 60 25
33 32 55
47 37 41
62 46 47
42 56 46
39 36 32
32 28 53
37 50 52
58 41 53
47 56 28
41 57 54
42 51 37
59 32 49
46 50 56
49 37 29
45 42 27
59 30 56
46 58 44
60 30 37
30 35 36
41 48 62
54 25 45
37 46 54
47 49 30
35 29 34
40 53 58
56 52 56
46 35 31
25 40 46
48 57 29
48 35 39
57 46 30
38 29 37
47 39 33
58 29 37
28 37 45
38 34 55
29 29 56
38 40 53
57 59 58
46 29 62
45 51 31
51 31 45
57 31 28
62 27 26
34 26 42
53 49 34
38 46 57
34 39 32
29 35 45
50 35 28
42 51 28
31 43 45
43 55 41
47 38 42
40 53 36
29 52 45
35 28 44
46 50 53
54 39 46
42 28 57
35 30 40
30 54 44
43 31 32
62 43 50
54 49 56
47 58 40
27 48 53
35 45 47
32 28 30
45 48 29
45 43 33
46 33 29
45 32 38
47 52 40
54 26 48
51 38 53
29 40 50
43 28 53
34 29 56
41 37 44
56 35 52
43 45 49
45 52 49
39 36 40
59 45 47
52 36 39
43 28 59
58 42 52
50 39 56
42 35 39
39 55 33
43 39 27
51 36 53
46 53 33
49 44 52
28 56 38
30 60 44
48 30 39
55 44 46
48 46 54
48 41 47
36 51 47
31 30 28
40 32 55
36 58 32
43 45 56
43 49 34
53 43 44
45 38 37
39 40 54
29 53 35
48 46 46
52 41 34
32 33 41
38 29 32
52 31 33
51 50 56
43 55 41
60 60 34
60 34 48
61 29 41
28 56 43
40 39 27
40 47 39
41 58 36
52 41 36
26 61 33
41 47 60
32 41 44
48 28 59
34 33 46
30 44 49
50 53 60
45 55 36
50 41 31
51 26 50
35 38 53
51 35 58
47 59 43
49 42 30
57 28 39
29 28 42
36 47 47
50 41 46
45 44 46
49 39 56
27 36 49
60 29 39
32 36 36
42 59 39
59 63 46
61 39 55
47 49 40
55 57 36
41 54 33
31 43 29
33 49 29
51 38 50
41 38 28
42 58 34
57 27 48
56 37 47
25 55 63
60 43 31
49 26 46
56 36 46
44 46 40
29 39 36
39 46 50
26 56 43
32 51 30
50 25 45
29 49 35
49 38 50
50 51 58
54 49 40
39 45 59
61 54 58
34 46 53
59 51 45
45 35 52
34 41 61
42 61 36
41 50 41
34 33 35
45 36 47
33 34 39
49 35 45
62 44 41
29 53 26
34 27 41
53 28 45
51 32 31
51 25 52
63 43 48
55 39 58
44 32 47
36 57 53
45 37 40
51 49 54
60 47 53
36 28 30
39 38 39
35 36 49
45 35 49
37 41 48
49 48 39
34 38 37
54 34 37
53 51 29
60 52 28
26 53 48
51 44 32
62 46 42
52 46 39
52 56 36
26 45 43
46 28 38
52 48 31
45 36 25
62 44 38
45 56 43
30 31 44
42 27 42
53 56 50
53 54 49
41 43 55
37 32 47
30 50 42
32 45 56
45 41 57
53 50 42
38 44 61
48 36 32
32 46 43
43 61 49
30 36 48
51 50 32
33 33 43
63 58 37
57 43 26
36 51 61
41 54 46
43 57 41
63 35 35
49 62 45
39 52 40
35 60 29
59 26 56
34 61 59
30 52 27
55 33 43
26 54 41
40 34 46
43 52 36
42 47 52
50 32 44
48 50 39
43 28 42
36 43 38
38 63 46
55 47 36
61 53 43
41 51 35
60 29 32
46 47 30
55 29 51
25 35 26
30 47 43
29 33 46
53 49 34
52 39 34
28 38 55
30 49 56
48 33 36
31 32 25
48 61 37
48 44 40
47 41 42
46 41 34
33 53 36
52 63 53
41 57 41
40 40 39
42 55 61
32 54 50
43 53 39
59 46 52
59 40 30
44 49 47
41 44 40
56 51 44
39 49 48
31 36 39
38 47 29
62 49 52
62 53 63
33 38 48
31 39 27
60 61 35
32 28 51
32 46 49
34 54 56
38 32 58
58 63 43
58 37 38
47 37 27
58 42 43
49 55 38
32 41 51
44 47 47
39 61 30
48 40 34
37 30 45
57 51 36
41 36 35
43 50 40
30 39 46
35 53 52
61 37 60
49 52 55
60 55 46
41 43 38
48 51 54
44 35 37
62 41 62
34 45 33
40 36 45
47 58 46
54 27 43
36 39 37
36 42 54
44 28 63
37 34 39
31 45 53
54 48 49
58 57 58
58 48 49
62 56 44
38 54 63
31 46 45
60 37 43
34 47 53
55 57 54
27 35 36
49 51 55
61 45 38
26 62 50
55 53 46
39 36 60
59 48 48
43 47 59
32 31 28
44 37 47
42 33 32
40 44 25
39 31 32
33 36 35
41 37 61
44 49 49
54 43 60
47 45 56
33 34 48
32 29 52
40 36 51
38 30 58
48 40 41
49 37 27
47 43 26
47 52 37
55 39 25
52 46 54
36 32 54
57 62 34
35 25 59
52 54 40
56 54 25
30 46 26
58 29 58
48 27 31
38 41 40
31 45 52
29 45 29
45 49 43
59 29 36
53 47 48
38 34 58
40 60 60
27 37 40
45 39 50
53 39 42
31 33 54
25 46 33
63 43 37
27 39 43
52 63 37
26 49 60
41 38 58
47 35 49
54 36 53
38 45 53
41 57 58
34 36 40
35 45 31
42 45 28
34 32 49
31 44 49
35 35 53
39 37 43
31 50 33
62 62 32
42 50 41
46 37 55
32 45 31
42 39 34
48 34 55
33 26 26
45 46 48
41 59 36
31 42 39
40 49 36
59 47 49
42 43 34
50 34 39
50 30 41
55 42 55
42 61 30
63 57 53
28 54 41
45 40 37
54 37 47
40 53 48
61 52 30
58 31 28
43 44 47
52 53 48
44 38 54
60 43 27
46 41 53
60 37 52
42 49 57
41 48 48
60 40 33
40 29 28
42 32 55
50 56 45
50 59 40
56 54 50
35 37 45
52 51 51
32 48 30
46 35 55
63 40 29
34 25 48
27 41 32
28 49 60
32 38 42
38 43 48
32 28 36
42 28 47
46 34 34
37 43 33
26 53 62
43 25 50
45 45 39
37 52 28
33 43 56
43 37 52
44 52 35
44 42 49
53 37 54
42 41 39
33 58 48
58 33 46
40 43 30
38 25 35
39 30 29
32 37 47
35 40 27
45 57 40
33 60 50
40 59 28
61 51 43
39 29 37
30 34 51
50 32 40
56 51 34
38 36 25
53 36 53
62 61 43
34 60 36
29 34 36
28 38 39
51 42 40
62 43 40
44 56 34
43 45 32
59 34 37
36 42 26
33 27 49
28 60 57
33 54 30
56 43 43
29 28 41
26 41 26
41 62 39
56 42 26
32 50 40
51 47 44
38 48 46
48 52 49
44 48 44
29 52 31
37 52 25
28 35 46
45 46 29
49 50 45
37 48 29
41 52 37
48 54 40
41 29 54
62 41 34
48 45 49
40 38 26
53 52 49
47 38 52
31 56 42
38 45 45
30 44 43
48 46 41
50 45 63
44 56 34
38 27 40
54 27 56
52 49 62
42 39 60
52 45 30
39 42 59
48 56 33
35 41 47
42 43 29
43 31 49
34 39 36
44 30 59
54 50 51
45 61 32
44 47 50
41 54 51
40 48 26
56 57 27
35 33 53
47 47 34
38 43 47
35 58 44
51 41 41
53 51 40
34 40 43
32 39 50
37 41 54
44 38 41
28 41 61
32 38 56
42 28 26
50 31 36
32 39 39
59 35 56
31 34 51
55 55 35
31 32 34
39 39 36
28 43 50
47 55 37
37 47 32
61 54 32
47 53 57
40 31 42
54 37 55
44 25 42
53 51 48
47 41 40
50 40 51
38 55 46
26 46 25
50 36 35
44 40 28
34 48 38
49 42 61
43 46 37
53 56 57
33 48 32
38 42 40
28 33 40
60 43 62
62 33 49
34 46 28
42 27 39
54 52 42
44 45 33
56 42 47
50 59 41
49 47 28
44 40 58
27 33 49
48 44 45
33 61 34
48 59 35
49 46 52
42 51 44
37 48 33
34 40 29
46 36 25
32 27 57
49 33 28
31 50 31
29 48 40
41 44 43
48 50 44
44 57 34
46 48 61
59 54 38
36 29 62
38 55 62
47 47 29
60 42 44
53 48 38
34 53 37
38 54 35
29 48 51
34 36 25
46 52 47
34 45 38
59 46 34
46 41 57
30 45 39
48 35 57
40 37 37
60 47 48
46 43 35
59 44 30
58 53 39
55 32 42
44 50 46
51 42 47
46 50 37
48 33 53
37 40 37
26 46 29
54 53 60
34 29 42
60 30 36
48 28 56
28 37 44
25 40 45
37 35 46
63 38 38
36 43 39
35 41 52
39 41 40
52 28 43
54 34 50
35 39 39
40 46 47
59 31 41
40 46 35
28 44 36
41 34 41
30 39 41
56 53 56
38 62 40
52 52 56
26 58 32
54 37 56
26 52 41
41 35 51
32 35 47
25 55 34
42 41 43
50 43 32
29 37 26
32 42 38
44 51 37
43 37 49
28 31 46
42 58 35
30 26 34
33 54 53
30 52 53
49 34 49
28 55 40
41 44 50
49 45 34
31 48 33
33 49 37
40 51 45
35 48 44
57 34 41
44 42 54
50 63 36
53 61 42
38 39 28
29 36 32
59 39 28
52 46 42
57 52 45
53 56 36
49 32 44
62 56 38
43 45 29
53 41 34
45 44 59
28 35 56
50 60 63
37 34 54
38 25 45
32 48 53
33 58 37
62 56 50
57 46 49
45 37 63
55 44 51
57 45 62
39 32 54
55 42 54
27 42 42
45 51 46
36 28 47
31 28 35
35 34 48
56 43 59
32 35 51
39 38 41
43 50 54
39 36 39
43 37 37
49 35 33
31 44 61
28 36 62
60 28 53
49 52 56
48 39 48
45 26 33
57 48 38
41 36 49
47 40 40
46 31 52
45 55 42
54 56 41
54 40 43
41 32 56
34 43 56
57 32 50
32 28 43
48 42 39
47 51 42
53 55 58
60 59 52
45 40 39
46 30 45
25 34 60
31 52 42
43 51 28
44 40 50
56 55 35
32 29 31
30 26 45
42 49 36
27 38 49
44 37 48
43 39 43
41 28 63
36 37 51
