2 2 15 1000
292
515 881
536 768
137 134
133 159
27 98
14 16
23 13
12 17
14 17
26 16
17 10
12 16
11 8
18 12
10 16
17 7
8 12
22 19
20 10
8 6
12 16
12 15
14 15
19 12
8 12
26 18
24 8
13 10
17 18
14 14
11 10
11 11
10 14
10 25
11 20
17 22
9 10
18 14
16 6
15 13
11 8
17 7
12 13
12 21
19 16
16 8
14 13
9 17
24 11
21 20
15 16
20 11
13 19
15 7
11 5
9 11
16 12
18 15
23 25
11 9
10 10
17 9
19 15
19 17
19 14
22 17
9 17
14 17
8 11
7 16
6 11
12 7
19 20
5 17
15 10
10 6
11 10
12 10
21 26
13 12
13 12
20 23
12 22
16 13
10 12
18 26
8 10
14 9
10 10
16 20
18 15
12 22
11 16
21 12
12 8
11 13
11 12
9 20
12 11
21 14
11 14
14 13
13 19
15 16
14 10
17 16
17 21
11 20
20 18
18 12
7 9
5 23
11 13
17 14
5 15
21 8
13 17
12 7
23 20
17 17
20 15
9 12
10 16
12 19
16 18
14 20
11 10
6 11
13 21
9 10
7 14
7 17
20 17
7 22
16 15
25 17
17 13
17 15
18 16
13 9
20 18
18 11
18 15
16 15
13 7
12 8
10 19
19 13
15 14
25 11
14 20
24 21
13 14
13 15
17 13
14 16
10 10
15 17
11 11
10 23
23 15
9 25
19 20
11 8
12 11
22 19
13 19
17 16
8 16
17 17
11 19
19 12
9 16
12 15
12 12
11 16
18 7
13 17
16 21
23 19
7 14
19 25
19 12
22 16
25 16
18 12
20 18
19 9
20 17
9 25
16 9
12 10
7 25
12 9
12 19
18 14
17 17
15 17
13 26
20 20
10 15
10 19
15 16
11 21
12 14
22 17
19 16
9 13
12 22
13 18
18 19
10 20
7 17
25 15
19 13
12 10
24 16
18 17
18 20
16 6
8 8
25 12
7 17
19 9
20 14
19 6
10 17
6 18
14 22
12 10
20 8
18 14
8 18
6 13
8 14
14 6
13 25
16 15
17 21
20 17
13 23
16 15
15 19
12 18
9 19
15 17
15 10
20 14
15 13
15 11
13 15
12 19
14 7
15 9
11 15
18 20
8 21
7 14
24 13
10 10
6 23
17 8
24 15
19 11
12 11
16 8
19 16
9 22
18 20
10 8
12 18
20 12
13 20
9 16
10 7
18 6
8 26
11 19
18 8
15 13
22 26
10 22
20 15
16 15
12 11
21 13
18 18
14 15
18 23
18 21
16 19
16 18
22 16
26 22
8 22
10 17
22 13
13 24
20 19
16 12
13 18
15 7
5 15
15 17
19 13
15 17
14 12
14 18
11 14
19 16
13 21
11 10
16 16
18 25
22 14
20 19
15 26
13 13
19 11
13 6
8 12
11 23
13 22
22 12
17 15
18 22
9 14
21 13
18 21
21 16
15 25
9 16
10 17
19 11
16 15
17 10
16 21
17 19
16 10
13 13
11 6
16 13
16 10
20 13
18 16
24 21
10 19
15 10
14 21
17 14
22 23
11 11
17 21
9 11
11 16
9 13
22 24
16 11
19 12
19 14
20 14
21 18
9 22
20 9
17 6
13 16
23 22
20 16
16 8
11 18
20 16
14 9
22 16
15 11
21 14
14 16
10 14
14 14
15 13
5 13
10 10
12 16
10 20
9 14
23 20
9 15
12 17
18 13
12 17
16 18
20 21
12 6
11 11
15 15
12 13
21 21
11 13
14 6
11 7
9 14
20 10
9 21
12 13
25 7
19 11
14 11
23 20
16 13
6 18
16 16
11 12
5 6
12 13
15 11
24 13
22 16
11 14
8 13
18 12
18 15
21 16
7 9
24 20
18 24
16 12
22 10
9 10
23 13
18 9
11 25
18 16
14 19
12 23
5 13
18 14
5 11
22 8
16 13
11 19
24 25
18 7
11 20
15 12
10 11
14 24
14 17
11 13
15 8
22 22
17 15
19 13
20 8
18 14
15 18
11 8
11 17
13 16
7 18
8 17
17 15
16 17
24 14
12 14
15 17
18 14
17 10
10 19
23 11
12 14
20 13
17 15
24 13
21 11
12 18
15 18
9 16
14 11
8 8
11 12
20 12
10 17
12 19
15 18
11 13
12 12
17 8
8 14
17 19
5 20
21 22
13 14
16 18
10 14
20 13
12 14
18 7
10 16
13 10
11 18
22 14
13 13
26 11
11 10
17 14
8 13
8 7
21 10
17 16
17 7
18 12
21 9
16 11
21 12
20 22
18 26
12 14
21 12
16 12
18 24
13 10
7 19
10 9
18 15
19 26
16 18
18 9
10 8
15 14
13 15
9 7
9 15
21 12
24 24
14 19
7 14
13 12
12 15
13 11
22 13
15 8
12 10
8 22
8 9
22 16
6 16
14 14
14 16
14 10
11 19
26 18
20 18
6 15
14 17
22 11
11 16
15 8
26 7
15 17
7 19
10 15
9 11
8 15
9 5
14 14
9 12
6 10
21 11
12 5
24 12
9 9
14 9
17 16
6 11
14 14
14 15
19 19
13 11
18 13
13 9
11 12
12 20
16 18
14 12
9 22
13 24
16 10
14 15
19 9
21 16
13 17
19 25
18 16
11 12
15 13
12 8
9 16
24 16
21 14
15 13
15 15
15 26
15 10
13 12
10 19
16 17
11 18
14 22
12 10
11 13
12 6
19 19
12 11
14 15
21 21
21 21
17 24
9 24
15 7
5 12
14 18
21 10
16 20
10 7
13 8
16 23
16 14
21 6
17 23
11 13
22 24
12 8
13 12
14 13
25 12
14 15
9 13
11 21
21 14
12 20
13 9
10 17
12 12
15 13
10 14
17 12
15 9
10 11
17 9
17 12
6 17
16 24
7 10
20 15
21 22
20 9
15 21
12 9
9 15
17 18
24 10
19 11
24 21
12 10
8 6
8 24
14 19
11 11
25 16
10 13
17 15
11 11
21 22
11 16
18 16
12 8
14 21
17 5
12 19
7 10
10 14
11 17
11 14
8 20
9 11
12 11
11 6
19 14
8 13
19 11
8 12
13 17
10 18
15 12
13 11
17 15
17 13
12 6
9 14
7 23
14 9
21 12
20 8
19 13
16 26
23 19
13 14
24 8
24 8
15 12
12 8
15 18
11 9
15 10
12 15
18 11
17 14
8 20
7 16
20 15
9 13
13 7
25 15
20 18
15 15
12 18
10 15
14 15
17 15
15 10
19 20
17 16
20 10
18 10
15 16
13 20
15 14
23 12
11 14
15 16
17 15
15 19
8 16
13 14
7 13
19 7
26 13
10 7
11 9
20 5
19 25
18 11
11 9
10 18
21 21
18 20
12 11
8 22
11 16
22 12
10 21
13 19
11 20
8 25
18 15
13 15
6 18
23 9
18 8
23 5
20 6
18 15
14 13
14 15
25 14
7 15
13 7
12 18
16 7
15 13
10 10
10 20
14 19
11 16
14 7
20 10
24 14
8 7
19 16
23 10
13 15
10 22
19 15
8 25
15 18
18 10
11 13
19 19
24 26
20 11
10 15
12 16
13 12
12 17
17 25
17 7
21 17
12 11
15 14
13 12
18 24
15 16
24 9
14 12
15 13
15 12
25 18
19 24
15 23
15 12
9 20
11 15
18 8
10 17
7 14
13 18
11 20
9 21
8 11
17 17
23 16
11 11
16 9
15 11
15 14
10 16
14 12
10 12
16 10
19 11
16 18
16 13
17 10
23 16
10 13
17 11
18 13
16 11
24 11
11 14
12 13
15 8
10 16
7 15
18 11
13 14
16 17
18 25
15 7
9 6
11 12
13 15
15 9
12 16
9 5
8 20
9 14
12 14
17 21
7 23
17 5
16 22
23 19
9 6
14 14
8 11
11 23
8 6
16 20
16 15
16 12
12 25
19 12
17 11
10 15
11 9
11 9
14 22
23 18
12 14
18 20
15 17
19 20
17 24
17 14
11 22
19 10
9 10
8 22
16 11
16 21
11 15
14 13
13 8
16 11
11 13
13 17
13 12
18 9
22 22
11 12
9 16
21 19
18 20
16 10
15 14
12 14
8 8
10 15
7 11
17 18
20 22
5 9
23 13
16 11
16 20
22 14
19 13
15 20
12 8
10 8
19 18
12 22
10 22
20 9
17 16
19 21
15 14
16 9
13 12
13 11
24 15
13 20
5 11
6 15
16 23
13 9
22 19
17 10
10 20
14 17
14 15
10 8
7 12
14 9
19 21
9 13
14 10
16 16
12 9
9 8
14 11
26 21
18 16
13 10
25 8
12 11
8 8
13 11
24 5
25 21
18 22
13 10
10 13
8 20
14 15
12 11
22 5
18 16
20 26
16 11
18 14
23 19
13 17
19 6
18 11
6 12
17 15
19 17
7 8
12 19
13 13
16 14
20 5
11 20
16 17
15 12
25 18
15 22
12 19
15 12
12 24
13 23
23 19
19 10
8 16
10 18
15 14
9 9
24 13
12 11
6 10
6 9
24 14
18 9
15 22
13 14
10 6
10 14
24 11
19 20
14 17
12 15
15 16
13 23
13 9
24 13
5 14
10 11
12 13
13 11
10 23
22 17
11 12
20 15
12 10
16 13
11 15
9 7
8 16
14 22
9 14
11 11
19 17
20 17
17 9
20 8
8 12
9 19
15 22
13 10
18 8
12 24
22 21
11 16
20 13
7 8
8 5
13 17
18 18
16 6
7 11
23 14
11 18
14 11
20 23
19 11
18 14
26 15
14 15
19 16
17 25
14 10
21 5
5 15
16 14
15 16
13 23
12 14
8 6
10 19
15 10
11 23
13 18
16 14
19 10
14 12
14 20
13 17
15 16
12 22
16 11
26 20
22 21
10 16
26 8
9 15
18 13
16 20
20 12
19 12
11 6
17 21
11 19
9 15
14 16
10 11
11 19
13 7
11 19
8 13
13 13
12 11
15 13
20 13
15 13
20 14
20 17
22 19
9 9
21 15
13 14
12 16
16 9
17 12
21 15
24 12
17 25
18 17
18 16
9 13
20 16
14 24
14 16
15 21
16 21
18 13
13 9
17 11
7 9
19 15
12 15
12 17
10 18
12 12
13 22
13 17
6 14
11 20
9 14
15 11
10 17
13 18
19 11
18 16
20 24
10 10
18 15
11 9
21 10
17 26
12 15
17 9
13 21
20 19
12 10
19 14
10 18
11 18
10 5
22 14
14 15
8 17
11 15
9 26
11 11
18 20
17 17
18 14
21 16
8 16
16 13
6 17
17 10
21 8
16 14
18 19
12 11
13 12
23 10
17 18
14 16
13 19
14 7
17 12
6 20
21 13
9 11
11 21
15 11
17 11
21 9
11 20
19 18
16 18
15 13
13 11
16 13
20 17
11 14
17 7
15 13
18 8
14 13
21 11
13 15
12 12
12 8
14 17
10 17
15 14
23 19
21 25
25 22
9 15
18 19
14 14
19 18
11 7
10 13
14 18
8 16
7 12
16 8
11 16
21 10
16 11
9 10
17 13
23 18
10 18
13 20
24 9
12 8
25 8
22 7
9 11
13 18
19 14
17 5
15 17
6 13
9 21
7 6
9 18
19 16
7 10
8 17
16 18
11 19
22 11
13 14
11 24
17 9
9 6
13 23
17 10
12 17
9 10
8 12
14 15
17 12
5 8
11 19
13 18
19 20
13 19
8 16
24 18
26 12
24 23
8 21
12 15
11 6
9 16
16 17
16 11
12 17
26 15
13 18
19 23
15 7
9 15
14 7
12 16
21 17
20 13
13 20
10 20
17 15
14 18
10 18
15 14
17 12
16 6
24 17
12 9
17 6
16 23
13 19
16 11
19 14
13 20
6 21
12 15
11 19
13 13
20 8
14 15
21 21
20 18
9 13
18 19
14 16
21 21
12 14
8 5
18 14
15 23
22 22
10 12
11 21
13 14
16 5
7 14
8 19
12 18
15 22
10 10
19 15
9 12
10 12
12 7
14 21
17 15
7 21
14 17
13 16
23 17
8 10
9 7
11 15
18 14
10 13
8 12
17 17
11 16
13 14
20 8
9 13
17 11
7 21
11 15
8 18
23 7
15 14
10 6
19 13
19 14
9 14
9 10
10 20
15 17
16 10
18 14
8 9
11 12
21 14
15 16
9 13
12 14
17 13
12 15
10 17
21 13
15 25
9 8
12 14
12 20
25 25
13 25
7 13
13 22
5 14
25 9
12 7
14 7
16 8
14 18
16 13
11 15
10 14
16 18
18 14
6 17
15 13
13 18
19 25
13 24
17 17
11 22
20 14
17 15
10 20
7 10
11 16
13 16
14 11
17 20
13 14
7 10
22 10
18 18
18 16
9 7
9 14
15 20
16 19
9 13
18 15
17 5
12 7
13 17
14 19
12 21
22 16
17 10
11 14
19 18
13 10
7 18
18 26
20 16
23 17
16 7
14 14
10 17
10 15
11 16
18 8
11 8
21 11
15 18
15 12
12 16
6 13
8 21
17 21
8 7
18 12
13 9
17 16
7 13
10 12
7 9
11 21
12 9
17 13
10 15
19 19
16 17
8 26
20 22
10 15
15 17
8 10
14 14
23 19
11 20
14 6
16 15
15 17
10 19
9 19
11 14
17 12
13 13
10 18
17 12
20 21
13 15
21 15
17 12
12 17
10 10
13 11
9 10
22 7
8 20
13 20
20 14
10 12
10 15
22 14
21 17
7 11
21 10
15 13
17 9
8 15
12 14
10 14
12 18
8 22
17 16
13 7
13 15
20 14
10 12
6 9
19 13
11 10
15 26
20 25
12 17
6 17
19 14
16 22
24 14
17 9
16 11
23 18
26 10
12 16
15 21
25 9
18 18
19 16
15 8
14 7
14 21
21 20
21 13
9 21
8 19
15 23
12 22
19 17
10 11
10 18
11 5
12 11
15 6
9 16
17 12
16 17
22 16
14 12
6 9
13 12
20 7
9 8
13 7
12 5
10 11
18 17
22 18
17 13
19 9
22 14
19 18
16 25
10 10
7 18
16 13
10 17
11 9
20 8
5 20
22 8
11 8
7 16
7 10
18 19
10 17
25 14
21 20
14 10
14 9
20 11
13 13
15 17
19 11
24 17
13 20
8 18
12 25
23 21
14 14
12 16
8 15
11 6
12 24
18 21
11 10
16 18
16 13
19 21
8 16
7 16
6 26
15 6
11 20
12 17
17 12
13 20
17 15
11 17
13 7
7 17
12 15
16 17
23 10
22 16
17 12
10 17
16 11
26 17
13 10
12 11
8 22
13 11
13 10
14 17
17 10
8 12
18 18
12 5
9 19
15 12
15 13
21 21
17 23
21 21
22 25
18 10
5 9
15 15
17 8
15 7
14 10
15 21
19 16
14 21
12 8
14 13
8 16
18 16
19 15
16 15
9 14
11 9
20 10
8 20
11 17
10 10
8 14
18 16
10 8
14 6
8 11
14 10
14 16
9 17
7 19
9 7
13 5
25 17
16 11
21 12
12 12
6 17
20 22
26 22
11 16
19 17
14 15
24 9
17 15
16 24
10 15
10 12
13 16
13 17
15 9
8 17
13 12
10 14
9 20
15 11
18 13
12 19
8 13
12 12
14 13
7 8
19 12
16 14
15 20
9 17
9 7
10 22
18 11
13 17
21 10
18 14
17 14
10 12
15 15
22 17
10 13
13 13
7 20
16 8
11 19
11 15
6 18
24 21
25 12
11 19
17 19
12 21
22 21
17 10
14 15
11 12
20 21
24 10
18 15
15 7
21 12
23 22
23 21
5 16
14 16
12 11
13 11
22 10
14 9
24 7
14 22
18 11
18 14
13 24
18 20
14 15
18 7
15 19
16 16
12 16
14 15
10 17
21 24
11 17
9 16
10 10
7 16
11 11
18 19
13 23
13 9
9 13
10 20
15 9
7 7
8 20
16 20
15 21
19 21
9 17
13 21
13 13
18 10
15 14
18 16
15 17
17 16
8 18
14 8
19 15
9 18
14 12
11 23
15 24
13 24
15 17
13 23
6 18
5 12
14 5
14 8
10 23
11 17
8 11
12 17
19 11
16 13
12 7
16 16
20 12
17 26
7 13
12 14
12 18
13 12
10 13
14 14
10 12
20 16
16 16
9 18
11 10
12 13
15 16
17 18
17 17
18 21
15 20
17 12
5 6
8 23
15 14
17 17
7 11
20 15
20 11
19 5
14 16
23 12
8 16
16 25
18 20
10 17
14 13
11 19
17 12
13 12
13 19
5 6
14 16
17 13
5 14
8 9
22 11
16 11
6 8
13 5
18 12
11 11
17 6
16 22
12 14
11 8
14 6
21 11
11 22
15 22
21 17
12 12
11 23
15 13
5 20
17 12
14 12
15 17
10 12
18 14
14 13
16 11
18 24
19 11
13 21
14 12
12 18
21 14
20 19
18 25
14 18
18 18
12 15
11 15
13 8
15 14
11 16
10 18
10 24
6 13
20 12
14 15
17 17
9 20
13 16
26 11
6 14
14 16
8 13
8 14
14 20
17 23
17 17
13 18
13 25
9 11
18 14
9 24
10 18
21 20
19 17
16 15
13 8
13 23
11 16
13 18
8 13
10 14
13 15
8 16
14 9
8 20
9 19
9 18
17 9
10 14
25 13
10 19
10 17
8 11
12 14
15 19
16 16
10 16
14 11
8 19
15 10
14 21
17 14
16 15
7 14
5 14
13 9
11 20
6 14
10 15
23 16
8 13
9 16
11 11
15 17
21 19
21 15
10 16
16 17
21 11
12 22
10 12
10 26
21 19
18 15
10 11
11 13
7 15
20 25
7 9
17 16
16 13
18 17
19 12
17 20
12 17
9 10
7 17
6 24
20 7
12 10
18 11
16 20
18 15
15 13
10 13
6 20
9 13
10 14
16 16
17 16
15 7
13 10
18 11
15 24
8 13
13 11
12 14
16 17
13 19
12 19
12 23
8 16
