14 5 10
362 928 1565 2680
489 1242 1773
858 1642
538
893 1395 2007 3100 3819
871 1366 2243 2867 3934
807 1370 2119 3113 3851
798 1344 2016 2941 4014
765 1333 2298 2889 3916
738 1440 2051 2678 3955
734 1232 2218 3096 3562
834 1425 2352 3000 4256
830 1458 2268 2818 3786
766 1361 2144 2783 4025
893 1299 2341 2784 3505
825 1438 2346 2920 4229
887 1328 2190 3186 4134
857 1206 2022 3093 3800
192 145 141 112 158
146 100 179 185 132
138 181 159 176 189
177 114 182 147 195
133 124 155 127 132
115 158 166 149 197
144 133 103 103 153
145 198 110 145 187
183 158 136 186 190
109 197 181 106 110
101 100 165 195 109
125 150 172 156 136
147 158 193 169 136
114 190 146 113 198
31 62 166 23 108
32 21 31 27 35
22 37 48 41 27
30 37 30 38 19
25 29 33 25 53
37 24 17 36 18
27 66 36 37 24
18 24 17 9 21
12 21 17 34 58
25 24 28 34 35
16 34 22 14 20
36 22 13 22 36
23 46 30 46 27
25 23 27 52 34
17 32 53 41 25
