14 5 10
337 886 1172 1520
683 1021 1286
305 491
256
472 860 1610 1981 2288
557 849 1603 1864 2200
532 815 1426 1887 2436
474 875 1600 2119 2522
502 843 1354 1898 2210
503 790 1401 1806 2308
554 777 1455 1791 2192
538 792 1521 2141 2301
486 771 1459 1792 2351
488 827 1355 1820 2149
555 907 1486 1922 2236
522 825 1464 1847 2463
470 838 1395 2165 2192
530 833 1623 1965 2430
136 138 161 101 102
198 107 102 164 184
180 180 192 173 125
106 170 183 152 149
165 175 155 197 128
174 194 187 127 194
112 187 179 140 136
153 149 150 151 180
117 118 138 184 124
110 114 163 104 137
129 184 103 112 139
131 168 122 143 157
107 184 147 136 175
101 142 167 171 113
72 132 115 7 94
15 18 14 36 50
58 35 33 29 29
35 26 25 45 29
44 30 39 29 34
49 19 35 19 30
18 17 12 23 26
32 16 42 36 30
52 35 46 38 19
22 42 20 24 22
43 46 28 25 24
15 40 25 39 34
18 40 25 19 33
31 25 30 56 17
36 60 39 25 26
