14 5 10
564 1498 1983 2787
915 1308 1794
255 1128
895
1050 1733 2962 3250 4258
966 1690 2705 3675 4878
1052 1716 2657 3406 4137
1001 1538 2488 3186 4358
903 1693 2825 3557 4388
913 1527 2590 3749 4305
903 1633 2719 3406 4090
1030 1761 2559 3172 4315
1052 1706 2534 3399 4892
923 1567 2585 3196 4160
904 1645 2990 3164 4761
1012 1701 2890 3248 4310
1046 1578 2994 3649 4593
1027 1525 2625 3295 4691
170 172 111 116 146
145 175 121 166 187
162 105 107 178 167
125 122 166 186 128
126 171 161 142 113
196 171 101 176 109
128 113 170 156 171
127 108 164 136 124
163 181 160 163 168
168 130 110 198 196
120 119 199 123 147
138 104 197 122 181
157 161 159 196 118
149 139 111 135 128
108 85 139 38 23
39 17 38 10 49
21 22 32 35 32
16 20 43 26 21
36 39 39 24 13
30 21 32 20 28
23 39 32 24 43
56 31 39 15 29
35 48 48 10 38
19 19 31 24 21
36 26 43 16 18
30 35 36 37 20
35 30 19 47 20
36 27 27 38 23
21 23 28 43 42
