14 5 10
423 868 1851 2535
548 1589 2068
1271 1758
483
726 1246 1894 3247 3848
747 1313 2192 2960 3546
800 1349 2049 2733 4030
717 1160 2215 2961 3642
803 1206 1855 3149 3951
779 1276 1956 3224 3348
758 1240 1987 3068 3790
719 1356 2204 3006 3326
778 1159 2027 2971 3984
742 1220 2000 3017 3404
744 1301 2074 2890 3936
757 1149 1973 2977 3359
723 1218 2131 2799 3454
776 1376 1945 2741 3435
139 197 120 130 170
192 162 144 111 130
122 114 142 182 112
161 160 179 182 107
164 157 128 132 103
172 176 122 123 160
180 125 160 123 197
193 175 150 195 121
159 142 169 107 172
172 137 102 180 193
163 171 139 187 161
132 160 150 147 166
184 105 134 178 122
146 112 123 148 193
209 45 96 148 39
22 25 16 36 52
28 23 27 6 25
46 15 43 38 37
32 57 22 93 17
55 44 36 40 29
35 45 35 33 35
44 17 29 32 70
36 19 27 29 25
30 17 29 22 34
65 50 14 10 26
19 43 16 38 20
20 18 28 27 19
30 35 18 42 45
9 36 40 18 47
