14 5 10
660 1434 1930 2411
830 1726 2296
714 1214
717
889 1669 2671 3500 4256
1000 1557 2720 3879 4674
857 1531 2557 3358 3907
909 1664 2778 3550 4310
990 1580 2808 3612 4642
1001 1686 2896 3978 4107
916 1678 2473 3985 4382
830 1648 2554 3324 4576
952 1520 2835 3291 3995
900 1530 2740 3666 4489
907 1505 2885 3927 4586
891 1704 2825 3568 3891
971 1548 2560 3636 4383
961 1522 2807 3709 4705
105 146 122 175 160
149 112 104 189 189
127 152 111 183 128
182 117 186 173 109
189 103 133 102 197
104 188 196 102 177
173 129 141 168 125
189 125 102 151 129
102 162 155 149 134
175 116 108 105 158
101 199 192 154 187
195 187 151 190 193
186 185 145 179 131
106 191 157 199 159
32 32 52 17 99
26 44 43 39 14
27 24 24 14 34
25 26 39 24 30
26 34 19 44 19
30 31 31 19 42
10 47 44 19 31
26 25 22 30 31
41 29 37 25 13
26 15 28 13 39
19 44 12 20 40
27 31 25 28 31
35 30 26 20 33
23 13 36 54 24
32 22 20 19 32
