14 5 10
572 1365 2090 3195
904 1420 1947
447 1600
832
1000 1728 2728 3323 4465
956 1472 2399 3583 4610
925 1472 2450 3520 4737
1034 1615 2724 3420 4942
876 1674 2768 3964 4433
992 1468 2483 3336 4878
886 1568 2722 3886 4601
1036 1620 2571 3256 4941
923 1623 2724 3695 4217
877 1494 2681 3631 4196
986 1468 2540 3973 4499
968 1702 2518 3447 4777
963 1514 2321 3815 4354
939 1525 2449 3578 4646
186 117 137 120 126
124 171 141 164 125
120 101 183 196 150
100 188 160 170 133
173 200 140 155 188
180 135 160 199 152
114 130 163 200 145
109 120 146 122 130
123 136 101 107 191
194 157 152 183 178
156 108 118 140 186
189 127 142 195 102
146 188 100 134 127
192 192 163 101 112
129 84 231 4 0
11 25 30 22 39
27 49 22 21 27
44 58 27 19 31
37 43 38 25 29
26 43 36 43 50
16 24 37 7 42
23 37 25 33 20
28 51 31 28 42
20 22 29 21 27
20 34 46 37 21
15 29 38 31 16
31 26 38 35 24
32 34 27 24 34
12 42 24 8 14
