14 5 10
283 759 1484 1521
513 1227 1375
804 707
2
620 1014 1624 2481 2483
577 1017 1586 2147 2783
587 1004 1523 2266 2547
590 1036 1673 2232 2746
555 1078 1663 2307 2715
601 1045 1721 2370 2468
579 1182 1456 2111 2897
583 1064 1643 2272 2469
608 1068 1619 2215 2773
619 1126 1461 2209 2495
548 1119 1660 2361 2712
631 1034 1589 2452 2772
639 1006 1678 2317 2780
571 1041 1532 2232 2822
145 133 193 119 113
125 185 172 142 120
124 176 136 130 167
123 101 106 117 192
195 182 104 193 183
140 158 106 188 120
126 179 142 101 185
170 193 131 132 147
200 174 167 168 141
141 143 143 185 133
169 110 140 123 165
156 141 157 191 177
176 131 129 158 156
154 127 189 140 125
36 50 68 145 57
27 21 21 16 40
24 10 18 23 36
35 21 20 38 18
55 34 22 23 45
17 35 34 43 41
21 37 27 32 14
18 27 38 27 17
21 48 28 20 5
36 36 39 25 14
24 29 18 61 29
28 13 14 19 33
34 33 25 36 19
24 21 26 49 30
23 24 25 33 31
