14 5 10
250 533 1184 1545
383 869 1207
560 1058
584
509 846 1262 1936 2562
518 1028 1297 1937 2362
494 928 1463 1695 2297
580 915 1309 1841 2263
489 1026 1374 1951 2403
485 951 1301 1748 2555
515 896 1308 2041 2404
536 896 1422 1734 2273
556 1012 1359 1923 2223
498 1014 1350 1796 2228
554 914 1466 1842 2381
504 911 1488 1747 2525
513 994 1382 1779 2419
528 848 1464 1709 2291
198 163 194 118 199
151 170 174 199 108
152 156 165 143 131
118 154 103 145 177
107 197 120 117 147
143 126 150 178 143
195 196 105 163 137
131 101 135 172 100
134 132 163 152 116
185 197 171 131 106
136 193 120 119 141
123 183 143 142 141
149 122 184 164 111
100 162 158 102 120
101 160 14 134 27
33 11 38 33 27
32 46 39 50 22
37 24 40 61 36
42 16 41 36 23
52 35 13 33 54
47 26 48 24 30
30 32 45 52 60
56 39 16 41 30
29 49 25 38 39
26 53 45 40 45
13 25 37 18 24
37 17 49 32 25
35 20 22 22 42
41 17 22 42 31
