14 5 10
422 851 1262 2485
484 1064 2000
471 1347
721
707 1228 1856 2364 3373
671 1131 1987 2445 3081
668 1156 1880 2789 3584
707 1070 2161 2584 3106
694 1200 1941 2628 3115
728 1189 2138 2536 3548
722 1231 2107 2594 3487
646 1139 2064 2362 3341
667 1151 2127 2627 3404
718 1153 2166 2806 3579
642 1111 2166 2573 3065
744 1116 2165 2771 3567
637 1067 1849 2800 3606
733 1101 1929 2739 3261
154 112 139 169 102
100 160 122 176 100
175 118 151 162 125
144 193 140 111 105
112 128 146 104 115
108 171 101 155 179
146 176 121 107 174
103 157 154 132 146
120 110 157 199 159
162 142 120 100 112
138 106 183 155 103
186 181 154 196 136
172 181 199 166 100
116 132 106 161 122
117 204 76 12 65
60 30 29 34 56
31 13 28 19 38
26 29 20 31 41
39 15 30 27 36
37 20 28 36 17
28 41 41 29 39
48 32 14 36 61
37 40 31 29 19
52 34 31 39 26
25 30 15 30 25
28 36 34 26 40
23 26 33 27 14
44 14 35 25 17
53 34 35 32 26
