14 5 10
348 1031 1776 2596
738 1357 2265
523 1386
898
726 1155 2012 2666 3619
663 1056 2136 2882 3306
788 1060 1980 2530 3595
709 1162 2059 2817 3343
730 1176 1962 2969 3472
678 1240 2067 2807 3535
755 1182 2085 2965 3460
759 1139 1920 2698 3768
677 1128 2100 2897 3174
804 1072 1928 2469 3392
806 1174 1972 2672 3713
718 1185 2154 2920 3406
776 1242 2103 2798 3369
709 1152 2221 2524 3786
147 114 108 135 111
134 122 102 145 177
132 179 126 173 148
171 170 133 132 121
186 145 112 155 143
115 160 191 131 102
110 130 115 200 134
147 169 129 102 157
140 125 178 173 134
150 105 182 142 189
179 199 157 155 113
136 182 195 153 144
136 171 137 136 123
152 156 137 200 101
27 129 77 115 63
17 12 23 37 13
24 33 18 23 29
32 41 25 57 31
35 32 48 20 35
25 30 17 21 31
27 24 31 32 19
27 26 20 40 11
27 31 17 17 12
39 30 57 33 43
22 22 16 33 23
41 48 22 38 34
25 32 40 16 26
33 21 29 40 30
40 24 38 31 40
