14 5 10
397 993 1302 1611
539 973 1078
472 619
159
571 1067 1658 2197 2367
604 1046 1641 2395 2517
596 1012 1395 2039 2805
555 933 1704 2148 2455
547 904 1611 1999 2486
506 952 1698 2192 2723
514 902 1622 2028 2422
536 961 1624 2114 2474
538 998 1469 2175 2794
528 988 1458 2024 2403
531 894 1566 2132 2766
527 986 1584 2027 2759
516 907 1438 2061 2489
601 934 1522 2332 2529
164 157 180 132 197
166 150 140 113 125
144 163 199 142 139
137 146 126 186 189
182 142 194 131 153
147 156 182 166 121
135 130 139 125 123
141 180 145 127 166
136 100 124 113 143
127 148 127 178 178
108 156 150 166 179
102 140 161 175 188
131 187 193 145 196
131 135 145 119 101
73 126 242 40 21
48 35 12 15 27
30 58 24 23 34
17 40 15 19 28
25 41 19 21 31
22 29 24 21 20
24 36 25 21 38
34 31 17 35 18
52 48 32 44 32
32 37 24 16 27
30 29 19 34 52
13 34 27 48 19
12 14 37 28 42
11 18 48 25 15
24 45 48 20 27
