14 5 10
574 961 2019 2624
331 1530 2332
1110 1856
765
849 1513 1948 3207 4228
788 1498 2089 2877 3783
805 1293 2314 3398 3764
902 1299 2099 3180 4318
896 1501 2099 3159 4066
794 1492 2288 3006 3952
840 1539 2124 2858 4098
882 1386 2265 3295 4308
746 1377 2255 3155 3953
828 1553 2296 3321 3707
750 1562 2328 2910 3631
776 1321 2132 3057 4110
871 1465 1987 3068 4230
770 1389 2179 3388 3604
184 105 173 119 145
127 196 159 189 100
166 121 133 166 123
150 140 187 137 122
144 188 107 167 134
175 187 144 166 152
170 158 114 148 142
133 132 142 107 182
138 120 178 111 183
186 101 187 121 128
116 176 123 103 185
132 135 167 115 164
120 154 157 143 158
114 122 192 103 111
56 183 41 108 28
48 28 54 32 29
41 24 42 36 34
31 18 21 30 60
21 20 35 37 20
18 27 31 24 21
60 28 24 39 18
17 40 44 38 42
26 21 26 26 46
17 61 56 37 25
37 43 39 48 27
28 37 29 12 23
30 25 40 29 42
21 21 56 18 16
17 18 34 13 38
