2 5 15 1000
521 1333 1221 2074
732 710 1494
120 851
955
663 1251 2102 2251 3318
702 1194 1783 2436 2873
36 49 32 43 50
35 33 29 27 40
30 1 54 34 6
12 21 17 16 21
11 13 15 16 22
9 17 9 26 15
15 13 16 15 7
14 13 8 14 15
11 10 10 10 9
13 18 19 15 16
10 10 14 15 19
22 14 15 12 12
16 12 21 14 17
12 10 14 20 10
13 26 23 20 14
19 16 17 19 12
8 7 11 15 8
8 22 9 9 14
11 19 15 12 20
18 13 26 15 20
14 11 9 9 24
13 15 20 15 21
14 16 21 16 18
12 15 10 13 21
13 12 17 20 19
12 12 10 15 12
19 8 17 15 18
18 15 21 13 9
13 21 8 16 19
20 26 10 14 14
19 16 17 14 10
12 7 12 18 12
17 8 21 16 22
9 9 24 8 21
19 12 12 9 20
12 20 14 12 9
20 18 20 20 12
13 12 13 12 14
19 12 16 12 18
18 13 20 19 23
23 12 22 6 15
6 11 16 18 13
20 14 11 12 18
16 14 10 12 24
14 11 8 9 23
19 21 17 14 18
16 18 25 18 23
15 19 12 11 18
23 13 8 19 12
10 17 8 15 19
17 17 9 15 6
8 21 14 12 22
22 6 17 18 16
15 19 7 13 8
13 13 26 14 15
12 13 23 6 12
22 21 18 18 10
14 19 18 16 17
13 13 12 12 19
10 13 15 12 6
21 18 12 9 9
17 10 21 7 8
25 15 16 17 11
14 9 15 12 16
17 14 15 11 13
17 11 17 22 13
9 10 25 21 14
10 20 24 17 15
14 20 11 9 13
16 9 11 11 12
17 21 23 9 14
22 16 18 22 15
9 16 7 22 26
8 13 17 17 19
24 12 9 13 13
20 7 12 13 13
18 11 12 19 10
7 8 12 16 17
18 8 18 7 12
14 16 16 8 14
11 23 17 21 15
16 10 16 10 14
25 12 14 14 14
15 15 24 8 10
12 13 11 9 14
19 8 25 16 17
11 13 18 9 25
18 21 11 15 11
16 15 20 17 15
14 16 14 15 9
19 16 10 12 9
19 14 16 19 17
8 11 13 12 22
10 16 15 16 17
14 11 8 13 11
13 16 12 9 23
22 22 12 8 10
11 13 19 10 16
16 15 19 10 16
13 18 18 16 24
21 11 11 16 21
11 15 12 16 17
8 16 11 17 18
14 15 7 6 21
6 19 25 12 10
16 12 18 20 15
15 14 18 19 25
6 22 14 15 14
17 18 11 10 13
14 16 25 17 15
12 16 10 22 11
8 21 16 24 9
17 7 18 22 18
8 22 15 19 11
6 24 15 13 20
14 18 22 17 8
5 13 12 12 18
12 7 16 12 10
19 13 16 13 12
16 24 11 12 17
11 13 26 15 17
18 8 11 13 20
24 12 24 15 5
26 14 22 19 18
13 9 10 17 10
13 16 16 24 21
15 9 15 14 16
12 21 26 15 9
16 20 10 23 18
16 10 11 15 18
16 16 19 9 20
10 13 20 12 17
7 21 17 15 12
7 9 19 16 24
14 18 8 17 15
25 9 24 7 13
9 18 6 11 13
8 17 17 16 15
9 12 6 11 19
11 24 11 20 8
10 25 8 14 9
18 19 17 19 17
22 16 15 12 6
8 8 18 18 10
18 12 7 16 8
26 15 16 10 17
13 19 18 17 15
8 22 21 16 19
20 20 14 9 18
18 8 20 18 14
15 7 10 13 14
11 17 11 7 11
13 10 17 10 14
10 22 12 5 12
12 13 18 15 5
13 9 17 19 14
9 13 19 21 20
18 19 18 18 10
11 12 10 18 15
6 16 7 15 19
23 21 13 22 16
9 9 14 9 17
15 15 11 9 20
20 21 25 12 13
20 14 12 18 15
16 20 13 6 13
19 17 18 17 14
18 13 24 19 21
14 9 14 9 23
14 12 8 14 12
16 6 22 15 24
18 15 12 19 9
11 5 10 18 13
11 13 5 8 8
25 9 13 8 13
18 21 11 16 22
17 6 23 12 17
12 20 14 25 9
24 12 18 5 20
16 22 9 14 10
22 17 5 9 20
10 15 18 12 10
22 6 5 14 9
19 17 21 12 15
10 12 22 18 24
19 14 17 8 22
25 8 17 26 18
19 23 26 23 19
17 14 14 7 9
17 12 10 16 23
17 13 21 17 11
8 20 17 15 9
12 25 22 14 15
19 12 17 12 9
17 14 7 9 18
12 17 10 16 10
26 13 14 10 13
12 20 18 20 15
16 6 20 9 8
18 15 22 11 16
13 14 8 17 10
11 19 24 17 10
18 11 14 19 24
22 12 26 13 19
6 20 19 18 16
24 14 15 15 11
8 17 25 8 13
14 10 9 20 16
20 15 9 14 22
9 15 18 12 19
24 21 20 13 15
16 7 20 23 14
9 14 13 14 20
15 5 19 13 14
24 7 24 14 9
20 10 14 14 13
11 6 14 9 13
13 6 10 23 10
14 20 6 12 18
18 8 12 15 9
13 8 9 5 22
23 22 25 17 18
20 19 17 7 11
10 15 22 9 13
20 19 19 15 22
7 17 11 10 20
8 21 11 19 13
18 12 23 8 11
9 8 15 6 12
14 14 18 14 21
9 17 9 9 15
15 7 9 13 14
17 25 11 16 11
9 10 24 24 25
9 21 20 8 14
25 18 18 16 26
12 11 10 16 22
25 24 12 16 19
8 11 14 10 12
20 15 11 15 12
12 13 15 20 18
12 14 15 14 15
24 12 9 23 8
12 16 22 10 17
13 12 12 20 9
9 16 5 21 10
11 10 18 8 15
22 11 12 11 21
20 16 13 17 12
14 16 11 14 14
15 14 18 15 26
22 19 17 19 15
11 8 8 16 23
17 11 11 9 10
9 9 5 9 11
14 9 9 22 18
9 11 14 15 11
11 10 19 19 14
15 22 10 17 17
14 10 9 16 9
13 19 25 15 17
16 18 21 20 22
10 13 25 13 13
18 18 6 20 22
7 19 8 18 15
8 11 15 14 8
20 10 9 14 9
22 16 15 26 16
8 9 13 18 15
6 22 12 12 13
12 12 26 9 17
12 16 12 12 16
10 13 18 11 24
13 10 9 11 22
10 7 19 14 15
20 11 12 11 15
15 23 9 17 8
12 11 17 10 5
5 16 17 19 17
14 18 12 22 7
7 13 17 14 23
9 10 15 12 9
16 14 13 25 15
16 17 10 21 13
7 19 16 18 14
7 13 14 24 16
11 8 8 11 16
12 10 16 11 23
14 14 23 11 15
16 19 22 14 13
15 23 15 24 15
11 15 18 16 10
15 19 22 23 11
17 16 16 24 18
11 13 12 18 17
15 7 13 12 18
21 11 9 12 20
13 19 14 9 19
22 25 17 18 21
13 13 14 15 13
13 11 10 16 17
12 18 10 10 12
6 18 11 15 5
16 7 18 17 12
22 12 10 14 18
17 21 21 11 11
6 13 13 13 18
14 16 16 9 6
22 23 17 15 13
14 19 6 20 20
11 26 17 19 18
11 7 23 24 12
20 10 22 21 10
9 22 17 13 5
7 9 15 16 22
10 16 18 23 16
16 16 15 12 15
8 10 9 15 11
10 14 16 14 15
6 11 16 14 17
14 20 10 18 9
11 10 14 20 15
13 6 21 10 15
18 16 9 8 22
5 9 15 8 22
15 12 12 15 6
14 16 19 19 12
13 16 17 13 25
13 16 17 14 10
11 11 13 16 14
17 17 6 6 6
17 14 25 17 9
12 17 19 13 15
19 10 14 15 13
19 6 26 17 13
14 19 14 20 9
7 10 8 6 14
10 13 12 13 25
5 14 15 16 13
18 14 13 22 5
22 15 9 22 11
14 14 16 25 10
10 20 6 7 13
14 14 17 17 11
19 13 14 10 13
21 24 14 12 17
13 20 10 12 11
16 6 15 15 15
8 18 17 11 20
23 17 19 9 14
15 20 5 10 16
13 17 14 24 13
15 9 14 6 12
19 11 11 22 22
9 14 7 12 15
24 8 17 11 11
9 16 15 11 15
16 14 22 11 11
12 12 21 17 20
10 13 15 14 21
11 8 15 14 14
8 7 15 9 12
18 16 18 20 8
15 21 14 17 7
14 14 22 20 14
25 10 26 6 22
5 11 12 21 13
10 26 16 16 7
10 15 23 20 19
12 16 13 21 15
13 17 9 8 15
8 12 15 22 18
7 10 5 9 7
16 16 8 17 17
17 18 17 11 13
18 18 13 10 19
5 20 14 19 19
7 14 15 12 18
16 22 12 17 19
21 18 21 18 11
24 16 6 23 17
18 15 8 18 14
9 22 11 24 21
14 16 5 16 20
22 10 18 14 14
14 10 5 17 10
12 18 16 18 13
8 14 10 8 15
11 17 12 12 10
9 20 12 9 18
8 12 9 8 20
22 13 11 13 12
9 20 19 12 8
17 24 13 17 13
22 10 18 17 13
18 7 12 16 22
10 14 12 15 19
16 25 11 21 19
13 20 6 16 11
14 20 9 21 18
12 17 14 16 16
12 26 19 12 11
9 11 19 17 7
13 8 12 16 21
13 26 10 17 21
13 18 7 12 6
16 17 12 23 11
9 11 26 13 15
13 10 19 15 9
14 23 22 13 19
23 14 10 10 13
18 16 9 11 13
14 13 15 7 10
26 12 8 23 18
13 8 24 13 24
22 15 19 6 13
6 20 7 17 13
6 24 7 8 13
14 14 16 17 21
10 25 20 11 14
10 19 13 26 17
12 16 11 14 15
12 16 11 18 15
20 14 19 13 16
19 10 9 11 17
7 16 17 14 10
19 11 18 15 21
13 21 17 17 12
8 20 16 6 6
19 19 8 5 19
12 10 19 24 7
15 15 13 13 14
13 19 11 14 13
16 12 15 11 12
11 23 15 19 10
16 18 25 12 17
19 12 14 6 7
12 20 7 16 15
17 14 25 18 18
23 9 14 12 14
15 12 15 16 14
14 22 9 12 15
10 16 10 23 12
16 17 12 13 14
10 14 23 19 12
25 12 14 12 13
15 21 15 17 9
11 16 17 18 25
10 8 7 9 19
12 18 15 5 6
10 15 10 10 17
12 14 15 13 10
5 9 13 15 23
18 11 11 17 12
11 15 16 18 9
21 7 16 18 16
15 11 9 10 20
10 21 8 7 22
17 20 9 12 17
15 16 16 12 7
15 19 19 14 16
16 26 13 12 21
16 12 5 15 18
5 14 14 19 11
18 9 21 24 20
6 11 16 14 11
9 15 8 13 18
8 13 10 10 22
16 15 12 17 11
12 19 16 22 11
7 21 15 19 13
17 26 6 21 13
10 14 14 16 17
19 14 15 14 16
12 15 9 18 21
20 11 9 23 14
16 15 15 14 16
11 21 13 16 6
22 11 11 16 15
16 22 18 19 13
18 16 9 16 12
13 13 15 11 8
13 17 10 17 15
15 13 14 16 8
13 13 17 10 22
21 18 14 13 16
21 12 20 21 12
16 14 11 20 26
15 10 12 7 11
12 17 9 17 10
11 14 11 11 14
17 11 25 15 11
12 18 13 11 11
15 15 16 9 17
8 11 21 17 23
13 7 21 25 17
17 22 9 13 9
10 20 25 7 22
22 18 24 25 25
17 9 15 20 6
9 17 12 23 17
10 17 10 16 8
16 20 11 12 8
14 17 14 21 20
22 16 13 12 16
20 10 13 12 12
12 7 20 11 13
20 17 17 11 12
17 25 25 19 6
19 19 11 12 20
10 17 20 24 17
11 11 10 6 22
11 16 23 12 14
20 26 26 18 11
12 22 6 21 9
8 16 23 15 5
10 13 11 20 17
17 14 23 11 18
18 16 8 6 10
18 15 24 24 17
15 20 14 9 19
14 24 23 9 17
11 19 13 13 14
16 15 21 11 8
8 21 11 12 15
16 13 23 10 6
11 11 15 12 10
7 15 10 18 8
15 11 18 13 10
22 10 10 18 22
15 21 10 11 10
10 12 18 15 22
18 23 19 16 10
9 16 12 10 16
16 19 9 11 16
8 10 15 23 9
20 16 13 19 12
10 12 13 12 25
20 10 14 11 13
16 15 13 5 21
15 17 8 17 12
15 17 26 8 20
10 13 13 13 15
21 9 16 11 11
26 10 15 21 16
16 10 11 15 26
19 13 26 10 15
20 8 22 15 7
17 17 17 10 17
18 10 16 14 14
11 19 14 12 15
14 11 13 20 14
6 10 11 18 7
19 16 14 17 19
9 7 21 11 20
15 24 18 12 16
10 25 17 7 9
13 8 11 19 14
11 12 14 13 7
16 22 19 17 13
13 24 13 16 15
7 22 22 20 20
11 16 23 15 24
19 19 10 17 18
17 16 16 21 15
24 9 20 17 13
21 10 22 11 13
25 17 17 16 8
13 20 13 19 12
20 11 16 17 13
18 12 15 15 20
7 10 18 19 9
20 16 9 13 15
10 20 8 17 15
11 18 21 9 15
22 11 7 17 26
7 9 15 9 19
12 10 21 5 18
12 9 19 24 22
10 16 26 9 20
10 11 13 10 12
20 12 17 20 12
8 12 11 20 6
22 16 21 5 11
14 17 9 16 15
7 14 21 5 6
18 10 20 11 12
9 15 19 11 12
16 16 9 8 13
11 24 6 15 16
18 14 15 26 13
7 11 9 10 16
18 15 20 10 12
8 12 18 22 17
11 16 16 10 14
18 18 14 8 14
20 7 17 12 15
9 19 21 13 16
19 12 11 25 17
15 12 12 9 12
15 19 8 8 8
10 22 14 11 20
24 18 18 22 16
12 12 19 15 9
14 17 14 15 24
14 20 15 6 14
10 14 19 17 18
13 15 8 9 22
6 17 12 12 19
11 17 14 11 16
10 6 12 23 16
15 21 24 12 17
11 17 12 12 13
16 18 13 13 13
9 17 20 18 18
12 20 18 10 20
11 15 8 15 20
6 12 6 9 12
18 15 23 14 18
15 13 13 10 9
9 16 7 26 21
7 18 7 21 18
15 23 21 15 11
12 19 11 15 15
17 13 13 16 11
7 9 9 16 6
18 18 18 13 18
18 14 17 22 19
21 11 20 12 17
11 19 23 13 17
24 16 17 16 12
6 12 14 14 18
13 17 7 11 8
22 7 20 16 5
9 13 17 6 10
12 13 9 14 12
10 25 10 25 20
19 22 13 16 10
8 12 19 13 20
17 16 18 21 17
6 14 24 17 15
5 5 14 11 15
13 7 19 9 25
14 21 10 19 12
11 15 17 16 15
12 21 13 19 14
13 22 17 16 14
15 10 13 11 15
14 8 17 14 13
10 14 20 20 13
13 11 17 14 11
7 23 14 22 13
14 8 9 8 20
13 19 20 15 9
17 18 20 12 11
24 14 16 20 8
15 8 12 19 24
22 11 14 16 19
14 17 20 16 16
13 21 10 11 18
25 9 12 8 12
15 17 22 19 23
25 10 21 13 8
7 16 12 11 15
17 13 9 24 24
9 9 12 13 7
14 19 17 9 9
21 8 20 14 10
19 19 12 15 15
22 11 11 13 19
21 15 21 21 15
21 7 14 13 19
17 12 19 19 13
11 18 18 15 14
17 17 11 22 23
15 26 18 14 8
15 21 18 7 13
12 21 14 17 10
12 7 22 14 12
12 24 8 15 11
21 12 13 14 24
13 12 9 16 24
19 20 14 15 11
20 12 21 16 22
13 14 12 26 16
9 11 14 24 11
6 14 10 12 13
13 15 21 10 20
15 10 19 18 8
17 17 13 18 13
18 13 15 13 17
13 7 16 9 15
23 14 11 17 14
14 7 24 16 12
10 9 17 13 16
9 14 15 12 15
6 12 15 15 14
17 17 16 14 16
20 14 9 13 14
11 14 13 11 12
7 22 10 20 18
16 19 13 6 17
23 24 18 15 10
9 19 21 20 13
12 6 10 14 12
21 20 24 20 23
14 19 10 10 6
15 10 11 13 15
14 19 11 13 23
10 14 13 15 6
21 18 18 9 13
13 6 25 18 11
19 18 11 16 25
25 14 16 15 19
12 15 17 26 13
10 26 24 22 15
7 20 18 14 11
10 8 16 9 12
15 10 11 11 17
14 14 8 14 23
10 10 11 18 22
11 15 9 11 16
26 18 26 20 16
8 19 13 12 19
15 17 9 18 21
23 16 13 13 24
19 14 15 17 15
16 17 9 17 12
17 9 18 18 11
15 20 11 20 14
11 10 15 13 19
14 5 19 10 11
11 10 20 5 10
12 22 16 22 16
12 7 11 23 13
15 19 9 13 21
12 10 9 13 22
12 16 14 14 14
17 16 23 5 11
17 11 23 13 13
14 14 11 19 11
14 12 15 6 8
12 17 7 9 7
14 5 16 17 24
23 18 9 10 10
11 10 19 13 8
14 19 20 12 23
19 13 9 20 15
12 24 23 17 10
12 18 15 22 17
8 19 14 11 12
9 9 7 8 11
14 20 11 7 19
16 14 15 12 16
17 9 11 10 13
5 23 12 12 8
19 14 18 18 22
15 15 15 12 8
14 9 19 9 12
24 17 24 21 19
20 19 11 16 12
14 9 16 13 16
15 6 8 13 12
19 17 19 20 12
15 12 10 18 18
21 16 11 13 13
18 20 15 17 20
19 18 20 18 15
11 11 14 22 18
12 21 17 10 9
15 14 14 17 14
20 5 12 15 26
6 16 14 11 18
16 5 13 14 26
10 19 17 18 16
16 12 11 20 17
13 6 13 10 15
19 18 14 6 15
10 12 5 8 22
9 18 17 11 18
14 18 21 11 12
10 18 12 19 14
9 13 15 24 23
14 16 22 25 15
16 18 15 11 14
16 25 20 12 12
16 15 18 8 23
10 11 23 19 21
17 11 18 6 26
10 11 25 10 15
20 20 12 7 15
17 8 15 12 16
15 18 18 12 17
10 20 6 20 13
9 10 21 13 13
8 5 12 19 12
15 16 12 11 18
18 12 12 18 15
22 12 16 20 14
9 6 9 20 8
14 14 11 10 23
13 7 19 16 8
17 12 15 9 17
9 18 19 9 15
19 8 11 14 15
12 12 16 13 14
12 10 8 21 12
16 7 11 12 26
20 12 21 11 14
14 14 16 11 18
19 12 16 9 18
17 5 18 11 13
18 13 9 13 16
13 10 17 16 11
9 12 17 14 14
18 10 20 11 10
14 12 13 17 9
16 9 16 17 13
6 14 8 23 8
13 11 6 20 19
11 14 26 13 12
13 19 18 10 10
7 18 13 15 19
17 11 19 20 8
23 14 10 18 9
20 14 23 18 20
7 18 12 8 13
15 14 10 22 16
7 6 8 8 7
7 16 13 8 7
15 23 13 12 20
9 23 8 9 23
11 17 11 18 5
15 7 8 5 18
9 11 19 18 15
22 11 23 12 8
18 21 10 25 16
17 6 23 20 15
16 14 18 15 17
15 17 16 24 18
15 12 22 15 10
12 22 22 8 12
22 11 10 13 17
17 15 10 12 12
6 14 14 17 18
14 10 22 17 16
9 16 17 24 19
21 14 6 16 15
14 18 18 12 25
15 18 18 18 25
12 11 20 12 18
12 12 17 14 13
19 9 13 15 11
20 9 16 14 12
12 26 10 11 13
5 17 15 16 20
16 22 18 9 16
18 11 14 16 13
14 14 12 18 19
12 13 11 12 17
22 15 18 15 15
17 21 16 11 24
14 21 8 14 18
15 15 18 23 16
10 13 11 11 12
18 16 22 14 24
16 17 13 14 13
16 12 8 18 7
14 21 6 6 11
9 14 7 18 16
8 15 14 18 16
10 14 13 18 12
18 20 19 22 9
12 10 18 17 19
6 16 10 21 18
6 16 19 19 19
14 13 11 15 16
13 12 13 22 8
14 20 12 14 10
19 19 14 19 11
11 14 16 12 16
6 17 23 14 14
21 20 20 21 12
12 14 17 13 6
12 8 14 18 11
14 17 13 20 25
13 21 11 20 13
13 18 14 23 14
11 5 13 15 10
10 12 17 12 13
17 11 12 15 10
9 12 7 23 20
10 20 7 9 15
13 21 16 17 22
16 12 22 24 7
11 18 15 7 23
21 10 15 17 5
21 16 9 11 5
15 25 12 18 18
10 18 26 12 7
17 21 17 10 20
11 22 16 10 7
22 7 14 12 7
13 13 23 20 9
11 20 10 21 14
10 16 10 12 9
15 6 7 15 6
14 7 17 9 14
11 13 10 13 17
18 9 16 11 17
17 11 15 7 22
13 17 21 13 5
13 9 16 7 17
15 15 17 16 11
14 9 16 18 11
14 20 8 9 17
13 16 12 13 14
13 13 13 12 7
23 8 21 18 11
19 9 22 13 11
14 12 25 16 16
23 15 24 10 18
12 19 12 18 14
9 16 17 16 22
8 14 26 20 14
14 16 9 16 10
14 14 19 20 9
9 10 12 12 17
9 8 17 20 20
14 18 14 19 16
12 23 12 7 16
14 11 20 11 15
14 9 10 18 17
15 14 11 14 19
19 12 11 8 12
15 17 17 11 14
12 12 23 22 17
9 8 13 17 12
16 10 19 17 9
14 18 11 14 20
15 13 13 23 13
9 9 23 17 11
12 8 20 16 14
20 22 6 23 21
16 20 21 18 14
19 19 18 11 14
23 17 18 10 9
12 17 10 21 10
16 22 8 14 12
12 9 9 10 14
12 13 20 15 13
18 12 6 25 13
17 11 18 12 13
7 12 15 13 23
11 19 15 13 13
24 15 18 15 7
17 18 13 16 16
18 22 18 21 8
13 11 11 19 14
11 12 18 21 15
17 19 16 18 23
16 18 14 12 17
8 14 12 6 16
9 16 9 19 19
17 14 16 16 7
25 13 6 19 15
12 16 15 13 5
13 15 9 20 17
11 15 15 15 14
23 19 20 23 12
24 9 12 23 21
15 10 12 15 25
13 11 15 15 11
10 14 11 9 11
20 19 22 16 15
16 7 12 11 8
22 13 13 12 17
17 11 13 24 11
9 12 12 8 9
9 12 18 11 10
22 15 23 15 15
14 17 10 14 17
19 16 15 23 17
10 13 22 8 12
16 11 18 8 18
7 20 6 16 11
8 11 13 9 26
17 14 14 20 12
7 12 20 14 12
16 5 14 14 17
14 15 9 22 20
7 18 13 13 20
12 13 12 8 8
12 16 25 18 15
20 11 17 19 20
14 15 12 25 8
10 8 15 9 15
11 8 18 21 16
15 8 17 13 11
12 13 16 8 17
19 23 17 19 20
7 17 10 17 20
16 19 14 12 18
11 24 16 14 11
9 15 17 20 21
9 14 11 9 14
9 9 13 19 23
22 17 13 24 11
16 21 16 23 13
7 22 19 13 18
13 12 10 8 9
19 12 25 9 13
11 17 20 11 10
18 21 8 25 20
13 8 8 14 13
10 13 14 12 18
20 13 16 20 13
19 21 12 13 15
14 10 18 12 5
15 14 10 15 20
11 12 11 13 18
17 15 7 14 13
20 11 9 14 13
14 26 12 22 8
7 15 7 16 18
16 14 7 19 12
9 20 7 17 14
18 16 14 15 14
8 16 16 16 12
13 9 13 14 8
22 5 16 20 18
13 16 9 17 19
10 6 26 14 15
18 14 19 15 18
8 13 7 15 17
13 14 11 15 16
16 13 11 17 13
13 6 16 6 16
12 13 10 7 14
10 17 21 14 22
13 16 11 8 14
19 13 18 18 14
14 14 9 11 11
8 18 9 25 18
26 20 17 7 16
18 17 12 12 24
8 15 8 12 22
17 9 15 15 17
15 20 17 15 19
23 23 17 11 14
12 11 25 19 22
22 10 14 16 16
9 12 11 20 21
14 8 10 10 7
18 7 16 12 13
22 14 12 17 20
17 19 15 6 15
11 18 17 9 5
21 14 16 15 21
24 7 15 16 12
21 14 16 17 13
22 20 15 8 16
13 10 20 11 11
10 18 12 9 20
12 19 16 8 10
12 13 11 23 14
13 16 23 19 14
12 10 11 22 14
25 22 19 14 10
17 9 14 12 10
13 22 8 10 12
8 17 12 10 10
9 15 8 12 15
19 9 18 8 15
16 22 22 17 10
15 9 8 9 20
18 15 14 10 10
13 15 17 15 18
11 26 18 24 16
11 25 15 13 10
20 19 8 20 16
7 21 19 14 21
25 13 21 20 8
17 19 11 16 7
26 6 18 17 8
13 12 11 13 23
15 13 6 10 16
10 13 14 6 15
22 26 14 18 7
19 10 17 21 11
12 16 12 8 15
23 14 17 12 22
21 18 12 8 14
11 14 11 13 12
11 6 15 12 15
19 10 26 9 14
11 13 15 23 11
17 8 14 16 16
18 26 17 18 13
15 17 6 11 9
15 20 18 20 20
10 22 14 13 11
22 17 20 16 20
18 24 16 16 9
7 21 22 19 16
23 10 10 13 9
9 15 19 23 23
21 19 14 16 19
12 10 13 13 14
14 18 18 11 6
15 15 12 15 15
25 18 11 16 9
11 20 22 23 18
21 10 22 13 5
18 5 6 13 17
10 22 24 10 15
16 16 16 14 19
11 14 25 14 10
13 17 14 16 11
12 19 13 21 13
8 19 7 11 8
12 18 9 17 8
21 14 21 14 13
13 7 6 13 11
16 13 7 22 14
9 13 14 10 15
11 12 19 8 22
11 12 19 24 13
14 7 13 9 13
23 19 20 15 20
9 13 12 9 9
11 10 16 16 15
14 21 16 12 17
10 19 7 26 13
20 18 17 9 12
12 10 10 16 15
18 11 8 13 19
12 13 11 21 14
17 17 16 12 13
20 20 15 22 17
16 13 19 17 9
16 14 10 22 18
12 16 14 18 15
6 11 12 5 21
18 17 10 14 14
21 14 11 17 8
19 24 18 11 16
16 7 16 24 24
11 18 14 15 22
12 11 21 14 6
19 17 14 7 17
7 11 25 19 19
17 11 10 17 12
17 23 17 10 18
14 17 10 16 12
17 15 15 7 15
8 18 16 16 20
16 13 15 18 22
13 13 22 11 13
6 18 26 15 15
22 19 11 16 13
15 15 12 11 16
16 21 18 23 17
13 8 10 7 12
20 10 14 11 24
13 18 20 15 10
9 10 13 15 9
7 18 18 16 16
12 13 15 15 18
14 15 12 14 23
17 7 14 9 16
18 8 14 14 11
10 16 18 10 15
14 10 17 7 6
6 15 11 14 14
16 19 11 24 11
26 12 17 9 15
10 14 22 16 13
12 13 11 18 10
8 21 13 17 19
20 15 9 21 24
19 9 16 12 13
10 14 18 11 16
14 17 13 18 12
9 26 18 11 10
16 7 13 12 14
22 22 9 11 21
26 12 12 14 14
16 19 19 13 16
13 19 12 17 11
21 9 14 13 8
14 14 22 22 7
11 12 19 16 10
12 16 10 12 19
13 6 13 25 25
11 12 10 9 7
11 25 24 11 23
11 13 12 8 11
11 19 18 16 21
21 17 21 11 17
17 25 10 26 9
20 13 6 7 18
18 19 7 23 17
9 7 15 13 12
7 15 17 6 19
14 20 13 15 8
9 12 21 12 14
19 16 12 24 15
11 12 11 9 10
19 6 13 21 14
23 18 16 13 20
21 16 18 13 15
8 12 10 20 10
17 9 17 15 6
9 15 15 11 10
19 12 11 8 14
22 17 19 18 12
6 15 15 9 24
26 13 15 18 17
13 12 16 14 8
15 10 13 15 11
20 16 19 15 9
15 15 18 12 12
14 12 14 14 25
12 10 13 23 19
18 13 11 15 21
20 8 7 9 13
16 17 8 19 14
20 18 15 16 24
15 9 13 14 9
18 14 11 14 22
8 9 16 11 7
12 8 16 11 8
18 18 22 10 22
20 21 7 15 10
18 25 17 13 17
10 8 8 13 15
20 17 16 16 12
15 8 13 19 15
19 20 16 10 7
8 16 19 13 11
14 16 5 6 15
13 14 10 11 12
20 18 8 25 13
12 19 18 8 6
23 20 9 13 15
14 16 19 14 11
5 25 21 10 16
13 9 17 15 19
14 12 18 11 18
10 22 10 14 8
10 13 9 13 16
14 8 15 16 16
5 12 21 11 11
12 12 20 12 16
21 14 15 12 13
14 24 17 12 9
7 11 19 13 20
12 18 14 12 5
18 9 21 8 13
13 19 16 18 8
15 18 15 16 12
20 23 6 9 9
10 20 13 17 18
18 19 17 6 17
16 20 26 15 22
22 26 13 20 18
12 9 14 21 11
14 13 24 17 13
11 20 12 14 8
15 10 16 16 12
12 6 9 12 9
7 10 20 17 16
11 9 25 23 13
12 11 14 16 14
23 16 24 15 23
7 9 12 10 11
15 14 12 22 13
17 11 8 13 16
11 17 17 9 16
9 9 11 6 15
11 13 23 20 23
23 20 17 17 6
13 19 14 22 11
12 20 18 21 20
13 9 12 9 21
16 20 14 22 17
13 9 14 6 9
18 13 5 10 19
15 15 17 13 19
19 7 13 16 13
9 14 12 17 13
8 26 19 14 19
20 20 16 21 13
14 23 11 19 10
10 15 14 9 9
17 5 18 16 21
17 8 7 11 13
19 15 17 11 21
18 13 17 19 9
13 11 10 15 19
6 7 15 23 11
11 23 16 15 18
12 15 25 25 14
12 23 12 9 11
8 6 19 13 22
8 12 5 24 5
10 15 9 13 17
14 17 11 9 12
16 23 12 9 20
21 8 8 15 10
19 17 15 22 20
14 14 18 14 14
16 22 8 23 8
19 7 9 16 23
8 24 14 13 17
16 12 12 21 7
17 6 24 12 13
18 22 17 15 12
15 7 14 9 15
11 9 10 17 13
14 16 9 11 18
11 10 9 17 13
13 7 17 15 16
18 5 21 13 11
17 16 14 21 18
15 23 13 10 14
16 21 19 11 20
12 15 14 12 21
19 10 15 18 13
14 6 13 13 11
14 12 16 15 13
26 9 17 21 14
16 6 12 10 9
21 24 11 14 24
19 22 26 10 14
21 7 9 22 21
10 14 16 9 14
11 23 15 13 20
6 18 17 16 16
17 10 17 12 12
9 11 19 5 16
9 5 7 11 22
14 19 18 23 12
19 11 12 24 11
20 19 13 5 17
15 9 13 15 9
12 13 23 12 15
17 13 13 10 25
15 14 12 20 12
15 11 16 13 10
14 17 21 13 11
16 16 15 17 24
8 14 14 8 17
12 14 19 15 12
16 13 13 13 5
10 14 20 16 20
16 17 14 5 10
8 7 11 10 16
16 16 10 19 13
20 21 5 19 14
19 19 19 17 10
11 8 14 11 14
20 10 10 20 21
13 14 23 14 9
16 13 13 10 22
14 17 11 12 25
20 10 13 8 12
9 14 13 22 13
25 11 13 17 22
13 21 12 18 13
23 8 11 21 21
5 20 9 22 12
23 10 17 17 16
20 11 10 12 23
20 13 7 17 15
25 8 20 18 8
17 15 21 8 13
13 8 15 13 8
12 11 7 16 10
16 13 6 8 11
25 15 14 6 16
24 17 17 12 25
12 20 13 12 18
14 8 20 17 15
10 16 11 10 19
18 5 14 12 26
6 11 11 13 21
13 17 9 14 19
16 16 10 21 23
15 25 11 16 11
23 20 17 12 23
13 8 11 11 15
18 11 7 23 17
13 13 24 12 17
19 11 16 10 15
14 8 13 13 13
18 23 7 13 6
9 21 15 15 7
13 12 23 12 14
6 13 13 13 10
10 16 15 21 16
13 14 17 24 13
24 19 16 12 12
13 12 18 16 13
14 16 12 16 14
13 14 18 12 7
12 13 11 17 7
19 7 13 24 18
12 22 18 9 16
24 21 7 15 12
18 13 15 26 16
21 23 23 13 17
14 20 12 11 18
8 15 15 26 17
12 14 13 22 23
10 18 16 19 8
12 15 13 12 11
12 17 8 15 8
17 13 14 12 20
11 15 19 23 9
16 12 22 24 5
9 23 6 14 5
8 17 21 14 18
12 11 17 14 18
8 13 17 13 11
8 10 12 19 9
21 20 10 18 13
10 14 10 19 23
21 9 15 12 10
21 9 22 11 10
24 5 18 24 16
11 11 8 21 13
26 17 21 21 14
7 17 17 22 13
23 16 12 19 15
19 19 13 22 9
9 15 17 17 15
12 12 18 17 9
14 15 19 15 9
22 12 22 11 12
11 14 14 18 9
19 11 8 17 14
15 16 20 16 10
13 7 15 17 10
11 7 7 18 14
9 8 23 9 12
15 16 21 9 9
10 15 18 13 19
9 21 19 17 15
16 17 13 8 10
10 13 14 9 21
10 13 13 14 17
10 16 16 16 16
20 10 24 20 7
13 12 17 12 15
9 14 22 20 11
17 12 21 21 15
25 11 15 7 10
5 16 9 16 18
24 6 9 18 11
17 17 10 14 16
18 11 11 6 17
11 7 16 14 14
20 9 11 15 18
13 24 14 19 6
11 20 5 15 26
11 20 14 16 21
13 20 10 12 18
10 24 11 17 12
20 20 10 21 18
12 15 17 20 22
14 22 19 9 10
14 8 13 9 9
17 21 11 5 13
9 14 25 15 6
19 18 10 11 7
16 19 9 17 7
5 16 20 15 15
11 16 16 18 23
21 17 25 10 6
10 13 16 9 13
20 20 16 12 12
17 15 11 14 8
16 14 15 15 22
8 15 12 17 18
16 17 24 20 19
25 20 16 19 5
8 22 12 12 16
10 20 14 12 25
22 16 10 15 10
12 25 9 19 16
18 12 18 12 14
6 10 20 10 8
9 26 18 19 15
24 14 24 15 16
19 26 13 21 7
16 6 20 13 16
16 15 16 14 9
13 14 21 20 21
9 12 11 12 7
26 14 14 9 11
15 13 19 20 12
11 19 22 14 13
19 12 11 20 14
19 9 20 13 18
7 5 16 24 19
18 26 19 13 14
9 14 9 16 11
22 20 16 11 16
17 18 8 13 14
18 18 10 18 14
21 13 18 7 12
25 15 23 8 12
6 12 6 10 22
25 21 12 11 12
10 11 16 18 18
12 9 21 19 13
7 14 15 16 13
14 14 18 9 19
17 12 9 11 11
16 13 7 13 13
17 13 21 20 21
22 21 8 19 17
24 23 17 14 21
15 11 14 12 19
8 14 17 12 12
13 14 10 9 17
18 14 18 20 21
12 20 16 22 12
14 9 6 12 19
13 12 24 13 12
15 17 15 20 12
12 13 13 16 25
16 11 13 9 17
14 15 15 21 15
13 13 12 20 17
12 13 18 12 12
8 13 12 25 12
10 20 17 22 12
16 16 23 13 7
12 15 9 13 11
18 17 16 9 15
13 12 7 14 13
14 24 8 14 8
17 15 26 15 13
10 11 11 24 20
13 12 9 26 11
14 12 11 8 12
9 9 21 14 16
24 17 12 19 16
17 10 15 10 16
13 13 16 12 14
14 18 10 21 16
16 12 8 18 12
12 10 24 5 16
10 8 25 15 8
15 12 10 23 23
21 17 9 20 17
17 15 20 15 13
10 18 10 17 7
14 11 14 12 9
22 14 9 13 14
14 13 20 15 14
16 13 8 5 17
9 14 15 17 14
14 12 24 19 11
24 22 15 16 6
23 20 16 17 7
13 11 21 19 17
18 19 17 16 22
14 23 5 13 19
12 20 14 13 9
15 11 13 8 19
10 15 14 19 20
16 21 9 12 16
13 14 22 18 11
8 6 17 8 7
16 16 19 11 14
19 19 12 14 20
11 22 22 10 20
19 17 20 15 14
6 20 6 14 21
14 14 21 20 20
12 5 5 15 6
20 18 10 23 16
17 14 23 13 11
23 9 14 18 18
15 21 22 10 23
8 12 16 14 9
12 9 8 22 15
11 13 18 14 17
11 21 22 18 19
11 11 20 18 16
19 21 20 15 14
12 15 12 9 12
21 5 21 13 22
11 15 16 26 10
18 10 11 21 16
11 20 20 11 13
9 10 12 15 11
8 17 22 23 11
19 22 19 14 22
10 11 5 13 19
16 17 23 20 7
18 16 12 18 22
19 15 11 13 15
18 17 17 11 16
15 14 23 16 13
11 7 10 13 12
17 13 23 19 20
18 13 23 10 6
6 17 11 20 17
15 11 19 10 15
13 19 16 7 7
12 11 9 9 18
16 13 14 14 11
25 10 20 14 10
11 15 25 12 23
16 14 10 11 19
13 10 20 21 10
10 7 16 18 18
11 12 19 10 6
18 15 14 10 10
24 16 17 18 23
15 12 22 10 6
9 11 13 7 12
15 10 19 25 11
17 21 14 21 15
13 17 23 16 16
13 21 15 10 14
13 9 25 8 23
9 14 24 16 19
14 13 16 14 15
19 18 23 9 11
20 11 12 24 11
20 23 13 16 14
15 19 16 10 18
8 15 8 10 24
12 16 8 11 23
9 6 18 24 12
14 6 11 15 19
14 15 5 9 19
15 20 15 14 21
6 8 11 12 19
22 16 10 10 7
20 11 15 23 14
13 16 19 17 7
12 9 19 16 14
11 17 14 15 11
8 15 22 19 17
16 5 20 21 11
9 25 15 14 25
9 11 13 21 6
7 22 12 6 13
22 12 19 13 12
22 5 22 10 13
25 14 25 16 10
16 13 6 8 15
20 21 23 11 12
14 21 10 23 14
7 17 5 16 10
11 6 24 7 11
14 23 23 20 10
22 14 20 14 15
19 11 26 13 16
10 20 19 12 12
13 26 14 17 16
11 13 10 16 14
10 17 18 12 10
17 12 20 22 15
23 15 10 11 18
5 17 17 21 14
8 7 11 16 10
11 12 7 11 9
24 14 22 8 10
17 11 14 11 17
11 18 16 18 20
15 9 13 20 15
13 15 18 13 10
10 12 12 8 13
20 22 10 10 11
19 10 11 8 13
13 20 7 11 13
11 13 11 18 13
14 9 11 12 19
8 12 25 19 12
21 10 11 15 18
7 17 13 19 14
15 8 14 18 18
7 23 10 10 9
11 10 11 19 23
13 17 10 18 11
12 26 14 13 13
8 17 5 19 13
11 19 13 24 13
18 18 14 16 25
15 14 10 14 19
16 16 21 19 15
17 13 14 12 19
19 10 8 15 9
11 21 14 12 19
17 15 11 10 15
17 15 16 13 15
14 14 19 18 18
11 21 10 14 13
7 20 15 7 19
11 19 17 16 14
21 11 12 10 10
12 19 14 9 9
10 22 12 10 12
15 13 20 10 15
21 12 10 14 18
12 12 16 24 15
16 11 6 5 18
16 13 10 17 16
15 13 8 12 8
8 25 25 22 23
21 13 5 8 18
19 20 14 16 15
14 8 11 16 6
15 17 9 11 15
9 12 11 11 22
15 15 13 20 16
10 21 10 14 7
7 10 10 12 12
8 13 11 13 20
11 14 15 10 18
5 11 19 14 18
9 10 13 21 10
7 15 8 11 13
24 14 15 9 12
14 19 21 6 16
21 9 17 21 13
8 14 17 15 14
9 23 15 14 25
8 19 12 12 14
7 9 24 7 12
19 21 6 12 16
15 19 17 17 11
16 13 7 7 13
23 19 16 7 10
24 17 12 21 23
15 7 10 13 11
17 16 8 9 9
11 18 11 15 11
19 18 11 14 12
13 10 10 11 16
24 19 8 15 18
20 20 15 8 16
15 16 21 13 15
18 7 7 9 15
26 9 16 20 21
12 20 12 8 17
22 26 23 6 16
11 14 9 7 21
21 15 16 15 21
11 9 16 15 9
12 23 21 23 15
14 9 12 12 6
14 9 11 11 16
16 13 15 16 11
14 17 25 10 11
14 14 19 15 16
11 17 13 15 14
14 12 16 7 5
11 11 16 14 10
9 10 20 14 8
15 17 10 12 14
16 10 18 15 19
9 13 5 15 7
22 14 11 12 15
21 18 13 9 15
13 12 12 17 9
14 11 10 14 7
12 10 12 18 11
14 19 10 17 17
16 11 16 14 18
9 10 16 10 15
19 12 6 20 14
19 16 25 21 17
16 12 12 16 21
23 20 10 9 18
21 7 12 9 19
26 9 9 9 11
7 14 17 8 10
19 12 13 9 8
22 11 9 15 20
8 17 19 11 18
15 8 12 23 23
17 19 19 23 25
7 11 11 18 18
13 5 8 21 18
7 19 20 20 16
9 21 21 20 14
17 5 14 15 6
14 14 14 11 18
15 9 8 19 12
7 22 11 15 9
19 21 7 10 13
18 6 16 17 24
20 18 24 10 12
6 9 25 5 18
14 12 12 9 8
9 11 23 10 6
10 10 20 19 12
14 8 13 12 12
18 16 17 26 17
15 20 14 24 17
21 19 13 19 25
13 8 6 16 17
12 19 5 21 13
6 21 18 17 16
9 13 13 20 13
14 16 10 17 25
12 9 17 15 18
13 14 14 9 12
7 8 18 15 10
10 14 11 19 10
16 9 14 18 20
11 8 12 11 12
19 17 10 9 17
6 11 20 15 12
15 10 13 9 13
10 15 8 16 16
14 5 24 24 15
10 14 17 14 18
6 12 18 13 13
20 5 10 14 24
15 20 14 10 14
21 18 14 12 7
12 22 18 16 17
10 11 19 6 16
12 10 7 16 7
16 26 15 12 19
22 12 13 18 11
9 11 14 22 20
16 15 12 17 16
14 20 18 17 10
21 14 8 15 13
10 10 19 20 20
15 21 13 18 13
9 15 14 15 16
22 19 21 12 21
12 10 15 20 9
16 9 17 21 15
12 10 15 11 11
17 13 24 18 15
16 17 7 12 10
21 23 15 18 24
25 8 19 17 13
17 13 12 11 11
11 22 12 15 21
24 20 17 8 15
17 15 19 13 16
11 13 22 13 15
20 13 15 15 15
15 15 21 17 20
9 11 16 14 19
14 15 19 16 15
20 8 26 26 9
14 12 19 18 11
13 16 9 22 9
16 9 26 18 11
12 22 12 14 18
10 15 15 16 12
15 17 16 13 16
11 13 16 21 13
15 16 14 19 25
9 6 13 11 17
13 20 14 14 19
20 9 6 8 18
19 15 13 25 9
12 17 21 20 17
17 16 18 21 19
22 20 10 9 19
24 12 11 19 7
26 14 18 19 7
10 10 11 14 6
16 11 13 20 16
20 14 14 15 9
10 12 16 11 8
9 18 11 12 20
14 13 15 13 17
14 10 17 5 17
22 11 13 25 21
6 23 10 14 23
8 19 7 9 20
8 13 16 15 17
12 15 18 13 13
19 8 13 15 18
12 11 7 7 17
13 13 17 10 19
10 23 9 14 10
15 10 7 9 11
20 18 22 19 18
12 15 10 19 13
14 16 17 20 10
25 14 14 24 7
15 22 10 9 17
8 19 14 12 14
20 9 15 13 18
17 12 23 15 14
17 16 23 14 8
5 10 20 18 11
11 19 10 10 10
7 12 10 6 14
25 18 18 12 21
11 12 23 14 19
17 15 15 17 12
16 8 17 15 9
9 23 22 12 13
6 8 20 13 17
18 15 12 25 12
18 19 19 18 10
7 13 15 11 6
16 10 14 17 11
16 21 20 20 21
26 10 19 8 20
12 11 13 8 10
5 16 19 21 11
13 14 17 12 9
16 12 16 13 11
15 15 22 15 17
16 17 10 10 13
17 15 17 19 14
12 19 16 22 20
8 20 14 9 14
19 16 13 15 14
19 22 16 21 8
8 13 15 12 15
13 22 8 15 21
13 25 13 10 14
5 13 23 22 15
13 21 20 15 15
14 16 22 14 15
13 19 19 11 23
10 8 13 24 21
8 8 17 16 17
16 11 16 23 15
16 18 14 25 6
12 19 24 17 10
16 22 14 21 22
26 18 14 8 12
16 13 8 25 12
14 18 18 14 15
17 16 16 17 7
14 15 12 14 17
7 13 17 13 15
11 14 15 19 26
12 7 9 14 24
22 11 14 15 13
18 11 6 10 8
5 14 13 10 20
18 7 18 18 26
15 8 7 21 6
15 14 16 12 16
14 22 13 15 5
12 20 7 13 17
13 17 5 14 12
18 12 23 19 11
6 13 11 19 24
13 12 16 14 21
14 13 19 8 19
25 7 10 16 20
13 10 13 11 15
16 15 7 24 12
6 13 6 15 11
12 11 18 13 18
12 17 7 8 26
24 12 16 7 13
11 24 8 14 18
7 16 18 16 10
16 11 22 6 17
11 8 23 15 7
18 26 15 23 15
15 7 6 22 9
13 15 9 9 5
10 9 5 13 21
14 19 11 25 14
10 16 14 15 18
16 16 19 5 11
11 12 12 11 11
11 11 14 10 20
10 21 13 10 13
17 7 15 17 24
11 10 13 8 16
16 5 12 13 18
18 16 8 15 13
15 6 18 14 13
13 17 13 15 19
20 17 19 15 13
12 15 10 8 15
15 8 11 10 7
14 24 19 11 15
10 25 15 9 15
15 17 19 10 9
12 13 9 17 7
22 7 20 13 23
15 15 10 22 17
24 13 16 13 12
15 22 13 15 13
7 19 12 12 11
