14 3 15
697 1061
460
890 1763 2310
876 1715 2449
838 1466 2231
850 1682 2150
741 1532 2233
799 1516 2314
893 1466 2194
755 1666 2342
739 1761 2457
804 1696 2252
865 1668 2141
789 1637 2483
763 1718 2500
818 1646 2582
168 104 151
118 167 133
122 159 169
194 177 117
178 149 156
104 190 188
160 193 112
106 123 135
124 140 173
193 188 190
181 150 181
137 113 118
165 128 190
117 163 166
146 77 73
11 10 15
16 17 10
10 22 14
19 14 12
15 9 12
18 24 5
16 22 15
11 23 18
11 10 23
3 18 10
11 20 31
13 18 20
13 9 11
18 16 9
