14 3 15
340 1083
709
799 1263 2172
735 1182 1978
760 1133 2243
844 1272 2122
736 1124 2125
788 1271 2204
882 1295 1916
740 1357 1930
810 1281 2154
754 1312 2281
838 1252 2309
863 1253 2185
768 1241 2111
737 1220 1938
185 169 140
190 171 182
105 148 144
116 130 162
116 182 123
138 181 197
188 185 167
179 164 128
140 162 128
158 157 132
105 174 174
180 142 193
119 195 176
186 189 192
69 93 58
10 14 15
19 11 14
17 13 14
12 14 20
12 26 15
14 18 4
17 10 11
19 20 20
22 14 12
12 11 17
10 12 19
13 21 10
5 12 12
21 18 7
