14 3 15
423 993
545
881 1451 2063
790 1514 2210
821 1379 2317
784 1369 2217
846 1414 2105
824 1490 2066
796 1480 2438
879 1360 2467
866 1366 2366
866 1439 2061
859 1304 2072
739 1303 2371
857 1387 2240
807 1443 2222
136 153 156
197 178 186
116 129 120
137 147 198
125 147 121
172 156 110
108 195 133
108 113 123
171 158 134
148 133 188
200 129 116
116 106 116
196 191 154
193 153 176
33 97 94
9 18 14
9 20 16
15 14 13
13 7 21
19 16 10
13 17 19
16 6 28
10 13 9
17 15 17
13 11 6
22 8 15
11 14 3
14 35 11
5 18 8
