14 3 15
388 1123
697
841 1303 2176
881 1403 2233
871 1324 2241
817 1563 2192
733 1519 2039
790 1412 2059
786 1466 2138
868 1422 2340
775 1436 2366
863 1457 2322
807 1481 2339
772 1341 2344
743 1391 2183
828 1542 2336
121 161 116
151 144 199
185 132 195
171 106 140
159 148 127
186 153 109
197 136 184
182 180 156
141 178 195
194 122 139
134 166 175
142 145 199
124 125 179
187 183 159
114 153 26
16 9 19
13 18 12
13 15 3
20 14 12
17 13 19
16 7 18
18 19 8
10 10 11
14 9 28
13 22 21
16 9 12
17 10 7
9 15 25
21 13 17
