14 3 15
380 1367
1148
760 1175 2439
791 1181 2369
871 1286 2226
803 1300 2424
867 1383 2452
908 1206 2551
818 1311 2315
774 1191 2131
787 1268 2135
827 1195 2171
830 1205 2141
842 1274 2422
759 1300 2336
771 1254 2283
126 168 132
153 144 148
118 101 137
178 157 155
162 109 107
161 198 121
143 112 121
166 199 110
151 140 117
171 192 166
174 127 144
121 115 199
118 164 102
162 109 149
66 164 14
20 30 19
12 15 16
20 14 22
15 16 24
17 19 16
20 14 3
26 13 14
35 15 11
9 15 17
14 10 20
17 17 12
26 7 22
9 18 12
19 11 12
