14 3 15
466 1271
1009
897 1449 2677
1075 1713 2954
1066 1460 2868
897 1626 2884
1038 1498 2868
901 1706 3104
1054 1582 3066
949 1653 2844
935 1581 2826
1047 1632 2916
1078 1624 2804
1019 1695 2780
941 1567 2661
992 1566 2664
169 147 110
191 192 141
156 191 133
135 122 174
143 199 178
130 183 181
192 199 156
167 197 108
116 132 130
189 172 177
129 145 152
150 164 181
168 184 132
167 128 132
190 30 95
16 10 14
5 15 16
17 18 8
20 8 16
13 10 10
26 19 18
9 6 26
16 22 10
13 12 8
11 9 12
19 15 20
18 15 12
12 15 12
19 10 21
