14 3 15
326 907
515
555 907 1543
508 773 1391
469 775 1309
551 901 1518
538 793 1451
501 862 1530
461 863 1374
461 768 1326
490 838 1562
468 782 1400
536 891 1573
517 840 1416
519 882 1462
479 825 1449
154 198 132
174 124 194
179 102 123
120 151 163
142 147 180
121 119 131
112 124 132
103 152 107
136 120 171
163 148 156
112 117 152
137 188 125
174 174 188
126 186 167
91 124 48
23 21 10
18 11 10
13 11 12
21 14 14
21 14 9
17 23 14
12 12 15
19 15 10
22 10 19
11 29 28
10 11 24
9 12 24
5 12 13
14 20 19
