14 3 15
494 1094
731
709 1273 2186
716 1313 1888
705 1296 2025
775 1353 2189
721 1258 2196
743 1297 2132
842 1207 2035
746 1368 2180
706 1398 1907
813 1173 2065
747 1288 1903
831 1407 1860
800 1404 2150
766 1225 1848
120 139 150
159 193 128
108 199 151
180 121 149
103 183 189
154 158 180
119 173 153
112 137 153
171 106 183
140 153 140
164 191 194
200 144 107
194 161 139
174 153 180
116 132 1
14 14 9
6 34 22
9 18 8
12 14 7
12 12 23
22 9 18
18 10 15
8 15 17
12 20 19
10 16 23
11 21 13
23 25 18
15 12 8
9 15 11
