14 3 15
305 1003
853
747 1161 2176
698 1104 1853
755 1191 2023
681 1171 2105
660 1239 1984
745 1138 2251
760 1263 2088
728 1183 1931
678 1142 2228
773 1233 1934
746 1227 2121
786 1283 1925
692 1142 2047
759 1170 2251
136 199 121
137 140 152
131 149 130
193 122 186
120 190 124
128 125 142
164 137 199
156 134 111
146 135 150
197 131 138
194 185 100
147 155 185
144 106 135
125 147 166
46 143 1
11 15 13
9 5 23
19 31 12
17 15 13
13 11 19
11 16 18
11 16 15
5 9 13
18 15 11
17 13 10
17 23 15
21 11 12
22 16 9
21 18 16
