14 3 15
371 909
528
777 1197 1878
743 1112 2140
791 1151 2149
850 1141 1901
832 1256 1943
771 1237 1843
779 1156 1863
735 1192 2092
768 1176 1984
781 1293 1897
724 1259 1927
806 1240 1940
716 1113 2146
840 1087 2027
111 164 164
146 146 105
132 177 194
175 179 126
147 186 125
135 164 191
146 174 101
160 173 120
154 186 145
143 166 180
118 177 156
169 166 200
189 117 160
181 186 126
120 28 80
12 16 13
20 15 14
16 14 13
5 8 19
16 12 18
11 14 12
15 16 10
14 11 16
27 17 16
15 4 18
25 16 16
10 20 12
13 13 20
15 7 14
