14 3 15
559 1038
519
904 1569 2213
804 1558 2154
810 1677 2150
866 1538 2420
783 1712 2104
856 1571 2542
891 1515 2346
921 1640 2285
785 1687 2279
849 1527 2405
917 1772 2314
935 1484 2443
850 1761 2222
819 1525 2307
111 179 152
119 188 142
130 148 177
189 178 132
105 161 176
102 122 140
138 154 185
146 200 170
129 184 114
177 103 166
189 148 178
128 131 142
198 166 133
180 176 111
62 80 105
12 15 16
13 11 10
15 11 10
16 21 14
11 8 18
25 15 9
7 15 11
16 10 18
5 12 13
22 17 14
24 12 13
17 10 18
22 21 20
10 24 9
