7 4 2 1000
543 1259 1651
782 1339
477
879 1454 2321 2990
909 1361 2239 3292
857 1347 2165 3049
842 1273 2064 3208
816 1499 2269 3147
786 1393 2278 3515
824 1426 2218 3064
5 9 8 6
7 6 5 8
5 9 7 6
9 10 8 7
5 8 8 6
10 6 10 8
6 6 10 9
0 9 1 5
0 0 2 0
1 1 0 2
0 1 0 0
0 1 0 0
0 0 1 0
1 1 1 1
1 1 0 0
2 0 1 0
1 0 0 2
0 0 0 2
0 0 0 0
0 0 1 0
1 1 2 1
0 0 1 0
0 1 1 0
0 0 0 2
0 0 0 2
1 0 2 0
4 0 2 0
0 1 0 0
0 0 2 1
0 1 0 1
0 0 1 1
3 2 0 1
1 0 0 1
0 1 0 2
0 2 0 0
0 2 1 1
0 0 0 0
0 0 0 0
1 1 0 0
0 0 0 1
1 1 1 1
0 0 0 2
3 0 0 1
1 0 1 0
0 0 0 0
0 0 0 0
0 0 1 0
1 1 1 1
1 0 0 0
0 1 0 1
0 0 0 1
0 1 0 0
0 1 1 1
3 3 0 3
2 4 0 0
0 3 0 0
0 2 2 1
0 1 0 2
1 1 1 1
0 0 0 0
1 0 0 0
1 0 0 0
0 0 1 4
1 1 0 1
3 1 1 0
2 1 1 0
1 1 1 1
1 0 0 0
0 0 3 0
1 0 0 0
0 0 0 0
0 2 3 0
0 0 2 0
2 1 1 2
3 2 1 0
1 0 1 1
0 0 0 1
1 1 1 1
1 1 0 1
0 2 0 0
1 3 1 1
1 2 1 0
0 0 0 0
1 0 0 3
2 2 1 0
0 0 1 1
0 0 2 0
0 0 0 1
1 1 2 0
0 0 1 1
0 0 0 1
1 0 1 0
0 0 1 0
1 2 2 1
0 1 0 1
1 0 0 1
0 4 1 2
0 0 1 0
0 1 1 0
4 0 0 0
0 0 1 0
0 0 1 0
0 2 1 1
2 0 0 1
1 2 0 1
2 0 1 2
0 2 0 1
2 1 0 0
0 1 1 2
3 1 0 1
0 3 2 0
0 1 1 0
1 0 0 0
1 0 0 1
1 0 1 2
0 0 2 1
1 1 0 0
0 3 0 0
0 3 0 1
1 0 2 0
0 0 1 0
0 0 1 0
0 0 2 3
0 0 1 2
1 1 0 2
0 0 0 0
0 0 1 0
1 1 0 0
0 0 1 0
0 0 0 0
0 0 0 1
0 0 0 1
1 0 0 3
3 0 1 1
0 0 0 0
0 0 2 0
2 0 0 0
1 1 1 1
1 0 1 0
1 0 0 0
1 2 0 2
2 0 0 1
2 1 1 1
0 0 0 0
1 0 0 1
1 0 0 1
0 0 0 1
1 1 2 1
0 0 1 0
0 1 1 0
0 2 0 0
0 1 0 0
0 0 1 0
0 0 1 0
0 1 1 1
0 0 0 2
0 1 2 3
0 0 0 1
0 1 0 0
2 0 1 0
0 0 0 1
1 0 0 0
0 0 0 2
0 1 3 1
1 1 1 1
0 0 0 0
1 0 2 0
1 0 0 0
0 0 2 0
0 0 0 0
0 0 3 1
0 0 0 0
1 1 0 1
1 0 0 0
0 1 2 1
0 0 1 2
3 0 1 1
0 1 0 2
0 1 1 1
1 2 0 0
0 0 0 2
1 0 0 0
0 0 3 0
0 0 2 0
1 1 3 1
0 0 0 0
0 2 0 0
0 0 2 0
0 0 3 0
0 0 1 0
2 2 3 1
0 0 0 1
3 2 0 0
0 0 0 1
2 3 0 0
1 1 0 0
0 0 0 1
0 0 0 1
0 1 1 0
1 1 1 0
0 0 0 1
1 0 1 0
0 0 0 0
0 0 0 1
1 1 0 0
0 1 1 0
0 0 0 1
1 1 0 0
0 0 1 1
0 0 0 0
2 0 3 0
1 0 0 0
1 0 2 0
1 0 0 0
0 0 0 0
0 1 0 0
1 1 1 4
0 0 0 1
0 0 0 2
2 0 1 1
0 0 0 1
1 1 0 0
0 1 2 0
0 0 1 1
0 1 0 0
1 1 0 0
0 1 1 1
4 1 0 1
0 0 1 0
3 0 1 0
1 2 0 0
0 0 0 1
1 0 0 0
0 0 0 0
1 0 0 1
0 0 0 0
1 0 1 0
0 0 1 2
0 0 0 2
1 0 2 3
0 2 0 0
0 4 0 1
1 0 0 1
2 1 0 0
0 0 0 1
1 0 1 2
0 0 3 0
0 0 2 1
0 3 0 0
0 3 0 2
0 2 1 2
0 0 0 0
1 0 0 2
2 2 0 0
2 3 1 0
0 1 0 1
4 1 1 2
1 0 0 0
0 0 0 1
0 1 1 0
1 1 1 1
0 0 1 0
3 0 2 1
0 1 0 0
0 2 0 2
1 0 0 0
1 0 1 0
0 1 0 0
0 0 1 0
0 0 0 1
1 1 0 3
2 1 0 0
0 1 1 1
2 0 0 0
0 1 1 0
0 1 1 2
0 1 0 0
0 0 1 0
2 0 0 0
0 0 0 2
1 0 0 0
0 0 0 1
2 0 1 0
0 1 0 0
0 0 0 1
0 0 0 1
0 0 0 0
1 2 0 0
1 2 0 1
1 2 2 2
1 0 0 3
1 0 0 1
2 0 1 1
0 0 4 0
0 0 1 4
0 2 2 2
0 1 0 0
3 0 0 0
1 0 1 0
0 0 0 1
2 3 4 0
0 1 0 0
0 0 1 0
0 2 0 0
0 0 0 0
0 2 0 1
1 1 1 4
2 3 0 0
0 0 1 1
1 3 0 3
0 0 0 1
0 2 1 0
0 1 1 0
1 1 3 0
0 1 0 0
0 1 3 0
0 2 0 1
0 0 2 0
2 3 1 0
0 0 0 3
0 1 0 1
0 0 1 0
2 1 1 0
0 0 0 0
0 1 0 0
3 0 0 0
1 0 1 1
0 0 0 0
1 0 0 3
0 0 0 0
0 1 0 0
1 0 1 0
2 3 1 2
1 1 0 3
1 2 2 1
0 0 0 0
1 1 0 2
0 0 0 0
0 0 0 1
0 2 0 0
2 1 0 1
1 4 0 1
0 1 0 2
0 0 1 0
0 1 0 0
0 0 0 0
1 0 1 0
0 2 0 2
1 0 0 0
1 1 0 1
2 1 1 1
0 0 1 0
0 1 0 0
0 2 1 0
2 0 1 0
1 0 0 0
0 1 1 0
0 0 1 0
2 1 1 1
1 0 0 0
2 0 1 0
1 1 2 0
1 3 2 0
0 4 0 1
4 1 2 1
0 0 0 0
2 2 1 0
0 1 0 0
0 0 0 1
2 0 2 0
0 0 0 0
1 0 1 1
1 0 0 0
0 2 0 0
0 1 0 1
0 2 2 0
2 1 2 2
1 1 0 0
0 1 1 3
0 0 1 0
3 1 0 0
0 0 1 0
1 3 1 0
0 0 2 1
0 1 1 0
0 1 0 0
1 0 1 1
0 2 2 0
0 1 0 0
0 0 0 0
1 0 3 0
0 0 0 1
0 0 1 0
0 1 0 2
2 0 0 1
0 0 1 3
1 1 3 0
0 0 0 0
2 1 0 0
1 0 0 0
0 0 1 1
0 0 0 0
1 0 0 1
0 1 0 1
0 0 1 1
3 2 0 2
0 1 1 0
0 0 0 1
0 4 0 0
0 2 0 0
1 0 0 4
0 1 1 0
0 1 2 0
2 0 0 1
2 2 2 1
1 2 1 3
0 0 0 1
1 0 1 0
0 1 1 0
1 1 0 0
1 0 2 2
0 0 1 0
1 1 2 2
1 1 2 1
3 1 1 0
0 3 1 0
2 1 0 2
1 0 2 0
0 0 0 3
1 0 0 1
1 0 0 0
0 0 0 0
0 0 0 0
1 0 0 2
0 0 3 1
0 0 0 2
1 1 0 0
0 1 0 1
0 0 0 1
0 0 0 0
1 1 0 0
1 2 0 3
0 1 0 1
2 0 0 2
0 0 0 0
0 0 0 0
1 0 0 0
0 1 0 1
0 0 1 1
1 0 0 1
1 0 0 0
3 1 1 1
0 3 1 0
0 3 0 4
1 0 1 0
1 0 0 1
0 1 0 0
0 0 0 0
1 0 2 1
0 1 0 0
1 1 0 0
0 0 2 0
0 0 1 0
2 0 0 0
1 2 1 2
0 0 2 0
1 2 1 1
0 2 2 1
1 0 0 0
1 1 0 0
0 0 1 0
0 1 1 0
3 2 2 2
2 0 2 4
0 0 1 1
1 0 2 0
2 2 0 0
2 0 0 0
0 0 2 0
0 0 1 0
0 1 0 0
0 0 0 0
2 1 1 1
0 0 0 1
0 0 1 0
0 0 0 1
0 0 0 2
1 2 0 2
1 1 0 0
0 0 0 2
0 0 0 0
1 0 1 0
1 1 0 2
0 1 1 2
2 0 2 1
1 0 1 1
1 0 2 0
3 0 0 1
1 0 1 3
0 4 2 0
0 1 1 0
0 0 0 1
0 2 2 0
3 0 0 3
1 2 0 0
0 0 1 0
0 1 1 0
0 2 0 0
1 0 0 0
0 0 1 0
0 0 1 0
1 0 1 1
0 0 1 0
0 0 0 0
2 0 0 0
2 0 0 1
0 2 1 0
0 0 0 0
1 0 1 1
0 0 0 0
1 1 2 0
0 1 1 0
2 0 0 0
0 0 2 0
0 1 0 0
1 1 2 1
0 2 1 0
0 1 1 1
0 0 0 0
0 0 4 0
0 0 0 1
2 0 0 0
1 2 0 0
1 0 1 0
1 0 0 0
0 0 0 1
1 0 1 0
1 1 0 0
1 0 0 0
1 0 1 0
0 1 1 0
1 1 2 1
0 0 0 0
1 0 0 0
1 0 1 0
1 0 1 2
1 0 0 2
0 0 1 0
0 0 2 0
1 3 0 1
0 1 0 0
3 1 3 0
0 1 1 1
1 2 0 0
0 0 0 0
1 1 0 1
0 0 0 0
0 0 0 0
1 0 1 0
0 2 0 0
3 0 0 0
0 0 2 0
0 1 0 2
1 0 0 2
1 0 0 3
0 0 1 3
0 0 1 0
0 0 0 2
2 1 1 0
4 0 2 2
0 2 1 0
0 1 0 0
1 0 2 1
0 0 2 0
0 0 0 1
0 0 2 0
1 1 0 0
2 0 1 0
0 1 2 0
1 0 0 1
1 1 0 0
1 2 1 0
0 0 3 0
0 2 0 1
1 0 0 3
0 1 2 1
1 1 0 0
2 0 0 1
0 1 1 0
2 0 0 1
0 2 1 0
0 1 0 1
1 0 1 1
2 1 0 2
3 1 1 0
0 0 0 0
0 0 0 0
0 0 0 0
0 0 0 2
0 0 0 1
2 0 0 1
0 0 0 0
0 0 0 0
0 2 1 0
0 1 0 1
0 0 1 0
2 2 1 0
0 0 1 2
1 3 2 0
1 0 0 0
0 1 0 1
0 0 0 0
0 1 0 0
0 2 1 0
0 0 0 0
0 1 0 0
0 0 0 1
3 0 0 3
0 0 2 2
0 0 0 2
1 0 0 1
0 0 1 2
1 4 1 0
0 1 3 0
1 0 0 0
0 1 0 0
2 0 1 4
0 0 0 0
0 1 0 1
1 1 0 0
2 1 3 1
1 0 0 0
0 1 1 0
0 1 0 0
0 2 1 2
0 2 0 1
1 1 0 2
0 0 1 1
0 1 0 0
0 1 0 1
1 1 0 2
1 1 1 0
0 2 0 0
0 0 0 0
1 0 1 1
0 0 0 1
1 0 1 0
0 1 0 1
0 0 0 1
0 1 0 1
2 0 1 1
0 0 1 0
1 4 1 1
0 0 0 1
1 0 0 3
0 4 0 1
1 2 0 0
0 0 1 0
1 1 0 0
2 0 0 0
0 1 0 0
1 0 1 1
0 1 1 0
1 2 0 1
0 0 0 2
0 0 0 1
2 0 1 0
0 2 0 1
0 2 0 0
1 3 0 1
0 2 0 0
0 0 1 0
0 0 0 1
0 1 1 0
0 0 0 1
0 0 1 3
0 0 0 0
0 0 0 0
0 0 0 1
0 0 1 1
2 3 0 0
0 0 1 2
0 0 0 0
0 0 0 0
0 0 0 2
0 0 0 1
1 1 0 0
1 0 0 0
0 0 0 0
0 0 0 2
0 1 1 2
0 2 0 0
2 0 0 1
0 1 0 0
0 1 0 0
0 0 0 0
0 1 2 0
1 1 0 0
1 0 0 0
0 0 0 0
1 0 0 1
1 0 1 2
0 1 1 0
0 2 0 0
0 0 0 0
0 0 0 1
0 3 1 0
1 0 1 0
1 1 1 1
0 0 1 2
0 0 0 0
0 2 0 1
0 2 1 0
1 1 0 0
0 0 0 1
1 1 0 0
0 0 1 1
1 1 0 1
0 0 1 1
0 0 2 0
1 0 0 0
0 0 2 0
0 0 0 0
2 0 0 0
0 0 2 0
0 0 1 0
0 0 1 0
0 4 0 1
1 3 1 0
0 0 0 1
1 1 1 1
0 0 1 1
0 1 0 1
2 1 0 0
0 0 0 0
2 0 0 0
0 0 2 2
1 2 0 1
0 0 0 1
1 0 1 0
0 2 0 0
1 1 0 0
0 1 0 0
0 1 0 0
0 0 0 0
2 0 1 1
2 1 0 0
0 1 1 0
0 0 2 2
0 0 0 1
2 1 3 0
0 3 0 0
1 0 0 1
0 1 1 0
3 0 1 0
2 2 0 0
0 0 0 0
0 1 0 1
1 2 0 0
0 0 0 2
0 1 0 0
0 0 0 1
1 2 0 2
0 0 1 0
1 1 1 0
0 1 0 1
0 0 1 0
0 0 1 1
1 4 1 1
2 1 0 0
0 1 0 0
1 1 0 1
1 0 1 1
0 1 2 1
0 0 1 1
2 0 0 0
1 0 0 0
0 0 2 0
3 1 1 0
1 0 0 3
0 0 1 0
1 0 1 1
2 0 0 1
0 1 1 0
1 0 1 0
0 0 0 1
0 1 2 0
0 1 1 1
0 1 1 2
2 2 0 2
1 1 0 1
0 0 0 1
1 0 0 0
1 0 1 0
1 3 0 0
2 0 0 2
2 0 0 2
1 0 1 0
1 1 0 0
0 0 0 0
0 0 0 0
1 0 1 1
1 2 1 0
1 0 0 0
2 0 0 1
1 0 0 0
0 0 4 0
2 0 0 0
3 0 2 1
0 0 1 0
1 0 1 0
1 0 0 0
0 0 1 1
0 3 0 0
2 0 1 1
1 1 0 0
0 1 1 0
0 3 0 0
0 0 1 0
2 1 0 1
1 0 1 0
1 2 0 1
0 1 1 0
0 1 0 0
0 0 0 0
1 0 2 0
1 0 0 4
0 0 1 0
0 0 0 0
0 1 1 0
0 0 1 2
0 0 0 0
0 0 0 1
1 0 1 1
1 0 2 0
3 0 0 0
0 0 0 0
1 0 2 0
0 0 1 0
0 1 0 0
0 0 0 0
0 0 1 2
1 0 0 1
3 1 0 4
1 0 0 0
1 1 1 0
1 0 1 0
1 1 0 1
0 0 2 0
0 0 0 3
0 1 0 1
0 2 1 0
1 2 0 1
0 0 0 2
0 0 0 0
1 0 0 0
1 1 0 1
0 0 0 0
0 2 0 0
1 2 0 2
0 1 0 0
0 0 0 0
0 2 1 0
0 1 1 1
0 2 0 1
0 1 0 1
0 1 0 1
1 2 1 0
0 1 2 1
0 1 0 1
2 0 0 0
2 0 2 0
0 0 0 0
1 1 0 0
1 0 1 2
2 0 1 1
0 1 0 0
1 3 1 0
0 0 0 2
0 0 1 0
0 0 0 0
0 1 0 1
3 0 0 0
1 1 3 0
1 1 0 0
0 0 2 1
3 0 1 2
0 1 1 0
1 1 0 0
0 2 0 0
0 1 1 0
0 1 0 1
2 0 3 1
0 1 0 1
0 1 2 0
1 0 0 1
1 0 0 1
0 1 0 0
1 0 1 0
1 0 1 0
0 1 0 0
1 0 1 1
1 0 0 0
0 0 0 1
4 1 4 1
0 0 0 0
0 0 0 1
0 1 1 0
3 1 0 0
1 2 4 0
0 0 0 0
0 0 1 1
0 0 0 0
0 1 0 0
2 0 0 1
0 0 0 1
0 1 0 1
1 1 0 0
0 1 0 0
0 0 0 0
0 1 1 0
1 2 0 0
0 0 0 0
0 0 1 0
0 1 0 0
0 0 2 0
1 0 3 0
0 2 0 2
0 0 1 2
1 0 1 0
0 1 1 1
0 0 3 1
0 0 0 0
0 0 0 0
2 0 1 0
0 0 0 0
2 2 3 0
0 0 1 1
1 2 0 0
0 0 1 3
0 0 0 0
0 1 2 0
1 1 0 1
0 1 0 1
0 2 1 0
0 1 1 0
0 0 0 1
1 0 0 0
1 0 0 2
2 1 0 0
2 3 1 1
3 0 1 0
0 2 1 2
1 1 1 1
0 1 1 2
2 0 4 0
0 4 0 1
3 0 1 0
4 0 2 0
0 2 1 2
2 1 0 1
0 2 1 1
1 0 0 0
2 0 0 0
0 0 1 1
0 1 1 0
0 0 0 1
2 1 1 1
0 0 0 0
0 2 2 0
0 1 0 0
1 1 1 2
4 0 1 0
0 0 4 0
0 1 0 1
0 1 2 0
0 4 2 1
0 0 0 1
0 1 0 1
0 0 0 1
0 0 4 3
0 0 3 0
0 1 2 0
0 0 0 1
0 1 0 1
0 0 0 0
0 1 0 0
0 0 2 3
0 0 1 2
1 0 1 0
0 3 0 0
0 1 0 0
3 2 0 0
1 0 0 4
0 1 2 1
0 0 0 2
0 1 0 0
0 0 1 1
1 0 0 1
4 0 0 2
0 0 1 3
2 0 0 0
0 0 1 0
1 0 1 0
1 1 0 0
0 0 0 0
0 1 0 1
2 2 0 0
0 2 0 0
0 1 0 0
1 0 3 0
1 4 0 0
0 2 1 2
0 1 0 0
2 0 0 3
2 1 0 0
0 1 2 0
0 1 1 1
0 1 2 1
0 1 3 1
1 0 0 0
0 0 1 0
0 1 0 0
1 1 0 3
2 0 0 0
0 0 0 0
0 0 0 1
0 1 4 0
2 0 1 1
0 0 0 2
1 0 0 1
0 0 1 0
0 0 2 1
0 0 0 0
0 0 0 0
0 2 1 1
1 1 0 1
1 0 0 0
2 2 0 1
1 1 2 1
0 0 1 0
1 1 0 1
0 1 2 0
1 0 1 0
1 0 1 0
0 0 0 0
0 0 1 2
0 3 0 3
0 1 0 0
0 0 0 1
2 3 1 1
0 0 0 0
0 0 0 0
0 0 2 2
2 1 1 1
0 1 1 0
1 0 0 0
0 2 1 0
0 0 0 0
0 1 0 1
0 1 0 0
1 0 1 1
0 2 0 2
1 0 0 0
3 0 0 0
0 0 0 0
0 0 1 1
0 1 0 1
1 0 0 3
2 0 1 2
1 0 4 0
0 2 1 1
0 0 0 1
0 0 0 0
1 0 0 2
4 1 1 0
2 0 0 0
0 0 0 0
0 0 0 0
0 2 0 0
2 0 3 0
0 1 0 1
0 0 0 0
0 0 1 4
1 2 1 0
1 0 0 2
1 2 1 0
0 0 1 0
1 1 1 0
0 1 0 3
0 1 1 1
1 2 0 0
1 0 1 1
1 3 0 0
0 0 1 1
1 0 0 0
0 0 0 2
1 0 1 3
0 1 0 0
0 3 0 1
1 0 0 2
0 0 1 2
0 0 0 0
2 0 1 1
0 1 2 1
0 0 1 2
0 0 0 0
3 1 0 0
1 0 1 1
0 0 0 0
0 0 1 1
0 1 0 0
0 0 0 1
0 2 3 4
0 1 0 0
2 0 0 3
0 1 1 0
0 0 2 0
0 0 0 0
1 0 1 1
0 1 0 0
1 2 0 0
2 2 0 0
0 2 0 0
1 2 0 1
0 1 1 0
0 0 0 0
1 0 4 1
1 3 0 3
0 0 0 0
0 0 0 1
2 2 0 0
0 0 0 0
1 0 0 1
0 1 0 0
0 2 0 0
0 0 0 1
1 0 0 0
0 1 0 1
1 0 0 0
0 2 4 0
0 0 3 1
0 1 0 0
1 3 1 1
0 1 1 0
0 1 1 0
2 0 0 0
0 0 0 1
0 0 1 1
0 0 0 0
0 0 1 0
1 0 1 2
1 0 0 0
0 1 0 1
0 1 0 1
1 1 2 0
0 0 3 1
0 1 1 1
0 0 2 0
0 0 1 0
0 2 1 0
0 1 0 2
1 0 0 0
4 1 0 1
0 1 0 0
2 1 2 0
1 0 0 1
0 1 0 0
0 1 0 1
0 2 3 0
0 0 0 1
1 2 1 0
0 2 1 0
1 1 0 1
0 0 2 0
1 0 0 1
0 1 0 0
0 2 1 0
2 0 0 2
0 0 0 0
0 0 2 1
0 0 0 1
0 1 0 1
2 1 0 0
0 1 2 0
0 2 0 0
0 0 0 0
0 0 1 1
1 0 0 1
2 0 1 0
1 0 0 0
1 1 0 0
0 1 0 0
2 0 3 2
1 1 0 2
1 0 0 0
1 0 0 0
0 0 0 2
0 1 2 1
1 1 0 0
1 0 0 0
0 1 0 0
0 0 3 1
0 0 0 0
0 0 0 2
0 2 4 0
0 0 2 0
0 0 0 1
0 1 0 0
0 1 0 0
0 1 0 0
0 0 0 0
1 0 1 2
0 0 0 0
1 0 0 0
0 2 4 1
2 1 3 0
0 1 0 0
0 1 0 0
2 0 0 0
1 0 1 1
3 2 0 2
3 0 0 1
1 3 0 0
1 0 2 0
1 0 0 0
1 0 0 0
2 2 0 0
0 0 1 1
0 0 1 0
2 1 2 3
1 0 0 1
0 0 0 1
0 0 0 1
0 2 3 0
0 0 0 1
1 0 0 1
0 2 0 0
1 0 2 0
0 0 0 1
0 2 1 1
1 2 1 0
0 1 0 0
0 2 1 0
0 0 0 0
3 0 1 0
1 4 1 0
0 1 3 0
1 1 0 0
0 0 1 0
1 1 2 0
0 0 1 1
0 3 0 0
1 1 0 1
1 0 0 3
0 0 0 0
0 0 0 0
0 0 1 0
0 0 1 0
1 1 0 0
0 0 0 1
0 0 2 1
0 4 1 0
2 0 0 0
0 0 0 0
1 0 0 0
1 3 0 2
0 0 0 1
0 0 0 1
0 0 0 0
2 2 0 1
1 0 2 1
0 1 1 1
1 1 0 0
1 1 0 0
3 0 0 0
1 0 0 0
0 1 0 0
0 0 1 1
0 3 0 1
0 0 1 0
0 0 0 0
0 0 0 3
0 0 2 0
0 0 1 0
0 1 0 0
0 2 0 0
0 0 1 1
0 2 1 3
1 1 2 1
0 2 1 0
0 0 1 0
0 1 0 1
0 2 0 0
1 0 1 0
0 3 0 0
1 0 0 3
3 2 2 2
0 0 1 1
0 0 2 0
0 0 0 0
0 0 3 0
0 1 0 0
0 2 0 0
1 1 0 1
1 0 1 0
0 0 0 0
0 0 2 1
0 2 0 3
1 0 0 0
0 1 0 0
2 0 0 0
0 0 0 1
1 0 1 0
3 1 0 1
0 0 0 0
0 2 2 0
0 0 0 2
1 0 1 0
0 0 1 0
0 0 1 3
1 0 0 1
2 0 3 0
0 1 0 1
1 1 0 0
1 0 0 0
4 0 1 0
1 1 0 1
0 1 0 3
0 2 0 1
0 0 0 1
2 2 1 0
1 1 0 1
0 3 0 1
2 1 1 2
0 0 0 0
0 0 3 0
0 0 0 0
0 0 0 0
0 2 0 1
1 1 0 0
2 0 1 1
3 0 2 2
1 0 2 0
0 1 0 1
0 0 2 0
2 1 0 0
0 0 0 0
1 0 0 0
3 2 0 0
2 0 0 0
0 3 2 0
1 0 0 2
0 0 1 0
0 0 2 1
1 1 0 0
1 0 2 4
0 0 1 1
0 1 1 1
0 1 1 0
0 3 0 1
1 1 2 1
1 2 1 0
1 0 0 0
0 0 0 0
2 0 0 0
0 4 2 1
3 0 0 2
0 1 0 0
1 0 0 0
4 1 0 1
0 2 1 1
0 0 1 0
0 1 3 1
0 4 1 3
1 0 0 0
2 0 0 0
1 1 1 0
0 2 0 0
0 0 0 1
0 0 1 0
0 0 0 1
0 1 0 0
3 0 0 0
2 1 0 0
0 0 3 0
0 1 0 0
0 0 1 0
3 0 0 1
0 1 0 0
1 0 3 0
0 0 0 3
1 2 0 0
0 0 0 0
1 0 1 1
0 1 4 0
2 2 0 0
0 0 2 0
1 0 0 1
1 0 0 2
0 0 0 1
0 0 4 1
2 0 0 0
1 0 2 0
0 0 0 1
1 2 0 1
0 0 1 0
0 2 0 1
0 0 3 0
1 0 0 0
1 2 2 1
0 0 3 1
0 0 1 1
2 1 0 0
1 1 1 1
0 0 0 1
0 1 1 1
0 1 0 1
0 0 1 1
0 0 0 0
0 4 2 0
1 0 0 0
0 1 0 1
1 2 1 0
0 3 1 0
1 0 0 3
1 3 1 1
0 2 1 3
0 0 0 0
0 0 3 0
3 0 0 0
0 1 0 1
0 0 2 0
2 0 1 0
2 0 2 0
0 0 0 0
0 2 1 0
0 0 1 0
0 1 0 0
0 0 1 0
0 0 1 0
1 0 0 2
0 1 4 0
0 0 1 1
0 0 0 0
0 2 0 0
1 0 0 1
0 1 2 1
0 2 0 1
0 2 0 1
0 0 3 2
0 1 1 0
1 0 0 0
2 0 1 1
0 1 1 1
1 0 0 0
0 0 0 3
0 0 0 1
0 0 1 2
1 0 0 0
0 1 4 0
2 2 1 0
1 0 0 0
1 0 1 2
1 0 0 0
0 0 0 1
0 0 0 0
1 0 0 0
0 0 0 0
0 0 0 1
0 0 2 0
4 1 1 0
1 1 0 0
0 1 3 0
0 0 1 0
0 0 3 0
0 0 2 0
0 0 0 0
0 0 0 0
1 1 1 1
1 1 3 0
0 1 0 1
2 0 0 0
1 0 1 0
1 1 0 2
1 3 0 0
0 0 0 0
0 0 1 1
0 0 0 0
0 2 0 2
1 0 0 0
0 0 1 0
0 0 1 0
1 2 3 0
1 1 0 1
0 2 0 2
0 1 0 1
0 0 0 1
0 1 0 2
0 0 1 0
3 0 0 1
0 1 0 1
2 0 0 0
0 0 0 0
0 0 0 0
1 1 2 3
0 2 2 1
0 3 1 0
0 0 0 1
1 1 3 1
3 1 0 2
0 0 3 0
0 1 0 0
0 1 0 0
0 1 0 0
1 0 0 3
2 2 0 2
3 1 0 0
2 1 0 0
0 1 0 1
0 1 0 1
1 0 1 0
1 3 0 0
0 0 0 0
0 3 0 0
0 0 0 2
0 0 0 0
1 1 0 0
0 1 0 2
0 1 2 0
1 0 0 0
0 1 0 1
0 0 0 0
0 1 0 2
1 0 0 0
4 0 0 0
0 0 1 0
2 1 2 2
1 0 0 2
0 1 0 1
2 1 3 0
0 0 0 0
0 0 0 1
1 2 0 0
0 2 0 0
0 0 1 0
3 3 0 0
1 1 0 2
1 1 1 1
1 0 0 0
2 1 1 2
0 0 1 0
0 0 1 1
1 0 1 0
0 1 0 0
2 1 0 1
0 0 0 0
0 1 1 0
0 0 3 0
0 0 0 2
1 0 0 1
1 0 0 1
2 0 0 0
0 0 1 0
0 0 0 0
0 0 0 0
0 1 0 0
0 0 0 0
1 0 4 0
2 1 0 0
3 1 3 1
0 0 0 1
1 0 0 0
0 2 1 0
1 0 0 0
0 1 0 0
0 0 1 0
1 2 0 0
0 0 0 0
0 2 0 2
0 0 2 1
0 0 0 0
0 0 1 0
2 1 1 0
1 0 1 0
2 0 0 0
2 1 0 1
1 0 0 0
0 0 1 0
0 0 0 0
0 1 0 1
0 1 1 0
0 0 0 2
0 0 0 2
0 0 1 0
2 0 2 0
1 0 1 0
1 1 2 0
0 1 1 0
0 1 1 0
0 1 0 0
1 1 0 0
1 1 3 0
0 0 0 0
0 1 0 0
2 1 4 1
1 1 0 0
0 1 0 0
1 0 0 2
0 0 0 0
4 0 3 0
2 0 1 0
4 0 0 0
0 1 2 1
0 4 0 3
3 0 0 0
1 0 1 0
2 0 0 3
0 0 3 0
0 4 1 0
0 1 0 0
1 0 1 0
0 1 0 0
4 0 2 1
3 1 1 0
0 2 1 0
1 0 1 2
0 0 0 1
2 0 0 1
0 3 0 1
1 0 1 0
0 1 0 0
0 1 0 0
3 1 0 0
0 0 2 2
2 2 1 1
1 3 0 0
0 0 0 0
0 1 2 0
1 0 0 0
1 0 0 0
1 1 1 1
0 1 0 0
0 2 1 0
0 0 2 0
3 0 0 1
1 0 0 0
2 1 2 0
0 1 0 0
2 0 0 0
1 2 0 0
1 1 0 0
0 0 2 3
0 0 0 0
0 0 1 0
1 0 1 2
2 2 0 1
1 1 0 0
0 3 0 0
3 2 0 1
0 0 0 0
1 2 1 3
2 1 0 2
2 1 0 1
0 0 2 0
0 1 0 0
1 0 0 0
2 2 0 0
2 0 1 0
1 0 2 0
0 1 2 0
0 2 0 0
0 1 0 0
0 0 0 0
0 0 2 0
0 3 0 0
1 0 0 3
0 0 0 1
0 0 1 3
1 0 1 0
0 1 0 0
0 0 1 0
0 1 1 0
0 0 1 0
2 0 1 3
0 0 1 0
0 0 2 0
0 0 0 2
1 0 1 1
0 4 0 0
0 0 1 4
1 0 0 1
0 0 0 0
0 2 1 1
1 2 0 1
2 0 2 2
0 0 1 1
3 0 0 0
1 0 0 1
0 0 0 0
0 0 1 0
0 1 2 0
1 0 0 2
0 0 3 0
2 0 1 0
1 0 0 0
0 0 0 2
2 3 0 0
0 1 0 1
1 1 1 0
2 0 2 3
0 0 0 4
0 0 0 0
1 1 3 0
2 0 1 1
1 0 1 2
0 1 0 2
0 1 1 2
1 0 0 0
0 0 0 0
0 0 0 0
0 0 2 0
0 0 1 0
0 0 0 0
2 0 0 0
1 1 0 1
0 0 2 0
2 0 0 1
0 0 0 1
0 1 0 0
2 0 0 1
0 1 1 1
0 0 1 0
1 0 0 1
2 1 1 1
0 0 0 0
0 1 0 2
0 0 1 1
2 2 0 0
0 0 1 1
0 1 0 1
0 1 4 0
1 2 1 0
2 1 1 0
1 0 1 0
2 1 2 0
0 0 1 0
1 1 1 0
2 4 1 3
1 0 2 1
1 0 0 0
2 1 1 0
0 0 0 2
0 2 0 2
0 0 0 1
0 0 1 0
0 0 1 0
1 2 0 0
0 0 3 0
0 2 0 0
0 0 1 3
1 2 0 0
0 4 1 0
1 0 0 0
2 1 0 1
2 1 0 2
1 0 0 0
2 1 1 0
2 0 0 0
0 0 0 2
0 0 0 1
0 1 0 0
0 0 0 0
0 1 0 0
0 0 0 0
0 0 0 1
0 0 0 0
1 3 4 2
1 0 0 2
3 0 0 0
1 0 2 0
3 1 0 0
0 0 0 0
0 0 2 0
0 2 1 0
2 0 0 1
1 0 0 1
0 0 2 4
0 0 3 2
1 1 0 0
0 0 0 0
2 0 1 0
0 1 0 2
0 2 0 0
0 0 0 2
0 0 0 1
0 0 4 0
0 0 2 0
2 1 3 0
2 1 0 1
0 0 1 0
0 2 1 1
0 1 0 1
0 0 0 2
1 0 1 0
0 1 0 0
2 0 1 1
0 0 1 0
1 1 0 0
0 0 0 1
0 1 1 1
1 0 0 1
1 1 0 2
2 0 1 3
0 1 0 1
0 0 0 0
0 2 2 1
0 0 0 4
0 0 2 0
1 0 0 1
0 0 0 0
0 3 2 0
0 2 1 0
0 2 0 1
1 3 0 0
0 1 0 2
0 0 0 1
1 0 0 2
1 0 1 0
1 0 0 0
1 0 0 2
1 1 0 0
0 0 0 3
0 3 0 0
1 1 0 1
0 0 0 1
0 2 0 0
0 1 1 0
1 2 0 1
0 0 0 0
0 1 1 3
2 1 0 0
0 2 2 2
1 0 0 1
1 0 1 0
0 0 2 0
0 0 0 2
1 0 1 1
2 0 0 0
0 2 0 3
0 1 0 0
1 2 0 1
0 0 1 0
1 3 0 0
1 1 1 0
0 0 2 0
0 1 1 0
1 0 0 1
0 0 1 1
0 0 1 0
3 0 0 0
0 0 1 0
1 1 1 0
1 1 0 0
2 0 0 0
1 2 0 0
0 0 0 0
0 1 0 0
2 0 2 1
0 1 1 0
0 2 1 0
1 0 2 0
0 1 2 0
0 1 0 2
0 0 1 0
1 1 0 0
0 3 0 2
0 0 0 0
1 0 0 1
2 1 2 0
0 1 2 1
0 2 2 2
1 3 0 2
1 0 1 1
0 1 1 0
0 1 2 1
2 0 1 0
1 0 1 0
0 1 0 0
1 0 0 0
0 2 1 0
1 2 4 0
1 0 0 0
1 0 0 0
1 0 0 1
0 0 0 1
0 0 0 0
1 1 0 0
0 2 1 3
3 0 2 0
1 2 0 0
1 0 0 0
2 0 0 3
0 1 0 1
0 1 0 2
2 0 0 1
0 0 2 0
1 0 1 0
1 0 4 0
0 0 1 0
0 1 0 2
1 0 1 1
2 2 0 2
0 0 0 0
0 0 1 0
1 0 0 0
3 0 1 2
0 0 0 0
0 0 2 0
0 0 1 0
0 0 0 0
2 1 0 0
1 1 0 2
0 2 0 2
0 0 0 2
0 0 0 0
1 0 0 2
1 0 0 2
0 0 0 1
1 1 3 2
2 2 0 0
1 1 1 2
0 1 0 0
2 1 1 1
0 0 0 0
0 0 0 0
1 0 1 0
0 0 0 0
0 0 0 0
1 0 2 0
0 2 0 0
0 0 3 1
0 0 0 2
0 0 3 0
0 3 0 1
0 0 1 0
0 0 0 2
0 1 1 0
0 0 0 0
3 1 0 0
1 0 0 1
0 0 0 0
0 0 1 1
0 0 0 1
0 1 0 1
0 0 1 0
0 2 2 0
0 0 2 0
0 0 1 1
0 1 0 0
0 2 0 1
3 1 1 1
0 1 0 1
3 1 1 0
0 0 1 2
1 0 0 1
1 0 2 2
2 0 0 2
0 1 0 0
1 3 0 0
4 0 0 1
0 0 0 0
0 1 3 1
0 1 0 0
1 0 3 0
1 0 1 0
0 0 0 0
0 0 0 0
3 1 0 1
0 0 0 1
0 0 2 1
0 0 0 2
0 0 0 3
1 0 0 3
1 0 0 0
0 0 0 1
1 0 0 0
0 1 0 0
0 0 1 2
0 0 0 1
0 2 1 0
3 2 1 2
1 1 2 0
1 0 1 0
2 1 0 2
0 0 1 0
0 0 0 2
2 1 1 2
3 0 0 1
1 1 0 1
0 0 0 1
1 0 1 2
1 0 2 3
0 0 0 0
0 0 0 1
0 1 1 3
0 1 1 1
0 1 0 1
1 1 1 0
3 0 0 0
0 0 1 0
1 0 0 1
1 0 0 1
0 0 0 1
0 0 1 0
1 0 2 0
0 1 0 1
1 0 0 0
0 1 0 1
1 0 1 1
2 1 0 2
0 1 2 0
1 0 1 0
0 1 0 1
0 0 1 0
0 0 0 0
1 0 0 0
2 1 0 0
0 2 0 1
1 0 0 2
2 1 0 0
0 2 0 0
0 0 0 1
0 0 0 1
0 0 4 0
0 1 1 0
1 0 0 0
0 0 0 0
3 0 0 0
0 2 0 0
1 1 0 1
0 1 0 1
1 1 1 1
0 1 0 1
0 2 1 0
1 0 0 0
0 0 1 0
1 0 1 0
0 1 0 0
0 1 0 0
0 0 0 0
1 0 2 0
0 0 0 1
0 0 0 0
1 0 0 0
1 0 1 1
0 0 0 1
1 0 3 0
0 2 3 1
0 1 1 1
1 1 1 0
2 0 2 2
0 0 1 0
0 0 0 0
1 0 0 2
0 2 0 1
0 0 1 2
2 1 0 1
0 0 0 2
1 2 0 1
1 3 2 0
2 1 0 0
1 1 0 0
0 0 0 1
1 0 0 3
1 1 0 0
0 0 1 1
0 1 0 0
0 0 0 0
2 0 0 0
0 0 2 0
0 0 2 0
1 0 0 0
0 1 0 0
0 0 0 0
0 1 4 3
0 0 0 3
0 0 0 0
1 0 0 0
3 2 1 1
0 0 0 0
2 0 2 1
0 1 0 0
0 2 0 0
0 0 0 1
1 0 2 1
1 0 1 3
2 0 1 0
0 0 0 0
0 0 0 0
0 0 0 0
1 0 0 1
0 1 0 3
1 0 0 0
1 1 0 2
0 0 1 0
0 0 1 1
1 0 1 1
0 0 0 3
0 0 0 0
0 1 0 1
0 4 0 1
3 1 1 0
0 0 0 0
4 0 0 0
0 1 4 0
0 0 0 0
0 0 0 0
0 0 0 3
0 0 0 1
0 2 0 0
1 0 0 0
1 0 3 1
0 1 2 1
1 2 2 0
0 2 1 0
1 2 1 0
0 1 0 0
0 0 0 0
0 0 1 1
0 0 1 0
0 1 1 1
0 0 1 4
1 1 0 0
0 1 1 1
2 1 0 1
0 0 4 1
0 0 1 1
0 0 0 0
0 3 0 1
0 3 1 0
0 0 0 0
0 0 1 4
1 1 1 2
1 0 1 1
0 2 1 1
0 0 0 2
0 4 1 0
1 1 0 2
0 3 2 0
0 0 1 1
0 1 0 1
0 2 3 0
1 2 0 0
2 1 0 0
0 0 4 4
1 0 0 0
1 3 0 0
2 0 0 0
0 0 0 1
1 1 0 0
0 2 0 1
1 0 1 2
0 2 4 1
1 0 1 1
0 0 2 0
1 0 1 1
0 1 1 2
0 1 0 0
2 2 1 1
0 0 0 1
0 0 1 0
0 0 0 0
0 0 2 1
1 1 0 0
1 2 0 3
0 0 0 1
0 0 2 0
0 0 2 0
0 0 0 0
0 0 1 0
0 1 0 0
0 2 2 1
3 0 1 1
1 0 1 0
0 0 0 3
0 0 0 1
0 0 0 0
0 1 0 0
0 0 2 0
1 0 0 0
0 3 1 0
1 2 1 0
0 3 3 0
1 0 1 3
0 0 0 0
0 0 0 0
0 0 2 0
0 1 0 0
2 1 0 3
1 0 1 1
3 0 2 0
1 0 1 3
0 2 0 1
0 1 0 3
0 1 4 1
1 1 0 1
1 1 1 0
0 0 0 1
3 1 1 1
1 1 1 0
0 1 1 1
0 0 0 0
0 0 2 0
0 0 0 1
1 0 0 2
0 1 1 0
2 0 0 1
0 0 0 1
0 0 1 1
0 0 2 1
0 0 1 0
0 1 1 0
0 0 1 0
1 0 0 0
0 0 3 0
0 2 0 1
0 0 0 0
0 0 1 0
0 0 0 2
2 1 0 0
0 0 1 0
0 1 1 0
2 1 1 0
0 0 0 0
0 0 1 0
1 0 0 0
0 0 0 0
0 3 1 0
0 0 1 1
1 0 0 1
1 0 0 0
0 0 1 0
0 1 2 0
0 0 4 1
0 0 0 1
0 0 1 0
0 1 0 0
0 0 1 0
0 0 4 2
1 2 0 1
1 2 0 0
0 1 0 0
2 2 2 1
1 3 0 0
0 3 0 0
1 0 0 0
1 0 0 0
2 0 1 1
2 0 2 1
0 0 1 1
1 1 0 0
0 1 0 2
1 0 0 0
0 0 3 1
0 2 0 0
1 2 0 0
1 0 2 0
2 1 2 0
1 0 0 1
0 1 0 1
0 0 0 0
0 3 0 0
1 2 0 1
1 1 2 1
0 0 1 0
2 0 2 2
0 1 2 2
0 2 1 0
0 1 0 0
2 0 0 1
0 1 0 1
1 1 0 0
0 2 0 1
1 3 1 2
0 0 0 0
0 0 0 0
2 0 1 0
1 1 0 1
0 1 1 0
0 1 1 0
0 0 2 0
1 1 1 1
3 1 0 1
0 1 0 0
0 0 0 0
0 0 0 1
0 0 0 0
3 0 2 0
1 0 1 0
0 3 0 0
0 2 1 1
1 0 1 0
0 1 0 0
0 1 2 0
0 2 2 1
1 0 0 1
0 1 2 0
0 0 0 2
0 3 2 0
1 2 1 0
2 1 0 0
2 1 0 0
0 0 1 1
0 0 0 4
2 0 0 1
0 1 1 0
2 1 0 1
1 0 1 1
0 0 0 0
0 0 1 1
0 0 0 2
0 0 1 0
0 1 1 0
1 1 0 0
0 0 1 0
1 2 0 0
1 0 2 0
0 0 0 0
0 0 2 0
0 0 2 0
1 0 0 0
2 0 1 4
2 0 0 3
0 1 0 0
0 2 0 0
2 0 0 0
0 0 0 0
1 0 0 0
0 2 1 0
0 1 0 1
2 1 0 2
0 2 0 0
1 1 1 0
1 1 0 0
1 0 2 3
4 0 2 3
1 0 2 0
0 1 1 3
0 0 0 0
0 3 0 0
1 0 0 0
0 0 0 0
0 1 1 0
1 1 0 2
0 1 0 2
4 1 2 0
0 1 2 0
1 0 0 0
0 0 0 1
0 1 0 0
1 0 1 0
0 0 1 0
2 2 0 1
0 0 1 4
0 1 1 2
1 0 0 1
0 0 0 1
1 1 0 0
0 3 0 0
0 1 0 0
0 0 3 0
1 1 1 2
0 1 0 2
3 0 0 1
0 0 0 2
0 0 1 0
1 0 0 1
1 1 0 2
0 1 1 0
0 0 0 1
0 0 0 1
1 0 3 0
3 2 0 0
4 3 1 0
1 0 0 0
0 0 0 0
0 1 0 2
0 0 0 1
1 0 2 0
0 2 1 1
2 2 0 2
1 0 3 0
0 1 0 2
0 0 0 0
0 1 1 0
0 0 0 0
0 0 2 0
2 0 1 0
0 1 0 1
1 0 0 2
1 0 2 1
3 0 3 1
1 2 1 0
0 1 0 0
1 2 0 0
0 0 0 1
0 0 0 1
0 1 0 0
0 0 1 1
1 0 0 0
1 0 0 0
0 1 1 0
3 0 1 0
0 0 0 1
0 0 0 0
0 0 2 0
0 3 1 0
0 2 2 2
2 1 0 2
0 0 0 0
0 2 1 0
0 1 1 1
0 0 0 0
0 0 0 0
0 0 4 0
0 0 2 3
0 2 1 0
0 0 0 1
2 0 0 1
0 0 0 0
0 0 0 1
0 0 2 0
0 3 1 1
0 1 1 1
1 0 1 0
0 2 0 0
2 0 0 2
0 1 0 4
0 1 1 1
0 2 0 0
0 0 1 2
0 1 0 0
1 1 0 0
1 1 0 0
0 0 0 0
0 0 0 0
1 0 1 0
1 2 1 0
1 2 0 0
0 1 1 0
0 1 0 2
0 1 0 0
0 0 0 0
0 0 0 0
0 0 0 0
0 1 0 0
0 1 1 0
0 1 1 0
0 0 0 0
1 0 0 0
0 1 1 3
1 0 0 0
0 0 0 0
3 0 1 0
0 2 0 0
0 0 0 1
0 0 0 2
0 1 0 3
0 2 1 0
2 0 0 1
1 1 1 0
1 1 2 0
0 1 1 0
1 2 0 0
2 2 0 0
4 1 0 0
0 2 0 1
1 0 0 0
1 0 1 3
2 1 2 0
0 0 0 0
1 1 1 0
0 0 0 0
0 0 0 1
0 0 0 3
0 3 0 0
1 0 0 0
0 2 1 1
0 0 0 2
1 0 1 0
0 0 0 1
0 1 2 2
1 0 0 0
1 1 1 1
3 0 1 0
0 1 0 1
2 0 1 0
0 1 2 0
0 2 0 1
0 2 0 0
1 0 0 0
2 1 4 4
1 1 1 0
0 0 0 0
0 1 0 0
0 2 1 1
0 0 1 0
0 0 0 0
0 3 1 0
0 2 0 1
1 0 1 1
1 2 2 2
2 1 1 1
0 1 0 1
0 3 1 1
0 0 1 0
0 0 2 0
1 0 2 3
1 1 1 0
0 0 0 0
3 0 0 2
0 0 1 1
0 0 1 0
2 1 2 3
0 2 0 0
1 2 1 0
1 0 3 0
1 0 0 0
0 0 0 1
0 0 0 0
1 0 4 1
0 1 3 0
1 0 0 0
0 0 0 2
1 2 1 0
0 1 0 0
1 1 1 1
0 1 1 1
0 1 1 2
1 0 2 0
0 1 0 0
4 0 0 0
1 0 0 0
1 1 0 0
1 1 0 0
1 0 0 0
2 1 1 3
0 1 2 0
0 0 0 3
2 3 0 1
0 0 1 0
0 0 1 0
1 0 0 0
0 2 0 1
1 1 0 0
0 2 0 0
0 0 0 0
0 1 0 0
0 0 2 2
0 0 0 0
1 0 0 0
0 0 1 1
2 1 0 0
0 2 0 1
0 1 0 1
1 0 0 0
2 1 0 0
1 1 1 2
0 0 1 0
1 1 0 0
0 2 0 0
0 0 0 0
1 2 0 1
0 1 2 1
0 0 1 1
0 1 0 0
0 0 1 0
0 0 3 0
1 0 1 0
1 1 0 2
0 0 2 0
0 0 0 0
0 1 0 1
0 0 0 0
0 0 0 0
0 0 1 0
0 2 1 0
1 0 0 1
1 2 0 0
1 0 0 0
0 0 0 0
0 0 1 0
1 1 0 0
3 0 0 0
0 3 0 0
2 0 3 0
1 0 0 0
2 0 0 0
1 0 0 0
1 1 0 0
1 0 0 0
1 2 0 0
0 0 0 2
2 2 0 1
2 1 2 1
1 2 3 0
0 2 0 0
2 1 0 1
4 2 0 3
0 1 2 4
0 0 1 0
0 1 1 1
0 2 0 4
0 0 1 0
0 0 1 2
0 3 1 1
0 3 3 1
1 0 0 1
2 0 1 0
1 0 1 1
0 2 1 0
0 0 1 2
0 0 0 1
1 0 1 0
0 0 0 0
1 1 0 0
1 0 1 2
0 0 1 3
0 0 0 2
0 1 0 0
0 0 1 0
1 0 2 1
4 1 1 0
2 0 0 0
2 1 4 3
0 0 0 0
0 1 0 0
0 0 0 1
1 0 0 0
1 0 2 1
0 0 1 2
0 1 0 2
0 0 0 2
1 1 0 0
2 0 0 0
1 0 2 2
0 0 1 0
0 1 0 1
0 2 0 1
1 2 0 1
0 1 3 0
0 1 0 0
1 1 0 0
0 0 2 1
0 0 1 4
1 0 0 0
0 0 0 0
0 1 0 0
0 2 0 0
0 0 0 0
1 0 0 2
0 2 2 1
1 0 0 0
4 1 0 0
1 2 1 0
0 0 0 0
0 2 1 0
2 0 0 0
0 1 2 0
0 2 0 0
0 0 2 0
0 2 2 0
1 1 1 1
1 0 0 1
0 2 1 0
0 0 1 0
0 2 0 1
1 0 0 0
0 0 3 0
2 2 0 0
0 0 0 0
1 2 1 2
0 0 0 2
1 2 1 0
1 0 0 0
1 0 1 0
3 0 1 0
0 2 1 1
0 3 2 0
0 2 0 1
1 0 0 0
1 0 0 3
1 0 0 1
0 0 2 2
0 0 2 0
0 1 0 1
0 1 2 1
0 3 0 0
1 3 0 2
0 0 2 0
1 0 1 0
0 1 0 0
3 0 0 1
2 0 1 0
1 0 0 0
0 0 0 2
2 0 0 0
0 0 2 1
0 1 0 2
0 1 1 0
0 0 0 1
2 0 0 0
0 3 0 0
0 2 1 1
3 0 0 0
0 0 1 0
1 0 0 0
1 0 1 0
1 1 0 0
1 0 0 1
0 1 1 0
0 2 2 1
0 0 1 0
2 1 1 1
1 0 0 0
0 0 2 2
0 0 0 0
0 2 0 3
2 3 2 0
0 0 0 0
0 0 0 0
0 0 0 0
1 1 0 0
1 0 2 0
1 3 1 1
0 0 1 0
0 0 0 0
0 0 0 1
2 0 0 0
0 1 0 0
0 0 0 1
2 1 1 2
0 0 0 1
1 0 0 0
0 0 4 0
0 0 2 0
0 1 0 0
1 0 0 1
1 0 0 0
0 0 3 1
0 0 1 0
1 1 0 0
1 4 0 0
0 0 0 0
0 3 0 0
1 2 1 0
0 0 2 1
0 1 2 1
0 1 2 2
2 0 0 0
0 1 1 0
0 1 0 0
1 1 0 1
1 1 0 1
2 2 0 0
0 0 0 1
0 2 0 1
0 2 1 0
0 2 1 1
0 1 1 0
1 1 0 0
0 0 0 2
0 0 0 3
1 0 1 0
1 2 0 0
1 0 1 1
1 0 1 0
0 2 0 0
1 1 1 0
2 0 0 0
0 0 3 0
0 0 4 0
0 0 0 0
1 0 0 2
0 0 1 0
2 0 1 0
1 1 0 1
0 1 0 0
0 0 2 1
3 0 0 2
0 0 1 0
0 0 0 0
0 3 0 0
0 0 0 0
0 2 0 0
2 1 0 0
1 2 0 1
0 0 0 0
0 0 1 0
0 0 0 1
0 2 2 0
2 0 0 0
0 1 1 0
2 0 1 1
1 1 0 0
0 1 0 3
0 1 0 4
0 0 2 1
0 0 0 2
0 1 1 1
0 0 2 0
0 1 1 0
0 1 3 0
0 2 0 0
1 1 0 0
0 0 1 1
0 0 0 0
0 0 1 2
0 1 0 0
0 0 1 0
0 1 0 1
0 0 0 0
0 2 0 0
0 0 1 0
0 1 0 0
0 0 0 2
0 0 1 0
1 4 1 0
2 1 1 0
0 0 1 1
0 1 1 0
0 1 0 0
0 0 0 0
0 1 1 1
2 1 1 0
0 0 0 1
0 0 0 0
2 1 0 0
0 1 0 1
0 3 0 3
0 2 0 0
0 0 0 0
1 1 1 0
0 0 1 0
0 1 1 0
0 0 0 0
1 0 0 0
2 1 1 0
0 0 0 2
0 0 1 0
1 0 2 0
0 1 0 0
0 1 1 2
0 0 1 0
1 3 1 0
0 0 0 0
0 1 1 0
2 0 0 2
0 0 0 2
0 1 1 4
0 1 0 0
2 2 2 1
1 1 0 1
2 0 0 0
0 0 0 0
1 0 0 0
0 1 0 1
0 1 0 0
0 0 1 1
1 1 0 0
0 2 0 1
0 1 1 0
0 0 0 0
0 0 3 0
0 0 0 0
2 2 3 1
0 0 2 1
2 0 1 0
1 0 0 0
0 0 0 0
1 1 0 0
1 0 1 0
0 0 1 1
0 0 1 3
0 0 2 1
0 1 4 1
0 0 0 0
1 1 0 3
0 1 0 1
0 0 0 0
0 0 0 0
0 1 0 0
0 1 1 0
1 0 0 0
1 1 1 1
0 0 1 0
2 0 1 3
1 0 1 1
1 0 1 3
1 0 1 1
2 1 2 0
2 0 0 1
0 0 2 0
0 0 2 1
0 0 0 1
0 1 0 0
0 0 1 1
2 0 0 0
2 0 1 0
2 0 0 0
0 1 2 0
0 1 2 1
0 2 0 0
1 0 1 1
0 2 0 0
0 0 1 2
1 1 0 0
0 0 0 1
1 1 0 0
1 0 0 1
1 2 1 0
0 0 0 0
1 0 0 2
0 2 1 0
0 1 0 1
0 0 1 0
1 0 0 0
0 0 2 1
1 0 2 1
0 1 0 0
0 3 0 1
0 1 0 0
0 0 0 0
0 1 1 0
0 1 0 1
0 0 0 2
0 2 0 3
0 0 1 0
0 0 1 0
0 2 1 0
1 1 0 0
2 0 0 0
0 0 1 3
0 0 0 0
0 0 1 2
0 1 0 2
0 1 0 0
2 0 0 1
2 0 0 0
1 1 0 0
0 0 0 1
0 0 1 0
1 1 0 0
0 1 1 1
0 0 0 0
1 0 0 0
0 1 0 2
1 1 1 0
0 1 1 1
0 1 1 2
1 0 0 1
0 0 2 0
0 0 0 0
2 3 0 3
1 0 0 0
1 0 4 0
0 0 1 1
0 0 0 1
1 1 2 1
1 1 1 1
0 0 0 0
0 0 2 1
0 0 1 2
0 0 0 1
1 0 0 0
0 0 1 1
0 1 0 2
0 0 1 0
1 1 0 0
0 1 3 1
3 1 1 1
0 0 2 1
1 1 0 1
0 0 0 0
1 0 0 0
1 0 0 2
2 0 0 0
2 0 0 0
0 4 2 3
1 0 2 0
0 2 1 0
0 0 1 1
1 0 0 0
1 1 1 1
3 0 1 1
2 2 0 0
0 0 0 0
0 1 0 0
0 0 1 1
4 0 0 2
1 1 0 0
0 0 0 2
0 0 1 0
1 2 0 0
0 2 0 0
1 0 1 1
1 0 1 0
0 0 1 4
1 1 0 0
0 1 0 0
0 1 0 1
0 0 0 1
0 0 1 0
1 0 1 1
2 3 1 1
0 0 0 1
0 3 0 1
0 0 0 2
0 1 1 1
0 0 0 1
2 0 0 1
1 4 0 0
1 0 0 0
0 0 0 0
0 1 1 0
1 0 0 1
1 0 0 1
0 3 0 0
2 0 0 0
0 1 0 0
0 2 0 0
0 1 0 0
0 0 0 0
1 0 0 0
0 0 1 0
2 1 0 1
0 3 0 0
4 0 1 1
3 2 1 0
0 0 0 0
0 0 0 0
0 0 0 1
2 1 1 0
2 0 0 0
2 0 1 0
0 1 1 0
0 0 1 4
0 0 0 0
0 0 0 1
1 0 2 0
1 2 1 1
0 2 1 0
0 1 0 0
0 0 0 1
1 0 0 2
1 0 1 1
1 0 0 0
1 0 1 0
0 2 0 0
1 1 0 1
2 0 0 0
0 0 0 0
0 0 0 1
0 2 0 0
0 3 0 0
1 0 0 2
0 1 0 2
1 1 0 1
0 1 0 1
1 0 0 0
0 0 0 0
0 1 1 0
2 1 0 1
0 1 0 1
0 0 0 0
1 3 2 0
0 0 0 1
0 1 0 0
1 3 0 0
0 1 0 0
1 2 0 0
0 0 1 0
1 0 0 0
0 0 0 0
0 0 2 0
0 0 0 1
1 0 1 3
1 0 3 0
2 1 1 0
0 3 0 2
0 1 0 0
1 0 1 0
0 0 0 0
0 1 0 0
1 1 0 0
2 1 0 0
0 0 1 0
0 0 0 0
0 0 0 0
0 1 0 2
0 2 1 0
2 0 0 0
1 1 2 1
0 0 0 1
0 0 0 0
0 0 2 4
1 1 1 0
0 2 0 0
2 2 0 0
0 0 1 1
0 0 0 0
1 0 1 1
0 0 0 0
0 0 1 0
0 0 1 0
0 0 0 0
1 1 0 1
1 0 0 1
2 0 1 2
0 0 0 0
1 0 0 0
0 0 0 1
1 1 0 0
0 0 0 1
0 0 0 0
0 0 0 1
0 3 0 0
3 2 1 0
1 0 1 0
4 0 0 0
1 1 0 1
0 1 0 3
1 0 1 0
0 0 1 2
0 3 3 1
3 0 3 1
2 1 1 1
0 0 1 0
1 1 1 1
0 0 0 1
0 2 4 0
0 0 0 1
1 1 0 0
1 1 0 0
0 1 2 0
0 1 1 1
2 1 0 1
0 0 0 0
1 1 2 0
1 1 1 0
0 0 2 2
0 0 1 1
1 2 0 0
0 0 1 0
1 1 1 0
1 0 0 0
0 1 1 0
0 0 0 1
1 1 0 0
0 2 0 2
1 0 0 2
0 0 1 2
0 1 1 2
0 2 1 1
0 0 0 0
0 1 1 0
0 0 0 3
0 0 1 1
1 1 0 1
1 0 1 0
1 0 0 2
0 0 0 1
1 3 1 0
0 1 1 2
0 0 0 0
1 1 1 0
0 0 1 0
0 1 0 2
1 1 1 0
2 1 1 0
0 1 1 0
3 2 2 1
0 0 1 0
1 1 0 0
2 3 1 1
1 1 1 0
0 0 1 1
0 0 0 0
1 0 0 1
1 2 2 1
1 0 2 2
2 0 0 4
0 0 0 0
0 1 0 1
3 0 0 1
0 0 1 3
0 0 1 0
3 1 0 0
0 0 1 1
0 1 0 0
0 0 0 0
1 1 1 1
0 0 0 0
0 3 1 1
4 0 2 0
1 1 2 0
1 1 1 0
0 0 2 0
0 1 0 2
0 0 0 0
4 0 0 0
0 0 1 1
0 1 1 1
1 0 0 0
1 2 1 0
1 0 3 2
2 3 2 0
0 1 0 1
0 0 0 2
0 0 0 3
0 1 0 1
0 0 0 0
2 1 2 0
2 0 1 0
0 1 0 2
0 0 0 1
1 1 1 1
1 1 1 3
1 1 0 1
0 4 2 1
0 0 1 0
0 1 0 0
0 0 0 1
1 1 0 0
0 2 0 0
1 1 1 0
1 0 1 0
0 0 1 1
0 1 0 1
0 1 1 0
0 2 2 1
0 4 0 0
0 0 0 0
3 0 0 0
0 0 1 0
1 0 1 1
0 1 1 1
0 1 0 0
2 1 0 0
0 0 0 0
0 0 1 0
2 0 0 0
0 0 0 0
0 0 1 0
0 0 1 1
0 0 1 0
1 0 1 0
2 0 0 1
0 1 0 0
0 0 1 0
0 1 0 0
0 0 1 2
1 2 1 1
0 1 1 0
0 0 0 0
1 0 0 0
2 1 1 0
0 0 2 0
0 0 0 0
1 1 1 1
0 3 0 0
0 2 2 3
0 0 0 1
0 1 0 2
1 1 1 0
0 1 1 0
0 2 0 0
1 1 0 0
2 0 0 0
1 1 0 0
1 0 1 0
0 0 1 1
0 0 0 0
1 1 0 0
0 1 0 0
3 0 2 0
0 3 1 0
0 0 2 1
1 0 0 0
1 0 3 0
0 1 0 0
0 1 1 2
1 1 0 1
0 1 2 1
2 1 0 0
0 1 2 1
0 0 1 0
0 0 0 1
0 1 0 1
1 1 0 0
1 1 1 0
2 0 1 1
1 1 0 1
1 0 0 1
0 0 0 0
1 0 0 0
0 1 0 0
0 1 2 1
0 1 0 0
1 0 2 1
2 1 2 0
1 0 0 0
3 3 1 0
1 0 1 2
1 1 2 1
0 0 0 3
0 2 0 0
0 0 1 0
0 0 0 1
0 4 0 0
0 0 1 1
0 0 1 0
0 0 0 0
1 1 0 0
1 1 0 1
1 0 0 0
0 0 0 2
0 2 0 1
2 0 2 0
0 1 0 0
1 2 1 0
1 0 0 1
0 0 1 0
0 0 0 1
1 0 2 1
0 0 0 3
0 1 0 0
0 1 1 0
1 0 1 1
0 0 0 0
0 0 0 2
0 0 1 0
2 1 1 1
0 0 0 1
1 1 3 0
0 0 0 0
0 1 0 1
1 1 2 1
0 0 1 1
1 0 2 0
0 0 2 0
0 1 1 0
0 2 0 1
1 0 1 0
1 0 0 1
0 1 1 1
1 2 1 2
0 0 1 2
0 0 0 0
1 0 0 0
3 1 0 0
1 1 0 1
0 0 0 1
1 0 0 2
0 0 1 0
0 0 3 2
1 2 1 0
1 1 0 1
0 1 1 0
1 0 2 2
2 0 1 0
0 1 1 2
0 1 0 0
0 1 0 0
0 1 0 4
0 0 2 2
0 0 2 0
0 1 4 0
0 0 0 1
0 0 1 0
0 0 0 1
0 1 4 1
0 0 2 0
0 1 1 1
0 0 0 0
0 0 0 0
0 3 0 0
1 0 0 0
1 0 1 2
0 1 1 1
0 1 0 0
2 0 0 1
0 0 0 0
0 1 1 1
0 0 0 1
0 0 1 1
1 1 0 0
1 1 0 0
0 1 2 0
2 1 0 0
2 1 1 0
3 0 0 0
1 0 1 0
0 0 1 1
0 0 0 1
1 0 0 1
0 0 0 1
0 1 0 1
1 0 0 0
0 1 0 0
3 1 1 0
1 1 0 0
0 0 0 4
0 2 0 1
0 0 1 1
0 0 0 0
1 0 2 2
2 0 0 0
1 0 3 0
0 2 1 0
0 0 0 0
0 0 0 0
0 0 0 1
1 0 1 1
1 1 1 3
0 0 1 0
2 0 0 0
1 2 0 1
0 1 0 1
1 1 0 0
0 0 0 1
1 4 0 1
1 0 0 4
1 0 0 1
0 0 0 0
0 1 2 1
2 0 0 1
1 0 1 0
1 2 0 0
2 2 0 0
1 1 0 2
1 0 1 1
0 2 2 0
1 2 0 1
1 0 0 0
1 0 0 1
1 0 1 1
1 0 0 0
1 0 2 0
0 4 0 1
0 2 2 0
2 0 1 0
3 0 0 1
2 0 2 0
0 0 0 0
0 3 1 1
0 0 2 0
0 1 1 0
0 0 2 2
0 2 1 0
0 0 0 2
1 0 1 2
0 0 0 1
2 3 1 0
2 2 1 0
0 0 0 3
0 1 0 1
0 4 0 1
0 1 1 1
0 0 0 1
1 1 2 1
1 0 0 1
0 0 0 0
1 0 1 0
0 0 2 0
1 0 2 0
0 1 1 2
0 0 1 0
0 1 1 0
1 1 0 0
1 0 3 0
0 3 0 0
1 0 0 0
0 0 2 1
0 0 0 0
0 0 1 0
0 1 1 2
1 3 0 0
4 0 0 1
1 1 1 0
0 0 1 0
4 1 2 0
1 0 0 3
0 3 2 1
0 0 0 1
1 0 0 0
0 3 0 0
2 1 0 0
0 0 0 0
0 2 0 0
0 0 0 0
0 0 0 0
0 0 0 1
1 0 0 1
0 0 0 1
1 0 0 0
0 0 0 2
0 0 0 1
0 2 2 2
1 0 3 0
1 2 0 0
0 1 0 2
0 1 1 2
0 1 2 2
1 0 1 2
0 3 0 0
2 2 0 3
1 0 1 2
0 4 0 0
0 0 0 2
1 0 1 0
1 0 0 0
0 0 0 0
0 3 1 0
0 0 1 0
1 0 0 0
0 3 0 3
0 1 0 2
0 1 1 0
0 4 2 1
2 0 1 0
2 0 0 1
0 1 0 0
0 1 2 1
4 0 0 3
0 0 2 1
0 1 0 3
2 0 0 0
0 0 0 0
0 0 1 0
1 0 0 0
0 0 0 0
2 0 0 1
0 0 1 0
1 0 2 0
2 0 1 1
1 0 0 1
1 0 1 2
0 0 0 1
1 1 0 1
0 2 0 0
1 0 2 0
0 0 0 0
0 1 0 1
1 4 0 0
2 0 1 0
1 0 2 2
0 0 0 4
0 2 0 2
0 0 0 1
0 0 0 0
1 0 1 0
0 1 1 0
2 0 0 0
0 0 0 0
1 0 1 0
0 0 1 0
1 1 1 0
1 0 0 0
3 0 3 2
1 0 0 0
1 0 0 1
0 0 1 0
2 1 0 0
0 1 0 0
3 0 0 0
0 1 0 0
0 0 0 0
1 0 0 1
1 1 1 0
0 2 3 0
0 0 0 0
0 0 0 2
1 0 3 0
0 2 0 2
2 0 1 0
0 0 0 0
0 0 2 0
1 0 0 0
0 0 2 0
0 1 0 0
0 0 2 0
2 0 0 0
1 0 0 0
0 0 0 2
1 0 0 1
0 1 0 0
0 0 0 0
0 3 0 1
0 0 0 2
0 0 2 1
0 1 1 0
0 0 0 0
0 1 0 0
0 3 0 1
0 2 2 0
3 1 1 1
1 1 0 4
0 0 1 0
0 0 0 0
1 1 0 1
1 0 0 0
2 1 2 0
1 0 1 0
1 1 0 0
0 2 0 0
0 0 0 0
1 0 0 0
0 2 1 0
0 0 0 0
2 0 0 0
2 1 3 1
0 2 1 1
0 4 0 0
0 2 1 0
1 0 0 0
0 0 0 0
0 0 2 0
0 0 1 0
0 0 1 0
0 0 0 2
0 0 0 0
2 0 0 0
1 0 1 1
0 1 0 0
0 0 1 2
1 0 1 2
0 0 1 1
1 1 1 0
1 1 0 0
0 1 0 1
2 0 1 1
3 1 1 0
0 1 1 0
2 0 0 0
0 1 1 3
1 0 1 0
0 0 0 0
1 1 2 0
0 2 2 0
0 4 0 0
4 0 1 1
0 4 0 0
0 0 0 0
0 0 0 0
0 0 0 0
2 0 0 2
0 0 3 0
0 0 1 2
2 1 1 0
1 3 1 0
0 0 0 0
0 0 1 0
2 0 0 2
0 0 0 1
0 0 0 0
0 0 0 1
1 0 0 1
0 0 0 1
1 0 0 2
0 0 3 3
0 0 1 0
1 0 2 0
1 0 2 1
0 1 0 1
0 0 1 1
1 0 0 0
0 0 0 0
0 0 2 1
1 0 0 2
1 2 0 0
1 0 0 0
0 0 2 0
0 0 0 1
1 1 0 1
0 0 0 1
0 0 0 0
0 0 0 2
0 1 1 0
1 0 0 1
2 2 0 0
2 1 0 0
1 0 1 0
1 0 1 1
2 0 0 0
0 0 0 0
0 0 1 0
1 0 1 1
0 1 0 4
0 1 1 4
0 1 0 1
1 0 1 0
0 0 1 2
4 0 0 1
0 1 0 0
0 0 0 1
1 2 0 0
1 2 2 0
0 4 0 1
4 1 1 0
3 0 0 2
0 1 0 0
0 1 1 0
1 1 2 0
0 0 1 0
0 0 1 1
3 1 2 0
0 1 1 1
1 0 0 1
2 0 1 1
0 2 0 1
0 0 1 0
1 2 1 0
1 1 0 3
0 0 2 0
0 0 1 2
0 0 1 1
0 1 0 1
1 0 0 0
1 0 0 1
0 0 0 4
2 1 3 1
0 1 2 0
2 2 0 0
0 1 2 1
1 1 0 0
0 0 0 2
1 0 1 0
0 0 0 0
0 0 0 1
0 2 0 0
0 0 0 1
1 1 0 0
0 2 0 0
1 0 3 0
0 0 0 0
0 1 0 0
0 0 0 0
0 2 0 0
0 1 0 1
0 0 0 0
2 0 0 0
0 3 0 0
0 0 0 0
0 0 1 0
3 1 0 0
0 1 0 0
0 0 0 2
0 0 0 1
0 0 0 0
2 2 0 0
0 0 1 2
0 0 1 1
0 1 0 2
2 0 2 0
0 0 0 0
0 1 0 1
1 4 2 0
1 0 0 1
0 2 2 2
0 0 2 1
2 1 0 0
2 0 2 1
0 0 0 0
0 0 0 0
2 0 1 1
0 1 3 0
1 1 0 0
3 0 0 0
1 1 1 2
1 3 0 1
0 2 0 0
1 0 2 1
3 2 0 0
0 0 1 0
2 1 2 0
3 0 0 1
0 0 1 2
0 0 1 0
2 1 0 2
1 3 0 2
0 0 0 0
2 1 0 0
0 1 0 1
1 0 0 2
1 0 0 1
0 1 0 0
0 0 1 1
0 0 0 0
1 1 0 1
1 0 0 0
0 0 0 1
0 0 0 2
0 2 0 3
0 1 1 1
1 0 1 1
1 0 0 0
2 0 1 0
2 2 0 2
0 0 1 0
4 1 0 0
1 1 0 1
0 0 2 0
0 0 1 1
2 0 0 1
1 2 0 0
0 0 1 0
2 2 2 0
0 0 0 0
0 0 2 1
0 0 0 1
0 0 2 0
0 0 0 0
0 3 0 2
0 0 1 2
0 3 0 0
0 2 0 0
0 0 0 0
0 4 0 1
0 0 0 2
0 0 0 3
0 2 3 1
0 1 1 0
1 2 1 2
1 0 2 0
0 0 0 1
0 0 0 0
2 2 0 0
2 1 1 1
0 2 0 2
0 0 1 0
0 0 2 1
2 0 1 0
2 0 1 0
0 0 0 2
1 0 0 0
1 0 0 0
2 0 1 2
3 0 0 1
0 0 0 0
0 2 1 0
0 0 0 0
1 1 0 4
0 0 1 2
0 1 0 0
1 0 0 0
0 3 0 1
1 1 1 2
0 0 2 1
0 2 0 0
0 0 1 4
0 1 0 1
1 1 0 0
0 1 1 1
0 0 0 1
1 0 0 4
1 0 1 0
0 1 1 0
0 2 0 0
1 0 0 1
1 0 0 1
1 0 0 0
0 0 0 1
0 1 1 4
0 1 1 0
0 0 1 0
0 1 0 1
0 2 2 1
1 2 1 0
0 0 2 0
0 0 0 1
1 0 3 1
0 0 0 2
0 1 0 0
0 0 2 0
0 2 0 2
0 1 0 1
1 1 0 3
0 3 0 4
0 0 1 0
0 0 0 1
0 0 0 2
0 1 0 1
0 0 1 0
0 0 0 2
0 0 0 0
0 0 0 0
1 0 1 0
1 1 0 0
1 0 1 1
1 2 2 2
1 1 1 1
3 3 0 0
0 0 0 0
1 0 0 0
2 0 0 3
1 1 1 1
0 0 2 0
2 0 0 0
0 0 2 1
0 0 0 0
2 0 1 0
1 0 0 0
0 0 2 0
3 0 1 0
0 1 2 0
1 1 2 0
1 0 0 0
0 1 0 0
0 0 1 0
1 0 0 0
0 0 0 0
0 0 1 0
1 0 0 1
0 2 0 0
3 0 0 1
1 0 0 0
0 0 1 0
1 0 1 0
3 1 1 2
0 3 1 1
1 0 1 1
3 1 0 1
0 0 0 0
0 0 0 0
0 0 4 1
1 0 0 1
1 4 1 1
1 1 1 0
1 1 2 0
1 2 0 1
1 0 0 0
1 1 4 0
0 2 0 0
1 0 2 0
1 1 2 1
1 1 1 0
0 2 0 0
2 1 0 0
0 0 0 1
1 1 1 1
1 0 0 0
1 2 0 0
2 0 1 0
0 0 2 0
0 0 1 0
0 1 2 1
0 1 0 1
2 0 0 0
2 0 1 0
0 0 2 0
0 0 0 1
1 2 1 0
0 0 0 0
0 2 0 0
0 2 0 2
2 0 3 0
0 0 1 1
0 0 0 0
0 1 2 1
1 0 1 1
0 2 0 1
3 2 2 0
0 3 1 0
1 0 0 3
1 0 0 1
1 1 1 3
0 0 1 2
0 1 0 0
0 2 0 1
0 0 1 1
0 0 0 0
0 0 0 2
1 0 1 0
1 0 0 4
0 0 0 0
0 1 1 1
1 0 0 2
0 0 1 1
1 0 0 1
0 2 1 0
0 4 0 1
0 1 0 0
2 0 0 1
1 0 1 0
0 0 0 0
3 1 2 1
1 0 0 1
0 1 1 2
2 0 1 0
3 0 0 0
0 0 0 0
0 0 0 0
0 0 1 0
1 0 0 1
1 0 0 1
0 0 0 0
0 0 0 0
2 0 0 3
0 0 0 2
3 2 2 1
2 0 0 0
0 1 2 0
1 0 0 0
0 0 1 0
1 1 0 1
1 0 0 0
2 0 0 0
2 3 1 0
0 1 0 0
1 2 0 2
1 0 0 1
1 1 1 1
1 1 3 0
2 1 3 0
0 0 0 1
0 3 0 1
0 1 0 0
1 0 0 0
0 1 2 2
1 0 0 1
1 0 2 0
0 1 2 3
0 0 2 0
0 0 2 0
1 0 1 0
0 0 0 1
0 0 3 0
0 0 2 0
2 0 0 0
2 0 1 0
0 0 0 0
2 1 0 0
1 1 0 0
1 1 0 0
1 1 0 0
1 1 0 0
1 3 1 2
0 0 1 0
0 2 1 1
1 2 0 0
2 0 0 1
0 0 1 0
1 0 1 0
1 0 1 0
0 1 2 2
0 0 0 0
1 1 0 0
2 0 0 0
1 0 1 0
0 0 2 0
1 1 1 1
0 0 1 0
0 0 0 0
0 0 0 0
0 1 2 0
0 0 0 1
2 0 1 0
1 1 2 0
0 0 3 0
0 1 0 0
0 0 1 0
0 1 1 0
1 0 2 1
0 0 1 0
0 2 0 0
0 0 0 1
3 0 1 0
3 0 0 0
0 0 0 1
1 0 0 0
1 1 1 4
2 1 0 1
1 0 0 0
0 0 1 1
0 1 2 0
2 1 1 0
1 2 1 0
2 1 1 0
0 2 0 1
0 1 0 0
0 0 1 1
0 0 0 0
0 0 0 0
1 0 1 0
0 2 0 1
0 0 0 0
0 1 0 2
0 0 1 1
0 0 1 1
1 1 2 0
0 0 0 1
0 0 2 1
0 0 1 0
2 0 0 0
2 4 0 0
1 0 0 0
2 1 0 0
0 0 1 0
1 1 0 2
1 0 0 0
2 0 0 1
1 0 1 1
1 4 2 0
2 1 0 0
2 0 0 0
0 2 0 1
1 2 0 0
0 0 0 0
1 0 0 0
0 0 1 2
0 0 2 1
0 0 0 0
2 0 0 0
1 2 1 1
1 0 3 0
1 0 0 3
0 0 0 1
0 1 3 1
1 3 0 0
2 0 0 0
1 1 1 1
0 2 0 0
0 1 1 1
3 0 1 0
1 0 0 0
0 1 3 0
1 2 1 1
0 3 1 0
0 0 0 1
0 0 1 0
0 2 0 2
0 2 0 2
0 0 0 0
0 1 2 0
0 2 0 0
2 1 0 3
2 2 0 0
0 0 0 2
0 1 0 0
0 0 2 4
0 0 0 1
0 1 4 0
0 0 0 1
0 2 3 1
0 0 0 1
1 0 1 0
0 0 0 1
1 0 0 0
0 0 0 4
1 0 1 0
1 0 0 0
0 0 1 2
0 0 0 0
0 2 1 0
0 0 0 0
1 0 0 1
4 1 0 0
1 0 0 0
0 0 1 0
0 0 2 2
0 0 0 0
0 1 1 1
0 1 0 1
0 0 0 0
0 1 0 2
0 0 0 0
0 0 0 1
1 3 0 1
0 1 2 0
1 0 1 0
2 1 0 0
0 0 2 0
0 0 2 1
1 0 2 0
0 0 0 1
1 1 0 0
1 2 0 1
2 0 0 0
0 0 1 0
0 1 2 1
0 0 0 2
1 1 0 1
0 1 0 0
1 0 0 1
0 3 2 2
0 0 1 0
0 1 0 0
0 0 0 0
0 1 0 1
1 0 1 0
1 0 1 0
3 0 2 1
0 0 1 0
1 0 4 0
1 1 0 0
0 1 1 0
0 0 1 0
1 0 1 0
1 1 1 0
0 0 1 1
0 1 3 0
0 0 0 0
0 0 0 0
0 1 1 2
2 0 0 0
0 2 0 2
0 0 2 1
2 1 1 0
1 0 0 0
1 1 3 0
2 0 3 0
2 0 1 0
4 0 0 3
0 0 0 1
0 1 1 2
0 0 0 1
1 0 0 0
0 0 1 0
0 0 2 0
0 4 3 0
0 0 2 1
0 1 0 0
2 0 1 3
0 1 0 0
0 1 0 0
0 1 0 0
0 0 0 1
0 0 0 3
1 2 0 0
1 0 0 0
0 1 1 0
2 0 0 3
0 0 0 0
0 1 1 0
2 0 0 0
0 1 0 0
0 1 0 0
0 0 0 0
0 0 0 0
2 1 2 0
1 0 0 0
1 1 0 0
0 2 0 1
0 0 2 0
1 0 1 0
3 0 2 3
0 0 0 0
1 0 1 0
1 2 0 0
1 2 0 2
0 0 2 1
0 0 2 1
0 0 0 2
2 2 4 0
0 2 0 0
0 0 0 0
0 0 3 0
2 0 1 1
1 1 1 0
4 0 0 0
2 0 2 1
2 3 0 0
3 0 0 0
0 0 0 1
1 0 3 0
0 0 2 2
0 0 0 1
0 0 0 0
1 0 1 0
2 1 0 3
0 0 4 2
2 1 0 0
0 2 0 3
0 0 0 1
0 2 0 1
0 2 0 0
1 0 0 0
0 0 0 0
0 1 3 1
0 0 0 0
1 1 0 1
0 1 2 0
0 0 0 1
2 1 0 0
0 0 1 1
0 0 0 1
2 0 2 0
0 0 1 1
0 1 2 2
1 0 0 1
0 0 1 0
0 2 0 0
1 0 0 0
0 2 0 2
2 1 0 0
2 0 0 1
3 1 0 0
1 1 0 0
0 2 0 2
3 2 1 1
1 1 1 1
1 4 0 0
0 0 0 2
0 0 0 0
1 1 1 1
4 0 1 1
1 0 1 1
2 0 2 0
1 0 1 0
4 0 0 0
1 2 1 2
0 0 2 0
0 0 3 0
1 0 1 1
0 0 0 0
2 1 0 0
0 1 2 1
0 0 1 0
0 0 0 0
1 0 0 0
2 0 2 1
2 4 1 0
4 1 0 1
0 0 0 1
0 1 0 1
1 4 0 0
1 2 1 1
0 1 1 0
0 1 0 0
0 0 1 2
1 2 1 0
0 0 0 0
0 0 3 0
1 1 1 0
2 0 1 0
0 0 0 0
0 2 0 0
0 1 0 0
0 0 0 1
1 0 0 0
0 0 1 0
0 0 0 1
1 0 0 1
0 1 0 0
0 1 0 0
3 0 1 1
0 0 1 1
0 2 2 1
1 0 0 0
3 1 1 1
1 0 1 0
1 0 1 0
0 0 0 0
0 0 2 1
1 1 0 0
1 0 1 0
1 1 1 0
1 1 0 4
2 0 4 0
1 0 0 0
2 0 1 1
0 1 0 1
0 0 0 1
2 0 1 0
0 1 0 0
1 2 2 2
0 0 1 1
1 0 0 0
3 1 0 1
0 1 2 0
3 0 2 0
2 1 0 1
2 0 0 1
0 2 0 0
1 0 2 0
0 0 0 2
1 0 0 3
1 0 0 1
1 2 0 0
1 0 0 0
1 0 3 1
2 0 1 0
0 0 0 3
0 0 1 0
0 0 0 0
0 2 1 0
0 2 0 2
0 1 1 2
0 0 0 2
1 1 0 0
0 0 1 0
0 2 0 0
2 1 0 0
1 0 2 1
1 0 1 2
2 0 0 0
2 0 0 0
0 2 1 0
0 1 2 0
0 0 0 1
1 1 1 2
0 1 1 1
1 1 2 0
0 0 1 0
0 0 1 0
1 0 0 0
4 3 0 0
0 1 0 0
0 0 1 1
0 1 1 0
0 1 0 0
0 0 1 0
1 0 2 0
1 0 1 1
0 1 0 4
2 1 1 0
0 0 1 0
0 0 0 2
0 0 1 0
1 1 0 0
0 0 0 2
2 1 0 0
1 0 1 1
0 0 0 0
0 1 0 0
0 2 1 0
0 1 0 2
0 0 2 3
0 0 0 0
0 0 0 0
0 3 1 0
0 0 1 0
0 0 0 1
0 1 0 0
0 1 0 0
2 0 0 1
0 2 0 0
1 1 0 0
0 2 0 1
0 2 0 0
2 1 0 1
0 1 0 1
0 1 0 2
0 0 0 0
1 0 0 1
0 2 2 1
1 1 0 4
0 0 2 2
0 1 0 0
0 1 0 0
1 0 0 1
0 0 0 2
1 1 0 0
0 1 1 0
3 3 1 2
2 0 1 0
1 0 1 0
0 0 0 3
1 0 1 3
1 0 1 0
2 0 1 0
0 0 0 0
0 0 1 0
0 2 4 1
0 1 0 2
2 0 0 0
2 1 0 0
0 0 0 0
1 0 0 0
1 1 1 0
0 0 1 2
0 0 0 0
1 0 3 1
0 2 0 1
1 0 2 0
0 3 0 0
1 1 0 2
1 0 0 0
1 1 2 0
1 0 0 0
1 0 0 2
2 0 1 1
1 0 0 1
0 1 1 0
0 0 0 1
0 0 0 0
4 0 1 1
1 1 0 0
3 2 1 2
0 1 0 1
1 2 0 0
0 1 0 0
0 1 1 0
0 2 1 0
2 0 0 0
1 1 0 2
1 0 0 0
1 0 0 0
1 2 0 0
2 0 0 0
3 1 2 2
3 0 0 0
1 1 0 1
2 1 1 0
1 0 1 0
0 1 1 3
0 0 0 0
1 0 0 0
1 0 0 2
0 0 1 1
0 0 0 0
3 1 1 1
0 0 0 0
2 0 0 1
1 2 0 0
0 1 0 0
1 0 1 1
1 1 0 0
1 0 0 0
0 0 2 0
0 1 0 0
3 1 1 0
0 0 0 1
1 0 1 0
0 3 0 0
0 1 0 0
0 3 0 0
1 0 0 0
0 1 0 0
0 2 1 0
2 1 1 1
0 0 0 1
3 1 2 0
3 0 0 0
1 0 1 1
1 1 0 0
0 2 0 3
0 0 0 0
3 2 0 4
0 1 1 1
1 1 1 0
0 0 1 2
1 0 2 1
1 0 1 2
0 0 1 0
2 0 1 0
0 0 0 0
0 0 1 1
0 0 1 0
0 0 0 1
0 0 0 2
0 0 0 0
1 0 0 0
0 0 2 0
1 0 0 0
0 1 1 1
1 1 1 0
2 2 1 1
1 0 0 3
1 0 0 0
0 1 2 1
1 0 1 3
0 1 1 1
0 0 2 1
2 2 2 0
0 0 1 1
1 0 0 0
0 1 0 0
0 1 4 0
0 0 0 0
2 1 0 1
2 0 0 2
1 0 0 4
0 0 1 1
0 0 1 2
0 0 2 0
2 1 3 0
2 0 1 0
2 0 2 0
1 0 0 0
0 1 1 0
0 1 4 0
1 1 0 0
0 1 0 0
1 1 1 1
1 1 1 2
1 1 1 0
2 1 0 0
1 0 0 4
0 0 1 1
0 0 0 0
0 2 1 0
0 1 1 0
1 1 2 1
2 2 1 0
1 0 1 1
1 0 1 0
0 0 0 0
0 0 1 0
0 2 2 0
0 1 0 1
0 1 1 1
2 3 1 1
2 1 0 0
1 1 1 0
1 1 1 0
1 0 3 1
2 2 2 3
3 3 0 0
0 1 0 2
0 2 0 0
0 0 0 0
0 1 0 0
0 1 1 0
1 0 0 0
1 0 0 0
3 1 2 0
1 1 0 1
0 0 1 1
0 1 1 1
1 2 0 1
0 0 2 0
0 0 3 0
0 0 4 0
1 0 0 0
0 2 1 2
0 0 0 0
2 1 0 1
2 4 0 0
1 0 0 1
0 0 1 1
1 0 1 2
0 1 0 0
0 0 1 0
0 0 0 2
0 0 0 1
0 1 0 1
0 1 1 1
0 2 1 0
1 1 0 0
1 1 2 0
1 1 3 2
0 0 1 0
0 1 0 0
0 2 0 0
0 2 1 0
1 0 1 0
0 2 2 1
2 2 1 1
2 1 0 0
2 1 0 2
0 0 1 0
1 2 0 0
0 1 1 0
0 1 0 2
0 0 2 0
2 1 0 1
1 2 1 0
0 0 1 1
0 1 1 1
3 0 1 0
0 1 3 0
0 0 0 1
1 1 1 0
0 1 0 2
0 2 2 0
0 0 0 0
0 1 1 1
1 1 1 0
0 0 1 0
1 0 1 1
0 2 0 0
0 0 0 0
1 0 0 0
0 1 0 0
1 1 1 0
0 0 1 2
0 1 0 0
1 0 1 0
1 0 1 1
1 0 1 2
0 1 1 0
1 1 0 0
0 0 0 1
0 3 0 0
1 0 2 0
4 4 0 0
0 0 3 2
0 0 1 0
0 0 3 2
4 0 0 2
2 0 2 2
0 0 0 0
0 0 0 0
1 0 0 1
0 0 0 0
0 0 0 0
0 1 0 0
0 1 0 0
0 2 0 0
2 3 0 0
1 0 0 2
0 1 1 0
0 2 1 1
2 0 0 0
0 1 0 1
0 0 1 0
0 0 0 0
1 0 1 1
2 0 1 0
0 0 0 0
1 0 0 0
1 1 0 2
0 0 0 3
0 0 0 0
0 1 1 0
2 0 0 0
0 0 1 1
0 1 1 0
0 2 0 0
0 0 2 0
3 0 0 1
0 0 0 1
0 2 0 1
0 0 0 0
1 0 0 0
2 2 1 0
0 0 0 2
1 0 0 1
0 1 1 1
0 0 1 0
1 1 0 1
0 2 0 0
0 0 0 2
0 0 0 1
0 0 3 2
1 4 2 1
1 1 1 1
4 0 0 0
1 0 0 1
0 2 1 1
1 1 0 1
1 0 3 0
0 0 2 0
1 0 0 0
0 0 3 0
0 0 0 0
0 1 1 0
0 1 0 2
0 2 0 0
1 1 0 1
0 1 1 3
0 0 0 3
4 2 0 0
1 0 0 1
1 4 0 3
1 0 1 1
0 1 0 1
1 0 4 0
0 0 0 0
1 0 0 0
1 0 1 0
0 1 1 3
1 1 1 0
0 1 1 0
1 0 3 2
0 1 0 1
0 0 0 1
0 0 2 1
1 0 1 0
0 0 0 1
0 1 1 1
0 2 0 0
0 3 1 4
1 0 0 0
0 0 0 0
0 0 0 2
0 1 0 2
0 0 1 1
2 1 2 0
1 0 0 0
3 0 0 0
1 0 0 1
0 0 0 1
0 0 0 0
1 1 0 2
1 0 1 0
1 1 0 2
0 0 2 2
0 1 0 3
1 1 0 2
0 1 1 0
0 0 0 1
0 0 0 0
0 0 0 0
0 0 1 0
0 0 0 0
0 2 0 1
0 1 0 1
0 0 0 0
0 1 0 1
0 0 2 1
0 0 0 0
0 0 1 1
2 1 0 0
1 1 4 0
0 0 0 3
0 0 3 1
1 0 3 0
3 2 0 0
1 2 0 0
1 0 1 0
0 2 0 2
1 0 0 0
1 0 3 0
0 0 1 0
1 1 2 1
1 1 1 0
0 0 1 0
2 0 0 0
0 0 0 2
0 3 0 0
0 0 0 0
2 0 0 1
2 1 0 0
0 1 0 0
0 0 1 2
0 1 0 2
0 0 1 3
1 1 0 1
2 0 0 0
1 0 1 0
0 0 1 0
0 0 1 3
2 0 0 0
0 0 0 0
0 0 0 1
1 0 2 0
1 0 0 0
3 0 0 1
1 1 0 0
1 3 3 0
0 1 0 0
1 0 0 0
0 0 3 1
3 0 2 0
0 0 1 2
1 1 1 0
1 1 1 0
0 2 0 1
0 1 1 1
0 1 0 0
0 0 0 0
0 0 1 0
0 2 1 0
1 1 1 2
2 1 1 1
3 1 1 1
0 0 2 0
1 0 2 0
0 0 1 2
0 1 0 1
1 0 0 2
3 1 2 0
0 3 2 0
0 0 1 0
0 0 0 0
0 1 1 1
0 0 2 1
0 1 0 4
1 0 0 0
1 2 0 1
1 1 0 0
1 1 0 0
2 0 0 2
1 0 0 0
2 0 1 0
3 2 2 0
0 1 0 1
0 2 0 0
2 1 1 1
1 0 0 2
0 0 0 0
0 3 0 0
0 2 0 1
0 0 0 1
0 1 0 0
1 1 0 1
0 0 0 1
0 1 0 2
0 1 0 1
0 0 1 2
1 1 0 1
0 0 2 0
3 0 0 0
0 1 0 0
0 3 0 0
0 0 0 0
1 0 0 0
1 0 0 0
3 3 3 1
2 2 0 0
0 1 0 0
0 0 0 1
0 1 1 0
0 1 1 2
0 0 0 1
1 1 0 0
0 0 0 0
1 1 0 1
0 0 0 0
0 0 0 0
0 0 0 0
1 0 1 1
0 0 0 0
0 1 1 0
0 1 0 0
2 0 0 1
0 1 0 1
2 2 2 0
0 0 0 0
1 0 0 0
0 0 1 0
0 1 1 0
0 0 0 2
0 1 0 0
1 0 0 3
1 1 1 0
0 0 0 0
2 1 1 2
3 2 0 0
3 0 1 0
1 0 0 0
0 1 0 0
1 1 1 2
0 0 0 0
2 0 0 0
1 0 2 0
2 0 0 1
0 0 3 1
1 0 1 0
1 1 2 1
0 0 0 2
0 2 2 3
1 0 1 0
0 2 0 0
2 0 0 0
1 1 1 1
1 1 1 0
0 0 0 0
0 1 0 1
0 0 1 1
0 0 0 2
2 1 3 1
0 0 0 0
0 3 0 1
0 1 2 0
2 1 0 1
0 2 0 0
1 1 3 1
1 3 1 0
0 2 0 0
0 1 1 0
0 1 1 0
0 0 1 0
0 0 1 1
0 1 1 0
0 1 0 1
1 2 0 0
0 0 0 2
0 1 0 1
0 0 1 3
1 0 0 1
0 1 1 0
1 0 0 1
0 0 1 1
2 0 2 0
0 2 0 0
0 0 1 2
0 1 0 0
0 0 0 1
1 1 0 0
0 0 2 0
1 0 0 0
0 0 0 1
1 1 2 1
1 0 0 1
0 0 0 1
0 0 0 0
1 0 0 0
2 1 0 0
1 1 2 1
0 1 1 0
0 0 0 1
2 0 0 0
0 0 1 0
1 1 1 0
0 1 1 0
1 0 1 2
0 4 3 0
0 0 0 0
0 0 0 0
1 0 1 0
0 0 1 2
2 1 1 4
3 1 0 1
0 2 0 1
0 0 2 0
1 0 0 0
0 0 0 1
0 1 1 0
1 1 2 0
0 1 0 0
1 0 1 0
1 0 0 0
0 1 1 0
0 0 0 0
3 2 2 0
0 0 0 0
0 0 0 0
0 2 1 0
0 0 2 0
0 0 0 0
1 0 1 0
1 1 0 0
0 2 0 0
0 1 0 0
3 1 0 1
0 0 2 0
2 2 0 0
0 0 1 0
0 0 0 0
4 1 1 0
0 0 1 2
0 0 1 0
0 0 0 1
0 0 1 4
1 0 0 0
1 0 0 2
0 0 0 1
1 0 0 0
1 1 1 0
2 1 0 1
0 0 0 0
1 0 0 0
3 2 0 0
0 1 0 1
1 0 1 1
2 0 0 1
2 3 0 0
1 0 3 4
1 0 1 0
0 0 0 0
1 1 2 2
1 1 0 0
0 0 0 0
2 0 0 0
0 1 0 2
0 1 2 2
1 3 0 2
0 0 2 3
0 2 0 0
0 0 1 0
0 1 0 1
2 2 0 0
1 2 0 1
1 1 0 1
0 0 0 0
0 0 0 0
2 0 1 2
1 0 0 2
0 0 0 2
1 2 0 0
0 0 1 0
0 2 0 0
0 1 0 0
0 0 0 0
0 0 1 3
4 1 0 1
1 2 0 0
1 2 2 0
0 0 0 0
0 1 0 0
1 1 0 1
0 0 1 0
4 0 0 0
0 0 0 1
1 0 0 1
0 0 0 4
0 0 1 2
0 0 0 3
2 1 0 2
0 0 0 0
0 0 2 0
1 0 1 0
1 0 1 0
1 0 0 0
4 1 0 1
0 1 0 0
0 0 2 0
1 4 0 1
0 0 1 0
0 1 1 0
0 0 1 0
0 1 0 0
0 1 0 0
2 0 1 1
0 2 0 1
2 0 0 1
0 0 0 2
1 2 0 1
0 1 2 0
1 0 0 0
0 0 1 0
0 1 0 0
0 0 3 1
0 0 0 0
1 1 0 0
0 0 1 0
2 0 0 1
1 0 1 0
0 2 0 1
2 0 1 0
2 0 1 0
0 0 0 0
0 0 0 0
0 3 3 1
1 0 3 0
1 1 0 2
2 1 0 1
0 0 0 0
0 2 0 0
2 0 0 2
0 0 1 2
0 0 1 1
0 0 1 0
0 0 0 0
0 0 1 0
1 0 1 0
0 1 0 2
0 2 0 0
3 0 3 0
1 1 1 0
0 0 0 3
0 1 1 0
1 0 0 1
0 2 1 1
1 3 3 0
1 1 1 1
1 0 2 0
0 1 2 2
1 0 0 0
2 0 1 0
1 0 0 1
1 0 3 1
1 0 2 0
0 1 0 0
0 1 1 1
0 0 1 1
1 0 0 1
2 1 1 0
1 0 2 0
1 1 0 1
0 0 0 0
0 0 2 2
2 1 3 0
1 0 2 1
0 0 0 1
0 1 0 0
1 0 1 1
0 1 2 0
0 0 1 0
0 0 0 1
1 1 0 1
1 1 0 0
0 0 1 0
0 0 2 0
0 0 1 1
1 0 0 0
1 0 0 1
1 3 0 2
0 0 0 2
0 0 1 1
0 1 1 0
0 0 1 0
1 0 1 0
1 0 4 1
1 2 2 3
0 0 0 1
0 1 1 1
1 2 0 0
2 1 1 1
1 1 0 0
3 0 1 1
0 0 0 2
0 0 0 1
0 0 0 0
3 0 3 1
2 0 1 1
0 0 1 0
1 0 2 4
0 0 1 0
1 1 2 0
0 0 1 0
0 0 0 0
1 1 0 1
0 0 0 1
1 2 0 0
0 1 2 0
1 1 1 1
1 0 2 0
0 0 0 0
1 1 3 0
1 0 0 0
1 0 0 1
2 0 0 0
1 1 1 0
1 0 0 0
1 2 0 0
1 0 0 2
1 0 1 0
1 0 0 0
0 0 0 0
1 0 1 0
0 0 0 0
0 2 0 1
0 0 1 0
0 1 1 3
0 0 0 2
0 1 3 0
1 0 1 0
0 1 0 0
1 1 2 1
0 1 1 3
0 0 0 1
0 1 2 2
2 1 2 0
0 0 0 1
0 3 0 0
0 0 1 1
0 2 2 2
1 0 0 1
1 0 1 1
0 1 3 0
1 1 0 0
2 0 0 0
2 1 1 2
1 0 0 0
1 0 0 0
0 1 1 0
1 1 1 0
0 0 0 0
0 0 0 1
0 0 1 4
0 4 1 0
1 1 0 1
1 3 1 0
3 2 1 3
0 0 0 0
1 0 3 0
0 0 1 0
0 1 3 0
1 1 0 0
1 1 3 1
1 2 2 0
0 2 2 2
0 1 0 0
2 2 1 1
0 1 1 2
0 0 0 3
2 0 0 0
0 0 1 0
0 2 0 2
0 0 2 0
0 0 0 1
1 1 0 0
0 0 1 0
0 1 0 0
0 0 0 0
0 0 0 0
2 2 0 0
0 1 1 0
0 1 0 0
1 0 1 2
0 0 1 0
0 0 0 0
0 2 0 2
3 1 0 0
0 0 0 0
1 1 0 0
1 0 0 0
2 2 1 0
2 0 1 1
0 0 0 0
0 1 0 0
0 0 0 0
2 0 0 2
0 0 1 0
1 0 1 0
0 1 2 0
0 1 0 0
0 0 1 0
1 0 0 1
0 0 0 0
0 0 1 0
0 0 0 0
1 0 1 0
0 3 2 0
2 1 0 4
0 2 0 0
1 1 0 0
1 0 0 2
0 1 0 1
0 0 0 0
1 0 2 0
2 2 0 0
1 0 0 1
1 0 0 0
0 0 0 0
2 1 1 0
0 0 0 0
0 1 0 0
0 0 1 0
1 0 0 1
1 0 0 1
1 0 0 0
0 1 2 1
0 1 0 1
0 1 1 0
2 2 0 0
0 1 2 0
0 0 0 0
0 0 0 0
0 1 1 0
2 1 1 0
0 3 0 0
1 0 0 1
0 1 0 3
0 1 0 0
0 1 1 2
0 0 0 2
0 0 0 1
1 0 1 0
0 1 0 3
1 0 2 0
0 0 0 0
2 1 0 0
1 3 2 2
0 0 0 0
0 0 0 0
1 1 1 0
0 0 0 0
0 0 0 0
0 0 0 1
0 1 0 1
0 1 0 0
0 0 0 1
0 1 1 0
0 2 2 0
3 1 0 0
2 0 2 2
0 0 0 1
0 0 1 0
0 0 0 1
0 2 1 0
0 2 1 1
1 0 0 0
1 0 2 0
1 1 0 1
0 0 1 1
1 2 3 0
1 0 0 2
3 0 0 2
2 0 2 1
0 0 0 0
1 0 0 1
0 0 2 0
0 0 1 1
1 0 2 0
2 0 0 0
0 0 1 3
0 0 0 0
1 4 2 0
1 0 1 2
0 1 0 1
0 0 1 0
0 1 1 0
1 1 0 1
1 0 0 1
1 0 0 2
0 0 0 0
0 1 1 1
0 0 1 1
1 2 0 0
0 0 0 0
0 0 0 0
0 0 1 0
0 0 0 0
1 0 4 0
0 0 2 1
2 1 0 1
1 2 0 0
1 0 1 0
1 1 1 0
0 0 1 4
0 0 1 0
2 0 1 0
0 0 0 1
0 0 0 0
0 0 0 0
2 2 0 0
0 1 0 1
0 0 0 0
0 0 1 0
2 1 0 0
0 4 0 3
1 0 2 2
0 1 0 0
1 0 0 1
3 0 0 0
0 1 0 0
1 1 0 0
0 1 0 1
0 0 1 2
0 1 0 1
0 1 0 0
0 0 3 0
0 0 0 0
0 2 0 0
0 1 0 0
0 0 0 1
1 0 0 1
0 0 0 1
0 1 0 0
0 1 1 0
0 1 1 0
2 1 0 0
0 4 1 0
1 0 3 0
4 1 0 1
0 0 0 0
0 1 3 0
3 3 1 0
0 0 0 1
1 0 0 2
0 1 0 1
1 0 1 2
0 1 0 1
0 0 0 1
0 0 1 0
0 0 2 1
0 1 3 2
1 0 0 2
3 1 0 0
0 0 1 0
0 0 0 1
1 0 0 1
1 1 0 0
1 0 0 1
1 2 0 0
1 1 0 3
1 0 0 0
2 0 0 2
0 0 1 0
1 1 0 2
0 2 1 1
1 0 0 1
1 1 2 0
0 0 0 1
1 0 2 1
0 0 0 1
0 1 1 0
1 2 1 2
0 0 2 0
1 0 2 0
0 0 1 0
2 1 0 1
0 1 0 0
1 0 0 0
1 1 3 0
0 0 0 0
0 1 1 0
0 0 0 0
0 0 2 3
1 0 1 1
0 0 0 1
0 0 0 0
1 0 2 2
1 1 1 1
1 1 0 1
1 0 1 1
2 0 1 0
0 0 0 0
0 1 0 1
0 0 0 2
1 0 0 0
1 1 1 3
0 0 1 2
0 0 1 0
0 0 0 0
0 0 0 3
1 0 0 1
0 1 1 0
0 0 0 0
0 0 1 0
0 0 0 2
1 0 0 0
0 1 0 0
0 3 1 0
0 1 0 2
0 2 0 1
1 0 2 3
1 0 1 0
1 1 1 2
0 0 0 0
2 0 0 2
1 0 0 0
2 1 1 1
0 0 1 0
1 2 1 1
0 2 0 0
1 2 0 1
1 1 1 2
1 1 0 0
2 0 1 0
0 0 0 0
0 0 0 2
1 2 1 0
0 2 0 1
0 2 0 0
0 1 2 0
0 0 3 0
0 0 0 0
2 0 2 4
2 1 1 0
2 0 0 0
0 0 1 0
0 0 2 1
1 2 0 0
0 1 0 2
1 3 2 1
0 0 1 0
0 1 0 0
0 1 2 0
0 2 0 0
0 0 0 1
0 0 0 3
0 1 1 1
3 0 0 1
0 0 0 1
0 3 1 0
2 1 1 1
1 0 0 0
0 0 0 2
0 0 0 1
0 3 0 3
0 0 0 0
0 0 1 0
0 0 0 2
0 0 0 0
0 1 3 0
0 1 2 0
0 0 0 2
1 0 0 1
0 1 1 0
0 0 1 1
0 1 2 0
0 0 1 0
1 0 0 3
2 4 0 0
0 1 0 1
1 0 2 2
1 1 1 0
3 0 3 0
1 0 0 2
0 0 0 1
1 0 3 1
0 1 1 1
1 2 0 0
0 0 0 1
1 0 0 0
0 0 1 3
0 0 2 1
0 1 0 0
0 1 0 1
0 0 0 0
0 0 2 0
0 0 0 0
1 1 0 2
1 0 0 0
0 0 0 2
1 1 1 4
0 0 0 0
1 1 0 0
1 1 2 0
1 0 3 0
2 1 1 1
0 0 0 0
1 1 0 0
0 1 3 0
1 4 0 1
0 1 1 1
1 0 1 0
0 0 2 0
0 0 2 1
1 1 0 4
0 0 0 0
1 0 1 0
2 1 1 1
1 0 4 0
0 1 0 1
2 0 0 1
0 3 0 2
1 1 2 0
0 2 1 2
2 1 0 0
0 3 2 1
0 3 1 0
0 0 0 0
2 1 0 0
0 3 1 1
1 0 0 2
0 0 0 0
0 2 2 0
0 1 0 3
2 0 2 0
1 0 1 1
0 0 0 1
2 2 0 0
0 0 1 0
1 0 0 1
0 0 3 0
1 2 0 0
1 0 0 0
0 0 0 1
1 1 1 1
1 0 1 0
1 2 1 3
0 0 0 1
0 1 2 2
1 0 0 1
1 1 0 0
0 2 1 1
2 0 1 1
0 0 0 2
0 1 1 1
0 0 0 0
0 2 0 0
1 0 0 0
0 1 0 0
0 1 0 0
2 0 0 0
0 1 1 2
1 0 0 0
0 1 1 1
0 2 4 1
0 2 2 2
0 0 1 0
2 3 0 0
0 3 4 1
1 1 0 0
1 1 0 1
0 1 0 0
2 0 0 1
1 2 1 1
2 0 0 0
0 0 2 2
0 1 0 0
1 0 0 2
0 0 1 0
1 0 0 0
0 0 0 0
0 0 1 0
0 0 2 0
0 2 1 0
0 2 0 0
1 0 1 0
0 0 0 3
0 0 1 2
1 0 1 1
1 0 0 0
0 2 1 0
0 1 0 2
0 0 4 0
1 4 0 1
2 0 1 0
0 0 2 0
0 0 0 1
0 1 1 0
2 0 0 1
0 0 0 3
2 0 2 0
2 3 0 1
0 0 0 0
0 0 2 0
3 0 0 0
1 0 0 0
3 0 3 0
0 0 2 1
0 0 0 0
2 3 0 0
2 0 1 0
0 0 0 0
1 0 0 1
0 0 0 1
0 0 0 1
0 1 1 2
1 2 2 0
0 1 2 1
0 1 0 1
1 0 2 0
1 0 0 0
0 1 1 0
0 1 0 1
0 0 1 2
3 1 0 0
2 0 0 0
0 1 1 0
0 0 0 0
0 1 0 0
0 2 0 0
0 1 0 1
0 1 0 1
1 1 0 0
0 0 0 0
0 0 0 2
0 0 0 0
1 0 1 3
0 0 1 1
2 1 0 0
0 0 1 0
0 0 1 3
1 1 3 2
1 0 0 2
0 1 2 0
0 0 1 1
0 3 0 0
3 1 0 0
1 0 0 4
0 0 0 0
0 0 3 4
0 0 1 1
0 0 0 0
1 1 0 1
0 0 0 0
0 0 1 0
0 0 1 0
0 2 2 0
0 2 1 0
0 1 3 0
0 0 0 0
0 2 0 1
0 1 1 1
0 0 1 0
1 0 0 1
1 4 3 0
0 1 1 3
0 0 0 1
2 0 4 0
0 0 0 2
1 0 0 1
3 0 0 0
0 0 2 1
2 4 0 1
0 0 0 1
0 1 1 0
0 0 1 0
0 0 0 2
0 0 0 0
0 0 0 0
2 0 2 0
0 1 0 2
1 1 1 0
0 0 0 0
0 2 0 0
3 1 4 0
0 2 1 0
1 0 1 0
0 2 0 0
1 0 2 0
1 0 0 0
0 0 1 0
1 0 0 0
1 1 0 2
0 0 0 0
3 0 1 0
0 0 1 1
2 0 1 2
0 1 1 0
1 3 4 1
1 0 0 0
0 0 2 0
0 2 0 0
1 1 0 1
0 1 3 0
0 0 0 0
1 1 1 0
0 0 1 2
1 0 0 1
0 0 0 1
1 0 0 0
2 2 0 1
2 0 0 1
0 0 1 2
0 0 1 0
0 2 1 0
0 1 0 0
0 1 0 1
0 3 1 1
0 2 1 0
1 1 0 2
0 4 0 1
0 2 3 4
3 0 0 2
2 0 0 1
1 1 0 2
0 0 2 1
2 0 0 0
0 0 1 0
0 1 1 1
1 0 0 0
0 0 0 0
0 0 0 1
0 0 0 0
2 1 2 0
1 0 1 1
0 0 0 1
3 0 0 0
0 0 0 0
1 2 1 1
0 0 0 1
0 1 0 1
1 0 1 1
0 1 0 0
0 0 0 1
0 1 0 1
1 0 1 0
1 0 1 0
1 0 1 0
0 0 0 0
2 0 1 0
0 0 0 0
1 0 0 0
0 1 0 1
0 1 2 1
2 0 0 2
1 2 0 4
2 0 1 0
0 1 1 2
0 1 2 1
0 0 1 0
0 1 0 1
4 0 0 2
0 0 0 2
0 0 0 2
0 0 0 0
1 1 0 0
0 2 0 0
0 2 1 2
1 0 0 1
2 0 0 0
1 3 0 3
0 0 1 0
0 1 1 0
0 0 1 2
2 0 0 0
1 2 0 0
0 0 0 0
0 0 1 2
0 0 0 2
0 2 1 0
2 0 1 1
0 0 3 2
0 1 1 0
0 0 2 0
1 0 0 1
0 1 1 0
3 0 0 0
0 0 3 0
2 0 0 0
0 1 2 2
1 2 1 3
0 0 2 0
0 0 2 0
4 1 1 1
1 0 1 0
0 0 0 1
0 2 0 0
1 2 0 1
1 3 1 0
1 0 0 0
0 0 1 0
4 0 2 0
0 0 2 0
1 0 0 0
0 0 0 1
1 0 0 4
0 0 1 1
1 0 0 0
0 0 0 0
0 1 1 0
0 1 1 0
0 1 0 0
1 0 2 0
0 1 0 0
2 0 0 2
3 0 1 1
1 0 0 0
0 1 0 1
2 0 0 2
0 0 2 0
0 0 0 2
2 1 1 0
2 1 1 0
1 1 2 0
1 0 0 2
1 0 2 2
0 0 0 1
0 1 0 1
1 0 0 3
1 4 0 0
3 1 0 1
0 0 0 0
0 0 0 1
0 0 0 0
0 0 0 0
0 0 0 0
1 0 0 0
0 0 1 1
0 0 0 0
2 0 1 0
0 0 1 1
0 0 0 0
1 0 0 2
0 2 1 2
1 1 0 0
0 0 1 0
0 2 0 1
0 0 2 0
2 0 0 0
3 2 0 0
1 0 2 2
1 1 0 1
0 1 0 1
0 1 0 1
0 0 0 1
0 1 0 0
1 0 0 1
0 1 0 0
2 1 1 0
0 2 1 1
0 1 0 1
0 0 0 1
0 0 0 1
0 1 1 1
1 0 0 0
1 1 0 1
1 0 0 1
0 0 0 0
0 0 0 0
3 3 1 1
0 1 1 0
1 0 3 1
0 0 3 1
1 0 0 3
2 2 0 3
1 0 0 0
3 0 1 1
0 0 0 0
1 1 2 0
2 1 0 0
0 1 1 2
2 0 1 0
0 2 2 2
1 0 0 1
0 2 0 0
0 2 1 1
0 0 0 1
1 1 1 3
1 0 0 0
0 1 1 0
0 1 0 1
2 3 0 2
1 1 0 0
0 1 1 0
0 1 1 1
0 1 0 2
1 0 1 0
3 0 0 3
1 0 0 4
2 0 0 3
1 1 1 0
0 0 0 1
0 0 1 0
0 0 0 1
0 1 0 0
0 1 1 0
0 1 1 0
2 0 3 0
0 1 0 0
1 0 0 0
0 1 0 0
0 1 0 0
0 0 0 1
0 1 0 0
1 1 0 0
1 2 0 1
0 0 0 0
0 0 0 0
2 1 1 0
0 3 1 1
0 0 1 0
1 0 0 0
0 1 1 3
0 0 0 1
0 0 1 1
2 2 0 0
0 0 0 2
1 0 0 0
0 1 0 0
0 1 2 0
0 1 0 1
0 0 0 1
1 0 0 1
0 0 0 1
0 4 0 0
1 2 1 1
0 0 1 1
1 0 0 0
3 0 0 0
0 0 0 0
0 0 1 1
0 0 0 0
0 1 0 2
1 0 1 0
0 1 0 1
1 3 0 0
0 2 0 3
0 1 1 1
0 0 1 0
0 0 0 3
2 0 2 2
0 0 2 0
0 2 0 1
0 2 0 0
1 0 1 0
0 2 0 0
2 1 2 2
2 0 0 1
0 0 3 0
1 2 0 1
0 2 1 1
2 1 0 2
1 0 1 0
0 0 1 1
1 1 0 1
0 0 0 0
1 0 0 2
1 2 1 2
2 1 0 0
1 0 0 0
1 0 0 1
0 0 1 0
0 1 0 0
0 0 0 1
0 1 0 2
1 0 1 0
1 0 0 0
0 0 1 1
1 1 2 0
2 1 0 0
0 0 3 0
0 0 0 1
3 0 0 1
0 0 0 0
1 0 1 0
1 3 0 0
2 0 1 1
0 0 0 3
0 0 0 2
3 3 1 0
0 0 1 0
0 1 3 1
0 0 0 0
3 1 1 0
0 0 3 1
1 1 1 0
0 1 0 2
1 2 0 0
3 0 0 0
1 0 0 0
0 2 0 4
0 0 0 0
0 2 0 0
2 0 1 0
2 0 0 1
0 0 0 0
0 0 1 2
0 1 0 0
0 0 0 0
0 0 1 1
2 0 0 0
1 0 0 1
2 1 0 1
1 1 0 0
3 0 0 1
1 0 0 0
2 0 0 2
0 0 0 2
0 1 2 0
0 0 0 0
0 1 0 1
0 0 0 0
1 1 0 1
2 0 0 1
0 0 0 1
1 0 4 1
0 3 0 1
0 0 0 1
0 1 0 0
1 3 0 0
2 1 2 0
1 0 4 0
3 0 0 0
1 1 0 0
0 3 0 1
0 1 0 0
2 0 0 0
1 0 0 0
1 1 0 2
0 1 1 0
0 2 0 2
0 0 0 1
0 0 2 0
1 0 1 0
0 2 0 2
0 1 0 1
1 0 2 0
1 1 0 0
0 0 0 0
0 1 0 0
1 0 0 1
0 0 0 0
1 2 1 1
0 0 0 2
1 0 0 1
0 0 0 0
0 3 0 1
1 0 0 0
0 1 1 2
2 0 0 0
2 2 0 0
1 2 0 0
2 0 0 0
0 0 1 0
0 0 0 0
0 0 0 1
0 0 0 0
0 0 0 2
1 0 0 1
0 0 2 0
0 0 0 0
1 2 0 0
1 0 1 2
2 0 0 0
0 0 0 0
0 0 0 0
1 1 0 1
1 0 1 0
0 0 0 0
2 1 1 0
1 0 1 0
0 1 0 0
0 0 0 0
1 2 1 0
0 0 0 2
0 0 1 0
2 0 0 0
0 2 1 0
0 0 0 0
0 0 0 2
0 0 0 0
2 0 0 0
1 0 3 0
0 2 1 0
0 0 4 0
1 0 1 0
0 0 2 2
0 2 0 0
1 1 0 0
1 0 0 0
2 0 0 2
2 1 0 0
0 4 0 1
0 0 0 2
2 1 2 0
0 1 2 0
0 0 1 2
0 0 0 0
1 0 0 0
1 1 2 0
0 0 0 0
0 2 0 1
2 2 0 0
0 2 0 0
0 1 1 0
1 0 2 1
0 3 0 0
0 0 1 1
0 0 0 0
0 2 0 0
1 0 1 1
1 0 2 1
1 2 1 0
3 2 0 0
0 1 0 0
0 0 0 0
1 1 0 0
1 0 1 0
0 0 0 0
0 0 0 0
0 0 0 0
0 1 1 1
0 0 0 2
0 3 1 0
0 0 0 1
1 1 0 0
0 0 0 0
0 2 0 1
3 0 3 0
0 0 2 0
4 3 0 1
0 0 0 1
0 1 0 0
1 0 1 3
0 0 3 1
0 0 0 0
2 0 1 0
0 1 0 2
0 1 0 0
0 0 1 0
0 0 0 0
0 1 0 1
0 1 0 0
1 0 1 0
0 0 1 0
4 1 1 0
0 0 0 1
0 1 0 0
1 0 1 1
1 2 1 0
0 0 0 0
0 0 0 1
1 1 2 0
1 1 1 0
1 0 0 0
0 0 1 1
1 0 2 0
0 2 0 0
1 1 1 0
0 0 0 0
3 3 0 0
0 0 0 1
2 1 1 0
1 0 1 0
0 0 2 0
1 1 0 0
1 1 0 0
1 1 2 0
0 0 0 0
0 0 0 0
1 0 0 0
0 1 1 0
0 1 0 2
0 0 0 0
1 1 1 0
0 0 0 0
3 2 0 4
0 1 0 1
0 2 1 1
0 0 1 0
0 1 0 0
0 3 0 0
0 0 4 1
1 1 1 1
2 2 0 1
0 0 0 0
1 2 0 0
0 0 0 0
0 1 0 0
0 0 2 0
3 0 0 1
1 0 0 0
2 1 2 0
1 1 2 0
1 1 0 0
0 1 0 2
0 1 0 2
1 3 3 0
0 1 0 0
0 1 0 0
0 0 0 1
1 0 1 1
0 2 1 1
0 1 1 0
0 1 0 0
3 2 0 2
0 0 0 1
0 1 0 1
0 1 1 0
0 0 0 0
2 0 0 1
3 1 0 2
0 0 0 0
2 1 0 0
0 0 0 1
1 1 1 0
0 0 0 1
1 0 3 0
2 0 2 0
0 1 1 0
0 1 1 0
2 3 0 2
1 0 0 0
0 0 0 3
0 1 0 0
0 1 0 0
0 1 0 0
1 0 0 0
0 0 1 1
1 0 0 1
1 1 0 0
0 2 3 0
0 0 0 0
0 0 0 0
0 0 2 2
0 0 0 0
3 0 1 0
0 0 0 0
2 3 0 2
0 0 1 0
0 0 0 0
2 0 0 0
0 1 0 1
0 0 1 0
0 0 2 0
0 0 1 0
0 0 0 0
0 0 1 1
1 0 2 0
1 2 0 2
1 0 0 3
0 0 2 1
0 0 1 0
2 1 0 1
0 0 0 0
0 0 0 1
0 0 2 1
0 0 1 0
0 0 0 3
1 0 3 1
2 0 1 0
1 0 1 0
1 4 0 0
0 1 1 0
1 1 0 2
2 0 2 0
1 1 0 0
1 0 0 0
1 1 0 0
1 0 0 2
1 0 1 0
0 1 1 0
0 0 0 0
0 1 2 3
0 1 1 0
0 1 0 0
0 0 1 2
1 0 0 2
2 0 1 0
1 0 1 0
0 0 0 0
1 2 0 1
0 3 1 0
0 3 0 2
0 2 2 2
1 1 2 0
0 0 0 0
0 1 0 1
0 0 1 0
0 0 0 1
2 0 1 0
0 2 0 0
1 0 1 0
1 1 0 0
0 0 0 0
0 0 1 0
4 1 0 0
1 0 0 0
1 0 2 1
2 0 1 0
0 1 0 0
0 0 0 0
2 0 0 0
1 0 0 1
0 1 0 0
0 1 1 0
0 0 0 0
0 0 0 0
0 0 0 0
0 0 0 0
0 0 0 0
1 0 2 0
1 0 0 1
0 2 4 0
0 3 0 1
0 1 0 1
2 1 1 3
0 0 1 0
2 0 1 2
2 0 3 0
0 4 0 0
1 0 0 0
0 1 1 0
0 2 0 0
1 0 1 0
1 0 2 0
0 0 2 1
1 0 0 1
0 1 0 1
0 0 2 1
3 0 0 2
0 2 0 1
1 0 0 0
0 0 3 0
0 1 0 2
3 1 0 2
1 0 0 1
0 0 2 0
1 0 1 2
1 0 0 2
2 0 0 1
1 0 3 0
2 0 1 0
2 0 0 0
3 0 0 0
0 0 0 0
1 1 1 2
1 1 0 0
0 1 0 0
0 4 0 0
1 0 0 0
0 0 0 2
2 1 0 1
0 0 1 0
2 0 0 1
0 3 2 0
1 0 0 0
0 1 0 0
1 0 0 0
0 2 2 1
0 0 1 0
0 0 2 1
1 2 1 0
0 0 0 0
4 0 1 0
1 0 1 1
0 0 0 1
0 0 0 1
0 2 0 0
2 2 1 1
1 0 1 2
0 0 1 3
4 0 0 1
0 0 0 0
0 1 0 1
0 2 1 4
0 1 3 1
0 0 0 1
0 0 0 1
0 1 0 2
0 0 0 1
1 2 0 0
0 0 0 1
0 0 0 0
0 1 0 0
0 0 0 2
0 0 2 0
2 0 1 0
0 0 0 0
0 0 2 0
1 3 0 2
0 0 3 0
1 0 1 1
0 0 0 0
0 4 0 1
1 3 0 0
1 0 0 1
1 0 0 0
1 0 0 2
0 1 0 1
1 0 0 0
1 0 0 1
0 2 0 0
0 0 0 3
1 0 0 1
0 0 0 3
0 4 1 0
0 1 1 0
0 0 0 0
3 1 0 0
1 2 1 0
0 3 2 2
0 0 1 0
0 0 0 0
1 0 1 0
1 0 1 0
1 3 0 0
0 0 0 2
1 0 1 3
1 0 0 1
0 1 3 0
0 0 1 1
0 0 1 3
0 0 1 1
0 2 0 0
0 0 1 2
0 1 1 1
0 0 0 0
2 0 3 1
3 1 0 0
0 3 2 0
0 1 0 1
3 0 1 0
0 0 0 0
4 1 1 0
0 0 0 1
1 3 0 0
0 0 0 1
0 3 1 1
0 1 0 0
0 0 2 2
3 0 0 0
0 0 3 1
0 0 0 1
0 0 0 0
3 1 1 2
0 3 0 0
0 0 0 0
3 1 1 0
1 0 0 0
2 0 0 0
1 0 1 1
0 0 1 1
1 0 0 0
3 1 0 1
0 1 0 0
0 1 2 0
0 1 2 0
1 0 1 0
1 1 0 0
3 0 0 0
0 0 1 2
1 0 0 1
1 0 1 1
2 0 1 0
0 1 0 0
1 0 1 0
1 3 0 0
1 0 0 0
0 0 0 1
0 2 0 1
0 0 0 0
1 0 1 0
0 1 0 2
0 0 0 0
0 0 1 1
2 0 1 0
0 3 2 0
1 1 1 0
0 0 0 0
0 0 2 1
0 1 0 0
0 1 1 1
0 1 4 0
0 0 0 0
1 1 0 3
0 0 1 0
3 0 0 0
0 1 1 0
1 1 0 0
0 0 0 0
0 0 0 0
1 0 0 0
0 1 2 0
0 0 1 2
1 0 1 0
0 2 0 1
0 3 1 0
2 0 0 0
1 0 2 0
1 1 0 2
0 0 0 0
0 2 0 0
0 0 0 0
3 0 2 1
1 1 0 0
0 0 1 1
1 1 1 0
0 0 0 0
0 0 1 0
1 0 0 0
2 0 0 0
0 2 2 0
1 1 0 3
3 1 0 0
2 3 1 0
2 0 0 3
0 2 0 2
0 3 0 0
0 1 0 1
0 1 0 0
2 1 0 0
3 2 0 0
2 0 0 0
0 0 1 2
1 1 2 1
0 1 0 0
0 0 0 2
2 0 2 1
0 0 1 1
1 0 1 2
0 1 0 0
0 2 1 0
0 2 0 1
1 0 0 0
0 0 1 2
0 2 2 0
1 0 0 2
0 1 1 2
0 1 0 0
0 0 0 0
0 1 0 3
0 0 0 4
0 1 1 0
0 2 0 1
0 1 1 0
1 1 0 0
1 1 1 0
0 2 0 0
0 2 2 0
1 0 0 2
0 1 0 2
1 1 1 0
2 0 0 1
0 0 1 1
0 0 0 1
1 2 1 0
0 0 1 2
0 3 0 0
0 0 0 1
0 3 0 0
0 0 0 0
1 1 1 0
2 0 0 4
1 0 1 0
0 2 2 2
1 1 0 2
2 0 1 1
0 1 1 2
0 0 0 0
2 0 0 1
2 0 1 1
2 1 1 2
1 2 0 2
0 0 0 2
0 0 2 3
1 0 3 1
0 2 3 0
1 0 0 2
0 0 0 0
0 1 0 0
0 0 0 0
0 1 1 0
0 1 0 1
0 1 3 2
0 2 0 0
0 0 2 1
0 1 0 2
0 2 0 0
0 0 0 1
0 0 0 1
1 0 0 0
0 1 0 0
2 0 0 0
1 4 0 0
1 0 1 1
1 0 0 1
0 0 0 0
0 0 1 0
0 0 0 1
0 1 0 1
1 0 0 1
0 1 0 0
0 0 0 2
0 0 1 1
0 0 0 2
1 1 1 1
2 2 0 1
0 3 0 0
0 1 1 2
0 1 2 0
2 0 3 1
3 1 0 0
3 0 0 0
1 1 0 0
1 1 0 0
0 0 0 0
0 1 1 0
0 0 0 0
4 1 1 0
0 0 2 0
0 2 1 0
0 0 0 1
1 0 0 0
0 0 0 1
0 4 0 0
1 0 1 3
0 1 0 2
0 0 1 1
2 0 2 1
0 1 1 1
2 0 1 0
0 2 0 0
1 0 0 1
1 3 0 1
1 3 0 0
0 0 1 2
0 0 0 0
2 0 1 3
0 3 0 0
0 0 0 2
0 0 0 0
0 0 3 0
0 2 1 1
4 1 0 2
2 2 0 2
1 0 1 1
0 3 0 0
0 0 0 0
0 2 2 0
0 0 0 0
0 1 2 0
0 0 2 1
2 2 1 0
0 1 0 0
0 0 1 0
0 2 0 0
0 0 0 0
1 1 2 1
2 0 2 1
2 1 2 0
0 1 0 0
0 4 1 0
0 0 1 2
0 0 0 1
0 2 0 0
2 1 0 0
0 0 0 0
0 1 2 1
0 0 1 1
1 1 1 0
1 2 2 1
0 1 2 1
1 0 0 1
0 0 0 0
1 1 0 2
0 0 0 0
3 0 0 1
0 0 2 0
1 1 0 0
0 1 1 2
0 1 0 1
0 2 1 2
1 1 0 2
0 0 0 0
0 0 1 1
1 3 1 0
0 1 0 0
0 1 1 2
0 1 3 3
2 0 0 0
0 0 0 1
0 1 1 1
1 0 0 0
0 1 1 0
2 0 1 0
2 0 2 0
0 0 0 2
0 3 1 1
3 0 0 0
1 0 1 0
0 2 0 0
0 0 0 0
1 3 0 0
4 1 0 0
0 0 0 0
0 1 2 1
0 1 0 0
1 0 1 1
0 0 0 1
0 0 1 3
0 0 1 0
0 1 0 0
0 1 2 1
1 2 0 0
0 0 0 0
1 1 2 0
0 0 0 3
0 0 0 0
0 0 0 0
0 2 1 3
1 0 2 0
0 1 0 0
0 1 0 1
2 0 2 0
0 0 1 0
1 2 0 0
0 0 0 1
1 0 3 0
1 3 3 0
1 2 0 0
0 0 2 1
0 1 0 0
0 3 0 0
0 0 1 2
2 1 0 2
2 0 0 1
1 0 0 1
3 1 1 1
3 0 0 0
0 2 2 0
0 0 0 0
0 0 3 2
2 1 0 0
1 0 0 0
0 0 1 0
0 1 0 0
0 1 2 1
0 0 1 1
0 0 1 0
0 0 0 0
0 1 0 1
1 3 1 0
1 1 1 0
0 0 0 0
0 0 0 2
1 1 1 1
1 0 0 0
0 4 0 0
0 0 0 0
1 0 1 1
3 0 1 1
1 0 1 0
3 0 2 0
0 0 3 1
1 0 0 1
0 0 1 0
0 0 0 0
4 1 1 1
1 0 1 0
1 0 0 1
0 0 1 0
2 0 1 1
0 2 0 3
1 1 0 0
2 0 0 0
0 1 1 2
0 0 0 0
0 1 2 3
1 0 1 0
0 0 1 0
1 1 0 0
1 1 0 0
0 0 0 0
2 1 2 2
0 1 0 2
0 0 2 0
0 2 1 1
1 0 0 0
0 0 1 2
0 2 1 0
1 1 0 1
2 0 0 0
0 0 0 0
0 3 1 0
0 1 0 1
0 0 0 1
1 0 0 1
2 0 0 0
1 1 0 0
0 0 1 0
0 0 1 2
0 0 0 1
0 0 0 3
0 0 0 0
3 1 3 0
0 1 0 0
1 2 2 0
3 0 0 0
1 0 3 0
0 0 1 2
1 0 0 1
1 1 1 0
0 0 0 0
0 2 0 1
0 0 4 4
1 1 0 0
0 0 1 2
0 0 0 1
0 0 0 1
1 0 0 0
1 1 2 0
0 0 1 2
1 0 0 0
0 2 1 0
0 2 0 2
0 0 2 1
0 0 0 2
0 0 0 0
0 0 0 0
0 0 0 0
0 1 0 2
2 1 0 1
1 1 1 0
0 0 0 0
1 0 0 1
0 4 3 1
1 0 1 0
1 0 3 0
1 1 0 2
0 2 1 3
0 3 2 0
1 0 0 0
0 0 0 0
0 0 1 1
0 0 0 3
2 0 1 1
0 0 0 1
0 1 0 1
3 0 2 0
2 1 1 0
1 0 1 3
1 0 0 1
1 0 0 0
1 0 0 0
3 2 3 0
1 1 0 0
1 2 0 4
0 1 0 0
2 0 0 1
2 0 1 0
0 0 2 0
0 2 2 0
0 0 0 0
2 3 0 1
3 0 0 0
1 0 3 0
0 0 0 1
0 0 1 4
0 0 0 0
1 0 1 0
1 1 0 1
2 1 0 0
1 1 1 0
0 1 1 1
1 0 3 0
2 1 0 0
2 0 1 0
0 1 1 0
1 1 0 0
1 0 1 2
0 0 0 0
1 0 0 0
0 0 4 0
1 1 0 0
0 0 0 1
2 0 2 1
0 0 0 1
1 2 3 0
0 2 0 0
2 0 3 1
1 0 1 1
1 0 0 1
0 0 0 0
2 0 0 0
