2 3 5 1000
240 906
601
534 836 1551
491 881 1344
26 34 29
32 44 26
26 16 17
17 10 7
11 9 7
17 7 24
15 9 8
19 23 12
14 18 22
15 20 17
11 13 15
22 8 10
12 13 13
11 19 24
25 16 22
20 13 16
12 13 7
12 6 19
27 24 9
14 10 22
6 10 12
16 10 11
20 10 6
7 10 25
10 16 18
17 24 3
13 24 20
26 9 18
17 11 8
8 11 19
13 19 11
12 20 6
15 16 15
24 12 13
7 22 9
13 14 4
14 18 16
23 23 17
7 3 17
26 11 6
15 11 12
8 11 5
12 10 5
16 27 7
19 11 21
5 19 26
11 23 23
11 24 17
17 14 21
20 7 13
9 6 14
8 18 7
15 10 26
17 11 6
9 10 11
26 12 19
9 15 12
8 20 18
27 18 10
22 5 17
5 19 8
24 19 15
5 14 16
26 28 12
16 7 5
7 16 8
15 7 23
21 16 14
25 8 18
17 14 15
25 19 21
25 7 12
19 16 19
26 25 12
16 19 9
10 22 9
26 6 15
8 12 26
21 20 14
19 8 16
6 9 6
7 15 28
6 21 23
22 15 11
23 8 24
15 15 18
19 13 6
10 9 19
12 27 11
19 17 15
18 13 16
12 16 12
4 16 16
5 21 18
6 21 10
3 22 20
7 14 26
8 13 6
12 18 16
18 8 11
8 8 10
12 13 17
17 14 26
12 12 25
23 6 20
9 27 12
21 18 8
11 5 14
26 15 6
7 11 19
7 11 18
18 20 10
9 25 20
9 13 7
21 28 17
9 19 7
17 16 10
21 4 24
12 14 26
12 11 11
7 14 14
11 20 15
12 9 24
26 5 18
9 12 7
18 5 16
15 7 16
15 12 15
13 9 5
10 11 12
13 9 15
13 15 17
11 22 15
26 8 18
19 21 14
21 25 19
19 12 24
21 8 12
9 21 16
8 12 10
13 7 20
17 25 19
6 7 22
9 9 19
23 22 25
26 13 15
14 25 9
5 17 17
9 5 7
25 8 9
7 8 26
20 15 8
12 21 13
7 22 14
21 12 14
10 18 25
19 15 9
8 7 16
21 20 15
19 6 10
15 9 5
16 12 20
11 20 9
8 16 13
17 23 9
22 19 20
12 11 13
20 23 21
14 13 11
8 19 12
8 7 13
11 14 11
19 11 6
23 15 9
14 9 20
18 9 16
14 10 9
5 11 24
16 15 13
23 18 12
18 19 11
20 6 9
8 12 26
13 26 8
4 20 7
12 4 20
8 17 12
13 13 18
18 7 5
11 21 20
10 9 18
16 10 16
18 4 10
20 9 16
24 8 13
14 9 6
14 14 12
11 27 8
12 26 14
14 16 22
10 16 5
8 10 27
14 9 5
21 5 22
9 28 16
16 5 8
16 11 12
14 10 9
16 6 10
18 14 26
18 17 13
17 21 5
8 9 19
18 8 10
16 17 21
25 20 21
17 13 5
12 11 23
17 9 19
24 7 12
7 19 3
10 10 18
12 13 24
8 3 10
9 10 8
16 20 9
18 15 19
19 23 17
11 11 11
13 24 26
18 20 13
7 5 17
23 5 13
6 14 10
12 11 14
7 8 18
28 15 18
13 22 10
8 9 11
17 8 15
21 6 16
21 8 22
7 8 11
19 19 16
11 8 12
11 10 13
22 14 19
19 8 25
18 10 6
19 10 10
19 15 11
10 18 13
12 8 21
18 10 23
9 16 11
7 13 8
24 15 26
7 14 3
10 22 7
13 19 28
22 8 5
14 14 19
12 25 26
15 9 18
12 26 12
12 10 24
12 16 10
10 9 9
15 17 8
9 19 15
10 9 20
22 9 17
14 13 26
26 10 3
19 20 21
12 13 16
10 5 23
21 9 16
26 6 12
12 8 17
11 28 12
19 18 12
9 19 11
10 16 23
17 19 3
7 27 9
25 10 14
10 28 8
21 16 15
18 16 16
17 18 9
12 14 13
8 9 15
21 5 6
13 23 26
17 17 13
20 9 10
8 8 7
20 10 19
15 10 20
16 14 7
15 18 8
9 20 15
5 18 12
6 14 15
12 12 25
14 19 11
17 9 22
10 6 10
14 22 6
7 21 15
9 13 12
9 24 25
8 13 15
25 11 19
11 8 6
15 17 11
16 19 19
26 19 8
10 14 20
14 17 22
14 18 13
19 23 14
9 4 15
8 13 22
10 16 6
18 25 16
20 7 5
20 6 17
11 23 15
9 13 17
9 11 16
3 16 17
19 9 9
8 3 7
17 5 7
10 12 12
23 12 7
12 5 12
10 3 19
15 21 22
26 13 6
7 14 3
9 10 13
12 8 25
12 12 7
17 23 21
16 8 16
16 4 22
10 11 11
6 7 17
24 11 14
3 12 8
17 11 26
23 11 19
26 11 17
13 12 19
9 8 9
18 20 15
8 25 20
10 20 12
26 8 3
16 28 16
16 19 25
11 12 5
9 11 6
17 7 10
5 16 16
19 26 16
13 8 13
8 10 10
6 8 10
12 16 12
23 13 10
11 22 12
20 12 23
5 26 25
23 15 22
9 12 10
16 16 14
19 21 23
15 26 7
11 24 15
8 16 25
7 17 23
12 8 27
10 11 18
15 16 27
10 14 5
13 18 9
25 9 16
7 20 6
8 14 19
19 6 15
21 12 22
19 6 20
23 9 18
5 28 12
8 17 5
19 16 4
19 9 11
18 10 24
13 12 10
8 11 7
12 28 17
16 16 12
9 6 25
26 20 15
25 22 24
3 12 3
22 8 9
8 28 20
11 16 7
13 13 16
8 7 18
19 13 14
9 19 19
9 13 7
18 15 20
16 22 13
15 7 11
8 14 16
7 6 22
3 20 14
9 17 10
26 20 19
12 15 20
12 20 15
18 16 15
26 8 11
19 10 7
23 18 15
11 19 13
26 12 26
8 7 3
8 3 21
15 12 19
10 14 4
10 15 14
9 18 12
24 8 15
18 8 7
7 8 8
9 17 4
25 13 10
14 12 10
14 7 9
12 6 24
10 13 3
12 13 6
22 11 11
20 19 17
19 10 21
11 10 28
6 19 8
19 28 23
14 19 12
8 10 21
10 12 10
13 17 12
24 21 11
11 21 3
28 8 14
14 10 19
14 6 7
6 24 19
25 14 26
20 10 22
19 21 5
16 12 16
6 15 23
21 7 23
19 14 22
11 8 15
12 19 12
16 27 21
18 7 7
26 11 17
9 17 20
15 15 12
8 24 26
9 13 6
13 23 24
11 27 15
17 18 13
6 13 16
11 10 8
20 11 6
16 21 17
26 18 16
22 17 6
13 15 12
14 25 11
26 9 16
6 18 18
25 19 9
12 17 18
14 13 22
6 24 15
16 10 10
8 26 10
5 12 5
17 17 6
16 9 19
14 11 12
18 16 7
27 8 14
21 22 15
13 16 21
11 25 9
21 12 17
8 7 23
3 8 14
7 10 9
14 9 11
26 19 19
17 19 12
13 17 22
23 8 7
16 20 9
19 4 23
19 19 10
8 16 6
5 12 7
9 17 10
8 12 19
16 6 6
23 19 27
21 16 18
23 20 17
14 4 20
16 15 9
8 4 23
10 14 12
11 15 20
14 17 9
7 11 14
21 11 6
28 5 14
26 12 11
25 26 19
8 9 16
20 8 18
22 14 13
11 7 17
26 9 10
16 6 15
7 19 8
16 6 17
21 18 11
20 4 15
19 21 10
5 16 13
4 7 4
13 28 7
9 14 23
7 6 20
14 9 11
8 12 13
6 19 14
22 21 9
8 4 11
14 14 16
10 7 15
15 19 9
15 15 18
15 5 11
17 14 18
9 13 16
10 15 13
9 21 20
12 23 26
11 16 20
12 8 15
18 17 15
25 7 16
22 15 17
15 18 8
7 4 20
16 13 26
22 3 15
21 10 10
22 18 13
26 6 11
20 24 25
8 5 13
4 18 17
7 5 18
23 14 23
12 21 9
8 19 6
13 6 15
23 4 8
8 10 15
20 7 12
11 13 13
10 17 11
17 24 23
28 18 8
4 8 10
10 12 5
23 21 11
21 11 9
9 4 10
10 21 10
17 16 11
27 15 20
23 23 4
12 15 22
25 6 16
17 17 22
9 9 10
8 10 17
10 12 25
6 11 14
18 12 8
21 17 23
7 7 17
14 14 19
7 16 16
5 15 24
12 5 14
21 26 26
13 8 11
17 9 9
9 16 15
20 18 15
10 19 21
26 18 11
8 23 11
7 13 7
9 16 24
10 24 4
19 6 20
24 13 13
23 22 22
18 24 13
15 12 9
6 12 18
17 15 11
25 8 12
26 10 19
8 7 8
3 17 5
6 17 7
12 10 9
9 5 17
22 13 19
16 13 9
8 9 19
14 5 9
14 16 8
10 13 13
6 15 6
16 9 18
8 6 15
22 10 8
12 25 21
10 8 9
13 4 3
23 6 11
21 27 8
9 5 16
18 5 16
14 13 11
6 13 20
22 16 15
9 6 17
3 24 14
26 21 26
17 16 17
16 16 16
16 17 16
10 22 9
14 10 9
3 24 22
15 9 9
6 26 20
10 24 25
10 15 16
11 15 8
21 8 17
9 15 21
15 4 12
8 18 17
12 7 21
23 7 13
13 14 6
15 16 8
26 25 16
4 12 15
21 11 13
9 11 15
13 16 24
18 6 7
13 28 11
12 10 12
17 5 18
12 13 6
20 6 10
11 8 26
17 16 5
12 24 13
14 6 22
18 16 6
21 12 17
25 10 18
4 24 8
25 20 18
7 10 16
5 24 12
8 11 19
24 13 19
19 15 18
15 21 23
15 11 9
17 6 13
24 9 7
21 15 7
19 20 5
22 16 11
11 18 5
7 11 17
3 13 7
21 9 16
17 20 8
4 11 11
12 17 18
7 14 6
18 10 9
4 17 17
15 12 11
15 16 18
12 13 19
28 11 15
17 17 8
28 10 11
19 19 9
18 11 16
15 16 25
23 25 9
11 10 20
16 13 12
19 8 8
4 6 18
19 17 22
16 22 10
12 8 14
7 8 8
20 8 22
19 6 11
26 23 9
20 8 10
10 18 11
18 10 25
11 10 7
13 8 11
7 11 6
25 5 23
26 12 5
18 12 9
8 24 6
14 12 14
15 11 19
15 23 13
19 19 21
10 23 12
26 7 13
5 15 18
17 21 12
8 13 20
25 9 24
17 13 15
10 14 8
17 14 13
24 18 16
7 14 22
18 18 26
17 10 10
15 21 15
11 11 4
6 23 3
13 15 15
3 15 15
21 10 24
15 10 21
15 12 19
26 18 19
12 5 12
4 16 14
10 18 26
8 10 9
8 9 4
15 9 26
16 14 14
20 8 3
13 6 4
11 16 14
14 14 9
11 15 22
14 28 26
10 11 14
8 14 7
24 25 19
6 18 18
8 20 12
10 7 8
12 16 22
13 10 5
9 23 11
12 16 9
4 12 28
18 8 6
13 8 7
15 12 21
22 10 17
10 11 9
10 20 14
8 22 19
16 24 17
19 21 18
22 15 12
26 11 9
7 11 16
10 13 11
13 18 10
23 5 13
18 4 13
14 13 6
8 14 26
20 20 18
9 10 21
11 14 13
15 11 19
11 19 16
19 10 10
23 15 11
3 27 23
28 23 6
4 4 22
17 21 22
21 5 13
7 8 6
18 9 15
23 3 15
5 20 14
9 9 15
15 10 7
20 5 8
12 14 28
23 10 6
9 22 14
13 10 21
18 20 22
16 5 6
12 10 20
16 16 18
5 24 5
20 19 12
22 4 19
12 19 21
11 17 16
11 26 13
11 16 26
13 14 10
11 9 15
7 23 13
13 17 16
5 3 8
14 7 19
17 18 8
22 19 13
5 19 7
19 15 13
13 8 15
6 7 16
16 18 19
26 6 15
19 13 6
13 14 9
23 22 12
18 23 14
13 12 6
15 24 11
19 10 16
14 8 10
8 8 12
10 13 10
27 19 6
13 15 15
10 28 8
10 13 19
9 6 9
14 3 10
23 24 13
9 19 9
18 11 7
23 9 15
11 21 19
13 7 4
17 12 6
26 11 26
20 11 15
12 8 20
12 9 15
18 18 18
19 17 26
15 10 18
19 19 14
21 16 6
13 9 5
11 4 22
7 6 26
11 9 8
9 12 16
3 14 4
9 13 10
13 16 10
18 14 11
20 3 25
26 19 16
18 3 13
12 17 13
4 19 18
10 8 16
14 15 20
19 19 14
3 22 13
18 24 14
11 19 16
5 19 12
7 11 15
4 18 24
17 6 16
5 20 18
3 8 13
13 13 4
4 12 8
14 15 26
19 24 10
16 9 18
20 15 6
24 12 7
17 10 7
12 14 13
14 15 16
22 15 5
22 14 21
19 15 11
6 8 17
9 21 26
18 16 10
19 10 5
5 18 18
5 12 14
10 18 19
13 9 19
11 8 16
12 17 13
12 7 12
19 24 9
22 21 12
18 12 6
7 9 6
18 12 10
24 25 10
14 7 9
14 4 19
15 4 17
12 9 20
9 9 5
26 22 14
14 17 22
23 16 13
9 18 24
10 15 18
4 10 7
18 11 12
18 8 26
22 11 14
3 3 24
22 13 28
21 22 21
5 18 11
17 5 15
11 19 12
15 26 22
8 7 21
7 16 23
9 26 18
21 26 17
8 9 21
12 16 19
18 6 22
7 17 14
9 13 16
22 20 14
15 11 17
4 18 9
25 4 15
22 7 8
14 3 10
11 13 10
3 5 28
25 10 6
16 17 21
7 13 15
15 17 14
16 20 6
25 25 23
16 6 17
13 10 5
15 5 19
15 10 18
10 13 17
18 15 18
9 7 12
10 8 5
13 8 7
5 4 13
18 12 9
14 15 14
20 21 15
10 5 4
15 28 9
11 7 23
5 6 26
16 12 21
11 16 8
23 22 11
26 20 14
9 18 11
17 17 10
20 11 23
28 18 20
9 22 16
10 27 15
11 16 15
28 8 15
15 23 13
11 6 10
13 3 7
8 24 7
8 15 6
18 11 23
12 4 14
13 3 15
15 20 12
21 6 13
7 24 18
11 21 24
10 14 21
12 5 15
21 15 10
11 15 24
15 4 25
5 4 14
10 8 10
12 14 14
15 11 13
7 7 16
10 11 13
12 12 13
12 7 4
14 17 12
18 8 12
20 7 26
14 16 12
20 7 26
25 25 16
15 10 13
21 24 8
13 23 20
7 15 18
9 7 19
13 13 12
6 7 16
10 23 23
7 13 12
6 13 18
6 15 10
8 27 21
21 18 16
16 13 11
12 12 26
4 7 10
19 17 11
25 17 13
13 15 10
9 14 6
15 12 26
14 15 14
20 19 21
9 19 21
15 7 14
18 22 9
16 7 22
10 27 8
14 16 6
22 13 4
22 14 20
20 22 11
3 17 17
17 15 14
7 5 7
17 12 23
24 19 13
16 8 24
14 15 21
11 12 10
3 14 11
24 13 4
4 19 26
14 11 12
4 3 9
12 6 13
14 9 10
16 28 11
6 20 8
5 28 16
20 24 26
12 12 23
7 13 13
16 10 16
12 25 16
7 20 18
28 9 16
15 16 4
14 10 12
6 8 23
16 15 11
6 18 28
18 15 6
26 13 9
16 11 19
15 8 4
13 4 25
8 10 20
3 13 22
3 12 15
12 7 18
26 19 5
6 18 22
11 21 12
20 20 5
23 17 13
11 15 19
12 13 20
23 11 16
13 25 4
16 9 19
8 13 6
26 12 18
22 3 16
5 13 11
4 24 13
7 11 16
19 18 12
8 18 10
22 11 9
14 21 25
6 5 4
24 14 6
9 17 4
10 15 10
7 12 26
16 8 16
21 13 13
10 15 15
15 18 8
8 18 14
21 8 17
27 6 14
19 7 19
21 20 7
23 12 10
8 17 19
24 16 26
18 15 7
8 24 22
6 15 18
12 23 5
7 16 23
15 16 11
10 11 26
23 10 18
23 9 22
15 17 5
6 13 9
3 19 15
22 19 20
7 10 9
22 22 15
14 14 18
4 28 13
19 15 11
8 12 19
4 14 9
7 21 20
21 9 11
26 15 18
26 15 16
10 5 8
9 21 15
23 16 8
7 24 20
18 21 8
12 17 11
12 7 20
14 20 8
23 9 19
7 10 6
21 22 16
9 10 6
7 13 17
18 15 13
3 7 12
15 14 11
28 26 18
16 17 9
16 22 20
10 19 13
8 23 15
9 9 14
14 6 8
13 15 11
10 11 10
4 15 19
10 23 16
10 18 12
17 17 3
4 24 11
7 15 17
6 20 27
13 28 16
14 24 11
14 15 3
13 16 21
6 13 16
6 16 18
9 19 8
11 4 20
18 24 18
10 28 25
16 19 9
16 8 8
13 11 3
14 14 6
13 27 9
18 14 3
14 27 23
3 12 16
16 10 16
5 24 13
7 8 15
7 12 10
3 26 9
16 8 10
6 6 14
20 5 13
27 7 3
18 14 9
22 12 8
20 9 23
3 25 26
20 16 27
10 7 8
13 23 15
8 16 19
3 14 28
19 13 12
18 5 10
19 17 10
15 12 8
17 17 12
23 10 12
24 15 24
12 22 5
17 12 12
12 18 7
9 21 21
12 9 11
14 22 13
22 11 7
23 16 12
6 7 10
16 16 11
9 16 8
16 14 9
15 16 18
17 9 11
6 23 19
24 20 12
21 22 13
6 5 13
10 13 13
11 11 14
12 20 27
5 8 10
10 15 13
7 6 24
15 24 6
3 5 8
17 9 15
20 5 11
9 9 5
13 17 26
11 14 9
14 10 18
19 5 4
8 12 9
20 10 12
17 22 16
16 15 10
22 20 8
12 8 12
15 7 10
11 14 5
10 11 23
10 9 21
15 4 11
11 14 9
22 15 3
9 20 6
19 6 10
22 10 7
11 13 14
26 12 5
8 8 23
5 6 19
15 15 11
12 14 23
9 18 7
15 10 14
22 5 14
11 24 15
20 19 10
14 27 15
26 28 11
15 5 20
14 13 25
22 12 27
23 10 7
21 16 15
6 6 21
7 11 16
18 28 18
13 13 9
8 16 26
21 12 11
13 12 8
26 22 17
7 5 11
10 22 5
14 3 21
18 15 18
12 15 3
4 13 15
12 4 18
17 3 15
8 20 12
13 7 14
20 10 13
5 14 15
15 20 9
17 7 17
27 27 5
10 12 25
14 22 17
14 9 8
11 20 17
26 22 11
8 12 16
11 14 8
23 6 21
16 9 7
17 3 13
17 16 6
19 11 14
13 13 20
26 19 21
15 7 14
16 27 6
19 24 25
7 22 7
3 10 25
20 21 13
16 13 17
8 17 13
17 6 6
22 16 19
17 6 14
6 9 26
11 16 11
5 24 14
23 10 11
4 8 13
20 9 13
7 12 19
11 14 12
19 5 14
7 12 10
16 12 14
26 13 15
20 7 17
9 15 12
10 24 12
26 6 6
12 10 10
12 13 9
13 13 6
3 23 7
4 12 8
13 25 12
24 10 13
15 14 20
7 9 18
17 16 24
7 12 6
15 14 4
10 15 6
23 14 13
21 11 11
12 5 17
13 10 21
21 9 15
15 16 23
9 28 20
14 9 8
12 16 5
23 16 6
19 12 26
16 19 13
16 21 5
8 10 10
5 4 20
9 27 20
5 17 13
8 21 7
8 12 23
27 5 14
23 10 15
17 3 12
15 15 20
16 16 13
12 8 11
23 16 4
6 15 8
9 8 13
5 21 8
11 10 4
3 5 12
16 18 12
17 15 5
14 13 19
16 15 14
10 16 6
10 14 5
16 16 20
7 17 12
4 9 7
6 6 11
12 14 12
12 10 4
14 26 6
12 16 9
11 7 8
6 22 20
15 13 8
15 8 21
7 13 20
13 21 18
21 22 16
7 9 10
5 23 19
13 10 23
11 10 24
15 11 16
6 20 11
7 7 11
10 18 9
23 8 11
9 10 22
7 19 15
21 20 8
13 8 19
7 10 18
12 26 7
6 7 26
13 12 3
14 18 15
17 10 17
12 16 24
19 9 9
14 8 18
24 18 24
12 9 10
26 22 6
13 12 11
13 18 10
17 13 20
15 13 14
12 19 13
6 13 20
19 10 23
14 12 7
3 26 20
7 8 27
4 14 19
16 12 23
22 12 16
23 9 10
16 16 9
18 13 23
4 16 9
15 16 11
15 5 7
16 15 10
13 11 26
7 17 16
14 10 11
11 5 7
7 7 7
21 17 16
14 9 9
13 18 26
4 14 26
17 9 8
10 13 22
23 16 12
6 13 9
8 9 11
9 15 3
9 13 28
12 21 15
24 7 19
16 16 21
13 18 15
9 18 9
10 11 14
13 4 4
18 21 7
7 10 10
7 17 11
19 14 10
24 19 9
13 22 10
15 10 6
4 8 12
16 17 13
7 14 19
7 19 17
6 10 10
13 16 8
20 9 8
17 25 28
22 20 12
8 4 6
11 20 6
13 12 13
10 11 11
24 23 21
12 11 12
13 23 11
10 11 23
13 7 16
17 11 17
8 11 9
10 27 9
25 16 28
19 18 7
12 12 15
7 17 8
16 20 7
13 27 14
13 26 6
6 14 6
7 16 28
8 13 18
20 13 10
24 22 24
15 17 12
10 7 17
23 9 15
26 9 12
21 8 23
22 19 22
10 19 14
8 10 12
13 16 28
19 18 7
9 11 11
17 5 6
8 13 9
8 9 15
8 7 24
28 9 14
8 20 9
10 10 8
13 13 12
3 13 16
23 15 25
14 15 6
12 16 10
21 17 18
11 18 16
19 9 7
12 20 18
16 14 23
19 4 11
24 20 23
26 11 7
10 20 18
11 27 9
25 16 4
11 10 14
27 10 9
17 17 9
21 14 13
13 7 15
15 8 16
11 14 11
7 23 12
22 20 8
7 4 19
19 21 3
13 19 16
16 20 7
22 4 12
21 27 10
20 16 19
7 18 21
10 12 9
19 6 12
21 7 7
21 18 13
12 10 13
12 13 11
27 19 10
13 20 15
22 13 14
4 10 18
7 10 15
5 16 13
21 10 17
8 28 16
19 27 21
11 11 20
12 12 10
16 26 22
25 12 26
17 19 14
17 13 24
11 19 17
13 26 22
26 15 5
17 6 7
14 17 25
8 20 11
6 22 8
8 13 15
15 19 18
10 15 22
15 6 12
20 14 17
8 9 8
17 19 18
12 23 14
10 11 8
15 7 13
6 24 16
13 4 8
7 12 11
5 15 6
6 9 11
13 11 10
25 10 8
21 10 12
13 7 8
11 9 23
8 12 9
11 11 13
23 13 23
15 9 10
10 11 12
14 18 19
9 15 15
13 15 17
20 8 9
19 8 19
14 8 8
10 14 14
8 21 5
12 8 10
7 15 22
16 13 24
12 24 22
15 18 18
20 18 9
15 17 14
7 15 25
26 9 14
15 9 8
14 20 14
7 16 9
24 18 11
12 16 12
25 16 14
7 5 20
14 4 10
7 13 9
15 9 11
14 17 12
16 6 21
24 8 22
12 18 6
9 8 19
14 8 3
13 4 26
21 10 19
13 10 13
6 19 24
21 13 4
6 12 6
6 21 18
12 20 5
9 3 11
26 25 14
12 7 6
14 24 11
4 10 15
18 9 15
17 8 14
12 15 6
8 14 10
20 5 22
12 21 7
18 23 13
5 6 9
8 14 15
16 26 20
21 23 28
12 5 17
8 8 18
24 13 17
24 14 19
13 8 23
8 14 21
19 10 10
9 26 11
14 24 18
10 13 14
9 23 19
6 18 16
12 12 17
18 24 18
20 13 16
16 10 10
15 21 18
18 14 16
8 4 26
13 3 10
17 12 26
16 16 15
6 15 23
8 28 7
8 26 19
10 28 10
4 8 22
22 20 6
23 21 8
26 8 5
13 3 9
22 15 6
8 16 19
10 4 21
26 10 19
12 23 13
12 22 14
10 14 11
10 6 16
9 12 5
23 3 25
14 7 24
15 16 8
18 19 19
15 23 23
11 10 20
16 11 4
16 16 9
16 10 24
23 22 19
18 6 11
11 23 4
4 12 17
14 22 9
23 14 22
14 19 7
22 24 19
20 16 17
4 15 6
18 22 24
19 7 10
11 7 7
11 7 19
9 16 17
26 25 6
6 12 10
6 5 10
23 24 19
10 11 17
13 10 7
5 15 7
4 23 17
18 20 10
22 13 15
21 11 26
20 13 16
12 19 22
12 7 20
16 12 10
16 18 7
15 13 10
20 20 6
9 19 26
19 13 13
10 22 10
10 22 14
19 10 11
13 20 16
16 13 14
5 9 12
12 10 18
13 10 13
20 12 21
13 12 8
14 9 19
3 13 18
13 19 5
16 13 25
7 9 17
22 20 12
9 17 12
7 7 9
6 12 8
25 21 9
15 12 15
3 10 12
8 7 16
7 7 18
3 9 10
4 7 21
12 8 23
22 8 16
15 27 13
17 28 7
16 9 16
7 5 6
6 15 26
10 14 20
13 15 19
7 14 15
17 16 26
10 7 6
12 6 19
16 27 19
18 7 16
8 7 19
19 18 13
7 27 26
14 16 12
10 18 12
13 20 11
19 16 17
18 6 18
12 18 23
6 17 9
8 23 16
8 11 17
9 21 13
24 8 21
18 28 9
13 18 7
14 17 14
22 19 7
7 25 25
16 13 19
10 6 6
10 13 8
22 11 7
9 24 6
6 26 22
9 13 15
18 19 17
6 11 8
11 26 9
17 12 12
4 16 14
15 19 5
23 5 12
14 12 25
6 22 10
14 16 19
24 16 22
17 25 20
5 24 14
22 14 21
17 5 9
9 26 22
5 12 14
20 8 9
7 20 12
19 13 18
4 18 21
28 8 24
11 18 16
13 7 17
15 19 8
5 5 26
20 15 22
12 13 13
20 10 7
28 17 21
21 22 8
26 10 12
17 20 13
5 17 26
23 19 14
22 8 6
10 27 14
6 26 25
15 15 17
13 21 17
12 6 18
8 12 10
23 12 27
10 11 23
12 19 13
14 11 15
13 21 11
13 28 22
13 6 16
28 12 16
16 5 25
14 21 6
18 5 26
18 15 14
17 11 21
21 3 12
4 23 4
8 9 11
21 9 21
9 6 11
8 20 16
9 28 15
26 15 15
13 6 6
19 14 13
12 3 10
8 17 9
10 16 11
12 18 25
15 14 10
14 19 22
27 7 6
20 12 17
9 19 20
8 15 8
7 17 9
13 20 13
20 15 11
5 14 11
17 17 8
6 25 9
5 14 5
16 5 9
7 19 7
15 3 4
16 17 8
8 5 27
22 17 24
9 11 7
11 6 15
6 3 6
13 10 11
12 18 5
11 5 18
7 23 16
11 19 10
6 18 3
7 10 12
17 16 8
26 16 26
5 9 20
10 18 4
18 6 6
13 14 13
13 19 14
16 23 12
24 18 18
6 16 12
16 8 7
6 9 13
