7 4 2 1000
435 879 1009
362 750
294
493 998 1512 1824
490 1054 1398 2061
572 949 1468 1843
565 1117 1364 1850
507 1066 1333 1872
506 983 1281 1812
509 966 1409 1935
117 173 119 117
184 177 125 150
144 167 121 141
164 191 166 130
113 123 178 152
174 181 154 143
177 103 160 126
112 185 67 87
2 2 0 0
1 0 0 2
0 0 0 1
1 4 0 1
0 0 0 0
0 0 0 0
3 1 0 2
0 1 0 1
0 1 3 0
0 0 0 1
0 1 0 0
1 0 0 1
0 0 0 0
0 0 3 2
0 3 3 0
0 0 0 0
0 0 0 0
2 1 0 0
0 0 1 2
2 0 1 0
1 0 0 1
0 2 0 0
0 1 0 0
1 0 1 0
0 1 0 2
0 1 0 1
0 0 0 2
0 1 0 0
1 0 1 0
3 0 2 0
2 1 1 0
1 0 0 0
0 0 0 1
0 3 0 1
0 0 0 1
1 1 1 0
0 1 0 2
1 1 0 1
0 1 0 1
0 1 0 0
0 1 0 1
0 0 1 1
0 1 0 1
0 1 0 3
0 0 1 0
3 0 0 1
1 0 0 1
0 0 2 1
0 1 0 0
2 0 0 2
0 0 2 0
0 1 1 0
1 1 0 1
0 0 1 2
1 0 0 0
0 0 1 1
1 0 1 1
1 0 0 0
1 0 1 0
0 0 1 1
0 0 0 1
3 0 0 0
2 0 2 0
0 0 1 2
0 0 1 0
0 1 2 1
1 0 2 0
1 0 1 0
0 1 1 1
0 0 0 1
0 0 0 0
0 0 2 0
0 0 0 2
0 2 2 4
2 0 1 0
0 4 1 2
0 1 0 1
0 1 0 3
0 0 3 0
0 2 0 1
1 0 0 1
0 1 1 0
0 0 0 0
1 0 1 0
0 0 0 0
1 1 0 1
0 1 2 0
0 0 1 3
0 2 0 0
1 0 0 1
1 0 0 0
2 2 3 1
0 1 0 2
1 0 0 0
1 2 1 0
1 0 3 0
0 1 0 0
1 0 0 0
2 1 0 0
4 0 1 0
1 0 0 0
0 0 0 0
1 0 0 0
0 0 1 0
0 0 1 1
1 1 1 0
1 0 0 0
0 0 0 2
0 0 1 1
1 0 1 1
1 0 0 2
0 2 0 1
1 0 0 3
0 0 0 0
1 0 0 0
0 0 2 1
2 1 0 0
0 1 0 1
0 2 2 1
2 0 0 2
0 1 1 0
0 1 1 1
1 0 0 0
0 0 1 2
0 0 0 0
1 2 1 0
2 0 0 2
1 1 0 1
0 1 2 0
0 0 0 3
0 0 1 0
1 2 0 0
0 0 2 1
0 1 1 1
0 1 0 0
2 0 0 0
1 1 2 0
0 1 0 0
0 1 0 0
1 0 0 3
1 1 2 2
1 2 0 1
0 0 2 0
2 1 2 1
1 3 1 0
0 0 1 2
1 1 0 0
2 0 0 0
0 0 2 1
2 1 1 0
0 1 0 0
2 0 1 3
0 0 1 0
0 0 0 0
2 0 0 1
0 0 4 1
1 1 1 0
1 1 0 2
0 1 0 0
0 2 0 0
0 0 1 0
0 0 0 1
0 0 1 0
0 2 0 1
0 0 1 0
0 3 1 0
0 2 0 0
0 0 0 0
0 2 0 2
0 1 1 0
0 0 0 1
3 0 4 1
0 1 1 0
0 1 1 0
2 0 0 0
0 0 2 0
0 3 0 1
0 1 1 1
2 0 2 0
0 0 1 1
0 0 0 0
2 0 1 0
1 0 0 1
2 0 1 1
0 2 0 0
1 0 1 0
0 0 1 0
0 0 2 0
2 3 3 0
0 0 1 1
0 0 2 1
1 0 3 0
0 2 0 0
1 0 1 1
0 0 0 0
0 0 0 2
0 0 1 0
1 0 0 0
0 0 0 1
3 0 1 1
1 0 1 2
0 0 2 1
0 2 0 0
0 0 2 0
0 3 0 0
0 2 1 1
2 0 0 0
0 3 0 1
0 0 0 0
0 0 0 2
2 2 0 3
0 0 0 0
0 2 1 0
2 3 1 0
0 0 0 3
1 0 1 2
1 0 1 0
0 1 1 1
1 0 0 0
0 1 1 0
0 0 1 0
1 0 0 1
0 1 0 1
1 0 0 1
0 0 1 0
0 2 0 0
3 2 1 2
0 0 1 0
2 2 0 0
0 0 1 1
0 0 0 0
0 1 1 0
1 2 0 2
1 2 0 0
0 0 1 0
0 0 0 0
0 0 0 1
0 1 2 0
0 2 0 0
0 0 1 0
0 1 1 2
0 0 0 0
0 1 0 0
1 0 0 0
0 0 0 1
0 0 1 0
2 1 0 0
0 0 1 1
1 1 1 0
3 1 0 0
0 1 3 1
2 1 1 0
0 0 0 1
0 1 0 1
0 0 0 1
1 1 0 2
1 0 0 0
0 0 0 1
2 0 3 1
2 1 0 1
0 0 1 1
0 0 1 0
1 1 1 0
1 0 0 0
2 0 1 1
0 0 0 0
0 1 0 1
2 0 0 0
4 0 1 0
2 0 0 0
0 1 1 1
0 0 0 0
1 0 1 0
0 1 0 0
3 0 0 2
0 1 0 1
0 1 0 1
0 0 2 0
1 0 1 1
0 0 0 2
0 0 0 0
0 0 0 0
0 0 0 0
1 0 2 0
1 1 0 0
4 0 0 0
0 2 0 0
0 1 0 1
0 0 1 1
1 1 3 0
0 0 0 1
2 2 0 0
0 0 0 1
0 3 1 1
1 0 1 0
0 0 0 0
1 1 1 0
0 0 1 1
2 0 0 0
0 2 0 0
0 0 2 0
0 0 0 0
0 1 0 0
0 0 0 0
1 0 0 1
2 0 1 1
0 0 0 1
0 0 1 0
3 1 0 0
1 0 0 2
0 0 1 0
0 2 1 1
0 0 0 2
0 1 0 0
2 0 2 0
2 0 0 0
0 1 0 0
1 1 1 0
0 1 0 2
1 0 0 0
0 1 1 0
1 0 0 1
0 3 1 3
1 0 1 1
0 2 1 1
0 2 0 1
0 0 0 2
0 0 0 0
3 0 0 1
0 0 1 1
2 1 0 1
0 0 1 1
1 1 2 1
0 0 0 0
1 0 1 4
2 0 0 1
0 0 0 0
1 0 0 0
0 1 0 3
3 0 0 1
0 1 0 1
0 0 1 1
2 2 0 1
0 1 0 1
0 2 2 0
1 0 0 0
0 0 2 0
1 0 0 1
2 0 1 0
0 0 1 1
1 1 0 1
0 0 0 1
1 3 0 1
0 2 1 1
0 1 1 0
0 0 0 0
0 1 0 1
4 1 1 2
1 4 2 1
1 1 2 0
2 1 1 1
1 2 1 0
1 0 0 1
0 2 0 0
1 0 0 2
0 1 0 1
0 0 1 0
3 1 0 1
1 0 1 0
0 0 0 1
0 0 0 0
0 2 0 1
0 3 3 2
0 2 0 0
1 2 0 0
1 0 0 2
1 0 0 0
0 0 0 0
0 0 1 0
0 1 1 0
0 1 0 1
3 0 2 0
1 0 0 1
0 4 0 1
1 1 0 2
0 0 2 2
0 3 0 0
0 0 0 1
1 3 0 1
0 1 0 0
2 0 0 0
0 2 2 2
1 1 0 0
1 0 1 2
0 1 1 0
2 0 0 0
0 0 1 0
0 0 0 1
0 0 0 0
0 2 1 2
2 1 2 1
1 0 0 0
0 0 0 0
0 1 0 0
1 3 4 0
0 0 1 0
0 1 0 0
0 0 0 1
1 0 0 1
0 0 3 1
1 0 0 2
1 4 0 0
2 3 0 0
1 0 1 0
0 0 1 0
2 0 0 0
0 0 1 0
1 1 3 2
2 0 0 1
0 0 0 3
1 1 2 2
1 0 1 0
1 2 0 0
0 0 0 0
0 0 1 0
1 1 0 1
2 0 1 0
2 3 0 0
1 0 0 1
3 1 0 1
1 0 0 0
1 2 0 1
1 1 0 3
0 0 2 0
3 0 0 0
0 1 1 0
0 0 0 1
0 0 1 0
1 1 0 2
1 0 0 0
1 1 0 0
0 0 1 1
0 0 1 0
0 0 0 1
1 1 0 0
1 0 2 0
1 0 0 1
0 0 1 0
0 1 1 3
0 0 0 0
0 1 0 3
1 1 1 0
1 2 0 0
2 3 2 0
0 0 2 0
1 2 2 0
2 2 0 0
1 1 2 0
0 0 1 1
1 1 0 0
3 1 0 1
0 0 1 0
0 0 0 0
0 2 1 1
3 0 2 0
0 2 1 2
2 0 2 0
1 3 2 0
1 2 0 1
0 1 0 0
0 0 1 0
2 0 1 1
1 1 0 1
0 0 1 0
0 1 1 0
0 2 0 0
0 1 0 0
1 0 1 0
1 1 0 0
2 0 0 2
3 1 0 1
0 0 0 0
0 1 0 1
0 0 1 0
1 0 0 0
0 0 0 1
2 0 0 2
0 0 0 1
1 0 0 0
0 0 0 2
0 0 0 0
4 0 0 1
3 1 2 0
0 0 0 0
0 0 1 3
0 0 2 0
0 0 2 2
0 1 3 1
0 0 0 0
1 0 4 0
2 0 0 0
1 0 0 0
0 0 0 1
2 0 0 0
0 2 1 0
1 2 0 0
1 0 1 1
0 0 0 0
0 1 2 0
2 0 2 1
0 0 1 0
0 0 1 2
0 0 1 2
0 0 2 1
1 0 2 0
0 0 0 0
0 0 0 2
0 2 0 0
3 0 2 0
0 0 1 0
1 0 1 0
0 1 0 0
2 1 1 1
0 0 0 0
0 1 3 0
1 0 0 0
0 4 0 0
0 0 1 0
0 0 1 1
1 2 1 0
0 0 2 0
0 1 0 0
0 0 0 0
1 2 0 0
0 2 2 0
0 2 0 1
0 0 0 2
0 0 0 4
0 1 0 0
0 0 0 0
0 0 0 2
0 1 1 0
2 1 1 1
0 0 0 1
0 1 1 0
1 2 1 0
0 0 0 0
0 1 1 2
0 1 1 0
2 0 1 0
2 1 0 0
1 0 0 0
0 0 1 2
3 1 0 0
0 0 0 1
2 1 0 0
1 1 0 1
1 0 1 0
0 0 0 1
1 1 0 2
1 2 0 1
2 0 1 1
2 0 0 0
0 0 1 0
0 0 1 0
1 1 1 0
0 0 0 0
2 0 2 3
1 0 1 0
0 4 1 0
3 0 0 0
0 1 0 0
0 0 0 1
0 0 0 1
2 0 0 0
0 0 0 1
0 0 0 1
0 1 0 1
0 1 2 0
0 2 0 0
0 1 0 0
0 1 1 0
0 1 0 1
1 1 3 0
0 0 0 1
1 0 2 1
0 1 0 1
0 0 0 0
0 0 0 0
2 0 0 0
0 0 0 2
1 0 1 0
0 1 0 0
0 0 0 1
0 0 1 0
2 1 0 1
0 1 1 1
2 0 0 1
0 0 2 0
2 1 0 0
1 0 1 3
0 0 3 0
2 0 0 0
0 0 0 0
0 0 3 0
0 2 0 1
0 1 0 1
0 0 0 0
0 0 0 2
0 1 1 0
0 1 0 0
0 0 0 1
0 1 0 0
0 2 1 0
1 2 0 0
0 0 3 0
0 0 0 0
1 3 0 0
1 0 2 0
3 0 0 0
0 0 1 0
1 1 1 4
0 1 2 0
0 0 0 0
0 0 0 1
0 0 3 0
0 0 0 0
1 0 0 1
0 0 1 0
2 0 0 0
0 0 2 2
0 0 0 1
1 0 0 1
0 0 1 0
0 1 1 1
1 0 0 1
2 1 1 0
0 2 0 2
1 0 1 0
4 0 2 1
0 1 1 0
1 1 0 1
0 1 0 1
0 0 1 0
0 1 0 0
0 0 0 1
1 2 0 0
3 0 2 2
0 1 0 0
0 0 1 2
0 0 0 0
0 3 2 1
0 0 1 1
0 1 1 0
0 0 0 0
1 2 4 1
1 2 1 0
0 0 1 1
0 0 0 0
2 0 1 0
0 0 0 1
2 0 0 1
0 2 2 0
0 0 0 0
1 1 0 0
1 0 0 1
0 0 3 0
2 2 2 0
0 1 0 1
3 1 0 0
0 0 0 0
1 0 0 1
0 0 0 1
0 0 1 2
0 0 0 0
0 0 1 0
0 0 2 1
0 0 1 0
1 1 2 1
0 0 0 0
2 0 1 0
1 0 1 0
3 0 1 2
1 1 0 0
0 1 0 0
0 0 1 3
1 1 0 0
1 1 1 0
2 0 1 1
1 0 0 1
1 1 0 2
0 0 0 1
0 1 2 2
0 1 0 1
2 1 0 3
1 1 0 0
0 2 0 0
1 1 0 3
0 0 0 0
2 3 0 1
0 2 1 0
1 0 1 0
0 1 1 1
1 0 1 0
0 0 0 1
2 0 0 0
2 0 2 0
2 0 0 0
1 0 0 1
0 1 0 0
1 1 0 0
0 0 0 1
0 0 1 0
0 2 0 0
0 2 0 0
0 0 0 0
0 0 1 2
0 0 1 0
1 0 0 1
1 1 0 1
0 1 1 0
1 0 0 0
1 0 0 0
0 1 0 0
2 2 0 0
1 1 0 1
0 0 0 0
1 0 4 0
0 0 0 0
1 0 0 0
1 0 1 1
1 0 0 0
0 1 3 0
2 2 0 0
0 0 2 0
2 1 1 1
0 0 0 0
0 1 0 1
0 2 2 0
1 0 0 0
1 0 0 0
3 0 1 0
0 0 1 0
3 0 0 0
0 1 0 0
1 3 0 1
0 0 1 0
0 2 0 0
1 1 0 2
0 1 0 1
0 0 0 0
0 0 1 0
0 1 0 0
0 0 3 0
0 3 0 0
0 0 0 1
1 1 0 1
2 0 3 0
0 0 1 0
0 1 0 0
1 0 1 0
2 0 0 1
0 1 2 0
0 1 1 0
2 0 0 2
1 0 2 2
0 1 2 1
0 1 1 0
0 0 0 0
0 1 0 2
1 0 0 2
0 2 0 2
2 1 0 1
0 0 0 0
0 0 0 0
2 0 0 2
0 3 0 0
0 0 0 1
0 0 0 0
0 0 0 1
0 0 3 1
1 1 0 1
1 0 2 0
0 1 1 3
0 0 1 1
0 0 0 0
1 0 2 2
0 0 0 1
1 1 2 2
0 0 0 2
4 3 0 0
1 0 0 1
0 0 0 2
1 0 1 0
0 0 1 0
0 0 1 0
0 0 0 0
0 0 0 0
0 1 0 1
0 1 1 3
0 0 2 2
0 0 0 2
0 0 2 1
2 0 0 0
0 0 1 3
0 0 0 0
0 0 3 0
1 1 1 1
0 1 0 0
0 0 0 0
2 0 1 1
0 0 1 0
1 2 0 0
2 1 1 1
0 0 0 1
0 0 2 0
2 0 1 1
0 2 1 0
0 0 0 0
1 0 1 3
0 0 3 0
2 0 0 0
0 1 0 2
0 1 1 0
0 0 1 0
0 2 0 0
0 0 0 0
0 0 2 0
0 0 0 1
2 1 2 0
0 1 2 0
0 0 0 0
0 1 2 0
0 0 0 0
0 0 1 0
1 4 0 0
1 0 4 0
1 0 0 0
1 1 1 0
1 1 0 0
0 1 0 1
0 0 0 0
0 1 0 0
3 1 0 0
0 0 1 0
2 1 1 0
0 0 2 0
0 3 3 1
0 0 1 1
0 2 0 1
1 0 1 0
0 0 1 0
0 1 0 1
1 0 2 0
0 0 1 1
1 0 0 1
2 1 4 0
0 1 2 0
0 0 0 1
1 1 0 0
0 1 1 0
1 0 0 0
1 2 0 2
0 0 0 0
0 1 0 2
0 0 0 0
0 3 1 1
0 2 0 1
1 0 0 1
0 0 1 0
0 0 2 1
0 2 1 1
1 0 1 0
0 1 0 2
2 1 2 1
0 1 0 1
3 0 2 1
0 0 0 1
0 2 1 2
2 0 0 0
2 1 0 0
0 0 0 1
2 0 0 0
1 0 0 0
2 0 0 0
1 1 1 0
1 0 0 1
0 0 1 0
0 0 1 1
0 0 0 0
0 2 2 0
0 0 1 1
0 0 0 2
2 2 1 0
0 0 0 1
0 1 0 0
0 0 1 0
0 0 1 3
1 1 0 0
0 0 0 1
0 0 0 1
1 0 0 1
0 2 0 0
1 0 1 0
1 1 0 1
0 0 1 0
1 1 0 2
1 0 0 0
1 1 0 0
0 0 0 1
0 0 0 1
0 1 0 1
0 0 1 1
0 0 0 1
2 0 0 3
0 0 0 1
0 1 0 2
0 1 2 0
0 0 3 3
0 0 0 1
3 0 0 1
1 3 0 1
1 0 0 1
0 2 0 0
0 0 0 0
0 1 1 0
2 0 0 2
0 0 1 0
0 0 1 0
0 1 0 1
0 0 1 1
0 0 0 2
1 0 0 0
0 2 3 0
2 0 0 1
0 0 0 2
1 0 0 1
1 1 0 0
1 0 0 1
0 1 1 0
1 3 0 1
0 2 0 0
1 0 1 2
0 1 2 0
0 1 1 0
0 0 0 0
0 2 0 1
0 0 0 0
0 2 0 1
1 4 2 4
0 0 1 0
0 0 0 0
0 0 3 0
0 0 1 0
0 0 0 0
0 1 0 0
2 0 0 2
1 0 0 0
1 0 0 0
0 0 0 0
0 3 0 2
0 1 0 1
1 0 2 0
0 0 3 1
0 1 0 2
0 0 0 1
0 2 0 0
0 1 0 0
0 2 0 1
1 2 1 2
0 0 0 0
0 0 1 0
1 1 0 3
0 0 0 0
0 0 0 1
3 1 1 0
0 2 0 0
1 0 0 1
0 0 0 2
0 0 1 3
2 2 0 1
0 0 0 1
0 1 0 0
0 0 2 3
0 3 0 0
3 1 1 0
0 0 1 2
0 2 1 0
0 2 1 1
1 1 0 0
0 1 3 1
1 0 0 1
0 0 0 0
0 0 0 0
0 0 0 1
1 1 3 1
0 4 0 0
0 0 0 1
1 0 1 0
0 0 0 0
0 1 1 0
1 0 1 4
0 0 2 1
0 0 1 0
1 0 0 0
4 3 2 0
0 0 0 0
1 1 1 1
0 0 1 0
1 1 2 2
1 0 0 0
0 0 0 0
0 0 0 0
0 0 0 0
0 0 0 0
1 0 0 1
0 0 3 0
0 0 2 0
0 1 0 0
0 0 1 0
1 0 0 0
0 1 0 0
0 1 1 1
3 2 2 2
0 0 0 2
0 0 0 3
2 0 0 2
1 1 0 1
0 1 0 0
0 1 0 0
0 1 0 1
0 0 1 1
1 0 1 0
0 0 2 2
1 1 0 0
0 0 2 1
2 0 0 4
1 0 1 1
1 1 0 4
0 0 1 2
2 0 1 1
0 2 1 0
0 1 1 1
1 2 0 1
0 3 1 1
0 0 1 0
1 0 0 0
1 0 0 2
0 1 0 1
4 0 0 1
1 1 2 2
3 0 0 0
1 4 0 1
0 2 1 0
1 0 0 2
0 0 0 0
0 1 0 1
0 0 3 1
1 0 0 1
0 0 0 4
0 2 1 2
0 0 3 3
0 2 1 3
1 0 0 0
1 0 0 2
0 1 0 0
0 1 0 0
0 0 1 2
1 0 1 0
0 0 0 0
1 2 0 3
2 0 0 2
1 2 0 2
0 1 1 2
0 0 1 2
0 0 0 0
0 0 2 0
2 1 0 1
0 1 3 0
0 2 0 0
0 0 1 0
1 0 0 0
0 0 0 1
0 0 0 1
2 0 0 0
0 0 0 0
0 0 0 2
2 1 1 3
0 0 1 1
1 0 0 0
1 2 1 0
0 1 1 2
0 0 0 1
0 0 0 0
0 0 1 0
0 1 0 0
1 0 0 0
0 2 2 0
0 2 0 1
0 0 2 0
0 1 3 0
2 1 0 0
0 0 0 1
3 2 0 0
0 0 0 0
0 1 0 0
1 2 1 2
1 0 0 1
1 0 1 0
1 0 0 2
0 2 0 0
0 1 1 0
1 0 3 0
0 1 0 1
0 0 4 0
0 1 0 0
1 0 0 0
0 1 1 0
1 0 0 3
1 0 0 0
1 3 0 0
2 1 1 1
0 1 0 1
1 0 0 0
0 0 1 1
1 1 0 1
1 1 1 2
0 0 1 0
0 3 4 0
0 0 0 0
2 2 2 0
1 1 0 0
0 3 1 0
1 1 2 1
2 0 0 0
0 0 0 0
1 1 3 1
2 0 0 0
0 1 1 0
1 0 0 0
0 1 1 0
0 0 1 1
0 0 0 1
1 1 0 4
1 0 1 1
0 1 1 1
0 0 0 0
1 0 0 0
0 2 0 0
0 0 0 0
1 1 1 0
0 1 1 1
0 1 0 1
3 0 0 1
2 1 1 0
1 1 0 1
0 1 0 3
0 1 1 0
2 3 0 0
0 0 3 0
0 0 0 0
0 3 0 1
0 0 0 0
0 1 0 0
0 0 1 1
0 0 0 0
1 0 3 1
0 0 0 3
1 0 1 1
1 0 1 0
0 0 0 0
0 0 0 1
2 1 0 0
2 0 0 0
1 2 3 0
0 0 0 0
0 0 0 0
0 1 0 0
1 1 0 0
0 0 0 1
0 0 3 1
0 1 1 0
3 3 0 3
0 0 0 0
1 1 1 1
3 1 3 1
0 0 1 0
2 3 0 0
3 0 0 0
0 2 0 0
0 4 2 0
0 0 0 0
1 0 0 0
1 0 0 1
2 0 0 0
0 0 1 3
0 1 0 0
0 0 0 1
0 0 0 0
0 2 0 0
0 1 1 1
2 0 0 0
1 0 0 1
0 1 0 0
0 1 1 4
0 0 2 1
1 1 2 1
0 0 1 0
0 0 0 1
0 0 0 0
4 0 2 1
1 0 1 1
0 0 0 0
0 1 0 0
0 1 0 0
0 0 1 1
1 0 1 1
1 1 2 0
0 1 0 0
0 0 1 1
0 2 0 1
1 1 1 1
3 1 1 0
3 0 0 0
0 1 1 0
0 0 0 2
1 0 0 1
1 0 1 0
1 0 1 0
2 4 0 1
0 1 1 0
1 0 1 2
0 0 1 0
1 0 0 0
1 0 0 2
1 0 0 2
1 1 0 2
0 1 0 1
0 1 0 0
1 2 2 0
0 0 1 3
2 3 0 2
0 1 1 0
2 0 1 2
2 0 0 0
0 0 1 4
1 0 3 1
0 0 0 0
1 1 0 0
0 0 0 1
1 0 3 0
3 1 2 0
0 1 0 0
0 0 1 0
1 0 1 1
0 1 1 0
2 0 0 1
0 0 1 1
0 0 3 0
3 0 0 0
2 1 0 2
3 0 4 0
0 0 0 0
1 0 1 0
2 1 0 0
1 1 1 0
1 0 0 0
1 1 0 0
0 1 0 0
1 0 1 0
0 0 2 1
0 1 0 0
1 0 0 1
0 0 0 0
1 1 0 0
3 0 0 3
0 1 1 0
0 0 4 1
1 0 0 0
0 0 0 0
0 1 0 0
0 1 1 0
0 0 0 0
0 2 0 2
0 1 0 1
1 3 0 0
0 2 0 1
1 0 1 1
0 2 0 2
0 0 0 1
1 0 0 1
0 3 0 1
0 0 0 0
0 0 0 0
0 2 2 0
1 0 0 3
0 1 1 0
0 0 1 0
0 0 0 2
1 1 0 1
0 0 0 1
1 1 0 0
0 0 0 1
0 2 1 2
0 0 0 2
0 0 0 0
1 2 1 0
0 2 0 0
1 0 0 0
0 1 2 0
0 0 1 0
3 0 1 1
1 1 0 0
1 1 0 3
2 0 0 0
0 1 1 2
0 2 2 1
0 0 0 0
0 0 2 2
2 0 2 0
1 0 4 0
1 1 0 0
1 0 1 1
0 0 0 0
0 1 0 0
0 1 0 0
0 0 0 0
3 1 2 0
0 1 0 1
1 2 0 0
2 1 0 2
0 2 0 0
0 0 0 0
1 0 0 2
0 2 1 0
0 0 2 3
1 0 1 0
1 1 1 1
0 0 1 1
2 1 1 1
0 0 0 0
0 0 0 0
0 0 1 1
1 0 0 0
0 0 0 0
0 0 0 1
0 0 0 0
4 2 0 4
0 1 2 0
0 0 0 0
0 0 1 3
1 0 0 0
2 0 1 0
1 1 0 0
0 0 0 0
2 0 0 0
1 0 0 0
0 0 0 0
1 4 1 0
0 0 0 1
0 3 0 0
1 0 1 1
0 0 0 0
0 1 0 0
1 3 1 0
0 0 0 1
1 0 0 0
0 1 4 0
1 0 0 1
3 2 0 0
0 2 0 0
3 0 2 2
0 0 0 0
0 3 1 0
0 0 1 0
1 3 1 0
0 0 0 0
1 2 0 0
0 0 0 0
1 0 0 0
1 0 0 0
1 2 3 1
0 0 0 4
0 1 0 0
0 0 2 0
1 0 0 1
0 1 1 0
0 0 1 0
0 0 0 0
1 0 2 3
1 0 0 0
0 0 1 1
0 2 2 0
0 0 1 3
1 1 0 0
0 1 1 1
1 1 0 0
0 0 0 1
0 1 2 1
2 1 0 0
0 0 0 2
0 2 0 1
1 0 1 0
0 2 0 0
0 1 2 1
1 0 1 2
3 0 0 4
0 0 1 0
1 0 1 1
2 0 0 0
0 1 0 1
0 3 0 0
1 0 1 0
0 0 0 0
0 0 0 0
1 0 2 0
0 1 0 1
0 2 1 0
1 3 0 1
1 1 0 0
0 0 0 2
0 0 1 0
2 0 0 1
0 2 0 1
2 0 1 2
1 1 0 1
0 3 2 0
0 1 0 0
1 0 0 0
0 0 0 0
0 0 4 2
0 2 1 0
1 0 0 2
0 1 1 0
0 0 0 1
0 1 1 1
1 0 3 1
0 1 0 0
2 0 0 2
2 0 1 1
0 0 1 0
1 1 0 0
1 0 1 0
0 0 0 2
0 0 0 2
0 0 1 0
1 1 0 0
0 0 0 1
0 0 1 2
2 0 0 0
1 2 1 2
0 0 0 0
1 2 1 0
0 3 0 0
1 4 2 0
1 4 0 0
0 0 0 0
2 0 1 1
0 0 1 1
1 1 0 0
0 0 1 0
2 1 0 1
1 1 1 1
0 0 0 0
0 1 4 0
0 1 1 0
0 1 0 0
1 0 0 0
0 1 0 1
1 0 0 1
2 1 0 1
0 0 0 1
0 0 0 1
4 1 0 0
2 0 0 0
0 0 1 0
0 1 0 0
1 0 1 0
0 0 1 2
1 0 1 0
3 1 1 0
1 0 1 1
1 2 0 1
0 0 0 2
1 1 0 1
0 0 1 0
0 0 2 0
1 0 1 1
2 0 0 2
2 1 1 0
1 0 0 0
0 1 0 0
0 3 0 2
0 0 0 0
0 0 0 0
0 0 0 1
1 0 0 1
2 0 0 0
0 0 2 0
0 1 1 1
2 0 0 0
1 2 2 0
0 2 1 1
0 0 2 0
0 1 2 2
0 1 0 3
0 0 0 0
0 1 0 0
2 1 0 0
0 0 1 0
0 2 1 2
0 1 1 0
0 2 0 0
0 0 1 0
0 2 2 1
2 0 0 2
1 3 0 4
2 1 2 0
0 0 0 0
1 1 0 0
0 1 0 1
0 1 1 0
1 2 0 0
0 2 1 0
0 1 1 0
0 1 1 3
2 0 2 2
0 1 2 0
0 0 1 1
1 0 0 0
0 1 1 0
0 2 1 0
0 2 2 0
1 0 2 0
0 2 0 0
2 1 0 0
0 1 1 1
0 0 2 0
0 1 0 0
1 2 0 0
0 0 0 1
0 0 1 0
0 0 0 2
0 1 0 1
0 3 0 1
3 0 0 2
0 2 2 4
4 1 0 1
1 0 2 0
0 1 0 0
3 2 0 0
1 0 0 4
3 1 0 1
0 0 1 0
1 0 0 0
1 0 4 1
0 0 0 0
0 3 1 0
0 1 1 1
0 0 1 1
0 0 2 1
0 1 0 0
1 0 1 0
0 0 0 0
1 1 2 0
1 0 1 0
1 0 0 0
0 0 3 1
0 0 0 1
1 0 3 1
2 1 1 1
0 1 1 1
3 1 0 2
1 0 1 4
0 2 0 1
1 0 1 1
0 1 2 2
0 3 0 0
0 0 0 0
1 0 0 0
1 0 0 2
0 2 1 1
1 0 0 2
0 1 0 1
1 0 0 2
0 0 1 0
2 0 0 0
0 0 3 1
0 1 0 0
0 0 0 0
1 0 1 1
0 4 0 2
0 0 0 1
4 2 2 1
2 0 1 0
0 0 1 1
0 0 0 2
1 1 0 0
1 1 1 1
1 0 0 3
1 0 1 1
0 2 1 1
0 0 0 1
0 2 0 0
0 0 0 2
0 2 0 1
0 2 0 0
0 1 0 1
0 3 1 0
1 0 0 0
0 2 0 1
0 0 3 0
2 0 0 1
2 2 1 2
1 0 0 2
3 1 1 0
2 3 0 0
0 2 1 0
0 0 0 0
0 1 1 1
0 1 2 0
0 1 2 0
0 3 1 0
0 0 1 1
1 0 1 0
0 0 0 2
0 0 0 0
1 0 1 0
0 0 0 3
1 3 0 1
1 0 0 0
1 0 1 2
2 0 0 0
0 0 0 2
2 0 0 0
0 0 2 3
2 0 1 0
0 0 0 0
0 0 1 0
0 0 0 1
2 0 0 1
0 0 2 0
1 1 1 0
2 1 1 2
2 0 0 1
1 0 0 0
0 0 1 1
0 0 0 0
0 0 0 1
0 1 0 1
0 0 0 2
0 0 2 0
0 0 0 1
2 4 0 0
1 0 1 0
3 0 1 1
0 0 0 0
0 1 0 1
0 0 1 0
1 0 0 0
1 1 1 0
1 1 0 0
0 1 0 0
0 1 0 0
0 0 0 1
2 0 0 1
0 1 2 2
1 1 1 0
0 0 3 2
2 2 2 0
0 0 1 0
2 1 1 0
0 1 0 1
1 1 1 0
2 0 0 0
3 0 0 0
0 1 0 1
0 0 2 1
1 2 1 0
1 0 1 0
1 4 0 1
0 2 3 0
0 3 1 0
2 0 1 1
2 1 0 2
2 0 1 1
0 1 0 0
1 0 1 1
4 0 1 0
2 1 0 0
3 2 1 0
1 1 1 0
1 0 0 0
0 0 0 1
1 0 1 3
0 2 0 0
1 1 1 4
1 1 0 1
2 0 2 0
1 0 1 0
2 0 0 0
2 0 2 2
0 0 1 1
0 0 0 0
0 1 1 1
1 0 1 0
4 1 0 1
0 0 3 1
0 0 0 0
0 3 0 0
1 0 1 0
2 1 0 0
1 0 0 2
0 0 0 1
2 0 0 0
1 0 0 0
2 2 0 0
3 2 2 0
0 0 0 1
0 1 1 0
0 0 0 0
2 0 0 0
1 0 1 0
1 0 4 2
1 0 4 0
0 1 2 2
0 0 1 0
0 1 1 0
0 1 0 1
0 1 3 0
1 0 1 0
1 0 0 0
0 3 0 2
0 0 0 0
0 2 1 0
0 1 0 2
1 0 2 2
0 0 0 0
1 0 1 0
0 0 1 0
0 0 0 0
0 0 0 1
1 1 0 0
1 2 1 0
3 0 0 0
0 0 0 0
0 0 2 1
0 1 0 2
0 1 0 0
0 0 0 1
0 1 4 1
0 1 0 1
1 0 1 0
1 1 0 0
2 0 3 0
1 2 0 0
0 1 0 0
2 1 1 0
0 0 0 2
0 0 1 0
1 0 0 0
2 4 1 0
1 0 0 1
1 0 0 0
1 0 0 0
1 1 1 0
0 1 0 0
0 0 0 1
0 0 2 0
0 0 0 0
2 0 1 2
1 0 0 0
0 0 1 0
2 1 3 0
1 0 2 1
0 0 0 2
0 0 0 0
1 0 0 1
0 0 1 0
2 2 0 0
0 0 0 1
0 2 2 0
0 0 0 0
1 0 0 0
0 0 0 1
1 0 1 1
2 0 2 1
2 1 2 0
1 1 1 0
0 0 0 1
0 2 1 2
0 0 1 1
0 1 0 1
0 1 0 0
0 1 1 0
1 2 2 0
0 1 2 2
0 3 0 1
4 1 0 0
0 0 1 3
0 0 0 0
0 1 0 1
1 0 0 1
1 0 0 0
3 0 0 0
1 1 0 2
0 0 0 3
0 0 0 2
0 2 1 2
0 2 1 0
1 0 0 0
0 1 1 1
3 2 0 0
0 0 1 1
1 2 1 1
1 0 0 0
1 0 1 0
1 0 0 1
0 2 0 0
0 1 2 1
0 2 0 0
1 0 0 0
2 2 0 1
0 1 1 1
0 3 0 1
1 0 0 0
0 0 0 1
0 0 2 0
0 1 0 2
0 2 1 1
1 0 0 0
0 1 1 2
1 0 1 0
0 1 2 0
1 1 0 0
0 0 1 1
0 0 0 0
2 1 2 3
1 0 0 1
0 3 0 0
0 0 0 0
0 2 0 1
1 0 0 0
1 0 0 0
0 0 1 3
1 1 0 0
0 1 2 1
3 2 2 2
0 2 0 2
0 1 0 1
2 2 0 1
3 0 2 0
1 0 0 3
0 0 0 0
1 2 1 0
2 0 0 0
1 1 0 0
0 0 0 1
0 1 3 0
1 2 0 0
1 0 0 0
1 3 1 1
1 0 0 0
0 0 0 0
0 1 0 0
0 0 0 0
0 1 2 0
1 0 0 1
0 0 2 0
0 0 0 1
1 2 0 0
0 0 0 0
0 0 0 0
0 1 0 4
1 2 1 0
1 0 0 0
0 0 1 2
0 2 1 1
0 0 2 1
0 0 0 0
0 2 0 4
2 0 1 1
0 0 3 0
0 0 0 0
1 2 0 1
3 0 0 0
0 0 0 0
1 0 0 0
3 0 0 1
0 2 0 0
0 0 0 0
2 0 1 0
0 1 2 0
0 1 1 1
0 0 1 1
0 0 1 1
0 1 0 0
0 1 0 2
1 0 1 0
1 2 1 0
0 0 1 0
0 2 2 1
0 0 3 1
0 0 1 0
0 1 2 0
0 0 0 0
0 1 0 1
1 0 1 0
0 0 1 4
1 0 1 2
0 0 1 0
0 2 1 2
0 1 1 1
0 0 0 0
1 2 0 1
0 1 0 0
1 2 1 1
0 0 0 0
4 0 0 0
1 1 3 1
0 1 0 1
1 0 0 0
0 0 1 3
1 0 0 0
0 0 0 0
0 0 0 3
2 0 1 1
0 2 0 1
0 0 0 1
0 1 3 2
0 0 0 0
0 0 2 1
2 0 0 0
0 2 2 0
0 1 0 3
0 0 0 0
0 0 3 1
0 0 0 2
0 0 0 0
0 1 0 0
1 2 2 0
1 1 1 0
4 0 0 0
1 0 1 0
0 1 2 1
1 0 1 4
0 3 2 0
1 0 1 0
2 0 1 0
0 0 2 0
0 0 1 1
1 4 2 0
1 1 0 0
0 0 0 0
0 0 0 0
0 0 0 1
0 0 1 0
0 0 1 0
0 0 2 1
0 0 1 0
0 1 0 1
1 0 0 0
0 0 3 0
0 1 0 0
1 0 1 2
0 0 0 1
4 0 0 1
1 0 0 0
0 0 1 0
0 0 1 0
0 0 0 0
1 0 0 1
4 1 0 1
3 0 0 2
1 1 1 0
0 2 0 0
1 0 1 1
1 0 1 1
1 0 0 0
1 4 1 0
0 2 0 0
0 1 1 2
2 0 0 0
0 4 4 0
0 1 0 0
0 0 3 0
0 0 0 2
0 1 0 0
0 0 0 0
4 0 0 0
1 3 1 0
0 1 0 1
2 0 0 1
0 2 0 2
1 1 0 1
1 0 0 1
1 0 0 4
1 0 1 1
1 0 0 1
0 1 1 0
1 0 0 0
1 1 0 0
2 2 0 0
1 0 1 1
0 0 0 2
0 1 0 0
1 2 0 0
1 0 0 0
0 0 0 0
0 1 2 0
1 1 2 0
0 0 1 0
0 1 0 0
0 4 0 0
0 1 0 2
0 2 2 0
0 2 3 0
0 0 0 0
0 1 0 0
1 0 0 1
1 2 0 0
0 0 0 0
1 1 0 0
2 0 0 2
0 0 0 1
0 3 0 2
0 4 0 0
0 1 0 1
0 0 0 0
0 1 0 0
0 0 2 0
1 1 0 0
0 0 0 2
1 0 1 1
0 2 1 0
0 1 0 1
1 1 4 0
3 3 0 0
0 1 0 0
0 0 1 1
2 1 3 0
0 2 0 2
1 2 1 0
0 0 0 1
1 0 0 0
1 0 1 0
2 1 1 1
0 0 0 0
0 0 2 2
0 0 0 1
0 3 0 0
2 0 0 2
1 0 0 0
0 4 1 0
0 1 4 1
0 0 0 2
1 0 0 0
3 1 2 0
2 1 0 0
2 0 0 0
2 0 0 0
0 0 0 0
1 1 1 0
1 3 1 1
0 0 0 0
0 0 0 2
0 1 2 1
1 0 0 0
3 1 0 0
0 0 0 3
0 0 0 0
2 0 0 0
0 0 2 0
4 2 0 1
0 1 0 1
1 1 0 1
1 1 0 1
2 1 0 0
0 3 1 0
1 0 0 0
0 0 2 3
0 2 0 0
0 1 0 0
0 1 1 0
0 3 0 0
0 0 1 0
0 0 0 0
2 0 0 1
0 0 0 0
2 0 0 1
2 1 1 3
0 1 0 0
2 0 2 0
2 3 1 0
1 0 1 1
0 0 1 2
2 2 0 2
0 0 0 0
0 0 1 1
1 0 0 0
0 1 2 0
0 1 1 0
1 1 0 1
0 0 1 0
0 0 0 0
0 0 0 1
1 0 0 0
0 0 0 0
0 0 0 2
2 2 1 0
0 0 0 1
0 1 0 2
1 0 0 1
1 0 1 1
1 0 0 1
0 1 0 0
0 1 0 2
0 1 0 0
1 1 0 1
0 0 0 0
0 1 0 0
0 0 1 3
0 0 0 1
1 2 0 0
1 0 1 1
0 0 0 1
0 1 2 1
0 0 0 0
0 0 0 0
0 0 2 1
0 1 2 0
0 0 0 0
0 0 2 2
1 0 1 0
1 1 0 0
0 1 0 0
0 4 2 2
0 1 0 1
1 0 0 0
0 0 0 1
0 0 0 0
0 1 1 1
0 2 0 0
0 2 1 1
0 0 1 0
0 0 0 1
0 1 0 0
0 1 0 0
0 1 0 0
0 2 0 0
0 0 0 0
0 4 2 0
0 3 1 0
0 0 0 2
1 3 1 2
0 0 1 0
2 0 1 0
0 0 0 0
0 1 1 1
0 0 1 0
2 1 0 1
1 1 0 0
0 0 0 0
1 1 0 0
0 0 0 0
0 0 0 0
0 1 0 1
3 0 1 0
0 0 1 1
1 3 2 1
0 2 1 0
4 1 3 1
0 3 0 1
1 0 1 0
0 0 0 1
1 0 1 1
0 0 0 2
0 3 0 0
0 0 0 2
3 0 0 0
0 0 0 1
1 1 2 0
0 1 1 1
1 0 1 0
0 0 1 1
0 0 0 0
0 1 0 0
3 1 0 0
1 1 0 0
1 1 1 1
1 2 0 1
2 1 3 1
1 3 0 0
0 0 3 0
0 1 0 1
2 1 0 0
1 0 0 0
0 1 1 0
1 0 2 0
2 0 0 0
0 1 0 0
0 0 0 1
2 0 1 1
0 0 1 0
0 0 0 2
2 0 1 1
1 0 0 0
1 0 0 0
1 1 1 0
2 2 2 0
0 0 1 1
0 1 3 0
0 0 1 0
1 2 0 2
1 2 4 0
1 0 0 1
0 0 0 0
2 0 3 1
0 1 2 0
0 0 0 0
0 0 1 0
0 0 0 0
0 0 1 0
1 2 2 0
1 2 0 0
0 2 0 2
0 3 0 1
3 2 0 0
1 0 0 0
0 0 0 0
1 0 1 0
2 0 0 0
0 0 0 2
1 1 1 1
2 0 0 0
1 0 0 0
0 0 1 1
1 0 1 1
0 2 3 0
1 0 0 1
1 2 0 1
0 0 1 0
1 3 3 2
0 0 1 0
1 0 0 0
0 0 1 3
2 0 0 0
0 1 1 2
0 3 0 0
3 0 0 3
0 0 0 0
0 2 0 0
0 0 1 1
0 0 0 0
0 2 0 1
1 0 1 0
0 0 1 1
0 3 1 2
0 0 1 1
1 1 0 1
0 0 0 0
1 0 0 1
0 0 0 0
0 0 1 0
1 1 0 1
0 0 0 1
0 0 0 0
0 0 1 0
1 1 1 0
0 0 2 1
0 0 0 0
2 1 1 1
0 0 0 1
2 0 1 2
3 0 1 0
0 2 3 2
1 0 0 3
0 0 1 0
1 1 2 4
0 1 1 2
1 1 1 0
4 0 0 0
1 0 1 0
1 0 2 0
0 0 0 2
0 0 0 0
0 0 0 0
1 0 0 0
0 1 0 2
2 0 0 0
0 1 1 0
0 2 0 0
1 0 2 1
4 0 0 0
0 0 0 0
0 1 3 0
0 0 0 1
0 1 1 1
2 0 0 0
0 2 0 0
0 1 0 0
0 0 0 0
0 0 1 0
0 1 0 0
0 0 1 0
0 0 0 0
0 2 1 0
0 1 2 1
0 1 0 2
0 0 2 0
0 0 0 2
1 0 1 0
1 0 3 0
1 0 1 2
0 2 1 0
0 0 1 3
0 1 1 0
1 1 0 0
1 0 0 1
0 0 0 0
1 2 0 1
1 1 2 4
1 0 0 0
0 2 0 1
1 0 1 0
0 0 0 2
2 0 0 0
1 1 1 4
1 3 0 0
0 0 0 1
0 1 1 0
0 1 0 0
1 1 1 0
0 0 0 0
1 1 0 0
0 3 1 0
1 0 0 0
0 1 0 1
0 1 1 1
0 3 0 0
1 0 0 1
0 0 3 0
0 0 2 0
0 0 0 2
0 2 0 1
0 0 0 2
1 0 3 0
1 2 1 0
0 0 0 0
1 0 2 1
0 0 1 1
0 1 0 0
0 1 2 0
0 2 0 1
0 0 1 0
1 0 1 0
1 0 0 1
1 1 0 1
1 1 1 0
0 0 0 2
1 1 0 0
0 1 1 1
1 2 0 1
1 0 0 0
0 0 2 2
1 1 0 0
0 1 0 0
1 1 0 1
0 1 1 0
0 1 2 0
2 0 2 0
1 0 0 0
0 0 1 0
0 2 1 0
0 0 2 0
1 0 1 2
0 1 0 1
0 0 0 0
0 0 3 1
0 0 0 0
1 0 1 0
0 1 0 0
2 0 3 2
1 0 0 4
3 0 1 0
1 0 0 1
1 0 1 1
0 1 0 0
1 4 0 0
1 0 1 1
1 0 0 0
0 0 1 0
0 2 0 1
0 0 2 2
0 0 3 0
0 0 1 2
3 1 0 0
0 0 0 1
1 0 0 1
1 0 3 1
3 0 2 1
2 0 2 1
0 0 0 2
1 1 0 2
2 0 0 0
0 0 0 1
1 0 0 0
0 0 1 1
0 1 1 1
0 3 1 2
1 0 2 0
4 2 2 0
0 0 0 1
0 1 1 3
0 4 0 1
2 0 2 0
1 0 1 1
0 3 0 0
0 1 1 0
0 0 0 0
0 3 1 0
1 0 4 1
0 0 1 1
0 0 0 0
0 0 0 4
1 1 1 0
0 0 1 0
0 2 0 2
0 1 0 0
0 0 0 2
0 1 0 1
0 0 2 0
1 3 0 1
0 0 0 0
1 1 1 0
2 0 0 1
2 1 0 0
0 0 1 0
1 0 1 0
1 0 0 0
1 4 0 0
0 2 0 1
1 0 1 0
0 0 0 1
1 0 1 1
0 0 0 0
1 1 0 0
0 1 1 0
0 0 0 2
1 0 0 0
2 0 1 1
0 0 1 0
1 2 2 0
1 1 2 0
1 1 4 1
3 1 3 1
0 0 1 0
1 0 1 0
1 0 1 1
0 2 0 0
4 0 0 0
0 0 1 1
1 0 0 2
1 0 1 1
0 1 0 3
0 0 0 0
0 0 1 0
1 0 0 1
3 0 1 0
1 0 0 0
0 0 0 0
0 1 0 0
0 1 0 0
0 0 2 1
0 0 0 2
2 0 1 1
3 0 0 1
1 1 0 2
0 0 0 0
0 0 0 0
1 0 0 1
0 0 3 1
1 2 1 2
0 1 0 1
0 2 2 0
3 0 0 0
1 1 1 1
0 0 0 0
0 1 0 1
1 0 0 0
0 1 0 0
3 1 0 1
0 0 0 0
0 0 2 0
0 0 0 4
1 0 0 3
1 0 0 1
1 0 0 3
0 0 1 0
2 0 2 0
0 1 0 0
0 1 0 3
0 0 0 0
0 2 0 0
1 0 0 3
0 0 0 1
1 1 1 0
2 0 1 0
2 1 0 1
0 2 0 1
0 0 2 1
0 0 0 2
1 0 2 0
1 0 0 2
0 0 0 4
0 0 1 0
0 0 0 0
0 1 0 0
0 3 0 0
0 0 0 2
2 0 0 0
1 1 1 1
0 2 3 2
0 0 1 1
0 1 0 0
0 1 1 1
1 0 2 1
2 0 0 0
0 1 3 0
0 0 1 0
0 2 0 0
3 0 0 0
2 3 0 0
2 2 1 0
1 0 0 1
0 0 0 0
1 0 0 0
1 0 0 0
1 0 0 4
0 0 0 1
0 3 3 0
1 0 1 0
0 1 1 1
0 2 1 4
0 1 1 0
1 0 1 0
1 0 3 1
1 0 1 1
0 0 1 1
0 0 0 0
1 1 1 0
0 0 1 0
2 0 0 2
0 0 2 3
0 0 0 1
0 0 1 1
0 1 0 1
0 1 1 0
0 0 0 0
1 2 2 1
1 0 1 0
2 1 0 2
0 0 0 0
1 2 0 0
0 0 2 0
1 1 0 2
0 0 3 0
0 2 1 0
0 0 2 0
0 0 0 1
1 1 1 0
0 0 2 0
1 0 0 4
1 0 1 0
1 2 1 1
2 1 1 0
0 0 2 1
1 0 1 3
0 0 0 0
0 0 1 0
0 0 0 0
0 0 0 0
2 0 0 0
1 1 3 0
1 0 1 1
0 0 1 0
3 2 0 0
0 2 1 1
0 1 0 0
0 0 1 0
0 1 1 1
0 2 2 1
0 0 0 1
1 0 1 1
0 1 0 2
0 1 2 1
0 1 0 1
0 0 2 0
0 0 1 2
1 2 3 3
0 2 0 0
0 0 0 1
0 0 3 0
0 1 0 4
0 1 1 2
0 1 2 2
0 0 2 0
0 4 3 1
0 0 0 0
0 0 0 0
0 0 2 1
0 0 2 0
1 0 0 1
0 1 1 1
1 0 0 2
0 0 0 2
1 1 0 1
0 2 0 1
0 0 2 4
0 0 2 0
0 0 0 1
0 0 1 1
1 0 1 0
1 1 0 1
0 0 0 1
0 0 1 0
0 0 0 0
1 0 0 1
1 1 1 1
1 0 1 0
0 0 0 3
0 2 0 1
0 1 1 0
0 1 0 2
1 1 1 0
0 0 1 0
0 0 0 1
0 1 1 0
3 1 1 0
0 1 0 2
2 0 1 0
0 0 0 0
0 1 2 0
2 3 0 1
0 0 0 0
1 1 0 1
0 0 1 0
0 1 0 1
0 0 0 0
0 1 0 0
1 1 0 0
1 2 0 0
2 3 1 0
3 0 1 0
2 0 0 0
0 1 0 0
0 0 1 1
1 1 1 0
0 0 0 0
2 0 0 0
0 0 1 1
1 0 0 1
1 0 1 0
0 0 0 0
0 1 1 1
1 0 0 2
1 0 0 0
0 1 0 0
0 0 1 2
1 0 0 0
0 1 3 0
0 1 0 0
0 0 1 1
1 3 1 0
0 0 0 2
0 1 0 0
0 0 1 1
0 0 0 0
0 0 1 0
0 1 0 0
0 2 1 1
0 1 2 1
1 2 0 1
1 0 0 1
1 0 0 0
0 0 1 0
0 0 2 0
0 1 0 1
3 1 0 1
0 0 0 1
0 0 1 1
0 0 0 0
0 0 1 0
0 0 0 1
1 2 0 1
1 0 0 0
2 2 0 0
2 0 0 0
0 0 1 0
0 0 0 0
1 1 0 0
1 0 1 0
0 0 1 0
0 0 2 0
0 1 0 0
0 0 0 1
2 0 0 0
0 1 1 1
0 0 0 0
0 0 1 0
1 1 2 0
0 2 0 0
0 1 1 0
1 0 1 0
0 0 0 0
0 0 0 0
0 1 0 0
0 0 0 0
0 0 1 0
0 1 0 0
2 0 0 1
0 1 0 1
0 0 1 1
1 4 1 0
0 1 0 2
0 1 1 1
0 1 0 0
0 1 1 1
0 0 1 3
1 1 2 0
0 1 1 0
1 0 0 0
0 0 0 0
0 0 0 2
1 1 0 0
0 0 0 0
0 0 2 0
2 0 4 0
2 1 1 1
0 1 0 0
0 0 0 0
0 1 0 0
1 0 1 0
1 0 0 0
0 1 1 0
1 2 1 1
1 0 0 0
3 0 0 0
0 4 0 0
0 2 2 1
0 0 0 0
0 0 1 0
0 1 1 1
0 0 0 0
1 0 2 0
1 0 0 0
0 2 2 0
0 1 0 0
1 0 2 0
0 3 0 0
1 1 1 0
0 0 2 2
0 1 2 1
0 0 1 0
1 0 2 0
0 0 0 1
2 1 1 2
0 0 1 0
0 0 1 0
0 1 1 1
1 0 0 1
2 0 0 1
1 1 1 0
0 0 0 0
0 0 0 0
0 0 1 1
1 1 1 1
3 0 1 4
1 1 2 1
0 0 0 0
0 0 0 2
1 1 0 0
2 0 0 0
1 0 0 1
1 2 0 0
4 0 1 0
1 0 1 0
0 0 0 0
1 1 0 1
2 1 0 0
1 0 0 0
1 1 0 1
0 1 0 0
2 4 1 0
0 0 0 0
0 1 2 0
0 0 1 2
1 0 2 0
0 0 2 2
1 2 0 1
1 0 0 3
1 0 1 0
0 2 1 2
0 0 0 0
0 0 1 1
0 1 0 0
1 0 0 2
0 0 2 1
0 1 0 1
1 0 0 0
1 0 1 0
0 0 2 4
1 2 0 0
2 0 1 1
1 0 0 1
4 0 1 2
0 1 2 0
2 0 0 0
1 0 0 1
0 1 2 0
1 0 2 1
0 2 1 1
0 1 1 1
0 1 0 0
3 3 1 2
0 1 1 0
0 0 0 0
0 0 2 0
2 1 0 4
0 2 0 0
2 2 2 1
1 3 0 0
0 0 1 1
3 0 0 1
0 0 0 4
2 0 0 1
2 0 0 0
1 1 1 0
0 2 2 1
1 0 0 1
1 0 0 0
0 0 0 0
1 1 0 1
0 0 0 0
0 1 0 0
2 0 0 0
1 1 3 0
1 0 0 0
0 0 0 0
0 0 1 0
0 1 0 2
2 0 1 0
0 0 0 0
0 2 1 2
1 0 1 0
0 2 0 1
2 0 1 0
0 0 0 0
0 0 1 1
1 0 1 1
2 2 1 0
2 1 0 1
0 3 0 0
2 0 0 1
1 1 0 0
0 1 0 1
0 1 0 0
0 2 1 0
0 1 1 2
0 0 2 1
2 0 0 0
2 2 1 4
3 0 0 3
1 0 0 0
0 0 2 2
0 1 0 1
0 2 0 1
0 0 0 1
0 0 1 1
1 0 0 2
0 1 0 0
1 0 0 0
0 0 0 1
0 1 0 0
0 0 0 1
3 1 1 0
0 0 1 1
0 2 0 0
0 0 3 0
0 0 0 1
0 1 1 0
0 0 0 1
1 1 1 0
0 0 0 2
1 2 0 0
0 0 0 0
2 1 1 4
2 0 0 0
1 0 1 1
0 2 0 0
0 1 1 0
1 0 1 1
1 0 2 0
2 0 1 0
2 0 2 0
1 1 0 2
0 1 2 0
1 2 0 0
0 2 1 2
0 0 0 0
2 1 0 0
1 1 0 0
0 3 1 0
0 0 1 0
0 3 0 0
2 0 0 1
0 2 0 0
3 0 2 1
0 0 2 3
0 0 0 1
1 0 0 1
1 0 1 2
1 1 3 0
1 3 0 0
0 0 0 1
0 0 1 0
1 1 1 2
0 0 0 0
0 1 0 1
0 2 1 0
0 0 0 0
1 1 1 1
0 2 0 0
1 0 2 0
3 1 0 0
2 0 0 0
2 0 0 1
2 2 0 0
1 0 0 0
0 3 0 0
1 1 0 0
0 1 0 1
3 2 0 0
0 0 0 0
0 0 1 0
0 0 2 0
0 0 0 1
0 0 2 0
0 0 2 1
1 1 3 1
1 1 1 0
0 0 0 0
1 0 0 1
1 0 0 0
4 0 3 1
0 3 1 0
1 1 0 0
4 0 0 0
0 0 0 0
0 0 0 0
0 1 0 1
2 0 3 0
0 1 3 0
1 0 0 0
0 2 0 0
0 0 0 1
0 2 2 0
1 0 0 1
1 0 1 0
1 0 1 1
0 1 0 2
0 0 0 1
0 0 2 0
1 1 1 3
0 0 0 0
0 0 0 0
0 0 1 0
0 0 0 3
0 0 0 2
1 1 4 1
1 0 0 3
1 2 3 0
0 0 0 0
0 0 0 1
0 0 2 0
1 0 0 2
2 0 1 2
0 0 0 0
1 1 1 0
0 0 0 1
0 0 0 0
0 0 0 0
1 2 0 0
0 3 1 1
0 0 0 1
0 0 0 2
4 1 0 1
1 0 0 0
1 1 0 2
0 2 1 0
0 0 0 1
1 0 2 0
0 1 0 0
0 1 0 0
0 2 1 1
1 0 0 0
1 0 1 1
1 0 1 1
0 1 3 0
0 1 0 0
0 0 2 1
0 0 1 0
0 1 0 0
2 1 0 0
1 0 0 0
1 0 0 2
0 1 0 3
2 0 0 1
0 0 0 0
0 0 0 0
0 0 0 1
1 0 1 1
0 0 2 0
2 1 1 0
0 0 1 0
1 0 1 0
0 1 0 0
0 0 0 0
0 0 1 3
0 2 0 0
0 0 2 2
0 0 0 1
1 1 0 0
1 3 1 0
1 0 0 1
0 0 0 0
0 0 0 0
1 1 0 0
1 0 1 1
1 1 0 0
1 0 0 3
0 1 0 0
2 1 0 1
1 0 0 0
0 1 0 0
0 1 3 3
0 3 2 2
1 0 1 1
0 1 1 2
0 1 2 1
0 1 2 0
4 0 0 0
0 1 0 1
0 0 0 0
0 0 0 1
1 1 0 3
0 4 0 1
0 1 0 1
0 1 1 2
1 0 0 2
2 1 1 0
1 2 1 0
0 0 1 0
0 0 0 1
0 1 1 0
0 1 1 1
1 1 2 0
2 0 2 1
0 1 1 0
0 1 0 0
0 0 1 0
2 2 0 0
0 0 1 0
1 4 0 0
1 1 0 0
2 0 1 0
0 0 0 0
2 0 0 0
0 0 1 1
0 0 0 2
0 1 1 0
1 1 1 2
0 0 0 0
0 0 0 0
0 2 2 0
0 0 0 0
1 2 0 0
0 2 0 0
0 2 1 2
1 0 0 2
1 1 0 0
0 1 0 0
0 2 0 0
2 0 2 2
0 0 0 0
0 0 1 0
0 0 2 0
0 1 1 0
0 0 1 3
0 0 3 1
0 0 3 0
0 0 0 0
1 1 0 1
1 0 0 0
0 0 0 2
1 0 1 1
1 1 1 0
0 1 0 2
0 0 0 0
0 0 1 1
0 1 1 0
0 0 0 0
1 0 0 1
0 0 0 1
1 0 0 0
0 0 0 0
0 0 1 0
0 0 0 0
0 1 2 0
1 0 1 1
0 1 0 0
1 0 1 1
0 0 0 1
0 0 1 0
4 0 0 0
0 1 0 0
1 0 1 0
0 0 1 2
0 0 0 1
0 0 0 0
1 0 0 0
1 0 2 1
0 0 1 0
0 2 1 0
1 3 0 0
3 0 1 1
0 0 1 0
0 1 0 0
2 0 0 1
0 0 0 1
2 0 0 1
1 0 0 0
2 0 1 0
0 1 2 1
1 1 1 1
0 0 0 0
0 0 0 1
0 3 1 0
0 0 1 1
0 0 1 1
1 2 1 0
0 4 0 0
1 1 0 3
0 0 0 2
0 1 3 0
1 0 0 0
0 2 0 0
0 0 0 0
0 1 0 0
0 0 0 0
1 0 0 1
0 1 1 0
0 0 2 1
1 0 3 1
0 0 0 1
0 0 0 4
0 0 0 2
1 0 2 0
0 0 0 1
0 0 0 0
0 1 0 0
0 0 2 0
3 2 0 1
0 0 0 0
2 0 0 0
1 0 1 0
2 3 1 0
0 0 0 0
0 1 0 0
1 0 0 0
0 1 0 0
0 3 0 1
0 0 0 0
1 0 1 1
1 0 1 1
0 1 2 0
0 1 2 0
0 0 0 0
0 0 1 1
1 4 0 1
1 0 1 1
0 1 1 0
2 2 0 3
0 1 1 0
0 1 2 3
1 2 0 0
0 2 3 1
1 0 1 0
2 0 0 3
0 0 1 1
0 1 0 0
0 1 0 3
2 1 0 0
0 1 0 0
2 0 0 1
0 0 2 0
1 1 0 0
0 0 2 1
1 1 0 0
0 1 2 0
1 0 1 0
1 1 1 0
2 0 0 1
0 0 1 1
0 0 0 1
1 0 0 0
0 1 0 3
0 1 0 0
1 0 0 0
2 1 0 1
0 0 0 0
0 0 0 0
0 1 0 0
0 0 0 2
1 1 2 0
1 1 1 0
1 2 1 0
0 2 2 0
1 2 3 0
0 3 0 1
4 1 0 1
0 0 0 0
0 0 0 0
1 1 3 0
0 0 1 1
0 0 1 1
4 0 1 0
0 0 1 1
1 2 0 0
0 0 0 0
0 0 0 1
0 1 1 0
0 0 1 1
1 2 1 1
0 1 0 2
2 0 3 0
1 3 2 0
1 0 0 0
0 0 0 1
0 1 1 0
1 0 2 0
0 0 1 3
0 0 0 0
0 2 0 0
0 1 0 1
2 3 0 0
0 0 0 0
0 0 0 0
1 1 0 2
1 0 1 1
0 0 1 0
4 1 0 1
0 2 0 1
0 0 1 1
2 0 0 0
0 1 0 2
0 3 0 0
3 0 0 1
1 0 0 1
1 0 0 2
0 0 0 1
0 0 0 0
0 0 0 0
0 3 3 0
0 0 0 2
0 0 0 0
1 0 1 0
1 0 1 0
1 1 0 1
0 1 0 1
0 0 0 3
0 0 2 0
0 0 2 0
0 2 0 0
0 0 0 1
1 0 1 1
0 0 2 1
1 0 0 0
1 0 0 1
0 1 1 2
2 0 0 1
0 0 0 3
1 2 0 0
0 0 0 0
0 0 0 0
1 1 3 0
1 1 1 0
0 0 0 3
0 1 0 1
0 0 0 2
0 2 0 0
0 2 0 0
0 1 2 0
0 0 0 0
0 2 1 0
2 0 0 0
3 0 1 0
0 0 0 0
0 0 0 0
0 1 0 0
1 0 0 1
1 2 0 0
0 0 0 0
2 0 1 0
0 0 0 1
2 0 0 0
1 2 0 0
0 1 1 1
1 1 2 2
0 2 1 2
0 0 1 1
1 1 0 0
0 0 0 1
1 0 2 1
1 1 0 0
0 2 0 0
1 0 2 3
0 0 0 0
1 2 1 1
1 2 1 1
0 0 0 0
1 1 2 0
2 0 1 1
0 0 0 0
1 0 3 1
1 2 0 0
0 2 0 0
3 1 0 1
0 1 2 0
0 0 2 1
2 0 0 0
0 0 1 0
0 3 1 0
2 1 1 0
0 0 0 1
1 0 0 1
3 0 1 0
2 1 3 1
0 0 1 0
2 0 1 0
0 1 0 0
1 0 0 0
0 0 0 1
0 0 0 1
1 0 0 3
1 0 1 0
1 0 1 1
1 0 1 2
0 2 2 1
2 0 0 0
0 1 1 1
2 0 0 0
0 3 0 0
0 0 4 2
0 0 0 0
0 0 1 2
0 1 1 0
0 0 1 3
0 1 0 0
0 0 0 0
0 0 1 0
0 3 0 3
2 1 1 0
2 1 0 0
0 2 0 1
0 0 2 1
0 1 0 2
0 2 0 0
0 1 1 1
0 0 0 1
2 2 0 0
0 0 0 0
2 1 0 1
0 0 2 0
0 2 0 1
0 1 1 0
1 0 2 1
0 0 1 1
0 0 4 0
2 0 0 0
1 0 0 1
1 1 0 0
1 2 2 0
3 3 0 2
1 2 3 0
0 1 1 1
1 1 0 1
0 0 2 1
0 0 1 0
0 1 0 1
0 0 0 0
1 2 1 1
0 1 1 1
0 0 0 0
0 0 1 0
1 0 2 0
1 0 1 2
3 0 0 2
3 0 0 0
0 0 0 1
1 0 0 1
0 0 0 0
2 0 1 0
1 0 1 1
0 0 0 0
1 2 2 0
0 1 0 1
0 0 0 1
0 0 1 2
0 3 0 0
0 0 3 3
0 0 0 2
1 1 0 0
0 4 1 2
0 4 3 0
0 0 0 0
0 1 0 1
2 1 0 0
0 1 0 0
2 0 0 0
0 0 0 1
0 1 2 2
0 2 1 0
0 1 2 0
0 0 0 3
0 2 1 0
1 1 1 0
1 0 0 0
1 0 3 0
2 1 1 0
1 0 2 1
0 0 0 0
0 2 1 3
2 0 0 0
1 0 0 0
0 1 0 2
0 0 1 2
0 0 0 2
0 2 0 0
0 1 0 0
0 1 1 0
1 0 0 0
1 0 0 1
1 0 0 1
0 0 0 2
0 1 0 1
0 0 0 0
0 0 0 2
2 1 0 1
0 2 0 2
3 0 0 0
0 0 1 0
0 1 0 0
0 2 2 1
0 0 0 1
0 1 2 0
1 0 1 0
1 1 0 0
0 1 0 0
1 0 2 0
2 0 2 0
0 0 0 1
1 0 0 0
0 0 0 0
1 0 0 0
0 3 1 0
1 1 0 0
1 1 0 1
1 0 0 0
1 0 1 0
0 4 1 2
2 0 1 2
0 3 0 1
0 0 1 2
0 0 2 0
0 1 0 0
1 0 3 0
1 2 1 0
0 0 0 2
0 0 0 2
0 2 0 1
3 0 0 2
1 0 0 0
3 0 1 0
0 2 0 0
0 2 1 0
1 0 0 0
0 0 2 0
0 0 0 3
2 0 1 0
2 0 0 0
0 0 0 0
2 0 2 0
1 0 1 0
1 1 0 2
1 0 2 0
0 0 1 1
0 2 1 0
0 0 0 2
4 1 0 0
1 0 0 0
1 0 1 0
0 1 0 0
0 0 1 1
2 0 2 0
0 1 1 0
0 1 0 2
0 1 0 1
0 1 2 4
0 0 1 1
0 1 0 1
0 0 0 1
0 0 2 0
1 3 0 0
1 1 1 1
0 1 0 0
1 2 0 0
0 1 0 1
3 0 0 0
0 0 0 0
0 0 0 0
0 0 0 1
1 2 0 0
1 0 1 0
2 2 1 1
2 0 0 3
0 0 1 0
0 3 1 0
1 0 0 0
0 0 0 0
0 1 0 0
0 0 2 1
0 0 1 1
1 1 1 0
1 2 2 1
0 0 0 1
0 3 0 1
1 0 0 0
1 2 0 0
0 0 0 0
0 0 0 1
0 0 1 0
0 3 2 0
0 1 0 0
3 0 0 1
0 1 3 0
2 0 0 0
0 1 0 1
0 1 2 1
0 0 1 1
1 0 1 2
0 2 0 0
1 0 1 2
0 3 0 2
0 1 1 0
2 0 0 1
1 1 0 2
2 0 2 0
1 0 0 0
0 1 1 0
1 0 0 0
0 0 0 0
0 1 2 1
0 2 0 2
2 1 0 0
2 0 0 0
2 2 2 1
0 0 1 3
1 0 2 0
0 0 2 1
2 0 0 0
1 0 0 1
2 1 0 2
1 1 4 2
1 0 0 0
1 1 1 0
1 3 0 0
0 0 1 1
0 1 3 0
0 0 0 0
0 0 0 0
4 3 2 1
0 0 1 0
0 0 2 2
1 1 1 0
1 0 0 1
1 1 1 1
2 0 0 0
0 1 1 1
0 1 0 1
0 1 2 1
0 0 0 0
1 0 0 2
1 0 1 0
0 0 0 0
1 0 0 2
0 0 1 0
1 3 0 0
1 1 0 0
1 0 0 1
0 0 4 0
0 2 0 0
0 1 1 0
2 0 1 1
1 2 1 0
1 1 3 0
1 2 0 2
3 1 1 1
0 2 0 0
1 0 0 0
0 0 1 1
0 0 2 0
2 1 2 1
0 1 1 0
0 0 0 1
0 2 0 1
0 1 0 2
2 0 0 1
0 0 0 0
2 0 1 1
0 0 1 0
1 0 0 2
0 0 0 4
1 0 0 1
1 1 0 0
0 3 0 1
0 0 0 2
0 1 0 0
1 1 0 1
0 0 1 0
0 2 1 1
2 0 0 0
2 0 0 0
0 0 1 0
0 1 0 0
1 1 1 0
0 1 0 0
0 0 0 0
1 0 1 1
2 1 1 0
0 1 0 1
0 3 2 1
0 1 0 0
1 0 0 1
0 0 0 1
1 1 3 0
0 0 0 0
2 1 0 0
1 0 0 0
0 2 0 0
2 2 1 1
0 0 1 0
1 1 0 0
0 0 0 0
0 0 0 0
1 0 0 0
2 0 0 1
0 1 2 0
1 1 1 1
1 1 0 1
1 0 1 1
0 0 0 0
0 1 0 0
0 2 0 0
0 2 1 0
0 0 0 0
0 0 0 0
0 0 0 0
0 0 0 1
0 0 0 1
0 0 1 1
3 3 0 0
2 4 0 0
1 0 2 1
3 0 0 1
1 0 2 4
0 0 0 0
0 1 0 0
0 0 0 0
0 0 0 0
0 0 2 2
1 0 0 0
0 0 0 0
0 0 1 0
1 0 0 1
2 1 0 0
2 2 1 0
1 0 0 0
0 0 0 0
1 0 0 1
0 1 1 0
0 1 0 0
1 0 2 0
1 0 0 0
0 0 0 1
0 0 2 1
0 1 0 1
0 0 3 1
0 0 0 0
0 1 1 0
0 0 2 0
0 0 1 0
4 2 0 0
0 1 1 0
0 1 0 1
0 0 2 1
0 2 1 1
0 0 0 0
0 0 0 1
1 1 0 0
2 0 0 1
0 1 0 0
0 1 2 0
0 1 2 0
0 0 0 1
1 0 1 0
1 1 1 1
1 1 0 1
1 0 0 3
0 0 0 1
0 0 0 0
3 1 2 1
0 1 0 1
0 0 1 2
0 2 0 2
2 0 0 0
2 0 0 0
2 0 0 0
0 0 2 0
1 1 0 0
1 0 0 0
0 2 1 0
3 0 1 0
1 0 1 0
0 1 0 0
0 0 0 0
0 1 1 0
0 2 1 1
2 0 1 0
1 1 0 0
1 0 1 3
0 0 0 0
0 1 1 3
1 2 2 1
0 0 1 1
1 0 0 1
1 2 2 0
0 1 2 0
0 0 1 0
1 0 0 0
2 1 1 1
0 2 1 1
0 0 2 0
0 0 1 0
0 1 1 0
0 0 3 0
0 0 0 4
1 0 0 1
0 0 0 0
1 1 0 0
1 0 1 0
1 1 1 0
1 0 0 0
1 2 0 2
0 1 0 0
0 1 1 1
0 2 0 1
1 0 2 1
1 3 0 0
1 0 0 0
1 0 0 1
0 0 0 1
0 0 0 0
1 1 1 0
0 1 0 0
2 1 1 0
0 1 1 0
1 1 2 0
0 0 2 0
1 0 0 0
0 0 1 1
0 0 1 0
0 2 1 0
2 0 3 2
0 0 1 0
0 0 0 1
1 1 0 0
2 0 0 0
0 0 2 0
1 0 0 0
0 1 2 0
0 0 0 0
2 0 0 0
1 1 0 0
0 0 0 1
0 2 2 1
1 1 0 1
0 1 2 0
0 1 1 0
0 2 3 1
0 0 2 1
0 1 2 0
0 0 0 0
0 0 1 0
0 0 1 1
1 0 0 1
0 4 0 2
0 1 1 2
0 0 1 1
1 1 0 4
1 0 1 0
0 3 0 1
0 3 0 1
0 0 1 2
0 4 0 1
0 0 0 1
1 0 1 2
0 0 1 2
0 0 0 2
1 0 0 0
1 2 1 0
0 0 1 0
0 0 1 0
0 0 2 2
0 0 0 0
0 0 0 2
0 1 3 1
0 0 0 1
1 0 0 0
3 0 0 0
0 1 0 1
0 1 3 1
0 1 0 0
2 1 0 1
0 2 0 1
0 2 2 0
0 0 0 0
0 0 1 0
0 1 0 0
1 1 0 0
1 1 0 3
1 1 0 0
0 0 0 0
3 0 0 3
0 0 0 1
2 0 0 1
2 1 0 0
0 1 0 2
3 0 0 1
1 1 1 0
0 0 0 2
2 0 1 3
1 1 0 0
0 0 1 0
2 0 1 0
0 0 1 1
0 1 0 1
0 0 1 1
1 1 1 0
0 0 1 1
1 1 0 1
0 0 0 0
1 0 0 0
0 1 1 0
0 0 0 0
1 0 0 0
2 0 1 1
0 0 1 1
3 0 0 2
0 0 0 1
1 1 1 0
0 1 2 2
0 1 2 3
0 0 0 4
1 0 2 1
1 0 0 0
2 0 0 1
0 0 1 0
0 2 0 0
0 1 1 1
0 1 0 1
0 0 0 1
0 2 1 1
0 0 0 0
0 0 0 0
0 2 0 1
0 0 1 0
2 0 0 1
0 0 0 0
2 2 0 0
0 1 0 1
0 3 0 1
0 0 0 0
0 1 4 2
0 3 1 0
0 0 0 0
1 0 0 2
3 1 0 0
0 1 0 0
0 1 0 0
2 0 0 0
0 0 3 1
2 0 0 1
0 0 1 0
1 1 0 1
2 0 3 0
3 0 0 1
0 1 1 2
0 2 0 2
0 0 0 1
1 0 2 2
0 2 0 0
2 0 2 0
0 0 1 1
0 0 0 1
2 2 2 3
0 1 0 0
1 1 1 0
1 1 3 0
0 1 0 0
2 0 0 2
0 1 0 0
1 0 0 2
1 1 1 1
0 0 0 0
0 2 1 3
0 0 4 3
2 0 0 0
1 2 1 0
1 3 0 1
0 0 1 0
0 0 0 1
0 2 1 0
0 0 1 1
3 0 0 2
0 0 1 2
0 0 0 0
0 0 0 0
0 2 0 0
0 0 3 0
4 0 3 1
3 1 2 0
0 0 0 1
1 0 0 0
0 0 2 1
0 2 1 0
0 0 1 1
1 0 0 0
0 0 0 0
0 1 0 2
0 2 1 0
0 1 1 0
0 0 2 0
0 0 2 0
0 1 0 0
0 0 0 0
0 0 1 1
3 0 1 0
0 0 1 2
2 0 0 1
1 0 1 1
1 3 1 2
0 1 0 0
1 0 1 0
1 1 0 2
0 1 2 0
0 0 0 0
0 0 1 0
3 2 2 0
1 2 2 1
0 1 0 0
0 1 0 1
1 1 0 0
0 1 0 1
1 0 1 0
1 1 0 1
3 1 0 0
3 1 2 1
1 0 0 2
1 3 0 1
0 0 0 0
0 0 1 1
2 0 0 1
0 2 1 0
0 0 3 0
0 0 1 3
1 1 2 1
1 1 0 0
0 3 0 0
0 1 1 2
0 0 0 0
2 2 0 0
3 1 2 0
3 1 2 0
3 0 1 0
1 0 1 3
1 1 0 2
0 0 1 0
1 0 0 1
1 1 1 0
0 0 0 0
0 1 1 1
0 0 0 1
2 2 1 0
0 1 0 1
0 1 0 2
0 1 1 1
2 0 0 0
0 0 0 1
1 1 0 1
1 2 0 1
0 0 0 2
1 0 1 0
2 0 4 0
0 0 1 1
1 0 0 2
0 0 2 1
0 1 1 0
0 1 2 0
1 2 1 0
0 2 0 1
0 2 0 1
0 0 0 1
0 3 2 4
1 0 0 0
2 0 0 2
1 2 0 2
2 1 0 0
1 0 0 1
1 1 0 0
0 1 1 1
1 1 0 0
1 1 0 1
1 0 1 0
0 2 0 0
1 0 0 0
0 0 0 0
0 1 0 0
0 1 0 0
0 0 2 2
0 0 2 1
0 0 0 0
1 0 0 0
1 0 0 0
0 0 2 1
0 2 0 0
0 0 1 0
0 0 1 0
1 0 0 0
0 0 0 1
0 1 0 0
2 0 3 2
0 0 4 0
0 0 1 0
2 0 0 0
0 0 1 0
0 1 1 0
1 0 0 0
2 2 0 0
0 0 0 0
0 2 0 1
0 1 1 0
0 0 1 0
0 1 0 0
0 0 1 0
0 4 1 1
0 0 0 0
0 2 0 0
0 2 1 2
0 0 0 1
1 0 4 0
0 1 0 1
0 0 0 0
0 1 1 0
1 0 2 0
1 1 0 0
0 2 0 0
0 0 0 1
1 1 0 1
0 0 2 2
0 1 1 3
0 1 0 0
1 1 0 0
1 0 0 0
0 2 0 0
0 1 0 2
1 0 2 2
0 0 0 1
1 2 0 1
1 1 0 1
1 1 0 0
0 1 0 0
1 3 1 1
0 3 0 1
0 0 2 2
4 0 4 1
0 0 0 0
0 1 1 0
0 2 0 0
3 0 0 0
2 0 0 1
0 1 1 2
0 1 0 0
0 2 2 1
1 0 1 2
0 2 0 1
1 0 2 0
1 3 1 0
2 1 0 2
1 3 3 1
4 0 1 0
0 0 1 0
1 0 0 0
0 0 2 2
1 0 0 0
1 0 0 0
0 0 0 0
2 0 0 2
2 1 1 1
0 0 0 0
2 2 0 0
0 1 0 0
1 1 0 0
0 1 2 0
1 3 2 0
1 0 0 0
1 2 2 0
0 3 0 0
1 1 0 0
2 0 1 1
1 1 0 1
0 3 1 1
3 2 0 1
0 2 0 1
2 0 0 1
0 1 1 1
4 0 2 0
1 0 0 0
0 2 0 0
1 0 1 0
3 1 0 0
2 1 0 0
1 0 1 0
0 0 1 0
1 0 0 0
3 2 0 0
2 0 0 0
2 2 2 0
0 0 2 2
1 0 0 0
0 1 0 1
0 0 0 0
0 1 1 0
0 0 0 0
1 0 0 1
0 0 0 0
2 1 1 3
2 2 1 1
0 1 2 0
1 0 3 0
0 0 0 0
0 1 1 1
1 3 2 0
1 2 2 0
0 1 1 1
0 0 0 2
0 0 0 1
0 1 1 0
0 2 0 0
1 0 0 0
0 1 0 0
0 0 0 0
4 1 0 0
4 1 1 0
1 0 0 1
0 0 2 0
0 2 0 1
0 2 0 0
0 2 1 1
1 1 0 3
0 0 0 1
1 0 0 1
0 0 1 0
0 0 1 2
2 0 0 0
1 0 0 0
1 0 1 4
1 1 0 0
0 0 0 1
2 0 0 1
1 2 0 0
0 0 0 0
0 1 0 0
0 0 0 0
0 1 0 0
2 0 2 0
1 0 1 0
0 1 0 0
0 1 2 0
3 3 0 1
0 0 1 0
0 0 0 1
1 1 1 0
1 0 0 1
2 0 0 0
2 0 0 0
1 0 1 1
0 0 0 1
0 0 0 0
0 0 2 0
2 1 0 1
0 2 0 2
0 0 3 0
0 0 0 1
0 1 2 0
0 0 0 0
0 0 1 0
0 1 0 0
0 0 1 0
0 0 2 0
0 0 1 0
0 1 1 2
1 0 1 1
0 0 0 2
1 0 0 0
0 0 2 0
1 0 0 0
0 0 0 1
0 1 1 0
0 0 1 1
0 0 1 1
2 0 4 0
1 2 0 2
2 0 0 2
0 0 0 1
0 0 1 0
1 0 3 0
0 2 0 1
2 0 1 0
0 1 1 1
0 0 0 3
0 1 0 0
0 1 0 0
0 1 2 0
0 0 1 1
3 3 2 4
0 1 0 1
0 2 0 1
0 0 0 4
1 0 0 0
0 2 0 1
1 0 0 0
0 0 2 2
0 1 3 1
0 0 1 1
0 0 0 1
0 2 1 0
0 0 0 0
0 0 0 1
1 1 0 2
0 0 1 1
2 1 1 2
1 0 0 0
0 0 3 0
3 0 1 1
0 0 0 1
0 0 0 0
0 1 0 2
0 2 1 0
0 0 1 0
0 0 0 2
1 1 1 0
1 1 0 0
1 0 3 0
1 0 0 2
1 0 0 2
3 0 1 0
2 0 2 0
0 0 1 0
0 0 1 3
0 0 0 0
0 0 1 0
0 0 1 1
1 2 2 2
1 0 0 0
0 0 0 0
1 0 0 1
1 1 0 0
3 0 0 1
0 0 0 0
0 0 1 0
1 0 1 1
1 0 2 0
0 0 1 1
1 0 0 0
4 1 1 1
0 1 0 0
0 4 2 0
1 1 1 0
0 0 0 0
1 0 0 0
0 0 0 0
1 1 1 0
0 0 1 3
1 0 2 1
0 1 1 0
0 2 0 0
0 0 0 0
2 0 0 0
0 0 1 1
1 0 0 1
1 0 0 0
0 0 1 0
0 1 2 2
1 0 1 4
0 0 0 0
0 1 0 1
2 1 0 1
4 2 3 1
1 0 2 0
0 0 0 0
0 1 0 0
1 0 0 2
0 0 0 0
0 0 3 0
3 0 1 0
1 0 0 0
0 0 1 0
0 0 0 1
0 1 0 1
0 2 0 0
1 1 1 1
2 2 0 1
0 1 3 0
1 1 1 1
2 2 0 0
1 0 0 0
3 1 0 3
0 2 0 1
1 0 0 0
1 0 0 0
0 0 0 0
0 0 0 0
0 0 2 0
0 0 0 1
0 1 2 0
0 0 0 1
0 1 0 3
0 2 0 0
0 1 0 1
0 0 0 1
0 1 0 1
0 1 1 2
0 1 0 0
0 1 0 0
1 0 0 1
2 0 1 3
2 0 2 0
1 0 0 1
1 2 0 0
1 0 2 1
2 0 1 1
0 1 0 0
2 0 1 1
2 1 0 2
0 3 4 0
0 0 0 0
1 0 0 0
0 0 0 1
1 0 1 0
3 0 1 0
1 0 0 0
3 0 0 4
1 1 0 0
0 2 1 0
0 0 0 1
0 0 3 0
0 0 0 2
1 1 0 0
0 1 1 0
0 2 2 0
2 0 1 0
2 0 0 2
0 2 0 0
2 4 0 0
0 0 0 1
0 1 1 0
0 2 1 1
0 4 2 2
0 0 0 0
0 1 1 1
1 1 2 2
1 0 0 2
1 0 0 0
0 0 0 0
1 1 1 0
0 0 0 0
0 1 0 2
4 0 0 0
0 1 3 0
4 0 0 0
2 1 0 0
1 0 0 0
0 0 0 0
0 0 0 4
0 0 1 1
0 1 0 0
0 1 1 1
1 0 1 1
0 0 1 1
1 0 0 2
0 1 0 0
1 2 0 0
0 0 0 1
0 0 0 1
0 0 3 4
0 1 0 0
0 2 0 0
2 1 1 3
1 0 0 2
0 0 0 0
1 2 1 0
0 0 0 1
0 2 0 0
0 1 0 1
0 1 0 3
0 3 0 2
2 1 2 2
0 0 0 0
0 1 1 1
0 0 1 2
0 0 0 3
0 0 0 0
0 1 0 0
0 1 0 0
1 0 1 1
0 1 2 1
2 0 0 0
0 1 0 0
2 0 2 0
1 0 1 0
1 0 0 0
0 0 1 0
1 2 0 1
0 1 1 1
0 2 0 0
2 1 0 0
2 1 0 0
3 0 0 0
0 2 0 1
4 1 0 0
0 1 0 0
0 1 3 1
0 0 2 0
2 1 0 0
1 1 0 1
0 0 0 0
0 0 0 1
0 0 0 0
0 0 2 2
1 0 0 1
0 0 0 1
0 0 0 2
0 0 0 0
0 1 0 0
1 3 0 0
1 1 0 1
0 0 1 0
0 1 1 1
0 0 1 1
0 3 1 0
1 1 2 0
2 0 2 1
0 0 2 1
3 2 0 0
0 0 0 1
2 0 1 0
0 1 1 0
0 1 1 0
0 3 0 0
1 0 1 0
0 0 0 1
0 0 0 4
1 2 1 2
1 0 2 3
0 0 0 2
2 1 0 0
0 1 0 2
0 1 0 1
0 0 0 1
2 0 0 0
2 0 1 0
0 1 0 2
1 1 0 0
1 1 1 0
1 4 0 0
1 0 0 1
1 1 0 1
0 0 3 0
0 0 0 1
0 0 0 1
0 1 0 2
0 2 0 1
0 1 0 1
0 0 0 0
0 1 0 1
0 0 0 0
0 0 2 0
0 1 0 0
0 0 1 4
0 2 0 1
1 0 0 1
0 0 1 0
0 0 0 0
1 0 0 0
2 0 0 1
2 2 0 3
0 2 3 0
1 0 0 2
0 0 2 0
2 0 1 0
2 0 1 0
0 0 0 0
1 0 4 0
0 3 1 0
0 0 0 0
1 0 0 0
4 0 0 0
0 0 0 2
2 1 0 0
0 0 0 0
0 0 1 3
1 0 0 0
1 0 1 0
0 2 1 4
0 0 0 3
0 1 1 1
1 1 1 0
2 1 0 0
2 0 1 0
1 2 0 0
0 0 0 0
1 0 0 1
1 0 0 0
0 0 2 1
0 0 2 1
0 0 0 1
1 0 0 0
0 1 0 1
0 0 0 0
3 0 0 1
1 1 1 0
0 0 0 1
0 0 2 3
2 1 0 0
0 2 1 0
1 1 0 1
0 0 1 2
0 1 2 0
0 0 0 0
2 1 1 0
0 1 0 1
1 0 0 0
0 0 0 1
1 0 0 1
1 1 0 0
0 1 1 1
0 1 0 0
0 0 0 1
0 1 0 0
1 0 0 1
4 0 0 0
1 0 1 0
2 2 0 0
0 0 2 0
3 0 0 0
0 0 0 1
1 0 3 1
2 3 0 1
3 0 0 1
2 0 0 2
0 0 1 2
3 0 0 3
0 0 0 0
1 0 0 0
0 0 1 0
0 0 0 0
0 0 0 2
1 0 1 0
0 1 0 1
0 0 0 2
1 0 0 2
1 0 0 0
1 0 0 2
0 1 0 2
0 0 0 1
1 2 0 0
0 0 2 0
2 0 3 0
0 0 0 0
0 4 1 0
0 1 0 1
1 0 1 0
2 0 0 0
0 0 3 0
0 0 1 1
0 0 0 0
1 1 0 0
0 2 0 0
3 0 1 1
0 1 0 0
1 0 2 2
0 2 0 2
0 0 0 1
0 0 0 3
1 2 1 0
0 0 0 1
0 1 0 0
0 0 0 0
0 1 0 0
0 2 0 0
0 0 0 0
0 1 1 1
0 0 0 1
0 0 3 2
2 2 2 0
0 1 0 0
0 1 0 0
1 0 1 0
1 0 0 1
0 0 0 0
0 1 3 1
0 0 0 2
0 0 1 0
0 0 1 2
1 0 0 0
0 1 0 0
0 0 0 1
0 0 0 0
1 1 2 0
0 3 0 1
1 1 0 0
0 2 0 0
2 1 0 0
1 0 0 0
0 2 0 0
1 0 0 0
0 1 0 0
1 0 4 0
0 1 0 0
0 4 0 0
1 2 0 0
0 3 3 3
1 0 0 0
1 0 0 0
0 1 0 0
0 0 0 1
0 4 1 0
2 1 0 1
0 1 1 1
1 1 0 2
0 0 0 0
2 0 2 4
0 1 3 2
1 0 0 1
0 2 0 0
0 0 0 1
0 0 0 1
0 2 2 0
2 1 0 0
0 1 3 0
0 2 2 0
1 1 0 0
0 3 0 2
1 2 0 0
0 0 0 2
0 0 0 0
1 0 0 1
3 1 1 0
0 0 1 0
1 1 0 0
3 0 0 0
1 0 3 3
3 1 0 0
0 0 2 2
0 0 0 0
4 0 1 0
1 0 1 0
2 0 0 0
0 0 0 1
2 3 0 0
0 1 0 1
0 1 0 1
0 0 1 0
0 0 0 2
1 1 0 3
0 0 1 0
0 1 0 0
0 0 0 0
0 0 0 2
0 1 0 0
0 1 1 0
1 0 0 0
2 4 0 0
0 0 0 0
0 1 1 1
0 1 1 0
2 0 0 0
1 1 0 0
1 0 0 1
2 0 0 0
1 3 0 3
1 0 0 0
0 0 0 1
1 0 0 0
0 1 0 0
1 1 0 1
2 0 0 1
0 0 0 0
1 0 0 1
0 0 1 0
0 0 1 0
1 0 1 1
0 2 0 0
1 0 0 2
0 0 1 0
2 0 0 1
2 0 0 0
1 0 1 0
1 0 2 0
0 2 1 1
0 1 1 2
1 0 0 0
0 2 0 0
1 0 0 1
0 0 0 1
1 0 2 0
1 0 1 2
1 0 1 1
0 0 2 0
0 3 0 3
0 0 1 0
1 2 0 1
1 3 0 0
1 2 0 2
0 0 1 0
1 2 1 1
2 0 0 0
0 1 1 0
1 2 0 2
3 2 2 0
1 1 2 0
1 0 1 1
0 0 1 0
0 1 0 1
1 2 0 0
2 0 0 0
0 0 0 1
0 0 1 2
2 2 1 0
3 1 0 2
0 0 0 0
0 2 1 4
0 0 1 0
0 0 0 0
0 2 0 0
3 0 2 1
2 2 2 2
0 1 3 1
0 1 1 2
3 3 2 2
1 1 0 1
0 0 2 0
2 1 0 0
0 0 0 0
0 2 0 0
0 1 1 0
0 0 0 0
1 0 1 1
0 2 0 1
2 0 1 0
3 0 0 0
1 0 0 2
0 4 0 0
1 2 1 0
0 1 4 0
1 1 0 0
0 0 0 0
0 0 0 0
1 0 1 0
1 0 1 0
1 0 0 0
0 0 0 0
4 0 1 0
0 3 1 0
0 1 1 1
1 4 0 1
3 4 3 0
0 1 0 1
3 0 1 1
3 0 2 0
1 3 2 1
0 1 2 0
0 1 0 3
0 0 0 0
0 0 0 2
0 4 1 0
2 0 0 2
0 4 1 0
1 0 2 2
0 1 1 1
0 1 0 0
1 2 0 0
0 0 0 0
1 1 0 0
1 1 0 0
0 0 1 1
0 0 0 1
0 1 1 0
0 2 0 0
1 0 3 0
0 1 2 0
0 0 1 4
0 1 2 0
0 3 1 0
0 0 1 1
0 1 1 0
1 0 0 1
1 1 1 1
4 0 0 0
0 0 1 0
0 0 3 1
0 1 1 0
0 0 1 2
0 0 1 1
0 0 3 0
2 1 1 1
2 0 0 0
1 1 1 0
0 1 2 1
0 0 0 0
0 1 1 1
2 0 1 2
0 2 0 2
0 3 1 0
0 0 0 0
0 1 1 0
1 0 1 0
2 0 1 2
0 0 0 1
0 1 0 0
1 3 1 0
0 1 0 0
0 0 2 1
0 2 3 0
0 0 0 2
4 0 2 0
0 0 0 0
1 0 0 0
1 0 1 1
0 1 2 0
1 0 1 0
0 0 0 3
0 0 0 0
0 1 0 1
1 1 0 0
1 2 4 0
1 0 1 0
1 0 0 0
0 0 0 0
0 0 2 1
0 0 1 0
2 0 2 1
0 0 0 0
1 0 0 0
2 0 0 0
0 1 1 1
2 0 2 0
0 0 0 1
0 2 0 1
1 0 0 0
0 0 0 0
0 0 4 0
1 0 1 1
0 1 2 1
0 0 0 1
0 2 0 0
0 1 0 1
4 1 1 0
2 0 1 0
1 0 1 0
0 1 1 1
0 2 1 0
2 0 0 0
1 0 0 0
1 1 0 0
0 0 0 1
0 1 0 1
0 1 0 1
1 0 2 0
1 2 1 1
1 2 0 1
0 1 0 0
0 2 2 0
1 1 0 0
0 0 0 1
0 1 1 2
0 0 1 2
0 0 0 1
0 1 3 0
0 0 0 0
1 0 0 1
1 0 0 0
0 0 1 0
1 3 1 1
1 0 3 0
2 1 1 1
0 1 0 0
0 2 0 0
0 1 0 0
0 0 1 3
2 0 0 3
1 0 0 0
1 0 0 2
0 0 2 0
0 0 1 0
0 1 1 1
0 0 0 1
1 2 0 1
0 1 0 1
1 1 0 1
0 0 0 4
2 0 0 1
1 0 0 2
0 1 2 0
2 0 2 0
0 2 1 1
0 2 2 0
0 0 1 0
0 1 2 2
0 2 1 1
0 2 0 0
0 0 0 0
0 0 0 0
2 0 0 2
1 0 0 4
0 0 0 0
2 0 0 1
0 1 0 0
0 1 0 0
0 3 1 1
1 2 0 0
0 0 1 1
0 0 1 2
1 0 0 0
0 1 0 0
0 0 1 0
2 1 0 1
1 0 0 1
0 1 4 2
1 1 1 2
0 1 0 1
1 0 2 0
0 0 0 0
0 0 2 0
0 0 0 1
0 0 1 1
2 0 1 0
2 0 0 0
0 2 2 1
0 3 1 1
0 3 2 0
1 1 0 0
1 1 1 0
1 1 0 0
1 1 3 0
2 1 0 0
0 1 2 0
0 0 1 1
0 0 0 0
1 0 1 0
0 0 0 0
2 1 0 0
0 0 0 1
1 1 2 0
2 0 0 0
0 0 1 0
0 0 0 0
0 0 0 0
0 1 0 0
0 2 0 1
1 0 1 0
0 1 1 2
0 0 3 0
1 1 3 0
1 0 0 2
0 0 0 0
1 0 0 0
1 0 0 0
0 1 1 1
1 0 0 0
3 0 0 3
0 3 0 3
0 1 0 1
0 0 0 2
0 1 2 1
0 4 0 0
0 2 0 2
1 2 1 0
0 2 0 0
0 0 1 0
1 0 0 0
0 0 1 0
0 1 0 1
4 1 1 2
2 0 0 0
1 0 1 1
0 0 1 0
0 2 0 1
1 0 1 2
0 2 0 4
0 0 0 0
0 1 0 1
0 0 1 1
0 0 1 2
1 0 0 1
0 1 1 0
0 1 1 0
2 1 0 0
0 1 2 0
0 0 0 0
1 0 2 1
0 0 1 2
0 0 0 2
0 0 1 3
0 0 0 3
0 1 0 0
0 0 0 0
1 0 0 1
1 0 1 0
1 2 2 1
0 2 1 1
0 1 2 0
3 0 1 1
0 2 0 0
0 0 0 2
0 1 0 1
1 2 1 0
1 0 0 1
2 1 2 0
1 0 0 1
0 0 0 2
1 1 0 0
1 0 1 1
0 0 1 1
2 1 1 2
0 0 0 0
1 4 1 0
0 0 1 1
0 2 3 2
0 1 1 1
0 1 3 0
0 0 0 0
1 0 2 0
0 0 2 0
2 0 2 0
0 0 0 1
0 0 0 0
1 0 1 0
1 0 3 0
0 0 0 2
0 1 2 0
0 0 3 1
4 0 0 0
0 1 2 1
2 2 1 0
0 0 1 1
0 1 0 2
0 1 1 1
1 0 0 0
0 2 0 1
0 2 0 0
1 0 1 1
1 1 2 0
0 0 0 1
0 4 1 0
0 1 0 1
1 0 0 0
4 1 0 0
2 2 0 1
1 0 0 3
0 0 0 1
2 0 0 0
1 4 1 0
0 1 0 2
0 0 1 1
0 0 0 0
0 0 1 0
2 0 0 0
0 0 0 0
0 0 0 3
0 1 0 1
1 0 0 1
1 0 0 0
0 1 2 0
0 0 2 0
2 2 0 0
1 0 1 3
1 1 3 0
0 1 4 0
0 1 1 1
1 0 1 0
0 1 0 0
0 0 0 0
1 0 3 0
1 2 1 0
0 0 1 0
0 0 0 0
0 1 3 0
0 0 0 2
0 4 1 1
2 0 0 0
0 2 0 1
0 3 0 0
1 1 2 0
1 0 0 1
0 1 2 0
1 0 0 1
0 4 1 0
1 1 2 3
2 1 0 2
0 2 2 0
0 1 0 0
2 1 1 1
0 0 1 0
0 0 1 1
0 1 2 1
1 4 2 0
1 0 1 1
3 0 0 1
1 2 1 0
1 0 1 0
0 0 2 3
0 0 0 0
0 1 0 0
0 0 0 0
0 1 0 0
0 0 0 0
0 1 0 1
3 0 0 1
1 2 0 1
0 2 0 1
0 0 1 0
0 1 2 0
0 2 1 3
0 0 0 0
1 2 0 3
0 0 0 0
2 0 0 2
1 0 1 1
0 0 1 2
1 0 0 0
0 2 1 0
0 0 0 2
0 0 1 0
2 0 0 3
0 1 0 3
0 0 1 0
0 1 1 0
0 0 0 1
1 0 1 2
1 0 2 1
0 1 0 0
0 0 2 0
0 0 0 0
0 0 0 1
1 0 2 0
2 1 0 1
0 1 2 0
1 0 0 1
0 2 0 0
1 0 1 0
1 0 1 1
0 0 2 0
1 0 1 2
1 0 0 0
0 1 0 1
0 1 2 2
1 0 1 1
0 1 3 0
1 2 0 0
0 0 0 0
1 1 0 0
0 0 1 0
3 1 0 0
1 3 2 1
0 0 0 1
0 0 3 1
1 0 0 2
0 0 0 0
0 1 0 0
0 0 0 0
2 0 0 1
1 0 1 1
2 0 0 0
0 0 0 0
1 0 0 0
0 0 0 0
0 1 0 1
0 1 1 0
0 1 0 0
1 0 1 0
1 0 1 0
1 2 0 1
1 1 0 1
1 1 1 0
0 2 0 1
1 1 0 0
0 1 1 0
0 2 3 3
0 1 0 0
0 3 0 0
0 0 1 0
0 3 0 2
0 0 1 0
0 0 0 0
0 0 1 0
0 0 2 2
0 2 0 0
0 0 0 0
1 0 0 0
0 0 0 0
0 2 2 0
0 0 0 2
2 1 1 0
2 1 0 0
1 1 0 0
1 0 4 1
0 0 1 0
1 0 0 2
2 1 1 1
0 1 1 0
0 0 0 0
0 2 0 0
0 0 0 0
2 2 1 0
0 1 0 1
1 3 1 2
0 0 1 0
1 1 1 0
0 1 0 0
1 1 1 1
2 0 0 2
1 0 0 2
0 0 0 0
2 0 2 0
1 0 0 0
1 0 0 0
2 1 1 1
0 2 0 1
1 0 0 0
0 0 0 2
3 3 0 1
1 0 1 0
1 1 0 0
0 0 2 0
0 0 0 2
1 2 3 0
0 0 0 0
3 1 0 0
0 0 0 0
1 1 0 1
0 1 2 1
0 1 0 0
0 1 0 0
1 2 0 0
0 1 0 0
2 3 2 0
0 0 2 0
1 0 2 2
3 2 0 0
0 2 0 0
1 1 1 0
2 0 3 1
1 2 1 0
0 0 0 4
1 0 0 0
1 0 0 1
0 1 0 0
1 0 0 1
0 0 0 0
0 1 0 1
1 1 0 0
1 0 0 1
0 1 0 1
2 0 0 1
0 1 0 3
2 0 1 2
2 2 0 0
1 0 1 0
0 0 1 0
0 2 0 0
0 0 0 2
0 0 1 4
0 1 0 3
1 1 0 0
1 1 0 2
1 0 0 2
0 0 0 0
0 1 2 2
1 0 0 0
0 1 0 0
2 1 4 0
1 1 0 0
1 0 0 1
1 2 1 1
0 2 0 1
1 2 0 1
0 0 0 0
0 1 0 0
0 0 3 0
1 1 1 0
0 1 1 1
2 1 0 0
0 1 0 0
2 2 0 0
1 0 0 0
0 0 0 0
0 0 1 2
0 0 0 0
2 0 0 2
0 0 4 1
0 0 2 1
0 0 1 0
2 0 2 1
4 0 1 0
2 0 0 2
0 1 1 2
0 0 2 0
0 1 1 1
0 1 0 0
3 1 0 0
1 0 0 1
0 1 0 1
0 2 0 0
3 0 0 1
0 0 0 0
0 1 0 0
0 1 0 0
0 0 0 1
0 0 0 0
0 0 1 2
0 0 0 0
0 2 0 0
0 2 0 0
0 0 0 0
0 1 1 0
0 0 2 2
2 0 0 0
1 0 0 0
1 1 1 0
0 1 3 1
1 0 1 1
0 0 0 0
3 0 0 1
1 0 0 1
0 1 0 0
2 1 0 1
1 1 1 0
2 0 1 1
0 1 0 4
0 1 3 0
0 2 0 1
0 1 0 0
0 1 1 0
0 1 0 1
1 0 1 0
0 1 3 2
0 0 2 0
1 0 0 0
1 0 0 0
1 0 0 0
3 2 1 1
2 2 0 2
0 1 0 3
0 2 2 0
0 1 0 0
1 0 2 0
0 1 1 0
4 1 0 0
0 0 1 0
0 1 0 0
1 2 1 1
0 2 1 1
0 0 1 1
1 2 0 0
0 1 0 0
1 2 2 0
0 0 0 0
0 0 0 0
0 0 0 0
1 1 0 1
2 1 0 0
1 0 0 0
0 1 1 1
0 2 1 1
0 0 2 2
0 0 2 2
1 1 1 0
1 2 0 0
1 0 2 1
1 0 1 1
0 0 0 0
0 1 0 0
0 0 0 0
0 0 1 0
2 1 1 0
1 0 1 0
0 1 4 1
1 0 1 0
2 1 1 1
0 3 1 2
0 0 1 4
1 0 0 1
0 0 1 1
1 0 0 0
1 0 2 0
1 0 0 1
1 1 2 0
0 2 1 1
2 0 2 0
0 0 0 0
2 1 0 0
1 1 1 1
0 0 0 0
1 1 0 0
0 1 1 2
1 0 3 0
0 0 2 1
1 0 0 0
0 0 0 0
2 1 1 0
2 0 0 0
0 0 1 1
0 1 0 0
1 1 0 2
2 0 3 0
0 1 1 2
1 0 1 2
3 1 0 1
2 0 0 0
0 1 0 1
0 1 2 0
2 1 2 2
0 0 0 1
0 0 1 0
0 0 0 0
2 2 4 1
3 1 0 0
0 0 3 0
2 2 0 0
0 0 2 0
0 1 1 2
1 0 0 0
1 2 1 0
2 0 0 1
0 0 0 0
3 0 1 0
0 1 0 0
0 0 2 0
0 0 0 0
0 0 0 0
0 0 3 0
0 0 3 0
0 1 3 0
2 0 0 1
1 0 0 0
0 0 0 0
1 0 1 0
0 1 1 0
2 0 0 0
1 2 0 1
1 1 1 0
3 1 1 1
0 0 0 1
0 2 1 1
1 2 1 0
0 1 1 1
2 0 1 0
0 0 0 2
2 1 1 2
2 0 0 3
0 0 3 1
0 0 0 0
0 0 0 0
0 0 0 0
4 1 3 0
0 1 1 2
0 0 0 1
2 3 0 0
0 0 1 3
0 0 0 0
0 1 2 0
2 1 0 1
0 1 1 0
2 1 0 1
4 0 0 0
0 0 0 0
0 0 0 2
0 0 0 0
2 0 1 0
1 0 0 1
1 0 0 4
0 2 1 0
0 1 1 1
0 1 0 0
0 2 1 1
1 1 2 0
0 0 1 0
0 0 0 1
1 0 0 0
1 0 0 1
4 1 1 0
1 1 1 0
0 3 0 0
1 1 0 1
4 0 0 1
0 0 0 0
1 1 0 0
0 1 0 0
3 0 0 0
1 0 2 1
0 0 0 0
4 4 1 0
2 0 1 0
0 3 2 0
0 0 4 0
2 0 0 0
2 1 0 2
1 2 0 0
1 1 1 0
0 0 3 0
0 0 1 1
0 2 0 1
2 0 1 0
0 0 0 0
0 1 0 0
1 1 0 0
1 0 0 1
1 1 0 0
0 0 1 1
0 0 0 0
1 0 1 3
0 1 0 0
1 1 1 1
0 0 0 1
2 1 0 0
0 0 3 0
3 0 0 0
1 0 1 1
0 0 1 0
0 1 2 1
0 0 0 2
3 1 0 0
0 1 0 0
0 0 0 0
2 2 0 2
0 3 0 0
2 1 0 1
0 1 0 0
0 1 1 0
1 1 0 2
0 0 1 0
2 1 0 1
0 0 0 1
0 1 0 0
0 0 0 0
1 0 1 0
1 0 1 2
0 0 0 0
0 0 1 0
0 0 0 0
2 0 0 0
0 1 0 2
1 1 0 0
0 1 2 0
0 1 0 0
0 0 0 0
0 2 0 0
0 0 0 0
0 1 1 1
0 1 0 0
2 1 0 0
0 0 0 0
0 0 0 0
0 1 0 0
1 1 0 0
0 1 0 0
1 0 0 1
0 0 1 0
1 2 0 0
0 0 0 2
1 2 0 0
1 0 0 1
1 0 0 0
1 0 1 2
1 0 1 2
0 0 0 2
0 0 1 0
0 0 1 0
0 0 0 0
0 2 1 0
2 0 1 2
1 0 0 0
1 2 1 2
0 0 0 1
1 0 0 0
0 0 1 0
0 0 1 0
0 0 1 0
0 0 2 0
0 0 0 1
0 0 0 0
0 0 4 0
0 0 0 0
0 1 0 3
2 1 1 0
0 0 1 0
1 0 0 2
0 1 0 0
1 1 0 1
0 2 0 1
0 0 0 2
0 1 1 1
3 0 0 0
1 1 0 1
0 0 2 0
0 0 0 2
0 0 0 0
1 3 1 0
0 1 1 2
0 0 0 1
1 0 0 0
0 1 0 2
0 1 0 0
3 0 0 0
0 0 0 0
0 0 1 0
1 1 2 0
0 1 0 0
0 0 1 0
0 2 0 0
3 0 1 1
1 0 1 0
0 1 0 0
1 1 0 1
0 1 1 1
0 0 0 2
0 0 0 1
2 0 2 1
0 0 0 1
0 0 0 3
2 0 1 0
1 0 0 1
0 0 2 0
2 1 1 1
0 0 0 2
2 0 0 0
0 1 1 0
0 2 0 1
0 1 0 1
1 0 0 0
0 0 1 1
1 0 0 0
0 1 1 3
1 2 0 0
0 0 1 1
0 0 0 0
0 0 0 0
0 0 1 3
0 3 1 0
0 1 0 1
2 1 1 1
0 0 0 0
0 3 0 1
0 0 0 2
1 1 0 0
0 2 3 0
0 1 1 2
0 1 1 0
1 0 0 0
1 0 1 1
0 0 1 0
0 1 1 1
0 1 1 0
1 1 1 0
0 2 1 0
0 0 1 0
1 0 0 0
3 1 0 3
0 1 2 1
0 0 0 1
2 0 0 0
0 0 0 0
2 0 0 0
1 0 0 1
0 0 0 1
1 0 0 4
3 0 2 0
0 0 0 1
0 0 0 1
0 2 0 0
0 1 1 0
0 0 0 0
3 2 0 1
0 0 0 0
0 1 0 2
1 1 0 0
1 2 1 0
1 1 0 0
1 0 0 2
0 1 2 0
0 0 2 0
1 1 0 0
1 2 1 1
2 0 0 2
0 0 0 0
3 2 0 0
0 1 1 0
0 3 0 2
2 1 0 0
2 1 0 1
0 0 0 0
3 0 1 1
1 0 0 0
0 0 2 0
1 0 0 1
2 2 0 1
4 0 0 1
0 1 1 0
0 0 1 1
0 0 0 0
1 0 2 0
0 0 0 0
0 0 0 0
0 0 0 0
0 0 2 1
1 0 0 0
0 0 0 0
0 0 0 0
1 1 0 0
0 3 0 1
1 0 0 1
0 0 1 1
0 0 0 1
0 0 1 0
0 2 1 0
0 1 2 0
0 0 1 2
1 0 0 1
0 3 2 0
0 0 3 0
1 0 1 1
2 0 0 0
0 0 0 0
0 1 0 0
2 1 0 1
1 0 2 0
0 1 0 0
0 0 0 0
0 0 1 0
0 1 1 0
0 0 2 0
0 2 2 0
1 1 0 0
0 0 0 0
1 1 0 0
1 0 0 1
0 1 0 1
0 0 2 0
1 0 0 1
0 0 3 1
1 0 2 0
3 0 0 0
0 0 1 0
0 1 0 1
1 1 0 1
0 0 0 0
0 0 1 0
0 1 0 1
3 0 0 1
0 0 0 0
4 0 0 1
1 2 1 1
0 3 1 1
0 0 0 0
0 1 0 0
2 0 0 2
4 0 1 1
2 0 1 0
0 1 0 0
1 0 1 0
0 2 0 1
0 4 0 1
0 2 0 2
0 0 2 0
0 0 1 0
1 1 0 0
0 0 0 0
0 0 0 0
2 2 0 2
0 2 0 0
0 0 0 3
0 0 1 0
0 0 1 0
0 0 0 3
0 1 0 0
0 0 1 0
2 0 0 0
1 2 0 1
1 0 0 2
3 2 1 0
1 1 0 2
0 0 2 1
0 0 0 2
0 0 0 0
1 1 0 0
2 1 0 0
0 1 0 0
1 1 1 0
4 0 0 0
0 0 0 0
0 0 0 0
0 1 0 1
1 1 0 0
0 0 0 0
0 2 2 1
1 0 0 0
0 1 0 2
0 1 0 1
1 1 0 2
0 0 0 1
0 0 0 1
0 0 0 1
0 1 0 0
2 1 0 1
0 0 0 0
0 0 0 0
0 0 0 0
0 0 0 0
0 0 2 2
1 0 0 1
0 1 1 1
0 1 1 0
0 0 0 1
1 0 1 2
0 3 1 0
1 2 0 1
0 1 0 0
3 2 3 0
1 0 2 3
4 1 0 2
3 1 0 0
0 0 0 1
1 0 0 0
0 0 0 0
0 1 3 0
0 2 0 1
2 0 0 1
0 1 0 2
0 1 0 0
0 0 2 1
0 1 0 0
0 1 0 0
2 0 0 2
0 1 0 0
1 1 1 2
0 1 0 0
0 0 4 0
1 2 0 1
0 0 0 3
0 0 0 0
0 0 0 0
0 1 0 0
0 1 0 0
0 0 2 0
0 0 0 0
0 0 0 1
0 0 0 2
3 0 1 4
0 3 2 4
0 3 0 1
1 1 0 1
2 1 1 0
2 3 1 0
1 1 1 0
1 1 0 1
0 0 3 0
4 1 0 1
0 0 2 0
1 0 0 2
1 0 0 1
1 0 0 0
0 0 0 0
0 0 0 0
2 1 2 1
1 0 2 0
1 0 0 0
0 1 0 0
1 1 0 0
0 0 0 2
0 1 0 1
1 0 1 0
0 0 1 2
2 0 0 0
1 0 2 2
1 0 1 1
0 0 3 0
0 2 1 0
1 2 3 1
0 1 0 3
0 0 1 2
1 0 0 0
3 4 1 0
0 0 0 0
1 1 0 0
0 0 1 1
1 1 1 1
2 0 1 1
0 1 0 0
0 1 0 0
2 1 0 0
0 4 0 0
0 1 0 0
0 3 1 0
0 0 0 1
0 0 0 0
0 0 0 0
0 0 1 0
0 3 0 0
1 2 0 0
1 0 4 2
0 0 0 1
0 0 0 2
2 3 0 0
1 0 1 1
1 1 0 2
2 1 2 1
2 1 1 0
0 0 0 0
0 0 0 0
0 0 2 1
0 1 1 1
0 1 0 1
1 0 0 1
0 0 0 0
2 1 2 1
0 1 0 0
1 1 1 1
2 1 0 2
0 0 0 0
0 0 1 0
2 0 1 3
1 2 1 2
1 2 0 0
0 0 1 0
1 0 0 0
0 3 1 1
0 0 1 0
0 0 3 0
1 2 0 0
3 0 1 0
0 0 0 0
1 0 0 2
0 2 0 0
1 2 1 0
1 0 3 0
0 0 0 0
0 0 1 2
1 1 0 2
1 1 3 1
1 1 0 2
1 0 0 0
0 2 1 0
0 1 0 0
0 1 0 0
0 0 0 2
1 2 3 0
0 0 0 0
0 1 0 0
0 1 0 0
0 0 1 3
1 3 1 3
2 0 2 1
1 1 1 0
0 0 3 1
0 0 0 0
0 0 1 1
1 1 0 0
1 3 2 0
1 0 1 2
0 0 0 0
0 0 0 2
1 0 0 1
0 1 0 0
0 0 0 0
0 0 0 1
1 0 0 0
0 1 1 0
0 0 1 0
0 0 0 0
0 0 2 2
0 2 0 1
1 0 2 0
0 3 0 1
0 0 0 0
0 3 0 0
3 1 3 0
0 1 0 0
0 0 0 0
0 2 0 0
1 1 0 0
2 2 2 2
0 1 1 1
0 1 0 0
0 0 0 1
0 0 0 1
0 1 0 0
0 1 0 0
0 4 0 0
0 0 2 0
2 1 0 0
0 0 1 0
2 0 0 0
1 0 0 0
2 2 1 1
1 0 0 2
1 0 0 0
4 0 1 0
1 0 0 1
1 0 0 1
3 0 0 0
1 0 1 0
2 1 0 2
3 0 1 2
1 0 0 1
0 3 0 0
0 0 0 1
0 0 0 0
1 0 0 0
1 0 0 2
0 1 0 0
0 0 1 0
0 2 0 0
1 0 0 0
1 0 0 1
1 2 0 1
1 0 3 0
0 0 0 0
1 0 0 3
0 2 0 0
0 1 1 2
0 0 0 0
0 0 0 1
0 0 1 0
2 0 0 2
1 0 0 2
2 3 1 0
3 0 1 2
3 0 1 1
0 0 1 0
2 2 1 0
0 2 0 1
0 0 0 0
0 0 2 1
2 0 1 0
1 4 1 1
2 1 0 1
1 1 1 0
0 0 0 0
0 1 0 0
0 0 1 0
2 1 0 2
0 1 1 1
1 0 0 3
1 0 0 4
2 0 3 1
0 0 0 1
0 0 2 1
3 0 2 2
0 0 0 0
0 1 0 0
0 0 2 0
3 1 1 0
1 0 0 4
0 0 0 0
2 0 0 0
1 0 1 0
0 0 0 1
0 0 1 0
0 1 0 0
0 0 4 0
0 1 0 0
0 0 0 0
1 2 1 0
1 2 0 2
0 1 2 3
0 2 0 1
3 2 0 0
0 2 1 0
2 0 2 0
0 1 0 0
0 0 0 2
1 0 0 0
0 1 0 0
0 1 0 1
1 1 0 0
0 1 1 0
0 1 0 0
0 1 1 1
0 0 0 1
0 0 1 2
1 2 2 0
2 0 0 0
1 1 1 1
0 0 0 2
2 2 0 2
0 0 0 0
2 0 1 1
0 0 0 0
1 0 0 0
2 0 1 3
1 0 0 1
1 0 0 0
1 0 0 1
0 0 0 1
0 0 2 0
0 1 1 1
2 0 3 1
0 4 0 0
1 0 2 0
0 2 1 2
1 0 0 0
0 3 0 1
0 2 2 1
0 0 1 1
1 1 1 1
0 0 0 0
1 0 0 3
1 0 0 0
1 0 1 1
0 0 0 0
0 1 1 0
2 0 0 0
2 0 3 2
1 1 0 0
0 0 1 0
0 0 0 0
0 1 2 0
0 0 0 0
0 0 2 2
2 2 0 0
1 0 0 2
0 1 0 0
2 0 1 0
1 1 3 4
0 0 2 0
0 0 0 1
0 3 1 0
0 0 0 0
0 0 0 0
0 1 1 0
0 1 0 0
1 1 1 1
1 1 1 0
1 0 0 0
1 0 0 2
1 1 0 0
1 0 0 0
0 1 0 2
2 1 1 0
1 0 2 0
0 1 4 0
2 0 1 1
0 3 2 0
0 2 3 0
1 0 0 0
1 0 0 0
1 2 0 2
0 1 0 2
1 0 1 1
2 0 1 0
0 0 0 0
0 0 2 2
2 2 0 1
3 0 0 0
1 1 0 2
0 4 0 0
1 0 0 0
2 0 0 0
1 0 2 0
0 1 2 0
1 2 1 2
0 0 0 3
1 0 1 0
0 0 1 2
0 2 2 0
0 1 0 2
0 0 2 1
0 2 1 0
0 0 1 1
0 4 0 0
1 1 0 4
0 0 1 0
3 0 0 1
1 1 1 0
0 0 1 0
0 0 2 0
1 0 0 1
0 1 0 0
3 0 0 0
1 0 0 0
1 1 0 0
0 0 1 0
0 0 0 1
1 0 0 0
0 0 0 2
0 0 2 1
1 0 0 0
1 1 1 0
2 0 0 0
1 0 0 0
0 0 1 1
0 0 0 0
0 0 1 0
0 2 1 0
1 0 0 1
0 0 0 0
0 2 1 0
1 1 0 1
0 1 1 2
0 3 0 0
0 0 1 1
0 0 0 0
0 0 2 2
1 0 1 0
2 1 1 2
3 0 0 0
0 0 0 2
1 0 2 0
0 0 2 0
0 0 1 2
0 0 2 1
0 1 0 1
1 1 0 0
1 0 1 1
0 2 0 1
1 0 0 1
0 3 0 0
1 0 1 0
2 1 1 3
0 0 1 0
0 0 0 1
0 0 0 0
1 0 2 0
0 1 0 0
2 0 0 1
0 0 1 1
1 1 1 0
1 1 0 1
2 0 1 0
0 3 0 2
0 0 1 1
0 0 2 2
1 1 1 0
0 0 0 2
2 0 3 1
0 0 0 2
1 0 0 1
0 3 0 0
0 1 0 0
0 1 0 1
0 1 1 1
0 1 1 1
0 0 1 0
3 0 0 2
1 1 0 3
0 0 0 0
0 0 0 0
0 1 1 0
0 0 1 0
0 0 3 0
0 0 0 0
1 0 0 0
0 0 0 1
0 0 0 2
1 2 0 1
0 0 0 0
1 0 0 0
0 1 2 0
0 2 0 0
0 1 0 0
0 0 1 1
0 0 1 0
0 0 2 0
3 1 0 0
1 1 0 0
1 1 0 1
3 0 0 1
1 2 0 2
0 0 0 2
1 0 0 2
1 0 1 1
0 2 1 1
0 0 0 0
1 0 1 1
0 0 1 1
1 0 0 1
0 1 1 0
1 2 1 0
1 1 0 0
1 0 1 0
1 1 0 0
0 0 0 0
4 1 0 0
3 0 0 0
0 2 0 1
0 1 0 1
1 0 0 0
0 0 0 1
0 1 0 0
0 2 1 1
0 0 2 0
0 1 1 0
0 0 1 0
2 0 0 1
0 1 3 2
0 0 0 2
2 0 0 0
0 0 2 0
0 0 1 1
3 0 0 0
1 1 0 0
0 1 2 1
0 0 0 1
0 0 0 0
0 0 0 0
0 0 0 0
3 0 0 1
0 0 1 0
0 0 2 0
1 0 0 1
0 1 0 0
1 0 0 0
1 0 0 1
1 0 0 0
2 2 1 3
1 0 0 0
1 1 0 1
2 1 0 0
1 0 1 0
0 3 0 0
0 1 1 0
0 0 1 0
0 0 0 1
0 0 0 0
0 0 2 2
1 0 0 1
0 0 0 1
2 0 0 1
0 0 2 0
1 0 1 0
3 0 2 1
1 1 0 0
1 1 0 3
1 0 1 0
0 1 1 0
0 0 0 0
0 1 0 1
2 0 0 2
0 1 1 0
0 0 0 1
3 1 0 2
0 0 0 0
3 2 0 0
1 0 0 0
0 1 3 0
1 0 0 0
1 0 0 0
0 0 0 2
0 0 0 2
2 1 0 1
0 0 1 2
0 0 0 2
0 0 0 1
0 1 1 0
1 0 3 1
2 2 1 2
0 0 1 0
0 1 3 1
0 0 0 1
0 0 0 2
0 0 0 1
2 1 0 0
0 2 1 0
0 1 1 0
1 1 0 1
1 2 0 0
2 0 1 0
0 1 1 1
1 0 0 0
1 0 0 0
3 0 1 0
0 0 1 1
1 3 0 0
0 2 0 2
0 0 0 0
1 3 0 0
0 1 0 0
0 2 0 1
2 0 2 0
0 0 0 1
2 0 1 1
0 1 2 1
1 2 0 2
1 1 1 2
1 0 0 1
1 0 1 2
2 1 0 0
1 0 2 1
1 1 1 0
1 2 0 1
0 2 0 0
0 0 1 0
0 0 0 2
0 1 1 2
0 1 0 0
0 0 0 0
0 1 0 0
1 0 0 1
0 1 1 1
0 0 0 0
2 0 2 0
0 0 0 1
0 1 2 0
0 1 0 1
0 0 0 1
1 0 0 0
3 1 0 0
0 0 1 1
4 1 0 0
0 1 0 0
0 0 2 0
1 1 0 0
0 0 0 0
1 0 2 0
3 3 1 0
0 0 0 1
2 0 0 0
0 0 0 1
1 1 0 0
0 4 1 0
0 0 0 0
0 0 0 0
0 0 3 1
0 2 3 0
1 0 0 1
0 0 3 1
0 1 0 1
1 1 0 0
1 2 1 0
1 2 0 1
0 0 1 0
1 1 1 0
1 2 0 0
0 0 0 0
1 2 0 1
0 3 1 0
1 0 0 0
0 0 1 0
3 0 1 0
0 0 0 2
0 1 1 0
0 1 1 3
1 2 2 0
0 1 0 0
0 1 0 0
0 1 1 2
0 0 1 0
0 1 0 1
0 1 0 0
3 0 0 0
0 1 0 0
3 1 0 1
0 2 0 0
0 0 1 1
0 0 0 2
0 1 2 1
0 1 1 1
0 1 0 1
2 0 1 0
0 2 0 0
0 1 1 1
2 3 0 0
1 0 0 2
1 0 2 0
1 1 2 3
4 0 1 1
1 0 0 0
1 0 1 2
0 4 0 0
2 2 1 1
1 3 0 1
0 1 1 1
0 1 2 3
0 1 0 2
1 0 1 0
2 0 2 0
0 2 0 1
1 0 0 1
0 0 2 0
0 0 2 1
0 3 2 0
0 1 1 1
0 1 1 1
1 0 0 0
1 0 1 0
1 1 0 1
0 2 2 0
0 0 0 0
0 1 1 0
3 0 1 1
0 1 1 0
2 0 0 1
0 1 1 0
0 0 0 0
0 1 1 1
0 0 0 2
0 1 0 2
1 1 1 0
0 0 1 0
0 1 2 2
0 0 1 3
0 1 0 1
1 0 0 0
0 0 0 0
0 2 1 2
2 0 2 0
0 0 1 1
1 0 0 0
0 3 0 1
0 4 2 2
2 0 1 1
1 0 0 0
1 0 0 0
0 1 1 0
1 0 0 0
0 0 0 0
0 0 0 0
1 2 2 1
2 0 3 1
1 2 0 0
1 0 0 2
0 0 0 1
0 0 0 1
0 0 2 1
1 0 0 0
1 0 0 1
1 0 2 2
1 1 0 1
0 0 2 3
0 2 0 1
0 0 0 0
0 0 0 0
1 1 0 1
1 0 1 1
1 1 4 1
1 0 0 0
0 1 0 0
2 0 1 2
1 1 1 0
2 3 0 0
1 0 0 0
0 2 0 0
0 0 3 1
1 0 1 0
1 0 0 0
0 0 1 1
0 1 0 1
0 0 1 0
2 1 1 1
0 0 0 0
2 0 0 0
0 0 0 0
1 2 1 3
0 0 0 0
0 0 0 0
2 1 1 0
0 3 0 1
0 1 1 1
0 0 2 0
0 1 1 0
1 0 0 0
0 2 0 0
0 2 0 0
0 2 1 3
0 2 2 1
3 1 2 0
1 0 4 0
1 0 2 1
0 2 0 2
0 0 0 2
1 0 0 0
1 1 0 2
2 0 1 0
1 0 1 0
2 0 1 0
1 0 2 0
0 1 1 1
3 1 0 0
0 2 0 0
1 1 0 0
0 0 1 1
0 0 0 2
1 2 2 0
0 0 1 1
1 1 1 0
0 0 2 1
0 0 0 0
1 0 0 2
1 1 0 0
0 1 0 0
1 3 1 0
0 3 0 1
1 0 0 0
0 0 0 0
0 1 1 0
0 1 1 0
0 1 1 0
2 0 0 0
0 0 0 0
3 3 0 0
2 0 0 0
0 0 1 3
0 2 0 0
2 0 2 1
0 0 0 0
1 0 1 0
0 1 0 0
2 0 1 1
4 0 0 0
1 0 0 0
0 0 0 2
2 0 0 0
0 0 1 1
0 2 0 2
2 2 0 1
0 1 1 0
0 1 1 1
0 2 0 1
0 0 0 1
0 1 0 1
1 2 0 2
0 1 1 0
0 0 0 1
1 1 0 0
1 1 1 1
0 0 0 0
0 0 0 1
0 0 0 0
0 0 0 2
1 0 0 0
1 0 2 0
3 0 0 0
0 1 0 0
1 1 0 2
0 1 0 0
0 1 0 0
0 1 2 2
0 1 0 0
2 3 0 0
0 0 0 0
0 1 0 0
1 1 0 0
2 1 2 0
0 0 2 2
0 1 1 0
1 0 1 0
0 0 0 0
1 0 0 0
0 1 0 1
0 1 2 0
1 0 3 1
0 0 0 0
2 0 3 1
0 0 0 2
0 2 2 1
0 0 1 0
3 0 2 0
0 1 2 1
2 0 1 2
0 1 0 0
2 0 1 0
1 0 0 0
0 1 1 0
0 1 0 0
1 0 2 0
0 0 1 0
1 2 1 0
0 3 0 0
2 2 0 1
2 1 0 0
0 0 1 0
0 0 0 1
2 0 0 2
0 0 0 2
1 1 1 1
0 0 0 1
0 1 0 2
0 2 0 0
2 1 2 0
0 2 0 0
1 1 0 0
2 0 0 0
0 0 2 1
1 1 1 0
0 1 2 0
1 0 1 0
0 0 1 0
0 2 0 0
1 0 0 0
0 1 1 0
1 0 0 0
0 0 0 1
0 0 1 0
1 0 2 0
0 0 1 2
0 1 0 1
1 0 1 0
1 2 0 0
1 0 1 0
1 0 0 0
1 3 0 1
1 2 1 1
1 3 1 0
0 0 0 1
0 1 0 0
0 0 0 1
1 0 0 0
0 1 0 0
0 1 2 1
0 0 3 0
0 0 0 0
1 0 2 1
2 1 0 0
1 1 1 1
0 1 2 0
1 0 0 0
3 1 1 0
0 4 0 1
3 1 1 0
0 1 1 0
1 0 0 0
0 1 1 1
1 1 1 0
3 1 0 0
0 0 0 0
0 1 0 1
0 1 3 0
0 0 0 1
0 0 1 0
0 1 1 1
0 1 0 0
3 2 0 0
1 1 2 2
1 0 1 0
0 0 2 1
0 0 0 0
0 2 0 0
0 0 2 2
1 0 3 0
1 0 0 0
0 0 1 0
0 1 1 1
0 1 0 1
0 2 0 1
0 3 0 1
0 0 0 1
0 0 3 1
1 1 0 0
1 1 2 2
1 0 1 0
0 1 2 0
2 1 0 0
0 1 1 1
0 0 1 0
0 0 0 0
1 0 2 0
0 2 0 0
1 0 0 1
1 0 2 0
0 0 0 0
0 0 1 2
2 0 0 2
0 1 0 1
0 1 0 1
0 0 0 0
0 1 1 0
1 0 0 0
1 1 0 1
0 2 0 0
1 0 2 0
0 0 1 0
2 3 0 0
1 0 0 3
2 0 1 0
0 0 1 2
0 1 0 0
0 0 0 4
0 2 0 0
2 1 2 0
0 1 0 0
1 0 1 0
1 2 0 0
0 0 1 0
0 1 3 1
1 0 1 2
0 0 1 0
1 1 1 1
0 2 2 0
1 1 0 2
2 0 0 2
0 4 1 0
0 0 1 1
1 1 1 0
3 1 0 0
0 0 0 0
1 1 0 0
1 0 1 3
0 1 0 0
0 1 0 0
0 0 0 2
0 0 1 1
1 0 1 1
0 0 2 0
1 1 0 3
1 0 1 0
0 0 0 1
0 1 0 0
0 0 0 1
1 0 0 0
0 0 1 1
0 1 1 0
0 0 2 0
0 1 1 0
0 0 0 1
0 0 0 0
0 1 0 1
0 0 2 0
0 1 1 0
0 0 2 4
1 2 0 0
0 2 0 3
0 0 2 1
0 0 2 3
1 2 0 0
0 0 3 1
0 2 0 1
1 0 0 0
2 0 1 0
2 1 2 1
0 1 1 0
0 0 0 0
1 0 4 0
0 0 1 0
0 0 2 1
1 2 1 1
0 1 0 1
0 3 0 1
0 0 3 0
1 0 0 1
2 2 0 0
0 0 0 0
0 0 2 0
0 0 0 0
0 0 0 0
0 0 0 1
0 0 2 1
0 2 0 2
1 0 1 1
0 1 1 1
1 0 1 0
0 0 0 0
1 0 1 2
0 0 0 0
0 1 1 0
1 0 0 1
4 0 0 0
0 1 1 1
1 0 0 1
0 0 0 0
1 0 1 0
0 0 0 2
0 0 2 1
1 0 1 0
1 0 0 2
1 0 0 0
1 1 1 1
0 0 0 0
0 2 3 0
1 0 1 0
0 2 2 1
0 1 4 0
0 1 1 0
0 0 1 2
2 0 0 2
1 0 2 0
1 0 0 0
0 2 0 1
2 3 3 2
2 0 2 0
0 0 0 0
1 0 1 0
0 1 0 1
0 0 0 3
1 1 2 0
0 1 0 0
0 0 1 0
0 0 0 0
0 0 1 0
1 0 2 0
0 0 1 1
0 0 0 1
2 0 1 0
0 1 1 0
0 1 1 0
1 1 0 0
1 2 1 2
2 1 1 1
1 0 1 2
0 0 1 0
0 2 0 0
0 1 2 0
0 2 0 1
0 0 0 2
0 1 0 2
1 0 0 0
0 1 0 2
1 1 2 0
0 0 0 0
0 1 0 0
0 2 1 0
0 0 0 0
1 1 0 0
2 1 2 2
0 0 0 1
1 2 1 0
0 1 1 0
0 0 0 0
1 1 1 2
1 0 1 0
1 3 1 0
1 0 4 1
3 0 1 0
1 0 2 0
3 2 0 0
0 1 1 1
1 1 1 0
0 2 2 0
0 1 1 0
0 2 0 2
0 1 1 2
0 1 3 3
1 1 4 1
1 0 0 0
1 0 1 0
0 0 0 1
0 0 0 1
1 0 0 2
3 2 0 1
2 0 0 3
0 3 0 1
1 0 0 1
0 0 0 0
1 0 1 1
1 2 0 0
1 0 2 2
0 1 0 1
0 0 1 0
2 0 2 1
