7 5 2 1000
255 962 921 1893
614 738 1753
137 1145
925
507 843 1618 1797 2962
589 886 1620 1949 2867
541 871 1560 1855 2509
515 848 1579 2095 2615
516 921 1658 1846 2581
594 853 1410 1940 2481
532 817 1576 1847 2757
46 32 47 37 30
42 46 34 50 25
40 30 48 26 35
44 25 47 25 30
38 31 26 48 47
48 40 43 25 33
50 29 33 36 39
30 31 18 1 21
0 1 0 0 0
0 1 0 0 0
1 1 1 0 0
0 1 0 1 1
0 0 0 1 0
0 0 1 0 1
0 0 1 0 0
0 2 1 1 0
0 1 1 0 0
0 0 0 2 1
0 0 0 0 1
3 0 0 0 0
1 0 0 1 0
0 0 1 0 1
0 1 0 1 0
2 0 2 2 0
0 2 0 0 0
1 0 0 0 0
0 2 0 1 0
0 3 0 0 0
0 0 0 0 3
4 0 0 0 0
0 2 2 0 0
0 0 1 0 0
0 0 1 0 0
1 0 1 0 1
0 0 0 0 0
0 0 0 2 0
0 1 1 0 2
0 0 0 0 0
2 0 0 3 0
1 1 0 0 0
1 0 0 1 1
0 1 0 1 0
0 1 0 0 0
3 2 1 0 0
1 2 2 0 0
0 0 0 0 0
0 0 0 0 0
0 1 0 0 0
0 0 0 0 0
0 0 1 1 0
0 1 0 1 1
1 1 2 0 0
1 1 1 1 1
1 0 0 0 1
4 1 0 0 1
1 0 3 0 2
0 1 0 1 0
0 0 1 0 0
0 1 0 1 1
1 0 0 0 2
1 0 0 0 1
1 1 3 2 0
0 0 1 0 0
1 0 2 3 0
2 1 0 0 0
1 0 0 0 1
1 0 0 1 0
0 0 1 2 0
1 2 2 2 0
0 0 2 2 0
0 1 2 0 0
1 0 2 1 1
0 1 1 0 0
3 0 1 0 3
1 0 0 1 1
1 0 0 0 1
0 0 0 0 1
0 2 0 1 2
1 0 0 0 0
0 1 0 0 0
1 0 1 2 1
1 1 4 0 1
1 4 1 0 0
1 0 1 0 1
2 0 0 1 1
0 0 1 1 1
1 0 1 0 1
2 2 2 3 0
1 1 0 0 4
0 0 2 3 0
1 0 2 3 0
1 2 0 0 2
0 0 0 0 0
0 1 0 1 1
0 0 0 2 1
0 0 0 0 0
0 0 0 0 0
1 1 0 0 1
1 2 0 1 1
0 1 1 2 2
0 0 0 0 1
0 2 2 1 0
0 2 1 0 0
0 1 0 1 0
0 2 1 0 0
1 1 0 1 1
0 0 1 0 0
0 1 0 0 2
2 0 1 1 2
0 1 0 1 0
0 1 1 0 0
1 1 0 0 0
0 2 0 0 0
0 0 1 1 0
0 0 0 0 2
0 0 0 3 0
0 1 0 2 1
1 0 3 0 0
1 0 3 1 0
0 0 0 1 0
0 1 0 0 0
0 1 1 2 0
1 0 2 0 0
0 4 2 4 0
0 0 1 1 1
1 1 0 2 1
1 1 0 2 0
1 0 1 0 2
2 0 0 0 1
0 0 0 0 0
0 0 0 3 2
0 0 0 0 0
1 0 0 0 1
0 2 0 1 1
0 1 0 0 0
1 0 0 1 0
0 2 0 1 0
0 1 1 0 0
0 0 0 0 0
0 0 1 0 0
1 1 1 1 0
0 1 2 2 0
0 0 1 0 1
0 1 1 0 0
0 0 1 1 0
0 0 3 0 0
0 0 0 0 0
1 0 0 0 0
0 1 0 1 2
3 1 1 0 3
1 1 1 0 1
0 0 0 1 2
0 2 0 0 2
1 0 0 0 1
0 0 1 1 0
1 3 0 0 2
0 0 1 1 0
0 0 0 0 2
0 0 0 1 1
0 1 0 2 0
1 0 0 2 1
0 1 0 1 1
0 0 0 1 4
1 0 0 2 0
1 0 1 1 0
0 1 4 2 0
0 1 0 0 0
0 4 0 1 1
0 0 0 0 0
1 1 2 0 1
0 1 0 1 0
0 0 1 0 0
0 2 0 1 1
3 1 1 1 1
1 0 0 1 2
0 2 0 1 0
0 1 0 2 0
0 0 0 2 2
0 0 0 0 0
0 0 1 2 2
2 1 0 0 1
1 0 0 0 0
1 0 1 1 1
0 1 0 2 1
1 1 0 2 0
1 0 0 0 0
1 1 0 1 1
1 4 2 0 1
2 2 0 3 0
0 1 1 0 2
0 0 0 0 0
0 1 0 2 0
2 0 1 0 0
1 0 0 0 1
0 3 0 0 1
0 3 2 0 0
0 0 0 0 0
2 0 0 0 1
0 0 0 0 0
3 0 0 0 2
0 1 0 1 0
2 2 0 0 2
1 0 1 3 1
0 1 0 0 0
0 0 1 1 1
0 1 0 0 1
2 0 1 0 1
0 1 0 3 0
0 3 1 2 1
0 0 1 0 0
3 0 0 0 0
0 0 1 0 0
3 0 0 0 2
1 0 1 0 0
0 0 0 0 1
1 0 0 1 0
0 3 1 0 0
0 1 0 1 0
1 0 0 0 1
1 1 0 3 0
1 1 3 0 2
1 3 0 0 0
1 1 0 0 2
1 1 0 2 0
0 0 1 0 0
0 0 0 1 0
1 1 1 0 1
0 0 1 2 1
1 2 1 0 1
0 0 1 0 0
0 1 0 0 0
2 1 0 0 0
1 0 1 2 0
0 2 0 2 0
0 0 0 0 0
0 0 0 2 2
1 2 0 0 1
0 0 0 0 1
0 0 0 1 0
0 0 0 1 0
0 1 1 0 1
3 2 0 1 0
0 2 0 1 3
0 0 0 0 3
1 0 2 1 0
2 0 0 1 1
0 0 2 1 0
0 2 0 0 0
1 0 1 1 0
2 0 0 0 1
0 0 2 2 1
0 1 2 1 1
0 0 0 0 0
1 0 0 1 0
0 0 4 0 0
3 0 0 0 0
0 1 1 1 0
0 1 0 1 1
1 1 0 1 0
0 0 0 0 2
0 0 0 0 0
1 2 1 0 2
1 0 0 0 1
0 0 2 3 0
0 0 0 1 0
0 1 0 2 0
0 0 0 0 1
3 0 0 0 0
0 1 2 0 2
2 0 1 1 2
0 1 0 0 0
1 2 1 0 3
1 1 3 0 1
1 1 1 3 0
1 0 0 3 0
0 0 1 2 2
0 0 1 0 1
0 0 0 1 0
0 0 1 0 1
0 4 1 0 0
1 1 3 1 1
1 2 1 0 0
3 0 1 1 0
1 0 1 1 0
0 0 1 0 0
1 0 0 0 0
1 0 1 2 2
0 0 2 1 0
1 1 0 0 3
1 2 1 0 0
2 0 1 1 2
0 1 0 0 0
0 4 1 2 2
3 0 0 0 0
0 0 0 0 1
0 0 0 1 1
1 0 1 0 1
2 1 0 1 0
1 0 0 2 4
1 0 0 1 0
2 0 0 0 1
1 2 1 0 0
0 0 1 0 0
0 0 3 1 0
0 0 0 0 2
0 1 1 1 0
0 0 0 1 1
3 1 0 1 0
1 1 1 2 2
0 0 0 0 1
0 1 1 2 0
1 0 1 0 0
1 0 0 1 1
0 1 0 0 0
0 0 1 0 1
0 2 0 0 0
0 4 0 1 1
0 0 1 1 0
0 0 0 0 1
0 0 0 0 1
3 0 1 0 0
1 1 2 1 0
0 0 0 0 0
0 0 1 1 1
0 0 1 0 0
1 0 0 0 1
0 0 0 0 0
2 1 0 0 0
0 2 1 0 0
1 0 0 0 1
0 1 0 0 0
4 1 0 0 0
0 3 2 0 0
0 0 0 1 1
1 2 0 0 1
0 1 1 0 0
3 0 0 1 3
0 1 0 0 1
0 1 0 3 0
1 0 1 2 1
0 0 0 0 0
0 1 1 1 1
0 0 3 0 0
0 0 0 1 2
0 1 0 0 0
1 0 0 0 0
2 1 0 0 0
1 1 0 1 2
1 2 0 1 1
0 2 0 0 0
0 0 0 1 1
1 0 2 0 2
0 3 0 0 0
0 0 1 2 0
0 3 2 0 0
0 0 3 0 2
0 0 0 3 0
0 1 0 1 1
3 0 0 0 2
0 1 1 0 0
0 0 0 0 0
1 1 0 2 0
0 3 3 1 0
0 0 0 1 2
2 1 1 0 0
0 0 0 0 0
0 3 0 1 0
0 0 0 2 0
1 0 1 0 0
0 1 1 1 1
1 0 0 0 0
1 1 2 0 2
0 1 0 1 0
2 1 1 1 0
0 0 1 0 2
0 0 1 1 1
0 0 0 0 1
0 0 0 0 0
1 0 0 0 1
0 1 0 0 0
0 3 3 0 1
0 0 0 0 0
2 0 0 2 1
0 2 0 0 2
1 2 1 3 2
3 0 1 2 1
0 1 1 0 1
0 0 2 0 1
0 1 0 0 1
0 2 1 1 1
0 2 0 0 2
1 1 0 0 0
1 0 1 0 3
1 1 0 0 0
0 0 2 0 0
0 0 0 0 0
0 2 0 0 0
0 0 2 2 0
0 0 0 0 0
0 0 1 0 1
0 0 1 2 2
0 0 1 1 0
0 2 0 0 0
0 0 0 0 1
0 1 0 1 0
0 1 0 0 0
1 2 0 1 0
3 2 2 0 0
0 2 1 0 0
1 0 0 1 1
0 0 1 1 0
0 0 3 0 3
2 0 0 0 1
0 0 1 0 2
1 3 0 1 1
0 0 2 0 0
1 0 1 4 1
0 2 0 0 3
0 1 0 4 1
2 0 0 1 0
0 1 1 1 1
0 2 0 0 0
0 2 0 0 1
0 0 0 2 0
2 1 1 0 1
0 3 1 0 0
1 1 0 2 2
1 1 1 0 1
1 4 0 1 1
1 1 0 0 1
0 1 0 0 0
1 0 0 0 1
0 1 0 0 2
0 1 0 1 0
0 0 0 1 0
2 0 1 0 1
1 0 0 2 1
2 0 1 0 0
1 0 1 0 2
0 2 2 0 1
0 0 0 0 1
0 1 0 0 0
0 0 0 0 0
3 1 0 1 1
0 0 1 1 0
1 0 2 0 1
0 2 1 0 0
0 0 1 1 0
0 1 1 0 0
0 0 1 1 0
0 0 3 1 1
1 0 1 0 0
0 1 1 0 0
0 0 2 0 0
0 1 0 1 1
1 0 0 0 0
1 0 0 0 1
1 0 1 0 3
0 3 2 0 0
3 2 0 1 0
2 1 0 1 0
1 0 0 0 1
1 1 1 0 0
2 0 0 0 0
0 1 0 0 2
0 0 2 0 1
1 0 1 0 0
1 1 1 0 1
0 0 0 1 0
1 0 1 2 1
0 1 1 4 1
0 3 0 1 0
1 4 1 0 0
0 4 0 0 1
1 0 0 1 1
1 0 1 1 0
1 0 0 0 0
0 1 0 0 0
1 0 0 0 0
1 0 0 0 2
0 1 0 2 1
2 1 0 1 0
0 0 0 2 1
0 2 0 0 2
0 1 2 1 0
0 1 1 1 1
3 0 1 0 0
0 0 1 1 2
2 0 2 1 1
0 0 0 1 0
2 0 2 0 1
1 0 3 0 1
1 1 0 1 0
0 1 1 0 1
0 0 2 1 0
0 0 0 0 1
1 2 0 2 0
1 0 0 0 1
0 0 0 1 1
2 0 0 1 0
0 0 2 2 0
1 0 0 2 0
0 0 1 3 0
0 1 1 2 0
2 0 1 0 3
0 1 0 0 1
1 1 1 1 2
3 1 1 2 4
1 2 1 0 0
0 0 2 1 3
0 0 0 0 0
0 1 0 0 2
0 1 0 1 0
0 3 0 1 0
3 0 2 2 0
1 0 2 0 2
1 0 0 2 0
1 1 0 0 0
0 1 0 3 0
0 0 0 1 0
1 1 1 0 0
1 0 0 2 1
1 1 0 2 0
0 0 1 0 0
0 0 0 0 0
0 0 0 1 0
0 2 0 0 0
0 3 0 1 0
2 0 0 2 0
1 1 1 1 0
1 0 1 0 3
0 1 2 1 0
0 1 0 0 1
0 1 1 0 3
1 0 1 0 1
1 3 1 0 0
3 0 1 3 0
1 1 1 0 1
1 1 1 1 1
0 0 0 1 0
0 0 0 0 0
2 0 0 0 0
0 0 2 1 2
1 1 1 1 1
1 2 0 2 0
0 0 3 0 0
0 1 0 2 2
0 0 1 0 1
1 0 0 0 0
2 0 0 0 0
0 4 0 0 0
3 0 0 1 2
0 3 0 0 0
1 0 0 2 1
1 0 0 1 2
0 1 0 1 0
3 2 2 1 1
1 1 1 0 1
0 0 0 1 4
0 2 0 1 0
0 0 1 1 0
1 0 0 0 2
0 0 0 0 0
0 2 0 0 0
0 0 0 0 0
0 1 1 0 1
3 0 1 0 0
0 0 1 0 0
0 0 1 2 1
0 0 3 0 1
0 0 0 0 1
0 0 0 0 2
0 0 0 1 1
0 0 0 0 0
0 0 1 1 1
1 1 0 1 1
0 0 0 1 1
0 0 2 0 0
0 0 0 2 4
1 0 0 0 1
0 0 0 0 0
0 0 1 0 0
0 0 2 1 1
0 0 1 1 0
0 1 0 1 0
0 1 0 0 1
0 1 4 0 2
1 0 0 0 0
2 0 3 0 0
0 0 2 1 0
2 4 0 0 0
2 1 1 0 0
2 2 0 0 0
1 1 1 1 0
0 0 0 1 3
0 1 1 1 0
0 0 0 0 0
1 1 1 0 3
0 0 1 1 4
0 0 0 0 0
0 1 0 0 1
0 1 0 1 1
0 0 0 0 1
3 2 0 0 0
2 0 2 2 0
0 0 0 0 1
0 0 0 2 1
0 0 1 0 1
1 1 0 1 1
0 0 0 1 0
0 2 0 1 0
0 0 0 0 0
0 1 0 1 1
2 0 1 0 0
0 3 0 0 3
0 0 2 2 0
3 1 1 2 0
3 2 0 3 0
0 0 1 0 2
0 1 1 3 1
0 2 0 2 4
1 1 1 0 1
3 1 1 1 0
1 0 0 0 1
0 0 1 0 0
1 0 0 1 0
0 0 0 0 0
1 2 1 0 2
2 2 0 0 0
0 0 0 2 1
0 0 1 0 1
0 1 0 0 2
2 2 0 0 1
0 0 0 0 2
0 0 1 1 0
0 0 0 0 1
3 0 1 0 1
0 0 0 0 0
0 0 4 1 0
0 4 0 0 0
1 1 2 0 0
1 0 2 1 0
0 0 1 1 0
2 0 2 3 0
1 0 0 1 2
0 1 2 0 0
0 1 0 0 0
1 0 0 0 1
1 0 0 2 0
0 2 0 0 3
0 0 2 0 0
2 4 0 1 2
0 0 2 0 2
2 1 0 0 0
3 2 0 0 2
1 0 0 0 2
0 2 0 1 2
1 2 0 0 0
1 0 0 2 0
1 0 4 1 0
0 1 1 1 0
0 0 0 2 2
4 3 2 1 0
0 0 0 1 1
2 0 0 0 0
2 1 0 2 0
0 0 0 1 1
2 4 0 0 3
0 0 1 0 1
0 2 1 0 0
0 0 0 1 0
2 0 1 2 0
0 0 0 0 0
0 0 0 1 0
0 0 1 0 2
1 0 0 0 0
0 3 1 0 0
0 1 0 0 0
1 0 2 0 2
0 0 1 0 1
0 4 0 0 2
1 0 1 0 0
1 1 0 0 1
0 0 0 0 4
1 0 2 2 1
2 1 1 0 1
0 0 1 0 0
1 0 1 1 0
4 0 1 0 0
0 1 0 0 0
0 0 2 0 0
1 1 1 1 1
0 0 0 0 0
0 0 1 0 0
3 0 1 1 0
0 1 0 3 1
0 1 0 0 0
0 2 1 1 0
2 0 0 2 0
1 0 0 1 2
0 0 0 0 0
0 0 4 1 1
0 0 0 1 1
2 1 2 0 0
0 1 1 2 1
0 0 1 0 2
2 0 0 0 0
1 1 2 2 0
0 0 0 0 0
0 0 1 1 1
0 0 1 2 1
0 0 1 0 2
1 1 2 2 1
0 1 1 1 0
0 1 1 0 0
0 0 0 0 0
1 1 0 0 0
0 0 0 0 1
1 2 1 1 1
0 2 0 1 2
0 0 1 1 0
1 0 1 0 1
0 0 1 0 1
0 0 1 0 0
1 1 0 0 0
1 0 2 0 0
0 0 1 1 0
0 0 0 0 0
1 2 1 0 3
0 0 0 0 1
0 1 0 2 1
1 0 0 2 0
1 0 1 0 2
0 1 2 1 0
1 1 0 0 0
1 0 0 0 0
3 0 0 0 0
0 0 1 0 0
0 0 0 0 1
4 2 0 1 0
2 0 1 0 0
2 0 0 1 2
0 1 0 0 0
0 1 0 0 0
0 0 1 0 0
0 1 3 0 1
0 1 0 0 0
0 0 0 1 1
3 0 2 1 0
3 1 1 0 0
2 0 0 0 0
0 0 0 1 0
1 1 1 1 1
1 2 0 0 1
2 0 0 0 0
2 1 0 0 1
0 3 2 0 0
2 0 0 0 1
0 0 1 2 1
2 1 0 0 0
0 0 0 0 1
0 0 0 1 1
0 3 1 2 3
0 0 1 2 0
3 0 0 1 0
0 0 0 0 0
3 0 0 0 0
0 0 1 0 0
1 0 1 3 0
1 4 1 0 2
0 1 1 2 0
0 1 1 3 0
0 0 2 1 1
0 0 1 0 0
0 0 1 0 0
0 1 0 1 2
0 2 1 0 1
0 1 3 2 2
1 2 1 0 0
3 0 0 0 2
1 2 2 0 0
0 0 1 1 0
1 0 0 1 0
2 1 0 0 0
1 0 1 0 0
2 0 1 3 0
1 0 0 1 1
1 1 1 0 0
0 0 0 0 1
0 1 0 1 1
1 1 0 1 1
0 2 0 0 1
1 3 0 1 1
1 0 4 0 0
2 0 1 2 0
0 1 1 0 1
0 0 0 0 1
1 4 0 0 1
1 1 1 2 0
0 1 0 0 0
1 1 0 0 0
0 0 1 2 0
0 0 0 0 0
0 0 0 0 3
0 1 0 2 0
1 4 1 3 0
2 0 3 0 2
0 3 0 1 0
3 1 2 0 0
0 0 0 0 1
0 0 0 2 3
1 0 2 2 1
1 0 0 0 0
1 1 0 0 2
1 0 2 0 1
0 1 3 1 1
1 0 0 1 1
1 1 2 3 1
2 2 0 0 0
0 0 0 0 1
0 0 1 1 0
0 0 2 1 1
1 0 0 0 2
1 0 4 0 0
1 0 0 1 0
1 0 0 0 4
1 0 0 0 2
0 0 0 0 0
0 0 0 1 0
0 0 0 0 0
0 0 1 1 2
0 0 0 2 0
0 1 0 1 0
1 1 1 0 0
0 0 0 0 3
0 0 2 0 1
0 0 0 0 0
1 0 2 0 1
0 0 0 1 0
0 2 1 1 0
0 1 1 0 0
1 1 1 1 0
1 0 0 3 1
2 1 0 0 0
1 1 0 1 4
0 0 2 0 4
0 1 0 0 0
0 0 1 0 1
1 0 2 1 3
0 1 0 1 1
1 1 0 0 2
0 2 2 0 1
2 2 0 0 2
1 1 0 1 0
0 1 0 1 0
0 0 0 0 1
0 1 2 0 0
0 0 0 1 0
0 1 0 2 1
0 0 0 0 0
0 0 0 0 1
0 1 0 0 0
1 0 3 0 2
0 0 1 0 0
0 0 1 0 1
0 1 2 1 0
0 1 3 0 0
1 0 0 1 0
0 1 0 0 2
0 2 1 0 1
0 0 0 0 0
0 2 1 0 0
0 2 0 1 1
0 0 1 1 1
0 1 1 0 1
0 1 0 4 0
1 0 0 0 0
0 0 0 1 0
0 0 1 0 0
2 0 1 0 1
0 0 1 1 0
1 2 0 1 1
2 0 3 2 1
1 0 2 0 0
1 1 0 1 0
0 0 0 3 1
1 4 1 0 0
1 1 1 0 0
0 0 1 0 0
2 0 0 0 0
1 3 0 2 0
0 0 0 0 0
0 2 1 1 1
0 0 3 0 0
2 0 2 0 0
0 3 0 1 0
0 0 0 1 0
1 0 2 0 1
0 2 2 0 0
0 1 1 0 1
2 1 0 0 0
2 1 0 0 1
1 0 2 0 2
0 0 0 1 0
0 0 0 0 1
1 0 0 0 0
1 3 2 1 0
0 0 0 3 0
0 0 0 1 1
0 0 1 0 2
2 0 0 3 1
2 0 0 0 1
0 0 0 2 0
1 0 0 2 0
0 1 0 0 2
0 0 0 0 0
0 1 0 0 0
0 0 0 0 0
0 1 0 1 0
0 0 0 1 1
0 2 0 0 0
1 0 1 0 0
1 0 0 2 0
0 1 1 0 0
2 0 1 0 0
0 0 0 0 1
1 1 0 0 2
2 0 0 1 0
3 1 1 0 0
1 2 0 3 0
1 2 0 0 1
4 0 1 2 1
0 2 1 1 1
0 0 1 1 0
0 0 0 1 1
1 1 2 0 1
0 0 2 0 0
0 0 1 0 0
0 1 0 1 0
0 0 1 1 2
1 0 0 2 1
0 1 1 0 1
0 1 1 0 0
2 0 0 0 0
2 0 1 1 0
0 0 1 0 0
2 1 0 0 0
0 4 0 2 1
0 0 0 0 0
0 1 1 2 2
0 1 0 0 1
2 0 0 2 0
1 1 0 1 0
1 2 0 4 0
1 0 2 3 0
1 0 0 0 0
0 0 0 0 0
0 0 0 1 0
0 0 2 0 1
1 1 0 0 0
0 1 0 1 0
0 1 2 0 1
0 1 0 0 0
0 1 0 0 0
0 0 0 0 1
1 1 1 0 0
1 0 0 1 3
1 0 1 1 0
1 0 0 0 0
0 0 2 1 2
2 2 0 0 1
0 1 0 0 0
4 0 2 1 1
1 0 0 3 2
1 0 0 1 0
1 0 2 1 0
0 1 0 0 0
1 1 0 0 1
0 1 1 0 0
1 0 1 1 0
1 0 4 0 1
1 1 1 2 0
0 0 1 0 0
0 3 0 0 1
1 1 0 0 2
1 1 0 1 1
0 0 2 2 0
0 3 0 1 0
1 1 0 0 0
0 1 2 0 0
0 0 0 1 0
0 2 0 1 0
1 0 0 1 1
0 0 1 1 0
2 0 1 2 0
0 0 1 0 1
0 0 1 2 1
0 1 0 1 0
1 1 0 1 0
1 0 0 1 1
0 0 0 0 4
0 1 1 0 0
0 0 2 2 0
0 0 1 2 0
0 1 0 1 0
1 0 0 2 2
0 1 0 0 0
0 1 1 0 2
0 3 0 3 2
0 1 2 0 3
0 0 0 0 2
0 1 0 1 1
0 0 2 0 0
1 1 0 0 2
2 1 0 1 1
0 0 1 0 2
0 0 0 0 2
1 0 2 1 0
0 0 0 1 1
0 0 0 0 1
0 1 1 0 1
0 0 1 2 0
1 2 1 0 0
0 1 4 0 0
0 0 0 2 0
1 0 0 0 1
0 0 1 0 1
2 0 0 2 0
0 1 0 2 1
1 1 1 2 0
2 0 2 0 1
0 3 1 0 0
2 0 0 1 0
0 2 0 0 0
0 0 0 0 1
1 1 2 1 1
1 0 1 1 0
0 0 1 0 3
0 1 1 0 0
0 0 0 0 0
0 0 0 0 0
2 0 0 3 0
0 0 1 1 2
0 1 0 0 0
2 1 0 1 0
1 1 0 0 0
1 0 1 0 4
1 0 1 0 1
0 1 0 0 0
0 0 1 0 0
1 1 0 0 1
2 0 1 1 2
0 1 2 0 0
1 1 2 0 2
0 1 2 1 0
0 2 0 2 0
0 0 0 0 0
0 0 0 0 0
0 1 0 1 3
1 0 0 1 0
0 0 0 0 1
0 0 1 0 2
3 0 0 1 0
0 0 1 0 0
0 0 2 1 0
0 1 0 0 3
0 3 1 1 0
1 0 0 0 0
1 1 1 0 1
1 0 1 0 0
0 2 0 1 0
2 3 1 0 1
0 0 0 3 0
0 0 0 0 1
0 3 1 2 1
1 1 1 2 0
1 0 3 0 1
0 1 1 0 0
1 4 0 1 0
2 0 0 0 0
0 1 0 2 0
2 0 0 0 1
1 0 0 2 0
4 1 0 0 0
0 2 1 0 1
1 1 1 2 0
1 2 0 0 1
4 2 0 1 0
3 0 1 0 1
1 0 1 0 2
0 0 2 1 1
3 0 1 2 0
2 0 0 0 1
0 1 0 0 1
0 0 1 0 0
2 1 0 0 1
1 0 0 1 4
0 0 0 3 0
4 0 0 1 1
3 0 0 0 0
1 1 0 0 1
1 0 0 2 2
1 2 0 1 1
2 0 0 1 1
0 0 1 3 0
1 0 2 1 0
0 0 0 0 0
0 3 2 1 0
1 0 1 1 0
4 0 0 0 0
0 0 1 1 3
0 0 0 0 0
0 0 0 0 1
0 0 0 1 0
3 0 2 0 1
0 2 0 4 0
0 0 1 0 1
0 2 1 1 1
2 0 2 1 1
2 0 1 0 0
1 1 1 1 1
0 0 3 0 1
0 0 0 0 0
0 1 0 0 1
1 0 1 0 0
2 0 0 0 1
0 1 2 1 0
2 1 2 2 0
1 2 1 0 0
1 0 1 0 1
1 0 1 0 1
0 2 2 1 0
0 0 0 4 0
0 0 1 0 0
2 2 2 0 1
0 2 0 1 0
0 0 1 0 2
0 0 0 0 1
0 1 1 0 1
0 1 0 0 1
0 2 0 0 0
0 0 0 0 1
0 0 2 1 0
1 2 0 0 2
2 0 1 1 0
2 3 0 0 3
0 1 0 0 0
0 0 0 0 0
0 1 1 4 0
0 0 0 0 2
1 1 0 0 0
0 0 2 1 0
0 1 0 1 1
0 1 2 2 0
1 1 0 1 0
1 0 1 0 0
1 0 1 0 0
2 0 0 0 0
1 3 0 2 0
0 3 1 0 0
1 0 0 0 4
2 0 0 2 0
0 2 1 1 0
0 2 0 1 0
0 0 1 0 2
2 3 2 0 0
0 0 0 0 0
0 1 0 0 2
0 0 0 0 0
3 0 0 0 3
2 0 2 0 1
2 1 0 0 1
2 0 0 0 0
0 0 0 0 0
2 1 2 1 0
0 0 0 1 2
2 2 1 0 0
0 0 0 0 1
2 0 2 2 1
0 0 0 3 1
1 0 0 1 0
0 1 0 2 0
1 3 0 0 0
1 0 0 2 1
2 0 1 0 0
0 0 1 1 1
0 2 3 1 1
0 2 2 0 1
1 0 0 1 0
0 0 1 0 0
1 2 2 0 1
0 0 1 0 0
0 1 4 0 0
0 0 1 1 0
0 1 0 0 2
0 0 1 4 1
0 0 0 0 0
0 1 0 2 2
1 1 0 1 0
0 1 0 1 0
0 0 0 0 0
0 0 0 0 0
0 0 2 0 3
0 1 1 1 1
0 0 0 1 0
3 0 1 0 0
1 0 0 0 1
0 0 0 0 1
1 0 0 1 0
1 0 0 2 0
1 1 2 0 0
2 0 1 2 0
4 1 0 1 0
1 0 0 0 0
3 1 0 0 0
1 0 1 0 0
0 0 1 0 0
2 0 1 1 0
0 0 3 0 0
0 1 0 0 0
0 1 1 0 0
1 1 1 0 1
0 1 0 0 0
1 3 0 1 0
0 0 0 1 2
1 0 2 0 1
0 0 0 2 1
0 2 2 2 1
1 0 0 0 1
1 0 1 0 2
0 0 2 2 0
0 2 0 0 1
2 0 0 1 0
0 0 1 0 1
2 1 0 0 1
0 2 0 0 2
2 0 1 0 0
0 0 1 0 0
0 2 0 3 0
1 3 1 1 1
0 2 1 1 0
1 0 2 0 0
1 1 0 1 2
1 1 0 1 1
0 1 1 1 0
0 3 0 1 2
1 1 0 0 0
0 1 2 0 1
0 0 1 2 0
0 0 3 0 1
3 2 0 0 0
0 1 1 3 1
0 1 2 0 0
0 2 0 1 0
1 0 2 0 1
0 0 2 2 1
0 1 0 1 0
0 1 0 3 0
0 3 0 1 0
1 1 0 0 1
3 1 3 0 1
0 0 0 0 0
1 0 1 2 0
0 0 1 0 2
0 1 0 1 0
0 1 1 0 0
1 1 4 0 0
1 0 2 0 0
1 0 0 1 1
0 0 0 1 2
3 0 1 1 2
1 2 1 2 0
1 0 0 0 0
1 0 0 0 2
3 1 1 0 1
0 0 0 2 2
1 2 0 0 2
0 0 0 0 1
0 0 0 0 3
1 0 0 0 0
2 0 1 0 2
1 1 0 0 1
0 1 0 1 1
0 0 0 0 0
0 2 1 1 0
1 0 1 0 0
1 0 0 2 0
3 0 3 1 1
0 3 0 2 0
0 1 1 1 1
2 2 0 1 0
0 1 0 0 1
1 0 0 0 1
0 0 1 2 1
0 1 0 0 0
1 1 0 1 0
0 2 0 1 0
0 2 1 0 3
1 0 0 0 1
0 0 1 1 1
1 0 0 0 1
0 1 0 0 1
3 1 0 3 1
0 1 1 0 1
0 1 1 0 0
1 3 2 1 0
1 0 0 1 0
0 0 0 2 0
2 2 0 1 0
1 1 0 1 1
0 1 0 0 0
1 0 0 0 0
2 0 3 0 1
1 0 0 1 0
1 1 0 3 1
0 1 0 0 0
0 2 1 2 1
0 2 0 1 1
1 0 2 0 1
2 0 0 3 3
0 0 0 1 0
1 2 0 0 0
3 1 1 0 0
0 0 0 0 1
2 2 1 2 2
0 0 0 0 1
0 0 0 3 0
1 1 1 0 1
0 2 0 3 1
0 0 0 1 0
0 1 1 0 1
0 0 1 0 3
1 2 4 2 0
0 0 1 3 0
1 0 0 1 2
2 0 0 0 3
0 0 2 0 0
2 2 0 0 1
0 4 2 1 0
1 1 3 0 0
0 0 2 0 1
0 1 0 0 1
1 0 0 0 1
0 0 1 0 1
0 1 2 0 0
0 0 0 0 0
2 2 2 1 1
1 2 1 0 1
2 1 1 0 0
1 1 2 0 0
0 0 0 1 0
0 0 0 0 0
0 0 0 0 0
1 0 2 0 2
1 1 1 0 0
0 0 1 1 1
0 1 1 1 1
0 0 1 1 0
2 0 2 0 0
1 1 0 2 2
0 0 1 1 0
1 1 1 3 1
0 1 3 1 1
0 1 0 1 0
0 0 0 1 0
0 0 0 0 1
1 3 1 1 2
2 1 0 1 0
0 2 1 2 0
0 0 0 0 0
1 0 0 0 0
1 3 0 1 1
1 0 1 0 0
0 0 2 0 1
0 0 0 2 1
0 2 0 0 0
1 2 0 0 2
2 0 1 0 1
0 1 0 0 0
0 0 0 0 1
0 1 0 0 1
0 3 1 0 2
0 2 1 2 1
2 0 1 3 0
1 0 3 2 0
1 0 1 0 2
1 0 3 2 0
0 0 0 0 0
2 0 0 0 0
2 3 1 1 0
0 0 0 1 0
1 0 2 2 0
3 0 1 1 0
1 2 0 0 1
1 0 0 0 2
0 0 0 0 0
1 0 0 1 0
2 0 2 1 4
1 0 0 0 1
0 3 1 0 0
0 0 0 1 3
1 1 1 1 0
0 2 1 2 1
1 1 0 2 1
1 0 1 0 1
0 0 0 1 1
0 0 1 1 1
2 1 0 0 1
1 0 1 0 2
1 1 0 0 0
0 0 1 1 0
2 0 2 1 0
0 3 0 0 1
0 2 0 0 0
0 0 0 0 1
1 0 0 0 2
0 1 0 0 0
0 0 1 0 1
0 1 0 1 2
0 1 3 1 2
0 1 1 2 2
0 1 2 0 2
0 3 0 0 0
0 0 1 1 0
1 2 4 1 2
2 0 0 1 0
1 0 2 2 1
1 0 1 0 0
0 1 0 0 1
2 0 1 0 0
0 2 2 1 1
0 1 0 0 1
1 1 1 0 0
0 1 2 0 2
0 3 2 0 1
1 0 0 1 0
0 1 1 0 0
0 0 2 3 2
0 0 2 0 1
0 0 0 1 1
2 0 1 0 0
0 2 0 1 0
0 1 1 0 0
1 0 0 1 0
0 1 0 1 0
2 0 1 0 0
0 1 0 0 0
0 1 1 0 1
0 1 1 1 0
1 0 0 0 2
0 2 0 2 1
0 0 0 0 1
1 0 2 0 0
0 1 0 1 2
2 1 2 0 1
1 2 4 2 2
0 1 1 0 0
2 0 1 0 0
0 0 0 0 0
0 1 0 0 0
1 1 0 0 0
0 1 0 0 0
1 0 1 0 0
0 0 0 0 1
0 1 1 2 0
1 1 0 1 1
1 2 1 4 1
0 0 3 0 0
1 4 0 0 1
1 0 0 0 1
0 0 0 2 0
1 0 1 1 2
1 0 1 0 1
0 0 2 0 0
0 0 0 0 0
2 2 2 0 1
1 1 0 1 2
0 0 1 1 1
0 0 1 2 0
3 0 0 4 0
1 1 1 3 1
0 1 0 0 1
0 0 0 0 1
1 0 2 1 2
0 4 0 0 0
1 0 1 0 0
0 0 1 0 2
2 1 0 0 0
0 0 1 0 0
0 2 1 0 0
0 0 1 1 0
1 2 1 0 2
0 2 3 0 1
0 3 0 1 0
0 0 0 0 0
0 1 0 1 0
0 0 0 1 0
0 0 0 1 2
1 0 0 0 0
1 1 2 0 0
0 0 2 0 0
0 1 0 0 0
2 0 0 0 0
1 1 0 2 0
0 2 0 0 1
0 1 0 1 0
0 1 0 1 0
0 0 0 0 0
0 1 1 0 0
0 0 3 0 0
0 0 1 0 1
0 2 0 3 0
0 1 2 0 0
1 0 0 1 0
1 4 1 0 1
0 1 2 1 0
1 0 1 0 1
0 0 2 0 0
1 1 0 0 1
2 3 0 0 0
0 2 0 1 1
0 1 0 0 0
0 0 0 0 2
1 0 0 0 0
0 1 0 0 0
1 1 0 0 0
0 0 2 3 0
1 2 1 2 1
1 0 0 0 0
0 1 0 0 0
0 0 1 0 0
1 1 1 0 0
4 1 0 0 0
0 1 0 0 0
0 0 0 1 0
0 1 0 0 0
1 0 2 1 2
0 0 1 0 0
2 1 1 1 0
2 2 0 2 1
1 0 1 1 0
3 1 1 0 0
2 0 0 0 1
0 0 1 0 0
0 3 1 1 0
0 1 0 0 1
0 0 1 0 0
0 1 1 3 3
1 1 0 1 0
0 0 1 0 0
1 1 0 0 1
2 0 0 1 0
1 1 1 2 0
2 0 1 0 1
0 0 0 0 0
1 0 0 0 0
0 0 0 0 1
0 0 2 2 0
1 2 2 0 0
0 0 0 2 2
2 1 0 2 2
1 2 1 0 2
0 1 1 0 0
0 1 0 1 2
1 0 0 0 0
2 0 0 1 1
0 2 0 0 0
0 1 0 0 0
1 1 1 1 0
1 2 0 0 1
0 0 0 2 1
2 0 0 0 0
0 0 1 2 0
0 0 1 0 1
0 0 1 0 0
0 0 2 1 0
1 1 1 1 4
0 1 1 1 0
2 0 2 3 3
1 1 1 0 0
0 0 1 0 0
1 0 1 0 2
1 0 0 1 0
1 1 0 0 1
1 0 1 0 3
1 0 2 2 0
0 0 0 0 0
1 0 1 0 0
0 0 0 1 0
0 0 0 0 1
0 0 0 2 0
0 0 0 0 1
0 1 0 0 1
1 0 0 0 4
0 2 0 0 1
0 0 1 0 0
0 1 1 0 2
1 4 2 0 0
2 1 0 0 0
1 0 0 0 2
1 0 0 0 0
1 0 0 1 0
1 0 0 0 0
1 0 0 2 1
0 2 0 0 0
0 2 1 2 0
1 1 1 0 0
1 0 1 3 1
0 2 0 1 0
0 1 1 1 1
2 1 0 0 1
0 0 0 4 2
2 0 0 1 2
1 0 0 0 0
0 0 0 0 2
1 0 1 0 0
1 3 1 2 0
1 0 0 0 0
0 0 2 1 1
0 0 0 0 1
0 0 0 2 0
1 1 0 0 0
0 0 0 1 0
0 0 0 1 0
3 0 0 0 0
1 1 1 1 1
0 0 1 1 1
0 1 0 0 0
1 0 3 0 0
1 0 0 1 3
1 0 1 1 2
1 1 0 0 1
0 3 0 0 0
0 0 2 0 0
1 2 0 0 2
1 2 3 1 2
1 1 0 1 0
0 0 2 0 3
0 0 4 2 0
0 1 1 1 1
0 2 3 1 0
0 3 0 1 0
0 0 0 3 1
1 0 1 0 1
0 0 1 0 0
0 0 3 0 0
0 0 4 0 0
2 0 0 1 0
0 0 0 0 0
4 0 0 0 1
0 0 0 2 0
0 2 0 0 0
0 1 0 2 1
0 1 2 2 2
0 0 1 2 2
0 0 2 0 2
0 0 0 0 2
1 0 0 1 0
1 2 0 0 1
2 1 2 0 1
0 1 0 0 0
0 0 1 1 2
3 1 0 0 0
0 0 0 1 1
0 1 1 2 2
0 0 0 1 1
1 0 0 0 1
0 0 0 3 3
2 0 2 0 0
0 0 1 0 0
0 1 0 0 1
1 1 2 1 0
0 3 0 0 0
0 0 0 0 1
0 0 1 2 2
0 1 0 0 0
0 1 0 1 0
2 1 0 0 1
1 0 1 1 2
0 2 0 0 0
0 0 1 0 0
0 0 0 0 0
1 0 2 0 0
0 1 0 0 1
0 0 0 0 1
0 0 1 0 2
0 1 0 0 0
0 0 0 0 1
0 0 3 0 2
0 0 1 1 0
1 0 0 0 1
1 1 0 2 0
0 3 2 0 2
0 0 2 1 0
2 0 0 2 1
0 0 0 1 2
0 4 0 0 0
0 0 1 2 1
1 0 0 0 2
0 0 0 0 3
0 0 4 0 2
0 0 1 4 0
0 1 1 2 0
1 1 3 1 0
0 1 0 2 0
1 0 1 1 0
1 0 2 0 2
2 0 1 3 1
0 1 0 2 0
0 0 0 1 2
1 0 0 0 0
1 0 1 1 3
0 0 2 1 0
0 0 1 2 0
1 0 1 0 0
0 0 0 0 0
0 1 0 1 0
1 3 1 1 4
0 1 1 3 0
1 1 0 3 0
0 0 1 0 2
0 1 0 1 1
1 0 0 1 0
0 2 0 2 0
4 0 2 1 1
0 0 0 0 0
0 0 2 3 0
0 0 1 1 3
0 0 0 0 0
0 0 0 1 0
2 0 0 1 0
2 0 1 1 1
0 0 0 0 1
0 0 0 0 3
2 1 0 0 0
1 0 4 0 0
0 2 1 0 4
3 0 0 0 0
0 3 0 0 1
0 0 0 1 1
0 0 2 1 0
0 1 0 0 0
0 4 0 2 2
2 1 1 0 0
0 0 1 0 2
0 0 0 0 0
0 0 0 0 0
1 1 1 0 0
0 0 0 0 1
3 0 0 0 1
3 2 2 0 0
0 2 4 0 2
1 1 1 0 0
2 3 0 0 1
0 3 1 0 1
1 0 0 2 0
1 0 0 0 0
0 0 0 2 0
1 0 0 0 1
0 2 1 1 0
3 0 0 0 1
1 1 1 2 0
0 0 0 0 1
0 0 0 1 1
0 0 1 0 0
0 2 0 0 2
0 1 0 0 1
1 0 2 0 1
0 0 4 0 2
3 0 0 1 0
2 1 0 0 0
0 0 2 2 0
0 0 0 0 0
0 2 0 2 0
0 0 0 0 1
0 1 1 0 1
0 0 0 0 0
0 0 0 0 0
1 0 0 0 1
1 0 0 1 1
0 1 0 1 1
1 0 0 2 0
0 0 0 1 0
2 0 0 1 1
0 0 3 0 0
1 1 0 0 1
0 1 0 0 0
0 1 0 1 3
0 3 0 2 0
0 0 0 0 1
0 1 0 1 1
0 3 0 0 1
0 1 1 0 0
0 0 0 0 2
1 1 0 0 1
1 0 1 0 1
0 1 0 0 0
0 0 1 2 0
1 1 0 0 2
1 0 0 3 0
1 1 0 0 1
0 0 0 1 0
0 1 0 0 0
0 1 0 0 0
0 0 1 0 0
0 1 1 0 0
0 0 0 0 0
1 2 0 0 1
1 0 0 2 0
0 0 1 0 0
0 0 0 0 0
0 0 1 0 0
1 0 1 0 2
0 0 2 0 0
0 0 3 0 0
0 0 1 4 0
0 2 2 1 0
0 1 0 0 1
0 0 0 0 0
0 0 0 0 3
3 2 2 0 1
0 0 1 1 1
4 2 4 0 0
1 0 0 0 0
0 0 4 0 0
1 0 0 0 2
2 1 2 1 0
0 0 0 1 2
1 0 2 0 0
0 0 0 0 1
0 0 0 0 0
0 0 1 1 0
2 0 1 0 0
0 1 1 1 2
0 0 1 1 0
0 0 0 1 2
1 0 1 0 1
0 2 0 0 0
0 0 0 1 0
0 0 1 0 1
1 0 0 0 0
0 1 0 0 0
3 1 1 1 1
3 2 0 3 1
2 0 2 0 2
0 0 1 0 0
0 1 0 1 0
2 1 0 0 0
1 1 2 0 1
1 0 0 1 0
0 1 0 0 0
1 0 1 0 1
0 0 1 0 0
1 2 1 2 1
0 0 0 0 0
1 0 0 1 0
0 1 0 2 0
0 1 0 0 3
0 0 1 2 2
1 0 0 0 0
0 3 0 0 0
0 0 0 1 0
0 0 0 0 2
0 1 0 0 0
0 0 0 1 0
1 3 1 0 1
2 0 0 3 2
1 1 0 2 0
2 3 3 0 3
0 1 0 0 0
1 0 0 2 1
0 0 0 1 0
2 0 0 0 0
0 1 1 0 0
0 0 1 1 2
0 0 2 0 1
0 0 0 1 0
1 0 1 0 0
0 0 0 0 1
0 0 1 1 2
2 0 1 1 0
0 0 0 0 0
0 0 0 0 0
0 0 0 0 0
2 0 0 1 1
0 1 0 0 0
0 0 0 0 0
0 1 0 0 1
1 0 0 0 0
0 0 0 0 1
0 0 0 1 2
1 1 1 1 1
0 0 0 0 0
1 3 0 0 3
0 0 1 0 0
0 0 0 2 1
2 0 0 2 0
0 0 0 1 1
0 0 1 1 1
1 0 2 0 0
3 1 0 0 1
0 2 0 0 0
0 0 1 0 2
0 0 2 1 0
3 0 0 0 1
0 1 0 0 2
1 1 2 0 1
0 1 1 0 1
1 0 0 2 0
1 0 1 1 0
0 0 2 0 0
1 0 0 0 0
0 0 1 1 1
1 0 1 0 2
1 0 0 0 0
0 1 1 1 0
0 2 0 0 0
1 0 0 0 0
1 0 0 0 0
0 0 0 1 1
0 0 1 1 1
0 0 0 0 1
1 0 0 2 0
0 2 1 0 0
0 0 0 3 1
3 1 1 2 0
0 2 0 1 2
0 0 1 0 1
0 1 0 1 2
2 2 0 0 0
0 0 0 0 0
0 1 1 0 0
4 1 0 0 0
0 3 1 0 0
1 0 1 0 2
0 0 0 1 0
0 1 0 0 0
1 0 0 1 1
0 1 4 0 0
1 0 0 1 0
2 0 1 2 0
0 0 3 2 0
0 1 0 0 1
1 0 0 0 1
0 0 0 1 0
3 1 1 1 1
2 0 1 2 0
0 2 0 0 1
1 0 0 1 0
2 1 0 2 0
2 0 1 0 0
0 0 0 0 0
0 0 1 0 1
0 2 0 1 0
0 1 1 1 0
0 4 0 0 1
2 0 3 0 0
0 0 2 0 4
0 0 0 0 0
2 1 1 0 0
0 0 2 1 2
0 2 0 1 0
1 0 0 0 0
2 2 1 1 0
4 0 0 1 3
0 1 0 0 1
0 0 1 0 0
1 1 0 1 0
2 0 0 0 0
0 0 0 2 0
2 1 1 0 2
2 0 2 0 0
1 2 1 0 1
2 0 0 0 0
1 3 0 0 0
1 0 0 0 1
1 0 2 0 0
1 0 0 0 0
0 1 0 0 1
1 0 1 1 1
0 1 0 1 0
0 1 1 0 1
0 1 1 0 0
1 0 1 1 0
0 2 1 2 1
0 1 0 0 0
0 0 0 0 1
0 3 0 0 0
0 0 2 0 3
2 1 0 0 0
1 2 0 0 1
0 0 0 0 0
0 0 0 2 1
0 1 0 0 0
1 0 1 1 0
1 0 4 1 0
0 2 1 0 1
1 3 1 1 1
1 1 0 2 1
2 0 0 1 0
0 0 1 1 1
0 0 0 0 0
2 1 0 0 2
0 1 0 0 0
0 1 1 0 0
0 0 0 0 0
0 1 0 1 1
0 0 0 0 0
1 0 1 1 0
0 0 0 0 3
0 0 0 0 2
0 1 1 0 1
1 0 2 0 0
0 2 2 1 0
1 0 2 0 0
0 0 1 0 0
1 0 0 0 0
0 0 2 0 0
1 0 0 2 0
1 1 0 2 0
0 1 0 0 1
0 0 1 0 0
1 1 0 1 0
0 0 2 2 1
0 1 0 1 0
1 1 0 2 1
1 1 0 2 1
1 4 0 2 1
0 0 2 2 0
0 0 1 0 1
0 1 2 0 1
2 1 2 0 0
0 0 0 1 0
0 0 0 0 1
1 0 3 1 0
1 2 0 1 0
0 1 1 2 1
0 1 1 1 2
1 0 0 0 0
0 1 2 1 3
1 1 0 1 2
0 0 0 1 1
1 1 0 0 2
1 0 0 0 0
0 0 0 0 0
0 0 0 1 2
0 2 1 0 2
1 0 1 1 1
0 0 1 0 1
4 0 1 0 0
0 1 0 1 0
2 0 0 1 0
0 1 0 0 1
3 0 0 0 1
0 0 0 0 0
0 0 0 0 0
1 1 0 0 0
1 0 4 1 1
0 3 0 2 1
2 0 3 0 4
1 1 0 0 2
1 0 1 0 0
0 1 1 0 0
1 1 1 0 0
0 0 0 0 0
0 1 1 0 1
0 0 0 0 1
4 0 2 0 2
0 0 3 0 1
0 0 0 1 1
0 0 1 1 1
0 0 0 0 0
0 2 0 2 2
1 0 0 0 0
0 1 0 1 0
0 0 2 1 1
0 1 1 0 0
1 3 0 0 1
2 0 2 0 1
0 0 0 2 1
0 0 1 1 1
0 1 2 1 2
2 1 0 0 1
3 2 1 2 0
1 2 1 1 0
1 1 0 3 2
2 2 0 0 0
0 0 0 1 0
0 0 0 0 1
0 0 1 1 0
1 0 0 2 2
0 0 1 0 2
0 0 0 2 2
1 0 0 0 1
1 0 1 1 0
2 0 0 0 1
0 2 4 0 1
0 0 0 0 0
4 1 1 2 0
1 0 0 2 0
0 1 1 0 0
0 0 0 0 0
1 1 0 0 1
0 0 0 0 1
0 3 0 0 0
0 0 0 2 0
1 0 0 3 1
1 1 0 2 1
2 2 0 0 0
2 0 0 1 1
0 1 4 0 1
0 1 1 1 1
2 2 0 0 3
0 1 2 0 0
3 1 1 0 0
2 0 1 1 0
0 0 0 0 1
0 0 0 2 1
0 0 0 2 0
0 1 2 0 0
1 0 0 0 2
1 2 0 0 0
0 1 1 0 0
1 1 0 1 0
2 1 0 0 0
2 0 0 0 0
1 0 1 0 0
0 0 0 1 2
2 0 1 0 0
1 0 0 2 1
0 0 0 2 2
4 0 0 3 2
1 1 0 1 1
0 3 0 0 0
2 2 0 0 1
0 0 1 0 0
0 2 0 0 0
0 1 0 1 1
0 1 0 0 0
2 0 2 0 1
1 0 0 0 0
0 0 0 1 3
2 1 1 0 0
1 0 1 1 1
0 0 1 1 0
4 2 1 2 2
0 2 1 0 2
0 0 0 0 0
0 0 1 0 0
0 0 0 1 0
1 2 0 2 0
0 0 0 0 1
3 0 0 3 0
0 0 2 1 0
0 1 1 1 0
0 1 1 1 4
0 0 3 2 2
0 0 0 0 1
3 0 0 0 1
1 0 1 2 1
0 1 1 1 2
0 1 0 0 0
2 2 0 0 0
3 0 0 0 2
0 2 0 2 0
0 0 2 0 1
0 0 3 1 1
0 0 0 0 0
1 0 1 0 0
1 0 0 0 0
0 0 0 1 0
0 4 1 0 0
1 1 3 0 0
0 1 1 0 0
0 0 0 0 1
0 3 0 1 0
0 1 2 1 0
0 0 1 1 1
0 1 0 0 0
0 0 1 0 4
1 0 1 3 1
0 0 0 2 1
0 0 1 1 1
0 0 1 2 0
0 2 0 0 0
1 1 4 2 1
1 1 0 3 3
1 1 0 0 0
0 0 2 0 0
1 0 0 0 0
0 0 0 1 1
1 0 0 2 0
0 1 2 0 0
0 1 0 1 0
2 0 0 1 0
1 3 0 3 0
0 4 0 0 0
0 0 1 0 0
2 0 0 0 1
4 0 4 1 1
0 0 0 3 3
0 0 2 0 3
1 0 0 0 0
2 0 0 0 0
0 1 0 0 0
1 0 0 1 2
2 1 0 1 0
0 1 0 0 0
1 0 2 0 1
0 1 1 0 2
2 0 1 1 0
0 0 0 0 1
1 0 0 0 0
0 1 0 0 1
0 0 1 0 0
0 0 1 1 1
0 1 1 0 1
0 0 1 0 2
0 1 0 0 1
0 2 0 1 1
1 0 0 1 0
1 0 2 0 0
0 1 2 0 0
1 1 0 0 3
2 0 2 0 1
1 0 0 3 1
2 1 0 0 1
0 0 2 0 0
0 3 0 2 0
1 0 1 0 0
2 4 1 1 1
1 1 0 1 1
0 1 1 3 0
1 0 1 0 3
0 1 0 0 2
0 1 0 0 0
0 0 0 0 0
1 1 0 0 1
1 0 0 0 0
0 0 0 1 0
2 1 2 0 0
2 0 0 0 0
0 0 0 0 0
1 0 1 0 1
0 0 0 0 0
0 4 0 1 0
0 1 0 0 0
1 0 0 2 0
0 0 1 0 0
1 2 2 1 1
0 0 0 1 0
0 2 0 1 0
0 0 2 0 1
0 0 1 0 1
2 3 0 0 0
0 0 0 0 0
0 0 0 0 0
0 1 0 0 1
0 1 2 0 0
0 0 1 2 2
0 0 0 2 1
0 1 1 0 1
0 4 2 1 0
0 0 0 0 0
1 1 1 1 0
0 1 0 1 1
3 0 0 0 0
0 0 0 1 0
2 1 0 0 0
0 0 0 1 0
0 3 1 0 0
0 0 0 0 0
1 1 2 1 1
0 1 1 1 1
1 1 0 0 0
0 2 1 3 0
1 0 0 0 0
0 0 0 0 0
0 0 1 0 0
4 0 2 0 0
1 1 0 1 1
0 0 3 0 1
2 1 0 0 1
0 0 0 0 3
2 0 0 0 1
0 0 1 0 1
1 0 0 2 1
0 3 0 1 1
0 0 1 0 0
0 0 1 0 1
2 0 0 3 1
0 0 0 0 2
0 0 0 0 1
1 0 1 0 0
0 2 3 0 1
2 0 1 1 2
3 1 0 0 0
1 2 1 0 0
1 0 1 2 0
2 0 0 0 0
0 2 0 0 0
1 0 4 0 1
1 0 0 0 0
0 0 0 1 0
0 0 0 0 4
0 0 0 1 0
0 0 0 0 1
1 0 0 0 1
0 0 1 0 0
1 0 0 0 0
0 0 1 1 0
0 0 0 1 0
0 0 0 1 0
2 0 3 3 1
0 0 1 0 0
0 0 1 2 2
0 1 0 1 0
0 1 0 0 0
0 1 0 2 1
0 0 0 1 0
0 0 1 1 3
1 0 0 1 2
0 0 1 1 0
0 1 1 0 1
0 1 0 0 1
0 0 0 1 1
0 0 4 1 2
1 0 0 0 1
2 2 0 0 1
0 0 1 1 0
0 1 1 0 1
1 1 0 1 0
0 0 0 0 0
0 0 0 0 0
0 0 0 1 0
2 1 1 0 3
0 0 0 0 0
1 2 1 0 1
0 1 0 0 0
1 1 0 0 2
0 0 0 0 0
0 0 1 0 0
1 1 2 0 0
1 1 1 1 1
2 1 0 1 1
3 2 1 1 0
0 1 1 0 1
1 1 0 1 1
0 0 0 0 0
0 0 0 1 0
0 0 0 1 1
0 0 4 0 1
0 0 1 1 0
0 1 1 1 0
1 0 2 1 0
0 0 0 0 0
1 1 0 0 0
0 4 0 0 1
1 0 1 0 1
0 2 2 0 0
0 0 0 1 2
2 1 1 0 0
2 1 0 0 0
0 0 3 0 0
0 0 1 1 1
0 0 2 0 3
1 0 0 0 0
1 0 0 1 0
0 1 1 0 0
0 2 1 3 0
0 0 1 1 1
2 0 1 1 0
0 1 1 2 0
0 0 1 0 2
3 0 0 0 0
1 1 1 1 0
0 0 0 2 0
0 0 1 2 0
3 0 0 2 1
0 0 1 0 0
2 1 0 0 1
0 0 0 1 0
0 0 0 1 0
0 0 0 1 0
0 2 0 0 0
0 0 0 2 2
1 3 2 3 1
0 0 0 2 0
1 1 1 1 0
1 0 0 0 1
1 1 1 1 0
0 1 2 1 1
1 0 1 1 0
1 1 0 0 0
0 1 1 0 0
0 0 1 1 1
0 0 0 0 0
1 0 0 1 0
0 2 0 1 0
0 0 1 1 0
0 1 0 0 2
0 0 0 4 1
1 1 0 0 1
0 0 2 0 1
3 1 0 1 1
2 0 0 2 0
0 0 0 1 0
2 0 2 3 0
0 0 0 1 0
2 0 0 0 0
1 0 1 0 0
0 1 1 1 0
0 0 0 1 1
0 0 0 0 2
0 0 0 0 1
1 0 0 3 0
0 0 1 0 0
1 1 0 1 0
0 1 1 1 0
1 0 0 0 1
0 2 1 2 0
0 1 0 1 1
0 0 0 4 0
0 1 0 0 0
1 2 2 0 1
2 2 0 0 1
0 0 1 0 4
1 1 3 0 0
2 1 2 0 3
1 1 2 0 0
1 0 3 0 0
3 1 1 0 2
1 0 0 3 2
1 0 0 0 0
0 1 0 0 0
1 3 2 2 0
0 1 1 0 0
2 0 1 0 2
0 0 0 0 0
0 1 1 1 1
0 2 0 0 0
0 1 0 0 1
2 2 0 1 0
0 0 0 0 0
0 1 0 1 1
1 0 0 1 0
0 3 0 1 1
0 0 1 2 0
2 0 0 0 0
4 1 1 0 1
0 1 0 1 1
1 0 0 0 0
1 0 0 4 0
0 0 4 1 0
2 1 0 1 0
0 0 0 0 0
1 1 0 1 0
0 2 0 0 0
1 0 2 0 0
0 2 1 1 0
0 1 0 0 0
0 1 0 0 1
0 0 0 3 1
2 0 0 1 0
1 1 0 0 4
0 2 1 1 1
1 0 0 0 0
2 0 0 0 4
0 0 0 1 1
1 0 0 1 1
0 0 1 0 3
0 0 0 0 2
1 0 0 1 1
1 0 0 0 0
0 0 1 1 3
1 0 0 0 0
1 2 2 0 0
1 0 0 0 2
1 0 0 0 0
1 1 1 0 0
1 0 0 1 0
1 1 3 0 1
1 1 0 0 0
0 0 0 0 0
1 2 0 1 0
0 0 0 3 0
0 0 0 1 2
0 1 1 0 3
1 0 2 0 0
0 0 0 0 0
0 0 0 1 0
0 1 2 1 0
0 2 0 0 0
0 0 1 0 0
0 1 0 0 0
0 2 0 2 1
0 3 2 0 1
0 0 1 0 2
0 1 0 0 1
0 0 1 0 1
0 3 0 0 1
1 1 0 1 3
0 1 1 0 0
0 0 1 0 0
0 0 0 2 1
2 0 2 0 0
1 3 1 0 3
0 0 1 1 0
3 1 2 2 0
0 0 1 1 1
0 1 0 2 2
0 0 0 0 0
2 0 2 4 0
0 0 0 2 1
1 0 0 0 0
1 2 0 1 4
0 1 3 0 0
0 0 1 1 0
0 0 0 1 2
0 0 1 0 0
0 0 0 0 1
0 1 1 0 1
1 2 0 2 0
0 0 2 0 3
0 0 0 0 0
0 2 1 1 1
2 1 1 1 0
0 0 0 0 1
1 0 0 4 3
0 0 1 1 0
0 0 1 0 0
0 0 1 0 0
1 0 1 1 1
2 2 0 0 0
1 0 0 0 0
2 0 2 1 0
1 0 0 0 0
0 0 1 0 1
1 0 1 0 1
0 2 0 0 2
4 1 0 0 2
0 0 2 0 0
0 1 0 0 4
1 0 0 1 0
0 0 0 0 1
0 0 1 1 0
2 2 0 0 0
0 2 3 0 0
1 0 0 2 1
0 1 2 2 2
0 0 0 1 1
1 0 0 0 1
0 0 0 1 0
1 0 0 2 0
0 0 4 3 2
1 0 1 2 2
1 0 1 0 0
0 2 2 1 1
0 0 0 0 0
2 1 1 1 0
1 0 1 0 0
0 0 1 0 1
0 0 0 1 0
0 0 0 0 0
2 0 0 3 0
0 1 0 1 0
1 4 1 0 0
0 0 0 0 1
1 3 0 0 1
0 0 2 0 0
3 1 2 1 1
1 2 1 1 0
0 2 1 0 1
0 0 0 0 0
0 1 2 0 1
0 0 1 0 0
1 1 0 0 1
0 3 0 1 1
0 0 0 1 2
0 0 0 0 1
1 0 0 1 0
0 1 0 0 0
0 1 0 0 0
0 0 0 0 0
0 0 1 0 0
0 1 2 0 1
1 1 2 1 0
0 0 2 2 0
2 0 0 1 1
0 1 0 1 0
0 1 0 0 1
0 1 1 0 0
2 0 1 0 0
1 3 2 3 1
1 0 2 0 1
0 1 0 1 3
0 0 2 0 1
0 0 1 4 0
0 3 0 0 3
0 0 1 2 0
0 0 2 1 1
1 1 2 0 0
2 0 0 1 0
0 2 0 0 1
0 1 1 0 1
0 0 0 0 2
0 0 1 0 0
0 2 0 0 0
0 1 0 0 1
0 0 1 0 1
0 4 0 0 0
0 1 0 1 0
2 0 0 1 0
0 0 0 0 2
0 1 3 0 0
0 0 0 0 0
0 1 1 0 1
0 0 0 0 0
1 0 0 4 0
0 0 0 0 1
3 1 0 1 0
0 3 1 0 1
0 2 2 2 0
0 0 1 1 3
1 0 1 1 0
1 0 0 0 2
2 0 2 1 1
0 1 1 0 1
1 0 0 0 1
0 0 2 2 0
0 0 0 0 0
1 0 0 0 0
3 0 0 1 0
0 1 0 0 0
2 0 0 0 0
0 1 1 0 0
1 0 1 0 1
1 0 1 1 0
1 1 1 0 0
0 0 3 1 0
4 0 2 0 1
0 0 0 0 0
0 0 2 0 1
2 0 3 0 1
2 1 2 0 0
0 2 1 1 0
1 0 1 1 0
1 0 1 0 0
2 0 3 0 0
4 0 0 1 1
0 0 1 0 0
1 0 0 1 0
0 0 1 1 0
1 0 1 1 0
1 1 0 0 1
0 0 0 0 0
0 2 0 1 1
0 0 0 0 2
0 1 2 3 0
1 0 1 1 3
0 2 1 0 1
0 0 0 0 1
0 3 1 1 0
1 0 0 0 2
3 1 0 1 1
0 1 0 1 1
0 1 1 1 0
0 0 1 0 0
1 0 1 1 4
0 1 0 0 2
0 1 1 0 3
0 1 1 0 0
0 0 1 1 0
2 0 1 0 3
2 3 2 0 0
0 0 0 1 1
1 0 0 2 1
0 2 1 2 0
0 0 0 1 1
3 0 0 0 0
1 0 0 0 0
0 0 1 2 0
0 3 0 4 0
0 0 1 1 2
0 0 0 0 0
0 1 0 0 0
0 2 2 0 1
1 0 3 0 2
0 0 1 0 2
1 1 2 2 2
1 0 0 0 2
1 1 0 2 1
0 0 0 0 1
0 1 0 0 1
1 1 1 0 1
1 1 0 0 1
1 0 3 0 1
2 0 0 0 1
3 1 0 0 1
1 0 2 0 0
0 1 2 0 2
1 0 0 1 0
0 0 2 0 0
0 0 1 0 0
1 1 0 0 0
2 1 1 0 2
0 0 1 1 0
2 0 1 0 1
1 0 1 1 2
0 0 0 1 2
0 0 0 1 1
0 0 0 1 0
0 2 0 0 1
3 0 0 1 1
0 1 0 2 0
3 1 1 1 0
2 1 2 1 0
1 0 0 0 0
1 0 0 1 0
1 0 3 0 1
1 1 1 3 0
0 0 0 1 1
2 1 1 0 0
1 0 0 0 0
0 0 0 0 2
0 0 1 1 2
1 0 1 0 1
1 2 1 1 3
0 1 1 0 0
1 0 1 1 1
0 0 0 0 4
1 0 2 1 2
0 1 0 3 1
1 1 1 0 2
2 0 1 0 0
2 0 0 0 1
0 0 1 0 0
0 3 0 0 0
0 2 0 1 0
2 0 0 0 0
1 2 2 0 2
0 0 1 1 0
0 2 1 0 2
0 0 1 2 0
3 2 1 3 0
0 0 1 2 0
0 1 0 1 0
0 0 0 0 0
0 1 2 1 4
1 0 0 2 0
1 0 0 3 0
0 1 0 1 0
1 0 1 2 0
0 0 1 0 0
0 1 0 0 2
1 0 0 0 1
3 1 0 0 0
1 1 0 0 1
0 1 2 1 0
0 1 0 0 1
0 1 0 1 0
1 1 0 0 0
0 0 1 1 0
0 0 0 2 1
1 3 0 1 2
0 0 0 1 1
0 2 0 0 0
1 0 0 0 1
0 0 0 2 1
1 0 0 1 0
1 0 1 1 0
0 0 0 1 1
0 2 0 1 0
0 0 1 0 1
0 1 0 0 0
0 1 1 1 1
1 1 0 0 0
0 0 2 0 0
0 0 1 1 1
1 0 2 1 1
0 0 1 1 0
2 1 0 1 2
2 0 0 0 1
1 0 1 0 1
2 2 0 0 2
1 1 1 2 1
1 3 1 0 1
0 1 0 0 1
0 0 0 1 1
1 1 0 0 0
0 1 0 1 0
0 0 0 2 0
1 3 1 0 2
0 0 3 1 0
1 1 0 1 0
1 0 1 1 0
0 1 0 0 0
0 0 0 0 1
1 0 0 0 1
2 0 1 0 2
0 0 0 0 0
0 1 1 0 2
2 1 0 3 1
0 0 0 1 1
0 3 0 0 1
2 0 0 1 0
2 0 0 0 0
1 1 1 0 1
2 2 4 1 0
0 1 1 2 1
1 1 2 1 3
0 0 0 1 1
0 0 1 1 0
1 0 0 1 0
0 0 1 0 0
0 1 0 0 0
0 0 2 1 1
1 2 1 1 1
1 2 1 0 1
0 0 1 0 0
0 0 1 1 0
4 1 1 0 0
1 2 1 1 0
0 1 1 0 0
2 0 0 1 0
0 1 2 0 0
0 1 0 0 1
3 0 2 0 3
2 1 1 1 1
0 1 0 0 0
3 1 0 0 3
1 1 0 0 0
0 0 2 3 1
1 1 3 2 3
1 2 0 3 2
0 0 1 2 1
1 0 0 0 1
1 0 0 2 0
1 1 3 1 0
1 1 1 0 0
0 0 0 0 0
1 1 2 0 0
0 0 0 1 2
2 0 0 0 0
0 1 0 0 0
1 0 1 0 0
0 0 0 1 2
1 2 4 3 1
0 0 0 0 0
0 2 1 0 2
3 0 1 2 2
0 3 1 0 4
1 0 0 1 1
2 0 0 0 2
0 2 3 2 0
0 1 1 1 1
0 2 0 1 0
0 0 0 1 0
1 2 0 0 0
1 0 0 0 0
1 2 2 1 0
0 1 0 0 0
2 0 0 4 0
0 0 1 0 0
1 0 0 0 0
0 0 0 3 0
0 2 0 0 0
1 0 0 0 1
0 1 3 0 0
1 1 1 0 0
0 0 0 0 1
0 2 0 2 0
0 1 0 0 0
4 2 2 0 0
1 0 0 1 0
1 0 0 0 0
0 1 1 0 0
0 2 4 0 3
2 0 0 0 0
1 0 1 1 0
0 2 0 0 0
3 0 4 4 1
0 0 0 2 0
0 1 1 0 1
2 1 1 1 1
1 1 1 0 4
0 1 0 0 0
0 2 1 0 4
0 3 0 3 0
0 2 2 0 1
1 0 1 0 2
1 0 0 0 0
0 0 1 0 1
0 0 1 0 0
0 0 0 0 1
1 0 0 2 0
0 0 0 0 1
0 2 0 1 1
0 1 0 1 1
3 0 0 0 0
0 1 0 0 0
0 0 0 0 1
0 2 1 3 0
0 0 0 2 0
0 1 0 1 1
0 1 2 2 1
0 1 0 1 0
0 1 1 0 0
0 2 0 2 0
0 0 0 0 0
0 0 1 0 2
1 0 0 0 0
0 1 0 1 0
0 0 1 0 1
0 0 0 2 0
1 1 1 1 0
0 1 0 2 1
1 1 1 1 0
0 0 0 2 0
0 2 1 2 0
1 2 1 0 1
0 0 0 0 1
1 1 0 0 0
1 0 1 1 0
0 0 0 1 0
4 0 0 1 3
0 1 2 2 1
0 2 0 0 1
0 1 1 0 0
0 0 2 0 0
0 0 0 1 0
1 1 1 3 0
0 0 0 0 1
0 0 1 1 1
2 1 1 1 0
0 1 2 2 0
0 0 0 2 1
0 0 1 2 0
0 0 1 0 1
0 1 2 0 1
1 0 0 0 4
0 0 1 1 1
0 1 1 2 1
2 0 0 0 0
0 0 2 1 2
1 0 2 0 3
0 0 0 0 1
1 0 0 1 1
0 1 1 0 0
0 0 0 0 1
2 1 2 0 2
0 0 0 1 1
0 1 2 1 0
1 0 0 0 0
0 0 0 0 1
0 0 0 0 0
0 1 1 0 0
1 0 0 0 0
0 0 2 0 1
0 0 2 0 0
1 0 2 0 0
0 1 0 1 1
2 0 0 0 0
1 0 0 1 2
0 0 1 0 0
0 2 3 2 1
0 0 0 1 1
0 0 0 1 0
2 0 0 0 1
1 2 0 0 1
2 0 0 0 0
0 0 0 1 3
1 0 0 0 2
0 0 2 0 2
0 0 0 1 1
0 0 0 2 0
1 0 0 0 2
0 1 2 0 2
0 0 0 0 0
0 0 1 0 0
0 0 0 0 2
1 2 0 0 0
1 0 0 0 0
0 1 1 0 2
2 0 4 0 0
0 1 0 0 2
2 0 1 2 0
3 1 0 0 3
0 1 0 3 1
2 1 1 0 0
0 0 2 2 1
0 1 2 2 1
0 0 0 3 1
1 1 0 1 2
0 1 1 0 0
0 0 0 0 1
1 0 1 0 0
2 0 1 0 0
1 1 1 0 1
2 0 0 1 2
1 0 2 0 4
0 3 0 0 4
0 0 0 0 0
0 0 1 0 0
0 1 0 0 2
2 0 2 0 2
0 1 4 0 0
0 0 0 2 0
0 1 0 1 1
0 0 0 1 0
1 0 0 1 0
0 4 0 2 0
1 0 0 0 0
0 2 1 0 0
0 0 1 0 1
0 0 0 1 0
1 0 0 0 1
1 4 2 1 2
0 1 0 0 1
2 0 1 0 1
1 0 1 1 0
0 0 3 2 0
2 1 1 0 0
0 1 1 0 1
3 2 2 1 1
1 1 0 1 1
1 0 0 1 1
1 0 0 1 1
0 1 0 1 0
0 0 0 0 0
1 1 0 3 2
2 0 3 1 2
1 0 1 0 0
0 2 2 2 1
1 0 1 0 0
1 3 0 4 0
1 0 0 1 1
0 0 0 0 0
4 0 3 0 0
0 0 1 0 2
0 0 2 0 0
0 0 0 1 1
0 0 2 0 0
1 0 1 0 0
0 0 2 0 1
1 0 1 1 2
0 0 1 2 1
1 0 1 1 3
0 2 0 0 2
0 1 1 0 0
0 0 1 1 1
0 0 2 0 3
3 3 0 0 0
0 0 0 1 2
0 0 3 1 1
0 0 0 1 0
3 1 0 0 2
1 2 0 0 0
0 0 0 0 1
0 0 3 0 0
1 0 0 0 0
1 0 1 0 1
0 1 0 2 2
0 0 2 0 0
0 2 1 0 1
0 1 3 1 0
1 0 1 0 0
0 0 0 0 0
0 1 1 1 0
0 2 0 2 1
0 0 0 1 2
1 0 1 0 0
1 1 1 0 1
1 0 2 1 3
2 0 1 1 1
1 1 2 2 1
3 0 0 0 0
0 0 0 0 0
1 0 0 1 0
0 2 1 0 0
1 0 3 0 1
0 0 0 0 3
1 1 0 0 0
2 2 0 0 1
0 1 0 0 0
1 1 1 1 0
1 1 1 0 0
0 0 0 2 0
1 0 1 0 4
0 0 0 1 4
0 0 0 2 1
2 1 0 1 1
1 0 0 0 0
0 0 0 1 1
1 1 1 0 1
0 1 0 0 0
0 0 0 0 2
0 0 0 0 3
1 0 0 1 0
0 0 1 0 1
0 0 0 0 0
2 0 1 0 1
0 1 0 0 1
0 2 0 0 0
2 1 2 3 0
0 0 1 1 4
0 1 1 1 0
0 0 1 0 1
0 0 0 0 2
0 1 2 0 1
1 2 0 0 0
0 3 0 1 1
1 0 0 0 1
1 2 0 1 0
1 1 0 1 0
2 3 2 0 0
0 0 1 0 0
2 0 0 0 4
1 0 0 0 1
1 1 0 0 0
0 0 1 2 0
2 0 0 1 1
0 1 0 0 0
0 0 3 0 4
0 1 1 0 0
0 0 0 3 1
0 0 0 0 1
0 1 2 0 0
2 0 0 3 2
0 3 2 1 1
2 0 0 1 3
0 0 0 2 0
0 1 0 0 0
0 2 1 0 0
0 0 1 0 0
0 0 2 1 0
1 2 1 0 1
0 1 2 1 0
1 1 1 3 0
2 0 0 0 0
0 0 1 0 0
0 1 0 0 0
0 1 2 1 0
0 0 0 1 0
0 0 0 0 0
2 0 1 1 1
2 0 2 0 0
1 0 1 0 3
0 0 1 0 1
0 0 0 0 0
2 1 2 4 1
0 1 0 1 0
0 1 0 0 0
2 1 2 2 0
2 1 0 0 0
0 0 1 0 0
0 1 0 0 0
0 0 0 1 2
0 1 0 2 1
0 0 1 0 1
3 0 1 0 0
0 1 1 1 0
0 2 0 1 3
0 0 0 0 0
1 0 1 1 0
0 2 1 1 0
0 1 0 0 0
1 0 0 0 0
1 0 0 0 1
1 0 0 2 0
0 0 0 0 0
0 0 0 0 1
0 1 0 0 0
2 0 1 0 0
2 1 1 0 0
0 2 0 2 1
0 0 0 0 1
0 0 0 1 0
1 0 1 2 0
0 0 0 0 0
0 3 2 0 0
2 0 1 0 0
0 2 0 2 4
0 0 1 2 2
0 0 2 4 1
0 0 1 1 0
0 2 0 0 0
1 0 0 1 0
2 0 0 2 1
1 0 2 0 0
0 2 0 1 0
0 0 0 2 3
1 0 0 2 1
1 1 1 1 0
1 0 0 1 3
3 0 0 0 0
0 0 0 0 0
0 1 1 0 2
0 1 0 1 3
2 2 0 1 0
2 0 1 0 1
0 1 0 0 2
0 0 1 0 0
3 1 0 0 1
0 0 1 4 1
2 0 0 0 2
1 1 0 2 0
1 0 0 1 0
1 0 1 0 1
1 0 0 0 0
1 0 0 0 1
0 1 0 0 1
0 1 0 0 2
0 1 2 0 0
1 1 1 0 3
3 0 0 0 1
0 0 0 0 0
1 1 0 1 0
0 1 2 0 0
0 0 0 0 0
0 1 3 0 0
1 2 0 0 1
1 0 1 0 1
1 2 2 0 0
2 0 1 0 0
2 3 1 0 1
0 4 1 0 1
0 0 0 1 1
1 0 0 0 1
2 1 0 0 0
0 0 0 0 0
0 2 0 0 0
1 0 1 0 1
2 0 2 0 1
4 1 0 0 0
0 0 1 0 1
0 0 2 0 0
0 0 2 0 0
0 0 2 1 0
1 0 1 0 2
0 3 4 2 0
1 1 1 0 0
0 1 1 1 0
1 0 0 2 0
1 0 0 0 1
1 3 1 3 0
0 0 0 1 0
1 1 1 1 0
1 1 2 0 0
0 3 2 1 1
1 0 0 2 2
0 2 1 0 0
1 1 0 0 1
0 2 0 0 1
1 0 1 0 0
2 1 0 0 0
0 1 2 0 0
3 0 1 0 2
1 2 0 1 0
1 0 2 0 0
0 1 0 1 1
2 1 0 0 0
0 0 0 0 0
1 0 1 0 4
2 0 0 0 3
0 1 0 1 3
0 1 1 0 2
0 1 0 1 0
0 0 0 0 0
0 1 1 1 1
0 0 1 0 1
0 1 1 1 1
0 2 1 0 0
0 3 2 0 2
3 0 0 0 0
0 0 1 0 0
1 0 1 1 0
2 2 0 3 1
1 0 4 0 0
1 1 1 0 0
1 0 0 2 0
0 3 3 0 2
0 1 2 1 0
0 2 2 0 0
0 0 0 0 2
3 0 0 1 1
1 2 0 0 1
0 0 0 1 2
0 3 2 0 2
1 0 0 1 0
0 1 0 1 0
0 0 0 0 0
1 0 0 0 0
2 0 3 1 0
1 0 0 0 0
0 1 0 0 2
0 0 1 0 0
0 3 0 1 0
1 0 0 0 0
0 0 0 0 0
2 3 0 0 2
0 0 1 0 0
2 1 0 1 2
1 2 0 3 0
0 0 0 0 1
0 0 1 1 0
0 2 0 0 0
0 2 4 2 1
0 0 0 1 0
2 2 1 0 1
0 0 1 0 1
3 0 0 0 1
2 0 1 0 1
0 0 0 0 0
1 2 0 0 0
2 0 0 1 2
1 0 0 0 1
0 1 1 2 1
0 0 2 1 1
2 1 1 0 1
1 0 1 1 0
0 1 0 0 1
0 2 0 0 0
1 1 3 0 0
1 1 0 2 1
1 0 0 0 1
2 2 1 0 0
0 2 0 0 0
1 0 0 1 2
2 1 1 1 0
0 1 3 1 1
1 1 1 0 1
1 0 1 0 4
1 2 0 0 1
1 0 2 0 0
0 0 0 2 1
0 0 2 3 2
1 1 1 1 1
0 0 4 2 0
0 0 3 0 0
0 1 1 1 1
2 0 0 0 0
1 2 0 0 0
2 1 0 0 0
0 1 2 0 1
3 1 0 0 1
0 0 0 0 1
0 3 0 0 0
2 0 0 1 0
0 1 0 3 1
0 1 0 0 0
1 0 0 1 0
0 3 0 0 1
0 0 0 2 3
0 0 0 1 2
3 0 2 2 0
2 1 1 0 1
0 2 0 1 1
0 2 0 0 0
0 1 1 0 1
0 0 0 2 1
1 0 3 0 0
0 0 2 1 0
0 0 0 0 0
0 3 0 0 0
0 0 0 2 0
0 0 0 3 0
0 0 0 0 1
1 2 0 0 1
0 0 0 0 1
0 0 0 0 0
0 1 2 1 0
0 1 0 1 0
0 0 1 1 0
0 0 0 0 4
0 4 2 0 1
2 0 0 0 0
0 0 2 0 0
1 2 1 1 1
0 0 3 0 0
0 0 2 0 0
1 0 1 0 0
0 1 2 0 0
1 1 1 1 0
2 1 0 2 0
0 1 0 1 0
2 0 0 0 0
0 2 0 1 0
0 0 0 1 0
0 0 0 1 0
0 0 0 1 2
0 1 0 2 0
0 1 3 0 0
4 0 3 0 1
0 0 0 0 0
1 2 1 0 0
1 0 0 0 1
2 1 1 0 0
0 0 1 1 0
0 2 1 0 1
0 0 0 0 0
0 2 2 0 0
1 0 0 1 0
0 2 1 0 0
0 4 0 0 0
0 1 1 0 1
0 0 1 0 1
0 0 0 0 1
0 0 1 0 0
1 2 0 1 0
0 0 0 0 1
0 0 4 1 0
1 0 0 1 2
2 1 1 0 0
0 0 0 0 0
2 0 0 0 0
0 0 0 0 1
2 1 0 4 3
0 1 0 2 1
2 0 1 0 0
1 1 2 1 0
0 1 0 0 0
1 1 0 0 0
0 0 0 0 1
0 1 1 1 2
0 0 0 1 0
0 0 2 0 0
0 0 0 0 1
0 0 1 0 1
0 4 0 1 0
2 0 0 0 1
2 0 0 2 0
0 1 0 1 0
0 0 0 0 0
0 0 2 1 1
1 3 1 1 1
0 0 2 1 0
0 2 0 1 1
0 1 0 2 1
1 1 1 0 1
0 0 0 1 0
0 0 1 0 0
1 1 0 0 1
0 0 2 1 0
0 1 0 3 2
1 0 2 1 0
0 0 0 0 0
3 0 1 0 0
0 0 0 1 0
0 0 1 1 0
0 1 0 1 0
2 0 4 0 2
0 3 0 1 2
0 0 1 0 0
1 0 1 0 2
0 2 1 0 0
0 1 1 1 0
1 0 0 0 1
0 1 0 0 0
0 1 1 2 1
0 0 0 0 0
0 1 0 2 1
3 0 0 1 0
1 1 0 1 0
0 0 0 3 0
2 0 0 0 0
1 0 0 0 0
1 0 0 1 1
0 0 0 1 0
0 3 0 0 1
2 0 0 0 1
0 1 0 1 0
0 0 0 1 3
2 0 2 1 0
1 0 0 1 1
0 1 0 0 4
0 0 0 1 0
0 0 0 0 1
0 1 1 1 1
1 0 0 3 0
0 0 0 1 2
1 1 1 1 0
1 0 1 0 1
0 1 3 0 0
1 0 1 0 0
0 3 1 0 1
0 2 0 3 0
0 0 1 1 0
0 2 0 0 2
0 0 1 0 0
0 1 0 1 0
1 1 0 2 1
0 1 1 0 3
1 0 0 2 1
0 0 0 0 2
0 1 1 1 0
0 0 0 0 0
0 1 0 0 0
0 0 1 0 2
0 0 0 1 1
0 0 1 1 0
0 0 1 0 1
0 0 0 3 0
1 3 0 0 3
0 1 0 2 2
2 0 0 1 0
1 1 1 1 1
0 0 2 0 0
1 1 0 0 1
1 0 1 1 1
0 0 0 0 2
0 0 0 2 0
0 0 0 1 0
0 0 0 0 1
2 0 1 1 0
0 0 0 1 0
1 0 1 1 0
0 0 2 2 0
0 2 0 2 1
1 0 1 2 1
3 3 2 1 1
0 1 0 1 2
1 0 0 0 2
2 0 0 0 1
0 0 1 1 2
2 0 0 2 1
0 0 1 0 0
1 2 0 0 0
1 2 2 3 1
1 1 2 1 3
0 1 0 3 0
1 0 0 1 1
0 0 1 0 1
1 1 1 0 2
0 0 1 4 1
0 0 0 0 0
1 0 0 0 0
1 1 0 0 0
0 0 0 0 0
1 0 0 0 1
0 1 0 0 1
0 0 1 0 1
1 0 0 0 1
0 0 0 0 2
0 0 3 1 0
0 0 1 1 4
0 2 1 0 0
0 0 1 0 2
0 0 1 0 2
1 1 4 2 0
3 0 0 0 2
0 0 0 1 3
0 1 0 1 0
1 0 2 0 3
2 1 0 0 0
1 0 0 1 0
0 2 0 0 0
0 2 0 0 0
1 0 0 0 0
1 0 1 0 1
1 3 2 2 0
1 0 0 0 0
0 1 1 0 3
0 0 0 2 0
0 0 2 0 1
1 4 1 1 0
2 1 0 0 2
2 1 1 2 0
0 0 0 0 1
0 0 0 0 4
1 0 1 1 0
0 0 2 0 1
0 1 0 1 1
2 0 0 0 0
0 0 2 0 0
0 0 0 2 0
0 1 1 2 0
0 0 2 0 0
0 0 0 0 4
2 1 0 0 3
0 0 0 2 2
0 0 1 0 0
0 1 1 0 1
2 0 0 0 2
1 0 2 0 1
1 1 0 0 2
0 3 0 0 1
2 2 1 1 0
1 2 2 2 1
0 2 0 2 1
0 1 0 1 1
2 2 1 0 0
0 1 0 0 0
0 0 1 0 0
1 0 1 3 1
0 0 1 1 0
1 1 1 0 1
2 1 1 1 0
0 1 2 0 0
0 0 1 0 1
2 0 0 1 0
0 0 0 0 0
1 2 0 0 0
0 4 0 2 0
0 1 0 0 2
0 1 0 0 1
0 0 1 0 0
0 0 0 0 0
0 1 0 0 1
0 0 2 1 3
0 1 1 1 0
0 0 0 2 2
0 1 0 0 2
0 0 0 2 0
2 0 0 0 0
2 1 1 1 0
0 0 0 1 0
4 1 4 0 1
1 2 0 0 0
1 0 1 0 0
1 0 0 0 0
0 0 1 0 0
0 0 0 0 0
0 1 4 1 2
3 1 0 0 1
1 1 4 0 1
0 2 0 2 0
2 0 1 0 1
2 0 0 0 0
1 0 4 1 0
1 2 1 0 0
0 1 2 1 0
3 1 1 4 0
1 0 0 1 0
0 0 0 1 0
0 0 1 1 0
1 2 0 0 0
4 0 1 1 1
0 0 0 1 0
0 2 0 0 0
1 0 0 0 1
1 0 0 0 0
0 0 0 0 0
0 1 1 0 1
1 0 1 1 1
2 0 0 1 0
0 3 0 0 0
1 0 0 1 1
0 0 0 2 1
0 0 1 0 1
0 0 1 2 1
3 2 0 0 0
3 0 0 0 0
1 0 1 0 1
0 1 0 0 1
0 0 0 0 3
1 1 0 3 1
2 0 0 0 0
0 1 0 1 1
0 1 3 4 0
1 0 1 1 3
0 1 1 0 0
0 0 3 0 0
0 2 0 3 0
0 0 1 0 0
0 0 0 1 0
2 1 2 0 0
3 1 3 0 0
0 0 0 0 2
0 0 0 0 1
2 1 1 1 1
1 1 0 0 0
0 1 0 0 0
0 1 0 0 1
0 3 0 0 0
1 2 0 0 0
2 0 0 0 1
1 0 0 0 2
0 0 0 1 0
0 2 1 1 3
0 0 0 2 0
3 0 0 0 1
1 0 2 0 0
0 1 0 2 1
1 0 0 0 1
0 0 0 1 0
0 0 0 0 0
0 1 0 0 0
4 0 0 1 0
0 3 2 0 0
0 0 0 1 1
4 1 1 0 0
0 0 1 0 0
0 1 0 0 1
0 0 0 2 0
0 1 0 1 0
0 1 0 0 1
0 0 0 0 1
0 0 0 1 1
1 1 2 0 1
0 0 0 1 0
1 4 0 0 1
0 1 0 0 1
0 0 2 2 0
0 0 1 0 3
0 0 1 2 0
0 1 1 0 0
2 1 0 0 0
0 0 0 0 1
1 3 0 2 0
1 0 2 2 0
0 1 1 0 0
0 0 0 1 2
0 1 0 0 1
1 0 4 2 0
0 3 0 1 0
3 1 0 1 1
2 0 0 1 2
1 0 0 0 0
0 2 1 3 3
1 0 1 1 1
0 0 0 0 0
0 0 1 1 2
0 1 0 0 1
2 2 0 0 1
0 0 1 0 0
1 2 0 2 0
0 3 1 0 0
0 0 1 2 0
1 0 1 0 2
0 0 1 1 3
0 0 0 2 1
3 0 0 0 0
1 0 0 1 0
1 0 2 0 0
1 0 2 0 0
0 0 1 1 0
1 2 2 0 0
0 0 2 0 1
0 0 1 1 2
1 3 1 0 0
0 0 0 0 0
4 0 2 0 0
0 1 0 0 0
0 0 2 1 0
0 2 1 0 4
0 0 0 0 0
0 1 1 0 3
0 0 3 1 0
0 2 0 2 0
0 0 1 1 1
2 2 1 0 0
0 0 1 2 1
2 1 1 0 0
1 0 0 0 0
0 1 1 0 1
0 1 0 0 0
0 1 0 1 1
2 1 0 1 0
0 4 0 0 1
0 2 1 0 0
1 0 0 0 0
1 0 1 1 0
0 1 0 0 1
0 0 1 0 0
0 0 2 0 0
0 2 1 0 2
0 2 0 0 0
0 1 1 0 1
1 0 3 2 3
0 0 1 2 2
0 0 0 0 0
0 1 0 0 0
1 0 2 0 3
0 0 0 0 1
1 3 0 0 0
1 0 1 0 3
1 3 1 0 1
2 1 2 0 1
0 0 0 0 0
1 3 3 1 0
1 0 2 1 1
0 0 2 0 1
2 1 1 0 0
1 1 0 0 0
0 0 1 0 0
1 0 2 0 0
1 0 3 1 0
0 1 1 1 0
2 0 2 0 0
1 1 0 0 0
1 1 0 1 0
0 0 1 0 0
0 0 0 2 0
0 3 0 0 2
2 1 0 1 0
1 1 0 2 0
0 1 3 0 2
0 0 0 0 0
1 0 0 1 1
0 0 1 1 0
0 0 2 0 0
0 0 1 0 0
0 1 0 0 1
0 2 0 0 0
0 4 0 1 0
0 0 1 1 0
0 0 2 0 0
1 0 0 0 0
0 0 0 0 0
0 0 0 0 0
0 0 2 0 1
0 0 1 2 0
0 1 0 0 1
0 0 1 0 0
3 0 0 0 0
1 1 0 2 0
0 0 1 1 2
0 1 0 0 1
1 1 0 0 0
1 0 2 1 0
1 0 0 0 0
0 0 0 3 1
0 0 0 1 0
0 2 0 0 1
0 0 1 1 2
0 0 0 1 2
0 0 0 0 0
0 0 1 1 0
1 1 0 2 1
3 0 0 0 0
0 2 1 0 1
0 1 1 2 1
1 1 1 2 1
0 0 0 1 2
1 0 2 0 0
0 0 0 0 2
0 0 1 0 0
1 1 0 1 1
1 0 0 1 3
2 0 0 2 1
1 2 0 0 0
1 1 4 0 1
2 0 0 0 0
0 0 1 1 0
2 0 0 3 3
1 0 1 1 1
0 0 1 0 3
0 0 0 0 0
0 1 1 2 1
1 0 2 0 0
0 1 2 1 0
0 0 0 0 0
1 1 0 1 0
0 3 1 0 0
0 0 3 2 0
2 0 1 1 1
0 0 0 1 0
0 1 0 0 0
0 1 1 0 0
0 0 0 1 2
1 2 0 0 1
0 2 0 0 0
1 1 0 0 2
0 0 1 0 1
0 0 1 1 2
3 0 0 0 3
0 1 1 3 0
2 0 0 0 0
2 2 1 0 0
0 1 0 0 1
1 2 2 1 0
0 1 0 3 0
0 0 1 0 2
0 0 4 0 0
1 1 0 1 1
1 3 1 0 1
1 0 0 0 0
0 2 0 2 0
0 2 0 0 1
2 1 1 0 0
0 0 0 2 0
3 0 2 1 0
0 0 0 2 1
3 0 0 0 2
0 0 0 2 0
0 0 2 0 0
1 0 0 0 2
0 0 0 2 0
0 0 1 1 3
3 1 0 0 1
2 0 0 0 1
0 0 0 0 3
0 1 1 1 2
1 1 0 0 0
0 1 2 0 1
3 1 1 0 0
1 1 0 0 2
0 1 1 1 0
1 0 0 1 0
1 2 1 0 2
0 4 1 0 1
0 0 1 0 0
1 0 3 0 1
0 1 3 1 0
1 0 0 1 1
0 2 0 0 0
4 0 0 1 0
0 0 0 1 3
1 1 3 0 0
1 2 0 0 0
0 0 1 2 1
0 0 3 1 0
1 0 0 0 0
1 1 0 0 0
1 0 3 1 0
1 0 1 0 1
0 0 0 0 0
1 0 1 1 0
1 1 0 1 0
0 0 2 0 1
0 0 0 1 2
0 0 3 1 0
2 0 0 0 1
1 0 0 0 0
2 1 0 3 1
2 1 2 0 0
0 0 0 1 0
0 1 1 1 4
0 0 0 0 0
0 0 1 0 1
0 2 0 0 1
0 0 1 0 0
1 0 2 0 1
0 0 0 0 1
1 0 1 0 1
0 0 0 1 0
0 0 0 0 0
3 0 1 2 0
2 0 2 1 0
0 0 2 0 1
2 1 0 0 0
2 0 1 0 0
0 1 1 0 0
0 0 1 2 3
0 2 1 0 0
2 1 1 1 0
0 1 2 0 1
3 0 4 0 1
1 2 0 0 1
0 1 1 3 1
1 3 0 1 0
0 1 0 0 0
0 1 1 1 0
1 4 1 1 0
2 1 1 1 0
1 0 1 2 1
1 2 0 0 0
1 1 1 1 0
0 1 2 3 0
1 3 0 1 2
0 0 1 0 1
1 0 0 0 1
0 0 2 1 1
0 1 0 1 2
0 0 0 1 1
0 0 0 1 3
0 0 0 0 0
0 1 0 0 0
0 1 0 1 0
0 3 0 1 1
0 0 0 1 2
0 0 0 0 4
0 2 2 1 0
0 0 0 3 1
3 0 0 2 0
2 0 0 2 1
0 0 2 1 0
0 3 0 1 1
1 0 1 0 0
1 2 2 2 0
0 0 0 2 0
2 1 1 0 0
3 0 2 1 0
2 0 0 1 1
0 0 1 2 0
1 0 0 0 1
0 0 1 0 1
0 2 0 0 0
0 0 2 3 0
0 0 2 0 0
0 2 0 0 1
0 0 0 1 0
1 0 0 1 0
1 0 0 0 0
0 0 0 0 1
1 1 1 0 0
0 0 0 2 0
1 2 0 0 1
2 0 1 1 0
0 1 1 1 1
0 0 0 0 0
0 0 1 1 3
0 1 0 0 1
0 0 0 0 0
0 2 0 1 0
1 1 2 0 0
1 3 0 0 0
3 0 0 1 0
3 0 1 0 0
1 0 0 1 1
0 1 0 2 1
0 0 1 0 3
3 0 1 1 0
0 0 0 0 0
0 4 0 1 0
0 0 4 1 0
0 0 0 0 0
0 0 0 2 0
1 2 0 1 0
1 0 4 0 0
0 2 2 0 0
0 0 0 0 1
0 0 0 0 1
0 0 0 0 0
0 0 1 1 0
0 0 0 0 0
0 0 0 2 0
0 0 0 1 0
0 4 2 0 0
1 0 0 0 2
1 0 0 1 2
1 1 2 0 1
3 0 0 0 0
2 1 2 0 1
0 1 0 3 2
0 0 1 0 0
0 0 0 2 0
0 1 1 1 0
0 0 0 0 2
1 1 0 1 0
0 3 0 0 1
1 0 1 0 0
0 1 0 1 0
1 0 0 0 1
3 2 0 1 0
0 0 1 0 0
0 0 0 0 1
1 2 1 3 1
1 1 0 0 0
1 1 1 2 0
0 2 0 1 0
0 0 0 0 0
0 4 1 0 2
0 1 1 0 0
0 4 0 0 2
1 1 1 4 1
1 0 1 1 2
2 0 0 1 0
0 3 0 1 2
0 0 1 1 1
0 2 0 0 2
3 0 0 0 0
2 0 0 0 2
0 0 1 0 2
0 0 0 0 0
1 0 1 0 2
0 0 1 0 2
0 1 0 0 0
0 0 1 1 0
0 0 0 2 1
0 0 2 2 3
2 1 0 1 1
0 1 0 1 1
1 1 2 2 0
1 0 1 0 1
0 0 0 0 2
1 0 4 0 2
2 0 0 0 0
0 0 0 1 0
0 0 1 1 0
0 0 1 0 0
0 0 1 0 1
0 0 0 3 0
2 0 1 2 1
3 0 3 1 1
1 0 0 0 0
0 0 0 0 3
0 0 0 0 0
0 2 0 0 0
1 0 2 0 0
0 1 1 1 1
3 0 0 0 0
0 1 0 1 0
2 1 0 0 0
2 0 0 0 0
1 0 0 0 3
3 0 1 1 0
2 1 1 0 1
0 0 0 0 0
0 0 0 0 1
1 0 0 0 1
0 0 0 2 0
1 4 1 0 0
2 1 1 1 0
1 0 0 0 0
1 0 1 1 0
0 0 0 1 1
0 0 3 1 0
1 0 0 0 0
2 3 0 2 0
1 0 2 0 2
1 1 0 2 0
0 0 3 0 3
0 0 1 2 2
1 0 2 0 1
3 0 0 2 1
1 0 0 0 0
0 2 0 0 0
0 0 1 1 1
0 0 0 2 0
0 0 0 1 2
1 2 1 0 0
0 0 2 2 0
2 1 1 0 0
0 0 0 1 0
0 0 0 0 0
0 0 0 0 0
0 0 1 0 1
2 1 1 1 0
1 0 4 1 2
0 0 0 1 0
0 0 2 0 0
0 1 0 0 1
1 0 1 0 2
2 0 0 0 0
0 0 0 2 1
2 0 0 0 0
0 1 0 0 2
1 0 0 0 2
1 0 0 0 0
1 1 0 1 2
2 0 0 1 0
1 1 0 0 4
1 0 0 0 0
0 0 2 0 0
2 1 1 1 0
0 2 0 0 2
0 0 0 0 0
1 1 1 0 2
1 1 0 1 0
2 0 0 2 0
1 1 2 1 0
1 0 2 0 0
0 0 0 0 1
0 1 0 1 0
1 0 0 0 2
4 1 0 0 0
0 0 1 0 0
0 0 1 0 1
2 0 0 1 0
2 0 1 3 2
0 0 0 0 1
0 0 2 0 0
1 1 1 0 0
0 1 2 0 1
3 0 3 0 0
1 0 2 0 4
1 1 1 1 2
0 1 0 0 0
0 0 3 1 0
0 0 0 0 0
2 0 1 1 1
0 1 3 0 0
2 0 0 1 1
0 2 0 1 0
1 0 0 0 1
1 4 0 0 1
2 1 0 1 0
0 0 2 0 1
0 2 1 0 0
0 0 1 0 0
1 1 0 1 1
1 0 0 0 0
0 1 0 0 2
0 0 0 0 0
1 1 1 0 1
0 0 2 0 0
2 1 1 0 1
1 1 1 0 0
0 0 0 0 1
1 1 0 0 0
1 0 0 0 2
1 0 0 1 0
0 1 0 0 1
3 0 0 0 2
2 0 0 0 4
0 0 1 0 1
0 1 0 0 1
0 1 2 0 0
1 1 0 0 1
1 0 0 1 0
2 1 0 1 0
1 1 3 0 0
1 0 3 0 0
3 0 1 0 0
2 0 1 1 1
0 0 1 0 2
0 0 0 0 1
0 0 0 0 0
0 1 0 0 0
0 0 1 0 0
0 0 0 0 0
2 0 1 0 0
2 3 0 0 0
2 1 2 1 1
0 1 0 0 0
0 1 0 0 1
0 0 1 0 0
1 0 0 0 0
2 0 0 0 0
1 0 1 2 0
0 1 1 1 0
2 0 0 1 0
0 0 0 1 0
1 0 2 2 1
0 0 0 1 0
0 0 1 4 1
0 1 1 0 0
0 0 0 1 2
0 1 1 1 2
0 0 2 0 0
0 2 0 1 0
0 0 2 1 0
0 1 1 0 0
0 1 4 0 2
0 1 1 1 0
0 1 1 0 0
1 0 0 1 0
3 0 0 0 0
1 0 1 0 1
1 0 0 0 1
0 0 0 0 0
0 1 1 0 0
0 0 2 1 0
0 3 1 1 0
0 0 1 0 0
2 0 0 0 2
0 1 0 1 3
0 0 1 1 1
1 0 3 0 2
0 4 0 0 0
2 4 1 0 0
0 1 0 1 2
0 0 1 1 0
1 1 0 1 1
0 0 0 0 0
1 3 0 0 1
1 1 2 0 4
0 0 0 0 0
1 0 0 0 2
0 0 1 1 1
1 1 0 0 2
2 0 1 1 0
0 1 1 0 0
0 0 0 0 0
0 0 1 0 0
2 0 0 1 0
0 0 1 0 0
0 0 1 0 0
0 1 1 1 3
1 3 0 0 0
3 0 0 3 0
0 1 1 1 0
0 0 0 0 1
1 0 0 1 0
2 0 1 1 0
0 0 1 2 2
1 0 0 1 2
3 0 0 1 1
1 0 3 0 0
0 2 2 0 0
0 1 0 0 2
2 1 0 4 0
0 0 0 0 1
0 2 0 2 0
1 0 1 0 1
1 0 2 0 3
0 0 0 0 2
0 1 0 0 2
3 0 0 1 1
1 0 2 1 3
0 2 1 0 0
1 4 1 0 0
0 0 1 0 0
0 0 1 0 1
0 1 1 0 0
0 0 0 1 1
1 0 0 0 0
0 0 0 0 0
0 0 0 0 2
0 0 0 3 0
1 0 0 1 1
1 1 0 0 2
1 0 1 0 0
1 0 0 3 1
0 2 0 0 1
1 0 1 0 2
0 0 0 0 0
0 0 1 0 1
0 0 1 0 0
0 1 4 0 1
0 0 1 0 0
1 0 0 0 1
1 0 0 0 0
1 0 1 0 0
0 1 0 3 0
0 2 1 1 0
0 0 0 0 0
0 1 1 1 0
0 2 1 0 0
1 0 0 2 0
0 1 1 0 0
1 0 1 1 1
2 0 1 0 4
0 2 0 0 0
1 1 0 0 0
0 2 1 0 1
0 1 0 2 1
0 2 0 1 1
0 1 0 0 0
0 2 0 2 1
0 0 3 0 0
0 1 0 0 1
1 1 1 0 0
3 1 0 1 3
3 0 1 0 2
0 1 0 0 0
0 0 0 0 0
1 0 0 0 0
0 0 0 0 1
0 4 0 0 0
0 0 0 1 2
2 0 0 2 1
0 0 3 0 1
0 0 1 2 0
2 1 2 0 0
0 1 0 1 0
1 1 1 0 0
3 4 2 0 0
0 0 0 1 0
1 2 1 0 0
0 0 3 1 1
0 0 1 1 0
0 0 1 1 0
2 2 0 0 1
0 1 0 0 0
1 0 0 0 0
3 0 0 1 0
1 2 0 0 2
0 0 1 0 0
2 2 0 1 1
1 0 0 4 0
1 0 0 1 2
1 0 0 2 0
2 0 1 0 2
1 0 0 0 0
1 1 4 0 2
0 0 1 0 1
0 1 0 0 2
1 0 0 3 0
1 0 1 1 0
0 0 0 0 1
0 1 0 0 1
0 0 1 0 1
0 1 0 0 0
1 0 0 0 2
0 1 0 0 2
0 0 1 4 0
0 1 0 2 0
2 1 0 4 0
2 0 0 0 0
0 2 2 2 2
0 0 0 1 0
0 1 0 0 1
0 0 0 0 1
0 1 2 0 0
2 0 0 0 0
0 2 2 1 0
1 3 1 1 1
0 1 1 0 0
1 1 0 1 4
0 0 0 0 1
0 3 0 0 0
0 1 1 0 1
2 2 0 0 2
0 1 0 0 0
0 2 0 0 0
0 0 1 0 1
0 1 1 0 0
0 1 1 0 0
0 0 1 0 1
2 2 1 0 2
0 2 1 0 1
0 1 0 2 0
0 1 1 1 0
0 1 1 2 3
2 0 1 0 0
2 0 0 0 0
0 0 0 0 2
0 0 3 1 1
2 0 0 1 2
1 2 0 0 1
1 0 0 2 1
1 1 2 1 1
3 1 3 0 2
3 1 0 1 0
0 0 1 0 0
1 0 0 0 0
0 1 0 1 0
3 1 0 1 1
0 2 0 0 0
0 0 0 0 0
0 1 2 0 0
3 0 1 1 1
0 0 0 0 1
0 0 1 1 0
1 0 1 0 2
0 0 3 0 3
0 0 0 0 2
0 0 0 0 1
2 1 0 1 1
0 0 1 0 0
0 0 1 2 2
0 0 1 0 1
0 0 1 0 0
0 0 0 0 1
0 3 0 0 2
1 1 0 0 0
1 0 1 0 0
1 1 2 0 0
0 1 0 0 0
1 0 0 1 1
0 2 1 1 0
0 2 0 0 0
0 0 1 0 1
0 1 0 2 0
0 0 0 1 0
0 0 0 1 0
0 2 1 0 0
0 0 0 0 0
1 0 3 1 0
0 0 0 1 1
0 0 1 2 0
0 1 0 1 0
0 1 1 1 1
0 0 0 0 1
0 0 0 2 0
0 1 1 0 0
2 0 3 1 0
0 0 1 0 0
0 1 1 0 0
0 2 0 0 2
0 0 0 0 0
0 0 1 0 0
1 0 1 1 0
0 1 2 1 0
0 0 0 0 1
0 0 0 0 1
1 0 1 1 0
2 0 1 0 0
0 1 0 1 1
1 1 0 3 0
0 0 1 0 0
0 0 0 0 0
0 3 3 1 0
1 0 2 3 0
0 1 0 1 0
0 3 1 0 0
1 0 0 1 0
0 3 0 0 0
2 0 2 1 0
0 2 3 1 0
1 0 0 0 2
1 2 1 1 0
1 1 0 0 0
3 0 0 2 0
0 0 2 1 1
3 0 0 0 0
1 1 4 1 0
0 0 2 0 0
2 0 1 2 0
2 0 0 0 0
2 1 0 0 1
1 1 1 0 1
0 2 0 1 1
3 1 1 0 0
0 0 1 0 1
0 0 1 0 0
1 1 0 1 1
0 1 0 0 0
1 0 0 3 0
0 0 0 0 0
0 0 0 0 0
4 0 0 1 1
0 2 0 1 0
2 3 1 0 0
1 1 2 1 1
0 0 0 3 0
3 3 0 0 1
1 0 0 2 0
0 1 3 1 1
0 0 2 0 0
0 0 1 1 0
0 0 0 0 0
1 1 1 0 1
0 0 3 0 1
0 1 0 0 1
1 1 2 0 0
3 0 1 0 0
1 0 1 0 1
0 0 0 0 0
0 0 0 1 0
1 1 1 0 0
0 1 0 0 0
0 2 0 0 0
0 2 1 1 1
0 1 0 1 1
1 0 0 1 2
1 0 1 2 0
1 0 0 1 1
2 0 2 0 0
1 0 1 0 1
0 0 0 0 0
0 3 0 0 1
0 0 0 1 0
0 2 0 0 0
0 1 0 0 0
0 0 2 1 0
3 0 1 2 0
0 1 2 0 0
0 1 1 1 0
0 0 4 1 0
0 1 1 2 0
0 4 2 0 1
0 0 0 0 3
0 0 1 2 1
1 2 1 0 0
1 0 1 4 0
0 1 0 0 2
2 3 0 1 1
0 0 0 1 0
1 0 3 1 0
2 1 0 0 0
0 0 0 0 0
2 0 0 1 0
0 0 2 0 0
0 0 0 0 0
1 0 0 0 0
0 4 1 0 0
2 0 0 0 0
1 0 4 0 0
1 0 1 0 1
1 0 0 1 0
0 0 1 0 4
0 1 0 0 0
0 0 0 0 0
1 1 1 1 1
1 0 0 0 0
3 1 1 3 1
2 0 0 2 1
1 0 0 0 0
0 2 1 0 0
1 0 2 0 3
0 0 0 0 1
0 0 1 0 2
1 2 0 3 2
0 0 1 0 1
0 0 0 1 0
2 0 2 3 0
0 1 0 0 1
0 0 2 0 1
1 0 2 1 0
0 1 2 0 2
1 0 0 0 1
0 3 1 0 2
0 0 2 1 0
0 0 0 0 1
1 1 1 2 0
2 0 0 0 0
0 0 0 2 0
0 1 2 0 2
1 0 0 0 0
0 0 0 0 0
0 3 0 0 0
0 0 0 1 0
0 1 1 1 0
0 0 0 1 2
0 0 0 1 1
0 1 2 1 1
3 0 0 0 0
0 1 0 0 1
0 1 0 0 0
0 0 0 2 2
0 0 0 1 1
0 0 0 0 0
0 3 0 0 2
0 0 0 0 1
0 0 0 0 1
0 3 2 0 1
1 3 0 1 0
0 0 1 1 1
0 1 0 4 0
0 0 1 0 0
1 0 0 0 1
0 0 0 0 0
1 0 1 1 1
2 0 0 0 1
2 3 0 1 0
0 0 0 2 1
1 1 1 1 3
0 0 1 1 0
2 0 1 0 1
0 0 0 1 0
2 1 0 0 0
2 0 0 2 0
0 0 1 1 1
1 0 1 0 0
3 0 1 1 0
0 1 0 0 1
4 2 1 0 1
0 1 0 2 1
1 0 0 1 0
0 1 0 0 1
1 1 1 1 0
0 0 2 3 2
2 0 0 1 0
0 0 3 0 0
0 2 2 1 1
0 0 1 2 1
0 2 0 0 1
1 0 0 1 2
1 0 0 1 1
0 2 1 1 0
0 1 1 0 1
1 0 1 0 0
0 2 0 1 0
2 1 1 0 0
0 1 0 3 0
0 2 0 1 1
0 0 0 2 0
0 0 1 0 0
1 0 0 0 0
0 2 0 1 1
1 1 3 0 0
1 2 0 4 0
0 0 0 0 1
2 2 2 0 0
2 1 1 1 0
1 1 0 1 1
0 0 2 0 2
0 2 0 0 0
0 1 0 0 1
0 0 1 0 0
0 0 0 0 0
0 0 1 0 0
2 1 1 0 0
0 2 2 1 2
0 0 0 0 2
0 1 0 0 1
2 0 0 0 0
3 0 1 0 1
0 0 1 0 0
0 2 0 0 0
1 0 0 0 0
0 2 0 1 0
1 2 0 1 0
0 1 1 0 2
0 0 0 3 1
0 0 1 1 1
2 2 0 0 1
1 0 1 0 0
1 1 2 0 2
1 0 1 0 0
1 0 2 1 0
0 0 1 2 0
1 1 1 0 0
2 2 1 2 0
2 0 0 1 0
1 0 0 1 0
0 4 0 0 0
0 0 0 1 1
0 0 1 0 0
0 0 3 1 1
1 0 1 0 0
1 3 0 0 2
0 0 1 2 0
0 0 1 1 0
1 3 0 3 0
0 0 1 2 0
0 0 3 2 2
0 1 0 2 0
0 0 0 0 0
0 0 1 0 4
0 1 1 0 1
1 0 1 0 0
0 3 2 0 2
0 3 1 1 4
0 0 1 2 0
0 2 1 2 0
0 0 0 0 2
1 0 0 0 3
3 1 1 1 0
0 1 1 0 0
0 0 1 0 2
0 0 2 0 0
0 0 0 0 0
1 0 1 0 0
1 3 1 2 0
0 2 0 1 0
1 0 0 0 1
0 0 0 0 2
1 0 0 2 2
1 1 1 4 0
0 0 1 1 1
1 0 2 2 0
0 0 0 1 2
1 0 0 3 0
1 2 2 2 1
0 1 0 1 0
2 0 0 1 0
2 1 1 1 0
0 1 0 0 1
2 0 0 1 0
0 1 1 0 1
1 1 1 2 0
1 1 0 0 0
0 1 0 1 0
2 0 4 0 0
0 1 2 2 0
1 0 1 0 0
0 0 0 0 0
1 0 0 0 0
0 0 1 1 0
1 0 0 1 0
0 0 4 2 0
0 0 0 0 1
0 0 0 1 0
0 2 2 0 0
0 0 0 2 0
0 1 0 0 1
0 3 0 0 2
0 0 1 0 1
1 0 0 0 0
0 0 0 4 0
0 1 0 1 0
0 1 1 0 0
0 0 0 1 0
0 0 0 0 0
1 0 1 3 0
0 0 0 0 1
1 2 0 1 3
1 0 0 1 1
0 0 0 0 0
0 1 1 0 0
2 2 1 1 0
2 1 2 1 2
1 1 0 0 1
1 0 0 0 1
0 0 0 0 2
1 1 0 2 2
1 0 2 0 0
1 4 2 0 4
0 0 0 0 0
0 0 0 2 0
0 3 1 0 0
0 1 2 1 0
2 0 0 0 2
2 0 0 0 0
1 0 1 0 0
1 0 0 0 1
2 0 2 1 0
0 2 1 2 3
1 0 0 2 0
0 1 1 4 0
0 0 1 0 0
0 1 0 1 1
1 0 0 1 0
0 1 0 0 1
0 1 0 0 1
1 0 0 0 0
0 0 1 0 4
0 0 0 0 0
0 1 1 1 1
0 4 1 0 1
2 0 1 0 2
0 0 0 0 0
0 2 3 0 1
1 0 1 0 1
0 0 1 1 0
1 0 1 1 1
2 1 0 1 1
1 1 0 1 1
0 0 0 1 0
0 0 4 4 2
2 0 0 0 2
0 0 0 0 0
4 0 1 2 1
0 0 1 0 0
2 0 0 0 1
0 0 1 0 0
0 0 0 0 0
1 0 1 3 0
0 1 1 0 0
1 0 0 0 0
1 1 3 1 2
0 0 0 0 1
0 0 1 0 1
0 2 0 2 0
0 1 2 0 2
0 3 0 0 0
2 0 0 0 1
0 0 0 0 0
1 2 0 0 1
0 0 2 1 2
0 0 1 0 0
0 0 1 0 0
0 2 3 0 0
0 0 0 0 0
0 1 0 3 3
0 1 0 0 4
2 0 0 1 0
0 4 0 0 1
1 1 1 1 0
0 1 0 1 1
0 0 0 1 0
0 0 1 1 0
0 0 2 0 0
1 1 0 0 1
0 0 1 0 0
1 1 0 0 0
0 2 0 0 0
1 1 0 0 0
2 0 0 0 1
1 2 0 4 0
0 0 1 1 0
0 0 0 1 1
0 4 0 1 1
0 0 2 0 0
0 0 0 0 0
2 1 3 0 0
3 2 2 2 0
1 0 0 0 3
1 0 0 0 0
0 1 0 2 0
1 0 0 1 0
1 1 0 0 2
2 1 0 0 2
1 0 0 1 2
0 0 0 0 2
0 0 1 1 1
1 0 1 1 1
0 0 0 0 0
0 0 0 0 0
0 0 1 0 1
1 3 4 1 1
0 1 0 1 0
1 4 0 1 0
0 1 2 0 2
2 1 1 0 1
1 3 1 1 0
1 0 0 0 0
2 0 1 0 1
2 1 2 1 0
1 0 0 1 0
2 0 0 1 0
1 0 1 0 2
0 0 3 2 0
2 0 0 0 0
0 0 0 1 1
2 0 0 0 0
2 1 2 1 1
0 1 1 0 1
0 0 0 0 2
1 3 0 1 0
0 2 0 1 1
1 1 0 0 1
1 1 0 0 0
2 0 0 0 0
0 0 0 2 0
0 2 0 0 0
1 0 0 1 0
0 1 0 2 0
1 0 0 0 0
1 0 1 1 1
2 0 0 0 1
1 1 0 1 0
0 0 0 1 0
0 0 1 0 0
1 0 0 4 0
3 0 1 1 1
2 1 0 1 0
0 1 0 2 0
0 1 0 0 0
2 1 0 0 1
1 1 0 1 1
0 1 1 0 1
2 0 1 1 2
1 1 1 0 1
1 0 0 1 2
0 0 2 4 0
1 0 0 1 1
2 3 0 1 1
0 1 0 1 0
0 0 1 0 1
0 1 0 1 1
4 1 0 2 1
1 0 0 0 0
0 0 0 0 1
1 2 0 0 0
1 0 0 2 2
0 1 0 0 0
0 2 0 0 1
0 1 0 3 0
2 0 1 0 0
0 0 0 1 0
2 2 0 1 1
2 0 0 0 0
2 0 0 2 0
0 1 0 1 1
0 0 0 0 0
0 0 0 0 4
0 0 0 1 0
0 1 2 3 0
0 1 1 2 0
0 1 0 1 1
1 1 2 2 0
1 2 0 0 0
1 0 1 0 1
0 1 2 0 1
0 0 0 0 1
0 1 0 0 0
1 1 0 0 3
2 0 0 0 0
0 0 1 2 0
0 4 1 0 0
1 1 1 0 0
0 2 0 1 1
1 1 0 0 2
0 2 0 0 0
0 1 2 1 2
0 0 2 0 0
0 2 4 0 0
0 2 1 0 0
0 1 2 2 0
0 0 1 0 2
0 0 0 0 0
0 0 0 0 0
2 2 2 0 3
0 0 2 0 0
1 3 0 0 0
0 0 0 2 3
0 1 1 1 0
0 0 0 2 0
0 0 0 0 1
0 1 0 0 0
0 1 1 1 0
0 2 0 0 0
1 0 0 0 0
3 1 0 1 3
1 1 0 0 1
0 1 1 2 2
1 2 0 0 0
0 1 2 0 1
2 0 1 1 1
0 1 1 0 1
2 1 0 0 0
1 1 1 1 0
0 0 1 0 2
1 0 0 0 0
0 0 1 0 0
0 0 1 0 0
1 2 0 4 0
3 0 0 0 0
2 0 2 0 2
0 2 0 0 1
0 0 0 0 0
1 2 0 0 0
0 1 0 1 0
0 0 3 1 1
1 1 0 0 0
0 0 0 2 0
0 0 1 1 0
1 0 0 0 1
1 0 0 1 1
1 3 1 0 2
0 0 0 0 1
0 1 0 0 0
0 0 2 1 0
0 0 1 1 1
1 0 0 0 0
0 0 0 1 0
1 1 2 2 1
0 0 1 0 1
0 0 0 0 0
0 1 1 0 0
1 1 2 0 1
0 1 0 0 1
0 1 1 0 0
0 0 1 0 1
0 1 0 2 2
0 2 1 0 1
1 0 2 3 3
0 0 0 0 0
0 1 1 0 2
0 0 0 0 2
0 3 0 1 1
0 2 0 0 0
0 0 0 0 1
2 0 0 0 0
0 1 0 0 1
3 1 0 1 1
1 0 1 0 0
1 0 0 2 0
0 0 1 0 0
3 0 0 0 4
0 1 0 0 1
0 0 1 0 1
0 0 0 0 2
0 1 1 0 0
0 0 1 0 2
1 0 2 0 0
1 0 0 1 2
0 0 1 1 0
2 2 0 1 0
0 1 0 1 1
0 0 1 0 0
0 0 0 1 2
3 2 0 1 1
0 0 0 1 1
1 1 0 2 0
1 1 2 0 2
0 0 0 2 0
2 0 0 1 0
0 0 0 0 0
0 0 0 0 1
0 0 0 2 1
1 3 1 0 1
1 0 1 0 0
3 0 1 1 2
2 2 0 0 2
0 0 1 1 1
1 0 2 0 0
2 0 0 0 0
0 2 1 0 1
4 0 0 3 0
1 1 0 1 0
1 2 4 0 1
0 1 1 0 0
0 0 0 0 1
1 0 1 1 0
3 0 0 1 0
0 0 0 0 0
0 0 1 1 1
2 0 2 0 0
0 3 0 0 1
1 1 2 1 0
0 0 0 1 2
1 2 0 2 1
1 1 1 3 1
0 0 0 0 1
1 2 0 0 1
1 3 2 0 3
0 1 1 2 0
0 0 0 0 0
0 0 2 0 0
0 1 0 3 0
0 0 1 1 0
0 1 2 3 0
0 0 0 1 0
2 1 0 0 2
0 1 1 2 1
1 0 2 0 2
0 1 0 0 2
0 1 1 1 1
1 0 0 2 0
0 0 0 0 0
1 0 1 0 0
0 0 0 0 0
1 2 1 0 0
0 0 0 0 1
1 1 0 0 0
1 0 0 2 1
1 0 0 2 0
2 2 1 3 0
0 0 1 1 0
0 0 0 1 0
1 0 0 1 1
0 0 1 1 0
0 0 1 0 1
0 1 0 0 1
0 0 0 0 0
1 0 0 0 0
0 1 1 4 0
4 4 0 0 0
1 0 0 0 3
0 2 1 0 0
1 0 0 0 1
0 1 0 0 0
0 2 1 0 0
0 0 3 2 2
1 1 0 0 0
0 0 0 0 0
0 0 0 0 1
1 0 0 0 0
1 0 0 3 0
1 0 2 0 0
2 2 3 0 0
1 0 1 1 1
1 1 2 0 0
0 0 2 1 0
0 0 2 2 0
0 0 0 1 1
1 0 0 0 2
1 0 1 0 0
1 1 1 0 2
0 0 0 0 0
0 0 0 3 0
0 0 1 0 0
2 0 0 0 0
1 1 0 0 0
0 1 0 1 1
2 2 1 0 0
1 2 1 1 0
1 0 0 0 0
0 1 1 0 0
0 1 1 2 0
1 0 0 0 2
0 0 3 0 1
0 2 0 0 3
0 1 4 0 0
1 0 0 1 2
0 3 1 1 1
0 0 1 0 0
0 1 0 2 0
0 0 0 2 1
4 2 1 0 0
1 1 0 0 0
3 0 1 2 0
0 1 0 0 0
0 0 1 0 0
0 0 0 2 0
2 1 0 0 2
0 0 0 0 1
0 2 0 1 0
1 1 0 0 0
0 0 0 0 0
0 2 3 0 0
1 0 1 1 0
0 0 0 0 0
0 2 0 0 2
0 1 0 1 0
0 0 0 0 1
0 0 0 0 1
0 0 1 2 0
0 0 0 0 1
0 1 0 3 0
2 2 1 2 3
1 2 0 0 3
1 1 0 0 2
1 1 2 0 0
0 2 2 1 0
0 1 1 0 0
0 0 0 2 0
0 1 1 0 1
0 0 0 2 1
2 0 0 0 1
1 2 0 1 1
0 0 1 1 0
0 2 2 4 0
1 1 0 0 4
0 1 0 0 0
3 0 2 1 1
0 0 1 0 0
0 0 1 1 0
2 0 0 0 0
0 1 0 0 0
1 0 0 1 0
0 0 0 0 1
0 1 0 1 2
0 0 0 0 1
0 3 2 1 0
2 0 0 1 0
1 0 0 2 0
0 0 1 0 0
0 1 3 0 0
1 1 2 0 1
2 1 1 0 1
0 0 2 0 1
1 1 0 1 0
0 0 0 1 1
1 2 0 0 0
3 0 1 0 0
3 1 0 0 2
1 2 2 0 1
0 0 1 0 0
0 2 1 1 0
0 0 0 0 1
2 1 2 0 1
1 0 0 0 1
0 0 1 0 2
0 0 1 0 0
0 1 0 1 1
1 0 0 0 0
4 1 0 0 1
0 2 0 1 0
1 0 1 0 0
0 1 3 0 2
1 0 1 2 0
0 0 0 0 0
0 0 1 1 1
1 0 0 1 0
0 0 1 1 2
0 0 0 0 2
1 0 1 0 2
1 2 0 0 1
0 0 1 0 0
0 0 1 0 0
0 0 3 1 0
1 2 1 0 0
0 0 0 1 0
0 0 0 0 1
0 0 0 0 0
1 0 0 0 0
2 3 0 1 0
1 2 0 1 0
0 0 0 2 1
0 0 0 2 2
2 0 1 1 0
2 0 2 0 0
0 0 1 0 0
0 0 0 1 1
3 0 0 0 0
0 1 1 1 0
0 0 0 0 1
1 2 0 2 0
0 0 0 0 1
1 0 1 3 0
1 0 3 0 0
0 0 1 0 0
1 0 2 3 2
0 1 0 0 1
0 0 1 1 0
0 1 0 0 0
0 0 0 0 0
0 0 1 0 1
1 2 0 0 0
1 0 1 0 3
1 0 3 0 0
0 0 0 1 0
1 0 2 2 1
0 1 0 1 3
0 1 0 0 1
2 0 1 3 3
1 0 0 0 1
0 0 1 0 2
0 0 1 1 0
1 0 0 1 1
2 0 0 1 2
1 0 0 0 2
2 0 0 2 0
0 0 0 1 1
0 0 1 0 1
1 0 1 0 0
0 0 1 0 0
1 0 2 0 1
0 1 2 1 0
0 2 0 0 1
0 1 1 0 2
1 1 0 2 0
0 0 0 0 1
0 0 1 0 0
0 0 0 1 1
0 0 0 0 0
1 2 0 0 0
0 0 0 0 0
0 0 1 0 0
0 0 0 1 2
0 0 0 1 0
1 0 1 0 0
1 0 0 0 0
1 0 3 1 2
1 0 0 2 2
0 2 1 1 0
1 0 0 0 0
1 0 0 0 1
0 2 0 1 0
0 2 0 0 4
0 0 0 0 0
3 0 0 0 0
0 0 1 2 0
0 0 1 0 0
2 0 0 1 2
1 0 0 1 0
0 2 2 0 1
3 2 3 1 0
2 0 0 1 0
2 1 1 0 0
0 2 2 2 1
0 0 0 0 1
1 0 1 1 2
1 0 2 1 0
0 0 1 0 0
0 0 0 2 0
0 1 0 1 3
3 0 1 2 1
2 0 0 0 2
0 0 0 2 0
0 2 0 0 0
0 2 1 1 2
0 0 0 3 1
2 0 0 0 1
1 0 1 1 0
0 1 0 2 1
0 0 1 3 0
0 1 3 1 2
1 0 3 0 0
0 0 2 0 0
0 1 0 0 2
1 1 0 0 0
0 2 3 1 0
0 0 1 1 0
0 0 1 0 0
0 4 1 0 1
0 2 0 1 0
0 1 1 2 0
0 0 1 0 2
0 3 0 0 0
0 1 1 0 0
0 2 1 1 1
0 1 1 0 0
0 0 2 0 0
1 0 0 0 0
1 0 1 1 0
3 1 0 1 1
0 0 2 0 1
1 1 0 0 1
1 0 0 0 1
0 0 1 0 0
1 1 0 3 0
2 1 1 1 0
0 1 0 0 0
2 0 2 0 1
1 0 0 0 0
1 0 0 0 0
0 2 0 0 1
1 0 1 0 1
1 1 0 0 1
1 1 0 0 0
1 0 1 0 1
1 0 0 0 0
0 2 1 0 0
3 0 0 2 1
0 2 1 1 2
0 1 1 0 0
0 0 1 1 0
0 0 1 0 0
0 0 2 1 1
0 0 0 1 4
1 2 0 0 0
0 0 1 0 0
1 0 0 1 0
0 0 1 1 2
1 0 3 1 0
1 2 1 0 0
0 0 0 1 1
0 0 1 0 0
0 2 0 0 0
1 0 0 0 0
0 0 2 2 0
1 1 1 0 1
0 0 0 1 1
0 1 0 0 0
0 1 3 0 0
0 0 1 0 2
0 1 1 1 0
4 1 0 1 3
1 1 0 0 1
0 3 1 0 0
0 0 1 1 1
1 0 1 1 0
2 0 1 2 1
0 2 0 0 1
0 3 1 0 0
1 1 1 1 0
0 1 0 1 0
1 0 0 0 1
0 0 0 0 1
0 0 1 1 0
1 0 0 2 1
1 0 1 3 1
0 0 0 1 0
0 0 1 0 0
0 0 0 2 1
0 1 0 1 2
1 2 1 0 0
2 2 1 0 0
0 0 2 0 0
1 1 0 0 0
0 0 1 1 1
0 0 1 1 0
0 0 0 0 0
2 0 1 0 0
2 0 1 1 1
0 0 0 0 0
0 1 0 0 0
0 1 0 0 0
1 1 2 0 1
0 1 0 1 1
0 1 4 0 0
0 1 1 2 0
0 2 0 0 0
0 1 1 0 0
0 2 3 1 0
1 0 0 1 2
0 0 2 0 0
0 0 0 0 1
1 1 0 1 1
1 3 0 1 0
0 0 1 2 1
0 0 0 2 1
2 1 0 0 0
2 0 1 0 1
0 0 0 1 1
0 1 1 1 0
0 0 0 0 1
1 2 0 1 0
0 0 0 0 2
0 0 2 1 0
0 1 1 1 0
0 1 0 2 1
0 0 3 0 0
0 2 2 0 3
0 4 0 0 2
2 1 0 0 1
2 0 0 0 0
0 0 2 0 0
2 0 0 0 0
0 0 2 0 0
0 0 1 0 1
0 1 0 0 0
0 0 1 0 4
2 3 2 1 1
0 0 0 0 2
1 0 0 2 1
1 0 1 4 0
1 0 1 0 0
0 0 1 0 0
0 0 1 2 0
0 1 3 1 1
3 1 2 0 1
0 0 1 2 0
2 2 0 0 3
0 2 0 1 0
1 0 0 2 0
0 0 0 0 1
1 0 0 2 0
0 0 1 0 2
1 0 0 1 2
1 0 0 0 1
1 4 0 0 0
1 1 0 0 0
3 0 0 0 0
2 0 2 0 1
0 0 0 0 0
0 4 0 1 1
0 1 0 1 0
0 1 0 0 0
0 3 0 1 1
1 0 2 0 2
0 0 3 0 1
0 0 2 1 2
0 2 0 0 0
1 1 0 0 1
0 0 1 2 1
0 2 1 0 0
1 0 0 0 0
1 1 0 1 0
3 1 0 0 1
1 0 0 1 1
0 0 0 1 0
1 0 2 0 0
0 0 1 0 2
0 1 1 3 0
0 0 1 2 1
0 0 0 1 2
1 3 1 0 1
0 0 0 0 0
0 0 0 1 0
1 0 0 0 3
1 0 1 0 0
0 2 0 0 0
0 0 2 2 1
0 1 0 0 3
0 1 3 0 0
0 1 1 1 2
0 1 0 0 1
0 0 0 0 1
1 1 1 0 1
0 1 0 1 1
0 0 0 0 1
3 0 0 2 1
1 0 1 1 2
0 0 1 0 0
0 0 1 1 0
0 0 0 0 4
3 2 1 2 1
2 0 0 0 0
3 0 1 0 0
0 1 0 0 1
0 1 0 2 0
0 1 0 0 1
1 0 2 0 1
3 0 0 0 1
1 2 0 0 0
0 1 0 1 0
2 0 1 0 0
0 1 1 1 1
0 0 2 0 0
1 0 1 0 1
0 0 0 1 2
0 0 0 1 1
1 0 0 1 0
1 0 1 0 0
0 1 0 1 1
0 0 2 1 0
1 0 3 0 0
3 0 1 2 0
0 0 0 0 0
0 0 3 1 1
1 0 0 0 1
0 1 0 1 1
2 0 1 0 0
0 0 1 0 1
0 0 0 0 2
1 0 1 0 0
1 1 0 0 0
0 1 0 0 0
0 0 0 3 0
1 1 1 3 2
1 1 0 3 2
0 0 0 0 0
2 2 2 0 0
1 0 1 0 0
0 2 1 0 0
0 1 0 0 1
1 0 0 1 2
2 0 0 2 1
0 0 1 1 0
0 0 2 0 0
1 1 0 0 2
0 0 0 0 0
1 0 0 0 0
2 2 0 1 0
0 0 2 0 0
0 0 3 0 2
1 0 0 0 1
0 0 0 0 2
3 1 0 2 2
0 0 1 0 0
2 0 0 1 0
0 0 0 0 0
2 0 1 2 0
1 3 0 1 0
1 0 1 1 0
0 2 1 0 2
0 1 1 1 1
2 2 2 1 0
4 1 0 2 0
1 1 0 0 2
0 0 0 1 0
2 0 0 0 0
0 1 1 0 0
0 0 0 1 0
1 0 0 1 2
2 3 2 0 0
1 1 0 1 0
0 0 0 0 0
2 2 0 1 1
0 0 1 1 1
0 0 0 1 0
0 2 0 0 0
2 0 3 2 2
1 1 0 0 0
3 0 0 1 0
0 3 0 0 2
0 1 2 1 2
0 0 1 1 1
0 0 0 3 1
0 0 0 0 0
4 1 0 1 0
0 1 1 0 0
1 1 0 0 2
0 0 2 2 2
1 0 1 1 1
0 0 2 0 1
1 0 2 0 0
4 3 0 1 1
1 0 0 0 0
0 0 0 0 0
2 0 0 2 0
0 0 1 2 0
0 0 1 1 0
0 0 4 0 0
0 0 1 0 0
0 2 0 2 1
0 2 0 0 4
1 0 1 0 2
0 3 0 0 1
1 2 1 1 2
0 2 2 1 0
3 0 0 0 0
1 0 0 0 2
1 0 1 0 0
0 0 1 0 0
0 2 0 0 0
1 2 1 0 0
1 0 1 0 0
0 1 1 2 1
1 3 1 4 0
0 1 0 1 2
1 0 0 1 0
0 1 1 0 0
2 0 0 0 0
0 0 1 1 3
0 1 0 0 0
3 0 4 1 0
2 0 1 0 0
0 1 0 1 2
3 2 2 0 0
0 0 0 0 0
0 0 0 2 0
0 1 0 1 3
1 2 1 0 1
0 1 0 0 0
1 0 0 0 1
0 2 1 0 1
1 0 1 0 1
2 0 1 3 0
1 0 0 1 1
0 0 0 0 2
1 0 0 0 1
1 0 1 0 0
0 0 0 0 0
1 0 0 1 1
0 0 0 1 0
1 0 0 2 0
1 2 1 0 0
1 1 2 0 0
0 1 0 1 0
0 1 0 0 3
3 0 1 0 0
0 0 0 0 0
0 2 1 0 1
0 1 0 2 0
0 3 0 1 0
2 2 4 0 0
0 1 1 0 0
1 2 0 2 0
1 1 1 0 1
0 2 1 0 0
0 4 0 0 1
0 1 0 0 1
1 0 1 0 1
1 1 1 0 0
0 1 2 3 0
1 2 0 2 0
2 1 0 1 0
0 1 0 3 0
0 0 0 0 0
1 0 0 0 0
0 0 0 0 1
0 2 1 1 1
0 0 0 0 1
1 0 0 0 0
0 0 0 0 0
1 3 1 2 2
0 0 0 4 0
0 1 0 1 0
1 0 0 1 0
1 1 1 1 0
0 1 2 1 0
0 3 1 0 1
0 0 0 2 0
2 0 3 3 0
0 1 0 1 0
0 0 1 1 0
1 0 1 0 1
0 2 4 0 1
0 2 0 0 1
3 1 3 0 0
0 1 1 0 0
0 0 0 0 3
1 0 0 3 0
1 0 1 4 2
0 1 1 0 1
3 2 0 1 1
0 0 0 3 0
0 0 0 0 0
0 0 0 0 1
0 0 0 0 2
1 0 0 2 1
1 2 0 0 0
1 1 0 1 1
3 0 0 0 0
1 1 2 1 0
0 2 0 1 2
0 0 0 1 0
0 0 0 0 0
1 0 0 0 2
2 0 1 0 0
0 0 0 0 0
2 0 0 1 0
0 0 0 0 2
0 1 0 0 0
0 0 0 2 0
1 0 1 0 1
0 0 2 0 0
0 0 0 1 1
1 1 0 0 2
0 0 0 0 2
1 0 1 0 0
1 0 0 2 2
1 1 0 0 0
3 0 0 0 1
3 0 1 0 0
0 0 0 3 0
1 1 0 0 0
0 0 1 2 1
0 1 1 2 1
1 0 1 0 1
0 1 1 1 0
0 1 1 0 1
1 2 0 0 1
2 1 0 1 0
0 1 0 1 2
1 0 1 1 0
0 1 3 0 0
0 0 1 1 1
2 0 1 0 0
0 3 0 0 2
1 0 0 1 0
0 0 1 0 0
0 0 0 3 1
0 1 0 0 2
0 1 1 0 0
3 1 1 2 3
0 4 0 2 0
0 0 3 0 0
0 0 0 2 0
0 0 1 1 1
0 2 0 1 0
0 0 2 1 0
0 3 0 0 1
0 1 2 1 0
0 0 1 1 2
0 0 1 1 0
0 1 1 0 0
1 1 0 0 0
0 3 2 0 1
0 1 0 1 0
0 0 0 0 2
0 1 2 1 1
1 0 0 2 1
2 0 0 0 1
1 1 0 0 0
0 0 1 0 1
0 1 0 0 1
0 3 2 1 1
1 2 0 0 0
0 0 1 1 1
0 1 0 1 1
3 0 4 3 0
1 0 2 3 2
1 2 0 1 0
2 2 1 2 0
0 0 1 0 0
0 1 3 0 1
0 0 0 1 1
1 0 0 0 0
0 0 0 0 2
0 0 1 2 0
1 0 1 0 3
1 3 0 2 0
0 0 4 0 2
1 3 1 0 0
3 0 0 0 1
0 0 1 0 0
1 4 0 0 1
1 0 1 0 1
1 2 0 0 0
0 0 1 0 2
0 0 0 0 0
3 0 1 0 0
0 3 0 0 0
1 1 0 0 0
0 0 0 1 0
0 1 0 2 0
0 0 0 0 0
0 0 4 1 0
1 0 2 0 0
0 0 0 2 1
1 0 1 0 0
0 0 1 0 1
0 0 0 0 0
2 1 1 0 0
1 3 0 0 0
0 1 0 0 2
0 0 2 1 0
1 1 0 3 2
2 3 0 1 1
0 0 1 0 0
1 1 0 1 0
0 0 0 0 0
1 0 0 0 0
0 0 0 1 2
0 0 0 0 0
0 0 0 1 1
0 2 0 1 1
0 2 0 2 1
0 0 0 1 0
0 0 1 0 0
0 1 0 1 2
0 2 0 0 0
1 3 0 1 1
1 4 0 0 1
0 1 0 0 1
1 0 1 1 0
1 1 0 1 0
3 0 1 0 0
4 0 4 2 1
0 2 0 0 0
0 2 0 1 2
0 0 2 1 1
3 0 0 1 0
1 0 0 0 1
1 0 0 1 0
0 2 0 0 0
0 2 2 0 2
1 0 4 0 1
1 1 0 2 2
1 0 1 0 2
0 0 0 0 4
1 1 0 1 0
2 0 1 0 0
1 2 2 1 0
0 0 2 0 0
0 2 0 0 2
1 0 1 0 2
0 2 3 2 0
0 0 2 1 1
1 1 1 0 1
2 0 0 1 1
2 1 1 0 0
1 0 0 0 0
1 1 0 0 0
0 1 1 1 1
1 1 0 0 1
2 1 1 0 0
3 0 2 0 3
1 0 1 2 1
1 0 0 2 0
1 1 0 1 0
1 4 0 1 0
2 0 1 0 0
0 0 1 1 0
0 1 0 1 0
0 0 1 0 0
2 0 0 0 0
1 1 0 1 1
0 0 0 1 0
0 0 2 0 0
0 2 0 1 1
4 1 0 1 0
0 0 1 0 0
1 0 0 0 0
0 2 0 1 0
1 0 0 0 0
1 3 1 0 2
0 1 1 0 1
0 0 2 1 1
0 2 0 1 1
0 2 0 1 1
1 1 1 1 2
1 0 0 0 1
0 0 0 0 0
1 0 0 0 1
1 1 1 0 0
0 1 0 0 0
2 0 0 1 0
0 2 0 1 1
2 0 1 0 1
1 0 3 3 0
0 0 3 0 0
1 0 0 0 0
0 1 0 1 1
3 3 0 0 2
0 0 2 2 0
0 0 2 1 0
1 0 0 0 0
0 1 0 0 0
1 0 0 1 0
1 0 0 0 0
0 0 1 0 1
1 0 1 1 1
1 0 0 2 2
0 0 0 0 1
1 0 1 0 1
0 1 0 2 1
0 0 0 0 0
0 2 1 1 4
0 1 2 3 0
1 0 0 0 0
3 0 0 0 3
0 0 0 0 1
0 1 0 0 1
0 0 1 1 0
0 1 0 4 1
0 4 0 0 1
0 2 0 0 0
2 0 1 0 2
2 2 0 1 0
0 0 0 1 2
0 0 1 2 0
0 1 0 0 0
0 1 1 0 1
0 1 1 0 1
3 1 0 0 0
0 1 4 4 2
1 1 0 1 1
1 0 1 0 2
1 0 0 4 0
0 2 0 1 1
1 2 0 2 3
0 1 2 0 0
0 0 3 3 0
2 0 0 1 0
0 0 1 0 0
3 3 2 0 1
0 1 0 0 1
1 1 1 1 0
0 0 2 2 0
0 0 0 0 0
1 1 1 2 0
1 0 1 1 0
1 3 0 1 1
0 0 0 1 0
0 2 1 0 1
1 2 0 0 1
4 1 0 0 0
0 0 1 0 1
0 3 0 2 1
0 0 2 0 0
0 1 0 0 1
0 0 0 0 1
0 1 0 0 0
1 2 0 2 0
1 0 1 0 0
0 1 0 0 0
3 0 1 1 1
0 0 1 0 1
1 0 0 0 2
0 1 0 0 0
1 0 0 0 0
0 2 0 0 0
0 0 1 0 0
1 0 2 0 0
1 0 0 0 0
1 1 2 0 0
0 0 0 0 0
1 1 0 1 1
0 0 0 0 0
1 1 0 1 2
1 4 0 0 1
0 0 2 1 1
1 0 0 0 2
1 1 0 0 0
1 1 0 0 0
0 0 4 2 0
0 1 0 1 1
0 0 0 1 3
2 2 0 0 2
0 0 1 2 0
0 1 0 1 0
0 1 0 1 1
1 0 0 0 0
3 1 1 1 1
0 1 1 0 0
1 0 0 1 0
1 3 1 0 0
0 0 2 0 0
0 0 0 0 1
1 2 2 1 1
0 0 0 2 1
2 0 2 0 0
0 0 2 1 0
1 0 1 0 0
0 2 1 1 0
0 1 0 0 1
0 1 1 0 1
0 3 0 0 3
0 1 0 2 1
0 2 0 0 1
1 2 0 0 0
0 1 1 0 2
1 1 0 0 1
0 0 0 0 0
2 1 0 0 0
0 1 0 0 0
0 0 0 2 0
0 1 1 0 1
0 0 0 1 0
1 0 0 0 0
0 0 0 1 1
1 0 1 0 1
1 2 0 0 0
1 0 0 0 0
0 3 2 0 2
0 2 1 1 1
0 0 2 0 2
0 2 1 0 1
0 0 0 1 0
1 0 0 0 0
1 0 0 4 1
0 1 0 0 0
2 0 0 0 0
1 1 1 1 0
1 0 0 2 0
1 0 0 0 0
0 1 0 0 0
2 0 1 0 0
2 0 0 0 0
2 0 0 1 1
0 2 0 0 0
0 0 0 0 0
0 0 0 0 1
1 0 0 1 0
0 3 0 1 0
0 2 0 0 1
1 3 4 0 3
0 1 1 1 0
2 0 1 2 0
0 0 0 1 0
0 0 0 1 1
1 1 1 0 0
1 0 3 1 0
1 1 2 1 1
0 0 0 2 1
0 0 0 0 0
0 0 0 0 1
0 0 0 1 1
1 2 0 0 2
0 0 1 1 1
0 1 4 1 1
0 0 1 0 1
0 0 2 0 0
0 0 1 0 0
0 1 0 0 1
0 1 2 1 2
1 2 0 1 1
3 0 0 1 1
0 2 1 0 0
0 0 2 2 0
3 2 2 0 1
0 1 1 1 1
0 0 1 0 0
1 0 0 1 0
0 1 0 0 1
0 2 1 0 0
1 0 0 0 1
2 0 1 0 1
3 1 0 0 1
2 1 1 1 1
1 1 1 0 0
0 0 2 0 1
1 0 1 2 1
1 1 0 0 3
2 2 0 0 1
0 0 0 2 0
2 0 0 1 3
1 1 1 1 1
0 0 0 0 0
1 0 0 1 0
4 0 0 1 0
0 1 0 1 1
1 2 1 1 0
1 0 0 1 0
0 0 1 0 0
0 0 1 0 1
0 0 0 0 1
1 2 0 1 2
0 0 1 1 0
0 3 0 0 2
3 0 1 1 0
2 0 0 0 1
0 0 1 0 0
0 3 1 0 0
0 1 0 0 4
0 0 0 0 1
0 1 0 0 0
0 0 4 0 0
0 1 0 0 0
0 0 0 0 1
1 4 0 1 1
0 0 2 1 0
1 0 1 4 0
1 0 0 1 1
0 1 1 1 0
0 0 0 0 0
1 0 0 0 2
0 2 1 0 1
0 1 0 0 1
1 0 0 0 1
0 1 0 0 1
0 0 1 0 0
1 0 2 1 3
0 1 1 1 2
0 1 1 1 2
0 3 1 0 2
0 1 1 3 1
1 0 0 0 0
0 0 0 0 0
0 0 2 0 0
1 2 1 0 1
0 1 1 0 0
0 1 2 1 3
2 2 1 1 1
0 0 0 0 2
1 0 0 2 1
0 1 0 1 2
4 2 2 0 0
0 0 1 2 0
1 0 4 2 0
0 0 0 1 1
0 2 0 0 1
0 1 2 2 1
0 0 1 0 1
1 0 0 0 1
2 1 0 0 3
0 1 1 0 0
1 1 0 0 1
3 1 0 1 0
2 0 0 0 0
0 1 0 0 4
0 1 0 0 0
1 0 1 0 0
0 1 0 0 0
0 0 1 0 0
0 1 0 0 0
2 1 1 0 0
1 0 0 0 1
2 0 1 2 0
1 0 0 0 1
3 0 0 2 0
0 0 0 3 0
0 1 0 2 2
0 0 2 0 0
1 2 1 0 1
0 1 0 0 3
3 2 4 0 0
0 0 1 0 3
0 0 0 2 1
0 0 0 0 1
0 2 1 0 1
0 0 1 2 1
0 0 1 0 0
1 2 0 0 0
0 0 0 0 2
1 0 0 0 1
2 0 0 0 1
0 1 1 0 0
2 2 0 0 1
0 1 0 2 0
0 0 1 2 1
0 1 0 1 1
0 0 0 0 0
0 2 3 0 0
1 0 2 0 2
0 0 0 1 1
0 0 1 0 2
1 1 0 0 0
2 0 0 0 1
0 3 1 1 2
2 0 0 1 1
2 2 1 0 0
0 0 0 0 0
2 0 0 0 0
2 1 0 1 2
0 0 3 0 0
1 0 0 0 0
2 0 0 1 1
0 0 0 0 1
3 0 0 2 4
1 1 1 0 2
0 0 0 0 0
4 0 2 1 0
3 4 1 0 0
1 2 0 0 2
0 1 1 0 0
0 0 2 1 1
3 0 1 2 1
0 0 0 0 1
1 2 0 0 0
0 0 1 0 0
0 1 0 2 0
0 0 0 0 2
1 0 0 2 1
1 0 1 0 0
1 0 1 1 0
0 2 0 0 0
0 1 2 1 0
0 0 0 0 0
1 1 0 0 0
3 1 1 0 2
0 2 0 0 0
1 1 1 1 2
4 0 1 0 2
0 1 0 0 1
1 1 0 2 0
0 0 1 0 0
2 3 1 1 1
0 1 1 3 0
1 0 3 1 0
1 1 0 0 3
1 3 1 1 0
0 2 0 0 0
0 0 0 2 1
0 2 0 0 0
1 0 0 4 0
2 0 0 0 1
1 1 1 1 0
3 1 0 2 0
0 0 0 0 0
3 0 2 1 1
4 0 1 0 0
2 2 3 2 0
0 1 2 0 0
0 0 0 3 0
0 1 0 0 1
0 0 1 2 1
0 0 0 1 0
0 0 0 2 0
3 0 1 0 0
1 1 1 0 1
2 1 0 0 3
0 2 1 0 0
0 0 0 0 0
1 1 0 0 3
0 0 0 0 1
0 1 0 1 0
1 2 1 1 3
1 1 1 0 2
4 1 0 0 2
0 0 1 0 2
0 1 1 0 1
1 4 3 0 1
2 2 0 0 0
0 2 0 0 1
0 2 1 0 1
1 0 3 0 0
3 0 0 2 0
3 0 0 0 0
0 0 2 0 2
0 1 1 0 0
0 3 0 0 3
2 0 2 0 0
0 1 0 1 0
0 0 0 0 0
0 1 0 1 1
1 0 3 1 3
1 3 0 1 0
0 2 1 0 3
1 3 2 0 1
0 2 3 1 1
2 1 1 3 1
0 0 1 0 0
0 0 2 0 0
0 0 0 3 0
1 2 0 1 0
0 1 1 0 0
1 4 0 0 1
0 0 0 0 1
3 0 1 0 1
0 2 0 1 2
1 0 4 1 1
0 1 0 0 0
0 1 0 0 0
1 1 1 0 0
0 0 0 1 1
3 2 0 0 1
1 2 0 0 0
0 1 0 1 0
0 3 0 0 0
0 0 1 0 1
0 0 1 0 0
1 1 1 0 2
0 1 1 0 0
2 4 3 1 1
1 0 0 0 3
3 0 1 3 1
0 0 1 0 2
2 0 0 1 0
1 0 0 0 1
0 0 0 0 0
2 1 0 1 1
0 0 0 0 0
4 0 0 0 0
0 0 2 0 0
0 1 2 1 1
3 0 3 0 0
2 1 2 0 1
0 1 1 0 2
0 0 0 0 0
0 1 0 3 0
0 1 0 0 1
0 1 0 1 1
1 1 0 1 0
0 0 0 0 1
1 3 0 0 0
1 0 0 0 0
0 0 0 2 1
0 1 1 0 1
1 0 0 0 0
0 1 0 1 0
1 1 3 2 0
0 0 1 1 0
0 1 0 0 3
2 0 0 2 0
1 1 0 1 0
1 2 0 1 2
3 0 0 1 0
0 0 2 3 0
1 0 0 0 2
2 0 0 0 0
0 0 0 1 1
1 0 0 0 0
0 0 3 0 0
1 1 0 0 0
1 1 2 0 3
1 1 0 3 0
2 1 1 0 0
0 0 0 3 0
0 0 1 1 1
0 0 0 1 0
0 0 2 0 0
1 0 0 0 0
0 0 0 0 1
0 0 0 0 0
0 0 0 3 1
1 1 0 0 2
0 0 2 0 0
0 0 0 0 0
1 0 0 0 0
3 1 1 1 0
0 1 1 0 1
0 3 2 0 2
2 1 0 0 1
0 1 1 0 0
3 0 0 0 1
1 0 0 1 0
0 1 0 1 4
0 0 1 3 0
0 0 0 2 0
0 0 2 1 1
0 3 0 4 0
0 0 0 0 0
2 2 0 0 0
0 1 0 1 0
1 0 0 0 1
0 1 0 2 2
0 0 1 0 0
0 3 0 1 1
3 0 0 1 0
2 0 1 4 1
1 3 0 1 1
0 1 0 0 0
1 0 1 0 0
1 0 0 1 0
1 0 0 0 1
0 0 0 3 2
0 1 1 1 0
2 2 0 2 1
0 0 0 1 2
0 1 0 0 0
0 0 1 1 0
2 0 1 0 2
0 0 0 1 0
0 2 0 0 1
0 1 1 0 0
0 1 0 0 1
0 4 0 1 0
0 1 0 0 0
4 0 2 0 1
0 0 0 1 0
0 2 0 1 1
0 2 0 1 0
0 0 0 0 0
0 1 0 2 0
1 0 3 0 2
0 0 0 0 0
3 0 0 0 0
0 1 0 1 1
0 0 1 1 0
0 0 0 0 1
0 0 0 0 1
0 0 0 1 0
1 0 1 0 0
0 0 1 2 0
0 0 0 0 0
1 2 0 1 3
0 0 0 0 0
0 0 1 0 0
1 0 0 0 0
1 0 0 0 0
0 0 1 0 0
1 1 1 0 0
3 0 2 0 0
0 0 1 0 0
1 1 2 0 0
1 0 0 0 0
0 0 0 1 1
2 1 1 0 2
0 1 1 0 1
2 4 2 2 1
0 1 0 0 0
0 1 0 1 0
1 2 1 0 1
0 1 1 0 0
1 0 1 0 0
1 0 1 3 0
0 0 1 1 0
0 0 1 2 0
2 1 1 2 1
1 0 0 0 3
0 1 0 0 0
1 0 3 1 0
0 0 0 0 1
1 0 1 1 1
0 0 0 0 1
0 1 0 0 1
0 0 0 0 0
1 2 1 1 1
0 0 0 0 1
0 0 1 0 2
0 0 0 0 3
1 0 0 0 0
0 1 1 0 0
1 4 0 0 1
1 0 0 0 0
0 1 0 0 1
0 0 1 1 1
2 1 0 0 2
0 0 0 0 0
0 0 0 1 0
1 0 0 2 1
0 0 0 0 1
0 3 1 2 0
0 0 0 1 0
2 0 0 0 0
1 0 0 1 0
2 1 0 0 0
2 0 1 0 0
4 0 0 0 0
0 1 0 2 1
4 0 1 0 0
0 1 0 1 0
0 2 1 2 2
2 1 0 0 0
0 0 0 1 1
1 1 0 1 1
2 0 1 0 1
0 1 0 0 1
0 0 2 0 1
1 0 0 1 0
0 0 3 0 0
3 1 0 0 0
1 0 0 0 0
0 0 0 1 0
0 0 1 1 0
2 0 0 4 0
2 0 1 2 0
1 1 0 0 0
0 0 0 3 1
1 1 0 1 3
1 3 0 2 0
0 0 2 0 0
0 1 0 0 0
0 0 3 0 0
2 0 0 0 0
0 0 0 3 1
1 1 1 2 1
0 0 2 1 2
0 0 1 1 0
0 0 0 0 0
0 0 1 2 3
0 2 1 0 2
1 1 1 0 1
0 2 2 0 0
1 0 2 0 0
1 0 0 0 1
0 0 1 0 1
0 0 0 0 1
0 1 0 1 1
0 0 1 1 2
0 0 0 2 2
0 0 1 0 0
0 2 1 0 0
0 0 0 1 0
0 1 2 0 0
1 1 0 2 0
0 0 1 0 0
0 1 0 0 0
0 0 0 1 3
1 1 1 0 1
0 3 0 1 0
1 0 0 1 1
0 0 1 0 1
0 1 1 0 0
2 0 0 0 1
0 0 0 0 0
2 1 1 1 0
0 1 0 0 1
0 1 0 1 0
0 1 1 0 0
0 3 1 0 0
2 1 0 1 2
0 0 0 1 2
2 3 1 3 2
3 0 0 1 2
0 1 3 3 0
0 1 2 0 1
0 1 1 1 1
0 0 0 0 1
1 1 1 0 1
0 1 2 1 1
2 0 1 2 1
2 1 0 3 1
0 1 1 0 1
1 1 0 2 0
1 0 4 0 0
3 0 0 1 0
0 2 0 1 0
2 1 0 0 0
0 0 0 0 1
0 0 1 2 3
0 1 1 1 3
0 1 1 1 0
0 1 3 0 0
1 1 0 4 1
0 0 0 0 0
1 2 1 1 0
1 0 0 3 0
1 0 0 0 0
1 2 1 0 0
0 1 1 0 0
0 2 0 1 3
0 4 1 1 0
0 0 0 0 0
0 0 1 3 3
1 0 2 0 0
0 2 0 0 0
1 0 0 0 1
1 1 0 0 2
1 0 0 0 0
0 3 2 0 0
1 0 0 1 0
0 0 2 0 1
1 0 0 0 1
0 2 3 0 0
0 1 0 0 1
0 2 0 1 0
0 0 3 1 0
1 0 1 1 2
0 0 1 0 0
0 1 2 1 1
0 2 1 1 1
2 0 0 1 2
1 0 0 2 0
0 0 1 0 1
3 1 1 2 1
0 1 0 0 0
0 1 0 0 2
0 1 0 0 1
0 3 1 1 0
0 2 0 0 0
1 0 0 0 1
2 1 0 2 0
1 0 0 2 0
0 2 0 1 0
1 0 0 2 1
0 0 0 0 2
0 1 0 2 0
0 0 0 0 0
0 2 0 0 1
0 0 1 1 2
2 0 0 1 0
0 0 0 0 0
0 0 2 1 0
0 0 0 0 0
0 0 2 3 0
0 0 0 0 0
0 2 0 0 2
0 1 2 0 0
0 0 0 0 0
1 0 1 0 0
2 0 0 1 0
0 0 2 0 0
0 1 0 0 2
3 0 0 0 1
0 2 0 0 2
1 1 0 2 1
0 1 1 0 1
0 3 1 0 2
1 1 2 2 0
0 0 3 0 1
2 0 1 1 0
1 2 0 3 0
0 0 0 2 0
1 2 3 0 0
0 1 0 0 2
0 0 0 1 0
0 0 1 0 1
0 0 1 0 2
1 0 0 0 0
0 0 0 2 0
0 2 0 0 0
0 0 0 2 0
0 1 2 0 0
1 1 0 0 1
0 0 0 0 1
1 2 0 0 2
0 3 1 1 0
1 1 1 0 1
3 0 3 1 0
1 0 0 0 1
0 0 2 1 1
0 0 0 0 2
0 4 2 0 1
0 0 1 0 0
0 2 0 0 0
4 0 0 0 0
0 0 1 0 0
0 0 0 0 1
1 0 0 1 0
1 0 0 1 0
0 1 1 0 0
0 1 0 0 0
0 0 0 1 0
0 0 0 0 0
1 1 3 1 1
0 0 1 1 1
0 0 1 1 1
0 0 0 2 1
3 0 1 1 0
3 0 3 1 4
0 0 0 0 1
1 0 0 0 0
1 0 1 0 0
0 0 3 1 0
1 0 0 2 0
2 1 1 0 1
1 1 0 2 0
2 2 1 0 3
1 0 0 0 1
0 0 1 1 1
1 0 0 1 0
2 0 0 0 1
0 0 0 2 1
2 0 1 0 1
2 1 0 1 1
0 3 0 0 0
1 2 1 0 0
0 0 0 1 2
1 1 2 0 0
0 1 0 0 0
0 0 4 1 1
1 1 1 1 0
0 2 1 1 2
0 0 0 0 1
0 0 0 0 0
0 1 1 1 1
0 0 1 0 0
0 0 0 2 0
0 0 0 0 0
1 0 0 1 0
0 0 0 0 2
0 1 0 0 0
0 0 0 0 0
0 0 1 1 0
0 0 1 0 1
0 1 0 0 1
0 1 1 0 1
2 2 0 0 0
1 1 0 0 0
0 0 0 0 0
0 0 1 2 1
0 0 1 0 1
0 0 2 3 0
1 0 2 0 2
0 0 1 1 2
0 1 0 1 2
3 0 1 0 3
0 1 0 2 1
0 0 0 0 3
0 3 0 0 2
0 0 0 0 1
0 0 1 1 1
0 0 0 0 1
1 0 1 0 0
0 0 3 1 0
0 0 0 2 0
0 0 0 1 2
0 1 0 2 1
0 0 0 0 0
0 2 0 0 2
2 0 1 1 0
3 0 4 0 0
0 0 0 0 0
1 2 0 1 0
1 0 0 2 1
0 0 0 0 1
0 1 0 0 0
1 1 2 0 0
2 0 2 0 0
1 3 0 0 0
0 0 0 0 1
1 1 0 0 2
0 0 0 2 2
1 1 1 0 2
0 2 0 0 1
0 1 0 3 1
0 2 1 0 1
1 0 2 1 1
0 1 0 0 1
1 0 0 0 0
0 2 0 0 0
0 0 0 0 0
0 0 0 0 0
1 0 0 0 0
0 0 0 0 0
0 0 0 2 1
1 0 1 2 0
0 0 2 0 1
1 0 1 0 1
2 0 0 1 0
0 0 0 0 0
1 0 0 2 0
1 1 0 4 2
0 0 0 3 0
1 0 0 0 0
0 1 2 4 0
1 1 0 0 0
0 0 0 1 1
0 0 2 0 0
1 1 1 3 1
0 1 4 0 0
0 1 0 2 0
0 1 1 2 0
1 0 0 0 0
0 0 1 1 1
1 0 0 0 0
0 1 0 0 1
0 0 0 2 1
1 0 0 0 1
1 2 0 1 0
0 0 1 1 0
0 0 0 0 2
1 0 0 1 0
4 0 0 4 1
1 0 1 1 0
1 0 2 0 0
2 0 2 0 0
0 1 0 2 0
3 1 1 0 3
0 0 0 0 0
0 1 1 1 0
4 1 1 0 0
2 0 0 0 3
1 3 0 1 1
0 0 2 1 2
2 0 0 1 1
0 1 0 2 0
0 0 0 2 0
1 0 0 1 2
0 0 0 2 1
0 1 0 1 0
1 0 1 1 1
0 0 2 2 0
0 0 0 1 1
0 2 0 0 2
1 1 0 1 0
0 0 3 1 0
1 0 2 0 0
0 0 0 1 4
1 0 0 0 1
1 0 0 2 3
0 0 0 1 1
0 0 1 1 0
0 1 0 1 0
0 0 0 0 0
0 1 1 1 1
3 0 0 1 1
0 1 1 2 0
0 0 2 0 0
1 0 0 0 0
0 2 1 0 1
0 0 1 1 1
0 0 0 0 3
1 2 0 0 1
2 1 1 0 0
1 0 1 1 0
1 0 3 0 1
0 1 0 0 3
0 0 0 0 2
0 0 1 1 0
1 0 2 2 0
0 0 0 1 0
0 0 2 1 0
0 0 1 3 0
1 2 1 0 2
1 0 2 0 2
0 0 0 2 1
0 0 1 2 1
1 0 0 0 0
1 1 1 0 3
0 0 1 0 0
1 0 0 1 1
1 2 0 1 0
0 1 1 0 0
1 0 1 0 2
4 1 0 0 0
0 1 0 1 1
0 0 0 1 0
0 0 0 0 1
0 0 0 2 3
2 0 0 2 0
0 0 0 1 1
0 1 0 1 0
1 1 0 0 0
1 2 0 1 1
1 0 0 0 0
1 2 1 0 1
0 2 1 0 1
1 0 0 2 0
1 0 1 2 0
0 0 1 2 1
2 1 1 1 1
1 1 0 0 0
3 2 0 0 3
0 0 1 0 2
0 0 4 1 0
0 2 0 1 1
1 1 1 0 1
1 0 0 0 0
0 0 1 2 0
1 0 0 1 0
1 0 0 0 0
2 2 0 0 2
0 0 1 0 1
1 0 0 1 0
0 0 1 1 1
2 0 1 0 1
1 1 4 1 0
0 1 1 0 0
0 2 0 0 0
1 4 0 0 0
2 1 0 0 2
0 0 0 1 0
0 0 0 0 1
0 0 0 0 0
0 0 3 0 2
1 0 0 1 1
2 1 0 0 1
0 1 0 0 0
2 1 0 1 0
0 1 0 1 1
1 1 1 0 0
1 2 0 1 1
1 0 0 1 0
2 0 0 3 1
1 0 0 2 1
1 2 0 0 0
0 1 0 0 0
0 0 1 0 0
1 0 1 1 0
0 1 1 0 0
0 1 1 3 2
0 2 0 0 0
1 0 0 0 0
0 0 1 0 0
1 1 1 1 0
1 1 1 1 0
0 0 0 0 0
0 4 1 0 0
3 1 0 1 0
0 0 2 0 0
0 0 0 0 0
1 0 1 0 0
0 1 1 0 0
1 0 2 2 0
2 1 2 1 1
0 2 0 2 1
0 0 2 0 0
1 1 2 0 0
0 1 1 0 0
1 0 0 2 0
0 1 0 1 1
1 2 1 3 0
1 0 0 0 0
0 0 0 0 0
0 0 2 1 2
0 0 1 0 0
1 0 0 1 1
1 0 2 0 0
0 0 0 0 0
3 2 1 0 0
0 0 0 1 0
1 0 0 3 0
0 0 0 0 0
0 0 3 0 0
0 0 1 0 0
0 0 2 0 0
1 0 2 0 0
0 2 0 1 0
1 1 2 0 1
1 0 1 0 0
1 0 0 0 1
1 3 0 2 0
1 3 0 2 0
0 0 0 1 2
2 2 1 0 0
1 1 0 1 1
0 0 0 2 0
0 1 0 2 0
2 0 1 2 0
0 0 0 0 1
0 1 0 0 0
1 0 2 1 1
1 0 1 2 1
0 0 0 1 0
0 0 2 0 3
0 1 0 0 1
0 2 1 0 0
0 2 0 0 1
1 0 1 1 0
1 0 1 1 0
3 3 0 0 2
0 0 1 0 1
0 2 1 0 0
0 0 0 0 0
2 0 0 1 0
0 1 0 4 0
0 1 0 1 3
0 1 0 0 2
0 2 0 0 0
0 0 2 0 0
0 0 0 0 1
0 0 0 2 1
0 1 2 0 0
0 0 0 0 1
1 1 2 0 0
1 2 0 2 0
0 0 2 1 1
1 2 1 0 4
3 1 2 1 3
0 1 2 0 0
0 1 0 0 1
0 0 0 0 1
0 1 1 0 0
3 0 3 1 3
1 0 0 0 2
0 0 1 0 1
0 1 1 2 0
0 0 0 0 3
0 1 0 0 1
1 0 1 2 0
1 1 4 0 0
0 2 0 0 0
2 0 0 1 2
0 0 2 0 0
1 1 0 1 1
0 0 0 0 3
1 1 0 0 0
0 0 1 0 2
2 1 0 0 0
0 0 0 1 0
1 1 1 0 0
1 0 0 0 0
1 3 0 0 1
0 4 0 2 1
1 0 0 1 2
3 1 1 1 1
0 1 0 0 0
0 1 0 0 0
1 2 0 1 0
0 1 0 1 0
0 0 1 0 0
2 0 1 0 0
