2 3 5 1000
211 604
401
544 825 1347
587 831 1485
186 164 163
145 117 137
4 110 62
13 3 5
11 7 16
22 20 21
22 12 8
15 19 4
8 18 11
13 17 26
18 8 4
24 19 6
12 18 18
10 13 22
25 16 15
21 26 15
6 8 19
18 14 8
13 7 19
12 15 27
18 7 6
25 16 14
11 11 17
6 14 20
11 9 24
4 23 17
6 17 12
4 11 7
23 11 17
9 28 15
21 6 24
7 19 24
8 13 11
6 11 14
12 12 22
9 12 8
16 26 15
5 16 10
12 17 16
13 12 19
5 14 17
3 15 14
18 19 22
14 8 17
11 16 9
23 20 11
18 13 21
26 13 6
11 18 7
15 6 19
27 20 12
19 11 13
24 14 5
13 20 11
3 8 19
12 9 15
7 16 15
17 8 8
25 23 16
22 19 4
18 9 7
11 16 5
8 22 18
27 21 15
15 21 14
14 5 15
21 22 10
4 14 24
26 19 22
12 10 14
7 12 11
6 11 5
18 17 15
14 17 18
15 20 6
8 7 15
19 22 21
15 11 23
26 15 14
8 7 13
7 26 12
9 18 20
15 6 17
16 16 20
16 21 17
18 13 17
7 7 20
17 15 9
9 3 16
20 16 3
14 22 21
10 19 18
13 9 14
7 6 12
17 6 13
18 16 18
6 27 8
3 12 15
9 17 10
13 28 12
10 14 9
12 14 15
10 15 6
12 13 18
16 8 15
9 20 14
20 28 7
12 12 12
12 13 12
11 19 17
12 7 21
12 15 12
19 25 9
7 14 13
3 13 15
7 7 14
22 9 17
16 11 5
12 3 17
11 18 19
21 18 12
8 11 24
10 23 8
6 14 6
9 3 17
10 14 9
11 16 15
28 9 11
8 20 13
14 23 27
17 8 11
12 6 11
15 23 16
13 14 21
25 9 9
13 9 26
22 12 23
15 22 6
4 16 17
7 23 12
25 11 22
19 19 17
11 25 19
13 12 20
19 17 11
18 24 15
7 12 3
15 10 15
9 9 9
26 16 14
25 15 18
8 24 12
11 25 17
14 16 7
16 6 10
12 13 21
18 20 11
8 20 12
22 23 14
7 27 10
9 9 9
15 3 25
17 5 28
13 11 23
22 11 12
7 14 19
17 5 13
9 12 16
13 3 20
15 13 4
12 21 14
16 17 15
15 5 9
23 12 4
20 25 17
5 22 14
21 11 11
5 12 9
26 27 9
15 14 22
13 3 28
15 10 16
12 14 19
21 20 8
14 11 22
7 15 11
17 4 9
8 14 3
13 26 13
20 18 15
10 27 15
22 13 20
10 16 17
10 24 12
18 19 5
26 15 10
5 9 10
12 15 25
17 13 10
10 8 25
24 26 10
24 23 13
21 21 11
12 22 17
12 16 9
10 5 23
23 16 25
9 12 12
14 26 5
21 26 24
9 11 9
19 13 21
26 15 17
10 23 11
16 16 14
13 14 17
17 9 5
11 5 24
19 16 11
14 14 10
8 8 14
5 8 17
10 26 16
14 8 14
18 28 10
14 6 25
9 7 5
14 17 11
9 8 11
15 14 23
12 19 13
18 18 13
7 21 20
11 16 23
7 9 22
6 7 13
24 17 19
20 8 15
7 18 10
12 20 14
4 24 6
8 18 20
14 4 26
19 22 10
24 13 14
11 16 13
7 21 13
22 26 20
9 7 22
6 17 18
8 17 5
12 14 5
18 17 16
17 24 22
6 12 13
10 20 14
13 28 24
27 8 18
7 9 23
5 9 25
6 22 10
14 12 24
12 6 8
19 8 18
17 11 15
21 13 22
11 14 8
7 12 19
12 7 5
18 5 20
16 12 20
18 19 10
9 15 16
9 15 16
18 18 24
13 10 21
15 19 16
23 12 24
18 16 21
27 12 28
11 18 13
17 21 8
7 18 17
13 14 9
24 11 18
15 14 12
7 20 9
27 8 15
24 13 21
8 27 27
6 12 6
11 11 25
10 19 8
6 14 11
5 15 5
18 23 25
26 15 27
27 23 13
15 6 21
5 10 23
12 12 11
11 7 13
5 24 4
14 22 23
7 9 10
17 16 16
21 14 17
14 15 5
14 20 7
22 10 10
10 18 22
15 19 12
9 14 18
10 7 12
13 3 13
12 11 28
25 7 26
16 25 23
9 8 20
24 3 16
10 13 12
4 12 8
12 15 22
23 17 19
17 7 21
27 13 23
23 23 15
10 23 8
10 13 5
14 23 7
19 9 13
28 10 7
3 10 13
14 26 21
7 12 9
16 10 24
14 10 10
28 9 9
20 17 21
9 23 6
19 13 10
10 26 13
16 14 13
13 24 10
14 16 13
24 6 26
8 11 15
16 9 13
18 6 12
19 18 12
5 15 21
23 15 19
23 19 8
26 21 17
24 28 6
8 14 10
11 9 5
26 13 19
17 12 20
12 28 18
17 24 13
14 22 14
16 12 16
18 10 23
25 16 16
13 17 17
23 3 14
8 7 7
24 16 23
19 10 14
17 12 25
11 11 16
16 7 11
4 12 27
16 28 20
19 18 28
17 17 6
8 6 18
18 12 24
18 11 22
6 11 15
24 16 23
8 18 6
12 14 5
17 14 8
11 7 5
12 17 21
13 9 13
28 9 5
19 6 27
23 11 13
15 17 12
12 24 15
20 6 7
8 19 11
18 6 25
6 16 27
19 26 28
19 7 10
4 7 15
7 18 26
10 4 3
22 22 18
10 6 28
17 16 23
18 21 18
13 9 19
15 14 24
18 11 14
10 11 13
9 19 9
19 18 6
7 17 6
5 7 14
23 11 26
18 18 16
16 8 13
22 14 12
13 16 11
9 16 14
8 10 6
15 15 19
16 13 18
26 24 27
9 23 20
13 15 5
13 12 12
7 20 12
11 18 18
19 15 7
11 21 17
14 23 15
8 19 23
10 4 11
19 18 27
15 4 13
5 9 24
8 17 21
18 15 10
9 12 16
25 23 11
8 8 9
16 26 12
24 11 10
19 18 5
9 14 12
17 6 6
23 27 10
6 11 7
5 14 26
23 15 4
15 15 24
7 26 8
12 9 13
13 4 16
20 8 7
21 5 17
10 13 13
10 11 18
22 17 22
18 13 11
16 22 19
24 15 21
8 20 10
20 13 6
12 7 5
16 6 13
12 10 19
16 7 10
6 7 16
11 9 28
20 12 14
19 16 15
14 20 9
15 7 15
11 7 23
19 15 21
12 25 15
14 6 14
18 19 11
7 17 14
10 11 15
6 8 5
15 9 18
10 5 22
19 21 25
14 18 5
12 12 14
13 11 16
17 16 24
19 10 20
10 22 18
8 3 10
25 20 14
22 13 27
19 12 3
17 26 15
11 6 13
4 17 23
7 28 8
19 14 14
13 4 18
14 6 9
5 27 26
8 22 7
14 8 9
22 20 13
6 18 8
7 16 25
16 5 17
9 28 26
10 13 11
27 22 8
17 15 6
9 17 11
16 12 9
10 15 10
15 17 14
17 13 13
8 15 9
26 19 8
14 10 26
17 18 23
11 15 13
12 9 8
25 11 19
16 22 7
8 14 7
3 18 20
22 4 19
17 8 10
14 17 13
18 20 4
9 7 15
10 6 22
6 14 24
12 11 21
12 13 11
10 19 18
15 26 11
8 24 19
16 15 8
7 19 16
19 14 13
7 8 6
16 22 9
11 6 17
6 13 12
17 22 18
11 6 9
21 13 13
6 18 18
5 17 19
20 18 17
14 14 16
9 9 12
12 14 14
8 6 14
13 7 15
12 12 13
5 4 28
11 20 24
16 21 12
7 8 7
24 17 7
7 17 17
16 11 4
18 17 12
18 14 15
7 19 4
5 6 16
6 15 12
19 12 9
12 14 15
15 18 7
16 6 17
7 19 10
7 11 27
8 13 8
21 23 15
6 10 10
4 15 13
8 9 18
7 11 12
15 17 14
25 11 10
5 17 27
3 13 5
17 5 22
18 11 7
9 12 5
27 12 23
12 25 24
15 22 24
12 14 16
14 5 22
27 25 27
10 18 11
15 20 8
17 11 8
28 7 7
19 5 18
9 27 14
14 6 14
9 14 16
23 20 11
14 22 12
12 11 12
22 13 21
15 10 28
27 7 7
4 22 6
16 17 24
10 16 11
5 5 21
16 8 14
12 8 11
3 7 12
9 16 11
13 14 6
4 15 20
27 11 5
22 16 5
15 9 10
11 16 15
25 15 5
16 6 14
14 23 18
23 9 13
21 14 16
7 11 22
11 7 4
6 13 16
19 3 6
8 11 11
7 16 18
7 18 21
19 8 14
3 9 21
3 13 16
18 18 28
12 20 8
13 7 10
13 26 12
8 24 9
20 21 15
21 7 14
12 21 6
17 14 8
15 15 20
21 10 21
9 19 21
18 13 22
14 15 8
12 8 4
15 22 27
10 25 6
9 12 12
11 14 8
9 10 13
7 5 11
28 15 8
3 14 21
11 19 17
17 21 5
13 16 11
19 17 17
13 16 14
23 17 10
13 11 17
15 9 21
13 5 6
27 6 26
3 15 17
10 25 8
12 3 28
11 23 17
5 18 5
7 24 8
16 6 9
14 25 19
19 11 16
11 10 6
22 18 7
15 24 7
21 21 15
14 4 16
13 21 15
16 21 19
10 4 27
22 4 15
17 11 14
8 7 17
15 28 9
21 13 23
18 27 9
9 19 22
15 15 7
15 11 20
5 9 14
11 18 17
20 4 9
6 17 5
13 28 27
8 15 8
9 21 22
7 10 26
16 5 15
16 11 6
12 26 14
17 4 12
6 11 14
21 11 9
7 12 5
8 14 18
10 17 15
13 11 10
12 11 9
20 11 19
20 12 11
11 23 6
7 11 15
6 23 16
19 18 12
3 8 15
14 10 10
23 24 19
9 8 10
8 24 11
19 14 4
12 24 12
6 8 14
6 14 20
11 3 13
26 21 7
8 13 15
16 11 5
16 16 19
8 17 13
22 26 13
17 20 17
10 6 15
16 24 11
12 14 19
24 18 21
16 26 10
21 4 25
14 6 20
20 10 11
8 9 14
12 6 19
28 17 15
19 15 9
11 28 18
25 9 8
4 17 8
22 6 7
6 12 7
15 16 17
13 14 21
13 20 24
5 14 4
5 15 12
10 9 12
16 17 19
21 19 15
9 12 18
11 16 8
23 11 26
13 10 26
10 16 13
20 7 15
4 23 13
26 16 14
10 19 4
16 9 15
20 14 19
7 5 18
4 23 20
19 14 22
16 4 9
10 8 6
5 21 12
21 16 10
10 17 13
14 7 24
13 9 19
15 13 8
15 5 5
15 17 6
18 13 15
3 10 13
13 15 9
11 14 14
9 26 17
15 10 10
21 23 14
12 16 6
19 16 26
9 11 11
11 5 15
21 4 13
17 16 7
14 15 7
10 15 12
7 19 20
12 5 19
18 7 12
12 20 5
5 14 27
14 17 23
14 7 11
20 13 8
8 21 22
9 18 12
18 17 18
17 11 15
11 12 13
16 20 19
22 14 3
10 13 10
13 12 23
5 28 17
9 11 20
16 5 15
10 17 7
16 18 19
9 14 21
19 3 19
9 8 7
9 10 6
13 15 9
9 12 3
16 18 20
5 21 21
13 20 6
24 15 18
17 6 16
16 11 6
9 19 4
9 10 10
20 25 8
22 12 10
12 17 11
13 20 15
11 16 13
24 13 18
6 14 16
23 13 11
24 9 18
26 3 19
9 12 11
12 18 6
6 11 12
5 28 4
10 19 20
9 16 22
21 19 16
6 16 9
20 13 4
6 22 11
16 13 11
19 15 22
17 9 16
16 10 9
11 7 17
4 9 18
3 17 16
8 16 20
14 20 9
9 5 3
8 20 11
17 11 8
18 20 16
17 20 3
18 16 11
17 19 14
13 21 13
15 5 11
17 28 9
11 7 16
16 5 14
9 21 26
10 17 14
14 8 14
8 21 13
12 11 15
8 13 12
18 22 18
9 26 10
20 20 15
14 15 24
8 12 15
4 9 17
16 10 15
12 19 3
19 13 20
6 5 10
23 5 15
13 7 13
14 12 6
7 21 11
15 5 16
17 10 10
6 9 12
12 15 10
16 19 15
6 11 28
20 15 10
10 21 10
9 10 6
15 12 21
27 23 10
15 11 7
8 11 4
11 12 16
17 19 23
17 9 10
6 6 17
4 7 11
12 22 19
23 12 10
21 17 19
12 14 11
23 3 18
20 14 12
13 18 9
7 14 11
17 6 9
18 10 16
12 18 5
16 15 18
10 5 6
26 8 11
23 12 17
18 14 14
12 10 16
20 14 19
14 19 22
6 9 18
14 10 9
9 15 24
8 14 19
14 21 5
6 10 7
24 11 12
22 16 15
24 28 14
14 24 9
11 25 15
21 21 5
25 19 11
12 16 21
15 12 9
16 26 14
14 12 17
6 22 16
5 15 8
5 19 27
22 11 9
13 5 18
11 15 4
20 4 26
12 24 7
8 15 11
19 4 24
19 21 19
4 12 11
14 5 19
15 3 20
19 18 15
28 9 21
9 7 15
3 16 10
17 10 21
13 15 5
9 25 6
22 24 17
12 17 10
14 6 5
20 10 18
4 7 21
13 17 10
19 13 9
28 5 5
17 7 14
15 4 10
7 15 19
3 9 12
16 18 4
19 15 17
7 22 26
10 9 5
9 25 9
6 18 3
3 19 16
11 6 17
9 28 19
15 22 6
20 16 16
11 20 6
7 21 5
16 27 21
3 23 24
17 24 11
5 17 4
20 12 13
13 22 27
17 18 18
17 6 22
9 9 17
13 11 8
13 8 11
15 21 10
9 17 13
21 20 3
21 7 13
9 12 14
7 22 7
10 7 6
12 9 10
10 15 11
14 9 12
11 10 15
10 15 15
3 23 8
14 21 21
11 6 4
16 14 10
12 27 9
15 14 12
8 18 16
3 11 11
13 11 6
20 8 7
7 26 16
10 18 13
12 12 4
24 12 14
13 10 20
22 16 23
22 10 22
22 24 3
16 8 6
11 20 22
12 14 13
5 24 12
4 10 15
8 13 17
28 6 4
9 18 26
6 12 18
17 25 22
11 10 14
10 10 13
17 21 3
6 19 16
12 6 22
12 11 11
22 16 5
4 20 6
21 23 10
8 23 8
5 8 28
13 7 12
12 3 19
20 8 18
19 9 13
18 5 13
26 8 9
8 9 24
17 12 12
23 10 16
11 8 6
26 12 21
14 20 16
7 8 9
7 7 11
16 17 17
28 19 19
21 11 5
10 9 13
5 14 26
5 18 21
6 9 18
10 27 24
10 15 9
19 21 12
11 13 21
6 5 12
7 16 10
19 5 10
23 19 12
13 7 7
14 8 17
21 19 10
6 5 21
6 16 9
13 11 8
14 21 19
10 14 16
22 12 13
6 7 3
23 15 11
20 21 6
13 5 11
12 15 25
12 13 14
10 22 16
15 11 12
17 20 16
7 13 12
15 10 9
15 16 9
14 22 18
7 10 23
22 8 11
10 13 13
8 28 7
14 8 12
18 15 11
5 10 23
21 9 10
8 14 16
14 4 7
17 23 5
11 16 13
20 8 8
6 17 20
17 22 21
14 11 24
22 14 9
23 6 13
8 25 12
23 12 12
10 12 4
14 14 13
22 11 11
7 16 28
10 9 17
9 10 11
11 23 12
14 13 8
8 15 8
13 18 21
27 15 22
11 22 17
23 11 17
7 16 17
15 13 15
14 24 17
15 20 21
10 7 5
9 15 20
8 7 6
12 13 20
14 9 19
17 20 22
12 22 23
21 17 10
20 19 11
7 13 16
18 10 10
14 12 14
16 9 17
20 12 12
28 19 23
8 10 13
9 10 6
7 24 14
22 26 14
14 8 4
15 9 21
7 22 11
13 3 23
8 11 16
13 15 12
8 14 12
28 19 5
24 9 8
17 18 9
18 12 28
8 14 18
9 14 18
6 11 15
7 18 17
20 20 7
10 27 22
23 13 11
17 10 23
16 16 8
16 26 16
9 13 13
5 15 19
4 3 8
11 12 9
9 6 12
17 7 12
12 10 11
20 4 16
11 16 18
26 16 11
10 11 3
9 28 14
5 28 10
22 23 16
10 27 19
11 5 18
14 18 16
9 12 6
5 11 19
6 4 6
12 3 11
7 14 14
19 15 11
26 6 28
8 23 11
19 17 19
10 13 16
25 13 11
13 3 17
13 22 10
14 12 25
3 5 14
14 14 16
11 14 13
20 13 21
4 13 21
20 26 15
13 21 10
8 7 13
11 13 7
10 27 22
17 23 12
7 23 4
15 18 19
5 27 22
15 13 21
19 12 9
17 14 21
15 7 19
5 12 26
9 10 15
12 9 20
19 17 22
6 7 6
8 6 9
23 3 16
13 5 6
11 9 10
14 22 26
14 13 26
7 19 5
13 23 8
19 24 13
18 22 11
8 11 17
27 4 13
19 15 25
18 16 16
13 17 7
20 18 11
27 17 16
18 18 5
8 17 9
20 12 10
5 11 23
19 15 7
4 11 17
5 7 5
6 11 11
8 21 10
10 21 8
17 13 9
22 17 21
18 14 15
12 14 12
3 23 12
15 13 13
15 21 9
21 4 8
13 28 6
11 9 16
10 19 9
15 20 10
24 19 7
14 9 13
17 16 16
22 13 9
17 6 12
13 8 15
9 7 28
14 16 9
14 8 11
17 8 16
19 10 7
9 26 5
22 15 10
8 11 4
14 16 18
16 24 25
15 8 25
13 24 14
8 9 23
8 8 17
13 9 13
22 14 8
6 12 19
15 7 23
12 7 13
8 23 14
10 14 23
12 15 15
10 9 17
10 26 14
10 26 24
12 3 6
9 27 14
10 14 9
10 7 20
11 9 14
25 10 22
12 13 13
21 28 15
11 18 7
13 9 18
13 25 12
20 8 18
19 4 13
13 15 15
12 17 12
6 3 6
14 13 15
13 6 12
10 21 14
12 16 12
6 20 10
23 10 7
6 22 16
9 10 16
28 13 14
7 14 17
22 11 9
10 19 10
15 19 14
11 16 8
15 6 12
10 18 5
18 14 21
18 4 11
13 12 7
17 11 14
26 18 16
8 12 3
3 10 8
10 13 8
4 15 12
13 8 18
12 12 9
18 19 17
28 18 3
9 12 15
22 7 4
14 10 4
27 17 10
13 5 18
12 16 15
19 24 23
4 9 23
24 27 15
16 13 21
12 22 8
14 17 22
22 21 13
16 17 20
17 19 28
20 16 20
11 16 20
12 24 11
16 3 9
11 26 11
3 17 25
27 16 11
8 15 25
9 9 15
15 9 19
18 6 4
8 17 7
6 28 15
10 10 9
4 13 12
18 10 20
15 16 17
18 13 11
11 25 13
27 10 5
10 24 3
7 7 17
28 9 6
19 12 9
17 11 12
14 12 14
11 15 18
23 13 9
6 13 3
24 6 7
23 21 7
21 22 19
16 16 22
9 8 4
13 9 28
7 23 20
11 11 19
20 6 28
12 15 11
16 25 5
18 16 7
10 4 17
23 20 4
13 14 25
5 3 6
13 10 13
8 12 4
23 20 8
14 8 17
13 3 14
3 7 6
9 17 6
5 5 8
23 12 15
5 14 20
7 13 8
9 10 10
10 8 16
10 13 27
21 15 12
18 18 13
17 8 15
8 12 25
15 12 13
18 7 11
16 14 5
14 10 14
15 16 9
12 4 14
13 20 9
7 16 22
6 19 17
12 9 12
16 5 28
8 13 5
19 20 6
3 18 18
20 16 10
9 15 7
10 18 13
18 9 8
17 12 6
14 15 17
16 8 12
19 17 16
16 11 17
13 9 10
19 8 10
16 10 10
13 27 7
13 20 16
17 6 14
18 11 23
11 13 19
15 9 20
21 14 9
5 16 11
21 15 24
7 10 23
18 19 13
25 10 16
13 24 14
16 16 17
13 6 16
21 20 10
19 13 8
10 11 19
9 15 21
21 9 14
10 24 19
18 12 13
10 8 20
25 23 4
18 23 19
23 17 13
15 12 16
14 11 7
19 17 16
13 9 3
11 3 11
4 14 18
25 9 28
13 22 15
16 17 3
17 17 4
25 28 5
15 8 8
21 8 13
12 10 13
26 15 5
18 8 4
16 13 9
6 7 6
11 15 18
16 12 12
18 21 11
22 10 18
22 6 3
19 12 20
16 18 20
11 18 19
13 13 11
16 7 26
15 22 17
4 6 9
16 8 21
10 13 8
15 11 8
4 16 14
16 10 7
4 11 8
15 15 23
16 20 20
11 6 18
11 16 20
6 8 5
14 25 8
28 14 16
4 14 5
7 9 16
17 8 14
22 8 20
20 13 17
7 22 9
15 17 6
12 12 12
17 17 25
20 24 16
16 10 10
12 26 17
19 12 19
8 22 17
14 14 21
13 12 18
8 4 11
28 19 12
16 12 20
8 28 13
21 24 5
9 19 16
6 13 20
19 12 11
10 7 8
12 20 5
13 10 13
13 19 13
13 7 19
22 15 13
6 16 16
15 27 8
7 23 24
10 26 15
22 17 5
4 9 14
11 22 26
24 21 5
18 5 14
7 9 15
10 17 3
18 6 6
6 4 23
11 16 18
14 19 7
14 15 18
23 24 4
15 9 20
23 17 10
10 7 9
12 13 26
7 11 17
12 14 7
19 15 13
17 18 6
9 4 22
21 18 17
25 16 10
24 3 4
12 12 17
20 4 11
12 14 5
10 19 13
15 15 19
19 17 13
10 19 17
12 27 19
17 7 18
26 9 9
24 7 10
7 27 21
6 10 17
4 5 19
10 6 10
22 23 15
10 26 16
6 21 21
7 7 21
12 9 9
25 21 7
11 20 7
9 8 23
13 13 15
6 5 12
22 18 9
21 5 25
14 21 23
20 13 12
13 12 9
11 19 13
22 20 21
23 5 17
8 15 17
12 17 7
9 19 13
19 6 15
8 11 20
12 23 23
9 9 23
20 14 8
4 12 23
20 10 19
28 12 18
24 6 15
4 23 21
16 12 27
12 21 20
17 15 10
15 11 14
16 19 15
11 20 12
16 9 10
13 12 18
9 15 13
13 21 7
21 12 6
3 10 4
10 10 10
22 21 24
15 10 9
17 18 13
18 6 11
13 26 16
12 14 15
21 17 19
26 10 12
6 13 20
21 20 7
11 17 19
14 11 17
18 8 15
19 7 12
20 15 14
11 10 10
10 15 8
13 3 18
22 7 13
14 22 9
6 11 21
17 7 8
13 14 18
23 11 14
11 20 8
10 14 11
7 9 17
15 25 11
15 18 11
5 17 13
18 11 17
19 20 7
15 6 15
7 8 15
16 5 18
14 17 16
22 12 13
21 14 5
8 7 11
20 13 18
11 10 10
10 10 23
7 7 8
7 19 8
14 11 19
14 13 21
18 25 7
19 12 26
15 10 17
6 25 11
15 17 26
12 6 7
21 23 26
9 14 27
13 8 17
14 19 28
12 14 8
11 12 13
28 12 19
10 13 10
22 7 7
5 7 25
8 6 11
7 13 15
12 9 8
19 16 20
7 6 9
21 20 20
15 17 21
14 5 21
10 25 19
24 26 19
21 16 24
7 7 15
16 13 12
16 11 24
10 17 15
16 16 18
7 18 10
24 6 11
10 12 21
13 16 12
21 13 21
27 12 14
3 12 19
6 12 11
9 23 5
11 20 19
22 8 27
22 25 23
9 15 20
10 14 6
8 15 4
9 14 18
13 8 7
18 16 15
9 27 23
12 8 22
23 10 18
9 17 9
15 11 5
27 16 5
17 7 16
3 21 13
18 6 14
6 10 10
13 12 23
19 8 18
17 14 23
18 3 9
12 8 16
11 20 16
6 16 26
13 15 7
20 14 22
9 10 14
22 26 11
10 5 12
6 7 7
5 15 9
17 12 16
23 12 26
7 19 10
19 21 12
13 6 15
6 14 24
15 9 27
9 12 7
22 12 7
23 12 17
8 9 15
13 9 10
15 4 16
24 15 17
9 16 18
11 17 14
14 23 8
27 23 10
7 13 7
6 27 11
20 12 24
11 8 10
26 23 10
14 18 19
16 18 14
22 23 12
17 13 16
11 23 23
14 17 4
27 5 19
18 13 13
10 4 28
15 24 14
20 5 13
22 13 25
8 14 15
24 7 19
8 23 22
15 13 14
13 21 10
3 6 10
11 15 21
15 17 7
13 12 17
16 10 13
4 12 10
9 10 14
13 8 11
14 25 6
18 14 22
12 8 18
8 9 4
13 22 16
17 12 4
8 9 7
24 10 25
25 9 11
22 13 20
19 6 16
9 11 13
22 13 11
5 14 11
5 12 22
21 14 24
10 11 10
5 23 13
10 18 6
10 14 3
20 20 14
19 17 5
10 27 7
8 25 11
13 13 16
4 14 27
23 14 13
11 14 20
18 9 8
13 6 17
13 7 9
16 13 18
22 15 11
14 8 22
9 27 6
14 6 21
15 22 14
22 9 15
20 21 11
12 5 7
23 9 27
11 25 5
9 18 17
8 16 12
13 11 14
27 18 14
15 11 12
4 11 16
6 18 17
14 26 7
9 15 22
21 26 17
9 17 10
14 15 14
8 15 21
20 16 14
5 11 25
9 7 13
11 8 22
16 27 23
9 18 8
9 19 6
23 24 22
14 10 8
16 9 12
9 24 4
9 10 16
21 14 25
20 18 15
6 23 7
7 9 14
11 14 14
7 14 17
4 18 6
22 3 19
28 12 16
17 15 6
15 25 22
15 4 16
4 8 21
23 26 9
10 7 10
13 5 8
3 3 20
7 16 10
15 14 13
14 24 20
7 13 17
10 5 7
13 17 17
9 27 12
15 5 24
24 15 7
11 22 4
4 16 11
12 14 19
14 9 23
16 21 21
16 25 20
16 14 21
8 6 6
23 5 26
4 10 23
4 24 8
19 18 11
8 7 16
13 11 17
15 10 19
12 6 10
16 21 14
14 13 20
11 15 13
13 9 22
26 13 24
15 8 4
13 13 13
17 25 12
11 12 8
15 23 14
8 11 9
10 11 3
23 21 14
16 7 10
16 12 4
19 12 17
10 15 25
17 4 13
13 8 15
11 7 13
5 8 9
8 11 5
10 5 10
20 10 11
14 7 14
3 9 16
19 10 13
12 21 5
17 16 11
25 17 12
26 5 14
19 10 3
9 8 21
24 21 26
9 22 10
21 4 12
18 7 12
15 16 10
18 20 20
19 10 14
16 26 7
11 17 24
21 6 19
12 14 10
11 13 18
18 12 14
17 9 3
10 14 18
7 6 14
12 11 16
4 19 20
12 5 27
24 9 17
9 14 6
19 11 11
7 6 20
4 11 16
18 9 12
9 11 17
7 9 19
12 7 11
4 16 12
14 16 12
17 14 24
12 15 10
27 26 19
10 19 16
22 22 12
6 28 24
24 13 6
11 14 7
14 9 11
24 27 11
12 22 16
