2 3 5 1000
721 1436
459
891 1884 2466
944 1847 2853
7 6 10
6 5 6
4 7 4
7 6 9
6 5 6
7 6 10
6 5 6
6 6 10
6 5 6
7 6 10
6 5 6
7 6 10
6 5 6
5 6 10
6 5 6
7 6 10
6 5 3
7 6 5
6 5 6
7 6 10
6 5 6
7 6 10
6 5 6
7 6 10
6 5 5
7 6 10
6 5 6
7 6 10
6 5 6
7 6 10
6 5 4
7 6 10
6 5 6
7 5 7
6 5 6
7 6 10
6 5 6
7 6 8
6 3 6
7 5 10
6 5 6
7 6 4
6 5 6
7 6 10
6 5 6
7 6 10
6 5 6
7 6 10
6 5 6
7 6 10
6 5 6
4 6 10
6 5 6
7 6 10
5 5 6
7 6 10
6 5 6
7 6 10
6 5 6
7 6 10
6 5 6
7 6 5
6 5 6
7 5 8
6 5 6
7 6 10
6 5 6
7 6 10
6 5 6
7 6 10
6 5 6
7 6 10
6 5 6
3 6 10
6 5 6
7 6 10
6 5 6
7 6 10
6 5 6
7 6 10
6 5 6
7 6 8
6 5 6
7 6 10
6 5 6
7 6 10
6 5 6
7 6 8
6 5 6
4 3 10
6 5 6
7 6 10
6 5 6
7 6 10
6 5 6
7 6 10
6 5 6
7 6 10
6 5 6
7 5 10
6 5 6
7 6 10
6 4 6
7 6 10
6 5 4
7 6 10
6 5 6
6 6 8
6 5 6
4 6 6
6 5 6
7 6 10
6 5 6
7 6 10
6 5 6
7 6 10
6 5 6
7 6 7
6 5 6
7 6 10
6 5 6
7 6 10
6 5 6
7 6 10
5 5 6
7 6 10
6 5 6
7 6 10
6 5 6
7 6 10
6 5 6
7 6 10
6 5 6
6 6 10
6 5 6
7 6 10
6 5 5
3 6 10
6 5 6
7 6 10
6 5 6
7 3 8
6 5 6
5 6 10
6 5 6
7 6 10
6 5 6
6 4 10
6 5 6
7 6 10
6 5 6
7 6 9
6 5 6
7 6 10
6 4 6
7 6 6
6 5 6
7 6 10
6 5 6
7 6 10
6 5 5
3 6 10
6 5 6
7 4 10
6 5 6
7 6 10
6 5 6
7 6 9
6 4 6
7 6 10
6 5 6
7 6 10
6 5 6
7 6 10
6 5 6
7 6 10
6 5 6
7 6 10
4 5 6
7 6 7
6 5 6
7 6 10
6 5 6
7 6 10
5 5 6
5 6 7
5 5 6
7 6 4
5 5 6
7 6 10
6 5 6
7 6 10
6 5 6
7 3 8
6 5 6
7 6 10
6 5 6
7 6 3
6 5 6
7 6 10
6 5 6
7 6 10
6 5 6
7 6 9
6 5 6
7 6 9
6 5 6
6 6 7
5 5 6
7 3 10
6 3 5
7 6 10
3 5 6
7 6 10
6 5 6
7 6 10
6 5 6
7 6 10
6 5 6
7 6 10
6 5 6
7 6 10
6 5 6
7 6 10
6 5 6
7 6 8
6 5 6
7 6 7
6 5 6
7 6 10
6 5 6
7 6 10
4 5 6
7 6 10
5 5 6
7 6 10
6 5 6
7 6 10
6 5 6
7 6 10
6 5 6
7 6 10
6 5 6
7 6 10
6 5 6
7 6 10
6 5 6
7 6 9
3 5 6
7 6 6
6 5 6
7 6 10
6 5 6
7 6 10
6 5 6
7 6 10
6 5 6
7 6 7
6 5 6
7 6 10
6 5 6
7 6 7
6 5 6
7 6 6
6 5 6
7 6 9
6 5 6
7 3 9
4 5 6
7 6 10
3 5 3
7 6 9
6 5 6
7 6 10
6 5 6
7 6 9
6 5 6
7 6 10
6 5 6
7 6 10
6 5 6
7 4 10
3 5 6
7 6 10
4 5 6
7 6 10
5 4 6
7 6 9
6 5 6
7 4 8
6 5 6
7 6 10
4 5 6
3 6 10
6 5 6
7 6 10
6 5 6
7 6 10
6 5 6
7 6 10
6 5 6
5 6 10
6 5 3
7 6 9
6 5 6
7 6 10
6 5 6
7 6 10
6 5 6
7 6 10
5 5 6
7 6 10
6 5 6
7 6 7
6 5 6
7 6 3
6 5 6
7 6 10
6 5 4
7 6 10
6 5 6
7 6 10
6 5 6
7 6 10
6 5 6
7 6 10
6 5 6
7 6 10
6 5 6
7 6 10
6 5 6
7 6 10
4 5 6
7 6 10
6 5 6
7 6 10
6 5 6
5 6 10
6 5 6
7 6 9
6 5 6
7 6 10
6 5 6
7 6 10
6 5 6
5 6 9
5 5 6
7 6 10
6 5 6
7 6 10
6 5 6
7 6 10
6 5 6
7 6 10
6 4 6
7 6 10
6 5 6
7 6 9
6 5 6
6 6 10
6 5 6
7 6 10
4 5 6
7 6 10
6 5 6
7 6 10
6 5 6
7 6 9
6 5 6
7 5 10
6 5 6
4 6 10
6 5 6
7 6 8
6 5 6
7 6 10
6 5 6
7 6 7
6 5 6
7 6 10
6 5 6
7 5 10
6 5 6
7 6 10
6 5 6
7 6 10
6 5 6
7 6 10
6 5 6
7 6 10
6 5 6
7 6 7
6 5 6
7 6 9
6 5 5
7 6 10
6 5 6
7 6 7
5 5 5
7 6 10
6 5 6
7 6 8
6 5 6
6 6 10
6 5 6
7 6 10
6 5 6
7 6 10
6 5 6
7 6 10
6 5 6
7 6 10
6 5 6
7 6 10
6 5 6
7 6 7
6 5 6
7 6 10
6 5 6
7 6 10
6 5 6
7 6 10
6 5 6
7 6 10
4 3 6
7 6 10
6 4 6
7 6 10
6 5 6
7 6 10
6 5 6
7 6 10
6 5 6
7 6 10
6 5 6
7 6 10
6 5 6
7 6 10
6 5 6
7 6 10
6 5 6
7 6 10
6 5 6
7 6 3
6 5 6
7 6 10
6 5 6
7 6 9
5 5 6
7 6 10
6 5 6
7 6 3
6 5 6
7 6 7
6 5 6
7 6 10
6 5 6
7 6 10
6 5 5
7 6 10
6 5 6
7 6 10
6 5 6
7 6 10
6 5 6
7 6 9
6 5 6
7 6 10
6 5 6
7 6 10
6 5 5
7 6 10
6 5 6
7 6 10
4 5 6
7 6 10
6 5 6
7 6 10
6 5 6
7 6 8
6 5 6
7 6 10
6 5 6
7 6 9
6 5 6
7 6 8
6 5 6
6 6 8
6 5 6
7 3 10
6 5 6
3 6 10
6 4 6
7 6 10
6 5 6
7 6 10
6 5 6
5 6 10
6 5 6
7 6 10
6 5 6
7 6 10
4 5 6
7 6 10
6 5 6
7 6 10
6 5 6
6 6 10
6 5 6
7 6 10
6 5 6
7 6 10
6 5 6
7 6 10
6 5 6
7 6 10
6 5 6
7 6 10
6 5 6
5 6 10
6 5 6
7 6 6
6 5 5
3 3 10
6 5 6
7 6 9
6 5 6
7 6 10
6 5 6
7 6 10
6 5 6
7 6 10
6 5 4
7 6 10
6 5 6
7 6 10
6 5 6
7 6 10
6 5 6
7 4 10
6 5 6
7 6 10
5 5 6
7 6 10
6 5 6
7 6 5
6 5 6
7 6 10
4 5 6
7 6 10
6 5 6
7 6 3
6 5 6
7 6 10
6 5 6
7 6 10
6 5 6
7 6 10
6 4 6
7 6 10
6 5 6
7 6 10
6 5 6
7 6 10
6 5 6
7 6 10
6 5 6
7 6 4
6 5 6
7 6 10
6 5 6
7 6 10
6 5 6
7 6 8
6 5 6
5 6 10
6 5 6
7 6 10
6 5 6
7 6 10
6 5 6
7 6 10
6 5 6
7 6 10
6 5 6
7 6 10
6 5 6
7 6 9
6 5 6
7 6 10
6 5 6
7 4 5
6 5 6
5 6 10
6 4 6
7 6 10
6 5 6
7 6 10
3 5 6
7 6 10
6 5 6
6 6 10
6 5 6
7 6 10
6 5 6
7 6 9
6 5 6
7 6 10
6 5 6
7 6 10
6 5 6
7 6 6
6 5 6
7 5 10
6 5 5
7 6 10
6 5 6
6 6 4
6 5 6
7 6 10
6 4 6
7 6 5
6 5 6
6 6 5
6 5 6
7 6 10
5 5 6
7 6 10
6 5 6
7 6 10
3 5 6
7 6 10
6 5 6
7 6 10
6 5 6
3 6 8
6 5 3
7 6 10
6 5 6
7 6 10
6 5 6
7 6 10
6 5 6
3 6 10
5 5 6
7 6 7
6 5 6
7 6 10
6 5 6
7 6 10
6 5 6
7 6 9
5 5 6
4 5 5
6 5 6
7 6 3
6 5 6
7 6 10
6 5 6
7 6 10
6 5 6
7 6 5
6 5 6
7 6 10
6 5 6
7 6 10
6 5 6
7 6 10
6 5 6
7 6 10
6 5 6
7 6 10
6 3 6
7 6 7
6 5 6
7 4 10
6 5 6
7 6 6
6 5 6
4 6 4
6 4 6
7 6 10
6 5 5
7 6 7
6 5 6
7 6 10
6 5 6
7 6 10
6 5 3
7 6 10
6 5 6
7 6 10
6 5 6
7 6 9
6 5 3
7 6 3
6 5 6
7 6 10
6 5 3
7 6 10
6 5 6
7 6 9
6 5 6
7 6 8
6 5 6
7 6 10
6 5 6
7 6 10
6 5 6
7 6 9
6 5 6
7 6 10
6 5 6
7 6 9
6 5 6
7 6 9
6 5 6
6 6 10
6 5 6
7 6 10
6 5 6
7 6 10
6 3 6
7 6 10
6 5 6
7 4 10
3 5 6
7 6 10
6 5 6
3 6 7
6 5 6
7 6 8
6 5 6
7 6 10
6 5 6
7 6 9
6 5 6
7 6 8
6 5 6
7 6 10
6 5 6
7 6 10
6 5 6
3 6 7
6 5 6
7 6 7
6 5 6
7 6 7
6 5 6
7 6 10
6 5 6
7 6 10
6 5 6
6 6 10
6 5 6
5 6 10
6 5 6
7 6 10
6 5 6
7 5 10
5 5 6
7 6 10
6 5 6
7 6 10
6 5 6
7 6 7
6 5 6
7 6 10
6 5 6
7 4 10
6 5 6
7 6 10
6 5 6
7 6 10
6 5 6
7 6 10
6 5 6
6 6 10
6 5 6
7 6 10
6 5 6
7 6 7
4 5 6
7 6 10
6 5 6
6 6 10
6 5 6
7 6 10
6 4 6
6 6 8
6 5 6
7 6 10
6 5 6
7 6 10
6 5 6
7 4 10
6 5 6
7 4 10
6 5 5
7 6 10
5 5 6
7 5 8
6 5 6
7 6 4
6 5 6
7 6 10
6 5 6
7 6 9
6 5 6
7 5 10
6 5 6
7 6 10
5 3 6
7 6 6
6 5 6
7 6 10
6 5 6
7 6 10
4 5 6
7 6 10
6 5 6
7 6 7
6 5 6
7 6 10
6 5 6
7 6 10
6 5 6
7 6 10
6 5 6
7 6 7
6 5 6
7 6 10
6 5 6
7 6 10
6 5 6
6 6 5
6 5 6
7 6 6
6 5 6
7 6 10
6 5 6
5 6 10
6 5 6
7 6 10
6 5 6
5 6 8
5 5 5
5 6 10
6 5 6
7 6 3
6 5 6
7 6 6
6 4 3
7 6 10
6 5 6
7 6 10
6 5 6
7 6 10
6 5 6
7 6 10
6 5 6
7 6 10
6 5 6
7 6 10
4 5 6
7 6 9
6 5 6
7 6 10
6 4 6
7 6 10
6 5 6
7 6 10
6 5 6
7 6 10
6 5 6
7 6 10
6 5 6
5 6 10
6 5 6
7 6 9
6 5 6
7 6 10
6 5 6
6 6 10
6 5 6
7 6 10
6 5 6
6 6 8
6 5 6
7 6 10
6 5 6
7 6 9
6 5 6
7 6 10
6 5 6
6 6 6
6 5 6
7 6 10
6 5 6
7 6 10
6 5 6
7 6 9
6 5 6
7 6 10
6 5 6
7 6 7
6 5 6
7 6 10
6 5 6
7 6 10
6 5 6
7 6 10
6 5 3
7 6 10
4 5 6
7 6 10
6 5 6
7 6 9
6 5 6
7 6 10
6 5 6
7 6 7
6 5 6
7 6 5
6 5 6
7 6 10
4 5 6
7 6 10
6 5 6
7 6 5
6 5 3
7 6 6
6 5 6
7 5 8
6 5 6
7 6 10
6 5 4
7 6 7
3 5 6
7 6 10
6 5 6
7 6 10
6 5 6
7 6 7
6 5 6
7 6 10
6 5 6
7 6 7
6 5 6
7 6 10
6 5 6
7 6 10
6 5 6
5 6 10
6 5 6
7 6 10
6 5 6
7 6 10
6 5 6
7 6 10
6 5 6
7 6 6
6 5 6
7 6 4
6 5 6
7 6 10
6 5 6
7 6 10
6 5 6
7 6 10
6 5 6
6 6 10
6 5 4
7 6 10
6 5 6
7 6 9
6 5 6
7 6 10
6 5 6
7 6 10
6 5 6
7 6 10
6 5 6
7 6 10
3 5 6
7 6 5
6 5 6
7 6 10
6 5 6
7 6 10
4 4 6
7 6 10
6 5 6
7 6 10
6 5 6
7 6 10
6 5 6
7 6 9
6 5 6
3 6 10
6 5 5
7 6 8
6 5 6
7 6 10
6 5 6
7 6 5
4 5 6
7 6 10
6 5 6
7 5 10
6 5 6
7 6 10
6 5 6
7 6 8
6 5 6
7 6 8
6 5 4
7 6 10
6 5 6
7 6 10
6 5 5
7 6 8
6 5 4
7 4 10
6 5 6
7 6 7
6 5 6
7 4 3
6 5 6
7 6 10
6 5 6
7 6 10
6 5 6
7 6 8
6 5 6
7 6 5
6 5 6
7 6 10
6 5 6
7 6 10
6 5 6
7 6 10
6 5 5
7 6 10
6 5 6
7 6 6
6 5 6
7 6 7
6 5 6
7 6 10
6 5 6
4 5 10
6 5 6
7 6 10
3 5 4
7 5 9
6 5 6
7 6 10
6 5 6
7 6 7
6 5 6
7 6 10
6 5 4
7 6 10
6 5 6
7 6 10
6 5 6
7 6 10
6 5 6
7 6 10
6 5 5
7 6 10
6 5 6
7 6 10
6 5 6
7 6 7
6 5 6
7 6 10
6 5 6
7 6 6
5 5 6
7 6 8
6 5 6
7 6 10
6 5 6
7 6 10
6 5 5
7 6 10
6 5 6
7 6 10
6 5 6
7 6 10
6 5 6
7 6 9
6 5 6
7 4 10
6 5 6
7 6 8
6 5 6
6 6 10
6 5 6
7 6 10
6 5 6
7 6 10
6 5 6
7 6 10
6 5 6
7 6 10
6 5 6
7 4 10
6 5 6
5 6 9
6 5 6
7 6 10
6 5 6
7 5 5
6 5 6
3 6 10
6 5 6
7 6 5
6 5 6
7 6 5
6 5 4
7 6 7
6 5 6
7 6 10
6 5 6
6 5 10
6 5 6
7 6 8
6 5 6
5 6 10
5 5 6
7 6 10
6 5 6
5 6 10
6 5 6
7 6 10
6 5 6
7 6 10
6 5 6
7 6 5
6 5 5
7 6 10
6 5 6
7 6 10
6 5 6
7 6 7
6 5 6
7 6 10
6 5 6
6 6 10
6 5 6
7 6 10
6 5 6
7 6 8
6 5 6
7 6 10
6 5 6
7 6 10
6 5 6
7 6 10
6 5 6
7 6 10
6 5 6
7 6 10
6 5 6
7 6 10
6 5 6
7 6 10
6 5 6
7 6 10
6 5 5
7 6 5
6 5 6
7 6 10
6 5 6
7 6 10
6 5 6
7 6 10
6 5 3
7 6 10
6 5 6
7 6 10
6 5 6
7 6 8
6 5 6
7 6 10
6 5 6
7 6 10
6 5 6
7 6 10
6 5 6
7 6 4
6 5 6
7 6 10
6 5 6
7 3 4
6 5 6
7 6 10
6 5 6
7 6 10
6 5 6
7 6 10
6 5 6
6 6 10
6 5 6
7 6 10
6 5 5
7 6 10
6 5 5
7 6 10
6 5 6
7 4 10
6 5 6
5 6 4
6 5 6
7 6 10
6 5 6
7 6 8
6 5 6
5 6 10
6 5 6
7 6 10
6 5 6
7 6 10
6 5 6
7 6 10
6 4 6
7 6 10
6 5 6
7 6 10
6 5 6
7 6 10
6 5 6
7 6 7
6 5 5
7 5 5
6 5 6
7 6 10
6 5 6
7 6 10
6 5 6
7 6 9
6 5 6
7 6 10
6 5 6
7 6 10
6 5 6
7 6 10
6 5 4
7 6 10
6 5 6
7 6 10
6 5 6
4 6 5
6 5 6
7 6 10
6 5 6
7 6 4
6 5 6
7 6 10
6 5 6
7 6 7
5 5 4
7 6 10
4 5 4
7 6 5
6 5 6
7 6 8
6 5 6
7 6 10
6 5 6
6 6 7
6 5 6
7 6 10
6 5 6
4 5 6
6 5 6
7 6 10
6 5 6
7 6 9
6 5 6
7 6 10
6 5 6
4 6 10
6 5 6
7 6 10
4 5 6
5 6 9
6 5 6
7 6 10
6 5 6
7 6 10
6 5 6
7 6 10
6 5 6
4 6 10
6 5 6
7 6 7
6 5 6
7 6 10
6 5 6
7 6 4
6 5 5
7 6 10
6 5 6
7 6 10
6 5 6
6 6 10
6 5 6
7 5 10
6 5 6
7 6 10
6 5 4
7 6 10
6 5 6
7 5 7
6 5 6
7 6 10
6 5 6
7 5 10
6 5 6
7 6 10
6 5 6
7 6 10
4 5 5
7 6 9
6 5 6
7 6 10
6 5 6
7 6 10
6 5 6
7 6 10
6 5 6
7 6 10
6 4 6
4 6 10
6 5 6
7 6 10
6 5 6
7 6 4
6 5 6
7 6 3
6 5 6
7 6 10
6 5 6
7 6 10
6 5 6
7 6 9
6 5 6
7 6 10
6 5 6
7 6 5
6 4 6
7 6 7
6 5 6
7 6 10
6 5 6
7 6 10
6 5 6
7 6 10
6 5 6
7 6 10
6 5 6
7 6 10
6 5 6
7 6 10
6 5 6
7 6 10
6 5 6
7 6 10
6 5 6
6 6 10
6 5 6
7 6 4
6 5 6
7 4 10
6 5 6
7 6 10
6 5 6
7 6 10
6 5 6
7 6 10
6 5 6
7 6 5
6 5 6
7 6 8
6 5 6
7 6 6
6 5 6
7 6 8
6 5 6
7 6 10
6 5 6
7 6 10
6 5 6
7 6 10
6 5 6
7 6 10
6 5 6
7 6 10
6 5 6
7 6 10
3 5 6
7 6 10
4 4 6
7 6 10
6 5 6
7 6 7
6 5 4
7 6 10
6 5 6
7 3 10
5 5 6
7 6 10
6 5 6
7 6 7
6 5 6
7 6 10
6 5 6
7 6 10
6 5 6
7 6 10
6 5 6
7 6 10
6 4 6
7 6 10
6 5 6
7 6 10
6 5 6
7 6 10
6 4 6
7 6 4
6 5 6
7 6 10
5 5 6
7 6 10
6 5 6
7 6 6
6 5 6
7 6 10
5 5 4
7 6 10
6 5 6
7 6 6
6 5 6
7 6 10
5 5 6
7 6 5
3 5 6
7 6 8
6 5 6
7 6 10
6 5 6
7 6 10
6 5 6
7 6 5
6 5 6
7 6 10
6 5 6
7 6 10
6 5 6
6 6 10
6 5 6
4 6 8
6 5 6
7 6 6
6 5 6
7 6 6
6 5 6
5 6 10
6 5 6
7 6 10
6 5 6
7 6 10
6 5 6
7 6 10
6 5 6
7 6 10
3 5 6
7 6 10
6 5 6
7 6 4
6 5 6
7 6 10
6 5 6
7 6 10
6 5 5
7 6 7
6 5 6
7 6 10
6 5 6
7 6 10
6 5 6
7 6 10
6 5 6
7 3 9
6 5 6
7 6 4
6 5 6
7 6 10
6 5 6
7 6 10
6 5 6
7 6 10
3 5 6
7 6 10
5 5 6
7 6 10
6 5 6
7 6 10
6 5 6
7 6 10
6 5 6
7 6 10
6 5 6
7 6 6
6 5 6
5 5 10
6 5 6
7 6 3
6 5 6
6 6 10
3 5 6
7 6 10
6 5 6
7 6 10
6 5 6
7 6 10
6 5 6
7 6 10
6 5 6
6 6 10
6 5 6
7 6 10
6 3 6
7 6 7
6 5 6
7 6 10
6 5 6
7 6 6
6 5 6
7 6 10
6 5 6
7 6 10
6 5 6
7 4 10
6 5 4
6 6 10
6 5 6
7 6 10
6 5 6
7 6 6
6 5 6
7 6 10
6 5 6
7 6 10
6 5 6
7 6 9
6 5 6
7 6 10
6 5 6
7 6 8
6 5 6
7 6 9
6 5 6
7 6 9
6 5 6
7 6 10
6 5 6
7 6 7
6 5 6
5 6 10
6 5 6
7 6 10
6 5 6
7 6 8
6 5 6
7 6 10
6 5 6
7 6 9
6 5 6
7 6 10
6 5 6
7 6 7
6 5 6
7 6 10
6 5 6
7 6 10
6 5 6
5 6 10
6 5 5
7 6 10
6 5 6
7 6 10
6 5 6
5 6 5
6 4 6
7 6 10
6 5 6
7 6 10
6 5 6
7 6 10
6 5 6
7 6 10
6 5 6
5 6 10
6 5 6
7 6 6
6 5 6
7 6 10
6 5 6
7 6 10
6 5 6
7 6 10
6 5 6
7 6 10
6 5 6
7 6 10
6 5 6
7 6 10
6 5 6
7 6 4
3 5 6
7 6 10
6 5 6
7 6 10
6 5 6
7 6 10
6 5 6
7 6 10
6 5 5
6 6 10
6 5 6
7 6 10
6 5 6
7 6 9
6 5 6
7 6 7
6 4 6
7 6 4
6 5 6
7 6 10
6 5 6
6 6 10
6 5 6
6 6 10
6 5 6
7 6 10
6 5 6
7 6 10
6 5 6
6 6 10
6 5 6
7 6 8
6 5 6
7 6 10
6 5 5
7 6 10
6 5 6
7 6 8
6 5 6
7 6 5
6 5 6
7 6 10
6 5 6
7 6 10
6 5 6
7 6 10
6 4 6
7 6 9
6 5 6
5 6 4
6 5 6
7 6 10
6 5 4
7 6 10
6 5 6
7 6 10
6 5 6
7 6 10
6 5 6
7 6 10
6 5 6
7 6 10
6 5 6
7 6 10
6 3 4
7 6 10
6 5 6
7 6 8
6 5 6
7 6 10
6 5 4
7 6 10
6 5 6
7 6 5
6 5 6
7 6 9
5 5 6
5 6 10
6 5 6
7 4 10
6 5 6
7 6 10
6 5 6
7 6 10
6 5 6
7 6 10
6 5 6
7 6 10
5 5 6
7 6 10
6 5 6
7 6 10
6 5 6
7 5 10
6 5 6
7 6 10
6 5 6
7 6 10
6 5 6
7 6 10
6 5 6
5 6 5
6 5 6
7 6 10
6 5 6
7 6 10
6 5 6
7 6 3
6 5 6
7 6 10
6 5 3
7 6 9
6 5 6
7 4 10
6 5 6
7 6 10
6 5 6
7 6 10
6 5 6
7 6 10
6 5 6
7 6 6
6 5 6
7 6 10
4 5 6
7 6 6
6 5 6
7 6 10
6 5 6
7 6 10
6 5 6
3 6 10
6 5 6
7 6 10
6 5 6
7 6 10
6 5 6
7 6 10
6 5 6
7 6 10
6 5 6
7 6 10
6 5 6
7 6 10
6 5 6
7 6 10
3 5 6
6 6 10
6 5 6
7 6 3
6 5 6
7 6 5
6 5 6
7 6 10
6 5 6
7 6 10
6 5 6
7 6 10
6 5 6
6 6 5
6 5 6
7 6 10
6 5 6
7 6 10
6 5 6
7 6 10
5 5 4
7 6 10
6 5 6
7 6 10
6 5 6
7 6 5
6 5 6
7 6 10
6 5 6
7 6 10
6 5 6
7 6 6
6 5 6
7 6 10
6 5 6
7 6 10
6 5 6
7 6 10
6 5 6
7 6 7
6 5 6
7 6 10
6 5 6
6 6 10
6 5 6
7 6 6
6 5 6
7 6 10
6 5 6
7 6 10
6 5 6
7 3 10
6 5 6
7 6 10
6 5 6
7 6 10
6 5 6
7 6 3
6 5 6
7 6 10
6 5 6
7 6 10
6 5 6
7 6 10
3 5 6
7 6 10
6 5 6
7 6 10
6 5 6
7 6 10
6 5 6
7 6 10
6 5 6
7 6 7
6 5 6
7 6 6
6 5 6
7 6 10
6 5 6
7 6 7
6 5 6
7 6 6
6 5 6
7 6 9
6 5 3
7 6 10
6 5 6
7 6 10
6 5 6
7 6 10
6 5 6
7 6 10
6 5 6
7 6 10
6 5 6
7 6 5
3 5 6
7 6 10
6 5 3
7 6 10
6 5 6
7 6 10
6 5 6
7 4 10
6 5 6
7 6 10
6 5 6
7 6 10
6 5 6
7 3 10
6 5 6
7 6 10
4 5 6
7 3 10
6 5 6
7 6 10
6 5 6
7 6 10
6 5 3
7 6 10
6 5 6
7 6 9
6 5 6
7 6 10
6 5 6
6 6 10
6 5 6
7 6 10
6 5 6
7 3 8
6 5 6
7 6 10
6 5 6
7 6 10
6 5 6
7 6 9
6 5 6
6 6 10
6 5 5
7 3 10
6 5 6
7 6 10
6 5 6
7 6 8
6 5 6
7 6 7
6 5 6
7 6 9
6 5 6
7 6 10
6 5 6
7 6 10
6 5 6
7 6 10
6 5 6
7 6 10
6 5 6
7 6 9
6 5 6
6 6 10
6 5 6
7 6 10
6 5 6
7 6 10
6 5 6
7 6 10
6 5 6
7 6 10
6 5 6
7 6 10
6 5 6
7 6 10
6 5 6
7 6 10
6 5 6
7 6 10
6 5 6
6 6 10
4 5 6
7 3 10
6 5 6
4 6 9
6 5 6
5 6 10
6 5 6
4 6 10
6 5 6
7 6 10
6 5 6
7 6 10
6 5 6
7 6 10
6 5 6
7 6 8
6 5 5
7 6 9
6 5 6
7 6 10
6 5 6
4 6 10
6 5 6
7 6 10
6 5 6
7 6 10
6 4 6
7 6 10
6 5 6
7 6 10
6 5 6
7 6 10
4 5 6
7 6 10
6 5 6
5 6 10
6 5 6
7 6 10
6 5 6
7 6 8
6 5 6
7 6 7
6 5 6
7 6 9
6 5 6
7 5 10
6 5 6
7 6 10
6 5 6
7 6 10
3 5 6
7 6 10
5 5 6
7 6 10
6 5 6
