14 4 15
293 632 1589
399 1495
1036
652 983 1518 2690
594 956 1504 2713
590 962 1747 2305
645 937 1512 2507
584 955 1651 2690
609 1033 1473 2568
695 935 1517 2707
600 984 1446 2249
641 998 1709 2386
690 1001 1525 2309
631 1020 1629 2311
692 886 1749 2484
691 1018 1553 2381
580 912 1649 2440
46 33 34 27
47 42 28 41
35 39 33 45
38 36 48 26
36 27 48 26
29 33 35 50
45 27 42 39
34 39 44 34
29 40 37 32
41 35 44 33
37 38 47 38
29 47 41 29
27 50 37 36
38 40 30 49
12 33 32 11
33 73 41 28
42 53 41 60
65 39 37 42
49 40 49 52
58 17 41 92
50 46 47 41
48 29 58 64
44 68 44 25
28 49 54 64
32 45 48 34
17 26 50 37
32 78 40 19
28 43 21 21
57 55 34 32
