14 4 15
366 982 1407
422 824
412
664 1175 1732 2175
592 1131 1766 2420
584 1274 1741 2252
593 1135 1911 2442
651 1072 1673 2257
655 1111 1722 2521
571 1123 1931 2178
600 1174 1858 2095
637 1272 1636 2080
626 1232 1670 2523
587 1183 1902 2341
563 1105 1856 2128
594 1275 1937 2158
666 1141 1865 2402
39 47 35 27
27 35 35 43
38 30 45 30
34 47 48 41
40 27 27 50
28 29 49 31
37 28 43 49
42 26 36 30
35 41 27 27
41 28 32 32
31 25 39 30
42 35 42 30
41 27 48 29
31 40 27 34
21 28 19 26
42 37 43 57
49 36 27 25
31 54 72 37
29 32 30 45
64 66 52 65
20 46 29 47
49 52 45 31
29 48 58 51
31 44 17 55
31 35 41 54
57 43 50 44
43 59 43 75
46 42 47 28
17 36 37 49
