14 4 15
323 872 1623
458 1170
937
667 1120 1658 2655
647 1129 1550 2465
738 1072 1664 2556
638 984 1859 2562
609 969 1817 2626
722 1047 1674 2543
615 1015 1829 2553
627 1067 1723 2380
724 1125 1575 2473
654 1088 1703 2476
611 1093 1605 2485
739 1036 1841 2802
670 989 1837 2583
711 934 1862 2659
28 40 49 29
25 45 42 38
47 48 37 41
49 26 49 33
29 48 37 33
29 31 37 36
34 42 43 29
37 35 45 27
38 30 30 37
30 42 40 46
38 34 49 40
48 32 34 26
38 35 50 48
26 42 29 48
3 5 29 26
50 39 66 45
60 36 34 23
50 34 32 60
34 40 50 70
56 68 57 30
48 24 34 56
48 65 46 47
47 36 60 74
69 54 50 45
57 41 43 38
60 47 35 45
27 33 48 14
59 41 66 45
53 54 42 32
