14 4 15
374 1136 1681
838 1134
348
695 1153 2072 2535
694 1002 2022 2614
652 1072 1995 2659
655 1007 2082 2432
646 1084 1928 2457
601 994 2082 2631
686 1005 1713 2701
643 1021 1973 2574
672 998 2078 2620
701 1132 1732 2572
621 1074 1840 2383
627 1096 1780 2673
669 1007 1970 2421
599 1107 1986 2489
28 34 36 31
50 39 37 35
48 31 34 48
29 27 39 28
32 33 40 32
26 27 34 43
49 25 29 36
26 30 50 48
47 37 50 36
27 48 25 46
49 26 31 44
50 44 37 31
40 33 48 38
38 31 32 45
36 44 10 11
32 53 57 37
70 21 43 29
46 27 51 43
38 29 41 31
43 60 59 54
30 69 47 48
45 39 52 47
45 59 32 33
32 29 39 41
74 38 35 35
57 23 35 52
38 39 43 67
38 38 52 23
43 50 45 56
