14 4 15
608 1376 2905
792 2140
1044
1051 1809 2896 4260
949 1723 2960 4127
1000 1770 2916 3744
1002 1858 3054 3853
1010 1655 3040 4203
948 1557 3142 4222
942 1752 2995 4264
1061 1678 2978 3697
1050 1728 3016 3897
1066 1868 2741 4018
1088 1602 3141 4020
1046 1835 3184 3719
1023 1689 2828 4067
1097 1763 2861 3962
43 49 29 25
48 48 30 36
45 30 39 47
40 35 29 27
30 38 50 29
28 42 29 37
40 45 40 50
40 26 46 42
29 25 34 27
25 36 50 32
30 43 49 32
31 45 26 50
31 46 31 31
45 45 27 30
36 23 21 9
44 80 34 64
34 47 52 57
20 47 48 45
57 39 76 33
35 67 53 45
41 48 45 67
48 40 49 41
23 57 59 34
72 37 55 45
46 37 58 54
63 58 42 29
29 51 49 43
28 56 54 57
45 31 31 28
