14 4 15
358 1417 1485
827 1346
323
702 1184 2322 2739
719 1226 2349 2812
758 1136 1970 2528
790 1242 2159 2565
708 1106 2340 2742
707 1200 2125 2814
793 1202 2123 2702
779 1240 2190 2530
754 1226 2309 2555
804 1094 2187 2707
830 1088 2379 2608
839 1100 2078 2741
752 1231 2359 2946
851 1277 2369 2961
48 27 35 34
38 26 45 50
38 43 29 26
27 37 27 45
30 26 43 45
33 50 46 33
37 29 44 34
44 43 33 45
41 43 41 41
41 29 40 40
26 36 49 25
48 30 31 49
45 35 43 47
27 50 26 43
17 6 20 16
52 74 56 43
49 45 26 39
48 34 34 26
88 51 51 68
36 30 43 70
45 53 37 37
36 37 44 30
60 35 91 43
55 34 48 23
45 54 36 40
38 30 60 45
39 63 27 34
29 49 47 63
28 46 57 15
