14 4 15
554 1077 1798
595 1213
677
668 1274 1981 2749
602 1347 2117 2719
707 1329 1985 2584
634 1148 1867 2443
658 1252 1995 2426
671 1250 1864 2770
670 1187 1897 2441
708 1310 1929 2521
665 1263 1969 2531
679 1335 1855 2701
625 1336 2098 2723
623 1253 1832 2319
697 1187 2064 2759
608 1275 1752 2592
41 41 45 30
42 41 35 46
46 49 46 39
26 27 29 45
34 41 49 46
48 46 40 40
36 32 40 45
40 34 49 32
28 40 30 26
28 28 29 26
29 43 29 44
48 42 43 26
30 48 32 27
47 44 48 42
4 6 38 8
76 41 32 52
29 31 50 62
44 22 27 50
38 42 50 45
55 28 30 32
48 38 42 42
30 35 37 45
32 36 44 56
35 39 68 43
50 19 69 38
39 70 56 36
61 37 55 47
44 24 32 60
36 33 61 36
