14 4 15
478 1175 2185
636 1666
663
838 1496 2325 3267
851 1700 2807 3115
977 1684 2672 3391
912 1740 2348 3143
845 1634 2529 3568
884 1722 2725 3107
852 1517 2303 3320
879 1766 2638 3031
848 1580 2299 3401
926 1700 2537 3184
964 1632 2592 3486
906 1535 2426 3003
914 1667 2309 3293
823 1636 2584 3179
37 41 45 43
30 26 30 32
38 33 38 28
38 37 30 37
45 38 26 26
35 49 32 30
39 38 35 30
31 41 41 47
32 27 39 37
26 37 50 43
40 29 37 30
44 28 37 32
48 34 38 39
39 26 34 30
41 2 29 22
34 30 45 32
60 27 40 44
55 66 28 41
24 45 56 42
68 34 32 43
40 64 46 35
66 27 30 63
44 43 45 53
29 47 42 26
37 36 42 49
49 48 27 26
25 63 80 41
33 70 49 31
14 47 55 52
