14 4 15
441 1537 2343
1076 1908
444
931 1490 3019 3638
921 1639 2683 3960
1046 1662 3060 3840
1084 1585 2959 3550
892 1519 2977 3468
1071 1715 2750 3496
942 1570 3149 4117
925 1645 3194 3847
1069 1668 2699 3699
984 1534 2865 3711
1038 1669 2791 3887
1033 1495 3118 4062
933 1625 3204 4035
1083 1809 2783 3582
29 35 42 44
28 27 45 44
27 34 31 49
33 48 28 37
26 31 36 42
40 50 39 36
43 32 31 35
35 34 47 40
40 26 31 29
35 35 29 43
37 47 33 32
44 39 44 26
47 45 32 38
28 27 36 27
12 51 18 6
65 35 41 55
43 49 46 75
39 40 74 34
40 39 37 45
44 35 42 40
63 52 50 40
39 78 42 35
57 58 41 46
53 62 66 41
44 56 41 74
52 73 37 32
40 32 67 30
57 24 58 59
56 42 42 69
