14 4 15
510 1312 2245
694 1874
1007
962 1527 2439 3526
965 1455 2426 3449
932 1277 2354 3976
888 1367 2523 3754
934 1267 2304 3315
976 1277 2625 3985
982 1379 2599 3924
895 1376 2620 3917
964 1341 2469 3618
843 1442 2492 3675
938 1345 2451 3815
984 1286 2597 3803
1002 1376 2537 3335
944 1368 2586 3791
39 32 33 25
39 26 27 30
37 25 35 33
39 28 29 28
39 35 35 32
38 47 49 43
46 48 49 36
28 50 37 47
30 49 38 39
48 45 29 26
35 43 49 31
29 50 26 42
44 30 34 29
36 31 39 44
3 65 1 9
46 58 57 45
48 48 41 37
54 66 50 39
30 31 68 35
35 52 27 48
43 49 60 49
45 56 54 37
52 38 21 58
53 34 42 43
55 37 60 70
47 54 40 13
69 52 48 37
14 38 59 41
43 39 38 49
