14 5 10
456 1276 2532 3396
971 1862 3019
1106 1659
704
963 1531 2759 3956 4889
950 1586 2803 4009 4724
1017 1532 2563 3889 5095
977 1623 3013 3685 4488
940 1594 2917 3662 4509
1003 1534 2658 3810 5016
1013 1667 2976 3981 4551
1013 1553 2831 3663 5101
1031 1422 2736 3637 4857
1041 1679 2876 3702 4673
1019 1539 2798 4089 4498
1026 1647 2591 3446 5382
1043 1677 2689 3549 4610
1072 1535 2983 3547 4869
106 164 154 145 160
138 177 153 126 135
101 158 139 149 112
185 124 140 155 112
163 128 165 116 169
163 170 111 189 117
112 196 195 101 149
116 125 177 147 183
104 125 116 122 181
143 152 127 113 158
131 144 122 111 175
149 142 112 122 198
153 117 140 139 124
144 116 166 147 174
194 9 149 68 59
6 9 7 18 5
7 8 9 10 11
10 6 9 12 9
14 10 7 5 6
6 15 3 8 15
11 7 6 10 22
3 14 17 12 6
6 8 14 15 8
9 11 12 21 5
5 16 17 10 15
14 13 3 8 11
10 11 16 12 15
14 10 6 13 7
4 10 19 16 8
