14 5 10
322 1011 952 2054
508 834 1538
198 1297
995
615 984 1699 1957 3100
634 1031 1536 2188 3062
634 1082 1646 2075 2822
539 1028 1722 2315 2806
617 1086 1739 2113 2668
601 1020 1640 1981 2987
591 1041 1641 2327 2649
627 973 1468 2317 2860
595 1113 1568 2170 2659
539 1080 1566 2308 2825
547 977 1643 2137 2719
626 999 1647 2301 2839
605 1098 1687 2349 2669
572 1020 1749 2316 2842
109 192 171 116 110
175 140 196 112 184
132 132 131 188 115
155 101 179 133 180
197 131 155 152 153
178 123 179 120 153
112 115 193 145 120
178 185 127 103 147
172 159 130 144 107
127 131 127 145 141
154 189 115 159 104
156 183 116 171 194
144 150 179 160 198
125 196 197 101 138
56 43 59 155 2
15 2 11 4 11
14 5 7 10 9
8 7 6 11 13
34 7 10 2 3
7 10 15 4 11
5 16 25 8 18
7 8 3 1 1
6 12 7 5 12
13 9 5 10 12
6 15 5 14 12
5 6 7 7 13
10 11 10 7 5
20 10 14 7 10
22 16 10 15 8
