14 5 10
309 948 1352 1874
671 997 1430
279 770
436
567 979 1699 2080 2581
587 1036 1700 2231 2744
606 1073 1722 2403 2748
680 1030 1506 2491 2951
632 1091 1752 2400 2822
604 1057 1554 2229 3110
670 929 1526 2442 2674
625 1067 1481 2454 2708
566 1073 1598 2352 2956
568 1079 1485 2374 3004
617 980 1526 2069 2958
578 934 1492 2058 3079
631 953 1555 2188 2946
614 1015 1594 2496 3094
166 177 155 136 151
145 100 114 148 182
156 156 171 153 127
160 134 167 147 145
148 154 122 110 140
159 156 135 196 193
154 174 167 123 189
184 142 159 124 150
130 181 116 153 147
195 139 177 159 160
125 181 185 136 170
170 107 103 158 123
165 194 117 173 155
107 160 124 133 153
64 171 108 60 77
7 12 10 14 9
5 17 6 11 3
4 9 8 13 7
20 6 3 13 8
5 3 8 3 2
11 8 11 13 8
5 10 11 15 11
8 17 11 4 9
9 10 17 14 18
7 11 14 8 5
13 20 9 6 3
19 18 3 7 13
6 8 12 10 11
21 10 9 8 12
