14 5 10
732 1175 1866 3169
528 1099 2362
817 1535
895
912 1726 2302 3178 4454
927 1576 2273 3145 4283
883 1760 2163 3171 4610
1014 1618 2227 3712 4139
957 1652 2169 3254 4397
919 1864 2136 3573 4331
911 1818 2221 3527 4435
992 1581 2293 3435 3952
903 1756 2387 3289 3974
881 1847 2090 3631 4645
955 1676 2286 3350 4414
889 1786 2168 3281 3993
1012 1668 2364 3523 4666
903 1697 2276 3689 4560
116 156 153 187 170
142 107 114 161 104
114 194 200 152 160
181 172 185 107 184
128 156 102 141 105
109 138 161 142 143
113 187 155 200 150
105 177 127 134 152
113 173 136 152 112
111 107 136 140 114
136 131 167 124 172
112 184 163 174 179
165 141 151 109 114
200 114 140 189 193
47 42 109 77 51
15 13 5 6 1
2 11 11 8 11
5 14 7 5 7
8 9 11 7 9
19 16 6 11 12
9 19 11 3 8
15 18 13 6 10
18 7 23 9 6
19 5 4 9 10
8 14 7 14 14
17 12 16 7 7
18 6 20 7 7
6 7 6 13 6
13 3 10 7 8
