14 5 10
531 929 1269 2242
521 955 1643
505 1324
804
652 1223 1863 2447 3454
746 1392 1781 2782 3635
739 1418 2141 2930 3142
664 1371 1798 2534 3394
713 1275 1908 2912 3407
701 1380 1884 2661 3487
663 1330 1988 2976 3267
712 1175 1943 2582 3152
762 1208 2132 2506 3613
689 1276 2154 2920 3585
702 1332 1874 2553 3565
648 1386 1858 2872 3020
711 1327 2125 2618 3015
684 1238 2125 2966 3157
133 173 191 186 175
101 149 107 185 143
161 146 103 142 160
188 157 116 169 122
156 184 110 192 170
198 142 184 136 186
135 144 109 160 113
183 191 187 150 168
105 190 199 155 170
117 130 160 184 151
140 130 192 146 135
197 157 138 136 160
123 182 184 175 127
172 136 137 117 193
54 202 52 98 96
20 11 11 15 5
12 7 8 4 8
3 13 9 10 4
13 7 18 6 11
10 10 3 6 9
6 4 5 6 9
15 12 4 2 8
12 15 7 11 11
6 13 4 11 8
5 9 3 6 7
6 7 7 7 14
18 10 15 13 15
9 8 8 8 25
9 11 13 17 10
