14 5 10
387 1151 1333 2849
878 1212 2142
368 1348
858
632 1087 2092 2525 3696
711 1264 1800 2438 3752
679 1225 2076 2605 3760
734 1086 2078 2780 3714
723 1238 1807 2574 3318
658 1068 1957 2891 3640
664 1123 1848 2751 3590
751 1148 1806 2514 3411
709 1145 2002 2461 3733
710 1231 1881 2732 3203
670 1232 2014 2899 3262
732 1275 1745 2741 3768
642 1221 2095 2529 3435
736 1082 1796 2505 3286
107 102 181 127 163
181 117 147 108 144
128 135 140 179 181
152 192 192 196 109
179 195 170 105 169
123 188 192 172 163
144 172 146 119 176
129 191 134 184 128
177 146 121 141 163
114 115 152 171 147
154 150 163 154 176
163 143 127 145 133
198 160 185 173 150
118 157 181 109 195
231 76 33 23 45
10 7 6 7 11
8 11 10 7 2
13 8 11 5 15
11 17 10 5 6
8 7 13 7 8
4 8 12 12 12
8 15 13 14 8
12 15 17 14 12
13 12 7 13 9
9 14 8 6 10
12 6 11 19 17
6 3 13 24 14
5 11 7 6 29
5 17 5 17 19
