14 5 10
649 1044 1840 3266
472 1528 2500
953 2298
980
1057 1771 2344 3589 4850
929 1921 2319 3683 5068
989 1869 2386 3610 4933
905 2054 2469 3694 5306
934 1944 2328 3818 4925
1060 1986 2560 3765 4714
1062 1864 2598 3943 4727
918 2004 2484 3345 4921
921 1942 2742 3581 4802
1074 1744 2747 4053 4408
957 1977 2395 3653 5184
902 1715 2571 3936 5117
1002 1813 2775 4050 4688
1007 1841 2368 3951 4408
200 107 149 112 167
188 123 142 178 181
112 186 193 157 157
182 198 116 148 143
173 199 192 105 125
129 145 197 143 145
159 183 152 108 146
131 185 185 179 143
126 178 165 113 154
161 151 181 184 155
183 131 197 109 133
160 106 155 141 135
100 183 166 120 132
186 103 148 163 179
44 123 81 166 63
12 14 7 8 5
12 4 5 6 3
8 10 4 12 14
12 14 6 6 12
9 7 14 23 10
6 5 15 13 14
8 9 10 7 6
17 11 8 5 8
8 14 7 8 11
5 14 11 15 17
10 9 11 6 17
10 13 10 12 11
13 10 19 11 8
13 15 21 16 12
