14 5 10
594 1275 1801 1983
761 1196 1659
594 975
393
911 1577 2615 3276 3711
789 1656 2611 3235 4427
855 1715 2540 3493 4176
840 1468 2337 3603 4303
795 1613 2161 3253 3776
816 1577 2548 3149 4381
883 1642 2418 3182 3755
825 1551 2211 3291 3733
859 1564 2448 3392 3965
919 1619 2315 3699 4144
904 1768 2312 3811 4102
808 1470 2602 3262 3922
897 1695 2463 3698 3914
909 1522 2298 3762 4449
177 140 199 192 181
156 149 115 126 136
145 185 200 197 163
152 200 192 158 129
159 150 138 157 167
124 190 168 173 186
164 178 192 147 123
160 139 176 187 186
118 146 104 113 138
138 125 160 163 194
169 146 181 158 183
126 181 131 106 185
178 177 186 173 131
139 174 198 110 186
145 151 20 96 120
22 13 3 6 13
17 8 7 10 14
9 10 10 5 5
13 10 7 15 8
10 11 15 11 4
13 13 6 6 15
13 8 5 9 8
13 11 8 8 4
11 10 8 16 2
10 8 5 13 8
9 5 10 8 10
12 6 10 10 6
9 10 8 7 10
10 7 25 9 14
