14 5 10
336 1109 1983 2371
668 1430 2374
1003 1357
617
997 1444 2220 3355 4137
855 1474 2111 3423 4235
916 1370 2502 3595 4619
924 1313 2234 3774 4110
967 1325 2523 3421 4508
847 1540 2396 3477 4314
857 1403 2212 3659 3955
962 1513 2119 3672 4373
881 1553 2397 3721 4044
848 1332 2509 3577 4510
959 1519 2269 3453 4129
906 1399 2226 3316 4547
890 1454 2411 3737 4549
941 1401 2199 3477 4258
117 142 164 187 106
151 179 184 140 180
172 157 163 145 123
126 120 152 154 114
150 114 161 100 129
195 113 116 169 170
186 153 172 151 149
174 142 145 100 122
161 191 102 195 139
129 194 100 106 183
170 160 139 119 127
181 157 143 147 111
160 155 166 118 130
122 159 163 183 160
193 40 93 106 85
14 7 6 5 12
18 11 8 6 10
26 11 4 10 17
18 7 3 12 7
6 19 12 15 13
15 15 21 8 7
1 4 15 15 9
7 16 11 14 18
9 13 11 4 5
5 10 6 8 8
14 22 13 6 9
15 17 13 15 7
16 6 19 10 13
19 14 9 14 9
