14 4 2
287 765 1310
590 863
557
598 949 1573 2161
545 903 1428 1812
580 835 1635 1834
538 893 1404 2168
537 902 1465 2008
581 938 1460 2095
548 946 1612 2057
563 949 1689 1866
572 805 1542 2013
507 882 1556 1844
519 962 1651 1924
558 906 1488 2012
586 934 1491 1946
551 952 1395 2048
173 195 145 119
160 191 151 105
195 179 175 129
174 194 112 106
168 172 165 184
113 198 124 159
100 147 137 192
186 132 115 131
150 128 102 188
190 133 179 184
149 108 150 147
141 159 109 180
159 158 168 102
109 121 107 175
65 7 90 45
2 11 8 7
10 1 10 5
3 7 5 2
0 4 2 4
7 8 7 5
8 4 2 14
19 5 3 4
3 10 5 15
15 3 4 10
11 10 4 6
35 2 4 6
4 0 0 3
1 12 8 5
2 2 5 4
