14 4 2
646 1315 1990
684 1355
867
825 1637 2361 3282
796 1774 2125 3299
898 1536 2438 2907
886 1610 2259 3132
823 1757 2152 3228
905 1659 2034 3118
771 1682 2201 3038
839 1704 2292 3230
785 1708 2426 3168
875 1730 2052 2962
841 1732 2035 3058
773 1651 2371 2920
863 1822 2470 3408
878 1723 2086 3136
151 163 196 144
109 167 141 162
132 109 149 140
193 183 176 180
160 134 128 194
111 129 176 122
142 147 192 155
161 160 135 159
111 143 145 173
156 120 103 131
153 193 191 137
107 168 108 186
109 115 151 189
170 103 151 200
129 85 49 71
11 16 10 2
1 2 9 4
5 6 4 9
3 8 8 12
6 2 3 2
9 2 3 4
1 14 2 2
6 1 1 8
4 9 11 3
6 6 6 2
2 12 4 0
12 1 16 0
2 1 10 1
14 4 6 6
