14 4 2
609 1340 2730
489 1901
1325
922 1778 2408 3929
1008 1589 2590 3632
1003 1754 2531 3926
925 1615 2546 3868
851 1766 2535 3495
851 1557 2254 3848
930 1787 2249 3635
981 1681 2719 4009
869 1824 2371 3593
889 1639 2574 3597
861 1770 2531 3733
973 1630 2660 3997
953 1735 2676 3692
853 1546 2548 4018
102 112 156 109
115 177 189 141
111 105 158 190
188 154 168 131
190 147 153 101
119 194 159 190
195 129 109 150
166 108 176 186
106 154 143 159
123 162 120 186
194 199 134 159
180 110 134 119
163 164 185 154
192 185 180 155
143 36 60 65
7 7 7 5
7 5 7 3
8 4 6 5
11 7 6 14
4 1 7 9
5 2 16 4
9 2 9 6
8 6 12 4
26 8 5 1
2 7 6 2
2 2 2 2
7 2 2 3
11 2 7 6
17 10 3 3
