14 4 2
468 1086 1787
597 1056
574
644 1282 1968 2766
662 1149 1859 2319
694 1310 1883 2347
751 1252 1890 2291
697 1142 2033 2598
736 1288 2143 2385
702 1231 2029 2426
696 1215 1982 2402
732 1238 1980 2608
720 1174 2001 2446
698 1377 2041 2389
656 1230 2177 2570
715 1283 2084 2638
738 1357 2140 2755
174 152 162 160
136 141 104 122
107 196 172 160
103 172 193 124
109 153 123 134
168 158 131 162
113 159 197 114
161 177 141 146
136 137 106 192
137 110 127 114
186 104 126 136
198 181 172 128
128 183 162 183
126 117 179 168
8 181 35 63
10 2 12 0
5 4 7 4
8 17 1 9
6 15 1 4
16 3 2 10
9 12 6 1
6 6 6 23
15 1 1 1
12 7 4 1
14 3 8 6
1 0 1 15
4 13 6 3
6 3 14 8
9 14 4 7
