14 4 2
409 974 1317
454 959
480
662 1242 1766 2409
694 1066 1751 2294
673 1118 1522 2071
600 1243 1781 2453
597 1146 1593 2362
688 1141 1778 2250
638 1183 1720 2286
608 1238 1575 2352
585 1183 1582 2333
687 1111 1769 2058
653 1222 1594 2134
696 1150 1755 2397
676 1267 1597 2051
683 1077 1632 2110
146 154 129 177
137 196 111 124
109 104 127 142
120 124 117 137
164 116 131 151
115 175 133 135
137 196 165 141
129 131 107 174
157 195 173 163
169 194 140 145
112 171 162 122
127 119 185 196
193 129 106 175
148 137 117 101
180 18 100 79
4 3 16 13
4 10 4 9
4 1 13 7
9 14 5 0
2 1 0 10
10 2 2 10
9 16 8 4
6 2 6 8
3 6 5 7
6 7 12 7
6 6 13 11
10 10 9 7
17 3 8 5
7 0 17 5
