14 4 2
391 1014 1131
630 995
297
599 1056 1755 2153
686 1009 1748 2180
677 1011 1663 2193
572 991 1916 2424
643 1027 1724 2187
570 961 1787 2517
621 1014 1742 2352
687 1081 1920 2319
635 1040 1649 2540
576 989 1698 2444
602 938 1848 2452
679 1048 1937 2146
683 982 1616 2607
688 924 1896 2427
109 183 133 160
197 169 127 130
138 179 193 150
135 180 143 171
192 117 147 187
200 139 141 170
178 148 199 177
139 146 158 130
108 164 183 194
193 177 126 153
156 146 122 154
149 128 168 143
178 112 150 168
130 155 157 152
117 186 16 30
1 10 0 3
8 9 8 3
0 8 6 10
5 6 7 3
8 11 0 10
5 7 6 1
2 2 25 2
4 18 5 14
2 1 0 18
1 5 9 7
4 2 5 3
12 3 11 16
10 4 10 3
2 1 4 5
