14 4 2
460 1066 1336
677 1117
336
712 1198 1962 2432
692 1340 2037 2823
732 1230 2082 2703
689 1242 1885 2390
657 1373 1844 2445
704 1262 2084 2647
692 1247 1914 2607
762 1187 2019 2379
649 1269 1977 2636
629 1301 2018 2804
681 1232 2044 2569
708 1356 2000 2805
633 1428 1867 2813
664 1263 1842 2566
124 165 155 188
172 113 184 119
193 169 158 138
181 186 146 147
191 197 113 106
188 123 147 124
162 121 170 161
181 151 146 138
120 124 170 113
115 134 150 129
154 145 142 100
118 182 181 131
190 159 173 127
132 185 150 129
281 62 54 30
3 1 3 1
7 7 4 4
9 5 2 6
1 5 3 2
3 7 5 3
5 5 5 12
0 15 7 4
1 4 8 10
5 8 15 5
6 6 2 1
6 5 4 2
2 1 3 16
5 2 14 4
6 2 15 8
