14 4 2
609 1340 1981
715 1097
671
1000 1746 2552 3259
1057 2052 3001 3151
985 1855 2812 3750
940 1930 2931 3233
927 1916 2701 3581
940 1879 2757 3291
1015 2048 2715 3477
900 1938 2947 3307
968 1809 2910 3700
938 2066 2721 3506
1058 1787 2991 3376
1023 1949 2774 3701
903 1839 2583 3455
952 2107 2969 3187
119 163 171 100
113 199 138 180
178 121 119 136
131 107 197 136
145 151 183 170
176 154 173 164
179 187 184 187
161 191 141 177
104 127 175 112
149 131 175 193
144 118 123 182
122 122 161 125
184 129 199 136
117 156 141 148
6 30 114 98
7 9 10 8
3 3 1 12
5 6 9 5
4 11 17 5
9 7 4 12
1 8 1 2
5 15 2 9
5 3 7 4
6 2 1 9
1 8 8 3
11 2 2 4
7 9 8 5
4 6 9 8
4 2 3 10
