2 3 10 1000
430 1064
597
522 993 1769
578 925 1778
48 43 28
43 35 26
52 13 8
25 23 28
37 35 23
25 25 25
19 27 26
29 20 16
23 35 26
32 31 24
16 32 24
13 36 27
29 35 26
38 33 22
17 30 24
31 43 24
43 20 26
22 43 21
39 35 26
26 32 28
27 23 20
37 28 28
21 29 26
31 25 17
30 35 26
21 39 22
31 32 20
23 43 24
19 35 26
23 17 28
40 20 19
27 33 25
26 29 26
45 39 28
20 22 26
23 34 26
34 23 26
19 23 21
19 35 24
32 24 28
23 33 17
25 24 26
27 35 26
28 43 28
34 28 26
33 19 19
16 24 22
20 35 28
18 35 15
26 26 27
36 26 26
23 26 24
43 28 16
17 23 18
16 26 21
30 42 23
26 35 26
19 19 28
31 32 19
42 23 28
34 20 26
33 34 28
43 17 26
21 30 15
41 15 26
29 29 13
31 35 26
23 38 28
32 35 20
14 21 21
29 28 26
31 31 26
33 26 26
18 29 17
18 19 26
40 42 25
30 31 26
29 18 28
15 24 26
21 20 28
35 19 22
24 26 28
32 30 21
23 24 28
15 23 26
25 31 25
43 19 26
35 13 28
36 22 23
19 13 28
19 31 26
34 32 23
22 35 16
28 13 28
19 35 26
25 41 28
26 15 26
34 33 13
41 30 20
22 22 28
41 32 26
40 43 28
38 35 26
22 30 18
35 31 26
39 29 28
43 24 26
33 19 25
37 14 26
36 34 28
43 28 25
38 36 21
32 25 18
43 38 26
26 14 23
42 18 28
30 22 24
21 32 14
29 19 26
31 14 16
36 32 24
34 41 24
27 29 26
31 18 27
43 35 16
30 20 21
27 27 26
38 20 24
40 34 23
38 35 25
31 23 26
34 31 28
24 27 26
42 18 28
22 15 22
34 27 28
27 23 26
31 26 23
24 35 26
20 26 23
43 35 26
19 35 28
33 26 26
44 23 27
23 18 24
29 35 22
24 31 24
26 29 19
14 35 26
34 28 27
43 35 26
29 23 28
17 23 26
41 19 28
17 17 26
36 28 15
28 25 26
26 24 28
43 33 24
32 21 21
16 27 20
20 37 19
26 14 24
39 29 23
14 35 23
26 13 17
31 21 26
44 21 19
32 33 20
19 18 24
29 35 18
41 15 28
27 19 26
25 43 28
15 27 26
38 39 18
39 19 17
23 14 28
28 34 26
21 13 28
19 24 26
16 32 28
36 28 16
23 25 22
28 22 26
24 28 21
27 33 21
28 33 28
27 24 17
19 25 20
34 18 26
24 36 28
23 26 26
37 25 19
38 16 26
38 42 28
21 19 24
34 27 15
43 29 26
18 38 24
14 33 26
43 36 27
18 33 26
26 30 24
20 27 14
20 20 28
32 35 26
29 20 19
28 35 26
19 19 28
26 35 26
29 20 19
32 14 26
14 27 28
23 32 26
41 23 15
43 35 22
36 35 27
14 27 24
29 39 18
36 35 26
24 41 26
21 28 26
38 39 28
27 34 26
20 25 22
41 35 26
15 34 15
34 27 26
15 24 28
18 35 26
32 43 25
17 26 26
46 24 28
34 35 26
23 22 26
35 28 26
20 23 28
23 27 25
38 23 25
14 18 17
32 39 14
24 22 18
31 43 28
30 22 26
27 43 28
26 22 21
28 25 13
33 19 23
16 34 28
26 26 26
26 25 25
24 32 26
24 30 20
24 35 26
21 22 24
29 26 26
40 29 24
34 35 26
38 26 26
33 16 21
24 21 21
33 22 26
28 22 26
33 31 26
22 18 28
31 15 20
40 33 28
20 35 26
25 14 28
42 31 15
43 25 28
30 34 26
41 26 28
23 20 26
22 27 28
25 34 26
31 29 28
17 13 23
34 43 26
18 17 16
13 26 18
35 29 26
28 21 28
30 32 26
36 24 18
22 27 24
17 30 25
43 35 26
22 37 22
23 29 26
34 20 14
41 27 26
42 31 28
43 21 19
21 30 17
37 15 26
29 20 18
43 16 15
40 24 28
28 30 26
30 41 28
35 29 26
45 21 28
21 35 21
36 39 28
37 13 24
45 21 25
31 35 20
38 35 28
19 35 26
29 25 28
28 35 24
23 26 28
27 23 25
28 25 28
27 16 26
23 21 26
20 29 26
42 23 18
32 15 26
41 32 28
41 30 26
23 28 28
27 35 26
46 27 18
23 29 26
18 32 17
25 32 26
33 27 28
36 35 26
13 16 24
30 25 26
29 19 28
33 28 26
26 25 26
36 20 26
25 32 22
36 21 26
28 27 28
27 27 25
41 36 28
43 22 26
46 16 28
27 35 26
35 27 26
34 35 26
38 33 26
41 35 26
23 43 28
35 19 26
22 17 24
20 22 26
22 43 18
32 22 26
29 35 28
24 35 24
31 43 28
24 34 26
41 35 28
31 27 16
35 19 28
28 31 14
18 20 28
29 35 26
45 29 25
26 35 18
17 19 27
23 35 25
37 33 24
18 17 26
41 40 16
37 29 23
24 36 28
28 17 26
29 28 28
17 31 19
19 21 27
30 29 26
29 15 20
19 16 26
23 39 15
41 25 26
31 31 28
20 33 26
15 33 22
39 23 26
27 22 18
26 35 23
28 34 25
23 19 21
31 21 24
41 29 26
39 30 28
28 21 26
45 32 28
19 25 26
32 22 28
18 29 20
33 35 26
36 35 25
23 18 21
30 21 23
32 34 28
23 35 22
23 28 28
27 35 26
24 43 28
19 35 26
27 26 28
31 34 26
31 32 15
23 26 26
28 15 28
43 26 26
22 42 26
43 35 26
32 32 28
27 23 23
37 25 28
37 23 26
29 17 28
30 35 26
19 31 28
43 35 23
19 26 15
33 28 23
38 32 28
34 16 26
22 27 28
25 35 26
16 38 28
35 32 26
42 25 28
43 35 26
30 36 28
19 20 14
26 29 28
29 26 26
29 43 20
31 35 26
32 36 18
26 35 26
22 27 26
24 34 26
32 29 21
32 29 26
27 19 23
24 32 20
37 17 23
33 20 26
34 36 28
20 28 26
36 20 28
31 14 26
37 33 28
25 30 19
30 22 17
42 25 26
37 21 28
29 31 26
23 41 20
29 35 22
33 20 27
32 35 26
24 25 28
37 35 13
26 29 28
15 23 26
23 32 26
26 35 26
17 19 28
20 19 26
18 28 28
41 35 26
41 25 28
36 25 26
15 39 28
38 35 26
25 39 18
32 27 26
25 26 17
18 14 26
20 28 19
20 25 26
17 38 28
33 33 26
21 34 24
27 29 26
46 26 19
25 27 23
27 29 26
14 32 26
20 23 27
29 35 26
41 29 28
31 30 26
35 34 28
19 18 26
39 35 28
14 13 21
30 30 28
28 28 17
26 27 28
29 24 25
32 36 25
23 20 26
34 31 28
14 14 18
43 32 23
30 26 26
30 43 22
33 15 26
37 36 25
13 16 13
15 28 26
43 30 19
23 25 20
36 35 24
31 18 24
13 35 26
22 16 28
29 35 26
34 37 28
31 26 26
22 37 28
22 27 26
32 24 23
21 21 26
40 43 21
35 31 26
14 24 28
33 35 23
16 18 23
32 27 26
22 26 16
27 32 22
20 33 21
23 26 26
23 24 28
27 33 18
32 35 28
30 29 26
24 20 22
26 29 25
20 35 28
28 32 20
25 36 28
22 32 26
31 19 21
13 21 26
44 34 26
30 15 26
44 26 28
22 35 26
24 38 24
32 19 26
39 23 28
30 35 20
38 34 28
41 35 26
28 23 26
21 35 26
40 43 23
22 30 26
45 34 28
37 32 21
38 29 26
27 30 22
34 28 18
27 27 26
34 31 16
33 28 19
17 28 22
18 28 19
18 26 28
31 35 22
30 41 20
13 31 26
23 41 28
26 25 26
32 38 28
23 29 26
14 37 28
38 25 26
31 32 13
18 35 21
23 24 21
41 21 16
31 39 28
40 28 26
32 17 18
23 35 22
27 23 28
31 27 26
32 32 17
27 32 19
42 27 28
35 26 26
26 28 28
22 35 26
35 34 28
25 20 26
36 25 28
38 22 18
38 21 28
41 34 26
24 43 21
25 34 13
28 26 13
38 30 26
29 43 24
24 19 24
13 35 14
21 35 26
42 43 28
28 27 26
17 28 28
25 14 26
32 21 28
24 30 22
26 29 28
40 24 26
38 30 28
28 24 26
21 27 25
31 17 26
28 43 23
28 35 26
28 29 23
37 24 26
32 18 13
27 31 26
22 22 27
32 28 16
22 32 28
36 25 26
14 38 28
22 21 26
33 23 16
24 19 16
24 35 28
30 35 26
30 23 25
24 27 26
35 27 28
33 30 26
29 41 28
40 25 16
28 21 28
23 23 26
21 23 26
42 29 26
26 43 23
34 19 26
31 28 25
25 25 13
26 15 28
21 35 22
23 39 21
22 35 18
20 25 28
40 32 15
24 35 27
33 14 26
29 17 25
22 35 17
16 21 18
26 19 26
40 32 24
32 30 26
41 20 15
26 30 19
25 43 25
40 15 21
29 43 21
28 23 26
34 34 28
19 23 25
18 42 28
40 32 22
27 39 28
43 30 18
34 41 18
29 28 26
46 15 25
32 27 15
44 43 19
26 35 26
22 23 13
28 19 26
30 27 28
38 35 18
23 33 13
31 35 26
38 36 28
24 32 22
28 43 28
36 18 25
14 27 20
33 35 23
30 36 22
28 32 18
27 34 21
40 31 25
30 17 28
43 19 23
20 17 27
29 30 26
35 20 28
34 35 26
25 24 23
28 29 24
19 30 28
42 29 26
38 41 26
35 33 26
37 33 28
22 35 26
20 35 28
23 32 15
17 18 20
29 35 23
40 28 28
24 24 26
28 36 28
30 32 26
38 38 28
26 30 25
23 31 26
36 24 15
19 34 25
29 32 26
18 37 28
29 34 22
17 28 28
40 25 19
19 37 17
22 21 21
34 31 26
40 29 26
38 19 28
29 35 26
35 20 26
43 21 22
23 27 28
23 35 26
36 43 28
20 18 24
31 23 28
27 29 26
17 38 21
23 18 26
40 30 13
43 35 17
23 31 28
27 20 17
28 21 25
22 33 18
31 20 28
33 23 26
16 39 28
34 21 26
21 29 20
30 29 26
35 30 28
34 22 19
31 34 28
22 28 24
18 19 27
16 35 26
24 43 16
41 28 26
46 35 28
27 23 26
32 15 27
24 35 13
34 43 24
25 35 26
36 17 19
23 15 24
35 23 26
18 33 26
29 37 28
17 20 15
19 39 24
41 27 17
36 16 28
43 35 26
31 43 18
41 35 16
39 24 19
20 22 19
25 41 25
31 28 18
18 14 21
43 35 17
27 32 27
30 23 26
29 20 28
28 17 26
21 32 15
43 25 26
34 18 28
37 31 26
27 29 28
18 21 26
16 23 22
31 35 25
25 18 26
36 21 19
30 22 19
37 35 26
15 25 25
19 15 22
30 43 28
25 27 26
26 24 21
34 35 25
41 19 28
43 31 26
14 38 19
43 30 19
34 34 28
23 34 24
30 37 28
28 13 26
32 21 16
28 21 26
20 39 20
20 17 26
17 39 19
43 28 22
39 34 28
34 19 26
35 26 28
21 33 26
30 32 28
23 35 21
28 14 28
30 29 26
31 43 27
24 29 25
38 30 18
18 26 26
24 26 25
33 25 24
24 28 23
24 34 26
17 36 23
28 21 26
28 37 28
28 18 26
40 27 21
18 26 26
33 30 18
22 35 26
46 43 19
26 16 26
19 25 28
27 35 26
22 31 28
13 29 23
25 13 28
28 14 16
17 43 28
33 31 26
30 13 28
23 28 26
38 29 22
27 23 15
18 20 27
35 35 21
41 20 28
29 30 26
25 28 24
37 26 14
15 21 28
32 21 26
31 40 28
43 24 26
36 19 28
35 30 19
26 25 28
43 24 19
28 32 28
35 32 16
28 27 23
22 21 22
16 20 20
37 29 26
32 21 16
29 23 18
13 20 28
16 23 26
33 32 28
21 35 26
17 43 23
28 28 26
22 31 16
15 22 26
33 16 25
35 27 26
27 19 19
34 24 20
24 19 28
34 25 26
27 35 22
31 24 25
31 34 28
28 33 25
33 14 22
22 27 26
16 26 28
39 19 15
34 29 19
33 35 26
18 27 28
39 27 21
24 24 19
27 31 26
23 29 28
36 24 26
28 17 28
25 23 26
28 34 28
24 21 22
28 29 16
31 30 26
15 31 18
32 17 26
19 35 28
42 31 26
24 35 21
40 33 26
22 37 28
29 35 26
22 39 23
29 35 26
30 39 28
26 33 26
20 41 28
33 25 26
30 30 18
36 35 17
19 36 21
36 35 26
33 42 28
29 31 26
35 32 26
27 35 26
26 22 28
20 19 26
26 32 28
13 30 26
35 28 24
33 35 26
18 33 28
28 26 26
27 25 26
28 28 26
18 38 28
43 35 18
18 23 19
13 21 25
42 30 18
27 30 26
31 36 28
38 29 26
25 33 28
34 35 26
19 25 28
26 22 26
23 38 27
28 31 26
16 30 18
25 18 22
38 25 28
25 23 26
14 15 18
41 18 24
32 29 27
33 19 26
26 28 22
18 20 26
42 23 28
35 25 26
28 43 28
23 25 26
23 27 28
30 35 26
19 27 28
41 34 26
43 33 28
19 14 25
28 43 28
40 26 26
34 35 24
33 24 25
33 15 28
35 28 26
33 41 28
28 33 26
26 16 26
29 35 23
34 32 28
43 35 26
30 35 20
30 26 13
14 32 28
32 28 26
19 18 21
36 31 22
39 24 28
32 28 26
37 23 26
31 35 26
36 37 27
36 35 24
32 35 28
40 33 26
26 34 23
39 15 16
36 43 28
24 30 25
37 32 28
25 20 26
29 23 28
24 33 26
30 43 16
18 35 26
34 15 28
13 18 13
15 20 28
13 15 20
22 33 28
23 18 26
19 37 28
29 35 26
27 30 13
39 25 25
33 22 28
16 33 26
21 16 24
24 35 26
21 34 28
39 28 26
35 23 28
21 34 24
41 39 28
35 13 21
22 25 28
29 35 26
42 40 28
26 35 13
46 15 28
32 24 26
27 35 28
24 26 26
27 29 15
26 25 22
29 13 28
28 27 16
27 41 28
25 35 26
19 18 25
15 35 26
19 32 18
30 18 26
30 32 28
23 32 26
32 36 28
27 14 18
38 23 28
27 35 23
26 26 21
24 32 15
37 22 20
24 28 21
29 36 28
20 30 21
22 40 14
19 28 24
34 22 28
36 35 26
15 33 28
31 35 18
29 17 20
14 24 26
22 31 28
35 35 22
21 26 28
20 21 25
32 36 28
38 35 20
20 28 25
43 23 17
44 25 28
25 18 26
25 23 28
27 22 26
27 30 20
31 20 25
16 21 28
28 20 26
33 27 28
37 17 26
46 39 27
40 35 26
14 43 25
23 24 26
40 18 28
27 35 21
18 41 28
22 18 19
21 32 28
15 33 17
22 38 23
17 26 26
46 24 23
32 24 26
38 34 28
34 35 26
19 35 28
20 35 26
34 26 28
33 35 26
23 42 18
27 27 24
25 36 28
30 32 26
38 41 25
34 23 26
30 33 28
31 35 13
22 22 28
18 30 26
37 21 28
14 18 26
27 16 22
30 35 26
46 22 19
20 18 26
26 28 28
34 19 26
26 22 28
37 31 26
26 16 28
29 35 26
23 18 24
38 35 26
29 28 28
36 35 26
26 32 27
34 18 26
25 16 26
27 21 21
27 28 28
27 20 26
17 37 28
26 27 19
23 35 28
23 18 26
27 38 28
27 26 26
37 21 27
35 29 26
13 14 27
26 35 16
14 16 28
38 26 22
20 21 25
26 35 26
21 17 20
33 35 21
41 42 25
23 23 26
42 33 28
24 35 26
33 31 28
17 24 26
32 21 13
36 20 26
25 25 27
21 31 13
33 17 28
20 35 26
25 22 26
28 35 26
28 23 24
23 22 26
22 22 28
27 17 26
26 30 27
20 28 26
20 27 28
24 35 19
18 27 28
27 33 26
22 13 28
16 32 26
36 41 20
43 22 26
21 23 22
21 28 21
21 16 28
38 23 26
18 36 28
39 35 26
35 43 28
27 15 26
39 41 28
36 33 26
13 32 28
26 23 26
23 24 20
34 35 18
26 14 23
25 32 26
16 21 21
28 32 26
40 33 28
43 18 19
19 16 24
26 24 24
34 40 28
35 20 26
39 22 25
26 35 26
17 32 28
29 27 26
33 31 28
33 19 26
24 38 23
13 35 26
33 19 28
35 35 26
41 42 17
24 31 26
18 34 28
23 22 18
34 40 28
25 26 23
30 23 27
27 16 26
45 38 28
20 27 26
19 18 28
20 17 26
35 32 28
27 32 26
21 38 24
28 23 26
26 22 27
27 22 13
42 28 18
25 32 24
28 36 16
36 35 20
20 43 28
27 28 20
24 30 26
35 28 18
25 31 28
27 13 17
27 27 17
30 35 16
42 39 28
18 20 26
38 33 28
39 34 19
23 34 19
31 25 23
38 21 28
24 35 22
31 21 28
22 35 24
29 19 27
34 35 26
25 20 28
13 17 26
34 28 28
19 35 26
26 24 28
36 24 26
25 32 28
41 26 14
39 16 28
35 22 26
20 33 28
25 31 26
29 23 28
26 29 21
37 39 26
36 28 17
42 17 28
17 29 23
28 22 27
30 28 24
33 39 13
17 26 24
37 28 22
31 18 25
33 24 28
22 28 24
14 36 20
41 13 26
34 26 24
32 19 26
23 28 21
35 24 26
13 43 16
26 35 24
41 31 28
43 24 24
33 28 28
23 15 26
32 17 22
42 21 26
20 29 25
31 29 26
26 26 27
23 35 26
31 25 27
34 28 26
38 37 28
22 23 19
46 32 25
32 32 25
25 40 18
32 35 26
35 30 28
38 35 18
27 27 28
36 35 26
22 25 28
18 23 26
22 19 28
41 32 26
42 19 28
43 31 26
25 22 27
26 18 26
39 13 19
35 29 26
23 32 28
26 35 26
36 21 22
17 28 26
17 16 28
16 35 26
30 31 28
29 14 21
35 32 17
25 29 19
43 37 28
34 35 26
34 24 28
39 15 26
40 20 28
14 24 26
45 18 13
32 18 26
38 27 24
20 35 26
28 27 28
37 27 25
34 35 28
15 24 25
18 30 27
20 18 26
18 24 16
37 17 24
32 30 28
26 35 21
27 36 28
19 19 26
37 27 28
26 13 24
42 32 22
34 35 26
37 29 22
40 29 26
24 13 28
33 35 26
18 23 28
39 35 24
25 23 17
30 35 26
33 30 28
32 24 26
45 25 20
13 26 18
18 41 23
36 35 26
19 36 28
43 15 26
33 26 24
30 29 17
23 19 25
38 22 23
39 26 18
17 32 26
44 17 28
19 29 26
36 43 25
16 33 26
16 21 21
31 35 22
38 28 28
20 20 25
38 22 16
22 16 16
46 27 26
18 16 14
23 31 28
17 18 20
38 25 28
20 21 26
46 19 28
32 35 26
23 43 19
14 21 26
16 31 28
39 35 26
30 32 28
15 19 26
21 15 25
21 29 26
19 39 20
36 14 26
22 27 28
25 35 26
33 14 27
41 31 23
36 42 28
36 27 20
34 37 28
15 20 13
33 35 16
32 17 26
19 31 28
23 31 26
43 21 28
34 30 26
13 21 15
39 35 17
31 21 20
30 28 26
44 29 28
27 35 26
36 27 28
33 23 26
45 35 28
18 17 26
27 15 23
43 35 26
24 19 28
26 35 26
24 31 16
23 35 26
26 34 28
14 35 20
39 41 28
21 35 19
33 19 26
14 32 23
22 16 18
24 32 26
17 19 26
32 35 21
16 33 28
34 24 26
27 39 28
23 23 26
16 43 27
23 22 22
34 43 26
32 29 18
17 43 21
29 35 26
23 29 28
24 21 26
33 21 28
33 35 22
17 39 28
25 33 19
40 35 28
37 24 24
35 41 28
25 20 26
25 20 26
39 32 26
15 40 28
41 35 26
36 22 23
33 35 26
24 31 28
28 23 26
22 21 27
39 19 26
17 40 28
33 28 24
34 43 19
40 35 14
18 38 28
41 25 22
28 18 21
24 35 26
34 26 28
30 28 26
28 18 28
26 28 26
24 33 17
17 27 26
37 24 28
23 32 26
23 27 28
33 35 26
39 25 28
39 35 26
16 20 28
43 35 19
22 21 23
31 21 26
22 22 22
41 30 26
13 41 19
26 17 26
40 28 28
37 30 26
21 19 28
22 27 24
35 28 19
34 25 26
25 18 26
29 16 26
24 38 28
13 35 20
40 20 28
23 35 26
17 24 27
28 34 21
19 19 28
30 23 26
37 35 28
22 20 24
32 22 20
33 35 26
23 29 23
36 31 26
19 31 24
33 14 13
21 24 21
28 29 26
40 39 28
13 25 25
23 42 28
37 28 26
31 43 21
36 29 26
33 41 22
25 29 26
33 22 28
28 19 26
37 28 27
39 35 26
21 22 28
43 30 26
20 18 16
30 35 26
14 20 28
21 35 22
14 32 28
23 35 26
36 23 25
28 28 25
24 32 23
43 35 22
26 15 28
29 14 26
44 22 19
27 28 19
24 39 28
31 28 19
33 16 27
33 27 22
37 36 25
20 13 26
46 28 18
22 29 15
46 41 24
31 13 26
38 31 28
13 35 26
23 43 28
20 21 26
35 20 28
24 35 15
33 22 26
43 35 26
27 27 28
43 31 26
24 38 28
37 32 24
38 33 20
29 28 13
18 33 13
32 35 26
30 29 28
14 33 26
14 21 25
22 30 26
41 17 14
23 15 17
38 34 28
30 18 26
28 29 28
32 35 26
28 23 24
25 34 26
36 43 28
33 35 26
45 24 28
32 28 26
28 43 19
30 35 22
25 34 28
40 35 18
32 42 20
24 15 24
21 20 23
31 22 25
27 32 25
14 14 13
33 24 28
22 35 24
22 21 18
42 20 26
36 23 28
29 25 26
33 30 28
37 35 26
32 26 27
31 35 26
32 34 28
35 30 22
28 21 21
43 35 24
43 43 28
20 35 26
22 30 22
35 35 26
43 43 23
25 15 24
27 43 28
15 26 26
15 27 28
43 18 26
27 43 28
30 28 26
24 23 19
17 32 26
24 23 13
23 35 26
29 20 23
20 35 26
19 38 28
30 35 19
30 33 28
20 16 26
26 43 28
31 35 26
24 18 28
18 35 20
25 43 28
22 20 26
33 39 28
41 35 26
33 28 14
19 21 26
33 30 28
23 20 26
33 26 16
27 34 26
37 25 23
16 31 16
25 14 13
43 28 21
14 20 28
32 17 26
25 29 28
37 23 26
24 34 28
21 28 26
21 37 28
42 35 26
23 18 28
35 27 26
33 24 28
39 35 26
20 32 22
18 27 26
20 36 14
31 23 26
21 19 28
32 35 26
36 26 28
22 29 14
32 19 28
22 20 21
27 31 28
31 22 24
32 17 27
20 35 26
28 33 28
20 35 26
27 36 23
25 33 26
20 23 25
28 23 26
34 23 24
42 23 15
20 43 28
21 35 26
35 23 19
31 30 22
43 27 19
21 13 26
32 20 28
36 25 26
23 23 28
40 35 26
28 33 28
14 30 26
25 42 28
27 18 26
38 38 28
36 21 26
31 26 24
38 31 26
26 29 28
23 35 26
34 39 26
35 31 19
20 27 15
21 20 22
20 27 28
25 25 26
17 39 26
30 21 26
17 24 28
21 34 15
32 17 28
21 29 23
24 21 25
22 32 25
25 24 28
35 28 26
18 24 28
31 26 26
36 32 19
23 35 14
21 39 26
20 20 23
21 30 28
23 22 23
19 37 19
31 35 22
42 17 28
43 25 26
24 21 28
25 23 25
39 43 23
38 27 16
16 29 28
15 31 25
37 26 28
31 28 23
28 25 27
19 35 25
43 18 19
25 16 26
21 27 28
32 31 26
43 30 28
35 35 23
13 36 26
27 35 26
22 24 28
43 27 18
33 34 22
35 32 20
20 28 28
25 35 26
31 14 28
21 17 26
32 35 16
38 28 26
17 22 28
24 19 24
30 36 27
43 19 22
34 21 28
27 28 26
30 23 28
26 24 26
40 35 28
37 26 26
25 42 28
23 26 21
15 30 26
32 35 26
19 27 28
30 23 22
18 37 15
23 25 26
33 43 27
15 35 26
43 15 18
31 26 26
17 21 28
28 23 26
23 31 24
20 31 26
43 18 28
24 29 25
32 19 28
19 16 24
35 34 19
43 25 26
39 27 28
18 28 26
29 42 28
27 29 26
23 20 28
26 27 14
17 43 17
18 22 26
44 30 28
24 27 26
41 33 28
27 35 19
19 33 23
20 23 26
30 43 23
43 15 26
21 25 28
24 17 21
22 28 21
15 35 26
33 34 28
30 24 26
30 40 25
27 24 24
24 42 28
32 35 15
20 29 28
34 23 26
27 21 23
28 28 25
26 23 27
22 20 20
36 19 19
17 21 25
30 25 21
29 30 26
23 22 16
15 35 26
26 25 28
30 30 26
45 21 28
18 28 26
31 35 24
28 29 24
30 32 28
39 30 26
21 28 28
28 27 26
16 26 28
19 31 26
42 20 18
38 27 19
24 32 28
21 35 22
24 43 28
22 35 26
36 27 25
35 20 23
36 20 28
36 23 26
23 21 20
39 35 21
23 14 28
22 27 26
31 18 28
22 34 26
18 22 28
14 35 26
36 31 20
24 35 26
36 36 28
22 34 26
36 26 19
21 20 26
19 20 28
20 19 26
25 43 14
29 33 18
28 16 28
31 32 26
33 32 17
32 35 18
27 34 28
18 35 26
19 31 19
21 35 25
23 22 28
34 28 26
19 23 15
29 29 24
24 41 28
15 35 17
31 14 28
28 35 19
43 23 20
25 26 17
24 39 28
29 23 21
22 41 28
31 26 22
24 35 26
25 32 26
38 33 28
30 35 26
33 26 28
15 35 26
29 23 28
18 23 26
29 30 25
39 35 25
40 39 19
31 35 16
24 19 27
22 28 15
17 23 28
30 18 26
36 34 28
24 17 26
23 32 14
25 24 26
15 37 27
23 21 26
19 25 28
16 30 26
24 38 28
40 15 26
41 43 28
18 35 26
17 28 20
23 19 15
37 43 26
33 25 26
30 37 28
33 34 26
42 25 28
16 35 20
16 30 16
17 20 26
41 43 18
39 35 26
16 27 27
28 35 26
38 43 28
24 24 18
28 39 28
39 32 26
28 34 28
28 35 26
46 30 19
19 25 26
37 34 28
26 35 26
29 30 27
26 29 26
21 29 20
24 35 26
28 27 18
43 28 26
16 30 22
32 35 18
41 24 28
34 35 26
25 43 23
30 35 26
29 31 27
26 34 26
40 23 28
40 35 26
25 38 17
39 35 19
43 19 28
41 27 26
