14 4 5
326 778 1104
594 894
369
645 1038 1727 2163
562 1112 1743 2458
624 936 1469 2282
610 971 1495 2390
563 1041 1723 2144
590 1122 1671 2417
618 947 1770 2385
586 967 1649 2536
578 1097 1651 2301
589 1041 1753 2513
589 947 1768 2503
584 1022 1738 2433
546 1013 1565 2281
618 1048 1782 2358
47 40 27 42
43 45 49 48
45 34 49 34
34 34 42 42
38 38 37 45
45 25 45 37
25 49 25 38
42 28 50 32
44 25 43 39
46 28 35 33
47 32 50 46
31 41 28 42
29 39 25 26
43 38 27 50
43 11 5 25
8 6 24 18
18 17 6 6
8 15 28 4
9 14 21 21
11 9 5 21
27 20 6 11
15 4 10 11
6 15 8 10
17 17 3 18
25 10 12 12
18 8 14 21
10 24 16 24
13 18 36 5
18 33 3 12
