14 4 5
170 840 1176
483 876
393
633 873 1543 2049
576 945 1434 2032
560 957 1379 2096
534 982 1509 2194
611 1006 1475 2088
543 849 1601 2231
644 848 1627 1915
588 915 1638 2249
618 985 1395 2185
595 910 1352 2199
552 862 1453 2100
632 854 1523 2083
649 869 1630 2229
573 884 1474 2208
45 25 38 34
42 30 45 44
33 30 46 42
50 33 25 50
47 50 26 38
29 33 35 41
26 46 34 35
49 39 34 37
41 27 36 43
33 30 41 31
36 47 33 43
34 26 27 32
41 36 32 41
28 40 33 36
28 25 28 19
6 10 14 9
10 18 14 26
13 11 6 24
1 9 16 17
8 24 17 15
6 8 11 5
8 3 13 16
32 23 15 16
5 29 14 26
24 18 15 4
23 16 5 13
12 11 12 13
29 23 29 12
18 10 36 15
