14 4 5
352 844 916
492 655
96
502 927 1582 1714
573 937 1571 1928
516 842 1377 2011
541 866 1617 1915
569 942 1366 1983
483 829 1468 1923
498 941 1625 1772
482 905 1540 1799
570 886 1500 1761
563 837 1362 2048
578 840 1495 1712
551 865 1408 1923
490 822 1561 1796
541 896 1656 1850
36 25 42 35
37 40 27 27
45 32 39 25
48 49 35 30
28 48 32 37
30 28 40 48
27 25 27 36
36 42 43 35
28 31 45 49
47 38 33 34
34 36 43 46
49 49 25 42
35 47 42 29
42 30 40 33
7 18 30 15
7 1 14 16
6 17 10 9
12 16 14 10
27 8 14 3
21 18 22 8
10 6 4 14
13 13 14 2
14 9 15 8
19 13 6 2
10 21 14 19
6 19 27 35
13 12 13 29
26 19 10 14
18 14 18 15
