14 4 5
329 1090 1855
891 1607
450
638 993 2120 2711
746 1008 1930 2656
651 1096 2075 2360
698 1120 2058 2562
676 1100 1798 2792
665 968 2064 2809
636 1045 2152 2632
644 1049 1887 2501
748 1066 2047 2762
640 1135 2021 2639
655 1015 1872 2591
674 1057 2155 2337
740 1013 1967 2352
689 1004 2103 2664
28 40 31 47
29 38 25 50
28 33 41 27
37 45 37 32
29 46 33 25
34 47 37 45
49 42 38 27
45 46 37 44
48 26 50 38
48 45 27 38
29 48 46 46
49 31 41 43
31 28 46 29
39 48 38 33
26 5 34 0
8 17 11 8
15 25 15 23
9 13 15 13
47 23 15 10
15 19 8 15
10 15 18 16
23 12 12 14
10 5 14 10
19 10 10 6
20 22 8 18
17 14 11 6
28 20 19 12
24 9 24 27
22 26 23 26
