14 4 5
367 666 1154
366 953
485
533 990 1448 2011
639 942 1535 2045
607 926 1355 2305
554 875 1344 2124
605 852 1386 2248
619 1003 1499 2046
629 1015 1568 2238
541 870 1470 2041
589 914 1511 2021
527 958 1589 2221
602 898 1338 2026
636 860 1479 2121
531 843 1559 2268
614 836 1482 2216
45 50 26 43
30 31 39 46
43 33 45 43
26 36 48 27
34 39 37 44
30 44 29 33
42 48 50 48
47 38 48 33
30 42 49 36
29 49 40 44
41 46 25 33
27 43 37 39
27 37 41 34
33 43 27 29
27 18 29 6
28 19 21 17
11 19 18 10
8 2 11 18
19 5 20 27
23 12 32 20
5 22 34 19
7 17 13 33
21 15 9 16
14 18 7 15
15 34 15 7
10 15 16 16
10 17 32 19
45 6 28 33
9 10 5 12
