14 4 5
215 1237 1363
809 1034
304
760 1033 2168 2503
719 1153 1884 2757
790 1201 2034 2416
664 1100 1890 2814
663 1141 1903 2463
726 1138 2170 2489
786 1051 1913 2917
699 1219 2198 2500
677 1168 2220 2689
744 1219 2049 2535
699 1144 1983 2831
740 1100 1938 2673
746 1143 2046 2899
657 1218 2170 2438
37 31 45 33
29 34 43 46
31 26 37 31
42 45 35 38
40 35 28 27
32 37 39 47
26 46 44 40
30 28 36 26
28 25 48 31
39 43 39 43
45 26 43 48
32 35 48 41
44 42 39 46
32 33 26 34
24 22 44 4
5 12 24 18
16 19 23 9
13 18 23 22
25 17 6 31
22 31 10 22
13 14 7 5
20 22 7 10
9 5 6 12
7 14 10 8
18 16 19 11
14 7 22 16
7 11 13 17
17 16 21 5
16 19 10 23
