14 4 5
335 858 1230
484 740
263
531 986 1538 1880
537 1166 1441 2025
495 1189 1597 1851
579 1165 1413 1968
522 1044 1469 1956
561 1084 1359 1971
539 1146 1584 2078
537 1169 1485 2082
549 992 1633 1879
504 1091 1603 2055
588 1054 1398 1965
576 1141 1600 1811
585 1054 1409 2094
564 1124 1390 2109
34 35 29 29
32 40 41 43
50 29 33 36
44 26 33 39
44 27 40 44
47 27 33 35
26 48 47 27
46 40 35 34
29 29 27 37
36 28 39 40
35 35 29 25
28 38 25 30
36 40 44 48
42 40 39 47
37 33 21 7
15 7 23 27
13 12 18 17
5 14 16 26
13 16 21 16
19 20 24 5
11 24 19 17
9 14 14 5
15 13 9 15
14 10 12 19
8 5 32 31
20 10 17 32
26 13 11 21
20 14 11 11
16 15 19 2
