14 4 5
450 1149 1485
515 1053
526
676 1317 1969 2541
675 1257 1811 2610
662 1323 1782 2626
639 1130 1836 2617
620 1319 1719 2400
705 1136 1664 2741
649 1295 1954 2629
680 1203 1752 2498
718 1262 1781 2698
670 1344 1877 2727
611 1209 1812 2712
741 1148 2020 2569
654 1175 1880 2536
631 1230 1662 2324
29 47 40 29
30 28 47 49
42 49 43 32
36 28 43 30
31 42 33 44
39 25 27 37
25 44 34 41
33 43 35 26
48 31 48 47
34 45 49 47
31 25 44 45
34 48 37 44
26 41 31 43
26 27 29 43
36 33 7 20
22 23 16 3
2 15 17 11
14 19 16 13
14 13 29 8
6 18 11 19
19 8 11 19
19 26 11 17
33 21 18 32
25 23 17 5
20 31 9 23
9 11 8 14
16 18 23 21
17 17 16 5
8 11 5 8
