14 4 5
459 1077 1595
758 1332
488
848 1447 2302 2895
884 1638 2006 2983
810 1396 2272 3341
863 1430 2393 3191
845 1518 2386 3032
827 1557 2303 3160
816 1659 2155 3435
923 1414 2183 3135
893 1566 2148 3401
883 1500 2231 3383
933 1650 2321 3156
862 1560 2140 3107
810 1553 2318 3336
929 1473 2432 3105
39 27 42 45
31 42 28 32
25 26 35 44
46 50 27 27
47 27 32 32
37 34 42 47
49 29 26 32
29 42 34 27
42 26 40 39
31 40 30 48
37 37 47 33
25 50 30 30
43 30 29 27
45 28 47 36
11 9 13 27
13 10 5 22
6 19 9 16
15 11 13 19
19 18 14 7
4 9 4 7
18 10 3 15
15 5 12 18
8 7 9 9
14 17 23 29
17 11 21 14
10 10 8 10
14 12 10 2
10 16 16 18
5 13 42 4
