14 4 5
683 1389 1656
500 1113
788
728 1489 2203 3045
768 1276 2139 2997
715 1382 2133 3343
710 1414 2262 3171
755 1392 2280 3306
784 1301 2061 3284
745 1373 2055 3176
724 1461 2180 2819
779 1513 1943 3284
783 1293 2094 3238
810 1549 1949 3165
742 1542 1978 3284
780 1496 2011 3358
839 1473 2023 3364
44 39 29 30
40 43 46 33
45 28 36 40
27 46 48 41
30 44 49 42
43 49 30 38
46 43 28 49
34 35 35 41
30 39 32 25
42 34 43 48
28 37 40 49
50 38 49 39
41 41 49 40
47 29 42 38
44 23 15 1
30 25 15 14
5 18 24 15
6 16 11 20
22 5 8 9
14 2 30 14
13 13 13 22
14 9 8 10
16 13 11 7
9 11 19 9
13 13 16 8
9 13 26 25
19 8 10 11
13 7 36 33
7 5 21 27
