14 4 5
508 1210 1896
679 1148
568
741 1315 2099 2876
802 1425 2151 2959
735 1561 2243 3037
802 1403 2218 2797
701 1484 2000 2885
686 1357 2134 2877
710 1316 2182 2696
788 1528 2252 2950
736 1535 2217 3125
678 1423 2275 3244
691 1429 1927 3267
788 1491 2001 2992
701 1544 2116 3261
787 1426 2256 2701
30 26 41 26
38 35 28 30
43 36 42 43
43 38 33 29
35 30 36 46
48 35 48 33
27 49 49 45
30 29 45 38
35 28 44 36
25 35 36 33
32 49 39 25
26 48 36 31
45 44 42 26
43 40 41 32
69 5 17 7
24 2 19 26
12 15 20 12
6 6 22 14
13 9 0 17
11 20 16 8
18 10 9 9
14 28 13 5
10 15 19 12
9 3 10 8
28 34 11 19
13 16 21 11
10 1 24 11
10 16 17 8
10 7 10 30
