14 4 5
519 1013 2209
639 1589
1280
1017 1586 2422 3789
905 1824 2820 3753
994 1793 2905 3897
1049 1884 2666 3390
887 1737 2681 3297
985 1551 2438 3858
987 1763 2751 3425
900 1579 2556 3573
1026 1884 2752 3915
935 1888 2845 3469
951 1777 2677 3650
1029 1642 2770 3321
935 1823 2726 3257
903 1660 2815 3521
47 30 50 47
45 33 48 39
44 48 46 35
43 36 41 27
40 30 36 25
31 41 44 46
42 32 32 38
31 38 40 45
32 42 27 26
42 50 42 33
36 47 48 30
34 32 47 25
43 36 39 48
37 35 48 34
60 20 10 12
20 10 20 16
2 16 8 34
16 14 5 12
20 20 6 14
13 36 29 8
23 13 14 9
14 7 10 17
4 22 20 16
13 34 23 13
10 12 8 4
11 22 5 12
14 19 10 10
13 25 17 35
12 13 15 1
