14 4 5
647 1306 1404
567 867
322
653 1375 2132 2476
754 1478 1996 2916
715 1303 1904 2650
757 1247 2045 2889
741 1297 1879 2772
674 1393 2170 2856
718 1217 2110 2685
774 1410 1983 2583
751 1321 1859 2875
717 1341 2139 2466
728 1404 2155 2672
714 1400 1905 2950
669 1329 1952 2501
769 1368 2151 2847
39 49 44 35
35 40 50 40
39 33 28 40
48 50 43 25
25 42 35 50
38 25 42 28
49 37 50 30
39 45 34 25
38 49 48 42
41 27 37 43
30 31 41 26
41 44 28 45
50 27 38 32
36 38 49 50
15 30 2 24
18 34 14 15
8 30 12 23
13 11 20 26
36 8 11 20
35 14 31 29
23 27 9 15
16 13 18 8
1 15 23 9
3 14 16 13
23 13 5 5
12 10 9 14
14 12 8 15
15 11 32 5
12 13 14 15
