2 2 5 1000
573
888 1537
901 1281
5 6
10 9
2 5
5 6
10 9
5 4
4 9
5 6
5 9
5 6
10 9
5 6
9 9
5 3
10 9
5 6
10 9
5 6
10 9
5 6
9 9
5 6
10 9
5 6
10 9
5 6
8 9
5 6
10 9
5 6
10 9
5 4
10 9
5 4
10 9
5 6
10 6
5 6
10 9
5 6
10 9
5 6
10 9
5 4
10 9
5 6
10 9
5 6
10 9
5 6
10 9
5 6
10 9
5 6
10 9
5 6
10 9
5 6
10 9
5 6
10 9
4 6
9 9
5 6
10 9
5 6
10 9
5 6
10 9
5 6
10 9
5 6
10 9
5 6
10 8
5 6
10 4
3 6
9 9
5 6
8 9
5 6
10 9
5 6
10 6
5 6
10 9
5 6
10 9
5 6
10 9
5 6
7 9
5 6
9 9
5 5
6 8
5 6
10 9
5 6
10 9
5 4
10 9
5 6
10 9
5 6
10 9
5 6
10 9
5 6
10 9
5 6
10 6
4 6
10 9
5 3
10 9
5 6
10 9
5 6
10 9
5 6
9 9
5 6
10 9
5 6
10 9
5 4
9 7
5 6
10 9
5 6
10 9
5 6
10 9
4 6
9 9
5 6
10 9
5 6
10 9
5 6
3 9
5 6
10 9
5 6
10 8
5 6
8 9
5 6
10 8
5 6
5 9
5 6
10 9
5 3
10 9
5 6
9 9
5 6
10 9
5 6
10 9
4 6
10 8
5 6
10 9
5 6
10 9
5 5
10 7
5 6
10 9
5 6
10 9
5 6
10 9
5 6
7 8
4 4
8 9
5 6
8 9
5 6
10 5
5 6
10 9
5 4
10 9
5 6
10 9
5 6
10 6
5 6
10 9
5 6
10 7
5 6
10 9
5 6
10 9
5 6
10 9
5 6
10 4
5 6
6 9
5 6
9 9
5 6
10 9
5 6
7 9
5 6
10 9
5 6
5 9
5 6
9 9
5 6
6 9
5 5
7 9
5 6
10 9
5 6
4 9
5 6
10 9
5 6
10 8
5 6
10 9
5 6
10 9
5 6
10 9
5 6
10 7
5 6
8 9
5 6
3 9
3 6
10 9
5 6
10 9
5 6
3 9
5 6
6 9
5 6
6 9
5 6
7 9
5 6
7 9
5 6
10 8
5 6
10 7
5 6
10 9
5 6
10 9
5 6
3 9
5 6
10 9
5 5
7 7
5 6
8 7
5 6
10 9
5 6
10 9
5 6
4 9
5 6
10 9
5 6
10 9
5 6
10 9
5 6
10 9
5 6
9 9
5 3
4 9
5 6
10 9
5 6
10 9
5 6
10 8
5 6
10 9
5 6
6 9
4 6
10 9
5 6
10 8
5 6
10 9
5 6
10 9
4 6
10 9
5 6
10 9
5 6
4 9
5 6
10 9
5 6
10 9
5 6
10 9
5 6
5 8
4 6
10 6
5 6
7 9
5 6
7 9
5 6
10 9
5 6
10 6
5 6
10 9
5 6
10 9
5 6
10 9
5 6
10 9
5 6
10 9
5 6
10 9
5 6
10 9
5 6
10 9
5 6
10 9
5 6
10 6
5 6
10 9
5 6
10 5
5 6
10 9
4 6
10 7
5 5
10 9
5 6
10 9
5 6
5 9
5 6
7 9
5 6
10 9
5 6
10 9
5 6
10 9
5 6
10 9
5 6
6 9
5 6
10 9
5 6
10 9
5 6
10 9
5 6
10 9
5 6
10 9
3 6
10 5
5 6
10 9
5 6
9 9
3 6
10 9
5 6
10 9
5 6
8 9
5 6
10 9
5 6
10 9
5 6
4 9
5 6
6 9
5 6
9 9
5 6
10 9
5 6
10 9
3 6
10 9
5 6
10 9
5 6
10 9
5 6
10 9
5 6
10 9
5 6
10 9
5 6
9 9
5 6
10 8
5 6
9 9
5 6
10 3
5 6
10 7
5 6
10 9
5 6
10 7
5 6
10 5
5 6
10 9
5 6
10 9
5 6
8 5
5 3
10 9
5 6
9 9
5 6
10 9
5 6
6 9
5 6
3 9
5 6
10 9
5 6
9 9
5 6
10 5
5 5
10 9
5 6
10 8
5 6
10 9
5 6
9 9
4 6
10 8
5 6
6 4
5 6
10 9
5 6
10 9
5 6
10 9
5 6
10 9
5 6
8 9
5 6
10 7
5 6
10 9
5 6
9 6
5 6
10 9
5 6
10 9
5 6
10 9
5 6
7 9
5 6
8 9
5 4
7 9
5 6
4 9
5 6
10 9
5 6
9 9
5 6
3 9
5 6
3 9
5 6
6 5
5 6
10 9
5 6
10 9
5 6
6 8
5 6
10 9
5 6
10 7
5 6
8 9
5 6
8 5
5 6
10 9
5 6
6 9
5 6
10 9
5 6
10 9
5 6
10 9
5 6
6 9
5 6
10 4
5 6
10 9
5 6
10 5
5 6
10 6
5 6
10 9
5 6
10 9
5 6
10 9
5 6
10 9
5 6
10 9
5 6
10 8
5 6
10 9
5 6
10 8
5 4
10 9
5 6
6 9
5 6
10 6
5 6
10 9
5 6
5 9
5 6
10 9
5 6
10 5
5 6
10 9
5 6
10 9
5 6
10 9
5 6
10 9
5 6
5 9
5 6
10 9
5 6
10 8
5 6
10 9
4 6
10 9
5 6
10 9
5 6
10 7
5 6
10 9
3 6
6 7
5 6
5 8
5 6
10 9
5 6
8 7
5 6
10 9
5 6
9 3
5 6
10 9
5 6
7 9
4 6
10 8
5 6
10 9
5 6
10 5
5 6
9 9
5 6
9 9
5 6
10 7
5 6
10 7
5 6
8 9
5 6
6 9
5 6
10 4
3 6
10 7
5 6
6 9
5 6
10 5
5 6
10 5
5 5
6 3
4 6
10 7
5 6
10 9
3 6
10 9
5 6
10 4
5 6
10 9
4 6
8 9
5 6
5 9
5 6
10 9
5 6
10 9
5 6
10 9
4 6
5 4
5 6
10 9
5 6
10 9
3 4
10 5
5 6
10 9
5 6
10 9
5 6
10 8
5 6
10 9
5 6
10 9
5 6
10 9
5 6
10 9
5 6
8 9
5 6
10 9
5 6
10 9
5 6
10 9
5 6
10 9
5 6
10 9
5 6
10 9
5 6
10 9
5 6
6 9
5 6
10 9
5 6
9 9
5 6
10 9
5 6
10 9
5 6
10 9
5 6
9 6
5 6
10 4
5 4
7 4
5 6
10 9
5 6
10 9
5 6
10 9
5 6
10 9
5 6
10 9
5 6
10 9
5 6
10 9
5 6
10 9
5 6
10 9
5 6
10 9
5 6
10 9
5 6
10 9
5 6
10 9
5 6
6 9
5 6
10 9
5 6
10 9
5 6
8 9
5 6
6 9
5 6
10 9
4 6
7 9
5 6
10 9
5 6
9 9
5 6
10 9
5 6
10 8
5 6
10 9
5 6
10 9
5 6
7 9
5 6
7 9
5 6
10 9
5 6
10 9
5 6
10 9
5 6
9 9
4 6
7 9
5 6
5 9
5 6
10 9
5 6
6 9
4 6
7 9
4 6
4 9
5 6
10 9
5 6
5 9
5 6
10 9
5 5
10 9
5 4
9 9
5 6
10 9
5 6
10 7
5 6
4 9
5 6
10 9
5 6
10 9
5 6
10 9
5 6
10 9
5 6
10 9
5 6
9 9
5 6
10 7
5 6
10 9
5 6
10 9
5 6
10 9
5 6
10 9
5 6
10 9
5 6
9 9
5 6
7 3
5 6
10 7
5 6
10 3
5 6
10 9
5 6
10 9
5 6
10 9
5 6
8 9
5 6
10 9
3 6
10 9
5 6
3 9
5 6
6 9
5 6
9 9
5 6
10 9
5 6
5 9
5 6
10 9
5 5
8 9
5 6
10 9
5 6
10 9
5 6
7 9
5 6
10 6
5 6
10 9
5 6
10 9
5 6
10 9
5 6
6 9
5 6
10 9
5 6
10 6
5 3
10 9
5 6
7 9
5 6
8 9
5 6
8 9
5 6
10 9
5 6
5 9
5 6
10 9
5 5
10 9
5 6
10 9
5 6
9 9
5 6
10 9
5 6
7 9
5 6
10 9
5 6
10 7
5 6
10 9
5 6
10 9
5 6
6 9
5 6
10 9
5 5
10 6
5 6
10 7
5 4
10 8
5 6
10 9
5 6
10 9
5 6
5 9
5 6
10 9
5 6
10 7
5 6
10 9
5 6
10 9
5 6
10 9
5 6
10 9
5 6
7 9
5 6
10 4
5 6
10 9
5 6
10 9
5 6
10 9
4 3
10 9
5 6
4 9
5 6
10 9
5 6
3 6
5 6
5 9
5 6
3 9
5 6
10 9
5 6
10 9
5 6
10 8
5 6
10 7
5 6
10 9
5 6
10 9
3 6
10 9
5 6
10 9
5 6
6 9
5 6
10 9
5 6
10 6
5 6
10 9
5 6
8 8
5 6
9 9
5 6
10 9
5 6
5 9
5 6
10 9
5 6
8 9
5 6
10 7
4 6
10 9
4 6
10 9
5 6
10 9
5 6
10 9
5 6
10 9
5 6
10 9
5 6
9 9
5 6
9 9
5 6
10 9
5 6
3 9
5 6
4 9
5 6
7 9
5 6
10 9
5 6
6 9
5 6
10 9
5 6
10 8
5 6
10 3
5 6
10 9
5 6
7 9
5 6
10 7
5 6
10 9
5 6
10 9
5 6
10 9
5 6
10 9
5 6
10 9
5 6
10 8
5 6
10 9
5 6
10 9
5 6
10 9
5 6
10 9
5 6
10 9
5 6
8 9
5 6
10 7
5 6
10 6
5 6
10 4
5 6
10 5
5 6
4 9
5 6
9 9
5 6
10 5
5 6
10 7
5 6
10 8
5 6
6 9
5 6
10 9
5 6
10 9
5 6
10 9
5 6
9 9
5 6
10 9
5 6
10 9
5 6
10 6
5 6
9 9
5 6
10 9
4 6
7 8
5 6
10 9
5 6
10 9
5 5
5 9
5 6
10 7
5 4
7 9
5 5
10 9
5 6
10 9
5 6
6 9
5 5
8 9
5 6
10 9
5 6
7 9
5 6
9 9
5 6
10 6
5 6
10 6
5 6
10 9
5 6
10 9
5 6
10 7
5 6
10 9
5 6
6 9
5 4
10 9
5 6
5 9
5 6
7 5
5 6
10 7
5 6
10 9
5 6
9 7
5 6
10 9
5 6
8 4
5 6
5 9
4 6
10 9
5 6
10 9
5 6
8 9
5 6
10 9
5 6
6 9
5 6
10 9
5 6
10 9
5 6
8 9
5 6
10 9
5 6
5 4
5 6
4 9
5 6
4 9
5 6
10 9
5 4
10 9
5 6
10 9
5 6
10 7
5 6
10 9
5 6
10 9
5 6
10 9
5 6
10 9
5 6
10 3
5 5
10 9
5 3
10 9
5 6
10 9
5 6
10 9
5 6
10 6
5 6
10 9
5 6
8 5
4 6
10 9
5 6
10 9
5 6
10 9
5 6
6 9
4 6
10 9
5 6
10 8
5 6
10 9
5 6
10 5
5 6
10 9
5 6
10 9
5 6
10 9
5 6
10 9
5 6
10 9
5 5
10 9
5 6
10 9
5 6
10 9
3 6
10 9
5 6
3 9
5 6
10 9
5 6
8 9
5 6
10 9
5 6
10 7
5 6
10 9
5 6
10 9
5 6
10 9
5 6
10 9
5 6
10 8
5 6
10 9
5 6
10 9
5 6
10 9
5 6
10 9
4 6
10 9
5 6
10 8
5 6
10 9
5 6
3 9
5 6
8 9
5 6
10 7
5 6
10 3
5 6
10 9
5 6
10 9
5 6
10 9
5 5
8 5
5 6
10 8
5 6
10 9
5 6
10 9
5 6
5 9
5 6
10 9
5 6
10 8
5 6
10 8
5 6
10 9
5 6
10 9
5 6
10 9
5 6
7 9
5 6
10 9
5 4
10 9
5 6
10 9
5 6
10 9
5 6
10 9
5 6
10 9
5 6
9 7
5 6
6 9
5 4
6 9
5 4
10 9
5 6
10 9
5 6
8 9
5 6
10 9
5 6
10 9
5 6
10 7
5 6
10 9
5 6
5 8
5 6
9 9
5 6
10 6
5 6
10 7
5 6
7 9
5 6
7 9
5 6
8 9
5 6
10 9
5 6
4 6
5 6
10 9
5 5
8 7
5 6
10 9
5 6
4 9
5 6
9 9
5 6
10 9
5 6
10 9
5 6
10 9
5 6
10 9
5 6
10 9
5 6
10 9
5 6
10 9
5 5
10 9
5 6
10 6
5 6
10 9
5 6
10 7
5 4
9 9
5 6
10 9
5 6
9 6
5 6
10 9
5 6
10 9
5 6
9 9
5 6
10 9
5 5
10 9
3 6
10 9
5 6
10 8
5 6
10 9
5 6
10 9
5 6
10 6
5 6
10 9
5 6
10 6
5 6
10 9
5 6
10 9
5 5
10 9
5 6
10 9
5 6
10 7
5 6
7 9
5 6
10 9
3 6
10 9
5 6
8 9
5 6
10 7
5 5
10 9
5 6
7 9
5 6
10 7
5 6
10 9
5 6
10 9
5 6
10 9
5 6
10 9
5 6
10 9
5 6
8 9
5 6
4 9
5 6
10 4
5 6
10 9
5 6
10 9
5 6
10 9
5 6
10 9
5 6
8 9
5 6
8 9
5 6
10 9
5 6
7 9
5 6
8 9
5 6
10 9
5 6
9 7
5 6
3 7
5 6
8 9
5 6
10 9
5 6
4 9
5 6
10 9
5 6
10 5
5 6
8 9
5 6
10 9
5 6
10 9
5 6
7 7
5 6
10 9
5 6
10 9
5 6
10 9
5 6
10 9
5 6
6 9
5 6
10 9
5 6
10 9
5 6
7 5
5 6
10 9
5 6
10 4
5 6
10 9
5 6
10 9
5 6
10 9
5 6
8 5
4 6
10 9
5 6
8 9
5 6
10 9
5 6
10 9
5 6
7 9
5 5
10 3
5 6
10 9
5 6
5 9
5 6
10 9
5 6
10 9
5 5
10 9
4 6
10 9
5 6
10 9
5 6
10 9
5 6
10 9
5 6
10 9
5 6
10 9
5 3
10 7
5 6
10 9
5 6
5 9
5 6
10 6
5 6
10 9
5 6
10 9
5 4
10 9
5 6
7 9
4 6
4 9
5 6
5 4
5 6
10 9
5 6
9 9
5 6
10 9
5 6
9 9
5 6
10 9
5 3
10 9
5 6
7 9
5 6
10 9
5 6
8 9
5 6
9 9
5 6
6 9
5 6
9 9
5 6
10 9
5 6
10 9
5 6
10 9
5 6
10 9
5 5
7 9
5 6
10 9
5 6
10 8
5 6
4 6
5 6
5 9
5 6
10 9
5 6
10 6
5 6
10 9
5 6
9 8
5 6
10 9
5 6
10 9
5 6
5 7
5 6
10 9
5 6
10 9
5 6
10 9
5 6
9 9
5 6
9 9
5 6
10 9
5 6
5 6
5 6
10 9
5 6
10 8
4 6
10 9
5 6
10 9
5 6
10 9
5 6
10 9
5 6
8 9
3 4
10 9
5 6
10 8
5 6
10 3
5 6
10 5
5 6
10 9
5 6
5 9
5 6
4 9
5 4
10 9
5 5
9 9
5 6
10 9
5 6
10 9
5 6
10 9
5 6
10 9
5 6
6 9
5 6
10 9
5 6
5 9
5 6
10 9
5 6
9 9
5 6
10 9
5 6
10 9
4 6
10 9
5 6
10 9
5 6
10 9
5 6
10 9
5 6
10 9
5 6
4 9
5 6
10 9
5 6
10 9
5 4
10 9
5 6
10 9
5 6
10 9
5 6
10 9
5 6
10 5
5 6
10 8
5 6
10 9
4 6
4 9
5 6
10 9
5 6
10 9
5 6
5 9
4 6
4 6
5 6
7 9
5 6
9 9
5 6
10 9
5 6
10 8
5 6
10 9
5 6
10 9
5 6
10 9
4 4
10 9
5 6
10 9
5 6
10 9
5 6
10 9
5 5
10 9
5 6
10 9
5 6
10 9
5 4
10 9
5 6
10 9
5 6
10 9
5 6
10 6
5 6
10 9
5 6
10 9
5 6
10 9
5 6
7 9
5 6
10 4
5 6
10 9
5 6
10 9
5 6
10 9
5 6
10 6
5 6
10 9
5 6
10 9
5 6
10 6
5 6
10 9
5 6
9 3
5 6
10 7
5 6
10 9
5 6
8 9
5 6
10 7
3 6
4 8
5 6
10 9
5 6
10 9
5 6
6 7
5 6
7 9
5 6
10 4
5 6
10 9
4 6
10 9
5 6
10 9
5 6
10 7
5 6
10 9
5 5
10 9
3 6
10 4
5 6
10 9
5 6
10 9
5 5
10 9
5 6
10 9
5 6
10 9
5 6
10 9
5 6
10 9
5 6
10 5
5 6
7 9
5 6
10 9
5 6
10 5
5 6
10 9
5 6
10 5
5 6
10 7
5 6
10 9
5 6
5 9
5 6
9 4
5 6
10 9
5 6
10 4
5 6
3 9
5 6
5 9
5 6
8 9
5 6
10 9
5 6
10 9
5 6
10 9
5 6
9 9
5 6
10 9
5 6
10 9
5 6
10 9
5 6
5 9
5 6
10 6
5 6
10 9
5 6
8 9
5 6
10 9
5 6
7 9
5 6
10 9
5 6
10 9
5 6
7 9
5 6
10 9
3 6
10 9
5 6
8 8
5 6
6 9
5 6
10 3
5 6
10 9
5 6
8 9
5 6
9 6
5 6
10 9
5 6
7 9
5 6
10 9
5 6
10 9
5 6
3 9
5 6
4 9
5 6
5 9
5 6
10 9
5 6
10 9
5 6
10 9
5 6
10 9
5 6
8 9
5 6
9 6
5 6
5 8
5 6
10 6
5 6
8 8
