3 10 10 5
1 1
1 5
2 5
1 2
2 2
1 1
1 3
1 4
1 1
1 5
2 2 3
1 3
0 
9659 30379 29964 17646 8337 6015 22735 32723 10170 47374
1 562 1242
2 641
3
1 542 1094
2 683
3
1 607 1293
2 600
3
1 613 1273
2 587
3
1 546 1194
2 671
3
1 608 1306
2 647
3
1 552 1092
2 650
3
1 566 1116
2 594
3
1 612 1197
2 609
3
1 514 1075
2 672
3
3 6 0
5 2 0
9 1 0
4 4 1
2 2 3
6 0 1
5 3 0
8 0 1
4 2 3
4 4 1
25 25 25
1029 1755 2661
1087 1695 2525
1014 1785 2615
935 1917 2786
902 1656 2635
