14 4 15
758 1104 1844
533 1363
564
802 1672 2369 3129
873 1800 2577 3322
860 1722 2498 3274
801 1719 2790 3522
955 1720 2551 3655
876 1572 2513 3065
861 1826 2740 3683
817 1636 2464 3076
863 1857 2710 3118
788 1728 2645 3277
861 1820 2402 3309
938 1869 2611 3265
892 1888 2494 3151
894 1604 2457 3079
106 151 162 187
136 189 177 114
140 136 169 134
191 141 181 167
148 119 124 155
130 189 146 179
150 199 109 105
164 134 160 138
147 150 149 141
154 116 197 141
200 178 136 137
114 130 138 193
130 122 191 164
101 158 177 199
87 238 68 15
7 3 4 3
2 9 4 9
1 4 3 3
9 6 5 3
1 10 6 6
6 7 8 5
9 3 2 2
6 2 3 1
3 0 8 5
5 7 7 3
3 1 3 3
6 5 0 6
2 6 2 6
5 5 5 4
