14 4 15
642 1381 1758
838 1364
556
993 1686 2726 3343
1087 1788 2460 3624
915 1641 2610 3659
1084 1728 2861 3516
1062 1846 2418 3656
1012 1610 2545 3161
1022 1768 2872 3719
957 1722 2782 3498
1023 1761 2574 3691
905 1948 2425 3439
1083 1888 2550 3427
995 1664 2589 3767
1093 1610 2506 3435
994 1897 2792 3364
141 199 115 194
187 142 138 147
188 200 158 140
135 196 194 196
107 167 119 142
105 187 117 123
120 123 141 175
132 180 104 109
152 194 199 172
187 184 193 144
107 120 198 184
194 177 109 194
122 165 142 188
142 192 153 142
86 24 206 0
6 6 3 8
7 6 1 9
6 5 4 0
11 8 10 5
9 3 4 1
2 4 8 3
5 5 6 4
7 7 7 3
3 5 5 12
3 3 2 4
6 3 8 9
6 4 4 11
4 4 4 3
7 6 6 8
