14 4 15
618 1507 1867
646 1704
759
873 1672 2569 3505
962 1502 2687 3231
861 1792 2704 3595
814 1658 2451 3507
860 1539 2596 3533
957 1786 2369 3106
989 1500 2435 3503
890 1510 2603 3107
845 1521 2451 3328
975 1482 2666 3421
876 1726 2487 3141
850 1575 2702 3639
856 1710 2404 3405
952 1567 2608 3641
104 178 170 126
200 114 188 172
134 172 189 198
184 151 147 153
176 162 133 166
102 118 190 198
102 173 130 199
144 200 113 182
167 175 161 127
198 107 190 164
105 156 134 118
121 110 184 177
133 148 144 175
114 138 108 111
121 197 56 54
3 6 2 1
9 7 7 3
4 3 7 3
5 5 8 4
9 7 3 6
8 6 5 6
5 8 4 6
6 4 15 3
3 4 5 3
4 7 6 3
6 8 3 9
13 7 5 9
4 10 7 9
5 8 6 6
