14 4 15
339 848 1311
491 1057
723
701 1082 1717 2527
698 1227 1802 2701
694 1158 1915 2486
767 1145 2004 2478
664 1194 1896 2559
724 1110 1689 2479
725 1148 1817 2473
746 1311 1811 2355
711 1260 1690 2619
697 1212 1974 2696
676 1156 1745 2398
772 1090 1663 2332
665 1130 1770 2695
762 1181 1776 2686
172 150 101 189
118 110 117 105
155 114 150 195
149 170 143 157
150 137 194 141
110 112 155 176
111 177 182 157
192 162 125 165
168 111 121 168
180 129 123 160
148 133 171 107
197 136 199 168
131 117 152 133
157 129 194 153
79 170 104 16
2 2 6 3
0 2 4 7
10 3 3 7
6 4 6 8
10 8 2 1
8 3 6 8
6 11 6 5
9 4 6 3
2 4 4 6
3 2 6 8
8 0 7 4
1 4 7 5
1 11 4 10
11 11 7 5
