14 4 15
411 686 1278
210 626
429
536 1086 1381 1935
563 1142 1562 1904
528 1094 1637 1996
538 1081 1450 2037
568 1015 1466 1954
526 1105 1394 2073
580 1147 1623 1943
580 972 1507 2257
566 973 1599 1978
636 1056 1386 2130
606 1022 1616 1974
578 1096 1429 2071
577 1108 1525 2148
572 1118 1352 1996
200 161 157 177
151 172 150 177
133 107 176 105
110 150 111 183
108 186 179 180
192 169 110 198
182 172 135 113
189 100 172 137
185 148 119 116
103 186 118 139
174 108 128 163
113 109 147 200
191 105 169 115
132 137 106 150
8 103 134 69
7 1 5 7
4 6 2 4
6 7 3 10
2 2 5 4
6 2 8 3
10 7 4 4
11 11 6 0
2 7 1 2
8 5 3 6
2 8 7 6
4 4 9 3
3 6 7 5
2 7 1 2
5 6 10 5
