14 4 15
239 1035 1262
866 1003
183
703 974 1908 2134
650 991 1857 2260
677 967 1952 2517
642 982 1936 2538
590 982 1832 2188
617 1127 1721 2548
608 1003 1939 2473
579 1141 1935 2569
669 993 1924 2287
614 1059 1928 2485
602 1044 1702 2268
641 979 1762 2446
619 1018 1967 2529
585 1115 1959 2388
136 165 163 174
158 150 164 142
131 194 179 198
148 147 106 138
158 167 108 115
163 167 113 174
134 106 157 125
168 156 144 143
117 101 182 162
140 115 158 133
108 136 196 122
114 153 153 110
118 106 199 175
143 132 131 189
72 93 132 60
7 5 1 6
4 5 3 2
6 2 5 1
2 8 1 6
8 5 4 2
4 6 6 6
5 8 9 6
6 4 4 2
4 10 8 3
4 2 1 4
1 4 10 2
8 8 8 7
6 6 4 13
7 3 16 12
