14 4 15
519 659 1320
312 959
644
515 1072 1415 2180
531 996 1592 1866
532 1133 1586 1872
537 1096 1329 2106
593 1100 1531 1845
588 1055 1466 2218
529 982 1429 2074
496 1077 1396 2102
513 1153 1574 2151
527 998 1477 2188
580 1064 1327 1919
520 1150 1595 2079
549 1111 1346 1877
583 1004 1557 1987
120 110 193 157
104 113 101 193
196 122 170 182
191 179 189 147
145 172 158 152
185 143 170 163
127 167 147 112
159 159 110 194
170 128 145 142
197 142 190 123
198 179 112 135
147 157 100 128
148 147 166 174
128 135 103 198
41 56 93 83
7 8 3 2
3 5 4 3
4 2 1 9
3 7 3 2
9 4 5 8
6 1 3 8
3 1 5 3
1 7 6 3
2 8 8 11
4 2 3 6
4 9 8 2
4 5 4 6
3 6 7 5
5 4 5 5
