14 4 15
398 920 1464
459 1011
787
732 1300 1813 2680
752 1257 1838 2806
788 1447 1973 2563
842 1414 1941 2934
824 1297 1837 2735
740 1370 1823 2790
837 1324 1879 2734
732 1414 1861 2961
806 1405 1832 2994
783 1313 1876 2645
809 1340 2022 2648
728 1226 1803 2646
740 1310 2013 2717
824 1244 1822 2551
195 122 147 151
199 102 143 149
129 120 161 113
104 115 179 170
129 147 110 111
106 150 172 167
189 200 179 181
143 151 188 177
193 189 128 163
125 181 150 164
119 162 111 119
125 192 109 185
115 183 170 112
187 121 113 127
146 77 73 15
6 3 3 10
6 6 7 5
4 8 4 4
5 7 3 6
6 4 4 5
1 2 2 3
6 3 4 6
9 6 5 5
5 9 5 8
8 7 5 4
3 5 10 4
6 11 5 7
5 2 7 4
3 3 5 5
