14 4 15
414 998 1515
562 1106
583
602 1158 1849 2643
691 1107 1945 2621
660 1134 1934 2362
666 1123 2003 2445
718 1121 1734 2298
675 1231 1892 2339
711 1115 1834 2647
613 1284 1952 2590
733 1209 1940 2524
643 1214 2017 2691
666 1096 2037 2549
633 1196 1904 2286
701 1222 2001 2473
602 1108 2037 2468
167 150 185 167
171 173 139 194
130 163 163 166
152 108 122 159
144 164 143 191
153 191 128 131
166 191 119 166
122 127 103 185
199 162 144 179
132 132 114 162
119 145 138 119
143 131 178 175
194 125 130 181
178 168 121 154
80 116 136 64
3 5 6 1
5 5 9 1
1 6 3 1
5 4 2 2
4 1 6 3
5 4 10 2
7 1 4 3
4 5 6 7
3 8 0 0
4 9 1 6
6 6 2 2
6 2 4 8
5 4 4 0
12 8 3 7
