14 4 15
431 716 1269
290 781
452
499 982 1336 1867
556 1049 1348 2057
531 999 1425 1854
560 905 1370 1878
551 1010 1528 1856
556 1007 1503 2067
543 961 1411 1784
549 898 1369 1999
534 1014 1516 1802
539 1001 1459 1899
500 1057 1446 2113
509 995 1540 1784
482 982 1389 1968
512 976 1378 2132
126 176 130 187
137 141 188 160
155 179 133 137
116 126 156 186
190 183 195 102
149 118 115 119
199 113 103 130
112 126 125 197
132 173 113 199
174 131 140 165
158 133 171 191
102 193 151 126
135 102 141 174
140 124 177 186
123 137 11 90
0 5 5 3
4 0 4 3
3 3 2 4
7 4 4 7
6 6 6 9
6 6 8 11
7 7 5 14
6 5 5 5
5 3 12 2
7 4 4 2
9 3 4 4
6 2 1 5
8 3 3 3
4 3 5 2
