14 4 15
743 1071 1664
253 1214
887
933 1828 2147 3187
810 1800 2521 3315
985 1785 2451 3277
989 1812 2502 3370
834 1837 2274 3690
951 1733 2188 3511
853 1744 2360 3204
901 1613 2204 3528
826 1933 2293 3796
984 1806 2317 3730
926 1710 2172 3549
844 1741 2444 3736
938 1600 2230 3365
848 1602 2428 3329
145 153 121 109
152 179 109 153
156 125 156 178
192 131 164 166
186 170 158 116
144 127 154 200
125 167 122 197
175 149 111 168
143 138 133 117
112 177 133 100
143 164 181 145
145 130 193 142
144 191 145 193
174 197 171 188
33 113 47 30
9 2 7 2
3 2 4 5
4 6 1 5
4 2 6 3
5 9 6 5
5 6 3 6
6 8 13 8
6 4 6 5
4 2 5 7
1 3 3 3
8 2 0 2
5 5 4 2
5 1 4 6
9 7 4 8
