7 4 10 1000
543 1362 2134
672 1163
535
703 1457 2328 3029
758 1446 2105 2720
750 1298 2329 2999
771 1513 2111 3152
705 1420 2243 2702
715 1288 2328 3116
758 1261 2155 2910
155 194 114 184
102 164 115 125
124 100 184 150
131 159 181 155
173 109 172 150
153 183 127 119
179 197 171 156
116 133 34 94
28 41 20 41
23 23 18 21
29 34 18 35
41 39 20 15
34 42 25 43
42 38 26 35
30 37 33 29
20 23 32 25
28 35 23 23
19 41 40 35
36 26 45 29
26 22 29 33
37 26 20 45
18 34 32 17
26 16 42 33
27 27 32 23
26 20 24 27
37 20 39 24
36 24 19 27
39 33 46 42
27 32 21 16
27 36 23 25
33 37 27 17
24 30 28 33
30 18 18 25
22 21 38 35
20 37 34 27
35 36 32 21
27 16 37 21
36 16 22 17
41 19 18 21
25 23 26 43
24 42 37 23
26 24 23 29
25 38 23 46
41 16 24 34
22 26 18 15
39 24 19 43
38 36 45 18
34 20 22 20
22 35 25 23
32 36 23 35
40 25 39 22
15 31 20 23
19 30 35 34
28 23 37 25
23 34 24 13
42 21 37 30
23 25 27 14
29 22 32 27
46 26 40 18
44 15 27 25
18 38 34 24
33 23 43 31
29 28 36 31
24 29 18 27
37 35 31 22
31 26 35 21
36 36 21 42
17 17 28 28
37 21 34 16
19 30 38 40
21 31 45 20
27 13 20 25
16 36 23 41
29 18 36 41
42 20 17 20
19 20 19 28
25 32 33 24
24 38 38 19
21 41 16 25
28 45 34 22
39 32 35 34
26 43 17 29
33 28 44 23
27 32 28 37
36 45 44 41
39 41 25 20
20 15 20 27
36 23 41 43
35 28 39 28
23 35 32 18
21 23 19 26
25 23 32 36
40 38 18 17
24 27 28 40
27 30 30 19
33 22 24 17
43 22 27 33
28 27 21 23
41 41 37 46
33 29 17 38
33 32 46 28
46 36 35 21
15 17 20 17
14 28 30 28
38 35 29 21
25 19 16 21
31 36 23 32
35 44 19 21
20 18 18 38
26 42 28 22
35 17 31 38
40 25 19 24
26 15 31 21
21 29 38 36
27 26 43 30
34 36 23 28
44 37 24 27
32 33 35 39
18 20 27 37
15 32 37 28
25 25 28 44
45 22 15 33
44 36 17 24
31 41 36 23
16 26 19 32
46 32 31 33
15 39 40 22
27 27 34 16
25 29 17 35
39 29 39 24
27 20 21 25
18 35 35 34
36 43 17 18
20 29 29 29
24 32 26 42
32 20 46 18
27 22 29 43
45 40 28 42
35 26 24 20
26 23 22 22
34 23 14 40
32 38 22 32
25 43 19 30
20 29 21 17
45 33 21 31
39 16 29 39
36 22 35 22
35 30 34 17
13 36 38 28
28 23 37 26
15 19 17 29
14 22 20 32
32 36 18 17
19 21 19 23
30 38 21 17
22 14 37 23
38 30 33 30
28 18 31 34
29 38 29 44
40 32 39 35
41 26 17 21
20 23 26 24
21 26 22 25
24 13 25 35
16 22 23 26
37 14 23 42
38 23 43 20
30 32 15 32
29 27 35 43
24 21 25 29
22 18 29 24
21 28 24 17
31 40 27 33
45 34 23 17
29 25 21 23
28 44 16 41
31 39 23 24
36 34 15 37
27 32 22 26
23 26 36 23
32 31 24 16
25 18 21 29
28 34 42 36
40 24 29 19
46 34 34 42
36 25 20 28
27 33 41 28
17 18 45 41
22 28 29 41
41 18 25 37
30 37 32 46
23 27 31 33
33 20 33 29
21 31 28 39
27 27 20 20
31 40 45 17
22 19 27 28
42 33 24 27
43 22 45 33
24 18 36 21
24 20 25 32
33 41 43 34
35 37 18 33
26 43 21 36
28 29 37 14
31 34 20 37
17 26 19 14
21 39 17 17
17 24 22 30
44 29 22 15
22 26 27 38
34 21 15 36
13 26 43 31
21 36 28 31
29 18 13 38
27 13 24 27
30 15 26 32
30 28 21 26
25 36 37 44
23 27 14 13
24 14 38 41
32 20 26 35
35 26 23 23
23 17 18 26
27 25 22 15
34 28 22 24
32 22 31 38
40 32 35 42
32 30 21 24
38 26 45 23
39 43 29 35
34 28 27 20
30 44 24 34
38 27 39 25
36 25 33 24
22 39 45 46
16 15 22 26
21 34 33 40
34 25 46 21
23 25 25 25
18 37 16 13
35 36 28 15
38 36 32 46
38 23 28 35
30 14 34 24
31 20 39 27
33 30 32 35
28 26 44 39
20 26 17 30
23 42 25 35
20 28 38 19
31 40 33 18
21 26 28 25
20 24 36 37
27 34 27 27
30 26 25 24
28 31 28 14
27 15 28 40
40 46 27 27
25 25 23 23
39 34 26 27
30 23 31 22
43 23 21 31
35 29 29 16
27 22 29 36
29 26 26 28
29 22 30 35
28 34 20 25
24 43 25 44
38 26 28 37
33 23 15 35
21 21 44 26
45 26 26 30
42 19 19 34
34 36 21 36
30 23 32 37
33 26 31 24
28 16 25 27
36 36 13 19
37 30 37 17
15 40 18 31
30 44 13 22
28 23 45 20
24 25 25 33
22 40 22 26
25 15 32 37
34 24 27 39
23 17 39 36
19 27 31 30
19 43 18 25
19 46 19 42
15 31 34 26
34 34 19 43
38 30 33 17
32 31 13 13
46 32 37 28
29 35 29 18
20 17 25 32
30 27 38 38
31 13 31 21
27 19 43 38
18 37 37 44
38 31 16 39
34 28 21 33
25 28 15 31
34 24 28 23
29 38 29 13
16 15 25 27
40 22 32 29
19 37 36 27
15 39 43 15
39 26 21 28
44 16 30 29
37 23 29 37
30 31 23 18
23 19 17 38
38 41 38 21
30 38 27 31
30 43 23 23
34 33 31 38
25 42 29 26
17 32 18 19
22 25 46 41
33 13 46 35
26 29 44 39
34 34 32 28
25 27 24 40
28 20 30 30
35 23 30 20
23 28 24 37
19 25 25 20
25 30 26 29
34 43 30 29
36 26 24 20
39 22 31 32
14 32 35 35
27 25 18 13
23 27 22 31
32 22 25 23
21 30 24 38
34 30 27 44
42 13 16 21
22 32 35 25
36 23 33 16
28 35 22 28
39 19 31 18
25 22 13 28
33 31 34 28
36 22 43 19
32 32 20 32
18 15 46 32
17 44 23 13
44 43 26 42
17 28 36 19
27 26 22 32
19 44 40 35
30 25 32 43
25 31 32 45
26 23 19 13
37 45 38 31
23 24 41 18
19 22 26 19
33 19 24 20
34 37 26 44
17 18 44 28
17 17 41 32
30 28 24 22
43 45 19 46
23 17 19 26
23 43 41 27
29 43 35 35
38 24 33 32
25 31 23 13
31 31 28 37
24 26 16 25
19 44 28 23
25 41 33 38
31 17 43 22
45 24 43 28
36 35 25 19
29 38 33 25
20 24 30 22
26 40 19 14
28 40 34 33
30 26 19 26
41 23 34 25
30 13 32 36
22 44 20 26
22 27 19 44
29 34 43 33
24 30 25 23
29 28 20 31
23 40 28 30
23 25 33 17
16 24 22 41
13 29 24 34
14 37 34 15
32 39 37 33
32 29 19 36
18 38 40 18
25 21 13 17
37 33 28 23
25 32 32 26
20 25 15 33
28 34 30 22
39 15 29 25
42 18 31 26
25 23 32 27
36 34 15 15
28 21 28 36
32 45 44 30
32 23 18 15
41 32 29 27
14 46 33 14
29 25 37 24
14 38 29 40
16 20 14 35
42 26 16 23
28 30 22 34
35 22 34 20
36 21 28 33
21 31 19 21
20 22 37 18
25 35 27 26
29 33 37 29
23 24 19 39
39 17 38 44
29 24 33 19
31 29 36 41
40 28 23 33
20 22 18 28
21 29 29 13
15 22 40 33
21 15 19 19
35 26 24 21
43 20 45 27
42 22 23 27
35 28 33 31
19 27 43 44
27 21 41 36
45 34 40 45
31 17 25 24
42 15 27 36
34 17 20 18
26 30 24 32
38 34 23 19
38 24 26 36
36 45 17 21
23 18 32 14
25 26 25 26
25 13 29 27
26 30 27 33
37 30 44 37
20 43 27 38
40 26 27 16
19 22 42 14
40 37 14 46
35 28 31 37
21 20 28 26
26 24 40 18
39 19 40 38
36 29 24 34
30 37 28 27
36 21 23 29
16 33 31 17
33 22 27 44
41 13 20 21
23 37 43 20
21 24 38 42
28 17 33 36
21 33 25 43
44 19 32 30
33 35 34 36
29 34 34 28
25 28 24 45
38 36 35 37
38 33 32 39
21 26 38 31
36 19 32 27
19 26 34 37
38 16 46 36
35 14 23 26
34 22 32 42
18 42 28 20
23 37 31 25
19 31 23 18
27 45 27 42
28 22 34 35
24 24 14 37
35 22 18 27
39 28 24 23
20 21 28 40
16 25 31 40
42 25 27 18
29 36 34 36
38 33 45 20
38 28 29 22
38 39 31 38
16 25 23 15
34 30 36 17
29 20 28 29
33 17 27 32
21 36 28 21
20 33 25 33
39 23 22 37
40 30 24 18
29 26 26 20
31 19 39 28
15 16 31 40
26 35 22 33
19 16 34 43
32 32 18 14
40 31 33 18
46 25 45 29
19 20 21 24
39 17 30 28
31 21 20 24
30 35 26 30
20 29 27 36
38 41 26 42
23 35 22 28
38 27 32 19
26 38 20 36
21 20 20 37
37 25 36 32
13 46 42 18
35 13 21 29
25 42 17 46
29 19 34 40
30 32 39 24
23 21 28 21
43 14 42 22
30 28 19 27
30 42 18 27
31 26 27 26
42 33 17 19
35 32 27 35
31 17 27 15
23 26 24 45
34 24 24 46
40 43 19 30
19 40 19 18
28 35 25 24
31 29 15 21
17 21 32 17
23 13 45 19
35 15 36 37
37 24 20 36
44 39 36 27
29 26 30 35
32 35 32 16
34 28 37 42
38 34 33 23
15 36 14 33
41 26 23 22
32 31 20 44
28 29 33 46
34 38 22 46
30 25 36 15
37 33 26 32
42 37 34 28
28 13 46 37
21 23 25 35
19 25 18 27
18 35 42 32
20 29 37 44
28 15 43 24
14 40 43 26
16 34 26 14
16 25 26 21
30 30 14 20
44 38 26 33
28 16 29 18
24 30 20 14
45 28 44 35
28 41 39 34
27 29 23 15
23 26 21 23
31 34 27 17
24 19 31 25
25 33 44 30
15 24 40 19
26 19 35 41
39 19 28 21
27 29 37 34
35 27 24 33
30 41 27 18
13 46 21 37
32 23 18 23
26 26 30 21
29 22 35 37
30 21 44 19
35 23 19 32
24 41 22 25
30 23 39 28
37 25 15 26
24 25 28 33
35 32 27 18
29 34 43 36
40 32 36 21
28 28 36 39
15 19 15 20
35 32 26 41
27 18 28 20
24 42 42 42
28 27 18 27
23 27 18 24
22 22 27 27
24 23 23 30
25 17 45 43
30 20 15 46
22 16 24 17
33 38 32 21
25 23 23 37
26 39 21 27
17 20 18 30
17 27 36 31
43 44 25 24
28 26 44 21
19 25 13 42
34 25 29 22
27 26 18 35
20 24 43 31
27 24 26 27
19 28 41 25
26 40 15 37
24 29 21 26
16 29 21 29
19 30 28 27
23 26 24 21
41 42 34 27
45 18 28 39
36 35 33 38
15 38 39 34
42 20 20 40
28 17 40 22
14 18 20 19
32 30 13 24
25 21 32 40
25 31 17 46
18 39 37 26
26 45 27 22
38 46 24 25
19 34 37 27
22 28 22 20
40 42 24 17
13 46 25 37
20 26 26 29
29 22 26 38
36 42 18 39
20 37 33 19
39 32 38 45
35 28 16 28
40 29 28 27
34 38 14 36
20 24 39 32
28 18 34 22
22 19 23 31
15 27 39 34
13 34 29 28
25 26 33 23
13 34 36 37
38 18 39 28
31 23 28 29
24 22 17 34
27 16 46 25
31 26 24 43
17 26 19 43
29 35 38 36
30 39 36 39
42 15 38 38
23 26 14 18
25 15 14 36
25 15 26 14
26 43 20 24
16 32 14 23
28 39 36 28
35 32 40 23
29 33 31 41
25 42 17 46
33 29 25 38
26 15 23 30
33 26 45 26
41 34 28 22
33 22 21 15
25 21 13 28
22 31 42 36
24 33 39 33
29 25 18 17
29 42 32 35
15 25 14 36
32 45 29 17
39 38 36 23
23 27 36 34
28 39 23 23
26 36 30 37
25 22 24 40
20 32 35 35
22 23 24 16
20 26 24 43
32 38 30 14
28 23 45 29
42 26 29 42
39 15 28 14
34 16 42 33
19 27 38 32
19 32 33 23
19 37 34 25
30 38 45 18
38 41 26 31
23 17 20 24
28 19 38 15
31 14 34 27
35 38 32 39
30 23 33 43
27 33 23 28
30 43 30 17
30 16 36 20
25 19 40 16
22 39 37 32
33 32 22 28
45 38 25 30
22 45 16 36
33 31 27 36
38 31 22 40
35 23 33 25
17 15 22 24
36 42 39 30
13 27 33 21
46 36 22 33
14 35 34 41
25 44 33 20
37 27 46 29
27 37 42 28
20 20 19 28
17 21 43 43
24 27 23 24
28 37 30 28
34 33 23 21
35 24 25 42
33 36 19 32
43 15 16 39
38 33 18 22
36 28 30 44
26 18 38 37
30 14 23 22
43 46 13 33
30 16 45 29
39 42 30 43
21 21 41 35
33 27 25 27
27 27 24 28
23 19 25 31
34 37 14 31
34 37 19 34
27 20 31 25
22 18 29 22
25 44 30 24
19 28 32 20
21 24 42 33
21 27 16 29
25 23 23 18
29 28 17 46
26 29 25 32
39 35 21 18
44 33 35 22
37 38 43 22
44 15 19 29
36 31 37 30
35 42 20 37
26 36 34 33
16 17 17 34
30 37 32 26
24 41 26 25
34 37 42 21
35 19 14 25
33 28 22 24
34 45 36 29
38 23 17 29
26 41 44 24
33 19 41 33
22 23 19 29
22 16 20 17
28 28 18 28
31 43 26 21
41 30 23 29
43 22 21 33
22 25 41 33
33 32 28 44
28 32 28 27
18 23 36 36
29 24 22 24
34 30 22 32
35 28 40 39
34 26 14 30
24 15 34 21
27 33 36 35
15 38 28 35
16 28 18 36
24 28 29 23
26 23 19 28
39 37 36 36
14 32 39 20
46 39 26 26
44 35 28 24
18 23 16 21
19 45 38 23
16 39 44 19
38 34 36 17
22 17 36 33
37 39 27 14
32 14 28 30
17 32 17 28
22 17 25 43
28 36 32 33
41 16 13 28
29 26 28 40
27 42 19 14
37 25 22 29
22 17 19 30
20 25 41 31
31 35 36 20
39 36 32 32
36 21 26 42
19 13 30 26
21 18 41 16
18 14 31 29
40 18 24 24
34 31 25 41
18 37 20 28
20 32 25 45
28 27 38 33
35 29 30 21
41 40 44 17
43 39 39 34
27 23 15 15
36 23 25 26
23 37 25 41
24 30 20 38
29 20 38 35
28 20 23 24
28 19 35 21
30 40 37 30
29 30 15 26
28 16 42 20
27 17 41 33
28 16 37 20
24 43 14 46
34 23 27 35
36 13 15 21
37 32 19 20
19 19 17 15
42 19 43 34
16 24 22 29
40 28 36 16
42 29 38 40
27 32 22 14
14 34 35 43
23 34 42 17
36 17 33 24
23 24 42 27
32 37 25 41
28 41 26 30
43 31 37 32
41 18 23 34
20 27 27 22
19 24 20 41
16 37 28 18
25 45 36 27
17 30 14 18
33 24 29 22
16 27 39 36
29 30 38 26
13 33 26 31
28 34 21 43
21 21 32 36
23 35 25 37
37 35 34 35
31 37 41 13
40 25 26 22
30 39 13 16
19 24 42 34
30 23 43 35
27 18 37 21
25 36 30 22
24 29 46 32
43 41 34 32
36 24 23 20
22 23 37 15
32 28 43 39
21 28 34 39
13 38 30 27
35 20 31 31
27 27 26 32
20 26 39 29
42 40 36 46
37 43 26 39
26 16 29 30
19 31 21 21
29 21 37 33
40 34 30 34
20 24 15 38
24 22 27 31
19 33 31 30
39 39 32 23
29 25 39 31
20 29 19 29
38 34 28 26
24 25 30 36
32 19 38 36
15 19 24 42
34 45 42 31
31 41 33 15
38 17 32 15
21 27 39 24
22 30 35 34
31 42 26 24
24 20 24 18
23 33 28 18
21 37 29 22
23 41 19 39
28 37 46 43
22 40 25 33
26 24 33 14
27 17 35 16
22 39 37 16
22 37 16 42
37 32 23 26
30 37 40 43
27 39 25 29
32 18 41 34
15 42 42 31
23 38 17 24
33 25 19 23
27 25 29 18
23 28 13 27
32 27 43 18
26 30 22 32
18 22 18 28
22 31 32 31
17 24 17 30
23 33 24 17
37 17 43 25
25 21 20 30
23 23 26 25
34 23 18 25
24 35 16 34
42 38 30 26
18 35 27 22
25 22 31 25
27 17 24 25
35 25 42 25
26 25 18 29
26 33 36 38
41 40 19 20
28 33 20 19
40 27 30 16
40 19 37 22
40 27 39 18
14 27 29 42
20 33 24 32
23 31 17 29
37 34 29 36
26 41 26 43
16 29 32 38
29 20 19 23
33 14 37 23
34 19 35 24
26 20 24 19
14 28 20 26
23 37 31 43
20 42 38 38
32 43 32 29
22 21 41 31
20 32 18 18
25 37 26 21
42 34 34 34
28 20 29 32
41 35 45 33
26 22 36 23
25 22 28 26
38 24 25 19
31 31 24 32
34 45 28 16
33 30 46 37
21 29 19 23
33 36 46 46
32 29 35 27
35 41 25 24
36 34 13 21
30 30 41 38
20 37 27 33
20 26 39 39
41 29 23 20
23 15 37 45
25 30 31 34
24 20 19 36
33 23 26 21
34 29 18 36
41 24 32 40
14 25 40 28
28 35 40 37
35 37 15 38
14 25 23 44
21 28 25 36
17 28 38 19
31 15 22 37
17 28 37 36
36 23 22 40
26 23 31 30
34 26 28 21
34 15 22 22
26 15 27 31
26 27 33 21
39 31 31 19
16 30 17 39
29 30 29 34
24 17 34 28
21 46 27 17
36 42 28 16
46 46 36 38
26 19 31 29
35 30 30 20
24 33 39 37
24 40 19 19
15 13 29 24
27 26 25 34
27 18 27 35
32 29 30 25
24 45 29 18
28 25 20 34
30 25 22 31
38 33 42 23
38 24 41 45
19 27 32 44
22 25 13 19
45 42 26 24
32 14 19 18
36 23 17 31
23 28 32 34
25 38 21 29
22 35 34 14
44 46 36 26
26 44 26 17
18 22 33 31
18 20 36 25
26 38 30 33
39 27 20 28
36 26 23 25
41 29 38 30
46 28 32 21
19 33 30 37
32 44 30 26
21 27 20 30
13 33 14 36
17 23 30 35
44 31 17 21
33 40 19 32
32 33 24 27
28 34 25 27
25 28 15 26
19 34 23 43
41 28 23 18
30 35 42 31
41 28 28 31
32 28 15 31
39 29 32 23
21 30 18 35
20 42 19 35
45 28 31 25
18 19 21 38
17 15 21 30
24 28 22 32
30 19 30 46
30 23 20 18
29 24 42 23
22 42 33 41
34 26 42 25
36 36 38 24
19 41 36 36
21 24 23 21
38 29 40 35
23 26 38 38
26 33 40 25
46 31 30 31
16 15 41 32
30 30 43 45
17 36 33 40
26 32 27 35
22 31 23 21
28 21 33 45
23 43 27 35
28 24 23 25
40 16 19 21
22 30 14 20
35 23 28 19
29 33 21 32
38 32 27 35
22 26 31 33
26 21 31 20
29 25 39 17
41 37 46 17
35 23 36 23
38 38 27 19
26 34 25 39
34 32 27 33
18 33 36 23
21 33 19 37
24 15 32 40
25 35 21 25
32 35 40 14
17 22 40 23
42 31 27 44
18 33 41 15
15 16 33 21
43 14 20 19
21 30 19 26
31 46 24 31
19 40 21 20
24 16 30 19
44 29 40 25
28 22 14 24
19 35 21 19
35 24 28 19
25 28 28 36
22 31 29 14
33 30 35 33
33 29 33 20
22 19 40 34
31 14 19 39
39 39 15 19
25 22 22 41
16 43 27 28
45 24 30 29
45 27 28 25
23 22 32 25
21 37 39 24
22 42 43 19
18 41 27 36
26 30 29 33
40 42 27 37
23 34 21 27
34 41 26 14
19 28 31 27
43 16 19 37
42 26 28 36
23 24 29 42
25 44 36 15
22 37 20 15
30 31 26 19
42 31 28 44
22 15 26 45
38 20 14 19
44 45 27 42
39 31 21 30
37 13 32 29
34 41 20 35
33 32 19 24
38 44 18 28
36 34 31 25
30 17 34 34
16 32 20 34
17 24 28 31
24 22 21 25
37 36 19 35
28 25 24 37
30 24 22 22
24 33 34 29
25 24 15 28
40 30 28 46
23 42 38 30
20 41 34 27
17 19 22 26
25 28 22 16
21 29 26 32
44 30 27 28
27 38 31 34
42 37 37 23
22 43 25 39
38 23 22 29
35 22 26 21
18 17 13 22
18 38 24 23
23 39 17 34
38 32 23 39
41 19 20 35
19 44 36 28
21 30 28 31
36 13 30 29
18 32 36 24
33 16 24 32
26 35 25 17
14 32 33 39
25 28 37 25
31 40 28 15
26 24 27 17
28 30 20 26
28 29 30 41
21 25 32 27
34 37 24 33
31 32 31 29
22 19 24 37
14 41 33 25
19 43 34 29
28 23 31 26
19 23 15 45
28 20 24 21
43 30 39 16
27 26 40 43
28 25 19 26
35 46 45 32
37 36 18 26
42 27 29 35
31 39 21 38
35 38 20 22
18 21 28 16
26 15 27 19
45 17 23 38
32 25 23 33
26 28 32 21
15 27 31 41
44 22 26 29
22 21 31 44
23 27 26 25
33 28 17 39
30 19 21 18
32 27 16 14
13 26 24 28
45 28 21 34
14 39 19 17
41 23 28 22
23 21 42 15
43 16 25 36
19 22 16 14
31 46 42 27
16 31 38 41
23 25 43 28
26 30 33 29
44 28 13 45
28 32 29 21
37 37 14 22
30 23 37 28
19 21 28 21
34 21 27 30
26 45 36 33
25 14 23 32
44 28 29 30
32 38 30 37
23 34 32 25
29 28 26 27
38 36 25 26
33 18 35 23
40 44 45 35
17 28 35 16
37 28 40 29
23 30 38 32
43 31 30 37
26 39 42 28
27 43 37 29
27 30 21 43
32 13 35 16
24 37 17 17
35 39 31 41
28 17 23 21
26 26 34 18
23 25 46 32
13 30 21 26
42 21 45 20
40 41 41 24
31 22 24 28
29 37 21 31
35 35 26 38
18 42 31 28
20 27 23 37
30 25 30 24
21 20 35 33
40 29 27 14
26 20 18 45
26 31 16 25
38 29 42 44
23 15 41 36
16 14 26 43
44 32 41 36
22 27 32 27
41 21 38 16
22 31 33 32
22 27 25 34
16 35 35 41
26 16 37 33
40 32 28 29
24 25 27 27
42 34 24 23
42 16 32 39
41 30 46 27
29 46 42 20
18 34 15 21
18 35 41 43
44 42 28 21
19 19 29 29
31 40 44 38
21 32 36 14
38 26 30 35
13 14 20 29
30 33 16 35
17 29 35 41
20 34 15 34
16 41 46 25
35 46 33 33
30 40 23 18
17 35 32 32
17 29 22 16
34 37 44 34
21 21 32 29
22 18 32 18
27 28 38 32
33 18 26 15
19 44 16 37
44 28 31 25
28 34 28 41
34 24 19 23
19 23 32 26
30 23 23 26
22 34 32 21
26 40 31 31
27 32 24 21
35 28 19 33
39 33 37 39
29 28 28 25
16 33 23 33
30 23 30 37
24 29 29 39
22 26 33 18
40 27 27 39
44 32 44 20
26 18 13 23
14 13 23 29
43 23 45 27
46 28 24 44
18 28 20 42
30 16 21 21
18 16 23 22
24 38 13 26
21 21 38 41
26 28 38 43
30 39 29 41
30 31 37 21
25 39 27 46
18 19 28 23
14 14 13 29
30 39 29 29
45 34 24 27
29 32 38 31
46 22 17 24
37 25 33 18
23 43 25 25
41 28 21 27
34 27 16 30
16 21 15 19
40 24 40 20
30 23 18 35
38 28 20 33
14 18 31 33
44 28 38 14
21 24 25 40
36 35 39 42
23 32 41 13
31 29 14 17
24 23 25 36
31 28 23 23
30 22 27 40
28 26 29 19
37 28 34 33
22 24 14 20
15 15 31 42
38 15 37 35
24 13 33 34
37 24 37 36
40 35 27 22
23 14 38 28
40 16 37 19
44 25 27 17
31 26 22 34
23 24 32 24
38 19 23 23
24 30 32 28
32 20 33 23
45 29 35 43
34 35 30 26
28 43 32 41
34 45 19 35
22 24 24 46
17 37 31 24
20 29 20 27
32 29 37 30
37 26 26 31
45 25 33 42
26 16 42 21
44 41 17 46
24 42 21 21
20 28 39 22
45 35 25 35
23 24 45 18
37 30 29 28
35 29 23 30
27 26 32 19
20 17 42 28
34 27 35 29
23 43 25 25
17 26 19 35
24 27 20 46
36 21 21 36
16 42 33 20
15 42 34 27
22 20 28 26
31 30 28 14
36 16 45 30
31 36 40 40
27 29 16 28
27 21 30 44
27 31 25 29
31 41 33 45
37 43 43 35
24 30 39 46
32 19 16 34
27 40 30 38
23 26 24 22
27 28 19 16
16 26 29 20
39 31 32 39
28 28 21 34
33 29 29 19
33 44 23 38
35 15 36 26
20 40 14 26
14 31 32 15
33 41 34 36
45 24 25 30
16 21 30 20
45 16 31 30
29 41 28 37
39 45 22 40
34 17 33 33
29 22 22 30
20 26 42 39
26 31 27 25
41 23 22 20
44 32 24 33
20 24 34 39
29 36 32 32
28 33 30 36
33 33 27 18
20 26 35 15
38 13 29 21
33 17 21 41
30 39 25 26
25 40 21 30
31 21 27 31
45 13 19 32
36 20 23 28
16 30 30 37
33 39 20 32
21 20 30 25
21 44 25 25
32 18 29 25
28 26 35 35
45 43 39 40
43 24 40 22
29 37 31 24
16 30 30 31
40 29 20 46
43 20 34 27
27 39 43 33
26 23 19 30
26 30 32 45
30 23 31 18
28 27 31 22
32 46 22 40
29 27 27 37
30 37 31 40
22 34 23 14
21 27 41 28
25 35 23 14
22 26 28 23
40 24 38 16
32 20 23 16
24 32 33 25
30 38 28 44
19 16 30 44
18 37 17 19
26 45 25 30
32 27 28 13
27 37 18 38
28 32 46 29
35 37 15 44
21 16 27 24
33 34 39 27
32 27 24 25
29 42 28 30
24 32 27 30
29 46 26 19
35 33 34 29
16 28 46 19
21 37 38 31
27 25 27 34
32 42 42 20
32 20 29 18
29 30 26 30
22 16 42 24
33 27 22 34
21 21 28 20
33 37 27 19
40 38 23 43
20 16 40 17
24 33 29 43
40 38 22 29
22 38 36 17
27 27 30 43
30 25 34 32
44 17 41 22
42 43 22 24
24 26 24 22
25 19 41 26
22 45 23 24
24 37 30 24
39 20 31 25
28 26 37 30
36 13 23 31
27 22 23 20
21 15 21 21
38 30 29 23
34 33 33 33
43 29 28 34
31 24 24 30
29 31 17 33
28 19 33 29
15 31 23 13
30 33 40 31
14 37 31 35
30 26 19 15
21 20 24 35
21 16 30 38
38 29 36 18
21 38 21 39
35 23 19 19
17 33 46 28
31 27 21 20
28 27 29 25
23 32 16 26
33 25 37 26
24 31 26 33
27 16 22 24
18 34 28 24
40 38 17 17
43 42 22 36
22 17 41 22
26 35 28 23
44 31 27 33
38 23 25 36
35 25 26 34
33 34 36 39
28 22 20 31
33 39 35 17
23 36 19 15
22 19 31 40
34 33 31 34
34 29 18 21
29 26 45 45
34 23 17 24
43 16 39 22
36 17 25 19
14 30 16 41
23 35 35 34
31 28 26 39
29 21 13 17
38 34 26 35
14 34 33 19
24 23 32 24
26 30 19 23
42 27 40 33
27 13 22 31
21 40 40 34
44 20 35 14
34 37 38 46
21 26 19 28
13 43 42 36
37 19 34 22
45 45 25 26
25 21 34 20
36 31 24 37
35 26 26 23
33 31 35 26
18 39 31 36
15 22 33 25
45 19 42 29
40 21 32 24
36 25 28 27
20 44 32 23
21 35 36 32
44 16 35 22
40 16 24 42
38 30 33 24
35 32 28 28
44 24 38 21
33 30 21 20
26 27 26 30
14 20 33 25
28 17 40 29
21 32 23 25
25 41 13 19
16 14 23 38
26 19 42 45
20 32 23 35
38 37 27 45
28 34 14 40
35 15 26 34
31 27 42 32
37 18 31 24
37 28 14 45
38 25 19 31
25 19 28 21
34 33 32 30
18 29 38 23
24 28 21 27
26 32 35 19
30 36 29 33
26 30 20 25
15 23 24 40
34 33 34 23
29 30 32 43
32 24 34 42
15 29 30 25
16 37 33 46
20 30 16 40
18 30 25 26
23 19 27 25
33 28 35 36
46 29 39 31
18 25 21 36
18 30 30 35
27 40 15 27
24 38 25 37
43 30 20 31
25 44 26 40
17 24 32 29
18 38 15 24
19 22 43 23
20 23 15 37
32 30 25 23
27 24 32 19
40 42 28 24
29 19 30 22
36 19 28 38
29 17 40 23
28 21 21 35
36 21 21 33
23 31 32 37
29 31 34 36
24 32 16 25
29 29 38 14
43 26 25 19
27 36 42 34
28 42 24 26
25 16 26 21
21 38 21 41
41 46 24 21
27 30 36 36
18 23 31 36
41 41 40 37
37 20 19 19
42 20 35 17
25 23 29 29
23 25 26 27
16 19 32 27
34 33 18 22
21 18 18 30
34 44 45 38
37 40 19 19
30 27 29 31
29 23 31 26
26 19 33 14
46 29 21 19
35 14 23 39
35 33 26 39
14 20 25 24
38 22 18 30
33 17 40 38
32 31 23 43
27 43 30 25
31 28 33 24
27 25 38 25
20 22 24 18
36 27 40 21
29 43 35 42
30 22 24 32
15 34 21 33
15 19 34 24
28 18 27 17
22 33 23 28
28 22 17 24
31 35 36 31
27 27 38 33
34 13 38 32
24 36 15 41
39 19 35 23
22 26 36 22
22 24 31 20
33 33 28 25
35 34 26 37
25 29 28 25
18 36 37 19
37 16 28 31
27 20 16 40
25 45 30 27
25 42 26 32
19 32 31 19
40 31 17 21
31 41 43 23
21 30 44 22
24 28 30 23
24 29 32 38
34 23 35 26
40 44 33 23
26 34 37 30
34 31 33 20
37 44 41 43
37 33 39 25
25 26 37 29
26 18 20 38
28 18 30 20
35 37 21 43
15 22 18 24
21 36 32 39
38 24 18 42
20 15 29 16
25 26 19 31
39 28 40 38
34 43 30 35
46 36 44 38
36 30 21 31
16 31 25 22
34 33 46 16
36 22 23 36
27 44 22 26
27 31 32 32
42 23 37 38
24 17 14 24
30 37 35 29
32 42 44 36
22 34 18 36
34 39 27 40
34 19 30 40
17 42 28 16
40 24 36 34
28 32 45 13
28 16 30 21
36 33 30 37
30 14 20 42
24 28 23 31
39 32 22 39
30 33 37 28
21 36 23 41
18 25 14 19
16 36 37 23
38 29 27 36
24 44 40 30
34 39 31 32
28 27 14 25
41 43 16 26
21 29 23 41
43 29 33 25
38 30 21 15
30 23 24 28
24 25 15 28
31 31 22 29
16 33 35 39
35 18 46 15
34 16 23 26
39 44 20 24
26 18 29 23
28 18 19 23
23 38 37 35
32 32 30 33
16 22 28 21
37 21 25 27
16 41 40 14
41 28 35 34
40 39 38 36
31 18 25 22
41 31 34 29
37 17 32 44
23 23 29 32
15 17 31 20
31 23 34 46
27 32 38 23
41 22 33 35
23 45 18 21
28 35 17 31
41 33 14 30
34 23 21 20
31 23 45 17
26 20 39 39
46 13 18 19
15 25 38 29
33 35 33 28
28 27 22 22
30 26 42 31
16 32 24 36
26 24 33 34
24 32 19 43
31 39 20 26
32 20 27 41
13 31 13 20
38 39 24 38
15 14 14 24
38 22 24 24
28 29 26 44
19 38 39 18
36 26 26 37
15 46 16 17
35 17 13 29
31 33 25 21
17 18 26 21
27 26 37 27
34 32 45 23
23 17 32 20
25 29 24 17
17 46 38 20
29 24 31 26
35 30 33 41
21 25 13 22
22 20 19 27
26 22 33 30
32 17 25 14
28 17 22 21
25 22 28 25
30 22 25 31
35 36 15 24
34 27 40 22
19 28 22 22
43 22 13 32
41 31 21 37
32 32 29 21
34 29 18 29
42 39 31 27
31 39 20 35
35 35 34 28
27 41 24 20
35 22 22 14
26 21 26 16
40 15 43 28
40 24 19 22
18 30 14 36
28 22 19 45
27 25 23 35
39 17 22 46
22 14 24 21
32 40 18 30
14 28 27 32
35 18 18 34
43 27 31 37
36 25 31 26
38 15 30 33
23 44 26 22
20 42 19 14
46 36 17 22
46 39 37 44
33 29 19 26
21 44 38 29
43 21 21 38
26 27 29 36
20 21 39 41
38 27 20 46
25 42 43 27
25 38 33 23
38 21 35 33
27 19 34 36
17 24 42 39
24 36 44 45
25 30 26 33
45 24 18 36
14 24 22 21
43 26 38 39
31 26 33 26
18 28 36 33
34 33 39 35
32 34 23 26
33 27 36 45
22 19 24 34
17 25 42 18
17 34 16 14
16 30 46 21
19 28 13 39
19 43 21 23
19 37 23 28
21 43 21 30
28 31 28 30
28 27 29 23
28 26 24 19
39 15 46 44
40 23 30 28
26 27 29 38
36 27 18 26
26 23 16 31
33 41 16 41
39 37 22 24
16 30 36 33
21 22 37 33
27 37 24 30
36 44 30 13
36 44 35 29
29 32 21 43
20 26 23 35
28 34 18 27
32 42 25 19
31 31 42 44
31 32 44 30
41 26 38 25
18 35 24 32
29 16 27 13
31 27 16 32
25 33 36 27
41 18 17 31
34 29 38 20
34 22 24 36
44 18 38 30
33 22 16 28
18 31 34 43
20 28 17 29
21 40 37 38
21 18 21 33
31 43 24 17
21 26 23 40
37 33 28 30
28 23 30 29
29 43 18 35
42 18 31 33
28 19 19 27
23 29 38 22
19 26 22 20
41 19 26 26
31 23 36 33
17 33 18 46
28 16 38 23
36 38 30 28
33 36 31 42
29 26 25 41
39 36 16 37
32 16 39 32
37 33 22 23
23 31 35 33
42 32 24 22
20 16 27 29
23 21 21 30
24 34 23 23
26 28 27 28
24 17 23 35
32 21 23 43
16 20 34 31
45 29 41 39
27 19 28 33
26 37 45 19
25 32 35 32
17 29 26 15
37 27 19 35
26 16 33 39
45 25 28 29
34 33 16 38
38 36 30 27
42 30 21 15
36 24 24 19
18 46 42 33
28 25 15 44
39 24 26 23
37 37 17 30
19 36 45 30
23 25 23 19
30 26 22 39
29 31 26 24
26 35 32 30
15 28 32 32
23 33 33 29
25 21 23 44
16 43 13 18
21 35 19 30
41 22 33 35
23 16 13 44
21 37 19 28
35 42 18 29
26 31 27 27
32 23 23 34
31 30 32 43
23 32 29 18
30 15 27 20
23 36 34 25
21 23 27 17
45 24 21 37
17 29 23 25
41 46 26 26
25 26 26 20
13 38 16 14
32 36 28 16
20 30 28 29
20 20 25 19
24 23 25 25
29 40 42 33
24 38 25 35
32 21 31 19
21 16 24 35
18 33 21 23
43 24 34 23
40 17 29 36
31 28 33 29
15 46 30 43
34 28 30 28
35 21 31 27
18 23 46 22
30 22 44 31
31 22 18 13
22 18 33 19
30 22 46 22
36 36 30 31
14 30 24 24
17 23 32 28
36 36 41 29
29 22 35 34
38 34 31 27
32 20 14 20
35 19 43 21
43 28 33 32
46 37 43 30
28 22 44 35
31 32 31 32
26 42 34 21
37 38 28 25
25 41 20 21
27 36 39 37
16 39 27 39
34 39 35 26
14 16 37 20
37 32 34 16
19 24 32 35
43 29 29 24
37 35 16 29
21 16 43 17
23 21 17 35
21 24 29 29
23 16 19 19
35 43 21 23
33 36 31 36
30 19 21 24
30 23 36 39
46 42 38 28
26 18 39 19
15 36 38 22
20 18 33 39
22 29 22 42
44 39 26 35
41 16 15 18
46 26 24 20
31 25 32 27
27 20 27 13
28 24 42 29
23 17 22 46
27 24 30 36
43 25 31 32
35 32 43 30
29 33 40 28
36 28 15 21
41 34 33 33
40 26 45 26
35 28 30 34
17 24 34 21
29 40 26 33
27 19 31 22
43 23 29 31
27 17 38 31
18 26 46 35
22 45 30 23
23 37 21 42
19 33 28 20
36 29 27 31
15 26 27 26
24 22 28 26
32 38 39 17
20 22 35 32
15 17 15 27
30 13 37 31
14 16 28 38
13 43 25 27
28 26 31 32
25 41 22 27
42 41 38 19
25 32 36 33
22 13 37 34
25 26 33 27
25 20 43 19
24 34 18 40
39 28 29 26
27 13 22 21
35 30 28 16
20 23 24 32
42 30 18 23
23 19 19 23
28 36 18 29
30 42 29 38
20 13 29 33
31 32 30 17
30 28 17 42
37 28 40 31
32 21 31 30
33 34 23 24
37 32 36 18
21 29 37 33
18 30 30 26
36 29 32 33
27 28 15 21
17 22 18 37
25 45 21 26
24 15 18 38
30 29 19 32
15 22 38 17
19 19 34 22
40 32 29 31
23 38 21 29
34 15 22 16
30 22 18 25
23 22 26 14
36 31 29 28
36 26 29 31
24 43 26 30
28 35 27 23
35 31 14 26
27 16 30 28
22 27 40 26
27 18 24 14
30 26 34 32
18 21 29 27
29 18 21 38
20 34 19 26
17 13 21 17
26 44 27 21
29 19 32 27
14 19 38 34
28 24 38 37
33 31 26 20
22 26 25 26
15 31 40 28
25 25 23 42
26 31 23 36
36 39 27 29
40 45 34 30
37 30 27 18
19 19 29 26
28 23 28 22
13 25 30 26
30 19 27 25
21 43 28 29
38 31 27 22
23 15 27 38
22 32 38 14
27 38 34 24
25 21 15 33
29 23 45 38
29 25 37 20
32 21 30 34
28 30 21 18
27 39 19 16
39 18 38 29
22 41 18 33
31 18 22 40
21 25 25 38
14 21 17 38
32 32 33 20
25 31 23 30
21 25 35 19
38 28 20 13
22 35 24 35
20 33 43 24
33 41 25 43
38 36 30 22
15 19 22 24
40 22 36 19
27 37 45 21
33 37 28 15
27 23 41 19
23 40 30 38
32 19 27 35
22 33 30 30
23 14 39 42
32 19 38 40
40 27 33 40
28 24 17 30
43 16 19 39
32 44 31 29
30 27 22 25
15 17 40 25
31 35 31 26
44 33 37 24
16 19 28 30
27 24 33 38
23 44 28 39
30 34 27 39
41 25 21 34
43 22 28 27
20 26 39 30
38 40 35 45
22 44 26 26
40 29 35 20
16 43 40 30
31 38 20 30
21 45 40 21
38 19 22 45
14 15 24 30
43 20 23 33
33 21 37 42
41 33 25 42
35 14 42 32
14 45 38 20
28 41 21 34
26 43 37 29
30 36 42 18
35 46 26 44
30 25 25 30
45 25 19 40
21 30 27 36
43 20 43 35
33 38 16 25
22 34 40 29
29 30 24 36
29 33 43 37
33 14 33 30
43 22 31 29
36 18 31 39
14 32 27 32
19 26 42 30
22 14 13 43
22 46 34 29
29 18 19 29
16 30 14 25
29 20 32 42
18 21 21 29
35 29 37 37
22 30 37 29
27 32 43 33
39 20 42 15
31 46 38 45
15 34 45 22
36 30 15 31
23 27 27 17
22 20 25 38
27 33 19 19
28 30 19 32
30 18 31 38
37 17 23 17
23 32 21 32
40 37 25 23
40 19 26 17
23 22 14 34
28 19 40 35
27 24 29 26
19 45 24 15
13 29 34 31
16 26 17 34
22 28 29 46
38 20 34 22
32 17 27 22
26 28 34 41
26 30 14 13
13 32 46 45
17 23 33 24
35 38 31 17
40 23 31 35
32 20 16 37
20 30 19 20
30 17 34 40
36 26 29 24
17 25 43 37
25 15 38 27
39 20 13 30
27 32 40 23
42 25 22 19
23 14 15 36
21 45 25 18
23 35 30 22
30 35 31 21
17 23 34 31
38 42 26 27
18 14 19 23
25 28 26 15
26 33 32 36
29 35 28 25
35 37 16 22
18 26 29 33
22 26 35 28
27 19 25 37
22 29 17 39
36 26 43 41
23 45 24 21
22 29 34 23
26 17 42 34
18 37 36 28
36 17 19 22
25 24 25 46
31 26 35 31
26 22 42 25
24 17 24 18
25 29 25 38
23 20 15 37
36 34 29 30
37 24 35 35
30 21 26 21
26 29 19 25
23 30 39 13
38 30 13 29
24 33 24 21
20 46 21 30
33 46 27 28
16 30 21 27
26 26 41 28
31 40 24 23
15 25 35 18
23 16 45 32
13 32 20 25
35 45 20 21
23 34 21 35
17 19 17 31
41 29 20 33
27 32 24 34
37 23 44 29
18 38 34 29
41 28 35 37
46 29 36 26
34 19 17 21
39 25 32 27
15 20 37 29
13 19 34 31
18 32 19 16
14 34 16 41
23 26 14 18
38 38 16 27
39 40 42 36
33 25 23 17
43 25 27 20
34 23 33 30
32 35 19 26
33 32 26 29
14 36 21 40
27 22 21 19
33 35 24 35
33 30 26 17
41 19 22 35
36 19 28 27
34 35 30 30
21 20 29 20
19 27 39 36
43 42 23 39
26 38 19 38
20 39 43 28
21 42 26 28
27 25 32 30
32 43 14 44
28 30 21 28
30 25 30 23
33 25 42 43
43 20 39 20
34 14 43 29
19 38 18 21
42 19 28 23
32 26 43 30
26 41 42 23
41 29 25 20
32 26 16 27
43 14 14 38
25 34 14 23
21 29 27 23
31 26 37 25
38 38 28 35
25 27 30 24
35 22 22 25
25 31 29 30
38 34 19 33
33 16 35 45
35 25 26 39
22 24 21 43
31 32 13 26
27 38 32 41
42 21 16 22
22 32 29 25
17 44 28 31
40 29 22 25
25 34 41 21
23 25 17 36
22 38 22 36
36 28 44 28
27 23 25 32
15 18 26 17
31 16 40 45
20 39 19 43
23 46 22 17
20 34 21 43
42 33 40 37
23 15 29 16
36 27 13 30
42 27 28 23
25 28 24 32
24 26 36 33
27 37 35 28
25 23 29 24
43 23 46 31
20 42 34 28
30 19 17 33
34 25 34 27
28 35 27 19
46 45 14 37
13 21 22 43
26 38 28 28
22 22 15 42
32 38 22 35
21 31 16 46
20 30 23 21
30 17 22 40
30 20 19 19
29 38 34 30
29 14 23 26
19 30 32 28
32 28 41 26
19 35 33 30
26 18 36 20
37 15 19 20
34 14 29 30
15 29 26 33
27 35 24 43
14 28 24 27
23 26 23 13
38 34 39 26
28 40 28 23
14 39 20 36
24 28 18 30
13 29 26 22
22 43 37 19
27 27 34 17
27 43 31 29
16 31 38 27
33 31 20 45
37 27 32 22
28 26 31 20
18 25 33 20
38 33 31 33
19 30 15 36
29 35 29 27
14 22 13 24
19 18 14 27
37 37 14 28
30 25 27 39
36 17 25 38
24 19 26 24
22 19 21 35
44 24 32 16
37 33 39 38
38 26 13 45
28 40 32 42
26 37 26 26
27 30 28 28
20 27 25 30
21 20 23 25
36 31 34 40
31 38 28 39
24 41 23 31
30 36 35 25
24 46 20 35
39 27 25 24
13 34 21 46
22 39 44 15
24 39 34 31
41 23 46 23
37 19 23 22
20 20 15 32
35 28 16 26
19 26 23 33
21 17 23 15
34 26 23 33
21 27 30 19
21 27 22 15
30 20 23 43
41 39 36 19
32 26 45 28
13 19 13 25
30 26 31 17
41 28 29 22
36 20 18 41
24 34 24 24
31 21 26 15
46 33 30 31
27 15 17 28
36 25 28 31
36 22 19 21
28 34 30 35
40 21 41 38
26 30 19 29
31 17 34 17
31 16 26 31
17 32 14 35
21 15 34 27
16 29 42 20
32 28 30 42
20 34 32 32
16 19 15 30
41 17 19 33
38 37 16 31
36 43 19 34
30 19 26 23
20 26 24 24
25 22 26 14
36 37 40 25
38 39 33 23
34 40 20 22
37 16 23 35
37 32 33 28
14 14 19 27
25 31 36 31
21 19 42 27
13 30 23 41
33 23 23 33
15 29 28 19
23 40 29 30
20 15 23 46
25 17 16 29
21 23 22 14
24 15 22 42
18 38 22 33
18 35 16 22
20 28 29 23
46 22 34 43
26 30 14 16
33 34 38 35
29 30 27 21
30 31 26 24
24 31 25 34
33 30 31 23
30 17 35 28
25 20 26 14
27 34 28 38
37 28 35 18
35 32 32 37
37 24 18 18
37 31 29 15
36 30 15 23
41 21 39 17
31 45 29 34
26 15 24 38
32 46 28 20
19 46 13 42
34 36 21 28
20 29 33 35
42 21 27 23
19 22 25 31
40 20 34 42
27 16 24 29
22 21 36 30
14 39 35 33
23 42 25 29
37 25 21 20
21 30 36 17
36 31 23 36
19 28 25 26
26 20 29 32
18 24 21 40
16 32 14 46
16 31 15 36
28 24 32 18
44 36 43 25
33 26 33 27
25 26 22 31
34 33 22 24
19 24 23 30
44 29 19 21
29 32 31 32
17 29 38 33
34 40 31 40
42 36 20 36
30 31 27 23
34 15 43 26
25 29 34 25
24 19 34 16
19 30 21 16
35 45 25 22
33 29 35 23
16 45 34 34
37 36 25 40
26 39 13 37
43 40 27 23
20 28 36 36
15 33 42 26
33 15 30 17
31 29 38 28
19 27 31 37
35 26 37 31
29 35 33 18
31 33 13 20
23 16 44 27
22 28 35 17
16 35 32 37
26 14 43 24
34 26 39 21
18 36 37 17
28 26 25 27
28 23 22 21
35 25 37 30
32 29 33 41
15 33 40 29
21 40 14 35
26 29 14 21
34 27 14 30
23 35 33 22
17 33 23 27
32 16 45 16
35 39 46 32
27 20 35 36
27 43 21 30
14 20 34 35
41 17 29 37
32 27 30 44
17 36 30 18
22 44 19 26
31 31 46 29
24 38 41 16
32 39 37 21
40 17 17 16
20 44 28 38
28 23 35 32
22 27 24 37
20 29 40 24
20 25 39 41
27 40 31 30
37 15 37 41
19 33 31 25
42 29 15 24
14 15 37 26
29 36 28 20
43 15 17 22
35 27 37 33
40 42 14 44
19 27 35 22
24 21 43 36
14 36 45 30
30 43 42 38
31 26 29 41
25 30 44 28
31 31 28 17
24 20 28 20
31 40 32 30
19 14 40 21
43 18 18 16
23 25 16 32
31 25 20 43
19 23 39 27
27 24 22 30
25 35 26 38
27 23 39 22
20 23 27 26
32 40 17 28
23 18 39 24
27 14 40 25
25 17 26 34
43 35 19 35
30 25 36 20
23 44 28 22
22 28 35 28
45 35 32 37
18 26 33 29
27 21 33 35
16 35 22 38
29 16 25 39
22 17 28 38
28 38 25 32
20 34 34 28
37 21 30 29
28 39 32 16
32 26 21 42
17 37 24 35
25 19 46 28
37 45 16 41
44 34 27 26
21 39 20 35
44 19 44 38
42 29 30 21
34 31 24 28
36 29 29 39
18 29 26 19
18 32 44 16
42 33 28 21
24 24 19 43
37 19 29 39
36 25 39 21
24 24 32 36
34 20 39 35
29 17 36 29
30 40 24 19
38 30 38 32
22 31 42 36
41 24 40 23
29 31 20 27
22 30 30 39
42 14 15 21
42 30 45 16
43 24 16 24
28 44 28 15
27 35 25 22
31 29 28 21
26 35 27 26
19 23 28 33
30 26 32 22
42 16 39 32
28 20 28 30
33 32 24 33
24 36 21 22
38 32 27 40
34 25 34 28
38 30 37 45
40 35 21 27
45 25 16 20
20 25 24 35
43 29 26 14
37 30 29 23
16 28 30 17
24 45 25 17
28 44 22 40
46 26 38 32
15 20 34 34
22 28 25 31
29 36 38 15
37 26 28 15
36 22 34 23
24 14 23 22
27 29 22 43
20 27 39 33
18 27 28 27
25 22 44 45
31 21 21 26
37 18 34 36
46 38 25 30
41 19 44 26
23 25 36 41
14 17 26 28
31 20 20 41
19 18 27 13
36 29 37 15
34 34 21 35
31 17 38 31
23 25 20 16
35 29 42 31
20 27 29 33
39 36 24 25
15 13 45 38
24 28 15 35
27 26 19 17
23 38 38 22
42 44 46 37
18 44 26 34
19 41 38 23
24 23 38 18
39 14 39 18
23 43 15 36
15 43 41 28
26 33 39 20
24 37 13 45
25 32 17 41
34 14 18 33
26 17 42 24
17 38 29 23
35 34 27 21
20 18 31 28
29 21 33 30
38 26 19 23
17 22 35 25
19 29 17 25
35 27 25 26
23 24 16 24
46 40 34 22
24 28 13 34
27 34 46 28
41 28 22 27
19 35 20 17
45 40 19 16
18 15 32 18
36 27 29 37
26 27 24 32
17 14 43 30
22 19 21 30
32 26 32 29
39 38 17 17
18 31 39 14
27 26 27 15
22 30 38 29
43 36 43 28
34 34 24 46
33 21 21 30
29 30 24 29
28 30 30 28
35 34 42 31
24 28 19 33
36 19 24 39
24 33 25 17
24 23 39 42
21 26 34 33
41 14 39 24
25 23 15 34
34 37 31 26
19 26 18 28
33 31 18 37
21 35 21 23
34 36 27 27
36 31 29 34
36 29 25 37
15 31 28 42
30 23 24 36
23 21 14 27
38 26 19 21
35 37 36 38
29 32 20 30
25 41 25 16
32 22 39 36
19 38 33 35
22 36 36 30
45 21 18 25
36 20 28 40
25 20 31 16
30 34 38 33
21 25 31 21
13 15 34 15
24 30 37 19
26 21 24 35
25 37 29 30
21 43 28 19
27 21 13 16
16 31 21 41
39 38 33 20
21 18 36 23
38 30 22 16
40 43 13 33
25 35 29 32
21 29 25 18
19 44 27 17
26 30 30 34
20 36 36 18
35 32 23 34
32 25 45 40
25 40 25 32
30 42 28 43
28 14 41 42
43 25 38 21
35 35 25 22
31 17 24 29
31 20 43 27
21 14 45 25
44 30 28 32
38 17 13 31
21 34 20 26
23 30 15 26
33 31 28 29
19 25 45 27
21 44 20 28
18 44 33 16
24 41 19 22
24 27 36 13
18 41 24 42
24 28 28 38
29 38 26 38
27 23 35 33
32 26 23 21
14 30 25 44
36 35 26 23
24 26 15 26
36 26 32 32
20 37 16 42
19 24 39 21
21 18 35 45
15 43 19 44
37 45 21 37
22 45 23 27
29 29 15 41
46 45 28 29
36 35 38 38
28 33 39 29
37 30 30 28
17 24 23 18
26 40 24 25
32 31 38 28
37 24 24 22
21 42 23 32
27 21 38 18
24 30 33 35
24 23 32 30
19 40 28 26
27 30 29 28
25 26 22 32
25 35 32 27
20 18 16 44
42 37 23 29
36 21 22 28
24 17 36 20
35 34 15 24
27 25 28 28
38 26 30 29
36 22 17 32
41 19 13 27
24 20 32 39
15 20 25 25
25 43 26 35
22 46 42 31
17 46 21 34
27 30 29 37
18 15 35 37
14 40 38 42
39 36 33 30
34 30 34 37
31 25 24 17
24 23 41 31
29 28 25 38
32 23 20 17
16 26 39 27
28 41 33 21
31 36 26 35
19 37 35 29
19 30 24 22
37 28 37 25
38 37 17 26
37 34 38 35
36 21 35 15
43 36 28 28
16 33 26 29
24 38 21 17
26 31 21 21
25 24 21 26
24 33 29 15
19 40 34 23
38 17 38 24
29 20 31 46
23 41 45 41
30 33 19 43
22 25 21 36
26 21 21 26
18 20 22 45
22 38 35 27
19 36 28 27
24 39 39 38
17 25 27 18
21 39 45 25
19 31 37 25
30 32 33 23
23 36 19 26
34 29 25 14
37 25 19 27
16 38 27 24
37 30 32 27
16 13 38 22
35 30 22 38
24 40 21 22
29 26 21 43
34 32 22 35
33 13 36 28
26 20 19 24
31 42 26 20
22 42 34 27
36 32 24 21
20 26 23 27
36 38 25 37
37 28 32 39
24 26 34 18
37 41 36 25
26 42 38 22
22 21 16 26
29 37 35 27
30 35 40 29
15 21 34 24
29 33 29 20
37 32 25 20
22 24 37 32
15 14 21 21
29 26 17 42
25 32 26 20
39 13 24 25
28 27 26 18
34 29 18 23
29 34 24 46
27 16 34 22
14 36 35 18
15 33 27 40
38 29 26 29
23 29 31 33
19 24 34 18
30 32 33 30
44 23 32 20
39 25 43 17
15 26 38 39
41 44 35 46
24 35 24 30
36 23 17 33
21 28 33 39
25 13 26 38
22 18 24 41
33 38 36 22
37 36 33 38
35 18 17 45
39 30 28 21
20 28 45 23
27 21 24 28
17 24 29 33
17 20 27 18
24 30 22 15
22 26 41 37
23 44 39 32
23 35 32 33
39 20 31 41
32 25 28 17
27 13 26 17
36 19 30 35
14 32 27 21
25 41 36 15
46 17 30 26
26 30 23 33
28 35 23 27
18 26 27 39
27 19 32 17
25 36 13 28
13 34 16 17
24 43 21 30
38 28 22 30
30 17 31 35
21 28 44 23
37 24 27 23
26 22 24 13
33 31 36 28
25 31 23 41
30 17 46 20
16 32 29 33
37 20 40 17
21 28 36 27
36 34 26 15
40 24 35 29
16 31 23 29
32 40 21 24
36 32 31 31
25 32 25 28
28 30 26 16
38 36 24 34
29 43 25 19
31 23 13 35
24 36 27 36
38 43 42 34
43 25 27 44
22 22 20 21
23 28 23 29
26 19 21 21
25 17 29 35
15 38 30 28
22 29 39 45
29 27 41 25
29 27 25 46
15 36 29 30
28 32 28 22
17 43 30 35
28 28 39 43
24 33 26 38
30 36 40 29
18 13 38 31
30 32 37 30
22 23 23 21
35 30 30 42
32 17 14 18
18 27 28 20
38 19 30 29
24 16 34 19
37 20 25 19
19 38 41 27
17 29 35 31
31 39 31 26
23 27 24 18
24 28 33 40
16 34 38 18
45 23 39 19
13 33 30 17
26 18 38 18
18 25 30 41
21 34 35 39
22 19 36 22
21 43 15 25
18 36 42 34
28 26 25 27
32 26 22 30
40 31 21 45
37 30 15 23
18 31 38 31
24 34 20 40
22 33 34 37
33 30 43 21
34 38 44 38
23 25 20 15
34 29 18 23
18 27 26 28
37 16 33 19
39 31 26 30
16 32 14 16
41 37 19 45
18 36 24 27
26 32 31 44
21 41 24 21
19 40 22 36
33 38 20 26
33 26 34 28
45 27 15 32
44 24 25 29
25 32 16 31
16 31 24 46
33 46 34 32
25 37 26 22
18 21 26 21
32 23 33 41
36 23 21 15
30 21 25 38
28 35 35 31
29 32 41 21
22 34 39 24
28 41 26 27
26 37 38 16
13 22 23 38
34 21 32 23
26 31 20 45
14 26 43 21
37 23 24 25
35 26 22 25
31 32 31 32
25 21 35 26
24 14 27 21
37 44 38 29
24 26 38 20
30 14 15 28
25 24 17 35
22 29 32 35
22 29 29 35
29 25 43 38
44 23 30 18
22 40 21 19
13 24 18 17
23 28 34 42
21 24 14 27
31 16 33 34
31 28 27 37
17 28 35 15
45 22 37 37
33 19 29 22
43 33 21 28
31 30 14 37
38 42 37 35
26 28 45 41
26 25 26 35
31 20 42 30
40 29 46 35
31 26 41 46
22 19 27 26
14 23 31 22
29 29 21 25
20 17 25 38
24 35 22 26
39 22 30 16
37 15 33 18
21 19 23 31
30 43 30 32
24 39 20 24
31 35 25 35
21 31 27 28
38 17 20 41
42 24 46 23
23 21 26 19
29 19 31 26
44 26 43 29
20 30 39 35
30 20 30 28
46 25 29 31
40 21 30 29
29 25 17 19
20 15 31 32
38 17 23 30
29 39 34 39
33 15 35 21
28 27 31 31
14 28 35 28
42 31 27 21
16 31 21 43
40 21 28 30
30 29 14 34
31 32 25 17
41 26 18 40
32 41 24 28
31 39 19 43
37 30 20 28
24 27 25 32
24 22 18 23
38 24 24 45
24 31 37 13
25 34 16 31
36 27 22 30
22 31 29 27
32 38 46 33
25 30 26 30
22 30 29 28
34 25 34 28
25 15 29 30
35 29 25 28
38 26 41 38
14 18 32 27
19 37 18 23
20 25 36 26
40 18 36 43
22 25 37 30
28 16 46 22
29 37 24 24
32 16 24 26
41 40 28 31
44 41 15 16
36 40 26 26
22 18 26 46
23 39 28 34
38 20 21 26
19 39 23 36
17 17 29 23
20 27 15 33
36 34 33 44
15 30 28 20
35 17 37 15
14 42 33 27
39 31 26 31
32 37 22 28
16 17 29 22
41 32 23 20
17 34 43 35
28 16 33 24
20 24 28 30
21 23 22 29
14 39 20 13
36 37 23 33
16 31 40 26
16 41 17 25
25 23 29 40
40 20 33 42
31 42 18 39
25 26 20 17
34 23 35 31
38 34 29 31
34 24 43 33
29 32 35 22
29 33 41 20
43 22 34 41
31 22 23 33
46 17 26 41
36 21 15 45
39 29 40 34
22 23 30 29
31 33 15 18
21 28 26 20
36 16 14 36
37 35 34 31
13 33 18 31
35 20 41 43
30 14 28 25
23 24 17 43
29 25 24 30
29 17 44 16
34 27 21 26
38 41 29 31
40 28 29 27
22 16 16 33
29 20 29 37
22 22 39 35
41 28 29 35
32 31 24 19
44 17 25 18
36 25 21 35
18 33 25 37
33 23 34 36
33 35 24 35
33 29 14 25
20 16 28 34
28 42 30 24
31 26 30 17
26 19 29 25
24 28 24 18
39 21 22 27
35 39 33 21
23 26 34 41
15 16 23 37
21 27 34 31
22 16 24 21
21 31 34 32
46 17 21 19
23 24 39 27
36 34 15 28
24 21 35 19
31 23 41 41
33 45 20 38
22 21 45 36
22 34 32 41
38 21 24 21
30 42 24 27
16 25 22 24
39 28 43 22
31 32 32 35
42 43 30 25
15 31 32 19
28 29 29 19
38 26 38 30
32 27 28 38
38 34 27 41
15 20 16 25
32 43 30 17
39 33 21 30
26 33 42 14
29 27 25 36
38 37 22 29
32 19 41 14
22 27 25 28
41 28 29 30
22 20 29 29
33 27 36 31
18 17 22 30
19 39 33 28
21 17 34 29
25 38 30 40
30 39 35 22
25 32 41 39
18 22 41 33
19 39 35 29
23 31 20 26
36 38 36 34
38 29 32 34
16 21 34 20
37 25 17 28
32 29 27 27
33 28 28 35
33 29 21 39
27 17 34 37
36 33 32 28
29 38 39 28
29 39 25 29
32 32 22 15
29 40 26 28
26 42 25 37
28 25 28 41
25 25 25 46
26 22 24 18
25 32 18 20
19 16 33 30
38 31 26 40
25 43 40 31
22 39 25 25
30 28 16 43
28 35 21 27
33 21 27 24
33 46 20 41
37 17 32 25
18 45 27 27
24 22 37 24
20 21 38 32
41 38 26 33
20 35 40 38
25 19 25 25
39 16 22 34
29 21 25 34
30 43 25 31
23 27 16 36
30 30 26 41
24 25 27 26
29 31 26 31
41 29 30 15
18 17 16 18
40 30 29 40
33 28 25 34
22 37 30 16
21 32 32 27
29 41 39 25
25 13 33 32
14 37 16 38
17 45 21 34
24 38 32 33
34 46 25 15
24 30 24 25
22 31 29 40
21 37 39 39
41 39 30 27
20 26 19 21
27 36 27 16
32 15 28 33
17 28 32 30
37 34 21 16
25 29 21 26
19 14 23 15
46 33 23 31
23 25 31 23
16 30 25 22
23 42 38 39
15 32 27 43
31 44 42 27
36 24 38 35
37 35 28 30
27 16 46 14
28 24 25 25
26 18 26 13
23 14 17 33
28 19 35 31
21 36 36 33
28 26 41 23
41 33 17 17
25 38 41 27
24 13 27 20
22 24 27 18
26 38 20 41
31 28 33 36
44 30 21 27
25 26 17 30
23 18 32 15
30 32 22 19
28 24 34 46
42 32 22 17
39 23 21 28
32 25 27 20
31 30 23 33
25 40 40 15
42 20 36 20
38 18 25 33
30 30 30 39
46 26 26 15
32 43 25 38
22 34 36 30
13 40 20 36
31 15 42 21
20 27 35 29
39 35 35 26
16 30 25 33
36 33 32 27
39 26 17 29
25 36 20 40
44 17 34 17
29 28 31 20
15 20 32 26
36 32 38 26
32 16 25 39
44 26 22 34
36 18 24 22
38 42 21 26
41 23 26 34
31 42 20 30
30 33 18 14
18 30 22 31
33 29 26 27
40 29 34 40
21 22 41 29
28 25 42 23
25 42 19 37
16 17 40 45
36 16 15 32
42 32 36 14
31 27 24 16
32 23 34 30
39 46 26 16
30 44 38 14
36 18 20 36
15 26 44 26
17 20 18 26
43 41 20 27
19 25 27 38
27 27 31 20
32 21 37 16
25 17 29 27
24 14 35 40
42 36 37 23
27 39 36 46
21 36 20 18
23 18 39 34
40 43 27 26
17 13 31 26
28 37 19 23
19 24 37 33
37 30 19 27
20 28 40 26
22 34 39 28
19 25 23 32
25 16 25 23
41 31 26 44
25 46 19 19
36 24 45 20
30 43 19 27
33 34 32 27
27 29 19 23
24 18 36 27
26 27 36 17
36 30 26 41
36 27 33 39
24 28 28 32
30 39 37 32
33 45 34 44
20 27 21 22
15 29 18 37
32 27 25 29
29 36 31 40
25 43 33 15
40 23 27 37
33 27 43 17
35 38 27 34
40 37 19 24
36 21 28 14
28 26 17 31
44 28 44 44
34 40 31 38
24 21 40 45
19 29 21 37
37 24 25 42
37 23 33 40
29 39 19 33
24 20 46 38
32 15 34 21
15 32 25 35
20 31 32 38
34 21 24 24
18 31 23 26
33 41 31 29
41 36 25 45
22 46 25 38
38 14 19 44
45 41 21 22
25 30 45 16
18 30 24 35
27 26 16 30
22 13 27 22
38 45 29 35
21 33 19 38
29 43 45 20
37 26 31 22
28 19 39 24
41 22 31 35
36 32 15 22
38 34 24 23
24 19 31 18
41 36 29 24
28 37 27 28
28 22 27 14
18 46 38 21
35 13 15 21
19 41 29 16
27 29 19 24
32 26 23 45
16 24 31 46
38 25 32 27
41 42 32 21
33 45 32 20
19 28 22 31
17 26 18 40
13 27 20 29
35 44 43 25
44 34 36 38
18 26 16 24
41 34 26 20
29 20 13 27
42 34 27 25
35 35 25 38
22 27 31 40
22 23 26 27
42 19 36 21
26 18 25 25
15 26 26 40
39 31 24 29
26 24 17 13
29 29 37 16
21 43 41 29
18 23 27 19
35 29 31 18
42 26 32 35
33 36 17 35
36 41 24 25
28 17 27 25
34 24 21 23
22 30 21 30
15 21 45 33
39 45 29 36
45 32 13 30
26 37 29 38
31 29 25 36
37 30 39 36
26 21 36 22
22 34 45 33
26 24 24 46
29 16 34 33
32 15 16 22
24 26 42 35
21 31 28 44
29 17 33 27
45 42 22 27
29 34 34 19
45 23 20 15
22 28 19 35
35 33 39 28
22 18 40 23
30 46 27 27
33 17 34 26
21 27 25 28
19 35 21 28
45 21 35 21
41 34 36 20
44 41 32 17
25 29 14 33
32 31 31 30
18 28 28 31
40 33 21 24
41 25 20 16
21 30 17 41
28 21 19 39
27 28 20 45
18 23 30 42
37 21 29 44
13 31 17 30
32 32 25 21
37 16 39 41
40 21 26 23
42 26 36 18
23 14 23 35
29 39 28 17
30 19 22 31
23 35 35 37
23 22 34 23
23 29 21 18
30 22 43 30
22 16 20 46
26 15 15 22
34 30 39 18
26 38 32 36
29 44 31 31
23 27 29 19
23 39 16 39
23 25 22 27
33 34 33 30
32 35 30 18
22 34 46 27
38 33 24 23
32 41 25 30
15 36 16 32
24 29 45 25
14 31 20 26
31 24 29 18
43 18 41 16
33 26 36 34
26 33 32 37
31 45 17 24
38 31 34 34
26 25 26 25
23 25 31 39
29 22 13 29
42 23 24 26
33 18 33 30
34 42 28 15
16 29 15 35
14 16 30 28
28 44 19 42
27 19 24 34
36 26 23 29
24 29 23 38
29 30 39 26
40 39 20 23
21 25 29 36
29 33 24 30
29 30 37 25
44 29 28 20
44 13 26 41
28 43 17 22
23 17 32 32
33 20 23 36
41 19 24 28
25 17 33 19
21 38 29 28
35 28 25 24
38 36 20 46
24 17 27 24
37 41 28 23
30 26 29 19
36 38 27 41
20 28 36 46
38 17 39 14
18 25 27 23
23 23 32 37
24 33 27 28
17 17 35 38
33 35 35 29
19 23 28 32
29 30 21 39
31 45 29 39
46 26 36 30
22 22 20 37
18 35 27 18
30 20 40 29
31 26 32 20
24 28 29 33
34 21 38 23
40 45 34 41
26 21 27 15
23 28 24 40
18 31 40 16
27 26 14 34
39 42 30 32
35 37 29 40
28 26 19 26
26 24 28 39
31 25 22 39
27 33 28 31
45 28 29 27
45 24 32 23
26 22 13 20
22 32 32 33
32 16 27 17
30 42 35 30
14 15 22 21
23 29 23 41
22 23 30 15
27 31 38 36
38 20 27 36
45 28 23 31
26 35 25 24
35 23 44 34
29 18 30 26
34 14 30 21
18 35 26 14
17 22 26 38
28 39 15 26
30 27 24 46
38 17 31 41
41 29 23 25
46 17 37 23
36 43 40 19
30 36 25 28
27 31 38 13
23 26 24 29
38 19 15 28
22 24 26 27
34 28 33 34
29 22 18 24
25 30 13 16
32 16 38 16
35 30 33 24
43 25 26 31
13 37 32 36
27 31 42 46
32 41 28 25
24 14 36 37
23 26 32 43
43 33 43 23
29 25 27 22
14 27 25 30
35 18 18 24
43 20 36 44
22 13 29 45
29 25 17 26
32 28 36 16
39 40 38 24
39 24 16 41
23 21 34 34
21 25 33 23
20 27 41 34
44 19 25 38
20 34 33 20
42 23 34 23
13 44 27 25
28 16 15 39
24 43 23 32
17 26 21 44
20 34 13 37
41 34 16 16
26 22 44 39
18 17 29 27
20 25 27 33
18 32 35 32
36 42 41 22
24 30 30 32
36 30 32 21
41 35 39 34
45 16 41 29
25 39 29 38
19 41 19 30
40 23 20 27
21 39 24 19
34 20 18 18
31 22 38 26
27 17 40 36
24 33 30 41
29 38 46 39
29 23 35 20
27 15 27 26
36 21 28 18
16 34 30 35
21 37 13 26
14 27 20 34
25 41 38 31
18 26 22 28
31 24 23 19
33 32 41 38
16 21 21 30
13 18 17 27
37 25 31 31
24 28 29 28
36 16 30 21
36 28 34 34
29 32 36 33
18 22 37 25
22 23 19 28
23 32 26 39
32 21 24 39
20 24 36 45
37 31 15 25
36 44 22 27
27 28 33 24
30 22 21 35
19 31 28 16
19 19 24 25
29 29 18 36
29 18 37 39
26 25 24 21
24 18 19 31
36 19 40 31
14 29 44 33
37 14 35 25
21 30 22 33
26 15 21 25
22 20 21 38
15 25 31 32
30 17 18 30
22 35 38 43
32 30 26 26
18 32 21 21
37 19 17 26
36 35 29 43
14 46 37 42
44 36 21 26
36 17 19 37
34 20 33 33
41 23 27 33
17 21 16 36
39 27 43 44
25 26 38 43
36 21 36 29
36 29 20 18
34 40 39 36
28 31 41 35
38 31 28 33
38 37 33 41
26 34 27 28
38 13 29 33
31 32 13 17
18 17 35 26
26 21 41 17
22 18 37 33
17 31 20 17
39 35 41 37
26 36 45 36
26 18 37 21
41 14 21 24
32 36 15 23
31 34 23 38
25 16 22 19
43 42 29 19
19 35 25 26
13 26 40 42
40 24 36 25
19 36 36 36
20 28 36 15
29 33 14 23
27 31 35 44
25 20 17 26
33 20 20 36
23 27 17 32
38 41 24 38
33 25 25 35
30 40 30 45
43 35 13 15
25 18 24 31
38 28 26 34
21 33 22 13
25 28 35 23
20 42 29 20
28 42 24 27
39 32 26 26
33 29 35 25
37 25 39 27
28 18 21 41
43 17 44 26
38 32 37 22
38 38 36 38
18 22 34 31
30 20 31 46
26 16 17 33
14 40 25 44
40 36 29 31
34 25 42 32
24 29 25 25
22 46 41 21
45 18 44 30
21 21 24 19
25 34 18 35
13 42 28 39
18 38 30 40
18 39 17 42
36 24 22 29
18 16 20 32
18 34 15 33
44 26 27 19
41 21 23 36
41 24 24 29
18 30 27 17
32 24 25 29
23 17 25 22
44 44 26 20
29 22 17 30
20 20 26 40
23 26 20 36
30 13 27 23
40 21 28 42
35 13 19 40
30 20 31 43
23 17 24 27
22 36 30 21
23 30 23 13
26 42 24 18
25 17 35 39
20 38 38 23
23 13 28 24
31 31 21 31
42 32 29 35
15 36 28 38
26 16 19 15
21 41 27 27
22 16 42 32
29 20 37 28
28 39 44 35
44 22 28 20
24 35 22 28
24 16 37 14
23 25 37 22
33 25 37 34
34 22 34 20
22 26 31 19
24 23 39 25
22 32 29 40
42 21 37 13
29 39 34 30
23 19 20 17
18 30 27 20
29 34 27 38
19 34 17 45
18 23 22 17
24 22 20 34
31 17 23 23
23 18 31 20
29 32 42 26
44 26 17 18
16 27 27 24
28 14 38 20
34 37 25 26
23 34 24 42
39 23 38 34
27 21 16 43
20 21 42 19
41 24 34 20
19 44 36 36
18 37 30 21
25 43 32 35
26 21 26 26
31 46 41 35
42 46 14 35
20 18 19 26
27 17 22 34
19 40 24 16
20 31 17 25
27 24 41 32
41 24 45 27
35 18 38 44
19 27 19 17
39 19 28 27
25 13 22 23
25 16 28 29
27 32 39 13
21 27 34 28
30 24 17 14
14 31 22 29
28 29 26 43
25 30 22 14
15 31 13 34
24 26 36 22
33 32 26 21
28 23 30 44
31 20 27 18
29 22 25 21
34 25 35 32
28 19 46 30
19 19 24 34
21 36 22 19
24 15 30 30
45 36 20 34
28 13 26 31
26 27 28 33
20 31 20 45
36 23 19 38
44 18 22 39
23 42 32 27
28 36 27 30
22 26 26 42
31 27 42 25
23 23 30 29
28 27 43 27
22 31 33 28
23 41 33 44
30 45 26 31
34 24 21 18
17 26 36 29
20 23 19 20
44 45 24 42
21 20 20 32
31 32 35 42
38 36 23 19
20 36 44 43
33 14 21 25
30 17 13 32
20 17 19 18
25 16 26 29
34 38 32 24
25 18 22 31
38 29 30 36
30 38 42 34
45 26 42 38
17 40 23 28
27 17 33 15
30 21 29 18
31 33 20 24
17 17 16 29
23 28 33 37
18 23 38 32
37 38 28 20
21 36 32 37
26 40 26 19
22 33 39 31
25 20 38 32
30 30 37 35
30 28 33 23
39 28 22 30
44 17 36 24
19 36 38 37
27 17 16 20
18 18 20 46
41 32 40 17
23 36 15 31
44 22 29 31
18 29 15 27
31 28 35 40
13 27 16 29
42 20 18 33
16 36 33 35
22 45 40 20
27 13 31 21
22 30 33 37
37 37 39 41
19 33 16 23
28 25 37 13
19 30 40 19
28 18 43 42
26 27 31 26
19 21 43 27
21 35 27 40
16 23 27 41
41 21 41 46
31 23 38 34
36 25 20 23
23 44 30 41
23 13 15 27
24 39 17 24
31 16 37 29
37 20 37 42
42 42 37 31
18 20 45 26
37 39 18 27
34 14 27 22
38 26 25 25
34 31 16 21
32 38 44 45
30 17 14 38
30 24 19 46
34 21 22 41
20 29 25 14
38 22 24 27
19 13 38 18
28 26 42 34
29 22 20 44
17 27 33 39
32 35 29 31
35 29 25 24
27 29 43 31
29 27 30 31
24 16 35 34
19 33 28 33
42 16 39 31
13 46 26 43
42 21 17 39
23 27 28 27
33 28 37 35
36 40 31 31
32 43 43 21
36 17 46 42
41 17 33 32
32 31 26 28
26 30 43 39
28 35 40 45
30 15 27 28
23 40 41 25
37 23 34 39
22 38 35 41
22 28 28 26
28 29 31 31
31 30 30 28
25 21 32 33
31 34 36 44
31 35 30 32
19 13 34 15
34 38 34 19
39 26 31 35
31 24 23 29
36 30 41 17
36 21 30 22
33 42 20 43
31 41 31 20
41 41 41 46
28 22 30 15
15 28 16 37
22 21 27 24
14 28 17 31
30 19 31 34
29 18 24 29
20 43 34 26
29 23 25 28
32 25 33 36
45 37 32 37
22 27 17 24
24 15 19 15
32 18 36 32
45 23 27 28
24 30 25 23
40 37 21 16
26 34 35 27
32 21 38 18
22 37 17 28
22 29 14 31
38 24 20 21
34 36 14 32
27 27 20 22
36 38 35 39
37 31 36 36
25 34 17 22
19 22 28 35
38 25 17 35
43 26 28 26
32 25 35 44
36 33 36 35
38 24 20 27
23 20 25 39
32 20 20 18
27 38 21 20
36 24 28 22
20 13 20 24
32 19 18 21
21 14 34 13
35 40 39 31
17 15 29 40
22 18 24 40
40 20 45 36
14 34 28 24
25 32 28 31
39 33 20 38
15 32 32 35
31 36 37 20
40 38 17 24
36 19 27 29
27 40 32 32
46 27 30 16
31 20 29 39
22 23 28 24
28 15 35 35
20 23 20 19
16 21 16 39
27 32 30 30
18 23 35 16
16 15 43 37
22 35 27 31
22 46 42 24
38 37 30 39
42 37 33 38
25 30 35 30
25 23 25 42
15 31 32 42
29 32 29 17
18 18 26 45
24 28 40 34
17 35 26 15
32 36 44 25
30 38 25 17
40 34 18 25
36 14 40 21
20 36 37 19
25 20 17 24
29 26 13 37
31 28 21 38
22 36 29 31
20 17 27 44
36 25 28 20
24 36 20 26
36 17 25 33
25 23 21 33
29 45 21 36
29 28 27 24
34 24 36 28
40 28 17 26
24 39 21 18
42 31 23 31
43 30 39 35
15 25 25 28
37 25 16 37
43 33 20 22
18 15 19 32
32 43 32 22
37 22 36 34
28 46 39 31
22 15 31 33
31 30 26 18
46 26 32 20
31 35 38 42
19 31 33 21
16 25 45 22
17 27 16 24
27 31 28 23
41 26 42 26
37 40 27 20
40 13 22 43
13 39 15 28
39 43 29 39
27 22 33 30
35 39 22 25
29 18 44 28
34 40 22 25
30 35 20 34
30 45 21 24
15 17 17 34
25 31 18 31
21 34 24 29
33 19 34 26
32 35 15 30
16 26 19 26
41 33 32 35
29 32 38 24
44 25 44 39
29 16 23 20
44 23 28 21
28 26 24 26
30 30 28 31
42 22 30 25
30 42 21 40
42 20 40 27
40 24 35 15
24 22 21 39
19 37 15 34
28 36 16 20
30 40 18 35
42 45 46 20
28 21 35 31
25 33 24 29
33 24 33 30
21 30 16 19
40 17 29 37
37 22 33 18
24 21 36 32
36 19 36 25
32 44 39 35
36 27 20 41
31 24 23 25
29 17 17 25
24 38 16 34
24 21 14 28
23 35 27 19
23 29 28 18
15 26 33 20
18 13 22 41
43 45 22 17
26 15 24 37
44 23 46 43
20 14 22 29
21 34 29 18
30 16 34 28
35 33 43 28
46 18 39 20
23 29 28 28
24 29 30 32
38 32 24 33
23 36 23 42
35 46 18 25
27 34 22 22
32 18 30 27
20 29 14 39
19 30 37 36
32 29 44 24
35 27 29 33
39 27 21 33
24 18 40 44
37 31 27 38
27 20 32 23
27 37 36 43
34 24 25 26
13 34 29 26
39 36 20 25
15 39 34 26
38 32 29 35
31 34 37 25
29 23 43 38
18 28 31 37
31 19 21 30
28 27 43 24
30 30 23 34
35 20 16 42
46 41 19 35
16 29 29 26
29 26 33 26
21 39 23 22
23 34 20 26
29 20 27 19
33 34 33 42
43 26 20 24
13 19 37 27
42 36 32 33
35 17 40 21
26 28 44 30
20 18 46 34
19 25 32 23
33 43 38 22
30 35 23 31
34 14 21 43
37 38 32 18
43 14 28 16
18 16 38 30
36 43 33 42
31 38 35 24
38 35 32 34
19 32 15 16
35 26 23 40
36 34 26 40
25 25 23 18
32 24 31 43
17 42 17 26
27 17 20 36
22 32 40 31
35 40 34 26
39 25 38 20
32 37 27 27
32 40 40 31
18 43 33 32
14 32 43 39
41 28 26 27
17 29 22 41
21 27 36 15
29 35 27 32
32 41 28 28
31 35 33 30
21 26 31 38
34 20 30 32
24 35 22 22
25 15 20 19
17 33 26 31
20 34 32 45
30 33 21 44
24 23 24 23
34 39 27 46
27 30 25 14
20 35 24 36
46 42 34 41
27 18 14 36
40 27 36 37
46 46 28 29
44 40 21 27
42 19 42 34
31 23 39 29
20 37 17 30
25 33 24 22
28 33 31 37
23 13 17 20
39 23 22 44
17 16 16 27
26 36 40 37
22 35 29 26
25 22 46 34
28 25 25 32
23 22 38 25
16 32 38 13
23 29 30 32
17 36 37 23
27 32 39 31
19 37 28 23
17 44 28 34
14 45 13 17
24 24 27 35
44 25 36 16
18 36 25 25
24 21 37 30
37 33 39 37
27 35 34 20
19 24 26 31
43 23 33 24
32 34 44 39
22 23 34 46
22 21 24 36
39 16 24 23
31 15 22 19
23 37 25 24
41 33 42 28
19 27 17 40
35 19 26 26
18 26 24 17
20 23 44 25
29 39 38 33
38 24 21 42
19 21 35 21
31 27 34 26
26 43 38 25
28 33 34 33
41 21 28 17
44 37 42 24
26 25 36 32
29 36 24 41
27 22 25 17
27 35 37 23
17 20 21 19
37 23 14 24
23 29 29 34
25 45 31 38
22 46 30 24
34 33 40 31
30 35 38 18
33 33 29 27
21 28 29 35
15 32 21 19
35 24 33 33
20 29 17 31
15 14 27 16
32 35 34 16
25 34 31 32
25 33 37 25
34 42 20 16
35 27 41 36
19 17 20 31
19 24 42 40
27 25 29 33
17 41 19 38
28 27 19 25
26 38 24 29
44 34 21 24
25 19 23 28
26 23 29 36
33 27 24 22
43 28 28 29
26 27 18 29
28 36 34 23
24 35 29 28
26 26 17 31
16 38 36 35
27 45 42 46
31 42 43 36
16 19 24 16
36 31 28 16
27 28 22 21
32 30 24 27
22 29 32 18
25 36 30 32
27 18 24 42
15 38 38 18
38 25 19 18
17 25 36 26
22 37 42 41
21 31 20 34
38 45 36 20
37 30 30 19
13 32 35 29
27 21 30 36
18 14 41 31
37 23 31 28
25 22 29 46
27 37 23 18
34 32 42 25
36 27 25 34
41 30 37 16
46 31 21 44
38 33 26 35
25 16 27 44
32 30 28 26
17 39 26 25
43 23 29 16
23 26 38 20
31 23 14 37
30 26 30 18
44 33 24 32
36 43 19 31
18 21 45 25
17 35 35 40
23 34 26 29
32 35 31 27
16 21 40 35
22 31 22 21
32 30 31 22
24 31 19 25
35 38 15 30
36 27 20 20
32 36 31 34
27 25 35 38
40 35 27 38
42 30 39 21
21 38 40 38
18 29 19 41
34 16 28 41
36 33 17 38
15 17 26 17
15 20 15 35
16 24 28 46
45 33 20 36
19 45 26 18
16 27 37 27
21 26 39 21
29 30 13 16
45 20 25 27
41 34 20 31
25 32 25 28
30 34 27 28
28 39 18 30
25 36 25 37
18 31 15 23
29 28 39 46
42 23 30 23
21 34 44 32
16 34 42 28
18 33 24 39
30 13 22 31
32 22 15 23
22 26 25 39
28 33 45 31
35 22 38 24
25 40 27 13
18 41 29 21
34 30 15 28
30 27 37 32
26 20 30 19
18 23 34 22
24 31 29 25
23 15 16 17
31 30 24 30
39 28 46 32
27 23 15 26
42 19 20 30
27 25 17 20
39 39 46 15
24 27 38 30
18 37 36 17
34 21 46 21
25 16 44 29
36 31 31 30
21 35 23 32
23 34 25 22
22 46 22 32
26 42 39 30
35 35 40 31
22 22 23 44
17 40 18 14
25 32 32 26
38 31 21 19
32 26 40 21
24 29 29 27
29 38 22 40
28 38 32 32
36 36 27 14
14 29 45 20
24 38 19 21
41 38 25 35
17 16 27 27
30 19 30 35
36 30 29 31
40 34 20 25
46 22 33 40
39 16 39 28
46 38 33 18
25 27 32 34
31 46 13 30
17 42 27 26
31 37 22 33
29 22 26 28
36 25 35 35
38 30 17 41
30 30 20 40
34 34 39 31
25 26 21 25
25 32 45 25
29 35 26 37
32 16 22 35
21 44 36 37
28 42 18 38
22 46 39 15
32 39 17 18
27 22 37 21
19 37 29 29
27 42 15 32
23 33 26 17
22 30 17 40
38 38 19 30
24 33 13 17
23 28 34 29
18 22 28 42
18 30 27 34
30 30 24 31
21 35 26 21
45 32 28 34
39 45 34 24
42 31 27 45
42 45 34 34
20 23 21 30
17 44 44 19
24 14 40 28
33 38 30 22
36 26 42 31
34 22 45 41
27 29 21 14
27 28 41 27
43 35 42 19
46 17 22 26
28 26 36 45
21 39 22 27
32 33 14 30
37 39 45 33
41 20 18 28
32 38 15 28
28 27 38 44
23 21 44 25
18 24 38 24
25 29 34 26
19 31 14 31
20 21 23 36
37 44 32 15
24 23 33 24
31 15 25 19
37 39 27 17
44 20 20 28
23 27 21 31
40 20 30 37
24 27 21 18
20 18 17 42
25 42 41 14
36 20 15 15
41 24 17 28
22 40 26 32
32 13 35 31
39 34 28 28
32 20 35 29
30 33 29 17
14 28 42 34
23 31 46 16
23 33 35 25
34 13 30 43
18 18 31 18
14 15 38 27
29 23 26 15
30 31 13 25
16 29 26 36
40 33 40 16
22 31 31 34
27 32 17 27
20 22 27 31
38 23 24 46
26 33 32 31
28 26 23 33
28 23 23 40
23 38 27 31
29 37 17 35
36 28 38 44
32 30 29 24
16 40 22 33
23 17 44 30
18 21 42 40
28 41 14 26
40 22 31 28
37 29 21 20
13 30 22 27
22 33 28 27
20 17 28 33
45 27 35 16
31 26 30 16
29 31 37 13
43 25 26 33
29 42 32 40
38 43 35 23
23 25 26 34
31 42 21 24
21 17 37 22
41 22 46 29
26 30 32 18
39 38 35 35
15 21 27 23
23 25 34 46
27 31 37 22
35 17 35 21
31 36 28 36
39 41 22 27
44 16 46 20
25 19 28 35
34 18 20 15
20 40 23 35
44 28 25 39
38 31 30 22
30 38 26 23
36 26 38 36
22 19 29 37
13 16 15 21
30 26 27 31
24 43 27 32
35 33 24 41
44 39 30 30
19 25 42 15
13 27 31 24
30 30 30 37
27 42 37 23
33 24 45 38
43 34 18 31
41 41 43 33
22 20 27 26
22 41 32 28
22 19 18 46
18 20 15 38
40 17 43 31
16 41 32 25
23 21 27 21
17 24 29 22
23 24 40 37
30 32 30 43
33 44 35 39
17 28 22 22
27 20 32 37
32 20 25 43
37 21 34 31
28 29 24 32
33 30 33 24
14 13 27 29
46 25 15 34
37 26 33 41
29 36 21 23
20 15 30 41
41 13 31 22
32 15 26 26
36 42 44 21
39 31 21 16
32 17 34 21
35 27 14 33
33 46 38 22
44 36 28 15
13 43 29 14
21 43 13 26
24 18 29 31
28 24 13 26
17 26 33 32
24 36 43 39
29 27 44 36
37 14 25 27
37 30 33 21
32 21 43 39
29 38 25 37
44 18 36 43
30 31 35 25
31 25 17 26
37 36 26 15
38 19 32 41
15 41 27 46
35 22 23 17
18 44 25 27
32 28 39 23
31 36 15 36
25 25 43 30
41 33 39 44
31 32 17 33
28 28 28 27
31 25 29 25
33 23 44 24
20 13 26 32
21 28 43 36
28 20 42 28
29 18 28 46
26 23 29 22
39 32 18 31
29 16 37 28
23 30 26 32
39 23 17 43
19 37 26 39
29 27 22 16
24 16 33 13
28 45 33 40
36 30 36 33
29 45 27 23
27 29 28 38
28 28 27 29
40 29 24 25
30 31 22 29
44 28 30 27
14 24 31 32
42 25 31 23
44 31 24 23
13 28 39 38
21 26 22 37
39 14 26 17
34 36 17 39
43 33 33 27
21 19 24 15
18 26 33 23
23 15 17 37
38 39 21 14
39 28 39 25
27 13 43 25
22 27 23 20
27 30 30 23
46 16 39 30
35 33 40 37
37 35 46 20
44 28 24 23
24 34 22 31
27 36 33 30
31 41 42 14
31 31 19 36
19 26 22 40
25 29 30 39
26 43 20 20
42 39 34 34
43 30 40 27
15 22 15 24
14 16 24 27
38 25 36 26
31 27 43 40
29 17 32 25
33 33 29 13
43 27 37 36
35 27 24 25
33 32 38 24
28 33 19 46
28 29 29 14
22 25 34 33
31 45 29 39
21 41 26 32
33 30 33 22
29 36 44 28
22 38 24 34
16 24 40 23
34 24 24 19
14 18 18 36
37 21 44 15
44 29 16 38
35 35 36 23
24 25 39 19
30 19 39 22
27 31 32 36
37 32 38 32
20 44 46 26
19 18 43 45
27 21 34 32
38 26 25 30
20 20 33 15
38 28 36 16
31 24 14 29
24 42 25 27
26 22 17 35
35 37 24 16
36 35 28 21
34 34 20 38
33 29 37 37
30 23 37 33
29 24 44 43
45 25 16 32
26 27 23 28
23 23 34 19
35 26 27 31
26 34 15 33
35 32 34 18
33 25 30 27
18 28 35 22
24 14 17 44
22 24 34 33
34 32 30 27
18 36 14 28
29 23 30 33
28 46 46 21
23 31 23 31
21 42 44 28
28 39 43 37
15 27 23 33
39 22 23 33
31 32 36 31
32 33 29 27
13 35 30 26
34 31 31 21
25 21 37 33
23 18 38 39
20 39 29 19
40 18 32 41
39 32 31 22
26 26 35 26
33 23 25 32
41 18 13 19
36 27 27 38
16 25 33 33
23 35 28 39
34 38 28 38
29 38 23 39
22 39 32 46
30 37 23 27
28 22 17 46
24 21 39 19
39 43 18 40
44 31 23 33
15 30 32 46
22 33 40 31
24 17 30 32
41 31 32 35
26 42 40 24
26 15 27 45
14 21 27 46
30 35 45 33
28 36 41 43
37 26 31 23
33 14 37 23
26 30 29 45
42 27 45 27
37 15 31 27
13 24 32 30
25 18 46 20
27 22 18 25
37 25 21 30
29 28 35 29
29 24 38 19
24 30 33 19
28 22 43 38
34 33 23 31
27 25 25 14
29 27 44 32
44 24 38 33
14 29 23 36
40 38 46 19
32 21 20 17
26 31 33 24
33 43 32 17
41 28 28 26
35 24 22 21
26 24 25 33
19 33 14 13
17 29 25 34
39 32 15 20
39 37 41 40
30 20 18 38
22 17 31 19
33 18 28 29
25 24 37 35
22 23 31 30
18 36 24 26
15 18 27 31
32 33 46 31
24 16 31 24
31 25 17 25
39 32 46 27
28 20 33 24
19 36 21 20
23 37 22 15
38 22 37 25
40 14 26 29
17 23 36 23
21 16 28 25
23 19 26 36
25 23 45 33
22 23 24 37
31 28 16 40
23 34 25 31
35 34 21 26
37 28 24 36
45 28 16 21
21 26 19 41
21 38 46 22
15 17 22 17
26 27 28 38
25 27 35 30
31 30 13 19
36 46 30 29
21 19 44 36
34 31 24 21
31 30 30 36
37 44 28 17
34 20 13 28
21 27 45 38
26 32 31 23
29 39 27 28
25 33 20 32
26 18 21 25
39 22 40 19
29 27 46 27
23 29 27 22
42 24 20 26
26 16 19 26
16 22 33 21
26 19 37 27
39 33 20 43
40 45 33 14
22 26 39 26
27 28 31 16
28 39 39 42
35 17 43 36
42 22 28 37
18 34 23 33
24 44 27 31
25 20 29 28
21 13 26 17
32 35 20 29
46 19 21 22
31 36 27 20
20 32 41 23
24 16 39 42
20 23 40 24
16 21 41 42
29 23 30 23
26 40 36 31
43 30 43 24
21 18 35 26
21 34 23 40
20 25 30 46
27 39 31 20
29 13 30 32
36 24 31 20
41 25 31 28
33 19 29 15
27 16 27 32
25 33 22 27
28 29 35 20
29 14 45 31
28 39 18 24
22 24 25 22
41 32 26 28
45 33 30 27
29 25 42 38
26 26 21 40
35 23 30 29
40 31 14 25
17 27 23 26
19 31 18 22
37 33 22 42
18 33 25 46
39 32 22 31
33 23 38 42
44 28 26 33
25 21 19 17
24 43 31 25
44 28 25 28
16 32 39 26
20 24 37 39
16 25 26 30
16 24 34 15
19 17 17 13
39 16 27 32
27 22 45 28
18 30 23 15
20 32 21 19
14 39 38 25
18 19 21 26
30 18 37 46
37 43 17 29
22 15 20 24
26 24 42 29
25 29 18 33
30 29 44 44
16 18 14 33
44 44 21 20
20 23 25 23
29 17 23 37
33 44 34 15
42 38 18 43
28 40 26 35
19 15 36 19
32 27 26 29
17 40 18 19
18 36 13 35
26 46 38 31
15 42 20 26
42 20 44 35
20 22 24 29
33 31 32 25
33 37 41 18
15 27 27 44
32 13 19 23
26 34 40 25
34 39 32 17
22 33 27 22
19 21 33 31
33 22 32 30
28 24 46 15
35 37 24 14
21 45 40 31
39 24 34 34
40 27 39 35
40 42 23 29
28 24 36 25
33 38 34 24
40 42 29 16
29 17 41 17
35 23 45 27
34 24 42 36
31 32 30 34
43 36 32 19
31 18 45 24
25 35 32 28
23 24 43 18
34 32 21 27
20 24 26 31
34 45 30 20
20 37 29 21
24 19 39 19
28 16 30 20
39 20 16 24
26 36 20 28
22 36 39 35
21 39 23 33
41 28 19 39
32 27 17 24
37 16 38 43
16 23 31 25
27 27 27 31
31 28 25 27
14 24 25 26
18 18 42 35
23 21 25 26
36 30 19 26
31 33 27 21
26 29 35 27
39 16 33 27
31 37 25 32
28 26 33 37
24 36 36 27
17 23 29 30
23 20 24 20
15 35 36 19
23 30 26 31
25 28 26 18
34 39 24 36
24 29 26 27
36 29 29 28
25 27 43 44
28 42 25 31
27 45 43 19
16 37 25 30
24 22 36 37
18 15 31 35
28 18 46 22
13 24 46 40
37 31 45 31
24 46 20 14
16 15 43 21
25 22 39 36
38 39 31 38
41 31 22 20
38 32 28 15
44 30 34 29
25 34 40 31
17 28 31 34
45 35 26 28
22 37 42 33
44 35 36 23
17 43 43 43
21 31 19 26
26 35 19 27
33 17 20 32
20 30 21 38
25 23 28 32
29 20 35 20
27 36 28 28
19 26 35 35
45 36 35 17
23 18 13 25
25 42 26 40
28 14 39 33
19 20 43 16
27 39 19 37
21 28 35 34
27 28 36 21
26 18 32 25
25 39 35 25
46 38 41 38
19 43 30 16
45 20 33 24
34 27 24 25
43 16 43 31
27 36 24 31
32 19 30 32
23 24 21 31
35 33 41 32
17 42 18 33
30 15 24 24
41 19 33 30
17 33 35 20
40 13 22 23
25 42 33 44
24 36 23 24
19 36 34 41
30 24 19 13
36 15 21 15
32 46 40 24
35 16 35 17
32 35 14 35
20 30 32 35
40 18 40 17
27 24 25 21
17 37 33 21
27 21 26 27
37 40 22 35
25 27 32 22
40 24 20 18
24 35 46 24
13 14 25 34
36 18 26 30
38 25 39 25
26 21 17 14
34 28 20 30
38 29 16 31
27 36 35 29
30 28 38 41
36 20 30 30
36 35 20 43
22 18 31 26
30 29 32 20
34 42 30 31
23 38 22 17
32 19 42 23
40 25 16 28
33 27 35 36
21 32 32 29
27 18 34 38
16 23 17 21
15 34 44 28
23 23 43 42
27 17 19 32
45 25 22 21
40 32 26 42
21 38 16 22
31 19 15 44
18 41 34 26
44 37 21 23
35 27 17 42
31 21 27 33
37 21 36 23
23 26 26 31
32 45 37 21
18 27 39 19
14 33 37 20
40 24 43 26
31 34 34 39
38 24 13 46
26 21 29 37
26 19 17 15
21 38 17 38
15 26 30 25
32 35 29 37
24 24 29 30
32 20 35 28
28 26 21 25
35 30 18 26
16 22 28 39
33 15 29 33
26 25 36 29
33 31 26 26
24 17 28 30
18 42 33 33
28 32 45 39
32 41 39 31
20 45 42 36
20 27 24 43
39 27 19 33
15 29 29 24
35 26 19 16
23 18 32 32
42 36 18 18
43 28 30 26
27 27 32 34
40 38 25 39
22 21 38 34
22 37 38 31
35 36 17 37
31 32 25 26
30 13 20 13
23 45 32 16
34 39 38 29
44 17 38 14
17 33 29 17
30 35 22 26
22 31 22 35
43 46 27 26
20 21 15 37
26 38 27 36
16 34 23 34
42 21 38 46
29 18 32 29
26 31 24 23
21 18 34 21
37 19 14 21
35 24 18 33
35 40 32 22
21 36 41 30
25 26 25 19
37 28 24 21
32 43 26 15
44 28 23 40
17 33 38 36
26 19 31 39
30 26 39 25
26 25 43 33
32 27 30 46
44 39 28 36
42 25 30 37
28 23 27 41
40 20 38 32
30 40 29 26
29 19 15 26
23 24 24 15
18 36 26 15
30 21 37 14
31 19 30 23
30 44 38 14
33 21 33 30
31 18 42 29
32 42 17 43
25 33 33 26
28 39 27 38
14 22 41 38
41 35 25 26
35 32 20 39
24 33 27 31
26 23 32 32
17 24 38 27
35 37 29 21
27 28 15 17
15 28 33 22
35 29 27 34
18 31 35 29
36 40 17 29
26 29 21 32
17 41 23 36
40 37 31 20
32 21 34 17
44 14 26 42
27 45 14 23
35 44 42 34
21 33 24 37
22 46 43 14
40 21 42 20
27 17 33 32
37 23 15 30
30 36 38 36
30 22 46 15
31 26 31 37
33 23 35 24
28 18 30 21
36 25 13 31
37 22 28 25
34 32 32 33
24 28 21 23
20 40 19 22
19 20 13 16
40 14 45 22
20 14 28 29
22 17 41 26
31 33 24 21
31 28 27 15
18 25 45 34
18 31 21 31
18 37 32 27
16 19 19 27
20 39 26 44
30 42 19 27
41 30 31 28
19 27 16 18
16 46 23 32
34 22 28 20
17 42 15 40
21 43 19 16
37 34 35 16
24 28 33 33
15 34 22 30
17 25 29 22
38 30 28 40
17 28 27 22
40 19 31 19
24 43 30 24
33 27 34 37
19 45 29 35
33 15 35 24
14 26 37 16
26 35 35 16
29 42 22 22
28 29 15 36
26 25 24 21
30 31 33 15
30 15 31 26
21 21 13 18
44 39 34 18
19 39 40 28
34 17 20 14
45 29 41 28
35 23 32 28
38 24 24 29
27 36 27 15
18 19 31 37
30 35 28 22
33 27 18 46
14 21 23 26
21 44 22 37
37 32 26 32
25 14 32 31
42 30 18 30
29 35 24 14
23 42 38 20
32 25 24 42
28 21 21 13
30 32 27 29
26 40 25 30
29 25 25 16
35 25 32 19
28 25 31 31
16 22 35 24
13 27 26 43
23 27 36 32
28 15 19 34
24 29 20 30
21 46 19 29
16 25 27 40
36 37 37 42
23 24 15 46
29 23 31 33
30 42 22 26
45 25 34 32
30 40 34 39
25 38 23 30
39 22 21 39
21 36 38 22
37 41 29 27
27 40 40 22
25 39 25 24
46 21 40 39
27 15 20 29
18 16 19 16
16 36 14 21
22 21 31 32
28 24 35 16
27 28 15 34
28 31 30 16
24 23 21 19
42 19 28 21
23 27 31 24
24 15 19 28
18 27 23 31
37 28 43 16
20 26 19 35
25 35 32 19
23 32 22 21
33 41 16 15
18 22 38 35
27 43 35 17
19 29 30 29
35 21 35 27
32 35 20 21
18 15 44 24
23 41 19 46
15 13 15 39
30 37 42 15
24 38 29 21
37 21 40 26
41 26 28 30
33 34 38 38
21 30 37 27
44 21 20 14
34 32 37 17
41 21 30 39
33 39 25 26
26 37 25 22
14 33 19 33
23 31 29 30
42 33 14 32
37 20 36 29
38 19 45 37
18 30 35 29
17 28 17 25
22 18 33 26
33 34 16 34
28 25 36 23
25 29 25 45
16 35 14 42
30 25 23 20
46 24 34 26
26 39 30 37
40 29 23 18
26 31 30 32
44 24 30 19
22 25 37 29
43 18 29 30
27 23 28 30
29 43 25 34
25 29 37 31
30 46 29 34
23 30 27 43
41 19 27 28
25 25 36 22
21 27 33 46
28 32 36 26
31 18 28 15
31 19 20 16
28 34 33 38
27 25 16 15
21 26 22 33
27 20 18 35
16 19 26 26
31 32 38 29
33 39 17 22
30 30 38 24
40 25 42 27
21 33 43 33
42 33 30 16
16 30 20 27
32 30 38 21
28 15 20 19
15 43 17 41
29 38 40 29
32 30 26 37
28 32 27 37
40 13 27 13
20 17 34 31
36 39 23 28
34 28 34 31
33 24 29 23
28 27 42 37
27 42 44 32
24 32 29 19
22 28 36 30
29 31 15 22
34 18 15 36
38 25 28 17
22 31 30 29
22 41 20 14
44 26 25 33
31 28 42 20
18 31 45 27
17 19 25 27
24 20 26 27
18 24 19 20
31 46 42 31
18 32 31 18
20 13 24 35
14 27 32 39
35 38 22 16
45 26 42 38
25 23 32 38
30 30 32 24
40 22 27 31
20 15 23 23
33 23 32 21
26 44 45 24
43 27 25 29
27 44 42 19
21 28 29 16
29 30 25 38
28 34 25 35
18 41 21 31
32 25 35 14
30 24 35 34
20 31 18 13
39 27 22 45
35 20 33 31
21 26 40 32
29 39 26 24
37 22 27 38
38 34 36 43
22 31 32 32
18 28 19 27
22 37 24 13
26 26 27 42
43 26 32 31
30 15 40 34
36 26 35 29
38 22 39 28
21 45 24 26
41 42 39 21
22 37 28 41
24 18 35 27
30 20 35 20
24 41 34 20
22 34 24 33
33 27 26 44
22 25 36 43
42 24 40 27
19 19 32 34
22 27 24 26
36 20 43 16
28 25 37 35
30 18 19 37
39 29 37 36
22 32 28 21
31 31 27 40
40 19 26 34
46 28 37 32
31 32 34 31
33 42 37 23
41 17 18 24
37 16 27 24
37 26 30 23
32 18 14 38
19 25 40 29
28 22 29 38
18 23 22 44
43 33 44 33
24 19 28 31
35 35 28 23
36 33 16 25
28 22 28 44
18 36 17 32
26 29 27 37
37 17 37 19
37 25 37 45
38 32 17 44
15 44 18 39
33 34 38 35
32 21 15 21
15 19 14 13
33 31 28 26
44 32 33 42
37 31 13 23
34 13 30 27
26 20 24 23
20 29 31 23
41 30 28 36
25 38 15 18
21 23 32 19
43 29 24 27
13 21 30 40
23 18 32 38
24 42 26 33
19 27 35 45
26 43 40 21
26 35 23 39
27 43 34 30
24 33 17 22
20 24 22 31
14 18 17 23
25 23 32 27
24 19 24 15
43 33 22 26
18 25 31 31
28 19 26 22
24 26 29 41
32 32 26 23
21 16 28 21
21 37 16 21
31 40 24 25
31 33 16 31
45 37 17 27
17 31 28 23
22 27 40 14
39 18 39 18
24 23 13 42
40 36 19 41
16 29 34 38
17 35 23 13
28 21 34 38
21 35 26 32
32 34 16 30
33 25 25 24
19 31 34 22
38 45 15 25
19 23 32 25
29 35 23 33
25 27 34 19
34 32 26 38
41 21 35 29
29 30 26 32
30 28 28 36
17 35 27 43
44 39 32 42
29 25 26 23
19 28 35 24
19 18 18 20
26 19 33 19
35 36 24 22
28 22 28 20
22 29 24 26
46 24 46 20
19 40 34 33
38 15 25 30
37 35 26 46
23 24 28 31
23 28 27 36
25 21 42 35
38 17 34 35
31 27 35 39
30 24 26 23
22 20 45 25
35 18 44 31
34 17 22 36
21 16 21 26
23 22 36 43
36 46 33 22
28 46 29 21
27 27 13 33
30 28 34 28
26 26 20 34
41 40 40 36
25 15 27 38
44 32 23 34
24 44 37 28
45 26 25 17
18 33 24 28
26 31 28 31
27 33 20 41
41 29 15 28
26 17 42 29
19 26 26 23
23 30 28 25
29 18 33 23
14 18 28 20
19 21 23 13
21 21 17 29
21 43 33 42
22 25 22 30
18 31 39 26
20 44 32 40
24 27 15 27
27 20 39 30
17 43 26 31
25 29 21 21
33 45 21 26
20 37 29 36
26 42 25 27
17 27 29 21
30 26 27 35
38 34 30 33
19 33 31 30
34 21 35 31
41 30 19 28
30 28 38 42
37 27 42 27
17 30 22 32
30 39 23 44
28 33 31 44
24 26 27 42
23 20 24 14
21 45 26 37
13 37 29 31
25 20 28 27
36 26 33 34
31 24 21 36
32 19 24 16
17 27 24 33
34 21 35 23
30 23 20 26
31 25 35 40
31 44 21 24
32 27 15 20
20 29 23 25
30 35 18 43
39 37 21 22
36 36 21 28
46 22 18 43
34 44 34 36
26 13 14 46
34 16 40 38
25 24 33 15
19 25 22 21
17 22 28 20
39 29 28 33
14 13 26 21
31 37 25 13
14 14 45 33
28 16 27 40
22 38 41 44
13 32 22 26
32 24 36 25
37 23 28 27
15 19 43 30
37 27 17 41
25 19 30 28
36 26 23 40
14 20 32 41
17 20 45 45
39 21 25 31
27 28 31 37
43 23 24 24
19 21 41 23
26 28 30 19
46 24 22 28
25 15 28 46
21 29 33 29
24 45 23 22
34 27 19 25
14 39 25 24
36 41 20 29
31 19 35 33
41 30 22 27
26 20 28 44
35 35 19 45
28 20 27 41
34 14 46 42
44 28 38 22
31 45 17 46
24 26 25 24
40 24 26 25
23 39 29 20
19 25 24 35
22 17 37 45
26 27 33 13
35 29 25 14
21 15 17 17
32 15 24 34
20 36 13 42
31 29 23 31
22 24 41 18
31 21 19 36
36 30 24 20
25 40 26 28
20 16 28 27
18 33 45 38
27 29 36 42
30 16 19 17
19 35 26 36
16 29 21 42
22 24 26 36
30 19 45 21
32 27 28 31
41 27 15 23
33 20 23 20
33 18 23 32
41 41 22 17
26 33 23 27
30 30 24 15
30 35 33 16
25 22 43 46
36 24 14 36
27 45 26 23
46 29 30 42
23 23 23 17
19 39 33 34
27 34 20 15
41 44 35 40
17 27 16 16
14 23 32 18
39 29 28 38
19 17 45 39
43 30 46 21
18 34 18 32
44 23 19 42
24 23 21 18
20 15 19 38
20 32 28 39
34 24 32 37
19 19 24 45
44 23 32 23
16 36 29 26
40 37 14 31
32 22 16 40
23 35 21 27
30 36 33 14
23 19 20 16
25 29 16 20
24 22 34 24
21 41 33 34
31 35 28 23
29 29 23 29
38 33 29 27
30 30 16 34
21 28 20 28
41 23 43 31
14 30 20 31
26 13 15 30
32 31 21 44
30 32 28 28
32 41 42 35
25 35 23 39
38 41 15 33
24 28 13 38
19 18 46 39
29 30 41 28
27 23 18 24
17 24 22 33
26 29 36 19
30 27 24 31
30 17 26 15
22 40 26 27
31 18 22 41
17 38 36 18
14 15 19 34
41 25 31 36
44 41 33 17
41 33 18 45
22 29 17 23
43 42 43 33
34 34 37 23
32 22 17 36
41 23 24 26
46 24 19 28
28 37 46 27
46 41 35 32
22 23 16 35
36 43 35 28
37 45 16 30
23 21 28 33
34 34 20 28
34 36 15 38
29 18 44 40
35 19 29 26
33 32 35 42
24 40 35 20
45 26 30 44
14 18 17 37
32 31 34 15
40 28 18 26
26 37 29 18
40 15 34 29
23 23 20 24
22 19 29 22
24 27 38 22
30 19 30 23
36 23 19 35
23 29 38 30
20 24 35 30
33 17 26 19
20 39 27 43
30 40 40 24
28 19 42 28
15 14 16 17
43 34 25 41
31 27 39 29
29 28 37 23
15 26 29 35
33 30 33 27
17 27 38 21
39 18 22 30
24 18 19 19
31 24 39 22
20 41 37 30
35 39 15 43
26 26 15 34
14 44 29 24
27 21 28 26
28 23 43 16
41 19 33 21
33 22 36 45
29 24 17 23
31 32 26 35
21 32 15 41
25 23 40 24
28 26 20 26
26 34 20 39
36 36 40 26
32 26 29 30
30 36 30 34
22 28 34 31
24 24 29 36
19 15 25 37
25 22 33 34
24 23 40 27
28 32 23 29
32 21 34 37
22 34 19 26
22 32 32 29
34 20 22 43
46 24 27 20
32 43 28 46
36 27 33 43
20 37 15 20
13 28 40 46
42 27 25 32
20 20 45 21
24 18 20 30
19 17 32 37
44 17 45 22
33 36 41 36
25 24 24 30
33 15 41 26
21 27 23 29
34 17 43 21
43 25 32 27
36 30 29 33
20 28 24 24
32 31 17 37
27 26 32 21
18 35 29 36
41 23 32 39
33 34 23 26
22 25 28 13
17 26 19 30
16 16 26 26
16 18 19 31
16 22 31 22
29 41 23 27
17 39 30 23
18 41 22 27
33 43 20 38
24 35 24 34
34 38 41 18
35 25 41 23
46 31 41 26
27 46 26 27
15 26 21 40
36 23 27 42
13 38 22 30
44 28 29 30
17 44 22 26
30 22 40 19
23 24 42 32
29 38 37 18
26 23 36 35
27 30 37 32
30 31 33 22
39 15 33 32
30 20 25 18
32 23 23 24
41 14 33 28
23 37 18 41
37 28 35 18
29 34 29 31
25 33 28 14
23 34 18 36
28 37 37 37
25 37 33 23
29 32 24 31
31 30 43 32
29 24 17 17
34 39 24 18
43 34 34 22
15 26 27 27
15 29 45 40
41 32 43 25
18 42 16 33
35 35 20 18
36 29 39 35
16 21 27 42
18 15 19 26
26 31 37 41
32 15 15 27
31 27 36 15
23 28 22 35
38 40 22 23
38 31 39 31
28 33 26 18
21 20 36 30
29 43 21 30
38 35 35 20
23 27 16 35
23 25 31 37
35 21 32 31
29 23 37 16
38 32 27 39
26 35 41 42
24 31 27 25
20 30 41 27
20 41 35 31
35 18 31 29
41 24 27 40
44 27 26 40
26 41 27 36
23 32 23 28
41 39 45 45
33 17 20 22
28 14 21 24
26 44 17 45
33 34 17 30
45 21 33 44
33 33 25 22
43 13 21 15
24 23 26 36
19 31 21 29
30 42 36 28
31 24 45 23
22 32 18 15
32 14 38 22
43 25 30 38
24 31 19 18
43 31 42 36
20 36 31 27
23 23 43 17
31 17 18 31
32 43 26 16
41 27 35 32
45 42 39 32
30 28 34 21
37 34 35 46
23 34 28 39
34 32 31 24
34 27 25 21
40 28 31 31
22 31 15 32
39 19 26 40
30 36 13 32
25 33 15 25
36 24 21 41
24 25 19 40
34 24 31 21
36 19 14 25
29 29 39 27
25 20 24 43
18 27 19 19
37 22 29 15
29 16 24 35
36 45 34 28
18 35 17 18
32 31 45 22
29 28 20 21
38 36 30 27
24 19 43 19
26 40 18 35
33 35 24 15
14 33 32 18
22 42 43 19
22 22 27 25
31 26 32 19
26 22 16 33
34 42 31 38
18 27 27 38
16 21 35 30
25 27 20 40
32 21 30 33
21 16 38 14
38 41 33 32
24 29 18 31
19 18 31 23
36 15 18 21
15 38 40 32
38 18 21 24
20 30 32 29
29 21 41 29
22 27 20 21
32 36 42 37
38 29 33 24
15 33 31 19
23 27 31 21
33 27 36 30
18 25 25 35
46 30 37 23
21 27 26 34
25 28 39 38
40 26 34 35
31 39 23 28
46 39 21 42
30 23 21 19
44 36 40 43
30 18 34 46
23 20 31 28
27 27 15 25
19 29 25 46
26 17 20 22
35 44 40 37
34 36 31 34
24 44 20 26
20 25 19 46
15 43 21 26
37 27 42 35
26 34 25 28
29 30 45 18
31 38 21 22
32 34 42 22
14 22 39 22
17 13 39 30
16 29 43 28
30 34 25 17
24 27 45 19
18 29 28 40
37 30 30 31
22 37 45 38
23 46 37 27
32 24 35 19
26 35 28 17
24 28 31 27
35 23 29 32
35 27 44 24
30 24 43 24
34 13 32 34
34 34 21 17
41 28 17 23
25 34 23 40
20 25 34 20
17 27 28 24
23 33 38 31
35 24 33 25
43 22 20 30
43 44 22 22
32 28 34 24
25 17 27 29
21 21 45 27
43 20 23 26
30 16 40 38
15 22 13 29
24 31 21 45
34 29 26 29
17 27 41 30
31 27 37 45
19 17 38 27
29 34 23 28
26 22 35 29
14 34 16 44
17 23 17 33
44 30 46 43
28 27 22 31
28 37 29 44
24 46 29 40
29 28 20 44
25 45 24 13
31 21 43 37
18 26 41 43
23 33 42 27
31 44 34 20
37 42 42 33
15 22 33 29
46 21 18 28
36 42 19 34
25 33 44 23
24 33 41 23
30 31 21 23
45 24 27 16
17 34 18 14
24 21 32 36
19 38 25 28
21 29 20 26
37 23 34 33
28 25 27 27
32 20 32 18
34 22 26 35
17 22 41 23
40 27 31 34
32 34 40 25
26 35 36 43
21 33 21 36
22 40 22 34
19 35 40 16
30 17 31 41
17 26 15 17
21 20 46 29
35 38 24 24
40 18 36 21
46 27 37 31
15 32 17 35
29 28 42 32
30 27 42 39
43 17 16 19
20 42 23 23
30 26 29 34
32 15 31 46
35 46 22 27
28 25 23 35
20 33 35 27
27 35 36 20
32 40 33 18
40 14 31 32
19 22 13 13
32 45 28 21
45 35 15 45
26 24 28 42
21 31 36 20
32 26 38 19
41 24 34 46
32 28 46 46
31 28 42 29
40 46 20 30
46 26 21 33
30 28 25 34
18 30 30 27
22 24 21 35
44 28 17 19
24 37 18 23
32 25 33 18
46 35 24 32
43 46 38 28
15 22 27 32
13 14 30 28
32 46 26 32
23 43 21 26
16 35 32 36
26 33 31 19
26 14 19 18
30 23 17 44
36 16 28 26
16 46 15 18
19 31 14 26
25 32 43 44
18 27 29 15
20 26 27 37
17 42 20 31
24 22 19 25
40 31 33 43
29 34 24 42
28 40 26 18
21 23 29 30
30 35 19 22
27 36 43 39
40 32 46 39
38 43 27 34
33 41 22 18
43 41 25 15
18 30 29 39
31 29 24 46
26 33 45 31
25 18 26 26
17 36 14 30
22 42 18 16
42 39 15 27
33 14 25 25
36 42 26 26
17 41 35 25
31 31 46 27
42 42 35 21
32 19 27 26
29 33 30 32
27 33 22 19
31 26 27 26
46 30 29 22
26 39 13 24
22 26 20 39
32 21 22 37
16 26 22 25
20 25 42 28
30 25 27 26
32 34 39 33
15 23 19 21
16 38 23 38
17 36 26 35
46 32 34 30
35 19 27 19
25 32 25 39
37 32 25 16
36 37 31 22
29 46 32 31
29 16 41 26
21 31 29 40
41 18 26 40
36 30 36 22
21 27 42 20
19 31 27 30
24 28 34 37
26 26 29 28
28 28 23 32
21 17 29 15
42 21 40 25
26 25 19 35
37 31 37 16
27 30 21 15
21 41 46 25
28 27 38 29
28 22 27 41
21 21 22 35
20 37 31 23
28 16 42 36
39 17 15 28
29 23 29 22
17 35 35 34
22 46 23 31
24 28 29 24
40 36 46 25
14 28 35 35
44 31 30 32
17 14 43 38
21 20 21 28
27 19 24 33
34 38 41 18
25 42 29 16
25 26 36 19
20 17 31 38
35 33 27 18
28 40 28 15
30 24 33 19
27 25 17 16
25 40 22 38
30 15 26 35
45 26 21 39
30 13 17 23
29 24 44 27
34 29 44 33
29 36 41 27
43 19 22 45
15 39 25 38
43 28 25 18
42 25 38 27
28 25 27 13
35 44 31 32
36 37 17 31
29 44 37 32
30 24 34 37
27 27 40 33
37 17 32 27
26 39 21 14
36 19 26 18
17 45 39 22
37 40 27 26
33 28 30 33
31 17 43 35
24 36 23 31
14 30 15 26
39 35 25 41
42 19 42 33
41 18 32 41
26 17 31 17
21 34 18 13
39 24 30 34
39 19 32 29
39 24 25 26
42 31 41 40
43 34 39 46
34 43 20 14
32 25 37 20
40 27 16 22
29 43 31 15
45 38 46 18
28 22 18 21
27 29 20 41
30 33 41 28
42 26 34 22
42 37 15 27
20 29 19 42
19 23 18 31
19 28 15 34
30 26 23 31
34 19 36 31
19 45 13 20
35 23 23 32
43 34 22 44
18 27 23 35
20 24 25 34
28 31 21 35
16 31 27 33
27 32 33 32
20 18 27 34
37 19 30 42
28 33 16 35
15 43 28 27
45 35 22 33
33 33 23 34
26 22 22 28
22 31 19 13
42 32 39 27
29 27 23 32
31 40 18 23
44 42 33 29
22 26 17 18
17 34 37 28
26 26 46 30
22 20 22 25
40 14 43 27
17 28 19 24
20 32 37 23
25 34 35 42
27 30 27 30
21 32 35 23
27 27 38 15
34 39 20 33
15 23 40 26
24 32 45 41
24 41 23 39
32 36 37 24
17 16 13 23
30 18 27 36
23 19 32 42
26 40 17 31
36 19 45 40
30 40 26 18
35 44 40 36
24 30 35 43
26 31 18 33
34 27 27 16
23 26 44 39
18 28 18 41
21 22 35 28
27 27 28 29
23 29 31 18
24 24 29 32
32 24 15 44
40 38 17 32
13 27 20 18
29 22 16 24
28 23 34 24
28 21 37 38
26 42 22 24
29 36 33 35
28 35 28 36
31 29 35 28
22 37 29 22
20 34 34 27
18 27 34 40
24 18 39 26
34 26 19 30
44 23 20 30
35 39 17 18
18 24 17 28
23 26 37 20
24 32 40 28
19 21 37 45
24 17 26 20
21 26 22 40
23 42 30 35
21 25 21 38
26 44 42 34
43 20 16 30
27 29 34 22
19 32 29 31
25 24 27 42
28 36 23 40
17 28 23 33
27 22 24 22
17 22 31 36
26 38 24 36
26 31 32 34
14 21 21 22
38 33 28 19
30 32 33 27
32 24 44 26
23 20 19 27
21 17 24 26
20 23 31 19
27 31 33 26
29 16 25 36
30 21 39 23
42 21 19 45
42 29 39 34
18 22 34 42
34 26 31 36
20 31 40 27
20 25 29 21
26 23 44 23
22 24 36 37
22 44 23 30
23 21 28 17
30 15 21 21
32 41 18 30
40 31 27 29
23 32 38 33
36 17 21 25
31 28 32 44
43 26 20 28
21 35 30 17
28 44 39 16
38 18 26 36
24 33 25 28
26 42 21 21
44 13 39 31
29 19 19 13
46 17 33 42
40 15 17 24
29 42 19 46
33 30 30 20
21 38 15 15
37 39 24 19
39 24 18 46
32 41 21 46
23 34 45 29
19 27 35 43
28 21 24 21
30 46 29 38
29 41 31 24
35 41 35 34
13 45 27 28
43 35 16 16
33 29 21 34
39 23 42 31
23 31 35 25
38 42 27 25
32 28 17 21
28 22 17 22
44 15 22 24
30 17 31 19
32 21 36 19
14 32 33 29
24 20 36 27
25 26 24 32
23 22 32 13
16 21 32 29
36 27 35 31
17 38 16 32
41 36 29 28
21 25 32 38
18 31 38 17
43 19 32 27
35 37 25 32
39 38 40 42
29 27 31 21
38 29 30 35
31 27 25 29
29 34 26 26
36 27 20 19
33 26 26 19
30 45 14 23
30 16 32 13
39 34 24 25
14 38 18 27
20 25 16 37
44 31 27 23
28 46 24 36
46 27 35 24
30 38 20 20
23 43 40 28
17 20 25 24
37 23 28 32
15 24 35 16
21 27 30 40
34 40 13 42
44 21 25 26
46 25 32 42
37 31 14 22
40 27 40 15
28 24 38 22
31 39 39 45
35 30 36 27
24 38 27 29
27 34 39 23
21 44 32 34
33 42 40 33
33 36 29 40
35 22 24 26
30 40 22 39
42 33 33 18
28 31 27 29
20 25 24 25
23 23 37 37
34 28 32 42
32 35 22 27
25 21 30 23
34 26 26 21
15 31 22 44
28 34 24 36
28 34 30 38
36 16 14 32
33 22 36 25
19 32 32 31
25 27 41 14
46 45 21 41
18 35 22 38
25 16 18 28
43 26 35 18
26 27 34 14
25 36 39 30
24 24 25 34
45 18 32 39
32 22 41 21
36 27 42 17
29 28 16 19
23 28 27 27
40 34 19 36
21 22 21 22
27 27 43 19
26 34 33 18
38 39 29 34
24 36 35 20
34 30 20 28
13 20 26 28
34 28 44 29
32 38 39 32
24 21 27 29
18 38 43 24
26 22 15 18
20 18 27 42
40 19 37 41
29 23 32 35
28 39 18 23
41 40 24 21
36 22 20 21
44 29 25 30
27 30 36 26
38 18 29 22
22 27 30 20
34 34 21 19
36 20 35 36
16 34 21 34
18 25 39 29
16 19 40 28
23 21 19 36
16 27 22 23
38 15 17 34
28 30 40 23
34 32 16 25
36 34 13 27
36 39 25 16
15 19 32 45
25 20 31 41
34 23 39 32
20 37 44 38
27 16 15 17
24 27 21 33
18 16 32 36
24 33 33 33
32 17 33 28
43 28 31 26
23 18 31 33
25 22 42 17
39 27 22 26
23 31 18 27
23 16 24 30
32 22 39 29
26 20 35 13
42 13 28 42
35 35 16 15
15 18 31 26
15 32 29 24
44 25 21 26
25 33 44 35
30 22 24 27
35 17 45 40
25 25 23 22
46 43 31 18
31 28 26 32
22 34 29 45
38 26 21 17
21 28 36 38
29 24 33 23
28 32 25 18
18 22 31 41
45 13 36 19
25 18 23 19
37 38 19 32
21 44 17 13
36 30 20 33
25 14 34 24
14 42 30 27
17 21 27 35
18 22 37 21
15 45 29 40
26 39 34 38
37 27 29 37
26 31 42 39
23 17 37 26
22 26 16 23
17 14 23 17
41 26 25 28
33 35 21 24
19 25 28 21
29 25 16 39
36 24 29 30
21 19 20 45
17 18 21 26
27 35 19 34
35 25 21 30
28 13 19 32
29 30 23 38
39 33 32 38
31 40 37 39
46 25 37 21
18 17 38 30
24 25 27 28
28 29 22 27
33 41 42 33
24 33 29 23
22 39 21 21
17 34 26 41
29 35 30 31
36 32 32 33
43 35 13 38
23 13 43 29
18 25 33 34
13 26 32 33
25 37 30 26
34 28 22 34
44 32 28 44
38 40 24 36
30 29 34 23
24 25 33 46
44 23 32 32
34 29 18 46
31 19 21 17
41 20 30 30
46 19 18 37
13 28 13 15
22 29 27 23
21 34 26 36
34 14 26 19
34 30 26 27
22 39 38 24
30 40 34 46
23 34 23 27
31 36 36 24
41 26 28 37
22 39 22 24
33 40 39 29
27 38 21 32
46 20 24 22
19 31 23 26
23 43 14 40
20 30 32 21
29 21 24 20
34 32 41 19
35 29 16 28
15 38 29 18
31 29 45 46
43 26 18 45
19 22 24 32
27 29 30 16
31 35 26 39
40 31 15 13
33 21 36 16
22 39 30 14
14 33 25 13
42 29 23 19
41 15 40 18
36 26 45 28
39 27 22 20
33 32 33 31
27 46 30 28
24 28 31 16
27 38 21 19
35 28 23 34
27 28 28 35
31 22 41 37
16 24 32 40
36 35 38 27
35 23 23 22
35 35 44 30
29 45 19 26
44 21 41 33
42 22 28 26
30 36 27 15
33 39 19 38
35 39 45 33
21 39 31 27
30 39 29 30
46 19 27 37
25 36 36 18
38 26 22 34
18 45 43 31
21 38 36 36
22 30 40 34
36 20 35 29
28 20 19 15
40 20 23 22
21 27 15 33
25 24 46 46
34 40 37 36
32 31 25 39
20 19 19 15
31 29 38 26
16 21 31 24
23 21 15 31
32 31 33 36
27 46 40 37
25 28 40 35
29 13 32 34
36 29 27 17
41 17 25 24
36 30 31 19
21 25 24 45
17 40 25 38
24 20 40 28
26 41 32 15
40 42 22 23
33 28 33 35
30 26 29 22
37 42 18 29
36 29 40 21
23 24 22 13
18 27 21 44
26 28 24 20
26 31 17 27
32 20 34 31
22 32 39 24
15 25 27 25
32 41 23 34
20 25 27 42
21 20 26 36
25 27 35 30
17 30 41 39
28 28 31 31
13 32 25 33
21 35 25 21
25 33 32 21
35 31 25 23
29 26 29 16
39 29 23 16
16 15 37 38
21 34 20 19
34 30 25 15
40 16 17 19
25 20 20 29
18 20 22 27
35 21 23 23
39 29 26 27
34 18 29 29
41 15 31 22
31 35 33 36
13 30 38 19
40 21 31 26
41 46 27 38
38 34 35 16
38 20 14 21
37 33 23 28
23 20 31 27
44 37 15 20
43 43 23 19
18 41 34 37
20 19 20 14
20 32 46 33
25 39 24 23
37 24 37 30
45 30 29 24
38 24 25 23
43 33 36 40
35 20 28 29
21 17 17 45
24 22 26 30
20 37 22 25
39 27 41 29
30 28 33 37
34 39 45 36
24 27 37 19
34 42 25 22
25 20 36 26
36 22 29 42
36 46 25 32
39 26 16 36
22 25 24 21
36 38 23 30
30 22 34 44
39 27 27 18
27 13 21 31
31 22 21 23
24 26 26 36
39 23 15 34
44 24 24 32
36 20 29 23
13 20 37 20
30 31 34 17
23 40 16 24
40 33 19 24
37 31 30 18
20 23 18 32
25 25 26 16
22 40 26 22
38 41 24 20
44 24 13 17
40 40 31 37
33 22 19 17
27 27 33 18
23 21 35 26
36 25 22 39
21 23 31 41
14 37 32 26
17 14 43 17
27 34 25 42
41 25 30 30
19 21 16 34
27 46 32 33
30 15 21 16
34 19 22 30
33 33 39 25
30 30 44 29
17 32 23 25
21 20 18 24
34 44 23 29
15 34 33 18
43 39 31 16
44 33 45 21
44 36 28 40
40 21 14 42
18 19 28 33
25 19 46 23
18 25 31 41
18 30 25 29
33 36 24 35
31 42 25 36
37 21 24 19
26 41 22 34
43 31 17 18
20 39 38 31
13 13 27 44
24 23 26 15
17 34 26 23
24 27 31 34
35 33 22 23
39 18 37 23
17 43 29 38
25 20 22 30
39 34 13 35
34 29 20 41
26 33 27 30
17 17 26 21
23 25 26 34
33 41 17 22
33 27 28 21
33 26 36 18
25 21 30 37
31 16 28 18
37 32 22 43
32 24 16 29
18 18 34 40
24 22 23 38
23 23 30 24
25 24 40 44
18 43 15 36
36 15 27 43
26 31 38 26
27 44 32 33
39 36 19 46
25 39 28 21
