14 4 15
816 1130 2054
432 1255
889
699 1575 2086 3136
687 1390 2138 2698
770 1404 2058 2626
740 1340 1815 2687
830 1308 1957 3156
753 1557 2142 2873
695 1539 2011 2670
746 1557 2050 2813
791 1457 1949 2788
779 1462 1920 2810
746 1472 1829 2695
788 1500 1864 2958
793 1335 2100 3067
752 1339 2023 2833
189 141 137 146
124 172 142 113
116 140 111 138
138 115 121 132
195 179 151 154
163 164 156 142
196 200 113 122
151 133 172 185
107 157 127 189
112 192 186 142
142 184 171 161
120 187 180 164
103 117 179 181
174 135 106 138
60 143 14 71
54 37 38 43
66 19 55 46
52 49 39 50
36 35 52 49
44 26 46 35
71 45 34 53
37 57 62 36
30 59 29 39
52 47 58 57
37 40 50 40
41 29 49 41
68 45 30 47
58 31 33 31
44 46 32 23
