14 4 15
630 1336 2204
754 1672
1021
876 1660 2489 3643
935 1416 2606 3314
1013 1564 2527 3652
995 1464 2314 3654
952 1486 2555 3233
946 1530 2447 3071
1053 1619 2443 3466
1007 1431 2508 3476
885 1510 2224 3538
890 1509 2397 3243
1056 1657 2444 3557
879 1661 2319 3180
949 1500 2233 3253
957 1546 2573 3088
173 168 197 108
152 173 172 185
171 165 111 140
185 154 140 166
157 162 183 116
119 162 108 105
181 163 100 111
152 200 103 148
147 164 189 130
100 105 109 111
152 120 139 138
122 151 163 103
119 108 138 172
148 190 105 130
99 128 95 48
50 45 49 27
41 26 41 52
32 54 50 27
36 64 37 44
71 15 66 36
48 23 22 50
44 43 65 36
39 28 50 33
32 49 41 50
76 40 53 54
48 45 37 46
47 44 51 58
48 51 39 68
36 42 27 47
