14 4 15
457 739 1111
258 686
385
510 1020 1373 1795
499 911 1425 1970
535 979 1356 1943
457 993 1343 1984
525 928 1423 2031
539 1004 1411 1946
450 1016 1365 1920
506 961 1413 1823
519 1028 1538 1788
494 853 1413 1865
534 893 1542 1725
502 974 1518 1839
459 872 1532 1730
512 947 1430 1703
116 182 149 165
117 154 130 106
101 126 119 165
170 163 190 162
108 159 192 160
196 112 194 200
137 166 150 172
118 169 162 162
131 200 143 186
142 163 132 161
187 161 194 157
143 174 174 170
160 162 100 179
111 177 101 191
128 96 118 52
45 44 47 44
60 16 71 49
35 66 52 91
49 63 41 54
38 62 44 44
84 29 55 60
22 60 67 64
60 26 66 47
39 49 53 60
57 71 58 38
74 49 89 61
34 28 56 30
54 58 39 50
44 51 56 30
