14 4 15
549 1248 1186
604 788
243
771 1405 2146 2437
682 1470 2144 2630
759 1274 2223 2429
743 1348 2329 2617
822 1467 2276 2574
701 1285 2248 2659
748 1454 2345 2846
798 1511 2158 2733
816 1325 2279 2802
712 1498 2312 2590
813 1478 2387 2865
809 1385 2426 2786
800 1403 2196 2855
697 1329 2100 2642
195 126 140 155
114 153 147 187
135 161 186 192
102 150 183 176
167 195 157 134
138 161 145 108
184 119 162 169
178 134 105 189
118 109 112 130
160 161 110 103
138 107 118 147
175 178 197 165
120 182 137 149
122 166 102 177
18 31 123 16
39 47 78 49
51 38 53 56
55 66 66 37
36 52 33 48
48 22 55 42
47 45 74 36
64 36 57 46
58 44 51 44
41 51 57 37
43 25 53 39
35 42 45 64
52 29 68 56
54 52 43 40
70 31 57 34
