14 4 15
400 856 1350
491 772
328
759 1289 1923 2284
752 1467 1752 2588
634 1315 2003 2445
694 1343 2014 2671
701 1439 1844 2315
726 1357 1797 2348
703 1341 1767 2381
640 1419 1779 2549
677 1292 1744 2589
717 1299 1855 2498
666 1417 2031 2468
659 1462 1768 2371
730 1261 1742 2502
662 1358 1899 2550
122 196 144 170
102 148 162 198
187 118 159 180
137 187 199 135
117 158 189 156
115 151 143 136
191 100 185 129
106 168 149 108
146 173 131 120
187 107 174 160
199 127 188 145
141 129 151 148
153 178 159 106
126 105 184 189
116 187 80 35
64 67 33 38
25 61 31 29
40 50 39 86
43 41 53 34
34 30 39 34
47 64 42 31
56 35 32 57
48 52 20 23
44 46 44 32
37 52 44 34
48 53 30 45
47 33 32 39
44 36 54 42
23 71 36 31
