14 4 15
392 793 1458
375 803
541
524 1027 1436 2068
524 868 1447 2214
577 1038 1579 2355
541 895 1512 2174
492 1033 1636 2107
583 1015 1644 1937
543 922 1609 2310
495 868 1611 2178
576 946 1701 2007
500 919 1526 2134
559 904 1667 2041
526 1016 1661 2325
577 1035 1624 2127
568 936 1449 2164
140 126 155 168
171 113 122 186
107 109 138 129
111 101 111 183
108 185 165 142
157 162 157 169
155 148 187 157
176 119 108 145
117 148 155 113
110 168 138 116
194 165 179 112
172 150 163 134
124 193 160 185
112 182 192 189
27 209 84 9
65 19 26 66
50 30 39 40
65 30 41 41
43 37 61 40
42 44 48 60
38 30 50 56
37 47 34 40
35 57 46 22
41 69 64 52
30 34 57 46
32 58 50 43
44 30 68 34
40 29 45 55
35 49 35 29
