14 4 15
582 1337 1928
845 1242
384
768 1475 2423 2841
876 1532 2447 2970
762 1551 2174 2888
788 1438 2136 3131
807 1487 2352 2841
816 1380 2231 2793
895 1465 2257 3184
757 1307 2271 3168
824 1540 2481 2720
803 1311 2209 3199
742 1281 2214 2751
830 1485 2052 3264
805 1525 2237 2692
871 1375 2199 2698
160 108 112 136
106 192 132 199
184 134 104 197
124 165 108 159
164 163 178 106
108 175 163 108
116 187 143 122
164 121 181 139
109 189 124 108
180 191 191 116
111 148 148 200
114 143 100 133
143 166 166 146
143 126 147 191
36 86 124 81
18 39 51 40
44 47 51 35
53 72 31 39
40 48 39 51
25 39 42 69
39 58 60 58
33 50 58 36
26 33 38 73
61 45 41 59
33 53 56 28
31 35 51 41
54 45 45 30
38 29 66 43
63 63 16 54
