14 4 15
414 957 2158
498 1646
1105
801 1339 2033 3376
854 1295 2060 2992
822 1243 2083 3264
857 1412 1914 3119
822 1412 2164 2842
767 1311 1987 3257
785 1356 2122 3234
743 1409 2301 2941
889 1309 2032 2830
796 1360 2254 2909
837 1193 2056 3114
766 1402 2122 2959
832 1372 1937 3150
736 1218 2172 2944
110 133 112 186
130 111 131 196
128 160 154 176
159 122 191 157
188 145 186 113
130 200 191 100
158 115 147 186
103 103 157 103
186 172 170 165
129 185 144 172
193 112 164 176
130 189 102 105
192 125 122 195
181 167 117 165
154 163 18 41
34 38 53 24
44 83 38 38
57 56 41 28
27 29 38 52
58 37 18 46
42 55 56 69
39 66 36 55
55 37 33 33
49 42 29 57
35 36 33 37
51 38 42 38
53 38 45 60
53 57 55 47
26 67 24 27
