14 4 15
634 1164 1671
541 994
476
759 1556 2214 2844
899 1720 2023 2898
845 1475 2236 3003
768 1710 2377 2881
863 1541 2156 3454
890 1644 2224 3337
835 1724 2003 2923
804 1550 2372 3072
874 1723 2171 3165
886 1723 2390 3253
808 1543 2124 3062
833 1506 2054 2971
822 1548 2078 3240
850 1719 2280 3127
189 167 151 143
193 142 172 114
100 131 119 174
178 123 110 126
159 184 100 179
159 194 152 138
141 182 109 110
131 190 194 134
125 155 132 186
111 127 108 139
139 121 190 139
151 159 101 153
147 125 168 168
124 134 167 155
158 56 106 38
30 51 32 31
45 22 28 40
29 25 58 37
32 35 50 36
44 66 34 13
16 43 56 33
22 30 36 54
49 35 37 58
59 36 62 51
46 40 51 42
61 40 58 62
43 45 40 86
31 53 42 42
35 29 28 55
