14 4 15
484 1082 1697
730 1473
689
812 1419 2229 3070
928 1525 2523 3686
800 1309 2524 3386
937 1309 2513 3465
891 1438 2180 3434
935 1543 2243 3289
896 1468 2474 3257
890 1330 2272 3316
856 1345 2391 3295
871 1553 2459 3143
951 1455 2261 3604
893 1342 2177 3427
942 1338 2434 3634
834 1385 2419 3487
182 171 183 116
127 141 169 137
187 181 153 196
169 179 182 131
193 191 102 150
165 167 109 165
118 199 194 182
151 172 162 164
124 192 114 152
168 131 176 162
194 148 180 147
113 150 178 108
107 131 187 118
173 194 135 129
215 95 70 31
49 45 65 76
30 49 66 33
40 30 39 37
34 45 36 32
53 30 27 41
27 51 41 29
58 32 43 39
50 49 46 40
42 57 41 46
32 26 38 57
32 27 37 47
35 60 55 51
42 40 56 33
32 44 51 67
