14 4 15
296 909 1250
411 993
442
506 923 1476 2044
577 993 1357 2068
571 874 1408 2110
524 909 1449 2030
549 920 1362 1843
560 924 1388 1843
522 906 1379 1792
533 1007 1287 1842
533 843 1386 2136
520 873 1488 2123
500 906 1462 2024
547 970 1397 2011
598 849 1463 1807
505 1007 1557 1812
129 186 104 189
179 125 167 114
188 200 144 178
120 182 158 114
116 138 166 130
184 106 197 141
167 181 124 172
149 144 190 136
135 100 104 190
177 130 186 184
142 170 199 114
184 137 171 112
160 113 190 158
159 126 150 138
114 7 71 99
47 42 68 26
56 45 39 24
47 35 33 84
41 50 33 58
47 20 26 42
58 31 30 39
29 36 38 72
62 69 20 25
45 28 37 62
25 39 29 23
66 40 47 24
32 24 48 37
83 54 38 32
17 46 47 26
