14 4 15
491 845 1374
269 1061
640
577 1177 1556 2446
660 1340 1743 2588
659 1304 1462 2521
571 1188 1727 2261
602 1228 1651 2500
611 1245 1658 2353
646 1213 1750 2334
626 1232 1483 2554
664 1283 1517 2318
655 1284 1484 2248
587 1127 1638 2618
590 1168 1479 2524
646 1284 1721 2289
673 1326 1665 2458
194 104 186 139
180 160 155 105
186 197 178 130
117 152 117 189
120 140 103 133
200 107 131 185
118 148 116 158
100 105 110 145
196 162 151 137
138 194 144 126
144 134 108 199
123 110 100 186
139 172 187 195
121 145 182 189
223 73 61 24
12 14 10 12
15 15 15 14
11 10 19 24
35 6 19 24
10 7 10 26
9 6 16 9
6 11 10 8
9 9 14 5
14 14 20 7
18 17 8 14
13 25 22 16
9 16 13 8
21 18 19 14
24 15 21 14
