14 4 15
462 1442 1849
851 1410
752
850 1463 2467 3403
879 1488 2396 3406
854 1479 2257 3525
871 1478 2230 3195
935 1623 2609 3007
822 1383 2434 3281
932 1519 2298 3274
853 1382 2201 3320
881 1551 2368 3207
869 1465 2239 3405
898 1459 2631 3286
906 1377 2550 3006
921 1418 2391 3462
932 1458 2206 3344
151 107 173 111
119 127 164 114
148 107 199 192
115 122 150 117
198 181 119 149
184 151 191 123
116 105 110 190
159 141 161 152
102 184 139 189
130 172 173 158
114 119 183 146
169 134 103 165
156 149 147 136
115 172 135 149
188 19 28 89
22 5 18 11
21 15 11 20
10 19 9 8
8 21 8 20
14 15 7 17
13 17 15 14
13 8 21 7
20 15 8 13
10 15 17 9
11 18 21 28
14 12 24 24
22 12 7 24
12 8 19 18
15 9 17 17
