14 4 15
460 1596 2399
807 1494
784
795 1342 2492 3369
809 1264 2220 3028
855 1337 2567 3396
855 1245 2526 2855
954 1363 2262 2892
953 1382 2293 3122
896 1215 2418 2851
791 1351 2368 3106
827 1273 2450 3190
800 1261 2264 2797
843 1246 2313 3306
836 1422 2399 3066
949 1304 2315 3084
884 1192 2240 3279
123 146 185 138
186 186 152 130
145 135 194 159
198 187 188 129
154 131 153 150
111 139 109 183
191 119 115 184
161 112 182 199
191 173 159 143
187 153 188 155
193 154 129 124
173 195 123 184
194 175 158 139
161 145 189 151
108 8 175 46
19 13 6 12
17 19 1 21
8 8 8 23
14 22 9 17
22 16 20 12
19 20 29 23
12 10 12 18
11 14 31 15
17 12 10 15
16 12 12 11
15 13 18 12
6 7 14 14
11 13 9 12
20 20 8 5
