14 4 15
564 821 1850
393 1578
1129
823 1553 1994 3303
812 1793 1999 3502
807 1628 1997 3146
928 1750 2087 3048
853 1719 1958 3045
854 1759 1960 3476
881 1598 2297 3354
853 1526 2071 3425
837 1598 2123 3400
789 1611 2241 3380
879 1832 2011 3246
805 1803 2308 3086
825 1579 1960 3323
812 1721 2045 3323
181 176 125 116
180 112 104 152
111 200 126 190
136 178 119 169
165 170 163 119
162 115 121 155
105 131 101 165
146 106 154 182
128 137 176 106
179 145 110 188
112 170 148 190
196 113 153 148
117 115 161 166
143 133 143 154
139 149 59 26
15 15 19 11
15 15 12 6
12 7 12 10
15 15 14 15
23 25 20 19
6 16 17 7
12 19 7 18
16 11 11 19
24 23 19 7
9 10 17 7
17 18 9 24
11 19 23 10
10 14 17 2
17 18 15 13
