14 4 15
783 1238 2173
394 1497
924
842 1799 2256 3547
931 1862 2204 3652
793 1776 2450 3491
918 1700 2257 3709
793 1654 2463 3342
933 1617 2193 3162
877 1536 2422 3735
787 1640 2466 3198
858 1726 2489 3319
864 1540 2129 3545
846 1592 2080 3662
799 1635 2413 3398
850 1671 2415 3500
899 1805 2401 3182
126 180 100 192
159 138 103 196
112 157 124 103
161 157 122 120
192 128 123 189
193 111 173 159
156 196 110 110
140 179 192 187
116 148 166 139
162 120 141 149
128 174 125 195
179 175 175 178
116 129 186 199
185 179 166 187
22 43 138 23
29 24 14 14
13 25 12 7
12 9 18 16
21 12 11 5
15 11 10 18
12 13 29 22
23 18 19 9
19 21 11 14
12 17 23 9
14 21 28 22
23 13 12 17
10 21 15 8
21 17 14 26
16 28 9 10
