14 4 15
558 936 1974
368 1428
1131
816 1576 1997 3335
838 1621 2104 3106
802 1630 2065 3154
799 1512 2225 2836
840 1510 2146 2935
778 1561 2369 3079
751 1426 2408 3237
885 1457 2354 2985
750 1622 2001 3165
858 1473 2184 2864
890 1401 2098 3204
875 1501 2280 3255
808 1519 2008 3098
822 1488 2111 2851
184 183 151 110
153 181 148 105
169 187 127 115
163 152 129 150
191 196 137 134
162 134 146 155
137 197 163 148
111 189 188 105
114 103 197 143
184 145 189 121
144 190 191 107
153 143 190 143
109 126 182 109
120 102 110 147
113 127 30 17
14 18 9 19
15 21 10 5
17 14 17 20
19 14 19 12
8 10 18 8
11 19 11 24
23 14 27 17
9 14 5 20
18 19 13 6
7 13 20 24
11 19 20 18
2 10 21 14
13 10 10 16
13 8 21 10
