14 4 15
338 844 1334
466 1083
470
749 1107 1755 2320
716 1277 1972 2378
672 1176 1925 2410
649 1239 1897 2397
708 1154 1854 2691
667 1225 1987 2456
731 1239 2057 2263
748 1180 1814 2461
750 1229 1775 2715
685 1260 1966 2254
715 1189 1921 2708
655 1130 1768 2630
763 1159 1909 2322
657 1315 2029 2653
121 144 116 189
107 132 187 155
189 108 131 193
164 146 182 178
187 180 118 108
154 145 109 131
139 182 122 117
199 196 196 127
108 158 134 165
141 126 170 105
152 179 100 119
131 127 135 108
191 173 166 193
131 138 103 106
137 130 99 2
14 21 12 9
14 15 9 10
22 14 21 21
33 21 10 11
12 15 15 7
6 16 11 12
17 17 12 18
22 35 11 10
24 17 14 10
16 18 11 14
10 9 14 9
16 11 33 19
12 28 12 15
10 18 8 15
