14 4 15
453 806 1629
453 994
742
707 1201 1678 2581
663 1260 1944 2289
595 1121 1772 2311
648 1200 1965 2590
591 1132 1986 2610
609 1205 1968 2518
614 1199 1766 2351
648 1259 1971 2464
668 1126 1784 2295
680 1271 1713 2508
581 1155 1788 2350
670 1155 1836 2562
599 1132 1988 2335
581 1288 1992 2159
113 168 140 138
153 148 120 148
175 138 120 114
103 108 178 119
152 143 101 154
169 121 164 120
123 106 174 109
114 169 142 167
107 171 188 124
101 179 166 174
101 131 197 136
184 135 118 107
191 185 173 130
167 160 160 169
60 200 78 23
23 12 27 20
16 14 12 12
10 16 8 13
15 18 9 7
12 10 11 9
16 15 15 11
18 11 23 21
22 9 19 27
15 19 16 8
15 20 23 12
13 14 10 8
15 28 12 10
11 7 11 17
5 14 14 14
