14 4 15
479 1514 2140
1059 1650
486
1060 1578 2951 3637
914 1579 2851 3529
894 1572 2606 3767
939 1581 2591 3564
1019 1811 2774 3484
900 1528 2576 4032
951 1699 2670 3970
1047 1824 2592 3455
995 1582 2690 3818
984 1764 2492 3788
1039 1812 2921 3561
943 1768 2785 3637
1003 1664 2965 3977
881 1519 2677 3614
153 109 119 144
177 141 125 139
127 165 155 124
182 193 130 103
110 107 168 199
127 132 122 127
122 149 185 168
123 134 145 130
179 171 112 166
144 122 105 131
138 102 181 126
161 150 129 191
151 169 100 175
170 130 107 100
122 48 155 30
15 11 16 20
11 16 20 12
22 9 14 10
10 18 18 30
16 25 28 23
7 16 6 17
23 8 11 20
8 21 26 10
8 8 45 17
10 8 8 14
10 16 16 19
12 17 12 12
28 17 19 28
15 11 6 6
