14 4 15
538 1412 2303
944 2292
1196
903 1625 2683 4066
988 1745 2596 4071
1006 1769 2692 3680
1064 1686 2716 3750
1009 1738 2557 3822
956 1733 2728 3847
979 1464 2462 3725
1011 1572 2460 3593
1059 1738 2734 3433
1091 1704 2643 3453
1014 1529 2468 3411
1043 1467 2702 3603
1033 1658 2340 4039
901 1753 2738 3914
198 148 155 190
174 197 184 110
135 150 128 141
116 185 130 107
117 189 196 146
158 182 118 100
115 158 137 124
117 195 174 197
191 125 191 192
115 166 117 161
189 148 187 104
200 101 192 192
151 184 160 120
101 143 183 110
112 193 41 68
10 22 14 15
6 17 10 20
11 10 8 14
14 11 24 13
14 23 11 10
11 12 15 15
11 20 17 25
21 13 20 21
20 19 11 18
30 12 8 17
19 14 11 15
8 15 14 8
7 10 18 21
11 21 15 22
