14 4 15
329 1050 1419
726 1004
161
674 1101 2008 2187
622 1100 1746 2236
637 1170 1941 2488
635 1035 1963 2282
598 1112 1897 2446
660 1092 1886 2203
649 1140 1979 2374
581 1046 2030 2380
637 1142 2072 2103
690 1131 1997 2331
619 1151 2016 2470
611 1068 1944 2343
687 1155 1972 2175
599 1118 2081 2243
166 183 170 135
144 126 106 197
189 131 127 182
158 165 121 151
183 118 150 108
141 195 156 178
107 163 165 191
133 116 155 167
144 188 102 121
116 101 154 158
173 141 107 140
181 118 169 149
131 145 170 152
157 199 188 165
76 219 21 39
27 11 14 12
16 7 18 9
20 13 9 35
18 14 13 27
15 6 23 10
27 8 24 10
14 13 6 9
11 13 18 20
15 13 20 9
16 21 13 26
21 15 10 10
17 28 15 19
11 20 21 27
22 13 11 11
