14 4 15
393 1242 2360
708 1572
1064
838 1317 2187 3383
866 1479 2260 3044
841 1327 2292 2886
740 1415 1924 3380
856 1472 1935 3364
745 1459 1912 3272
798 1472 2275 3082
766 1488 1883 3051
772 1502 2220 3048
738 1397 2131 3370
797 1395 2068 3047
852 1429 2279 3131
823 1380 2285 3135
861 1513 2052 2959
109 137 166 122
183 125 106 184
127 165 115 200
161 164 153 163
166 184 193 121
113 104 147 145
151 187 114 187
125 139 172 186
179 167 149 135
138 200 133 132
117 165 115 135
100 193 172 183
165 109 107 170
150 137 175 139
205 150 28 5
15 15 15 19
10 23 26 13
24 3 9 9
14 17 12 8
12 19 10 5
13 15 20 10
8 14 14 25
16 6 15 11
35 28 17 17
20 27 8 10
17 9 16 27
9 18 15 18
9 12 30 15
26 10 10 33
