14 4 15
532 1069 1574
644 1174
525
931 1543 2363 2934
973 1697 2734 2951
944 1666 2625 2871
972 1570 2414 3216
973 1717 2396 3396
798 1520 2392 3365
807 1820 2715 2874
882 1790 2542 3021
824 1702 2752 3291
808 1781 2735 2887
826 1627 2825 2959
812 1499 2633 3189
886 1547 2818 3213
845 1576 2661 3094
129 196 177 116
183 180 168 135
180 160 164 107
196 198 111 192
181 190 170 163
195 167 167 116
164 151 180 191
129 194 164 111
104 102 159 164
137 108 182 126
123 155 136 130
110 146 115 151
116 181 133 180
181 175 187 146
82 57 171 41
10 11 8 13
15 11 19 12
11 15 23 10
8 8 18 14
10 23 12 22
4 14 23 11
8 13 17 19
12 9 9 10
10 14 13 20
15 22 12 13
10 18 11 12
17 17 16 34
8 39 10 17
28 5 15 10
