14 4 15
313 650 1066
410 869
355
535 878 1395 1873
511 967 1526 1770
527 925 1591 2092
600 934 1412 1824
561 850 1360 2084
522 908 1622 2096
563 815 1473 1776
506 979 1632 1809
508 957 1632 2062
517 878 1372 2002
552 847 1605 1772
603 839 1581 1784
574 809 1464 1906
507 868 1552 1803
107 111 150 112
174 200 195 172
126 188 136 136
174 142 151 157
162 157 181 109
136 161 173 191
155 135 147 132
183 113 196 169
117 172 108 115
131 137 109 126
109 143 171 153
129 124 187 172
184 170 128 110
180 127 140 200
81 197 30 42
14 16 16 23
22 16 17 16
15 12 13 19
11 15 14 25
20 21 13 15
18 21 13 11
9 13 14 22
12 13 11 20
8 11 9 17
12 18 15 9
18 13 14 21
5 11 12 13
17 20 16 12
9 12 16 16
