14 5 5
478 1774 1943 2676
1229 1609 2037
313 1221
1023
841 1434 2754 3139 4251
854 1500 2414 3367 4201
839 1484 2748 3532 3935
905 1591 2756 3229 4269
971 1428 2817 3534 3903
935 1509 2407 3558 4162
894 1558 2399 3661 3929
934 1556 2463 3660 4118
935 1330 2530 3671 3754
873 1339 2467 3570 4340
935 1479 2463 3384 4248
969 1537 2840 3601 3927
932 1430 2708 3572 4426
969 1562 2577 3399 3780
112 198 137 125 159
182 192 118 197 116
100 186 172 147 109
160 155 199 174 186
115 195 164 197 187
135 179 147 112 123
168 191 160 199 145
169 121 164 167 103
170 108 149 166 190
163 117 198 132 125
109 147 109 192 103
167 156 193 116 134
195 140 131 111 132
131 184 167 123 162
132 54 105 34 34
12 12 6 6 12
3 28 15 5 4
9 7 22 25 24
20 12 13 5 17
15 16 10 8 33
19 10 18 7 14
15 15 20 33 31
6 18 20 15 28
8 27 10 16 6
8 16 10 10 15
16 21 29 22 15
16 14 9 15 22
28 22 4 16 13
26 18 16 7 26
