14 5 5
455 874 1204 1712
364 780 1128
375 740
408
535 1107 1578 2054 2544
597 939 1699 1791 2480
509 922 1499 2115 2709
583 1067 1621 1803 2633
563 1021 1599 2100 2748
551 994 1638 2003 2527
591 1085 1547 2011 2454
595 968 1693 2132 2730
601 956 1776 1974 2804
519 1038 1579 2060 2461
602 1035 1470 2059 2733
607 1096 1501 2076 2493
557 1060 1481 1874 2473
516 1001 1560 1767 2718
192 182 179 150 175
155 114 192 147 176
102 106 194 104 149
108 146 106 143 166
160 193 195 130 153
137 159 170 117 158
164 151 156 124 151
137 164 128 124 178
147 131 146 116 156
189 181 131 120 100
186 195 180 100 138
153 125 150 124 195
177 149 197 139 133
116 138 109 167 148
127 118 26 107 90
12 15 17 17 15
26 20 25 12 25
16 7 6 8 20
10 19 12 10 14
8 14 31 10 11
13 4 19 10 25
11 17 10 6 13
23 7 12 15 12
23 6 9 13 13
23 19 8 19 8
48 5 19 19 11
4 22 14 26 5
9 10 12 2 14
2 44 14 7 5
