14 5 5
540 1261 2148 2587
592 1345 1964
784 1223
319
678 1281 2011 2991 3442
772 1226 2046 2967 3547
695 1142 1809 3046 3070
726 1245 1951 2895 3364
721 1206 2038 2861 3263
775 1295 1848 2861 3461
739 1188 2005 2736 3703
673 1239 2042 2725 3423
731 1319 1786 2933 3257
678 1150 1984 2789 3530
698 1243 1859 2937 3101
774 1310 1939 2624 3137
818 1353 1767 3131 3531
734 1264 2040 3178 3035
154 156 152 145 142
155 169 194 139 196
124 179 105 188 154
137 144 154 180 181
113 191 162 126 146
129 147 140 141 194
194 104 173 135 195
150 168 124 128 188
107 123 190 173 132
200 121 104 147 177
126 172 180 120 130
173 128 194 125 120
180 156 143 156 194
163 153 185 193 168
30 0 83 169 59
5 14 9 10 12
6 14 25 17 26
9 19 12 21 16
6 19 24 29 12
6 9 30 9 6
13 19 17 27 13
9 16 41 16 16
9 6 15 21 25
6 15 9 16 6
13 5 9 20 17
12 3 29 27 12
16 24 27 19 15
9 6 12 17 20
10 26 8 7 11
