14 5 5
544 918 1482 2616
439 1113 1569
596 1534
716
638 1229 1818 2504 3469
743 1111 1887 2673 3092
741 1082 1722 2868 3272
638 1060 1699 2671 2998
725 1091 1784 2708 3470
702 1179 1636 2704 3490
661 1025 1686 2996 3326
742 1048 1892 2898 3255
627 1173 1816 2900 2879
710 1027 1886 2548 2986
699 1097 1601 2723 3490
626 1209 1602 2821 3444
716 1115 1890 2882 2965
681 1181 1807 2684 2935
177 161 162 148 120
184 130 153 196 117
153 158 199 129 111
129 101 133 127 166
116 196 149 168 127
116 147 169 137 190
167 165 124 112 154
167 150 178 116 198
193 183 106 180 115
137 165 151 198 193
147 136 177 197 194
171 163 102 173 182
108 181 121 126 107
138 105 170 170 137
1 29 184 39 97
20 11 8 25 11
17 3 5 10 18
31 10 4 8 25
15 17 4 10 12
18 14 20 10 9
28 15 8 3 12
9 13 16 12 18
1 8 18 15 33
14 6 18 7 7
27 27 28 2 11
24 17 20 12 20
12 6 9 29 16
9 12 12 39 24
10 19 16 15 13
