14 5 5
348 1039 1449 2243
744 1406 2085
520 1228
700
841 1263 2151 2862 3643
856 1238 2514 2876 3749
811 1216 2542 2997 4012
768 1158 2121 2827 3631
806 1237 2473 3275 3521
829 1154 2329 3158 4076
734 1102 2204 3194 4097
821 1338 2433 2808 3782
768 1282 2450 2964 3862
762 1196 2340 3093 3573
733 1109 2318 2753 3697
737 1310 2504 3043 3652
831 1178 2518 3034 3973
868 1279 2540 3117 3572
176 100 115 122 150
128 176 169 157 110
137 186 100 160 158
124 150 111 166 160
135 107 171 141 178
195 133 107 135 179
130 163 183 128 193
133 171 162 178 173
150 101 182 134 124
110 198 158 143 196
141 143 178 115 105
152 187 136 191 127
181 163 144 168 138
190 127 120 132 193
47 91 154 103 59
15 26 7 18 15
25 13 22 20 29
33 25 8 12 18
10 15 14 13 18
13 11 8 8 16
8 4 9 21 22
5 20 21 30 24
16 25 7 5 10
16 6 16 12 6
12 12 19 7 28
18 11 15 18 5
18 19 8 15 12
17 4 15 19 8
9 6 15 9 16
