14 5 5
527 1145 2104 3046
657 1576 2459
1018 1746
786
811 1386 2081 3280 4300
908 1511 2239 3404 4149
856 1658 2205 2962 3979
881 1619 2353 3047 4635
886 1441 2445 3555 3895
818 1451 2479 3584 4079
827 1599 2217 3269 4540
901 1532 2248 3205 3828
820 1600 2247 3288 4649
927 1668 2403 3194 3865
932 1468 2227 3455 4533
932 1508 2330 3396 3954
927 1513 2365 3590 4410
802 1623 2083 3199 4430
140 200 107 104 111
103 103 159 196 178
148 175 100 169 186
176 141 186 175 172
175 158 102 128 116
185 112 119 109 173
155 121 133 120 191
178 168 196 178 149
109 186 101 167 194
176 143 170 145 188
130 164 142 162 127
150 163 131 200 166
200 123 133 171 146
162 115 135 184 158
55 135 54 93 65
10 11 18 8 19
17 14 9 6 9
15 16 10 16 18
10 19 11 12 19
16 14 24 10 22
12 5 13 9 11
15 16 10 6 6
20 7 18 14 22
10 8 10 14 16
11 18 14 6 16
12 23 36 18 17
15 19 11 11 11
10 6 8 9 27
5 25 29 12 18
