14 5 5
706 1400 1486 2829
470 812 1864
468 1519
1014
811 1709 2292 2792 3976
959 1640 2217 2839 4453
868 1798 2406 3265 4398
893 1831 2042 3072 4485
818 1584 2154 2874 3868
922 1801 2373 3113 4667
893 1625 2350 2930 3989
805 1713 2109 3326 4244
915 1737 2024 3022 4028
944 1648 2421 3366 3991
964 1745 2298 3368 4506
947 1686 2013 2900 3933
810 1636 2199 3188 4241
950 1762 2272 3180 3961
160 143 189 160 199
199 145 187 159 144
186 149 114 193 138
121 166 150 120 188
170 186 158 200 182
123 198 183 184 136
196 194 116 108 197
160 146 179 113 128
118 179 168 108 167
105 117 145 170 133
185 122 122 170 109
135 188 118 191 100
160 140 174 161 183
139 114 159 132 146
43 133 83 42 97
17 29 12 12 8
4 26 11 35 11
35 17 8 22 13
24 24 10 23 12
16 11 32 22 22
19 12 35 15 18
16 19 18 14 22
20 9 12 13 22
11 13 17 18 13
13 14 12 14 18
13 17 28 12 20
17 27 15 7 10
21 26 23 18 23
7 24 12 8 12
