14 5 5
195 997 1330 1498
688 1118 1215
256 516
327
489 746 1620 1985 2330
467 808 1512 1914 2721
478 760 1398 1892 2511
495 773 1369 1912 2397
496 831 1456 1865 2254
478 882 1445 1841 2545
543 753 1485 1871 2582
555 860 1506 1962 2581
483 788 1630 1948 2451
476 767 1569 2018 2473
521 729 1395 1908 2358
563 756 1419 1920 2504
524 803 1552 2073 2381
527 818 1379 1920 2656
175 166 145 108 191
100 120 174 129 195
150 135 193 111 158
164 190 193 109 196
136 186 130 159 153
192 134 131 135 178
128 146 140 148 176
101 124 160 179 131
122 159 111 151 138
144 109 168 175 138
171 198 183 117 130
159 194 139 145 169
111 128 121 109 144
151 174 146 157 191
74 118 166 89 78
21 25 22 27 23
15 5 18 12 10
9 29 7 7 11
10 35 10 23 11
29 21 6 13 13
7 34 8 20 14
12 9 12 19 11
14 15 13 17 13
18 6 29 13 8
19 6 14 4 11
14 9 31 15 17
4 6 14 17 20
7 15 5 10 19
19 14 19 9 15
