14 5 5
610 1421 1743 2627
713 1345 2576
486 1764
1032
967 1639 2566 3114 4445
994 1893 2510 3711 4639
933 1700 2710 3703 4309
1025 1664 2874 3394 4495
1028 1851 2722 3757 4710
864 1729 2873 3582 4130
884 1628 2367 3796 3953
1036 1721 2876 3447 4428
993 1953 2825 3755 3946
942 1953 2812 3560 4515
982 1807 2546 3256 4052
900 1738 2544 3439 4719
927 1843 2871 3563 4644
915 1733 2438 3776 4170
108 193 122 173 129
114 186 192 128 121
116 106 146 104 119
122 175 139 154 163
191 155 101 124 152
132 111 152 117 120
125 185 148 107 100
144 107 108 118 137
133 178 186 197 110
200 125 191 174 197
139 169 159 131 170
194 200 127 137 112
181 163 173 153 143
179 159 100 135 100
140 23 87 128 40
2 39 32 12 4
18 18 11 11 17
15 12 19 9 34
21 14 18 6 13
8 31 8 22 19
5 14 19 31 15
28 13 16 9 10
4 14 6 10 5
23 23 13 7 17
18 10 5 9 21
18 18 10 14 19
5 11 28 21 17
8 14 23 19 22
18 9 31 9 3
