14 5 5
341 1105 1477 2005
724 1038 1708
567 1265
605
716 1148 2014 2614 3348
697 1369 1717 2590 3579
746 1143 2067 2552 3154
734 1249 1782 2506 3576
725 1253 1890 2890 3683
725 1331 1984 2766 3643
703 1293 2054 2474 3225
680 1144 1938 2705 3253
725 1201 1823 2583 3441
781 1144 2034 2733 3349
648 1262 1959 2429 3236
755 1342 2014 2848 3272
692 1243 1929 2549 3468
739 1243 1961 2427 3173
115 158 181 151 127
102 116 100 124 192
103 163 169 128 102
175 155 194 153 132
113 109 110 132 191
146 182 127 143 192
120 110 119 187 180
129 149 111 114 113
143 114 137 138 102
184 184 112 129 174
118 163 177 116 110
149 115 181 150 113
128 145 191 187 100
181 105 124 112 111
106 160 55 137 26
4 13 21 18 20
7 11 19 6 9
18 17 8 12 8
8 14 7 12 23
18 14 9 26 13
27 19 27 9 9
33 12 21 11 18
18 14 10 24 24
25 13 32 19 24
16 2 10 15 16
42 11 27 19 25
10 18 12 7 13
5 7 9 10 15
22 6 21 11 12
