14 5 5
460 1298 1733 2457
880 1355 1859
376 1106
742
794 1291 2423 2906 3794
818 1179 2274 2731 3629
749 1215 2416 3022 3328
825 1124 2588 2769 3230
762 1286 2182 2765 3536
785 1281 2397 2767 3780
748 1131 2165 3094 3791
773 1324 2165 2879 3524
807 1268 2489 2975 3249
712 1267 2282 3137 3336
845 1321 2535 2975 3595
723 1275 2168 3278 3340
734 1311 2245 3090 3670
780 1192 2379 2783 3255
110 169 200 174 107
198 151 194 150 154
123 194 188 128 150
122 130 107 165 158
168 144 161 105 153
163 196 180 147 154
137 108 186 155 183
123 151 128 186 106
182 146 196 157 180
106 157 175 194 151
100 157 102 101 160
130 119 147 194 122
146 187 189 174 144
132 104 118 172 122
148 47 70 84 76
8 22 41 9 11
30 15 10 13 10
11 20 15 15 30
5 16 14 29 6
21 10 8 6 15
7 11 5 20 15
6 12 11 4 20
28 18 51 12 14
10 12 19 18 20
6 8 14 17 6
13 9 18 9 15
12 13 9 13 2
15 13 27 9 17
41 5 18 16 30
