14 5 5
631 1410 1847 2567
791 1193 2114
627 1374
971
697 1405 2273 2939 3962
728 1286 2061 2768 3921
830 1232 2347 2816 3847
796 1340 2413 2575 4006
791 1276 2374 2795 3863
823 1439 2329 2607 3568
752 1234 2278 2834 3540
791 1348 2394 2806 3692
807 1250 2400 2891 3491
775 1454 2403 2569 3734
815 1409 2197 2832 3765
726 1320 2293 2707 4089
829 1302 2145 2599 3821
739 1457 2414 2560 3480
135 118 112 102 184
187 189 187 121 183
111 193 171 186 130
185 179 160 177 150
129 121 132 169 199
145 200 183 145 158
102 199 113 151 143
164 172 163 200 166
195 130 153 165 177
193 124 108 106 148
197 183 123 118 162
104 166 145 166 162
196 122 103 154 140
180 110 161 156 110
122 135 82 127 59
5 12 8 9 7
35 28 11 16 12
35 10 15 7 21
5 15 29 7 26
23 14 14 6 19
4 16 13 21 22
22 17 26 14 15
18 1 22 24 9
9 15 1 42 3
17 11 31 9 5
13 9 10 16 7
13 31 9 3 34
7 9 12 19 13
17 18 9 23 17
