14 5 15
409 1666 2645 2949
1188 2136 2374
1112 1372
211
950 1451 2842 4186 4459
1075 1543 2946 3592 4884
968 1378 2706 3741 4679
922 1585 2955 4097 4621
948 1351 2534 4171 5098
1012 1586 2884 3656 4840
959 1506 2506 3632 4528
1072 1536 2541 4075 5045
1038 1589 2961 3757 4686
959 1609 2595 3557 4881
982 1341 2941 3685 5252
958 1431 2528 4176 5261
1000 1405 2459 3625 4646
1047 1488 2749 3741 4670
8 9 8 7 10
8 5 5 6 9
10 9 7 6 8
6 8 7 8 6
8 9 7 8 10
7 10 9 7 8
8 8 6 6 5
5 9 5 6 8
6 10 10 7 8
5 6 10 9 6
5 8 5 9 5
6 5 10 10 6
10 10 6 6 9
9 9 7 10 8
0 10 4 7 0
9 9 18 12 14
17 13 12 20 21
23 18 21 11 14
16 12 9 16 12
11 11 17 11 12
10 20 19 9 17
17 6 21 13 7
13 16 21 6 20
13 14 15 20 14
15 13 21 14 15
22 18 25 21 13
9 15 18 9 24
13 27 5 19 19
16 9 6 10 25
