14 5 15
355 1046 1666 2315
645 1276 2179
655 1619
736
834 1316 2075 2784 3803
835 1273 2048 2992 3716
783 1240 2219 2804 3391
869 1276 1999 3043 4010
739 1291 2188 2747 4013
774 1263 2285 2627 3879
862 1394 2409 2889 3607
812 1373 2207 2637 3893
803 1315 2256 2994 3681
778 1448 2136 2956 3860
842 1316 2426 2798 3467
784 1475 2398 2864 3695
863 1248 2357 2981 4072
778 1320 2319 2828 3452
6 6 5 8 7
7 10 9 5 9
7 6 6 8 8
10 5 7 7 6
5 9 7 5 10
7 10 7 8 8
7 9 9 5 10
5 6 9 9 6
7 9 9 10 8
10 5 5 9 6
7 7 8 5 10
10 9 6 7 9
9 8 6 7 8
6 8 5 8 10
9 0 10 0 3
15 12 14 11 17
13 28 9 24 12
18 3 20 21 9
22 13 13 9 25
17 15 6 7 14
18 15 23 10 15
17 13 15 18 16
14 14 15 16 22
16 33 15 20 13
17 11 21 8 15
6 13 5 10 24
19 21 14 5 21
22 13 19 16 17
7 17 24 14 14
