14 5 15
423 1328 2595 2814
718 1734 2648
1194 1831
621
918 1428 2450 3803 4507
979 1394 2819 3302 4187
889 1575 2638 3204 4092
1026 1658 2728 3254 4161
940 1466 2442 3719 4109
952 1529 2652 3613 4663
997 1605 2422 3303 4599
853 1449 2642 3561 4550
998 1542 2427 3599 4516
889 1471 2512 3431 4873
956 1403 2718 3791 4171
972 1603 2641 3644 4070
1021 1522 2810 3447 4546
844 1659 2786 3365 4517
9 8 9 6 9
5 6 6 10 10
9 6 6 10 6
7 7 10 9 10
5 5 10 9 9
10 7 10 7 6
6 6 7 5 6
5 6 8 6 9
9 10 7 8 9
7 6 7 9 10
5 8 8 5 5
6 5 6 10 10
9 5 7 9 9
9 8 7 5 6
2 8 2 5 3
7 26 11 13 22
15 16 13 12 7
14 13 12 15 13
17 16 9 9 10
16 19 10 20 12
13 18 7 10 18
16 12 11 12 7
12 17 18 31 15
14 12 14 14 4
20 16 21 10 16
14 14 13 17 16
13 9 13 20 19
8 14 12 13 16
19 14 16 14 10
