14 5 15
335 1076 1356 2179
649 1033 1896
461 1099
645
699 1125 1955 2519 3261
671 1157 2054 2667 2980
736 1292 1935 2695 2937
698 1210 2040 2500 3274
672 1097 1910 2440 3547
670 1088 1841 2511 3202
627 1192 1953 2583 3031
686 1116 2180 2620 2953
704 1274 2111 2684 3530
742 1190 2017 2510 3074
694 1256 2032 2346 3228
731 1068 2065 2431 3137
715 1206 1857 2340 3411
659 1077 2191 2382 3403
7 7 7 10 5
10 7 6 5 8
6 5 9 6 9
7 8 9 9 10
8 10 6 5 5
5 6 8 10 6
7 8 9 7 7
10 7 10 7 10
10 7 9 10 6
7 5 9 10 5
8 7 8 6 9
8 8 7 9 10
5 10 9 8 7
8 5 6 7 8
5 5 12 1 2
20 10 21 8 9
14 11 14 13 17
20 23 11 8 20
18 20 12 15 11
13 13 28 7 15
7 10 8 19 10
10 15 15 8 7
17 13 14 11 16
22 10 17 17 18
10 10 20 8 16
18 21 20 15 17
13 29 18 17 20
24 16 16 11 11
13 12 16 15 18
