14 5 15
509 1293 1593 2612
801 1587 2675
641 1957
1249
843 1407 2385 3094 4509
840 1317 2358 3363 4031
952 1363 2184 3404 4309
783 1416 2050 3250 4214
811 1273 2141 2910 4676
831 1464 2354 2941 4464
832 1338 2162 3162 4265
828 1295 2113 3364 4323
941 1394 2385 3357 4641
850 1389 2388 3329 4133
877 1419 2028 3081 3973
856 1392 2242 2931 4543
874 1227 2096 3046 3928
865 1369 2232 3338 4228
10 10 5 7 10
5 7 5 5 6
7 5 6 6 8
6 8 10 9 6
7 7 8 5 9
5 6 5 5 6
8 7 7 6 5
8 8 7 9 6
6 10 5 7 8
5 7 7 10 10
7 7 5 6 9
6 7 6 5 9
10 7 6 8 8
5 8 5 9 6
10 4 3 3 2
17 13 17 12 11
17 16 14 20 17
15 11 18 19 10
21 11 18 8 12
12 12 20 21 11
15 14 13 14 16
14 12 15 15 24
13 7 15 19 19
17 14 12 8 15
13 16 21 14 18
12 10 7 9 13
18 4 24 16 14
15 11 27 17 18
19 9 14 22 6
