14 5 15
378 915 1687 2134
539 1493 1683
831 1030
329
706 1220 1904 2916 3296
718 1154 2114 2668 3254
665 1353 2135 2882 3880
771 1166 2208 2632 3601
674 1168 1848 2985 3349
716 1404 2018 2589 3692
753 1236 2001 2731 3770
676 1382 2055 2587 3924
681 1344 2132 2862 3257
710 1241 2106 2834 3836
756 1278 1918 2807 3704
725 1383 2020 2627 3384
757 1263 2048 2557 3589
774 1361 2100 3011 3314
7 7 8 9 6
5 8 7 6 7
10 5 7 6 9
10 8 7 6 5
7 6 9 6 10
6 6 5 10 5
5 10 8 5 9
7 10 10 7 8
9 7 5 7 6
5 8 9 5 8
7 10 9 10 7
9 5 6 5 5
8 5 9 9 9
5 8 10 5 7
2 9 6 4 1
16 20 14 8 15
29 11 13 11 17
10 7 16 7 14
16 16 27 23 19
21 13 23 5 5
9 14 10 8 11
11 6 25 12 7
20 16 11 14 26
16 16 8 26 19
14 16 22 15 7
21 10 13 19 17
13 12 8 23 15
5 7 16 17 32
7 13 10 12 14
