14 5 15
814 1178 2183 3125
636 1501 2688
796 1800
1173
897 1764 2529 3555 4916
854 1787 2528 3365 4438
987 1697 2326 3436 4876
860 1668 2261 3855 4436
1028 1614 2441 3675 4640
1002 1872 2246 3818 4256
1002 1600 2632 3547 4364
997 1706 2423 3783 4622
984 1537 2522 3728 4618
865 1569 2460 3569 4417
908 1786 2252 3504 4264
923 1569 2598 3675 4751
922 1736 2526 3949 4331
873 1539 2700 3890 4301
10 5 5 10 7
8 6 8 10 9
5 6 10 8 8
5 8 6 8 8
8 10 9 8 9
6 6 9 8 10
6 6 9 10 10
6 7 5 9 5
8 6 7 9 5
6 8 10 10 7
9 8 7 5 8
6 6 9 7 7
6 8 9 5 7
5 8 5 8 8
1 4 7 5 0
13 14 11 16 29
16 6 14 15 15
18 17 6 13 17
15 12 21 15 10
11 16 20 20 10
12 12 17 12 16
10 13 19 17 13
26 21 11 18 16
8 24 14 18 19
15 7 10 6 8
7 13 24 21 9
18 25 28 13 11
15 14 22 9 22
16 14 12 13 17
