14 5 15
512 1134 1916 2036
565 1629 2085
792 1306
336
704 1300 2098 3188 3609
700 1303 1737 3066 3735
734 1414 1887 3174 3479
734 1292 2009 3142 3638
745 1343 2054 2743 3379
797 1505 1799 2723 3812
705 1455 1835 3119 3551
789 1541 1985 3140 3962
793 1462 1761 2775 3742
687 1394 1763 2732 3564
782 1551 1774 3251 3978
776 1385 1910 3252 3471
820 1517 1891 2827 3591
799 1562 1956 2918 3642
9 5 8 7 8
8 8 8 7 5
9 5 5 6 5
6 6 8 8 5
6 5 7 6 7
5 9 6 7 8
7 10 9 10 9
8 6 5 5 10
6 10 7 5 8
5 8 5 10 5
7 10 5 7 10
6 9 9 10 7
8 7 10 10 8
8 9 9 10 5
9 4 2 5 2
13 11 15 9 16
17 10 20 10 9
19 8 18 14 7
13 18 10 12 7
11 13 25 25 11
19 26 20 20 8
26 14 11 14 10
22 16 8 14 18
15 4 15 18 16
23 13 19 13 5
12 16 10 6 12
18 24 15 13 12
20 24 21 15 5
16 18 15 10 11
