14 5 15
354 962 1097 1863
550 678 1329
190 726
539
515 987 1701 1905 2478
598 864 1661 1870 2427
571 964 1461 1911 2826
602 889 1510 1774 2484
598 843 1704 1975 2541
543 963 1601 2074 2915
512 951 1592 2155 2612
611 910 1518 2051 2454
571 834 1660 1980 2854
524 936 1664 1774 2717
564 988 1680 2132 2876
516 983 1556 2104 2466
555 959 1640 1870 2491
511 970 1637 2121 2736
10 7 5 10 6
7 6 5 10 9
8 9 6 7 5
7 10 6 5 6
9 5 6 10 8
9 10 7 10 9
8 8 7 5 9
7 6 9 7 6
6 7 6 6 6
5 6 7 5 10
8 8 5 7 6
6 10 7 8 10
8 5 6 6 5
10 8 8 6 8
6 3 8 1 5
22 6 16 18 22
17 5 17 13 17
11 7 12 9 22
24 20 10 11 11
14 28 21 13 11
20 12 21 19 14
17 16 8 13 5
13 18 16 9 14
10 12 7 27 18
12 11 15 17 17
7 6 6 14 14
17 11 19 15 11
15 9 5 9 12
12 13 13 24 8
