14 5 15
336 1031 1776 2351
726 1380 1904
627 1335
745
664 1040 1869 2569 3468
758 1230 1878 2463 3228
655 1053 2134 2702 3066
659 1221 2057 2532 3342
748 1041 1940 2424 3200
694 1250 1851 2512 3058
646 1133 2150 2495 3451
733 1237 2121 2529 3010
761 1167 1912 2711 3018
733 1071 1825 2689 3073
756 1146 2121 2816 3492
727 1079 1886 2902 3137
640 1060 2111 2507 3572
760 1088 1972 2463 3172
6 10 10 8 10
10 9 10 5 10
7 10 6 10 7
8 9 10 8 5
8 5 10 8 9
8 5 7 6 9
9 8 8 6 6
7 6 9 7 5
5 7 10 9 6
7 5 6 5 10
5 7 7 6 10
9 9 10 5 5
7 6 9 9 10
8 7 7 6 5
7 4 3 6 4
20 23 21 15 17
16 13 23 9 20
24 12 12 9 11
24 15 13 18 19
24 21 15 11 12
18 20 17 6 12
15 25 14 8 15
17 23 12 19 9
13 12 15 17 20
8 23 28 12 15
17 15 18 4 12
23 18 6 10 5
20 14 12 7 16
18 18 9 8 11
