14 4 15
442 1133 1601
744 860
278
630 1112 1946 2338
579 1149 1933 2572
587 1075 1756 2520
577 1205 1908 2681
596 1126 1920 2398
647 1165 1709 2510
644 1150 1932 2317
578 1244 1851 2517
638 1129 1691 2399
661 1284 1830 2673
594 1228 2035 2470
632 1160 1945 2254
684 1112 1887 2296
606 1247 1858 2377
41 35 26 25
38 28 26 45
32 41 28 33
39 36 48 29
38 41 43 33
48 38 32 26
48 50 33 37
34 48 31 44
39 37 32 27
29 50 25 25
26 47 40 28
38 41 44 29
38 43 32 50
46 41 39 41
48 12 1 3
12 13 14 11
12 14 15 14
21 27 9 13
20 13 20 20
20 13 12 36
9 16 18 25
17 18 18 18
28 21 24 15
23 13 14 26
14 15 11 8
20 21 24 22
11 14 18 12
22 16 5 19
17 19 12 20
