14 4 15
364 1082 2121
742 1432
697
854 1288 2184 3101
740 1282 2315 3092
890 1274 2059 3125
778 1230 2303 3194
888 1437 2095 3058
837 1228 2272 3241
759 1278 2442 3304
778 1336 2323 2942
814 1326 2095 3257
871 1281 2307 3484
826 1275 2271 3211
745 1405 2105 2889
788 1243 2231 2986
887 1369 2172 3411
48 46 26 33
37 40 29 35
41 32 49 34
39 44 39 49
35 44 39 26
28 45 35 50
33 34 33 35
31 39 42 29
30 34 41 40
25 25 50 29
38 32 32 40
25 29 50 43
35 40 36 30
40 45 30 50
0 7 34 13
17 17 18 19
21 15 8 15
17 18 15 13
5 17 20 18
9 12 12 12
13 24 17 9
13 15 22 10
15 24 18 19
17 20 18 20
19 19 16 13
9 4 11 12
21 24 16 13
14 18 15 11
18 24 17 12
