14 4 15
383 772 1395
438 923
428
556 1001 1554 2075
567 872 1744 2260
585 930 1671 2220
530 1001 1768 2178
547 868 1643 2341
614 985 1555 2221
638 832 1743 2180
529 840 1663 2085
641 992 1521 2340
564 898 1820 2377
622 833 1808 2311
581 842 1738 2026
563 858 1639 2338
557 891 1766 2138
31 42 47 46
25 33 49 33
28 43 33 39
37 34 36 39
32 34 37 30
31 33 31 46
31 41 26 33
44 43 25 47
37 40 27 41
33 40 43 42
44 32 48 32
48 45 50 30
40 28 39 28
48 40 30 47
35 2 5 19
14 9 13 12
26 12 20 16
20 15 6 21
11 22 22 7
11 10 9 12
10 12 6 18
6 15 20 17
25 12 14 17
14 12 14 17
13 16 15 23
16 15 14 14
16 15 14 12
21 18 16 14
20 21 15 12
