14 4 15
663 1239 1890
475 989
390
707 1548 2169 2699
808 1453 2061 2598
736 1423 1951 2814
794 1314 2006 2519
796 1487 2170 2777
693 1433 2214 2724
779 1424 2109 2822
711 1293 1896 2768
818 1568 1969 2710
795 1467 2018 2814
682 1434 1943 2805
758 1313 2145 2543
811 1514 2218 2589
811 1367 1912 2580
30 49 31 33
37 47 43 32
45 30 45 31
46 41 43 49
33 37 26 31
48 34 36 41
48 40 31 30
35 48 47 33
32 36 31 35
27 25 45 32
25 38 43 48
40 35 28 33
31 32 45 46
28 41 38 41
39 30 8 17
12 6 13 17
11 20 14 10
12 14 11 9
7 5 14 7
28 4 17 20
26 29 19 15
15 12 18 32
12 11 14 5
21 27 15 15
10 9 7 20
11 11 13 15
15 21 17 17
17 11 18 20
13 14 15 19
