14 4 15
753 1265 2235
471 1437
1151
864 1836 2371 3881
888 1745 2303 4048
900 1673 2476 3625
1038 1795 2569 3785
936 1857 2328 3731
891 1823 2247 3645
1030 1821 2343 3522
872 1701 2423 3975
912 1665 2375 3946
964 1669 2662 4004
1003 1714 2526 3703
1052 1609 2250 3696
988 1633 2410 4078
1032 1802 2481 4068
28 49 27 26
32 35 39 32
42 43 42 32
36 42 28 43
42 27 33 43
49 43 31 39
36 50 47 31
47 30 40 42
32 25 28 37
44 36 46 31
26 35 47 34
40 36 48 32
36 49 40 34
40 45 37 47
38 9 29 21
15 14 15 26
10 20 20 18
12 4 21 19
12 18 10 11
29 17 14 19
18 9 19 15
14 15 13 17
16 22 23 12
20 21 14 2
14 16 12 22
19 24 31 31
19 22 19 18
17 9 21 22
17 13 9 8
