14 4 15
504 1149 1542
541 820
443
641 1335 1908 2451
715 1352 1716 2409
742 1256 1860 2392
749 1206 1937 2885
664 1338 1744 2711
640 1386 1749 2615
640 1407 1891 2568
755 1365 1704 2399
705 1227 1870 2571
651 1214 1879 2407
734 1376 1837 2894
631 1248 2030 2406
711 1262 2017 2444
668 1427 2010 2759
34 35 34 41
33 27 43 35
47 31 43 47
50 28 40 50
48 40 39 30
40 34 26 36
42 27 33 45
36 38 29 49
33 35 48 27
25 29 50 39
39 34 49 35
35 49 40 37
46 45 34 33
29 40 43 44
28 7 26 16
31 15 18 17
22 10 15 13
15 19 15 14
6 16 9 22
16 12 13 9
5 11 11 17
26 15 14 14
13 17 19 10
15 17 13 18
11 19 9 13
10 8 7 19
28 15 26 13
29 4 26 21
32 10 19 23
