14 4 15
360 778 1175
297 871
505
504 952 1336 2009
490 924 1476 2028
514 936 1456 1899
472 949 1354 1758
556 897 1544 2046
533 985 1553 1974
562 925 1471 1879
474 887 1408 1969
518 840 1445 1938
501 851 1599 1876
471 910 1408 1755
481 827 1509 1998
541 900 1568 1798
511 932 1445 1788
28 26 45 35
27 25 32 46
47 44 27 37
26 36 39 28
35 38 27 36
29 34 34 31
41 36 32 46
49 45 33 38
34 47 42 35
39 32 25 32
30 32 43 46
43 33 31 42
40 42 45 40
42 45 50 27
4 13 7 24
12 12 18 18
15 16 16 7
15 17 15 23
14 15 17 17
9 8 10 10
20 18 29 9
22 2 28 7
9 14 20 26
16 10 15 23
9 8 6 13
10 22 6 27
6 27 16 9
5 23 14 14
26 8 16 5
