14 4 15
562 1249 1743
684 1161
344
744 1342 2128 2597
771 1227 2243 2639
788 1402 2075 2613
685 1201 1898 2653
770 1362 2050 3072
667 1344 1880 2856
783 1360 2065 2739
750 1408 1974 3051
717 1314 2012 2745
673 1341 2028 2800
785 1275 2116 3052
657 1249 1952 2837
728 1278 2004 2861
756 1372 1870 2905
25 32 39 33
41 44 30 40
42 36 32 32
34 49 37 37
36 40 39 28
47 35 50 43
28 37 33 33
50 32 47 26
47 28 47 35
40 30 42 28
25 26 50 26
42 47 47 44
33 31 40 39
30 27 40 35
37 8 23 19
20 19 20 10
10 17 12 14
10 25 15 12
14 19 22 15
13 13 18 19
18 16 23 20
19 17 24 11
10 29 16 14
12 20 11 25
17 22 17 6
14 10 17 13
12 13 17 18
22 9 18 14
17 16 5 16
