14 4 15
320 785 1140
529 944
444
601 1002 1599 2150
589 949 1468 2048
565 941 1641 2263
548 902 1587 2127
585 971 1647 2221
556 1026 1630 2042
613 877 1390 2061
594 910 1369 2052
615 1002 1635 2234
569 985 1498 2314
535 881 1422 2113
548 846 1582 2384
564 956 1485 2346
550 906 1446 2192
26 39 31 27
32 45 25 49
46 29 27 50
33 43 41 28
38 34 35 46
27 25 32 38
46 33 31 25
27 48 40 43
48 34 34 47
43 45 43 28
29 27 34 32
40 31 34 26
35 49 34 44
37 48 39 30
2 1 42 1
16 25 19 16
19 9 16 19
28 9 23 7
10 12 7 19
15 18 13 12
20 13 8 4
21 11 11 15
13 24 17 5
15 22 7 18
15 16 28 10
8 12 22 9
16 26 4 22
7 10 12 15
25 9 17 10
