14 4 15
417 1539 2196
1283 1539
416
894 1473 3088 3633
909 1435 3057 3583
939 1431 2779 3526
939 1647 2699 3331
934 1594 3004 3575
945 1411 2970 3539
872 1426 2611 3727
1048 1576 3130 3890
1049 1556 3086 3243
927 1521 2825 3868
998 1557 2647 3371
866 1633 3148 3368
926 1402 3049 3441
869 1449 3140 3422
47 44 50 25
36 42 27 44
44 48 41 35
48 41 39 46
47 49 43 40
30 45 32 27
32 35 41 45
27 47 28 48
39 25 48 44
26 39 40 40
26 46 30 44
39 25 25 33
39 33 47 37
40 42 29 37
33 44 9 11
22 22 20 6
20 13 14 13
14 22 40 26
17 21 8 10
8 22 18 12
16 13 14 18
14 15 12 13
18 24 11 18
6 14 8 13
8 13 34 11
15 10 11 9
19 10 12 10
17 12 13 22
19 8 14 27
