14 4 15
534 1213 1839
542 1255
587
934 1646 2286 2977
924 1640 2086 3453
786 1448 2236 3563
861 1426 2373 3351
942 1472 2287 3129
785 1483 2108 3009
837 1416 2258 3201
825 1524 2043 3049
823 1507 2226 3184
917 1551 2346 3228
908 1655 2237 3418
854 1534 2123 3103
929 1462 2077 3540
908 1602 2332 3116
34 46 47 33
49 30 49 41
30 46 43 34
35 32 38 44
45 41 30 34
28 47 26 26
28 27 31 32
39 48 46 44
45 38 26 46
30 25 36 38
32 41 29 46
36 45 38 48
46 40 40 32
46 41 48 44
67 10 14 4
12 15 14 12
19 17 11 10
12 13 26 11
25 18 12 9
24 17 19 10
11 13 17 15
17 19 10 14
14 11 22 18
10 10 13 18
19 23 20 10
17 10 21 10
20 21 17 9
20 7 8 10
10 22 6 21
