14 5 15
436 1349 1420 2222
916 1218 1545
327 862
652
721 1329 2310 2670 3393
820 1300 2002 3068 3665
723 1235 2034 3077 3767
815 1101 2200 3137 3387
773 1185 2113 2775 3305
761 1122 2314 2936 3388
724 1252 2282 2680 3690
832 1153 2016 2753 3794
812 1206 2239 3109 3383
744 1243 2074 2694 3183
749 1112 1971 3085 3759
814 1113 2216 3040 3297
764 1166 2130 3231 3647
790 1102 1975 2829 3667
189 121 122 155 177
151 173 127 119 116
194 111 139 200 138
195 148 122 131 129
168 156 187 104 185
163 185 172 116 140
161 121 169 171 161
180 118 160 135 196
139 169 198 140 120
185 191 173 191 115
185 112 156 175 178
146 112 186 164 127
193 152 113 126 188
121 143 139 157 164
125 263 95 63 5
52 72 47 46 51
42 30 37 49 52
45 54 67 45 63
42 55 36 48 39
73 50 50 60 56
36 15 52 87 36
62 57 79 65 49
36 84 20 40 22
51 73 34 46 47
49 52 43 34 37
33 49 70 39 48
53 31 58 86 67
48 51 48 59 43
35 24 65 43 45
