14 5 15
699 1248 1958 2272
706 1762 2002
912 1450
366
936 1733 2606 3670 4160
797 1749 2417 3175 4635
837 1584 2546 3608 4187
813 1573 2570 3229 4042
845 1479 2373 3569 4147
881 1704 2277 3246 4648
807 1690 2371 3332 3950
826 1636 2271 3081 3971
875 1491 2509 3532 4543
864 1624 2416 3359 3843
865 1708 2621 3669 4298
815 1578 2221 3593 4209
880 1668 2417 3621 3873
837 1625 2387 3239 4288
111 181 101 175 169
116 194 124 147 187
143 157 113 158 192
147 145 188 170 196
199 128 114 125 132
153 113 189 124 152
183 192 187 129 153
106 112 166 199 106
186 164 193 155 196
122 131 110 139 134
103 125 184 189 122
161 106 137 135 158
188 127 159 158 169
150 166 142 144 156
151 41 249 5 34
43 48 44 59 35
44 48 39 53 47
35 58 60 71 37
37 26 37 19 34
38 40 25 45 34
46 35 35 44 72
49 43 44 32 52
42 45 57 30 28
24 29 37 46 36
24 59 40 56 41
44 43 63 32 29
47 37 32 54 52
50 24 52 36 56
33 43 34 41 45
