14 5 15
510 1685 2047 3150
1072 1425 2817
289 1536
1483
867 1463 2696 3061 4629
841 1376 2416 2925 3878
958 1355 2866 2940 4100
905 1461 2768 2959 3938
831 1361 2560 3072 4087
935 1581 2635 3356 4049
943 1602 2432 2980 4326
897 1486 2754 3144 4621
835 1574 2754 3317 4082
937 1509 2719 3457 4080
800 1387 2778 3377 3916
864 1538 2684 3085 4398
818 1338 2824 2958 3882
876 1385 2541 3232 4127
175 161 141 100 161
100 128 104 177 118
140 181 196 191 110
179 178 137 146 181
164 168 169 125 105
192 188 150 179 126
185 176 193 109 129
149 122 122 105 146
188 133 194 123 198
169 195 158 186 139
152 100 197 156 136
172 138 181 158 176
154 104 199 197 135
144 164 175 129 154
187 147 60 66 37
73 36 72 43 46
44 39 45 60 24
58 40 32 79 49
71 35 37 34 37
34 43 47 34 59
31 37 35 43 56
72 33 53 21 60
51 41 52 48 25
55 36 29 52 27
58 89 30 48 58
42 29 56 61 60
66 58 35 32 34
56 57 52 62 27
25 35 48 26 39
