14 5 15
395 719 1624 1982
397 945 1372
588 1009
362
614 1109 1618 2388 2876
583 1094 1672 2208 2747
645 1042 1550 2352 2559
550 1123 1562 2477 3042
556 1122 1533 2412 2801
580 1100 1775 2452 2612
627 1086 1717 2428 2898
653 1124 1524 2374 2896
569 1051 1563 2189 2605
645 1052 1759 2385 2807
576 1120 1708 2111 2833
612 1007 1730 2527 2664
627 973 1699 2527 2556
566 1137 1602 2450 2956
164 170 132 188 129
118 180 117 166 122
143 157 102 140 188
126 190 189 125 106
112 153 166 118 171
148 180 189 108 167
118 100 180 174 193
162 181 123 115 190
196 177 115 149 156
150 134 136 130 175
151 151 191 105 154
179 185 191 154 197
143 119 126 161 180
185 125 111 155 159
40 152 214 16 21
34 51 57 43 25
46 38 27 43 31
46 19 36 53 32
55 72 69 55 45
37 33 39 26 58
45 34 39 33 56
81 57 50 40 24
64 43 59 42 55
45 67 61 39 71
66 47 34 46 50
30 36 45 34 41
43 38 71 59 40
56 35 29 68 52
50 25 41 45 38
