14 5 15
550 945 1910 3224
462 1134 2104
695 2110
1174
765 1481 2038 2823 4304
736 1299 2094 2990 4172
785 1450 1931 2771 3659
791 1355 1843 3197 3790
764 1363 1850 3329 4022
836 1478 1806 3032 4032
825 1467 1833 3201 3758
826 1380 1826 3090 4235
754 1356 2179 2944 3930
785 1413 1817 2860 3960
842 1548 2105 3212 4044
728 1286 2034 3286 4195
820 1488 2112 3239 3903
751 1443 2042 3307 3757
137 157 101 166 162
148 139 184 185 169
128 181 143 190 116
160 105 170 111 193
165 196 125 118 135
190 141 173 123 141
116 146 131 178 174
170 112 185 195 153
154 184 165 170 133
108 167 175 103 141
194 166 193 151 163
137 105 170 102 151
145 135 153 187 161
162 141 131 156 118
149 10 16 6 110
41 41 22 43 34
35 37 52 37 41
33 39 58 37 45
21 39 45 37 29
47 28 45 44 36
64 36 33 27 41
60 25 40 15 33
82 68 74 37 37
37 48 50 36 51
43 30 35 45 45
79 36 65 66 57
60 36 46 31 37
36 42 21 30 67
50 51 44 50 39
