14 5 15
706 1194 1938 2342
772 1503 2143
605 1501
710
1000 1748 2693 3381 4335
935 1837 2509 3237 4393
875 1787 2747 3290 4890
938 1624 2775 3198 4125
966 1834 2802 3412 4551
923 1783 2826 3265 4734
877 1855 2504 3483 4739
926 1648 2779 3215 4688
976 1604 2615 3435 4275
941 1825 2739 3543 4978
837 1876 2404 3549 4271
934 1842 2564 3388 4879
831 1902 2698 3540 4949
890 1676 2831 3058 4713
195 137 153 104 187
172 137 175 149 115
128 177 120 165 178
129 179 149 186 129
188 123 121 187 165
134 177 196 120 130
184 184 146 177 150
137 196 157 108 101
134 142 126 132 187
186 126 108 103 152
131 168 144 127 118
168 142 157 104 200
138 150 122 116 121
161 138 133 149 130
278 82 15 144 10
52 92 37 47 66
57 46 83 45 41
54 28 50 58 42
23 22 54 44 71
28 42 17 17 30
25 36 36 38 30
57 56 65 38 42
35 44 35 51 35
53 22 43 56 30
32 52 57 40 69
63 61 44 48 53
24 28 13 51 37
52 47 28 48 56
37 52 48 23 34
