14 5 15
604 1233 2727 2938
666 1894 2024
918 1415
199
898 1663 2594 3825 4104
1014 1484 2517 3443 4471
976 1622 2573 3680 3890
848 1614 2241 3470 3957
872 1445 2539 3857 4270
975 1393 2288 3625 4058
894 1629 2519 3796 4483
883 1658 2630 3759 3767
870 1593 2459 3382 3831
893 1437 2528 3586 4578
859 1547 2604 3478 4465
963 1667 2228 4014 3779
916 1386 2460 3741 3777
950 1490 2525 3549 4096
158 153 175 197 123
114 178 168 128 144
139 164 116 141 178
153 171 132 138 149
167 173 100 124 147
161 163 169 138 100
115 130 156 161 139
156 179 162 193 111
166 113 135 187 200
157 120 126 106 174
136 191 135 197 127
128 179 125 113 125
193 109 178 165 191
188 164 167 104 102
95 103 128 158 4
31 48 46 55 52
41 26 34 39 40
48 48 50 47 47
47 40 37 27 32
59 51 34 53 71
44 42 58 30 30
47 59 40 57 62
42 33 80 53 45
43 63 35 43 45
34 60 41 50 32
29 54 49 43 58
42 26 50 46 38
44 24 47 28 62
26 56 18 43 45
