14 5 15
686 1171 2439 2293
386 1457 2133
1003 1530
315
879 1624 2174 3497 3873
881 1743 2054 3297 3657
798 1690 2038 3358 3718
729 1464 2166 3152 3834
877 1669 1990 3400 3464
747 1700 2236 3100 3904
852 1580 2043 3479 3452
842 1762 1910 3442 3341
766 1567 1979 2950 3615
860 1635 2003 3422 4010
794 1750 2124 3055 3837
827 1721 1995 3457 3764
814 1541 2000 3356 3498
741 1690 2001 3342 3627
117 146 140 104 148
146 187 109 100 112
161 115 178 197 113
107 100 174 154 200
105 109 169 198 180
171 170 157 169 108
124 156 145 108 174
199 182 169 174 189
123 191 167 168 152
144 155 146 183 150
129 143 188 157 121
178 190 107 111 143
131 175 125 145 164
169 171 172 124 134
63 67 94 71 82
52 55 54 57 32
51 34 40 54 73
48 69 55 48 47
64 45 57 42 58
33 25 52 41 24
26 36 51 28 35
45 39 79 21 30
38 52 73 37 41
41 60 50 36 27
52 59 60 59 59
37 86 39 46 67
62 56 37 40 44
59 50 38 41 33
23 60 46 49 57
