14 5 15
245 814 1197 1422
705 1017 1314
328 657
383
606 925 1754 2123 2528
590 913 1617 2136 2599
631 1011 1649 2242 2932
575 1073 1737 2277 2856
591 910 1711 2306 2636
606 976 1545 2085 2680
522 954 1733 1969 2470
601 973 1695 2013 2889
531 925 1692 2340 2675
538 1022 1709 2340 2878
581 959 1759 2199 2904
563 1029 1629 2157 2553
549 924 1583 2110 2927
567 1072 1512 2158 2561
100 197 148 129 118
116 164 150 167 174
154 138 117 199 115
132 189 103 197 162
120 119 131 184 179
135 105 134 179 141
129 120 147 179 181
190 174 152 104 129
109 174 163 198 144
173 199 154 175 178
106 116 131 131 103
135 101 190 143 183
117 200 117 199 133
140 159 144 190 140
160 13 108 179 3
41 56 33 38 44
44 50 40 48 52
47 31 55 32 79
61 65 69 49 62
36 42 77 33 41
67 42 47 47 53
55 46 53 27 37
49 24 40 39 35
55 60 40 59 35
58 69 30 38 67
38 41 51 31 38
39 31 33 34 43
40 39 66 39 43
36 43 66 33 28
