14 5 15
724 1807 1701 2712
1118 1411 2609
361 1426
1250
918 1709 2944 3333 4681
888 1822 2522 3229 4494
1034 1796 2878 3397 4262
890 1662 2730 3665 4054
1041 1662 2531 3789 4299
948 1732 2971 3309 4804
858 1684 2978 3721 4166
1011 1973 2969 3527 4680
996 1730 2548 3780 4021
1000 1673 3032 3861 4352
971 1883 2918 3596 4495
931 1882 3001 3310 4213
907 1646 3032 3325 4823
925 1695 2652 3690 3960
154 197 123 175 178
137 122 135 158 181
181 115 183 176 146
115 165 110 159 198
144 177 197 152 179
174 113 102 103 166
172 116 145 114 148
117 118 129 176 183
165 122 168 198 155
185 128 158 121 103
174 157 133 106 164
192 191 160 183 141
178 118 141 153 151
174 127 198 100 123
9 38 228 9 60
48 58 41 35 50
46 39 72 39 49
50 38 34 55 22
69 31 41 29 45
25 52 55 71 78
24 45 34 58 38
83 77 34 52 41
43 55 105 40 73
23 30 56 20 35
20 35 51 51 50
47 45 48 36 61
68 46 53 42 47
34 43 39 40 44
57 50 44 46 36
