14 5 15
477 1036 1973 2431
728 1573 2430
765 1635
784
810 1473 2269 3197 4103
896 1649 2150 2863 4111
840 1474 2234 2847 4099
752 1496 2077 3104 4128
911 1543 2257 3098 3656
749 1716 1957 3312 3944
753 1663 2264 3143 3798
869 1490 1932 3177 3676
786 1705 1960 2972 4079
750 1657 2123 3044 4023
835 1545 2192 2775 3771
772 1591 2320 3173 4011
850 1503 1951 3235 3622
898 1691 2125 2947 3980
134 130 130 197 162
173 100 176 149 153
133 189 187 119 137
165 191 125 124 190
114 127 164 177 198
165 149 158 102 125
148 136 188 127 135
102 107 101 164 193
132 171 129 109 113
180 122 166 167 165
181 200 116 198 168
135 197 192 148 155
126 177 187 114 191
160 161 133 105 171
96 240 15 74 62
38 37 30 36 78
33 32 42 38 69
49 27 76 52 36
59 46 36 49 78
36 54 51 54 77
29 43 38 43 38
38 40 41 38 55
38 62 57 26 32
42 34 43 27 49
59 55 75 73 44
58 56 39 45 49
93 55 54 34 36
36 49 68 45 36
52 41 26 58 71
