14 5 15
690 1356 2121 2394
480 1804 2139
1219 1524
344
869 1640 2305 3611 4100
939 1675 2408 3318 4772
972 1757 2332 3582 4694
1042 1491 2559 3301 4257
899 1644 2651 3521 4622
915 1637 2330 3568 4380
975 1577 2315 3484 4717
1009 1649 2568 3341 4541
999 1663 2680 3364 4073
906 1586 2362 3727 4404
962 1539 2295 3783 4742
1004 1507 2736 3904 4637
920 1794 2747 3349 4224
993 1709 2500 3312 4719
163 132 105 121 194
185 194 166 114 178
155 186 147 160 174
132 165 181 102 159
144 129 107 124 167
120 168 101 141 179
148 136 176 190 190
103 171 122 186 123
179 111 144 183 106
169 186 121 192 105
176 108 162 162 168
126 105 174 133 163
159 127 129 100 187
156 178 124 110 122
69 273 23 5 88
56 36 36 37 97
31 57 55 49 55
28 55 33 35 48
46 53 55 47 27
31 39 43 35 31
51 56 33 45 60
32 86 22 49 65
54 49 50 31 48
55 65 50 32 50
46 35 33 40 28
56 75 35 40 17
35 61 70 33 46
49 36 29 49 33
20 77 32 57 48
