14 3 2 1000
216 1107
792
749 1016 1958
705 1029 1650
632 1049 1668
713 987 1771
626 1164 1742
716 1195 1614
698 1172 1614
710 1064 1900
746 1022 1634
735 1118 1819
733 1077 1922
654 1009 1803
677 1045 1864
667 1140 1720
39 36 28
35 39 26
28 43 50
33 28 30
44 41 36
33 25 39
30 49 47
46 45 29
48 29 35
27 48 49
37 47 32
37 30 45
45 44 31
37 36 45
20 19 26
1 0 1
2 1 7
2 5 2
2 4 2
4 3 2
1 4 0
1 3 0
1 2 0
5 2 3
0 2 3
0 3 4
4 0 7
7 1 6
1 1 2
0 0 2
0 3 0
3 2 1
1 0 2
6 0 4
1 0 0
0 7 1
1 0 4
1 1 3
1 1 2
0 2 0
0 2 0
2 1 4
1 0 6
7 2 1
3 1 1
0 3 7
3 1 1
1 0 2
3 0 1
0 2 1
1 0 7
0 3 1
0 0 1
0 0 2
0 2 2
2 1 2
5 1 3
2 0 3
3 1 2
3 1 0
2 1 1
7 0 6
1 2 1
0 0 3
1 0 0
4 1 1
2 0 0
0 0 0
0 0 0
1 3 0
0 2 4
1 0 6
6 0 2
0 5 2
4 1 4
0 1 0
0 2 0
3 6 3
1 2 2
0 2 1
0 2 2
0 1 3
3 4 0
0 0 3
0 4 3
0 1 1
2 0 1
0 5 0
2 0 1
0 2 1
7 4 0
2 6 2
1 1 1
2 0 0
0 4 1
2 3 4
3 2 0
1 1 0
4 5 3
2 7 3
1 0 2
1 3 0
0 0 0
0 0 3
3 0 1
2 1 3
0 0 0
0 2 2
0 1 0
0 1 2
1 6 1
1 3 2
3 0 4
1 5 2
0 2 0
1 4 2
0 0 1
1 1 0
0 0 1
0 0 0
3 0 4
5 0 1
4 5 0
1 2 2
3 1 5
1 0 0
1 0 2
7 3 0
1 1 3
7 1 5
0 2 1
5 1 0
4 0 0
4 4 0
4 1 2
2 0 1
3 2 1
0 1 0
3 1 0
3 3 1
6 4 4
6 3 1
4 0 0
3 2 1
0 4 0
1 1 0
1 0 2
0 7 0
0 3 2
0 4 2
7 4 2
1 4 6
2 2 1
7 2 6
2 1 5
5 0 3
0 4 1
1 0 1
2 4 1
1 0 0
1 7 5
5 1 4
3 1 0
3 0 2
2 0 1
2 1 4
4 0 3
4 1 2
1 1 1
5 4 1
1 3 2
2 0 1
1 4 0
0 0 0
0 0 5
1 5 4
2 1 3
2 1 0
3 5 5
3 1 7
4 5 1
0 0 1
1 1 4
0 0 0
2 5 2
3 2 1
1 1 0
1 2 0
3 0 1
0 2 2
4 0 6
4 0 0
0 3 3
3 0 2
1 0 0
2 1 2
3 3 0
3 0 0
0 0 1
0 2 4
0 2 2
1 1 2
0 0 0
1 0 2
2 0 0
0 5 0
0 1 0
1 2 4
5 1 1
2 1 6
2 4 0
1 3 0
2 2 0
2 1 0
5 3 5
2 1 2
1 0 4
0 0 1
1 0 2
1 1 0
5 2 0
0 0 2
0 1 1
1 0 2
2 0 4
0 0 2
0 2 1
1 1 0
0 1 0
0 1 0
0 0 1
3 1 4
1 2 0
1 1 3
3 0 0
0 7 0
4 1 1
1 1 1
1 1 6
3 2 1
4 4 0
2 2 2
1 1 1
0 3 2
0 0 0
3 1 1
0 0 1
4 1 1
1 1 3
0 1 1
0 3 2
3 4 3
1 2 0
1 0 0
1 6 1
1 0 0
0 1 5
0 2 3
3 5 1
6 1 0
2 4 1
5 3 4
0 0 1
0 1 4
1 0 0
5 1 4
1 0 2
4 2 3
1 0 4
1 0 0
0 4 2
0 3 6
2 2 0
2 1 1
3 1 2
3 0 1
0 5 2
0 0 6
4 1 1
4 0 2
2 0 3
5 3 5
0 2 1
0 0 2
2 0 2
3 1 1
3 3 1
3 1 6
0 4 2
3 4 3
0 3 2
3 1 1
0 3 2
3 0 0
3 0 2
2 2 2
0 2 3
2 0 2
1 0 4
0 6 7
1 0 2
5 1 0
1 1 0
3 3 1
2 3 2
0 3 2
3 4 1
4 1 3
3 3 2
3 2 4
3 1 1
2 2 0
0 2 1
1 3 0
0 2 1
3 1 1
0 3 3
2 2 3
6 1 3
3 7 2
1 2 6
0 0 4
1 0 0
4 0 1
2 0 0
1 4 2
0 0 4
5 1 1
1 4 1
2 1 3
0 2 1
1 2 1
3 2 2
3 2 2
0 2 3
5 5 1
2 0 0
1 3 0
0 3 2
6 5 1
0 4 1
7 2 1
1 4 5
2 3 0
3 3 2
0 0 1
0 1 4
6 0 2
1 3 0
0 2 2
1 1 2
0 5 5
3 0 1
6 1 0
6 2 2
3 1 2
2 1 0
7 0 2
0 2 0
1 0 0
7 0 0
0 4 2
1 0 1
0 7 3
0 2 0
0 0 2
1 0 0
5 2 0
2 1 2
1 5 0
1 0 2
1 2 0
2 4 0
5 0 4
1 6 1
3 2 2
2 2 0
1 3 0
3 5 0
5 5 0
3 4 0
4 4 2
1 1 3
2 0 3
3 1 4
0 3 2
2 1 0
2 1 4
1 5 4
1 3 2
3 3 1
3 2 0
0 2 0
2 1 0
6 2 4
1 1 1
3 0 4
3 2 1
5 3 2
1 1 5
1 3 1
0 0 1
6 0 1
2 2 1
0 3 1
0 3 4
1 5 2
1 1 0
4 0 1
2 0 4
1 1 2
4 6 0
0 0 0
5 2 0
2 0 2
5 0 0
2 1 1
0 3 3
3 4 2
1 1 3
1 1 0
2 4 1
1 2 4
2 4 0
0 1 4
0 5 1
1 1 1
0 4 2
2 5 0
2 2 1
0 1 1
3 5 0
7 1 5
2 0 6
1 0 1
1 7 1
3 2 2
1 0 3
2 1 5
2 1 2
3 1 3
0 1 3
0 1 0
1 0 0
2 4 4
2 1 2
2 4 3
2 5 0
0 1 1
1 1 3
2 6 2
0 1 0
1 0 0
1 2 1
2 1 0
0 0 0
3 2 6
0 2 2
2 0 0
7 2 0
4 0 6
1 0 0
1 0 0
2 3 5
0 4 6
5 1 1
5 2 1
1 4 0
4 6 1
0 0 0
3 1 1
0 4 1
3 4 1
6 1 2
1 0 1
1 0 1
4 1 1
1 5 4
0 3 0
4 0 1
1 1 2
0 0 4
5 1 3
5 4 1
0 5 0
0 0 4
3 2 1
4 3 4
0 2 1
0 2 2
3 0 4
2 0 0
4 3 2
0 2 4
1 0 2
1 3 1
0 0 3
2 1 7
1 1 3
4 2 0
2 3 1
0 2 3
2 2 2
0 1 5
1 5 1
0 0 2
2 0 4
1 0 2
3 0 1
4 7 1
1 2 0
3 2 0
0 2 2
0 1 0
2 2 1
1 0 1
7 0 5
1 4 4
0 5 2
1 4 1
2 0 3
1 4 2
7 0 4
1 1 4
0 0 1
4 1 1
2 4 0
3 1 0
1 1 0
2 2 3
1 2 4
2 0 3
3 6 6
2 0 4
0 2 3
2 1 3
3 0 4
1 6 4
0 1 0
0 0 5
1 0 0
1 0 1
2 0 2
5 0 2
3 0 2
1 0 0
0 2 1
2 1 2
5 4 1
0 0 2
2 3 1
2 1 1
1 1 0
3 2 4
0 1 2
0 4 6
0 2 1
1 1 1
1 4 2
1 0 0
3 1 2
0 5 0
0 0 1
3 5 1
1 4 4
2 3 3
4 3 2
0 0 1
1 1 0
0 2 3
0 0 2
1 4 2
0 0 1
1 0 0
3 0 2
2 1 1
3 5 1
1 2 0
2 1 0
2 4 1
6 0 4
0 2 2
5 7 2
0 7 3
1 0 2
0 1 5
0 0 0
1 2 2
2 2 2
2 7 3
2 1 2
4 1 3
2 2 4
7 6 0
3 0 4
3 0 0
1 0 1
5 0 0
0 0 1
2 0 0
4 1 2
2 3 1
1 1 0
1 2 3
1 5 2
4 1 1
1 2 3
2 3 2
2 2 2
1 3 3
2 6 5
0 6 3
2 2 0
5 0 1
3 5 2
6 3 3
0 0 4
1 3 4
2 0 3
1 0 0
5 0 0
4 1 2
3 1 1
1 2 7
3 2 0
4 1 0
2 1 4
2 0 1
5 4 1
2 0 0
0 3 3
1 4 7
2 0 2
1 2 2
7 0 0
0 1 2
3 0 1
6 2 4
3 1 3
1 0 0
4 0 1
1 0 0
0 3 3
0 2 1
0 1 5
2 3 2
1 1 3
3 1 0
4 1 1
5 1 1
3 1 4
6 0 4
0 3 0
4 1 0
0 1 3
0 0 1
0 1 1
3 3 0
0 0 0
4 0 1
1 0 0
1 1 1
6 0 2
2 3 2
6 1 0
0 1 0
5 0 1
1 1 4
4 2 0
1 2 1
3 6 0
1 1 2
1 1 6
1 0 4
0 4 0
2 1 1
6 2 2
3 2 2
3 5 0
0 0 3
0 2 2
2 1 1
2 7 0
0 1 3
5 2 3
1 3 1
2 2 6
4 2 1
1 7 1
2 2 1
5 0 2
5 1 0
2 1 0
0 1 2
0 1 1
1 4 2
1 1 0
2 1 4
0 3 3
0 0 1
1 5 6
2 2 0
1 0 0
0 1 6
2 6 2
0 2 7
4 7 2
4 0 3
1 0 2
1 1 1
3 1 1
0 0 1
0 2 3
3 4 1
0 0 5
4 4 3
1 4 1
0 2 6
1 0 3
5 0 1
3 2 1
1 2 1
0 0 5
5 7 0
0 0 1
4 4 2
4 3 0
1 2 0
0 2 1
1 7 0
2 4 1
0 4 0
5 2 2
2 2 2
1 1 6
0 0 1
0 0 7
0 0 1
0 0 1
5 1 5
1 3 2
1 6 2
1 2 6
1 4 1
1 0 4
2 3 0
0 3 0
0 2 1
4 1 2
7 0 3
0 2 0
3 1 1
0 1 2
2 2 0
2 2 3
3 2 5
0 3 2
1 1 0
2 0 2
2 2 2
3 3 2
1 0 1
0 1 4
3 3 3
2 5 2
4 0 0
1 5 0
2 0 1
2 5 0
0 1 2
1 2 4
5 2 1
1 1 2
1 5 4
0 6 6
4 0 0
1 0 0
0 0 6
0 7 4
5 3 1
2 2 0
2 0 0
7 4 2
5 0 2
2 2 1
1 0 4
0 7 1
5 2 3
4 2 1
1 3 3
1 1 6
1 1 0
3 5 0
3 2 1
0 2 0
1 3 6
4 2 1
5 0 3
1 2 0
0 0 0
2 4 1
5 0 0
2 3 1
0 2 0
4 2 2
4 0 1
4 1 1
1 1 2
1 4 2
1 0 1
1 1 1
1 2 6
0 6 0
2 4 2
4 3 0
4 0 0
4 5 1
1 2 1
0 0 0
2 1 5
0 3 1
5 2 2
0 0 3
2 0 1
2 2 0
5 1 0
2 3 1
6 1 2
0 0 1
1 1 3
3 3 5
2 6 0
1 2 4
5 0 2
4 3 0
1 0 2
0 3 1
2 2 6
5 0 1
1 1 0
0 0 0
2 2 4
2 1 1
4 1 1
2 0 3
0 1 6
1 0 0
2 1 0
1 3 2
4 0 2
1 0 3
0 1 0
5 2 2
3 1 2
0 0 2
0 4 1
2 2 0
0 3 0
2 1 1
1 4 0
5 3 4
0 5 5
1 0 1
1 5 1
2 2 0
4 0 4
1 5 3
5 2 5
0 1 1
1 6 0
1 1 1
6 4 5
1 1 0
0 2 4
2 2 4
4 0 1
4 1 2
2 4 1
0 3 1
2 3 0
0 0 0
0 1 1
3 4 0
0 0 0
0 1 2
3 1 2
4 5 5
1 3 2
0 4 1
2 2 5
6 0 0
2 0 0
0 3 3
2 0 1
2 0 0
3 1 3
4 0 2
1 2 2
4 1 2
2 4 3
4 0 3
4 1 2
2 0 1
3 2 0
3 0 2
0 3 4
3 0 0
2 0 1
0 2 2
1 0 7
2 1 0
0 0 1
2 2 4
0 1 1
1 3 0
4 1 1
1 0 0
1 3 3
0 1 0
0 0 6
3 3 1
0 5 0
2 2 2
0 1 2
4 1 2
2 2 1
0 4 0
2 1 2
0 1 2
0 4 0
1 2 0
0 1 0
1 0 0
3 3 1
0 3 2
2 0 3
0 0 1
2 0 2
2 6 6
4 0 0
0 1 0
1 7 0
3 2 3
0 0 2
1 2 0
3 2 1
1 2 2
3 0 1
1 0 4
1 6 1
3 1 5
0 2 1
3 1 1
0 2 0
0 3 1
2 0 4
2 1 2
4 0 1
2 3 2
4 1 4
0 0 1
0 0 3
4 3 3
2 2 2
3 0 1
1 2 2
1 0 0
2 1 1
0 2 0
1 0 4
2 1 5
4 0 3
0 2 0
0 1 0
2 5 0
0 4 0
0 0 4
0 1 0
0 4 1
1 1 3
1 2 2
5 0 0
2 1 4
2 1 1
4 5 2
3 2 2
7 0 0
2 2 2
1 2 1
2 2 0
5 4 3
2 1 2
1 5 6
3 1 0
4 3 4
2 1 4
1 0 3
0 2 1
0 0 4
1 0 3
2 3 1
3 5 0
1 2 2
0 4 3
0 0 2
2 6 2
2 5 2
4 0 0
1 3 0
1 0 4
2 1 1
4 3 4
0 1 0
3 4 0
1 2 5
5 1 4
5 0 0
2 4 1
2 4 5
2 0 2
1 4 0
1 1 3
3 0 0
5 1 0
0 0 2
0 1 0
2 5 1
1 0 0
0 0 2
3 4 4
2 0 1
1 0 0
5 0 7
3 4 4
1 6 2
2 6 0
0 3 0
1 4 4
0 0 1
4 1 5
0 1 1
6 0 0
5 3 2
6 3 1
1 0 1
0 1 0
1 0 6
0 3 0
1 0 0
1 2 0
1 4 1
3 1 5
1 4 0
4 7 4
5 2 2
1 2 5
1 6 0
2 2 0
2 4 2
0 0 4
0 1 4
2 4 0
0 4 2
2 1 2
4 0 5
1 0 0
1 1 3
0 7 2
3 6 5
1 2 3
2 0 5
0 1 1
3 1 6
2 0 6
4 1 5
1 4 3
1 1 4
1 1 4
0 7 4
2 2 6
0 0 0
2 4 0
2 1 2
1 0 3
4 1 0
2 4 2
1 4 3
1 0 3
4 1 0
1 3 1
0 1 0
2 1 1
3 3 0
3 3 3
1 0 0
0 4 0
0 1 2
3 4 3
7 5 4
0 4 1
1 0 1
0 4 2
1 3 3
1 3 2
1 1 7
6 1 5
3 0 2
3 4 5
1 2 0
0 1 1
4 2 2
1 1 4
5 2 7
1 0 5
2 2 2
1 1 1
0 1 0
4 2 1
1 0 1
1 0 1
3 0 1
4 3 0
0 1 1
1 2 6
0 0 0
3 2 4
1 0 1
3 2 0
2 3 2
0 2 1
1 1 1
0 0 1
0 0 3
3 0 3
0 5 0
1 1 2
1 2 2
1 1 2
2 4 1
1 1 1
0 2 1
0 4 0
3 0 0
0 2 1
2 1 1
0 2 0
1 3 2
0 1 2
0 1 4
1 1 1
1 1 0
2 0 1
4 1 0
1 3 0
1 3 4
0 4 0
1 3 0
0 0 0
0 4 2
0 3 1
1 2 0
1 0 2
3 0 3
2 4 0
1 0 2
1 3 1
5 1 4
4 6 0
0 2 1
0 2 3
4 4 2
0 3 2
0 5 0
4 4 0
1 1 3
2 1 5
0 4 0
4 1 4
1 3 3
1 4 5
1 1 1
0 0 0
0 4 4
0 0 1
1 7 2
1 0 0
2 1 0
5 1 1
2 3 1
1 1 0
5 3 6
2 2 4
0 0 2
1 0 0
3 2 3
0 0 2
1 0 3
0 1 1
4 0 2
1 0 3
1 5 0
1 4 3
3 5 1
1 5 1
1 2 0
3 1 5
0 1 4
4 1 1
4 3 1
1 1 1
2 2 0
1 7 6
5 3 1
0 0 2
2 0 6
7 0 2
1 1 3
0 3 0
1 1 0
3 2 2
1 0 3
0 4 3
1 3 1
4 3 1
0 1 3
2 5 3
2 0 0
1 2 0
2 2 4
2 1 4
2 3 4
5 0 0
1 1 0
1 3 0
1 2 0
2 1 0
0 2 4
2 2 3
1 0 7
1 1 4
4 7 1
3 4 3
2 1 3
3 0 2
0 3 2
3 3 1
0 3 1
1 1 1
0 0 2
1 1 0
3 2 4
0 2 3
2 2 3
0 1 1
1 1 3
3 1 2
1 2 5
1 0 2
0 3 2
5 4 1
1 2 2
1 5 1
2 0 0
0 0 5
2 2 3
1 0 2
2 1 0
2 3 2
4 0 1
0 0 0
3 0 0
4 3 2
6 4 5
1 0 1
1 5 2
1 3 0
3 3 0
0 0 3
0 2 0
3 0 2
0 2 2
4 1 4
0 0 3
2 3 1
1 2 4
5 0 5
1 3 6
0 1 4
0 1 0
1 3 0
4 1 1
0 1 2
4 2 6
0 5 2
0 1 1
1 0 1
0 1 3
2 1 0
2 1 2
4 2 0
0 2 5
5 1 3
3 2 0
2 2 0
1 1 3
6 1 5
3 1 0
1 0 0
0 1 1
0 2 0
0 4 4
0 1 1
3 1 2
2 2 0
0 1 4
3 1 1
3 0 2
5 3 0
1 3 6
0 1 2
0 6 1
0 3 0
3 4 0
1 1 0
2 0 2
2 0 3
0 2 0
5 0 3
3 6 2
1 3 6
2 0 0
0 5 0
3 0 1
1 4 2
4 0 1
5 2 0
3 4 2
1 1 1
1 3 1
5 0 2
0 7 0
0 0 0
0 1 1
5 0 1
1 1 1
0 1 2
4 0 0
0 0 1
0 5 7
4 0 2
1 2 1
1 0 2
7 1 1
2 0 3
1 0 0
4 2 3
3 6 0
1 0 0
2 4 2
2 6 7
1 1 0
0 1 2
2 5 1
0 6 0
1 0 1
1 1 4
2 3 3
1 0 2
0 0 2
3 3 1
4 0 2
2 1 2
3 2 3
4 0 1
1 1 2
1 2 1
3 4 1
4 1 0
2 7 6
1 0 2
0 5 5
0 0 0
2 0 0
4 3 2
4 0 0
3 3 2
1 6 1
1 3 4
4 2 3
1 2 1
0 1 2
2 0 2
1 2 5
4 1 1
4 3 2
0 2 1
6 3 3
1 1 0
2 0 2
2 1 4
0 1 3
3 0 0
1 3 6
0 3 3
4 0 0
4 0 0
0 3 2
1 0 1
2 0 2
3 0 1
3 0 3
1 0 3
1 1 2
3 4 0
2 1 2
2 0 3
1 0 6
1 0 3
6 1 1
1 1 1
1 0 2
0 0 1
3 1 0
6 0 2
2 0 0
1 0 1
4 2 3
0 1 2
2 1 7
2 5 0
2 0 1
2 2 0
3 0 4
6 2 0
0 3 4
0 0 0
2 6 0
0 0 3
4 0 4
3 5 0
4 2 1
1 1 0
0 0 0
1 1 0
2 0 0
0 2 1
3 4 0
2 1 1
2 3 1
1 2 2
0 2 1
2 0 6
0 1 2
1 0 2
1 5 0
1 1 5
1 3 0
0 2 1
0 4 0
3 1 1
1 0 5
0 5 0
1 6 1
3 0 1
0 7 3
2 2 3
2 3 1
2 2 1
2 6 2
2 5 2
0 1 3
2 0 0
0 1 0
0 3 4
0 5 0
1 5 3
7 0 1
2 3 1
4 0 0
7 4 2
1 1 1
1 2 0
1 6 2
1 0 0
1 3 0
0 0 0
2 3 1
6 1 2
3 1 1
3 4 1
0 1 7
0 0 3
3 0 3
5 4 1
0 2 1
3 3 4
0 1 1
1 1 0
2 5 3
1 1 0
2 1 1
0 2 1
0 2 2
3 2 4
1 1 0
1 0 3
1 1 2
0 1 1
0 4 1
1 0 0
1 1 0
1 0 4
7 1 2
3 2 0
0 1 0
3 1 4
1 3 0
4 0 3
2 1 3
0 0 3
2 0 3
4 2 3
0 3 4
4 3 0
2 3 1
2 2 1
1 2 5
0 1 3
0 1 0
0 2 3
4 2 4
6 2 0
5 4 2
3 2 2
2 1 0
5 1 3
0 1 4
1 3 0
2 1 1
1 5 1
1 3 0
0 4 1
5 3 3
2 0 0
5 0 2
0 0 0
0 0 0
0 0 1
2 1 0
0 2 1
2 1 0
3 2 3
3 1 2
4 4 1
1 1 1
5 0 2
2 3 1
0 2 0
0 0 1
1 0 0
1 3 5
3 0 1
3 0 1
1 2 6
6 2 5
3 4 1
5 7 0
2 4 7
1 2 3
1 3 0
3 4 2
4 3 2
1 2 5
0 5 0
2 2 3
6 7 2
1 3 4
0 0 0
1 1 0
0 4 3
3 0 0
1 4 3
2 3 5
2 0 2
1 2 2
0 5 0
2 1 1
2 0 2
2 2 4
5 3 4
5 0 1
4 0 2
4 0 1
4 1 3
2 0 1
1 1 0
5 7 2
2 1 0
4 3 3
2 0 0
0 1 0
1 4 1
1 3 3
1 0 2
3 1 1
1 5 1
3 0 1
0 0 1
3 0 2
0 0 0
2 0 5
1 0 7
3 3 2
1 1 2
7 2 0
3 0 4
3 1 2
1 1 1
1 2 0
2 4 5
1 1 1
0 5 0
0 3 2
0 0 0
4 3 2
0 2 2
3 0 4
1 0 2
3 5 0
6 3 0
0 5 1
1 1 2
2 1 0
1 2 7
1 1 0
0 1 2
0 1 1
3 1 2
1 2 2
0 4 1
0 0 1
1 3 0
1 1 2
4 2 2
0 4 1
2 1 3
1 3 2
0 3 0
2 3 1
1 2 1
1 2 2
7 2 2
0 0 2
1 0 3
3 2 0
0 0 2
4 2 5
2 1 5
3 0 2
0 0 1
4 1 5
5 2 0
2 3 1
2 1 5
3 0 0
0 4 0
1 5 2
1 5 2
0 0 1
1 0 0
3 0 3
1 0 1
0 3 5
6 5 0
4 0 0
3 4 3
6 0 4
0 7 2
6 3 1
7 2 1
2 0 3
5 2 1
0 4 5
1 1 4
5 1 0
1 1 0
1 3 2
1 2 0
1 3 6
4 6 0
3 0 1
5 1 1
3 2 0
2 6 2
6 0 2
0 0 1
6 6 1
0 0 4
1 1 0
2 7 7
0 1 2
0 2 7
3 2 0
4 1 1
0 2 5
0 3 0
2 1 3
1 2 1
3 1 2
1 2 3
2 0 1
3 0 2
3 0 2
4 4 0
0 2 5
2 0 1
1 2 1
1 3 1
0 0 2
3 0 1
1 4 1
1 1 4
1 0 0
2 0 4
2 3 2
0 1 4
2 1 1
4 1 0
2 1 5
0 0 5
2 0 0
3 1 2
6 1 1
7 0 0
2 6 3
5 2 2
5 3 2
0 4 2
0 1 0
1 1 1
0 3 1
2 7 1
4 1 1
2 1 6
2 0 4
1 2 1
0 1 5
2 0 5
1 0 5
1 3 6
0 1 4
2 0 1
1 1 5
5 2 4
1 1 1
4 1 2
1 2 1
3 1 0
2 0 0
3 1 3
3 1 1
1 0 1
0 2 1
0 2 2
3 2 2
4 6 4
0 1 1
0 0 0
0 2 0
1 5 1
0 1 4
1 6 0
0 3 7
2 1 0
1 1 1
0 1 0
1 1 0
1 0 3
1 0 1
1 5 3
1 0 5
1 2 0
3 4 4
0 1 0
1 3 0
2 2 0
3 5 4
1 2 3
2 3 7
2 0 2
4 1 6
2 3 2
0 2 2
4 1 0
1 5 5
2 1 2
1 1 0
4 0 2
2 0 0
3 2 2
2 1 1
0 0 2
1 0 2
0 5 2
0 6 2
3 7 0
1 2 3
2 7 6
1 0 3
3 0 0
0 2 5
2 3 1
5 0 1
0 0 2
2 1 1
1 0 3
6 7 3
0 1 1
1 1 1
1 0 2
3 1 2
1 2 0
2 3 0
2 0 2
2 2 1
2 0 1
3 2 5
2 3 3
2 7 1
0 1 1
0 3 2
4 0 0
1 0 3
0 2 1
2 0 0
1 1 3
6 0 4
5 0 1
3 2 3
0 5 2
1 1 0
0 0 0
2 5 2
0 1 3
2 3 2
1 5 0
1 1 4
0 3 1
1 1 0
0 1 0
1 0 0
5 2 4
2 5 1
6 0 3
0 1 1
2 4 6
0 2 1
2 0 1
0 0 1
3 1 1
0 0 6
2 3 2
5 0 1
3 3 1
2 1 1
2 4 0
1 0 1
7 3 2
1 1 3
5 1 0
6 1 0
3 4 4
7 5 1
5 4 2
2 0 3
4 2 1
0 1 0
3 1 4
0 2 4
4 2 0
2 1 2
2 0 2
0 3 1
0 2 1
1 0 1
0 2 0
3 1 2
0 3 2
2 4 0
1 1 0
2 2 0
2 1 5
0 0 0
2 2 1
0 1 1
0 0 1
0 0 3
3 2 2
3 1 2
1 0 2
6 0 4
1 3 4
4 0 1
0 1 3
1 2 0
3 2 1
3 4 1
5 1 1
2 6 2
0 3 1
2 3 0
5 5 3
0 0 5
1 1 5
1 2 4
2 0 3
1 1 6
1 3 2
1 1 2
0 2 0
1 1 1
1 0 4
6 0 3
0 1 1
0 0 6
4 4 0
2 2 0
0 4 1
4 3 2
2 0 0
0 3 2
6 1 0
0 3 4
2 2 7
4 2 1
2 1 0
0 5 3
5 1 2
0 1 5
2 6 2
0 1 2
1 0 2
2 1 2
0 1 1
1 1 2
0 0 3
3 2 0
2 0 3
2 0 4
2 1 3
0 2 0
2 2 1
0 1 2
2 0 4
2 2 2
2 1 0
0 0 0
2 2 0
1 0 0
1 0 1
0 1 0
0 5 0
2 0 2
5 2 1
1 0 1
2 5 0
5 2 4
4 2 4
0 2 2
1 2 4
2 1 1
6 2 1
5 0 3
4 2 3
4 1 3
6 4 1
3 0 2
0 2 1
4 2 6
0 1 2
0 5 3
2 3 1
0 1 6
2 0 2
0 1 0
1 0 4
2 0 1
4 2 0
0 3 0
1 1 1
1 7 0
0 3 6
5 3 3
0 3 3
6 0 1
0 4 2
5 3 3
1 5 1
5 0 2
1 0 3
2 0 3
0 0 4
2 0 1
4 6 3
0 3 1
7 2 0
0 3 1
1 1 1
0 3 3
0 1 3
3 5 3
0 1 3
1 2 7
3 0 2
1 6 0
0 0 1
5 0 1
4 3 2
0 0 4
0 4 1
1 1 3
0 1 5
0 2 1
0 2 0
1 1 0
0 2 0
2 0 2
3 2 2
7 1 0
0 2 1
2 5 6
1 3 2
2 1 1
2 0 3
1 0 5
2 0 3
1 1 1
0 1 1
6 0 1
0 2 6
0 1 3
4 1 2
7 1 1
4 3 7
3 6 0
2 0 0
2 3 3
0 0 2
1 4 1
1 0 0
0 2 2
0 6 4
1 1 3
4 0 0
1 0 0
4 3 1
7 2 1
2 2 2
1 0 0
1 2 1
3 2 1
3 0 2
3 2 0
2 1 0
4 3 3
5 2 4
5 0 0
3 2 2
0 2 1
4 0 0
0 0 1
3 0 4
3 2 1
4 1 2
1 1 0
3 0 0
1 0 1
0 2 1
3 5 4
3 3 1
1 0 1
0 6 2
0 2 7
2 0 4
6 2 0
3 3 2
2 0 0
5 1 2
4 2 0
3 5 0
2 3 0
1 1 3
2 7 2
0 1 0
3 1 3
2 1 6
2 6 0
1 1 2
4 4 7
3 3 2
0 1 1
1 1 1
3 4 0
3 3 1
1 2 1
1 2 3
1 1 0
3 0 1
0 0 0
5 6 2
0 2 1
2 2 6
2 5 0
1 2 1
1 3 0
0 7 3
4 3 2
2 3 4
2 0 4
1 2 2
1 1 1
0 3 2
1 1 3
7 0 0
1 0 0
2 0 2
4 0 1
1 1 0
3 2 2
1 3 3
1 1 4
1 3 0
0 3 4
2 2 2
1 0 2
2 3 1
0 2 0
0 4 0
1 2 3
0 1 0
0 3 5
3 0 6
4 0 0
1 7 1
0 0 1
1 1 2
2 0 0
5 0 0
4 3 0
2 1 1
2 0 0
0 3 1
0 5 3
2 0 3
4 3 6
1 0 1
1 2 1
7 0 5
0 0 0
2 0 1
2 1 2
2 1 5
3 2 0
0 0 1
0 1 0
1 7 6
1 0 0
1 2 0
0 5 3
5 2 0
3 4 3
0 1 0
3 2 1
1 2 3
0 1 6
0 1 0
0 3 2
7 0 1
0 7 2
2 1 0
3 5 2
4 1 0
0 4 2
6 3 1
4 0 2
0 6 0
0 0 1
0 1 4
1 1 2
1 1 1
2 1 2
5 2 1
1 1 6
2 4 0
1 2 1
2 0 0
1 0 0
2 3 1
1 1 0
5 3 0
1 3 3
1 3 1
1 1 1
2 1 5
1 3 0
1 4 7
4 0 1
3 2 1
4 1 1
3 1 3
3 0 3
0 1 3
1 3 0
0 1 0
3 0 1
1 3 0
0 3 1
0 1 1
0 2 1
0 2 1
1 1 1
4 0 4
1 2 3
0 1 5
2 0 2
1 2 1
0 5 1
4 0 2
1 0 1
2 7 0
1 1 3
3 2 2
3 2 3
4 0 1
0 1 3
1 1 1
0 0 2
3 4 1
1 0 1
3 2 3
2 1 3
5 2 1
2 1 1
2 1 1
1 4 0
2 2 0
1 0 2
1 4 4
2 0 0
3 1 4
0 2 5
6 1 1
2 4 3
1 1 0
1 0 0
1 6 0
1 5 0
0 2 2
1 0 1
2 2 1
0 0 0
2 2 2
0 0 2
4 2 0
1 0 0
5 2 0
1 2 0
3 4 1
1 1 5
4 2 1
2 2 1
1 7 0
3 0 1
4 5 0
2 1 2
0 4 5
0 6 4
1 2 1
4 0 0
1 0 2
3 2 3
1 1 1
4 0 3
0 0 3
5 0 2
2 5 2
1 3 0
0 2 2
1 1 1
0 2 0
4 1 0
1 3 4
0 0 0
2 3 0
2 1 0
2 3 3
3 1 0
2 0 0
1 2 0
0 5 3
0 3 0
1 6 1
4 2 3
4 3 1
1 3 7
1 2 2
1 2 7
0 1 2
5 1 2
4 0 1
0 2 0
0 4 0
1 2 0
0 0 0
0 0 2
1 3 2
0 1 3
0 2 5
3 4 1
0 5 1
0 2 2
2 0 0
0 0 1
0 0 1
2 0 0
1 0 3
0 1 1
2 1 3
0 2 3
3 3 4
2 0 1
5 3 2
1 0 3
0 5 0
2 1 7
0 5 1
2 1 6
1 0 2
1 5 0
1 2 3
2 0 0
0 0 2
1 0 1
1 2 0
2 1 0
1 0 1
5 4 1
3 0 2
2 0 0
1 1 0
1 1 0
0 0 2
0 5 2
0 3 1
0 1 3
1 0 1
1 3 3
1 1 4
1 2 1
4 5 1
5 1 2
0 3 1
0 1 1
0 3 6
1 1 0
1 2 2
2 0 1
2 1 1
1 4 1
2 1 4
0 3 3
0 2 0
0 1 2
6 0 4
2 2 0
1 2 0
2 0 3
0 0 3
0 0 7
0 0 3
7 3 3
1 2 0
0 0 0
3 3 1
2 1 1
2 2 1
2 0 0
5 0 1
1 1 2
2 1 1
1 0 2
1 7 5
2 3 2
1 1 0
1 2 1
1 0 0
0 1 0
1 0 0
1 1 4
4 1 0
1 3 2
0 0 1
4 1 5
2 5 7
2 5 7
3 4 3
3 3 4
2 7 2
0 2 0
1 1 3
2 0 2
5 1 2
3 0 6
2 3 2
3 1 0
1 0 1
6 0 1
0 1 3
0 6 3
3 0 4
2 4 7
1 3 2
3 2 0
2 0 3
0 2 3
2 0 3
1 0 0
0 0 1
3 0 5
5 0 6
1 6 2
1 0 2
0 2 0
1 6 1
5 1 0
0 0 2
4 4 1
0 0 1
2 1 1
6 1 3
3 0 5
1 0 2
2 1 1
3 1 0
1 3 2
2 0 4
2 2 0
0 0 4
7 2 1
0 0 4
2 2 0
0 3 4
4 1 0
0 0 0
0 1 4
0 5 4
0 1 0
1 5 2
2 3 0
5 1 1
2 1 3
2 2 2
3 1 1
4 1 4
2 4 2
0 2 0
1 2 1
1 1 2
3 3 4
0 2 1
1 1 0
2 3 0
5 7 2
2 5 6
1 2 1
1 3 1
4 2 2
6 4 2
7 1 0
0 4 0
3 0 0
0 3 0
2 0 2
3 1 1
4 5 4
0 3 0
0 2 1
2 0 2
0 0 1
0 5 2
2 3 2
2 2 0
4 3 4
4 1 7
3 6 3
1 6 7
0 1 0
4 3 0
7 1 5
0 2 1
2 5 4
1 3 2
2 3 2
2 6 3
1 0 3
4 0 1
3 4 1
1 0 5
0 0 0
0 2 3
1 1 2
1 5 3
0 1 0
2 0 5
2 1 1
3 0 0
4 1 1
1 1 1
4 1 3
1 1 1
2 0 1
1 1 2
1 1 1
3 1 7
0 7 1
0 1 1
7 3 2
0 4 1
0 2 1
1 1 3
6 0 1
0 0 1
0 4 5
5 2 0
5 0 3
2 0 1
0 2 1
4 1 0
0 0 3
3 2 1
1 0 2
4 0 0
1 0 7
0 1 1
3 1 6
3 4 0
0 2 1
0 3 2
1 3 1
0 0 0
2 0 0
4 0 4
0 2 3
0 2 1
3 0 3
3 1 2
4 5 1
5 5 0
1 3 0
4 4 1
5 1 3
2 2 4
3 1 5
0 3 2
4 4 3
5 1 2
7 0 7
2 1 3
1 1 3
1 1 0
0 6 5
0 0 2
0 4 1
1 4 5
1 2 2
1 3 0
0 0 2
0 0 0
3 2 1
3 0 0
2 2 2
0 1 0
2 0 1
0 1 1
0 5 1
3 3 0
2 2 5
5 0 2
2 4 3
0 3 1
0 3 2
2 1 1
0 1 2
2 3 4
1 0 0
2 1 2
1 2 1
1 2 0
1 7 0
0 2 1
2 0 1
4 3 1
1 1 0
0 0 1
2 0 2
2 1 0
1 1 0
0 5 5
0 1 3
1 0 3
1 3 1
0 1 0
1 4 4
2 2 4
5 2 2
1 1 5
2 3 0
1 1 3
1 1 2
4 1 1
0 3 1
1 3 1
0 2 2
0 1 4
0 4 3
5 3 3
2 2 0
1 2 3
4 1 1
4 0 0
2 4 2
1 0 1
2 0 2
0 2 3
0 3 0
0 2 1
2 0 0
2 7 3
2 2 3
0 4 3
3 0 3
3 3 0
1 7 1
0 2 3
2 0 1
0 2 0
0 2 3
2 0 1
0 4 2
0 7 2
1 3 3
3 5 5
3 3 1
3 3 0
1 1 3
1 1 0
1 0 2
2 3 2
2 1 0
0 4 1
1 4 3
4 6 5
0 1 0
0 0 2
1 1 4
3 3 3
5 7 0
1 3 0
1 0 1
5 3 1
0 3 2
1 1 4
3 2 1
0 5 0
0 2 2
3 1 1
0 1 5
1 1 1
1 3 2
4 1 0
4 1 4
2 1 2
1 0 1
1 1 6
0 0 0
1 6 2
1 3 1
0 2 4
1 0 2
1 2 3
2 3 1
1 1 3
2 1 2
3 1 0
2 0 4
1 1 6
2 0 4
0 1 1
0 4 6
2 0 1
0 5 1
2 2 0
2 5 1
0 1 2
3 1 0
0 3 0
0 0 3
0 3 2
1 2 1
2 0 2
1 3 1
0 0 2
2 1 1
0 2 1
2 4 4
0 1 2
2 7 1
3 4 3
4 3 2
1 1 1
2 2 2
1 1 4
0 4 0
3 3 2
1 2 0
3 4 2
3 2 3
3 4 0
2 0 4
6 2 0
1 1 3
4 0 1
5 0 1
2 1 3
3 1 2
3 4 3
1 2 4
0 1 1
0 0 5
0 0 1
0 0 1
1 5 1
4 1 0
1 0 1
2 2 4
2 2 1
0 2 0
0 7 3
2 6 2
1 3 3
0 2 1
0 0 3
1 1 4
3 0 1
2 0 0
0 1 1
0 3 4
1 1 1
4 0 1
0 0 0
3 4 0
1 0 0
5 3 1
0 2 4
5 3 2
5 2 0
1 4 0
2 2 1
0 0 6
0 6 1
2 0 4
2 0 1
1 2 2
2 4 1
0 0 0
5 0 0
0 1 2
1 2 1
5 0 0
1 0 4
1 6 2
1 1 1
1 1 5
1 0 1
2 2 1
2 2 1
4 1 1
1 3 1
2 1 6
0 6 3
2 3 0
6 0 2
1 1 0
2 4 4
0 2 2
2 4 1
0 1 2
2 2 1
1 1 3
0 6 2
1 0 3
0 4 6
0 1 2
2 2 1
0 7 1
3 2 4
0 0 3
3 1 0
3 1 2
1 6 3
2 1 1
0 1 5
2 2 4
0 2 3
0 1 0
6 1 0
1 4 3
6 1 2
0 3 3
3 6 2
2 3 3
4 1 2
0 6 1
3 2 0
0 0 0
3 2 0
2 1 2
1 5 3
1 3 2
1 3 0
0 1 2
1 1 5
0 1 1
3 3 6
1 1 0
0 1 0
0 0 0
2 4 0
1 3 2
0 2 1
2 0 1
1 1 4
2 0 0
0 3 2
1 2 1
1 0 1
0 1 5
4 1 1
1 1 0
3 1 0
2 2 1
0 4 0
2 1 0
0 5 0
2 2 3
1 0 5
3 0 3
1 5 4
0 0 6
1 4 4
4 3 2
2 4 0
1 3 1
4 0 4
2 1 1
5 0 0
3 1 0
3 6 2
2 2 3
3 0 1
2 5 0
7 3 2
4 4 2
2 0 0
0 4 0
1 4 3
2 2 5
1 5 0
3 4 2
1 0 1
0 1 3
1 0 3
4 1 0
0 3 5
1 0 5
2 4 1
2 1 2
1 5 3
0 0 3
2 0 4
2 1 1
1 2 2
3 1 1
1 3 1
3 3 0
5 1 1
1 3 0
2 2 0
0 0 0
2 5 0
0 2 3
3 0 1
0 2 1
0 0 1
0 5 0
3 4 2
5 0 5
0 2 0
3 3 2
1 0 1
0 0 0
1 3 1
2 3 1
1 3 7
0 4 2
2 2 3
2 4 0
0 0 2
0 0 1
0 1 2
0 1 0
7 2 6
1 0 1
0 0 0
1 1 2
3 3 0
3 4 1
0 0 3
1 0 2
4 3 1
2 5 2
1 4 1
1 1 3
3 0 3
2 2 2
1 0 2
0 0 7
0 3 5
3 2 0
4 3 5
4 0 3
1 3 4
0 1 4
2 0 1
3 7 2
1 5 5
5 1 1
5 1 3
3 2 0
2 0 0
3 2 1
3 1 1
2 3 2
0 1 4
1 4 1
1 2 2
4 0 0
1 6 1
0 2 1
2 2 2
0 0 0
0 2 2
2 0 7
0 1 1
0 4 2
2 3 1
0 0 5
1 0 0
6 1 2
6 2 4
1 0 0
3 0 2
3 0 1
1 2 2
1 2 4
3 0 2
3 0 2
0 2 4
3 0 1
4 2 1
0 3 7
2 3 2
3 3 0
1 1 1
1 0 2
0 4 4
2 3 5
1 2 2
2 0 5
0 1 3
3 1 2
2 1 2
5 6 0
2 2 1
1 3 3
6 3 0
1 1 0
2 2 0
0 1 2
1 1 2
0 3 0
1 0 0
7 2 1
2 1 0
4 4 5
0 3 1
0 0 0
2 1 0
1 0 0
0 0 0
7 0 5
0 3 0
2 2 0
3 0 0
1 2 1
1 3 2
4 6 3
4 2 1
0 4 0
2 6 2
1 1 1
0 4 3
0 4 5
2 2 1
1 6 0
5 6 0
2 1 1
1 1 0
4 2 1
3 3 1
3 3 0
4 0 1
2 4 1
0 4 2
1 1 1
2 6 1
4 1 5
6 1 1
5 1 2
4 2 0
1 3 4
3 3 0
0 5 1
1 1 2
3 0 5
0 1 1
0 1 0
1 2 2
5 1 0
1 1 0
2 6 3
0 4 0
1 0 1
2 0 5
0 4 1
2 0 1
5 0 4
2 3 4
7 3 0
0 2 1
2 1 3
7 1 0
1 1 4
3 0 2
3 2 1
0 1 3
2 3 1
3 0 3
6 0 6
2 6 1
3 3 0
1 1 2
0 2 1
1 0 0
2 0 0
0 1 3
2 2 1
1 0 6
0 1 1
0 3 1
1 2 0
2 0 3
0 5 3
2 0 0
0 1 2
4 0 3
1 4 2
2 1 2
1 1 3
2 4 5
4 2 2
2 2 2
2 5 2
1 2 7
1 6 0
0 1 0
0 5 0
3 0 1
5 2 1
3 1 1
3 5 0
4 3 0
6 5 0
3 1 3
4 2 1
2 2 1
5 0 0
0 4 0
1 1 0
1 0 3
4 2 5
6 0 4
1 6 0
0 7 4
0 7 0
0 0 7
0 1 3
0 2 0
0 3 1
4 3 0
4 1 4
5 2 5
1 2 0
0 1 0
2 0 0
4 6 0
0 3 3
3 4 3
1 1 0
2 1 0
2 2 0
7 2 1
0 0 0
1 0 1
3 1 3
0 2 1
1 0 0
3 2 2
3 0 3
0 2 4
2 2 3
1 0 1
6 0 1
2 0 5
1 2 0
1 0 6
0 3 4
1 3 1
1 3 3
2 1 5
1 2 0
2 2 1
2 2 4
0 2 0
2 4 2
2 4 1
1 1 0
0 0 0
0 3 0
3 2 3
3 3 1
0 0 2
1 1 2
0 1 0
2 1 0
3 0 2
4 1 0
0 3 1
0 0 1
0 6 1
1 0 2
1 6 2
4 5 1
2 4 4
0 2 1
4 2 1
3 1 3
1 0 0
2 2 1
0 1 3
3 2 0
7 0 1
0 0 3
0 0 2
2 3 0
6 2 2
0 1 2
1 2 3
3 4 0
2 4 1
1 1 1
6 2 1
0 0 0
2 0 0
1 1 3
1 0 2
3 0 2
0 3 2
0 0 1
1 3 2
0 0 2
6 1 1
0 4 0
1 1 3
2 2 1
5 5 2
1 1 5
4 0 2
3 3 0
2 1 1
2 6 1
0 0 0
0 1 3
3 0 1
4 0 0
0 3 1
0 3 5
2 1 0
1 2 2
6 1 1
1 1 0
1 1 5
3 1 4
1 3 0
0 1 3
0 0 2
4 6 1
0 0 0
1 0 0
1 4 0
0 0 6
6 4 3
3 0 2
3 6 0
0 1 1
1 0 3
0 0 2
0 0 0
2 1 7
4 7 0
1 0 3
0 3 0
5 1 6
2 4 2
6 0 0
4 2 1
0 1 1
0 1 5
0 0 1
1 3 5
5 2 0
4 3 0
1 4 2
0 4 1
1 1 1
0 0 0
1 1 1
2 0 1
3 7 1
0 1 4
0 1 2
5 2 1
2 0 1
0 3 3
3 1 1
1 0 1
0 3 0
1 1 0
2 6 0
0 3 4
2 0 1
0 4 1
2 2 1
2 1 0
4 1 1
2 0 1
2 2 0
1 4 2
1 7 0
0 3 0
1 2 1
1 2 2
1 0 4
0 1 2
0 2 2
4 1 3
0 5 4
3 1 2
0 2 3
2 2 0
4 3 1
3 5 2
0 4 1
1 3 0
1 0 1
0 4 4
0 2 1
1 0 2
3 3 0
1 1 1
4 2 2
0 0 0
0 2 1
2 1 3
1 0 0
3 2 1
0 4 4
0 1 2
6 1 0
2 6 0
2 5 0
7 2 1
4 3 0
0 0 5
3 0 3
2 0 2
0 1 5
3 1 2
1 3 3
3 6 2
6 6 0
3 5 0
4 5 2
1 3 1
1 6 1
1 2 0
2 0 1
3 1 0
3 0 0
0 0 2
3 1 1
6 1 2
1 2 1
1 4 0
0 0 5
1 0 2
1 1 0
1 0 0
1 0 0
3 2 2
3 0 2
1 2 5
2 1 0
3 1 0
2 1 0
5 0 1
5 0 1
3 0 0
1 4 2
0 2 0
3 0 1
5 2 0
0 0 3
4 1 0
5 0 4
2 4 1
2 2 1
2 3 0
0 0 1
1 3 1
5 2 0
2 0 3
6 4 2
3 1 3
2 5 0
1 5 1
1 0 0
3 2 0
1 0 0
3 0 2
0 0 1
0 0 4
2 1 2
1 1 3
0 4 1
4 1 1
1 0 0
3 0 1
1 0 1
2 4 2
0 2 1
1 2 2
5 1 1
1 0 2
3 4 3
0 0 1
1 0 5
1 1 1
0 3 5
2 1 1
2 5 1
1 1 2
1 0 3
2 0 0
1 0 2
1 6 4
0 0 1
0 4 4
2 0 0
0 7 0
1 3 3
1 1 2
3 2 3
3 1 3
2 7 1
4 3 1
0 1 3
3 2 1
1 2 2
0 1 4
0 5 0
4 1 7
2 3 2
0 0 6
6 1 0
0 4 0
3 2 2
4 0 1
1 0 2
5 0 2
1 0 3
1 4 0
0 0 1
1 1 1
4 1 7
5 1 1
0 1 3
2 2 7
2 1 2
6 0 3
0 1 1
3 0 3
1 1 3
2 1 2
3 0 0
2 5 0
0 1 0
6 1 3
4 2 0
0 5 1
2 4 0
0 2 2
5 2 2
3 1 0
0 4 6
4 0 5
1 0 0
4 6 2
0 0 1
4 0 1
7 1 1
0 1 4
0 1 3
6 3 0
0 5 0
6 2 2
2 1 0
1 1 3
1 5 3
2 0 5
1 1 1
3 5 1
0 5 3
2 2 0
1 2 1
1 1 1
1 1 2
1 1 5
1 2 0
0 1 1
2 0 2
1 2 1
2 2 0
3 2 1
1 1 2
0 6 1
1 1 2
1 0 0
0 6 4
0 3 2
0 0 0
1 0 4
3 1 2
1 3 1
2 1 3
2 1 0
1 1 0
1 2 2
0 3 0
1 0 3
4 4 3
5 0 2
2 4 0
1 1 2
0 3 2
2 1 2
4 0 0
3 3 2
5 2 0
0 4 4
0 1 5
0 1 2
1 2 2
4 4 0
2 0 0
0 5 0
2 0 4
1 6 4
5 2 2
1 4 4
0 0 0
2 4 1
5 0 2
1 3 5
1 0 2
2 3 4
2 2 0
0 1 3
1 1 2
2 0 4
1 1 1
4 2 2
2 0 7
4 3 4
2 4 6
2 0 2
0 1 1
2 1 0
2 2 1
3 0 1
6 1 2
4 1 0
1 1 0
1 3 4
1 0 1
2 4 0
0 2 0
0 3 0
0 3 2
0 3 4
0 1 2
1 2 3
0 5 2
1 2 4
1 1 1
3 0 1
3 6 2
2 2 1
1 0 7
1 1 2
1 7 3
2 1 1
2 1 0
3 4 3
1 1 0
6 5 0
2 3 3
0 1 2
2 2 5
1 2 1
2 1 1
0 0 5
4 1 1
2 3 3
2 5 0
0 2 2
2 3 2
7 1 2
0 0 2
4 2 2
4 1 0
1 0 2
1 2 3
2 2 3
3 2 2
3 1 6
2 3 5
2 3 1
1 4 3
4 1 1
1 4 2
3 4 3
2 5 4
3 4 2
0 1 5
1 1 3
4 5 2
1 6 0
0 1 0
5 2 2
1 1 5
4 3 4
1 1 0
2 1 1
1 7 1
0 1 2
4 1 2
0 2 0
1 5 1
4 3 4
4 0 3
3 0 4
1 0 6
0 2 3
0 5 3
2 0 0
5 1 3
3 0 1
3 3 0
0 7 0
2 5 1
2 3 1
0 3 5
2 0 2
4 2 2
1 0 3
3 0 0
2 2 6
3 2 4
2 3 2
2 1 3
2 0 2
1 0 1
1 5 0
0 2 3
0 5 0
1 4 4
4 1 4
2 2 3
0 0 5
5 0 4
3 2 5
2 6 2
4 2 7
0 1 1
1 0 2
0 3 2
0 0 2
0 1 3
1 0 3
3 2 0
3 1 1
1 1 2
1 5 0
3 5 3
0 2 2
2 4 0
5 0 2
2 0 1
1 3 1
6 3 7
1 1 0
5 7 3
5 3 6
6 5 2
5 2 3
0 4 4
4 3 1
2 3 0
1 1 0
1 2 3
4 4 0
1 0 2
1 1 1
2 0 1
0 7 5
3 2 0
4 1 1
1 1 2
5 1 2
0 2 2
3 6 4
1 5 0
2 0 1
2 0 0
0 1 2
1 0 0
1 0 0
1 1 6
0 0 2
3 1 2
5 0 6
3 3 3
4 6 1
2 2 4
4 0 4
4 2 5
2 3 4
0 2 3
0 4 1
2 3 2
0 0 2
0 3 0
1 1 0
2 0 0
0 4 3
3 0 1
4 1 2
0 6 1
0 1 0
1 5 3
0 1 1
2 0 2
0 3 5
3 0 3
6 3 3
0 6 3
5 2 1
3 4 1
1 2 5
0 2 1
4 3 1
3 1 4
0 3 3
1 1 1
1 2 2
3 1 2
1 3 0
1 6 1
1 0 5
0 0 0
0 6 4
0 2 4
0 1 2
1 7 4
0 6 2
5 0 0
1 4 1
1 1 1
0 1 0
1 2 5
0 1 1
2 0 7
1 0 3
3 0 0
0 1 0
3 0 2
1 5 1
3 6 3
2 0 1
3 1 0
1 0 3
3 0 1
1 2 0
4 5 0
4 1 2
1 5 1
1 0 0
3 0 0
0 2 4
5 1 2
3 0 0
1 7 5
0 1 4
0 1 2
3 1 2
0 2 4
7 3 0
2 3 0
4 2 3
1 1 1
2 3 3
0 1 0
0 1 0
7 1 2
3 3 2
2 1 5
0 0 1
2 0 1
3 2 6
1 0 0
6 1 1
1 1 0
0 6 3
0 4 0
5 1 3
0 2 0
0 3 0
5 1 3
2 2 3
2 0 3
6 0 2
2 0 1
2 4 5
0 1 5
1 0 0
2 1 0
1 0 0
3 1 5
1 4 1
5 1 0
6 3 1
3 0 3
2 1 3
2 0 4
1 2 4
6 3 1
5 3 1
0 0 5
0 0 1
0 1 2
0 2 0
3 1 0
2 1 0
1 5 2
5 1 7
2 0 1
1 1 3
4 2 0
3 0 0
0 1 3
0 1 0
2 0 3
3 0 2
7 0 2
3 0 1
0 1 1
0 2 7
4 6 1
5 3 5
0 1 1
0 3 1
7 0 1
5 1 6
0 5 3
6 5 2
0 0 4
3 0 3
1 0 4
0 0 7
0 0 2
1 1 2
0 0 2
0 2 1
1 1 3
3 1 1
2 4 0
5 3 2
2 0 0
3 0 4
1 4 1
1 0 3
2 0 0
1 6 3
0 1 6
3 3 2
1 1 2
4 1 1
1 7 2
0 0 4
1 1 1
0 2 2
2 2 0
1 2 1
0 2 2
3 1 4
2 0 2
0 2 3
3 1 0
1 0 0
0 3 1
3 1 2
2 3 1
5 1 4
3 4 4
0 0 4
4 2 0
0 0 7
0 1 1
3 4 0
5 0 7
6 3 1
1 2 3
0 5 3
2 1 2
6 1 1
1 5 1
1 1 5
0 3 2
1 1 2
0 3 0
5 0 2
0 4 2
7 1 1
0 2 3
0 2 1
2 1 5
0 1 1
0 3 0
6 1 1
5 1 3
7 2 2
1 0 2
4 0 4
0 4 1
0 3 2
0 1 0
1 2 3
3 0 1
0 0 1
1 0 0
1 6 2
3 1 2
5 1 1
3 2 2
1 4 0
1 2 3
3 2 1
0 1 1
2 2 4
0 1 4
0 1 1
3 3 3
0 0 1
2 0 1
0 2 2
4 1 3
1 4 5
3 1 0
3 4 4
5 1 4
0 2 1
0 0 0
5 0 1
5 0 5
1 1 4
1 2 2
2 2 0
3 1 0
2 1 0
2 7 6
3 4 4
0 1 5
4 6 1
3 0 0
1 1 0
2 1 2
4 3 2
0 0 6
0 4 0
0 4 0
1 1 2
2 4 1
4 2 3
1 2 5
3 1 1
2 0 1
0 1 3
1 0 0
0 0 1
2 0 0
0 0 0
0 7 0
4 2 2
5 4 1
2 0 0
0 0 2
2 0 5
0 0 1
1 0 2
1 4 3
4 1 3
6 1 0
1 4 5
0 1 2
0 7 1
7 4 1
1 0 0
1 4 2
3 3 5
0 0 0
0 0 1
5 5 3
0 2 3
1 3 0
1 4 3
2 1 0
2 2 1
0 1 3
0 2 1
0 0 0
3 2 1
6 2 3
1 4 0
2 5 3
2 2 4
1 4 2
4 5 4
0 0 2
3 2 1
0 4 6
3 2 0
2 1 2
0 3 2
3 3 0
1 0 4
2 3 0
2 2 2
2 2 1
0 0 7
0 3 0
1 1 0
0 1 3
1 1 1
1 4 0
0 1 1
0 2 4
1 0 2
3 0 2
2 2 5
2 1 4
1 2 1
6 0 2
4 2 0
1 1 2
2 3 0
3 5 0
2 0 1
1 3 5
5 1 4
2 0 2
4 2 6
5 3 2
1 2 6
2 0 2
3 2 2
2 1 4
3 3 3
2 2 5
0 0 3
0 4 1
4 1 1
3 0 0
1 5 6
2 2 1
1 0 2
2 2 7
2 2 1
0 2 1
2 0 1
1 3 4
1 2 3
2 1 0
0 0 0
4 5 6
4 4 3
1 5 0
2 2 0
0 1 5
4 4 0
5 4 2
3 2 6
2 0 3
0 0 1
2 3 1
1 0 6
2 3 4
1 0 4
0 5 2
5 3 3
2 7 6
1 1 2
6 5 0
3 5 3
4 0 5
0 7 2
0 2 3
2 1 1
3 1 2
2 1 0
2 1 0
1 0 0
6 5 0
1 1 2
7 3 2
4 3 1
4 0 3
0 1 1
4 3 0
0 0 3
3 1 0
2 3 3
1 6 0
2 5 2
0 1 1
2 3 0
1 3 3
2 5 0
2 4 2
1 4 0
3 0 0
3 0 0
1 0 1
0 3 4
3 4 0
1 3 2
0 1 0
1 0 0
2 1 0
2 0 1
1 6 0
3 1 1
1 4 2
3 0 2
4 2 1
0 1 5
2 5 0
2 4 3
2 4 2
1 4 0
1 4 5
2 4 2
0 1 2
2 1 0
1 0 3
2 1 5
1 1 0
1 2 0
3 1 3
2 0 4
2 1 2
0 1 3
0 1 0
0 1 0
1 1 2
0 2 3
0 0 1
0 3 0
1 4 0
4 4 1
0 3 6
1 1 0
2 1 0
2 2 0
0 0 0
1 1 0
1 2 1
4 0 1
2 3 3
0 1 4
2 0 1
1 0 0
3 2 3
7 3 1
0 0 2
3 2 5
0 0 1
3 1 4
2 4 1
0 6 1
1 5 0
0 0 2
0 2 1
4 2 2
1 1 1
1 1 0
1 1 3
0 2 7
5 1 0
1 0 3
0 0 3
0 1 1
0 3 4
0 4 1
0 0 3
1 1 4
5 3 0
7 5 0
0 1 2
1 0 0
0 2 2
5 0 4
2 7 3
1 0 2
1 0 1
0 4 0
1 4 5
0 1 0
0 1 1
3 2 1
2 0 2
4 7 0
0 1 2
0 0 2
2 2 1
0 0 2
2 1 2
3 0 3
0 7 0
2 5 1
1 0 1
2 0 2
7 2 1
2 3 1
1 1 1
1 4 2
3 3 0
0 2 0
5 5 1
7 1 0
2 4 0
1 1 1
1 2 3
2 1 1
0 1 3
0 2 0
3 0 1
1 3 2
0 0 2
1 2 1
0 0 3
3 3 1
5 1 0
0 2 0
1 0 1
3 1 1
2 3 2
2 1 0
3 5 1
1 2 1
2 0 4
1 2 3
2 3 2
2 1 2
4 0 5
0 1 5
2 1 3
2 1 1
0 0 6
2 4 1
0 0 6
1 4 0
0 2 1
0 1 1
6 1 4
2 0 2
1 2 3
0 1 1
1 2 1
0 0 3
4 4 3
2 0 0
0 5 2
1 4 0
0 3 1
2 6 0
2 0 4
0 1 1
1 1 1
0 2 1
2 1 2
3 0 5
0 3 1
0 3 0
1 2 2
2 1 0
2 0 4
1 3 0
0 1 2
2 0 1
0 2 3
4 7 0
1 0 1
2 4 4
0 0 3
6 3 5
3 0 3
3 0 1
1 0 2
3 3 3
2 7 0
4 2 2
1 2 0
3 1 0
2 2 3
3 2 2
1 3 2
2 3 3
2 6 0
3 2 1
2 3 1
1 1 1
1 0 0
1 2 2
1 1 1
3 4 0
0 0 1
2 5 7
2 1 1
4 1 1
4 0 3
3 0 4
0 0 1
3 0 1
4 2 4
1 1 1
6 5 5
1 3 1
5 0 2
1 1 2
0 3 5
1 4 5
1 2 2
0 1 3
2 1 2
5 1 1
1 1 2
0 5 3
1 6 2
2 1 0
0 2 2
0 1 4
0 1 4
0 4 4
1 3 1
2 0 3
3 4 0
3 0 6
3 1 3
0 4 1
1 3 0
3 6 5
0 2 0
0 5 4
1 1 4
2 0 0
1 2 1
4 0 4
0 5 2
2 4 0
0 2 1
1 0 4
0 5 1
2 1 1
4 3 0
3 4 0
0 2 4
4 1 0
1 4 3
1 0 0
4 2 1
1 2 2
2 1 3
7 1 2
1 3 0
6 3 4
2 0 3
1 0 6
2 1 4
4 0 0
4 4 3
0 1 2
0 0 5
1 5 6
0 1 0
2 4 3
1 3 2
2 3 1
3 1 5
2 5 1
4 0 5
0 2 3
2 0 3
0 2 3
0 3 0
1 0 2
0 1 1
5 5 0
6 0 0
4 3 3
0 3 3
1 2 2
3 1 3
1 1 5
1 0 2
3 0 1
2 3 3
2 2 0
2 3 0
2 5 2
4 3 1
1 2 2
0 6 1
0 1 5
1 3 0
1 5 1
1 0 3
4 2 6
3 3 4
0 2 0
3 1 0
5 3 5
5 2 3
3 2 1
1 6 0
3 3 0
0 0 2
1 0 1
2 0 1
0 1 0
0 2 1
5 3 2
1 0 2
2 0 5
3 4 2
2 0 0
4 0 6
3 1 0
0 1 3
0 2 4
0 1 5
1 2 1
2 1 1
1 6 2
5 2 2
1 1 2
1 2 1
3 1 4
1 2 5
0 6 2
2 2 3
2 1 2
2 3 4
0 0 4
3 2 1
2 7 0
0 1 2
7 0 1
1 2 0
1 0 2
3 4 4
4 0 1
0 4 1
1 5 3
6 2 1
1 0 1
1 2 1
3 2 2
3 0 5
2 1 2
3 1 0
2 2 1
1 7 2
6 3 5
4 6 1
0 4 7
1 4 3
3 0 2
3 0 3
4 0 1
0 1 1
3 2 6
0 1 1
2 4 6
1 4 1
0 0 1
4 0 5
2 2 1
1 3 1
2 1 1
4 0 0
4 0 2
0 2 1
4 0 1
0 1 0
0 0 1
0 0 1
0 0 0
6 1 1
0 0 0
4 2 2
0 5 2
0 3 1
5 2 0
1 2 1
0 4 0
0 1 1
2 1 3
0 1 0
5 0 1
0 0 1
3 2 0
2 0 1
2 1 2
2 3 0
2 7 3
6 0 0
5 1 1
0 2 1
0 1 2
3 1 0
3 1 1
5 5 2
0 2 1
7 6 5
7 1 0
0 2 0
3 1 2
4 0 0
1 5 1
7 1 1
4 1 2
4 0 5
3 0 2
1 5 0
1 3 0
3 3 3
2 4 1
2 1 0
1 0 3
1 2 1
0 1 2
4 1 0
1 1 1
1 1 2
0 6 2
3 2 1
1 0 0
0 1 1
1 3 1
3 0 0
1 3 1
5 1 2
1 4 2
3 0 0
4 2 1
2 4 0
4 3 3
3 0 0
0 1 4
1 1 1
1 4 0
1 2 1
1 1 3
0 1 7
3 0 0
3 0 3
1 2 7
0 0 2
1 0 0
1 6 4
1 2 2
2 4 4
3 3 2
3 2 2
1 2 3
0 4 3
3 0 1
0 0 2
0 6 2
2 0 1
0 1 2
0 3 1
1 2 1
3 1 5
1 2 0
1 1 2
1 1 1
3 6 2
5 0 0
0 7 6
3 1 0
2 0 0
1 2 0
0 0 1
0 5 0
3 5 3
1 0 0
2 0 1
2 1 1
5 0 2
1 4 1
0 3 2
0 3 2
6 1 1
6 1 0
0 4 1
6 7 2
0 2 4
3 3 1
1 0 2
4 1 2
4 3 5
1 1 3
2 0 3
0 3 2
1 0 0
0 2 5
3 4 2
3 3 3
1 1 1
1 0 2
1 2 1
0 0 1
3 1 3
5 0 1
3 2 2
1 2 1
2 0 0
2 3 1
3 1 4
1 0 2
1 0 2
2 1 3
4 6 3
2 0 3
0 2 0
1 5 1
4 2 1
0 3 2
0 0 4
2 4 1
0 1 1
2 3 5
2 1 1
2 4 0
0 0 1
0 2 0
2 3 1
0 3 3
1 1 0
2 0 7
0 1 0
1 0 1
0 2 7
0 1 5
1 0 1
2 4 3
1 6 0
0 6 3
5 3 0
2 0 3
2 1 2
2 1 2
0 3 0
2 1 1
0 3 7
4 0 3
1 0 2
1 1 0
0 0 2
1 1 4
2 1 0
1 7 1
0 4 3
2 3 2
1 1 0
0 3 1
2 0 0
0 1 0
1 3 0
6 2 0
1 2 6
3 0 1
1 1 0
7 0 5
1 2 0
0 1 2
2 1 0
3 0 1
5 3 6
3 1 2
2 0 0
1 1 2
3 1 3
0 1 3
4 5 0
0 0 2
3 1 1
1 4 1
1 1 2
3 2 2
0 5 3
5 1 1
1 0 2
0 2 0
1 2 1
3 4 3
2 1 3
2 0 5
2 0 3
2 2 3
1 3 7
3 1 1
2 0 1
1 2 1
1 2 2
0 0 0
0 1 0
1 1 0
0 1 3
0 1 0
1 0 1
0 2 3
0 0 3
0 4 0
1 3 3
0 2 1
0 0 3
1 2 2
2 1 2
3 0 1
2 0 2
3 0 2
0 2 1
0 2 0
5 3 1
0 7 0
1 4 3
2 1 1
4 4 1
2 2 1
0 1 0
1 1 5
2 0 0
3 5 1
4 2 1
3 1 0
3 2 2
2 3 1
1 2 4
5 1 4
1 1 3
1 1 3
1 2 5
0 1 0
2 3 3
2 0 0
6 1 7
4 3 1
0 1 1
3 1 6
0 1 1
4 0 1
0 4 3
4 0 0
1 1 1
4 3 2
1 0 4
2 1 1
2 1 4
1 0 3
3 4 2
2 1 0
3 2 1
1 0 1
1 4 5
3 1 0
1 0 2
3 4 1
3 3 0
0 0 1
4 0 0
4 0 1
1 0 3
0 2 0
0 0 3
0 4 1
0 1 2
1 1 0
3 2 2
0 2 2
0 0 0
3 7 1
0 1 1
2 1 2
0 3 2
1 3 4
1 2 4
1 0 0
2 0 3
4 0 1
0 1 1
1 2 2
0 2 1
1 2 2
0 1 0
5 4 2
1 0 1
3 2 3
4 0 2
0 1 1
4 1 1
0 3 4
4 0 3
2 1 0
0 0 1
4 3 2
3 1 0
3 7 4
1 3 1
0 0 0
0 0 5
1 2 0
0 1 2
6 3 4
0 1 3
4 3 0
4 0 0
1 0 4
1 1 7
1 4 4
0 4 7
3 2 1
1 4 3
0 2 0
1 2 0
1 2 1
3 1 1
6 0 0
0 0 1
0 3 1
0 3 3
0 1 1
0 0 1
1 1 0
2 0 1
4 1 1
4 0 1
2 1 3
1 2 3
4 0 4
2 1 0
1 0 3
4 3 2
5 1 4
0 0 3
3 2 4
2 2 1
3 1 2
2 3 1
5 2 1
6 0 0
3 1 1
6 3 1
0 1 0
0 5 0
4 4 0
3 1 1
6 0 0
0 1 1
1 5 2
1 0 2
0 0 2
2 2 2
0 6 2
2 2 1
2 2 0
0 3 2
1 1 6
2 0 0
2 0 3
1 3 3
0 4 1
0 0 7
0 3 0
1 0 4
1 3 2
2 3 3
1 3 0
2 1 0
4 2 1
2 2 0
1 0 7
4 2 1
1 3 0
7 5 2
2 1 5
2 0 2
0 0 2
0 0 1
0 0 0
1 0 3
1 5 2
1 2 0
0 0 2
0 3 2
2 2 0
4 1 1
4 4 5
1 2 4
2 1 1
1 2 1
3 0 5
0 0 1
4 2 4
4 1 6
5 3 3
1 2 7
3 1 1
1 3 1
2 6 2
1 2 2
1 0 1
0 2 3
1 0 4
2 4 7
2 1 3
0 2 3
6 3 1
0 3 4
1 2 1
2 1 6
5 5 4
2 2 0
6 2 3
7 0 3
1 0 0
0 1 0
3 2 0
4 1 3
1 7 2
5 0 0
0 2 5
1 1 0
0 0 1
0 0 2
0 3 2
2 1 4
3 0 4
1 4 4
4 0 1
2 0 7
2 2 0
1 0 0
1 1 4
4 1 2
4 0 1
3 2 0
0 1 4
0 5 3
5 1 5
4 0 4
2 7 0
0 1 5
4 2 3
2 0 4
2 4 1
3 2 2
5 0 0
2 1 2
1 2 4
1 0 0
1 2 2
2 3 0
2 0 0
2 4 0
1 1 1
5 1 4
1 2 0
3 1 3
1 4 3
0 3 0
3 0 1
5 4 0
0 1 1
4 3 6
0 7 1
1 1 1
1 4 2
0 5 1
0 1 2
0 1 6
0 2 1
1 0 5
1 0 2
1 0 0
2 3 0
3 0 1
0 1 0
4 1 1
3 1 4
0 2 2
0 1 0
7 4 3
2 0 1
0 0 1
0 1 7
1 6 0
4 3 1
2 1 0
4 3 1
0 2 3
2 0 4
3 0 1
1 2 0
6 2 0
1 2 3
1 2 2
1 2 1
1 5 1
0 6 2
0 2 0
0 3 0
3 0 2
2 4 2
0 0 6
0 3 3
4 1 5
2 3 3
2 1 0
1 0 0
5 3 1
0 0 1
3 1 1
2 0 2
2 5 2
1 2 2
0 3 4
3 1 0
2 7 1
2 3 1
0 2 2
7 2 1
0 1 2
6 3 1
1 2 4
4 2 1
0 1 1
0 1 3
4 2 5
5 3 1
1 2 1
4 2 6
3 0 1
1 1 3
6 1 3
1 0 0
0 6 1
4 3 2
1 0 0
0 2 2
4 0 2
4 2 5
0 1 0
0 0 1
4 2 0
0 4 0
3 2 6
5 1 0
1 1 2
1 0 6
2 0 1
1 0 1
5 4 0
4 2 5
0 3 2
0 1 0
0 0 2
2 2 1
2 3 3
0 2 3
0 1 1
2 1 3
2 1 1
0 1 1
1 2 5
3 2 0
2 0 1
0 1 6
2 1 3
1 0 6
2 1 0
0 1 0
5 1 2
2 6 2
4 3 1
0 3 1
0 3 2
2 1 1
1 3 3
0 3 2
0 1 0
2 4 5
1 2 4
1 1 3
1 0 0
1 1 3
4 1 4
0 0 5
0 0 1
3 0 6
1 0 0
0 1 7
3 2 3
1 7 2
0 0 0
2 2 0
1 7 3
1 1 3
2 2 4
4 6 1
1 1 1
4 2 6
3 1 1
1 1 1
2 2 2
1 1 0
0 2 4
2 0 0
2 1 2
4 1 2
3 1 7
0 1 2
3 0 0
0 2 2
0 0 0
1 0 2
1 6 0
2 2 0
2 0 0
0 0 1
1 0 3
5 2 1
0 1 6
0 1 1
1 2 2
1 3 4
5 2 2
4 3 3
1 1 2
1 3 0
2 6 0
1 4 1
5 0 3
2 1 0
2 1 0
1 1 3
0 1 0
2 2 2
3 1 0
5 1 1
3 1 0
1 0 1
1 0 2
2 0 0
5 0 6
3 1 6
5 4 2
4 2 2
1 1 2
1 0 0
1 1 0
1 1 1
0 3 0
3 2 2
1 1 3
1 4 0
3 0 2
1 3 5
4 1 1
2 4 1
5 7 2
0 3 1
0 4 0
0 1 0
1 2 4
3 0 1
1 0 1
5 0 3
4 0 3
4 0 5
3 4 0
0 4 6
3 2 2
3 1 1
2 1 2
0 4 5
2 1 4
2 4 0
0 1 0
0 6 0
0 1 1
1 2 3
1 0 1
3 1 0
0 1 0
2 2 1
5 3 1
0 1 1
1 0 1
3 3 1
0 4 1
2 1 0
2 4 2
1 2 4
1 0 2
3 1 0
7 4 1
3 3 5
2 1 4
1 0 4
1 5 5
3 0 3
2 3 2
1 1 2
5 0 0
2 3 6
0 1 0
2 1 6
0 0 3
4 2 0
1 7 0
5 2 0
0 5 5
2 7 0
1 0 4
5 2 4
3 0 2
3 1 1
1 2 0
0 0 1
3 0 2
2 0 0
5 1 1
1 1 0
1 2 1
5 0 1
4 1 2
0 0 2
3 3 1
0 5 2
2 0 3
1 0 3
1 5 0
2 1 0
3 7 1
4 3 6
0 0 1
6 0 4
1 1 5
1 0 1
0 3 4
0 1 1
1 2 1
0 0 5
3 3 2
4 3 0
1 0 0
3 0 3
1 1 0
0 0 2
0 1 4
2 2 6
0 3 4
4 6 3
1 1 4
4 2 0
3 1 2
1 0 1
1 7 1
2 0 1
2 0 3
1 4 2
3 2 6
1 3 4
3 2 1
1 4 1
2 3 1
1 3 2
2 1 0
1 2 5
4 0 2
0 1 0
4 0 1
2 0 0
6 0 3
5 2 1
1 2 0
0 3 2
0 0 7
2 4 2
2 1 3
4 0 4
0 2 2
7 0 1
4 4 1
0 1 0
1 0 0
3 0 2
0 3 0
2 0 0
2 4 3
2 1 0
2 7 1
0 1 1
2 5 2
1 2 4
2 3 2
0 2 1
0 1 2
4 2 5
3 3 5
0 5 1
1 1 1
2 2 0
0 1 3
2 1 1
1 1 2
1 1 0
1 1 3
1 2 4
2 2 3
2 5 0
6 4 6
2 1 0
3 1 2
0 3 4
3 1 0
3 4 0
0 0 2
1 2 2
4 3 0
2 1 0
3 0 0
0 2 2
0 0 1
5 3 0
2 0 0
1 1 4
3 2 2
1 2 6
1 2 6
0 1 3
4 0 2
2 0 1
2 2 1
0 3 3
6 2 3
1 0 0
1 4 0
1 0 1
0 3 7
1 0 1
5 1 1
7 0 2
3 0 0
2 3 1
1 0 0
1 0 0
3 2 2
1 2 3
1 1 1
7 1 0
1 0 0
0 1 1
6 2 4
0 1 0
4 0 0
2 3 1
1 5 0
2 4 0
2 0 1
1 0 2
2 3 1
2 2 0
5 3 2
1 1 2
1 3 2
4 3 5
2 2 2
1 1 1
1 2 0
1 1 0
2 7 0
0 4 2
0 3 7
1 4 0
1 0 0
2 7 0
1 4 2
1 4 4
4 6 0
1 0 0
1 2 3
1 4 0
6 0 0
2 0 2
2 7 4
4 1 0
1 1 3
0 1 0
1 1 3
0 6 3
0 2 0
5 0 0
1 2 3
2 1 2
3 4 3
1 2 1
2 1 4
6 0 2
4 0 2
2 2 1
0 4 3
3 4 0
2 0 2
2 0 4
0 1 7
2 0 0
0 0 1
2 0 3
1 1 0
2 0 1
3 5 2
0 1 2
3 2 1
1 2 2
2 1 3
0 6 2
3 4 0
2 7 3
1 4 4
4 3 3
3 3 1
0 3 3
2 2 1
0 1 0
0 2 1
5 4 0
2 4 3
0 2 0
3 0 1
7 1 2
0 1 0
1 4 2
2 3 1
2 2 2
2 3 2
1 1 6
0 0 1
3 0 4
1 4 1
3 2 1
6 1 2
1 1 7
0 0 0
0 1 0
5 0 1
4 1 1
0 1 0
2 3 2
2 1 4
4 0 4
1 1 0
0 1 2
3 4 1
1 2 1
0 0 0
0 0 0
2 1 1
1 2 0
1 0 6
1 0 4
7 1 2
1 3 4
3 1 1
0 1 6
2 5 1
2 1 4
1 1 1
0 3 2
0 3 0
0 3 1
1 2 0
1 3 2
1 3 5
1 1 0
4 5 2
2 2 2
0 3 6
1 3 1
0 1 3
6 0 3
0 2 5
0 7 1
3 0 0
0 2 2
5 2 3
3 0 6
0 4 1
4 0 3
1 2 1
3 2 0
1 1 0
0 5 3
6 3 2
2 6 2
2 1 2
2 0 6
0 1 0
2 0 1
0 2 1
0 1 1
3 4 3
2 4 0
2 3 1
3 0 3
1 3 1
1 0 5
0 0 1
3 0 5
2 0 5
4 2 2
0 3 2
1 4 4
2 2 0
3 2 1
0 5 0
2 2 1
1 1 0
3 3 3
3 3 1
3 2 2
6 6 0
3 0 3
2 3 4
0 5 2
0 3 1
5 2 3
1 0 0
3 3 2
2 3 4
1 5 1
6 0 2
2 4 1
0 0 1
2 1 1
0 5 2
7 3 2
0 2 2
1 4 0
0 0 1
5 0 2
5 1 3
3 1 3
0 2 3
1 0 1
2 0 1
0 0 1
0 2 4
5 1 2
2 1 0
1 2 0
0 1 1
2 2 1
3 7 0
0 1 3
0 0 1
0 2 0
3 5 1
3 0 3
3 2 1
0 1 1
1 3 3
1 0 1
6 1 1
3 0 2
5 3 1
0 0 4
0 0 0
1 2 2
1 1 3
2 0 2
1 4 2
1 3 0
0 3 0
0 1 1
3 0 1
1 0 0
1 2 2
1 1 1
2 3 1
0 0 2
1 1 5
3 4 0
0 0 3
1 2 0
1 2 0
1 1 0
2 1 5
1 0 0
0 1 3
2 1 2
1 1 2
1 1 3
7 1 1
0 1 1
0 0 3
0 1 3
4 2 0
3 0 0
2 2 3
1 1 1
0 0 0
5 4 5
1 1 0
5 1 2
2 5 1
1 0 0
0 1 1
1 6 1
1 0 3
0 2 1
3 0 4
0 0 3
0 1 2
6 1 0
2 4 2
3 1 2
4 5 2
5 0 0
0 3 0
0 2 3
1 0 2
4 2 2
0 5 2
0 0 3
6 0 0
3 2 1
0 2 1
0 0 2
2 3 2
0 4 7
0 2 0
3 0 2
4 3 4
4 0 4
1 3 0
0 1 6
1 0 3
5 3 3
3 2 0
0 1 0
1 0 1
1 0 0
0 1 2
0 0 0
0 6 4
4 1 0
1 5 1
1 1 2
2 1 0
4 0 2
2 0 0
6 0 0
0 1 3
2 0 0
6 0 1
1 5 0
3 3 2
2 3 2
0 5 6
1 1 2
1 1 5
3 5 5
3 0 3
0 1 3
1 2 3
0 0 1
0 3 3
0 3 0
4 4 4
2 1 2
4 1 5
4 0 4
1 2 3
0 2 0
3 1 1
0 2 1
2 0 0
2 2 0
3 3 1
2 7 0
2 1 0
1 3 6
1 1 1
1 1 1
2 0 2
0 0 3
1 4 1
2 4 3
3 0 0
1 0 0
3 2 1
0 1 0
3 2 6
1 2 0
4 2 5
3 0 0
3 2 2
3 0 1
0 3 0
0 3 4
0 0 0
3 2 0
0 2 3
1 1 1
2 1 1
5 4 3
1 3 0
2 0 0
3 4 1
0 3 2
1 1 1
0 3 0
1 0 2
3 0 5
4 1 1
1 1 0
0 0 1
1 0 3
0 3 3
0 0 1
3 1 2
2 2 3
2 0 2
0 0 3
1 0 5
1 0 1
0 0 1
2 1 0
7 4 0
2 1 2
1 3 3
1 1 0
5 3 1
3 2 2
1 5 5
2 0 1
3 3 1
4 1 7
2 1 1
4 0 5
0 5 4
7 3 0
3 2 3
0 2 1
0 0 0
2 0 1
0 5 2
0 1 5
0 2 2
0 4 0
1 5 1
1 2 1
3 4 0
0 2 5
1 1 1
1 2 2
0 0 1
2 0 2
5 1 1
2 4 0
0 4 2
0 0 5
1 4 0
0 2 0
4 0 1
3 1 0
4 1 1
3 3 1
7 1 0
6 0 0
3 2 4
1 2 3
6 3 1
2 4 1
1 5 0
5 2 1
3 3 3
1 5 3
1 4 0
7 0 2
3 0 5
0 1 5
1 4 4
0 1 0
4 5 0
1 2 1
6 5 2
1 2 0
0 3 0
1 6 0
4 0 2
3 2 5
1 1 1
3 2 6
4 3 1
0 3 2
3 5 3
4 0 0
1 7 3
3 1 0
0 6 6
5 2 5
0 0 1
0 2 2
0 1 2
2 3 1
3 1 0
1 2 2
0 2 3
2 1 1
7 2 7
3 1 1
0 3 1
2 0 2
2 1 1
1 1 4
1 0 1
1 2 1
4 2 3
0 1 1
2 2 0
1 0 1
5 1 3
5 3 7
4 2 2
5 0 4
3 0 3
2 2 0
1 3 2
2 3 3
4 1 0
1 2 1
3 5 0
1 2 2
0 3 4
1 0 1
0 1 2
0 4 1
1 7 4
0 0 1
0 3 2
2 4 3
5 0 0
2 0 1
1 2 0
1 2 3
2 0 2
3 2 1
7 4 0
2 4 1
1 2 2
0 0 1
1 3 1
7 1 1
3 2 3
2 0 3
5 0 4
0 0 5
0 1 4
2 3 2
0 4 2
3 4 4
2 1 4
2 2 1
2 1 5
2 3 2
5 0 1
2 0 1
1 2 2
0 4 4
3 5 1
2 2 3
1 0 2
1 2 1
2 1 4
1 3 2
0 2 0
6 5 1
5 1 3
0 2 2
5 5 2
2 6 2
5 0 2
1 0 1
1 1 0
0 0 2
3 2 1
0 5 6
1 0 1
2 0 0
3 1 2
6 3 1
3 1 2
2 0 2
1 3 2
4 0 6
1 0 2
2 1 5
6 3 3
5 0 2
3 1 2
3 3 1
1 2 2
0 0 2
5 3 0
5 0 0
0 4 5
4 4 0
2 2 3
0 1 4
1 3 3
0 1 4
1 1 4
2 3 3
1 2 2
0 1 1
2 2 6
0 0 1
1 0 1
1 2 0
0 1 0
0 5 1
2 0 0
5 3 1
3 2 0
0 2 1
0 6 1
4 5 2
0 0 4
3 7 0
2 0 0
3 6 5
5 2 2
0 4 6
0 0 0
0 0 3
1 0 3
6 4 1
2 4 0
0 0 2
3 3 1
3 3 2
4 0 1
5 4 2
3 1 2
3 1 3
1 2 1
0 2 0
0 1 3
2 0 5
0 4 6
3 2 0
1 2 0
1 0 3
1 3 0
1 7 2
0 0 2
0 2 2
0 5 3
0 1 0
0 1 0
0 0 0
3 3 7
4 0 3
7 4 4
4 6 1
0 0 0
2 0 0
3 4 1
2 3 3
3 0 2
1 0 6
2 1 1
0 2 7
2 2 2
2 2 3
2 0 3
0 0 1
4 4 4
2 0 1
2 3 0
0 3 0
1 3 1
5 1 2
5 5 2
4 1 2
1 1 1
4 1 3
1 0 3
3 0 2
4 2 0
1 4 3
0 3 7
5 2 2
0 2 3
1 0 7
2 6 1
0 3 0
1 2 4
3 0 3
2 0 1
3 4 6
2 2 3
3 3 1
1 2 0
2 0 5
2 5 1
0 0 1
4 0 4
1 1 2
0 1 1
5 3 3
3 1 0
0 1 1
1 6 1
0 5 3
0 6 2
1 1 5
1 1 1
1 2 4
3 1 0
0 1 1
1 3 3
3 0 1
0 2 2
2 3 0
1 0 0
3 2 1
3 2 7
7 4 1
3 2 2
1 1 0
0 4 2
2 1 1
1 0 3
2 0 1
3 0 1
2 2 1
2 2 0
0 1 2
2 2 5
2 1 0
0 3 5
0 2 3
1 3 3
4 3 2
1 0 0
1 6 0
2 4 0
1 0 0
3 1 0
1 3 5
3 4 3
2 2 3
5 2 0
1 2 3
2 5 2
0 1 0
0 1 1
0 0 6
3 1 1
0 3 2
2 2 0
1 0 4
4 1 0
1 0 4
0 4 0
1 2 1
3 3 4
2 2 0
3 5 0
3 0 0
1 1 1
0 2 3
4 2 0
1 2 1
1 2 3
3 1 3
1 1 1
4 2 2
0 5 1
0 2 2
5 1 6
4 2 3
2 1 1
2 0 0
1 1 4
4 5 2
4 1 2
0 5 3
3 6 2
1 1 1
2 0 0
7 2 3
1 2 2
3 0 2
2 1 0
2 2 0
3 0 4
1 3 1
2 2 0
3 0 0
4 2 3
1 1 1
0 2 0
7 2 0
2 5 1
0 1 1
0 0 2
6 5 2
0 3 0
7 4 4
0 5 0
0 4 3
3 0 0
0 0 0
2 2 2
6 2 4
2 4 4
1 4 2
5 3 1
2 0 0
6 1 2
1 1 1
2 2 0
1 0 1
0 2 4
5 0 1
2 5 3
0 2 0
0 2 1
5 3 1
0 1 1
3 1 1
3 5 3
0 2 1
2 0 2
0 4 1
0 4 5
5 0 0
5 6 1
1 0 3
2 0 0
1 3 2
0 1 3
1 0 3
1 0 3
0 3 0
2 4 3
1 1 1
1 4 1
2 2 0
3 1 2
0 0 0
1 3 1
1 1 0
3 3 2
2 7 1
1 3 2
1 3 3
0 1 3
6 2 0
1 0 5
3 4 4
1 6 0
5 1 3
3 1 0
2 1 1
2 0 1
2 0 1
2 2 2
2 4 3
2 2 3
0 2 1
1 2 1
1 1 4
1 2 3
2 4 0
0 2 3
1 2 2
0 1 0
1 0 5
0 0 4
0 1 2
6 4 4
4 0 3
1 1 1
3 2 3
1 1 2
3 3 1
2 5 2
0 1 0
0 4 5
2 4 3
4 6 0
1 3 3
0 1 1
1 1 0
2 3 1
1 2 1
5 3 4
2 0 1
1 6 1
4 3 2
2 0 5
5 0 2
4 5 1
1 1 2
0 0 0
4 1 4
3 0 1
2 1 5
5 5 0
0 1 1
3 1 2
1 6 1
0 1 3
0 0 0
6 0 3
1 4 0
1 3 1
5 4 2
2 0 2
3 2 5
1 4 5
3 2 1
7 2 0
4 1 0
0 4 0
0 0 4
5 1 1
2 5 1
2 6 0
0 3 0
3 1 2
0 4 1
1 1 3
3 3 0
0 1 1
5 2 1
1 0 3
2 2 1
2 3 4
0 1 7
1 2 0
1 4 0
1 0 0
0 1 0
1 1 2
4 2 2
1 3 2
1 0 0
2 0 3
2 5 2
1 3 2
4 1 1
1 2 7
3 1 2
2 1 6
2 0 1
0 1 0
3 4 0
1 1 1
1 7 5
2 2 3
0 2 2
1 4 3
1 0 2
1 1 4
0 1 2
2 1 1
0 1 2
0 2 0
0 2 4
4 4 2
0 4 4
3 3 2
4 1 0
4 2 1
0 0 1
2 1 3
0 0 1
1 2 1
2 3 0
4 1 1
2 2 3
0 1 0
2 1 0
2 4 0
3 3 1
3 1 1
2 1 0
1 1 0
5 3 0
4 1 0
0 3 5
5 4 0
0 2 0
1 1 3
1 1 5
1 4 1
4 1 1
2 5 0
0 2 1
4 6 3
2 1 2
4 1 1
1 3 4
1 4 2
4 1 0
1 0 2
0 1 2
0 0 2
0 6 0
0 7 4
0 5 3
0 3 1
3 0 2
1 1 5
0 4 0
0 3 2
3 0 1
4 0 1
3 1 4
1 2 4
3 5 2
3 5 3
2 3 3
4 0 2
6 3 5
5 0 4
0 2 3
0 0 1
1 2 0
3 1 1
4 1 1
3 2 1
6 0 0
3 5 3
0 0 4
1 1 1
0 0 5
2 3 0
1 0 2
5 2 4
3 4 2
0 0 1
5 1 2
0 2 1
1 1 0
0 1 2
4 2 2
4 0 0
0 2 3
0 0 1
1 3 1
1 0 0
0 2 3
3 0 2
1 7 3
2 1 4
0 3 1
1 7 2
1 1 1
2 0 2
3 2 1
3 1 3
5 7 0
2 1 2
3 3 1
5 3 2
0 1 2
3 0 0
2 1 2
0 1 2
1 2 0
4 3 3
4 0 6
1 7 1
2 4 3
4 7 1
2 0 0
2 4 2
0 2 1
2 0 1
0 1 3
0 3 4
3 1 1
3 1 2
1 1 2
2 4 4
4 0 2
1 1 0
3 1 4
0 0 2
0 2 2
4 3 1
3 5 2
1 5 1
3 0 0
0 3 1
0 1 0
1 1 2
2 0 0
1 0 1
5 1 0
3 0 2
5 5 4
2 3 1
0 0 0
0 1 3
1 2 2
1 0 0
2 1 2
2 0 2
0 2 0
1 2 1
2 1 0
0 1 5
1 4 1
0 1 3
1 7 4
3 3 0
1 2 3
3 3 6
4 2 3
2 1 4
2 0 0
1 1 5
0 0 1
2 1 5
1 0 0
2 1 7
4 0 3
0 0 0
0 0 3
2 4 1
0 1 1
2 3 4
2 0 1
1 2 0
0 3 1
2 1 7
0 2 0
2 6 2
4 7 1
3 0 1
1 5 2
2 4 2
5 2 0
0 3 4
2 4 6
2 0 0
3 0 1
3 0 0
3 2 3
1 1 0
2 2 2
2 3 2
1 0 2
0 6 3
4 7 4
5 2 0
2 1 2
2 0 2
2 1 1
1 2 0
0 3 3
1 2 0
4 4 7
0 1 3
1 4 1
1 2 3
3 1 3
2 2 2
4 2 0
1 0 4
1 1 0
0 2 0
0 0 4
3 5 5
2 6 4
1 4 3
0 0 0
2 2 0
1 6 1
1 1 1
0 2 1
5 6 1
2 5 2
0 1 2
5 2 3
2 0 1
0 4 2
1 1 1
1 7 1
4 2 1
0 2 2
0 0 1
2 0 2
1 6 3
1 2 1
1 0 3
3 0 1
1 6 1
2 1 5
0 3 0
3 2 4
6 1 7
0 3 0
0 0 4
2 2 0
1 1 0
0 3 3
3 2 4
0 0 1
4 1 2
1 0 2
3 2 1
4 1 0
0 0 3
5 0 1
1 1 2
0 0 2
1 3 3
0 0 4
7 1 1
1 0 4
5 0 5
3 0 3
1 1 1
4 2 0
4 5 1
1 3 2
2 0 0
1 3 0
2 0 1
1 5 0
2 1 1
1 6 4
0 1 2
2 0 0
2 1 7
1 1 4
1 2 0
4 5 2
3 1 2
0 3 1
3 4 1
2 0 2
3 2 2
0 0 2
0 4 2
1 0 1
0 2 0
1 0 0
0 4 4
0 0 6
0 1 0
2 1 6
1 2 0
3 2 1
2 4 0
0 1 0
2 3 3
2 0 0
0 1 5
0 1 1
2 1 6
2 1 3
0 1 7
0 6 0
0 2 4
4 3 3
1 1 1
0 2 2
0 0 0
5 1 1
0 1 0
3 4 0
1 2 1
1 0 4
2 1 6
1 0 3
0 4 0
3 1 0
1 2 2
0 2 2
1 1 0
0 0 0
0 3 7
0 1 2
5 0 2
3 1 7
1 2 1
0 1 0
1 0 1
0 1 0
1 3 0
1 4 0
2 6 0
1 3 1
0 4 5
0 2 0
2 2 1
0 0 1
2 3 0
0 1 2
0 1 2
2 1 1
1 1 3
1 2 0
4 1 0
0 1 4
5 2 5
0 0 0
4 3 3
4 0 4
0 0 2
0 0 0
0 3 1
4 1 2
1 0 2
2 1 0
1 1 6
5 0 0
2 0 0
2 2 3
1 0 1
4 0 2
1 1 0
3 1 1
5 0 7
4 0 1
1 5 3
2 3 0
0 0 0
0 0 3
4 0 2
1 0 3
4 4 4
5 0 0
1 0 1
3 4 2
3 0 0
5 3 3
0 0 1
4 1 3
0 3 2
0 4 0
0 3 1
2 3 0
1 3 1
0 2 2
2 0 0
6 3 2
0 2 0
1 2 6
3 0 5
1 2 1
6 1 4
2 1 1
3 1 2
4 6 1
3 1 1
1 0 7
6 1 1
0 5 2
1 7 3
3 0 1
0 1 0
1 5 3
2 2 0
0 3 1
3 1 2
0 5 4
1 1 1
7 1 3
1 1 6
1 1 1
0 0 0
0 3 0
1 0 2
0 1 4
0 4 0
2 1 3
2 4 2
2 0 2
1 1 2
0 0 3
1 1 6
4 6 0
2 1 1
1 4 3
1 0 0
2 2 1
0 0 0
1 0 1
0 2 1
1 0 5
0 0 1
0 4 1
1 1 2
1 2 6
0 4 0
1 2 2
2 0 5
0 4 3
0 3 6
1 2 1
1 4 1
5 1 1
2 1 2
0 0 1
3 0 4
0 7 0
2 0 2
4 0 4
2 4 1
1 6 7
0 2 1
5 7 3
0 5 1
0 2 2
2 2 3
1 5 0
0 0 3
0 3 0
2 1 0
5 1 4
4 2 1
2 0 1
3 2 0
2 3 2
4 1 3
4 2 0
1 3 2
3 3 2
1 4 1
3 0 1
1 1 3
6 4 6
5 4 0
2 4 3
0 2 5
2 4 0
4 2 0
1 2 0
3 1 3
2 3 1
6 4 0
0 1 2
0 1 4
0 4 0
0 0 7
2 4 1
3 1 1
2 0 5
0 1 2
2 3 0
0 0 2
0 3 2
2 0 0
0 0 1
2 1 5
1 0 4
4 0 0
0 2 2
1 0 0
4 2 2
4 5 1
6 1 1
0 3 3
3 1 1
7 1 0
0 2 2
3 2 3
2 7 0
2 0 0
3 2 0
1 1 1
1 1 1
4 0 3
2 2 2
1 0 2
2 3 1
0 1 2
2 2 2
3 5 1
1 0 1
1 2 0
1 3 2
2 1 3
3 3 0
3 0 6
1 4 4
3 1 2
3 1 6
0 3 1
3 0 0
4 0 1
4 2 0
3 1 0
3 1 1
0 2 0
1 3 2
6 1 0
0 3 2
4 2 2
4 1 1
6 3 2
1 1 4
4 1 5
3 0 2
0 2 2
0 1 2
4 2 4
1 2 1
4 3 2
0 2 1
0 0 1
4 0 6
1 3 1
5 2 2
1 0 2
3 2 5
2 3 2
4 3 0
0 0 0
0 3 2
4 1 1
1 1 0
0 1 7
0 1 1
0 0 0
3 2 0
0 1 1
3 1 1
0 0 1
0 0 3
2 0 5
3 0 4
2 3 0
5 3 0
7 3 0
5 0 0
1 3 1
2 3 6
1 0 1
4 3 2
1 2 7
5 1 1
0 6 1
2 2 2
3 3 0
0 2 3
0 4 3
3 2 2
5 1 4
4 1 0
0 1 2
3 1 3
2 3 0
3 0 4
1 1 3
4 1 1
5 1 0
1 0 0
3 4 4
1 2 2
3 1 0
1 3 0
0 0 0
3 1 1
1 4 1
2 3 4
0 0 1
4 2 4
4 1 6
6 0 5
2 1 1
1 0 1
2 2 3
2 3 2
3 0 2
0 2 6
0 1 0
2 5 0
2 2 1
4 2 2
3 2 2
1 3 2
0 5 5
2 3 1
2 3 0
1 2 2
1 1 6
0 3 6
3 3 2
1 3 0
0 5 3
1 1 3
1 3 3
1 4 1
1 3 2
3 2 0
2 5 4
4 0 2
1 4 6
1 3 2
2 1 2
1 5 2
1 0 1
2 0 0
3 1 2
4 3 2
2 2 1
0 4 0
0 1 0
4 1 0
2 1 1
7 0 3
2 2 1
2 2 2
2 1 2
0 2 2
2 1 1
2 0 2
4 5 2
0 1 1
2 3 0
1 0 0
0 0 2
0 0 2
3 1 2
1 3 2
0 3 2
4 0 1
0 2 4
0 1 0
1 0 0
0 1 0
0 0 0
1 0 1
5 0 3
3 5 0
2 1 2
0 0 5
3 0 1
2 0 2
0 0 2
3 3 2
5 2 1
4 1 3
0 2 2
1 6 2
0 1 5
0 3 1
2 2 2
5 0 1
0 1 1
5 3 1
2 2 0
3 3 2
0 1 0
1 3 5
1 5 0
0 7 1
2 1 0
4 1 0
3 1 1
6 1 0
1 2 0
0 1 0
1 0 0
1 1 3
0 2 2
2 0 0
2 0 1
2 2 1
5 0 1
1 5 6
2 1 4
0 2 2
1 4 1
2 1 0
1 1 0
3 1 0
0 0 2
2 0 5
0 2 4
0 1 2
2 2 4
5 1 2
7 3 6
5 4 3
1 0 2
4 0 2
1 1 2
2 1 2
2 5 0
2 2 0
2 1 0
5 1 0
3 1 1
2 0 1
1 0 2
2 4 3
0 3 4
3 1 4
2 4 2
0 1 1
2 1 4
0 0 0
5 1 0
0 1 2
0 0 0
0 4 2
0 1 2
0 0 1
0 1 0
3 0 2
5 3 0
4 4 1
0 7 3
2 2 0
1 2 0
3 2 6
1 1 4
1 2 2
0 7 4
3 3 3
1 1 0
0 1 4
0 0 2
2 4 1
6 2 2
6 2 0
1 5 6
1 4 0
5 1 0
5 1 1
1 2 1
0 2 0
0 1 0
5 1 1
1 0 3
5 0 1
2 4 4
2 0 2
1 5 4
0 3 1
0 1 0
1 0 3
3 0 1
3 0 1
1 2 2
4 1 2
3 1 3
1 0 2
5 0 3
3 4 3
0 0 4
0 1 2
2 1 2
0 0 1
1 7 3
6 3 0
0 1 0
0 2 0
2 1 0
2 1 0
1 1 7
2 2 0
2 0 1
5 3 3
3 1 6
1 1 1
0 1 1
1 0 7
0 2 2
0 0 4
5 7 1
6 1 3
5 1 2
3 5 3
7 3 0
2 5 1
1 0 0
4 1 3
1 3 2
3 0 1
2 0 1
3 3 0
5 4 1
2 2 6
5 4 2
3 2 3
1 5 2
0 0 5
1 1 3
0 1 1
1 0 1
7 3 0
2 4 1
3 5 2
1 4 2
5 0 2
0 5 0
2 2 2
1 2 2
1 4 0
6 2 4
6 0 3
0 4 0
0 0 0
1 0 2
4 0 1
0 4 3
1 2 3
2 2 2
3 1 1
2 1 0
0 0 2
3 1 0
2 4 0
1 1 1
1 0 4
0 1 1
1 0 1
4 2 1
1 3 0
1 0 1
2 0 2
4 6 2
0 2 0
2 5 0
6 0 1
0 0 5
1 3 3
3 6 4
0 2 4
1 0 0
2 1 2
1 2 2
0 0 0
0 2 3
1 1 1
1 2 1
0 2 0
0 1 2
0 3 0
2 1 1
0 1 4
2 0 4
2 3 4
3 1 3
1 2 0
1 1 0
1 1 1
5 0 0
0 3 5
0 4 4
3 0 2
5 3 6
4 0 6
0 1 6
2 4 0
5 1 1
2 1 3
0 3 2
3 3 0
5 0 2
1 1 7
5 4 0
0 6 1
0 1 1
2 1 3
7 0 1
0 0 0
2 1 0
1 1 2
2 3 2
0 2 3
6 0 7
4 1 0
4 2 6
3 0 4
3 0 1
7 6 1
1 5 0
3 0 5
1 0 3
1 2 2
6 1 2
5 0 2
5 2 0
3 1 0
4 4 2
6 1 2
1 1 5
2 1 3
2 1 1
2 0 0
0 1 0
1 1 4
4 2 1
6 1 0
1 5 1
5 1 7
6 2 1
1 3 0
3 1 0
4 0 3
1 2 5
3 0 0
2 1 5
2 5 2
0 1 0
2 3 0
2 0 0
5 0 4
3 5 0
2 0 3
6 1 1
4 1 0
0 0 2
2 2 1
1 2 0
1 4 0
2 1 3
3 1 3
1 1 3
1 2 1
3 1 3
3 2 0
1 1 0
3 1 1
0 1 2
4 0 1
2 2 5
0 0 1
4 3 2
0 0 3
1 2 0
2 4 0
1 1 2
2 1 4
1 0 3
1 1 2
0 2 0
1 1 1
5 0 1
4 0 5
0 1 2
4 3 2
6 4 0
0 0 3
2 1 6
0 1 5
5 3 0
4 2 1
1 2 5
1 2 3
2 2 2
0 1 1
3 2 1
1 4 0
1 0 3
1 7 0
1 0 0
0 1 6
3 0 0
0 0 2
4 0 0
2 0 3
2 0 1
0 0 0
3 0 3
2 0 2
7 3 3
1 1 0
0 2 6
1 5 1
2 0 0
2 1 7
6 0 0
3 0 5
0 0 4
2 2 2
1 1 5
3 3 1
0 0 4
5 1 5
1 1 2
2 4 0
3 0 1
1 3 0
4 2 4
7 4 0
0 0 0
2 1 1
6 0 1
3 0 3
1 2 1
0 2 1
3 1 2
3 1 0
6 1 0
1 0 3
1 2 3
0 1 1
3 0 3
5 2 0
2 4 2
4 5 2
3 2 4
4 0 4
1 4 1
6 3 0
1 1 2
1 5 0
0 0 7
4 1 0
2 1 2
0 1 0
5 0 2
2 2 5
0 1 2
0 3 2
0 0 2
2 0 0
2 1 4
0 0 0
0 4 2
1 2 1
2 7 1
1 3 4
3 0 2
0 3 3
4 0 1
2 0 7
1 0 0
2 1 1
3 1 1
2 0 1
4 0 0
1 1 0
0 2 4
0 1 1
3 2 2
2 4 3
0 1 2
5 1 0
0 3 1
1 5 6
1 0 1
1 1 2
2 0 1
0 0 3
3 4 0
5 0 3
0 2 1
1 5 1
2 1 1
3 3 2
2 0 2
1 3 3
2 4 0
2 1 3
2 3 0
0 3 4
2 3 1
2 0 3
5 1 0
4 0 1
2 4 1
2 1 1
1 1 4
0 2 2
2 3 5
1 4 2
5 1 1
0 1 0
1 1 4
0 0 0
1 0 0
2 0 0
0 1 0
0 3 1
6 0 1
1 2 1
6 3 2
2 1 2
2 2 2
3 3 1
7 3 3
4 2 4
0 7 3
0 1 2
1 2 1
1 2 6
1 3 0
0 0 0
2 0 1
2 3 4
4 1 5
0 7 1
0 1 0
3 0 2
3 1 1
0 5 3
0 1 2
5 1 3
0 3 4
1 1 2
4 1 1
1 2 2
1 1 1
2 2 0
0 1 3
3 0 1
1 1 3
3 0 3
1 1 3
0 1 2
1 2 4
2 4 3
2 4 3
3 3 3
2 5 4
1 3 3
2 3 1
0 4 2
0 2 1
4 1 2
0 4 1
4 3 3
1 0 0
0 2 3
1 1 3
1 3 2
4 2 0
1 1 1
0 1 4
2 0 7
3 0 1
0 0 2
1 4 1
2 0 4
2 1 0
3 0 1
1 3 3
1 0 1
4 3 3
2 2 2
6 0 2
3 0 3
3 0 5
2 5 0
2 7 2
2 2 3
5 0 1
0 0 7
0 3 0
5 0 2
0 4 3
2 1 2
4 0 0
0 2 0
2 0 3
1 0 3
5 1 3
0 0 0
2 0 2
2 0 3
2 1 1
5 1 0
1 2 1
2 0 5
2 5 2
0 0 1
3 1 2
1 0 4
4 4 0
1 0 1
1 6 3
1 1 2
0 4 3
3 3 1
1 1 1
0 3 1
3 0 1
1 4 1
0 4 0
1 4 0
2 0 0
4 3 3
1 4 0
1 1 1
5 1 3
0 4 3
0 2 3
6 5 0
0 4 2
0 5 1
3 3 0
0 0 1
2 2 0
2 2 5
5 3 1
1 3 2
6 0 2
1 5 0
3 4 4
2 0 1
1 0 0
1 3 0
2 0 1
2 7 2
2 5 0
0 1 0
0 0 4
2 4 1
1 3 2
3 1 1
2 5 2
4 2 5
1 1 4
4 7 3
1 0 5
1 2 1
5 0 0
2 1 0
0 0 2
1 3 1
2 2 1
2 1 3
0 0 2
2 1 3
0 2 1
0 1 0
2 1 1
3 1 3
0 1 7
0 1 5
0 1 0
5 6 1
1 0 3
4 1 7
4 0 3
7 7 2
5 0 0
1 6 0
2 2 1
2 2 1
1 3 1
3 2 2
3 2 1
2 0 1
4 4 3
5 3 0
3 5 5
3 1 3
1 0 1
3 5 0
1 2 5
0 1 2
2 0 2
6 2 1
2 0 5
1 0 3
1 0 2
1 5 2
1 1 1
2 6 1
0 7 2
1 3 0
1 5 0
4 2 3
0 0 1
1 0 5
2 0 1
1 1 1
3 4 0
5 1 0
2 4 2
1 1 1
0 2 2
3 2 1
1 0 2
2 3 6
3 4 1
0 3 2
1 1 0
1 1 2
4 3 2
5 0 3
4 1 2
1 0 2
2 1 3
0 1 2
1 6 1
5 0 2
4 3 1
0 3 2
3 1 0
0 0 1
2 1 0
3 4 0
3 2 1
0 2 3
2 3 1
1 0 3
4 2 2
5 2 2
1 4 0
3 5 3
2 3 2
0 1 2
3 0 4
2 0 5
4 1 1
1 4 1
2 1 4
0 3 1
2 0 1
0 1 1
4 0 5
1 1 2
2 1 1
0 0 1
1 0 2
1 0 0
5 1 2
1 2 1
1 1 1
3 4 5
1 1 7
1 2 1
2 2 2
2 1 0
4 2 3
0 0 3
2 0 0
5 1 4
1 2 0
1 4 1
5 5 2
3 6 1
0 2 2
0 3 2
1 1 0
1 0 1
3 5 0
2 3 0
1 1 1
1 0 3
1 1 0
0 4 0
1 2 0
4 1 4
1 0 7
5 2 1
3 2 2
0 0 2
0 0 1
2 0 5
4 2 1
1 2 0
0 2 0
1 0 3
1 0 2
1 0 0
5 1 1
1 2 1
2 2 0
0 1 0
3 1 1
1 1 4
6 0 5
2 1 1
0 0 0
2 3 5
2 4 2
1 0 3
1 0 1
1 0 0
1 4 2
1 1 2
1 3 1
1 3 1
0 0 1
2 2 3
0 0 2
0 0 0
3 0 0
0 2 0
0 1 0
7 1 2
1 0 0
1 2 4
0 1 1
1 1 1
0 3 2
6 1 2
1 2 4
0 1 1
1 6 3
1 2 3
2 1 0
3 1 5
3 0 0
0 2 0
6 0 4
4 1 3
0 6 3
2 2 1
2 3 3
3 4 0
2 1 4
3 1 3
2 1 2
2 0 1
0 0 2
3 0 0
2 1 3
6 1 1
1 1 1
1 0 3
1 0 2
1 2 3
1 3 3
1 3 2
1 2 2
3 5 2
4 4 2
1 1 0
3 1 1
0 3 2
1 0 7
1 1 1
2 1 2
2 0 0
1 3 5
0 4 4
1 4 1
1 0 5
0 0 0
2 0 2
5 2 1
1 3 0
4 1 5
2 1 1
0 0 1
0 1 1
5 1 0
2 0 2
2 1 2
2 1 0
0 4 2
1 3 2
1 1 3
0 1 2
4 1 0
4 3 5
0 3 1
1 2 3
1 0 0
0 0 6
4 0 1
0 0 3
0 6 0
4 0 3
0 1 5
2 2 2
0 3 4
0 4 1
0 2 2
2 0 1
0 2 7
0 0 0
4 4 2
2 1 5
4 4 1
1 0 0
3 6 1
2 0 1
1 4 0
4 2 5
0 3 4
5 4 1
5 2 0
1 1 0
3 1 6
1 2 0
3 2 1
1 1 1
4 0 0
2 1 1
2 1 3
3 7 2
0 1 0
0 0 0
3 0 2
2 3 4
0 4 0
2 2 0
4 0 3
1 3 1
1 2 1
0 1 5
1 2 4
7 1 3
2 1 3
0 1 3
1 2 3
0 3 0
7 3 1
0 2 3
7 0 2
3 3 1
1 0 2
1 2 2
3 3 3
0 1 2
6 3 3
3 0 2
1 2 2
1 0 2
3 0 0
2 1 3
3 0 1
4 1 1
3 0 4
0 6 0
5 0 0
5 6 1
1 1 2
0 6 7
4 1 5
1 2 3
4 1 1
2 3 2
4 1 1
0 1 3
5 4 0
1 2 2
3 2 0
1 1 3
1 7 2
2 7 0
4 1 4
0 2 0
1 1 3
2 2 2
1 1 1
0 3 0
0 3 1
1 4 0
0 0 5
5 2 2
7 1 0
2 2 0
1 4 3
6 0 0
1 2 0
3 2 1
5 2 6
2 0 1
0 1 4
2 1 2
1 1 0
1 3 3
1 1 2
2 4 1
0 1 1
1 1 0
1 1 0
4 4 0
3 0 2
6 1 0
1 1 0
3 0 0
7 2 0
6 2 0
0 3 4
5 0 1
0 1 1
0 2 2
5 3 1
3 2 3
0 0 3
1 2 4
1 0 2
3 2 6
5 2 2
1 0 7
2 3 3
5 1 0
1 0 4
2 5 3
2 5 0
3 4 1
3 3 2
3 6 0
4 5 1
3 2 1
0 0 3
3 3 0
7 1 2
3 4 1
2 1 4
6 0 2
4 0 1
6 2 3
0 3 0
1 1 3
0 4 0
1 3 0
2 0 2
2 3 2
6 1 0
1 3 2
2 2 0
2 3 2
1 1 0
0 2 1
4 5 3
1 1 0
3 1 0
0 0 0
4 2 3
3 1 3
2 0 1
1 5 4
2 1 7
2 4 1
5 3 3
0 0 0
1 2 2
2 3 0
0 0 0
1 5 5
3 2 1
1 3 0
0 3 2
3 2 0
3 2 2
1 0 0
2 1 3
0 3 2
0 3 1
0 6 1
2 3 1
4 0 3
1 3 3
0 3 6
3 3 0
2 7 3
0 4 6
3 1 1
2 3 1
0 0 6
0 5 3
0 0 0
5 7 0
3 1 2
4 4 0
3 0 2
0 2 1
2 2 0
1 4 4
0 2 2
2 0 0
3 3 1
0 1 2
1 0 0
5 0 1
2 2 1
0 1 2
0 1 6
5 2 1
0 7 1
4 1 6
0 0 1
0 3 4
1 5 1
1 1 3
4 1 1
3 2 0
0 2 0
2 2 0
2 1 0
0 1 1
0 1 2
0 0 1
0 1 6
2 2 2
2 0 4
0 3 2
0 0 0
0 1 2
1 0 1
2 1 2
5 3 4
2 0 2
2 3 0
0 0 1
5 1 0
2 2 1
4 1 5
0 0 1
1 2 2
5 2 0
0 1 3
1 3 1
0 3 1
2 0 3
2 1 3
1 0 0
6 6 2
1 1 0
0 0 2
2 3 4
0 3 1
1 0 0
0 1 2
0 1 1
0 2 2
0 1 5
1 2 1
1 0 5
3 1 3
5 2 0
3 4 0
1 1 1
1 0 4
4 0 2
2 0 3
4 1 4
4 0 4
2 0 2
2 1 1
0 0 1
4 0 4
0 2 1
0 7 1
2 1 6
0 1 1
4 2 0
5 1 1
1 1 1
2 1 1
2 2 3
0 4 3
7 0 1
2 0 3
0 2 3
0 0 7
1 1 4
1 1 2
0 1 1
1 0 1
5 1 1
5 0 2
1 1 1
3 2 0
2 1 0
2 1 1
0 1 0
7 2 0
2 3 0
0 6 0
0 2 0
1 0 2
2 1 7
1 3 2
0 2 0
0 1 0
0 1 2
4 1 1
0 2 2
1 0 7
6 0 0
0 1 2
4 0 4
5 2 3
1 4 1
0 2 2
2 0 0
3 2 0
5 3 1
0 0 2
4 2 7
3 1 0
2 1 5
3 1 4
1 0 2
2 0 1
1 3 0
0 6 2
1 0 2
2 1 1
4 3 1
1 0 1
0 2 7
1 2 1
0 4 2
5 0 3
0 6 0
4 4 0
0 1 3
0 2 0
2 4 3
3 3 1
2 3 0
3 2 0
1 1 3
0 3 2
1 1 2
2 0 1
1 2 1
0 2 0
2 1 0
3 4 1
1 7 2
1 3 0
0 1 0
5 0 1
0 1 0
1 2 1
1 2 0
2 1 4
2 0 0
1 3 0
0 0 2
3 2 2
1 1 4
0 1 1
1 4 1
0 3 2
1 0 2
3 1 0
3 1 2
4 3 2
3 0 3
2 4 0
4 1 4
2 2 1
1 6 5
3 0 3
1 0 1
2 6 2
2 1 0
1 3 3
5 0 3
3 5 1
0 2 2
1 0 3
3 1 3
3 2 1
3 3 1
3 1 2
0 1 0
4 2 1
0 2 5
1 1 2
1 0 6
4 1 5
5 2 3
2 0 0
5 2 4
0 5 2
4 3 3
3 0 2
6 4 3
3 0 1
5 3 3
6 2 0
0 1 2
2 0 2
4 1 0
6 5 1
3 0 4
1 4 0
0 1 2
0 0 4
3 0 0
0 3 1
3 1 1
0 1 0
0 0 0
1 1 6
0 3 0
2 0 0
0 7 5
2 4 0
1 5 3
0 7 6
0 3 0
0 5 1
0 3 0
0 0 4
1 3 0
7 1 1
2 3 2
1 6 0
4 3 1
5 1 2
3 2 3
2 2 0
2 3 0
5 6 2
1 0 1
1 2 3
1 2 0
4 2 2
1 3 1
1 1 7
0 0 3
7 2 1
1 2 3
0 1 1
1 3 4
0 2 3
1 1 2
1 1 0
3 2 1
0 5 0
2 2 3
2 0 4
4 1 2
4 3 1
3 3 0
0 3 3
3 2 0
4 3 1
0 2 0
0 2 1
1 4 2
2 5 2
1 0 0
0 1 0
1 0 1
2 0 1
0 1 2
2 2 0
1 1 2
2 1 2
2 5 7
2 0 2
0 0 0
1 4 2
3 5 1
0 2 0
6 6 2
2 1 1
0 0 0
0 6 0
3 2 3
2 1 0
3 0 0
0 1 2
3 2 0
1 2 6
6 4 2
5 2 1
3 0 0
4 5 0
4 0 2
1 7 2
6 5 1
0 5 3
4 6 6
3 1 1
3 4 1
1 0 1
3 1 7
5 0 2
2 2 2
3 5 1
2 1 1
2 5 4
0 1 0
0 0 2
4 1 2
0 1 1
0 3 0
1 6 0
0 1 0
0 1 4
2 4 2
6 1 4
0 1 5
0 2 2
2 2 1
5 2 2
2 0 2
3 2 1
1 0 1
0 3 2
0 0 0
0 0 1
4 1 0
2 1 2
0 0 3
0 0 2
5 3 4
3 0 5
0 1 2
1 0 1
3 5 1
2 5 1
0 0 1
0 4 7
1 1 0
0 2 6
1 4 1
4 1 3
0 1 3
0 2 1
2 3 1
0 1 1
2 0 0
4 0 4
2 3 2
0 2 1
2 1 0
2 0 3
2 1 1
2 3 0
1 3 0
0 1 3
2 1 3
2 3 0
0 3 0
0 6 0
2 2 1
0 3 0
1 7 2
4 5 5
3 4 3
3 2 2
1 3 0
6 0 2
0 4 3
3 0 3
1 0 1
2 4 0
3 5 2
1 1 2
0 0 3
6 1 0
0 4 0
1 0 1
1 4 0
2 2 0
0 3 0
0 2 2
0 0 3
2 0 3
1 1 0
4 7 3
1 1 1
3 5 3
0 0 3
1 0 1
3 0 2
3 2 5
0 5 5
0 3 2
1 6 2
0 1 3
3 6 2
3 0 6
2 5 0
1 0 4
2 1 5
4 1 5
2 1 0
3 6 3
0 6 4
2 4 0
3 7 0
4 0 0
3 1 0
1 1 5
4 1 0
2 3 2
0 1 5
0 5 6
5 2 2
1 6 1
0 1 0
0 2 3
3 3 7
0 0 1
3 0 2
4 1 0
1 3 0
1 1 1
0 5 1
0 0 0
2 0 6
0 3 1
4 1 1
2 4 4
0 0 0
1 2 3
4 1 3
3 2 1
0 1 6
1 1 5
0 0 3
1 2 0
3 1 1
4 2 1
2 3 2
0 0 1
3 5 5
0 1 2
1 1 7
2 1 2
1 0 3
4 4 3
0 1 4
0 0 4
1 3 6
4 2 1
4 0 0
3 2 2
3 5 0
0 2 1
4 0 2
1 3 3
1 0 0
0 1 3
1 0 2
1 3 0
1 0 0
5 1 0
2 3 1
2 2 4
0 1 1
3 0 2
1 0 3
0 1 0
1 2 2
1 0 0
3 1 0
2 2 0
1 4 0
0 1 2
2 1 0
0 2 2
0 2 1
0 1 2
0 1 0
2 0 0
0 2 3
2 3 0
0 0 2
4 5 2
2 6 0
2 1 0
1 3 3
0 0 1
0 2 6
1 6 1
4 0 1
2 2 3
2 4 4
3 1 1
0 0 0
0 0 3
5 7 0
0 1 3
6 4 0
1 0 1
2 1 1
2 5 3
0 1 1
0 0 0
3 0 2
4 5 2
1 0 1
1 1 1
1 0 4
3 0 1
3 0 1
5 0 1
1 2 0
0 7 0
2 0 0
4 0 5
1 1 1
1 1 2
4 2 1
1 1 3
3 1 1
1 1 0
0 0 1
1 1 6
2 1 3
4 1 1
2 5 1
0 4 1
2 3 1
2 7 2
0 2 2
3 1 1
2 0 0
3 7 1
7 2 0
1 0 1
3 5 2
7 4 2
0 6 2
1 1 0
2 2 4
4 6 1
0 6 1
1 6 0
3 1 4
1 0 6
0 0 2
0 0 0
0 2 3
0 1 2
1 0 1
3 1 4
1 0 1
0 1 2
0 7 2
2 1 5
3 1 4
1 2 3
0 3 3
2 3 0
1 1 0
2 2 1
4 2 3
1 1 4
3 0 3
1 2 0
1 4 3
0 1 1
5 1 4
1 3 1
0 3 2
0 3 0
1 4 2
0 0 0
2 0 1
1 0 1
0 2 3
5 0 7
1 2 3
1 2 1
4 0 0
1 5 4
6 0 3
0 3 1
6 0 2
0 5 1
5 2 0
2 3 3
2 0 0
2 2 2
1 0 2
0 1 1
0 1 2
1 2 2
6 0 0
7 3 0
2 3 2
2 1 0
1 2 1
2 1 1
4 3 7
0 1 4
1 1 3
3 2 3
3 3 1
1 5 5
2 0 6
3 1 3
2 3 2
4 0 1
4 5 4
3 0 1
6 4 0
0 2 0
1 0 1
3 1 1
1 0 0
1 2 4
2 4 4
2 0 0
6 6 0
0 3 1
5 1 0
1 1 3
5 1 2
1 0 2
3 4 2
1 3 3
3 1 0
0 0 3
4 1 4
0 3 0
4 0 1
2 4 1
1 1 1
3 0 1
5 5 3
2 2 0
0 1 2
0 0 7
0 0 5
1 0 2
0 2 0
1 4 2
2 5 0
2 3 1
1 0 6
2 3 2
0 0 0
0 0 1
1 6 3
1 2 1
1 2 2
0 2 5
1 3 0
4 1 0
0 1 2
2 1 1
3 0 2
4 2 6
5 1 2
0 0 0
3 0 1
1 3 4
1 5 4
3 2 0
1 2 1
2 1 0
2 2 1
0 3 4
2 3 0
1 0 3
2 2 0
2 0 1
2 3 4
4 2 0
3 2 2
4 1 1
1 0 1
1 0 0
3 2 1
0 3 2
0 4 0
0 1 1
0 1 1
2 2 0
5 1 1
4 0 6
1 1 7
2 1 3
1 0 2
3 0 1
1 1 0
3 3 1
1 3 2
2 0 2
0 1 3
3 0 4
5 1 1
0 1 2
1 3 3
6 2 0
5 5 0
2 1 1
0 1 4
2 1 2
0 0 0
3 2 4
2 2 3
0 0 3
2 0 0
2 2 1
4 0 1
7 3 0
4 3 1
1 2 5
0 1 0
0 1 0
5 0 1
2 7 1
2 4 3
1 3 3
1 2 4
0 2 6
2 0 1
4 1 1
2 1 1
0 0 1
2 0 2
0 3 1
2 1 1
0 1 7
0 1 2
0 1 2
1 5 2
1 2 1
1 0 1
2 0 1
0 3 3
3 2 2
1 2 1
3 2 0
0 4 3
3 1 7
2 1 2
4 1 2
1 1 2
1 2 4
1 0 0
3 0 3
0 0 2
6 5 0
1 0 3
2 4 0
1 0 5
1 0 1
1 1 2
1 2 0
0 0 1
2 0 1
0 0 2
7 1 1
1 2 0
1 2 2
0 2 1
2 2 1
3 1 0
0 1 3
1 0 1
5 0 2
0 3 3
3 5 6
4 5 6
0 0 1
2 2 2
3 0 0
3 0 2
3 1 1
2 3 0
2 1 1
1 6 0
1 3 1
1 1 3
1 2 3
0 2 1
3 2 1
0 0 0
2 0 3
0 0 1
0 2 3
2 0 0
1 2 0
3 2 0
0 0 1
1 1 2
1 3 3
0 6 3
4 4 4
0 2 0
0 5 1
0 7 0
1 0 5
3 2 1
1 7 2
5 1 4
2 1 1
2 0 1
1 3 2
4 2 5
7 0 0
4 5 3
1 0 4
6 6 2
5 3 1
4 0 4
0 6 1
1 0 3
2 2 0
0 0 3
1 2 4
0 2 1
2 0 0
3 2 0
4 3 3
1 2 1
3 0 4
0 4 5
0 0 2
1 2 1
0 1 4
2 4 2
5 7 0
2 2 0
1 5 0
7 2 6
0 1 0
3 0 2
1 1 3
2 2 4
2 2 3
4 0 4
0 0 2
6 5 0
0 0 1
1 1 1
2 0 0
2 0 0
0 0 3
4 0 1
1 4 1
1 2 0
3 1 2
1 1 0
2 4 2
0 1 4
1 4 1
4 1 2
4 3 4
2 0 5
0 2 3
0 1 5
6 3 2
0 0 3
2 2 0
0 1 3
3 2 2
0 0 2
0 3 1
2 2 0
2 0 1
1 0 2
2 2 0
5 3 5
1 0 4
6 2 1
2 0 3
1 2 1
0 0 4
1 1 2
0 1 0
1 2 1
1 1 2
0 3 1
5 2 0
1 1 1
7 0 0
1 1 3
5 4 4
3 6 4
1 1 0
1 1 0
2 3 2
1 5 4
2 2 0
2 2 2
3 1 6
3 2 2
0 0 0
1 4 5
2 2 0
6 0 2
0 0 0
0 3 3
2 3 1
3 2 1
1 0 0
0 0 2
5 1 0
0 1 0
0 0 3
1 0 0
2 0 1
1 0 0
5 2 2
2 0 2
1 7 5
3 2 0
0 2 0
2 2 3
1 4 0
2 4 2
3 3 4
5 2 0
2 4 1
1 2 2
4 0 0
0 0 0
2 2 1
1 1 3
2 0 0
3 4 2
1 0 1
2 0 0
1 2 2
4 1 1
0 4 0
1 5 1
1 0 0
2 3 5
3 2 0
5 2 0
3 0 0
2 2 2
5 3 0
1 0 4
0 4 2
4 6 0
3 0 1
0 4 3
4 2 2
3 0 1
2 3 1
0 1 6
2 3 2
3 1 1
2 0 0
2 2 0
0 1 6
0 1 0
0 0 1
1 3 5
1 1 1
0 4 0
0 0 0
0 2 5
2 2 0
0 5 0
2 3 7
1 2 1
4 6 0
3 0 2
1 3 0
0 2 1
0 4 1
2 1 1
4 1 2
6 1 0
0 2 2
0 1 0
1 0 1
4 1 0
5 3 2
5 7 1
0 3 1
4 2 2
1 2 0
1 2 1
1 4 0
1 0 4
0 6 4
1 2 0
5 4 4
1 2 0
1 3 1
2 0 0
2 2 2
2 0 0
2 1 0
0 1 2
3 5 2
4 1 0
0 6 4
4 2 1
1 1 2
2 3 0
1 0 1
2 1 1
0 0 2
1 3 0
0 1 1
2 0 0
4 0 0
1 1 2
0 7 2
1 5 3
2 4 5
2 0 2
2 4 0
2 1 2
1 3 3
1 0 1
3 0 1
1 1 0
1 2 6
0 2 0
1 4 0
2 2 3
4 2 1
0 1 4
0 4 0
2 0 0
2 3 3
3 2 2
2 2 1
0 3 1
4 1 2
2 1 2
7 1 6
3 1 5
1 2 2
1 0 2
3 0 6
0 2 4
1 1 5
0 0 1
0 3 2
5 1 2
3 0 1
4 1 2
1 2 0
1 0 0
4 2 1
1 1 6
0 1 6
0 0 1
0 6 1
5 1 4
0 4 1
1 1 3
1 0 6
2 2 0
2 2 1
0 1 4
1 2 3
1 2 2
0 3 5
1 0 2
3 1 5
2 4 4
2 4 1
0 5 2
0 1 1
1 0 1
3 4 1
2 0 0
0 2 0
4 3 0
1 7 1
0 2 0
5 0 1
0 7 0
3 1 6
4 2 3
0 1 0
3 0 0
2 0 0
2 2 0
2 5 1
4 1 1
0 1 1
3 0 1
5 1 0
4 0 0
2 1 6
0 2 2
2 4 0
4 0 1
0 2 1
0 2 0
1 7 3
0 0 0
1 1 2
0 1 0
0 1 7
2 1 0
2 0 0
2 2 3
1 2 0
2 1 1
1 0 0
2 1 1
3 3 6
2 2 0
5 4 1
0 1 2
3 0 2
0 7 0
4 1 1
1 1 4
1 1 2
2 2 1
3 4 0
2 3 2
0 3 3
3 2 0
3 5 1
3 2 0
1 6 3
0 3 0
0 7 0
2 7 0
1 6 3
1 2 2
2 3 6
1 1 4
4 0 0
2 1 0
3 6 2
5 2 0
1 2 2
1 2 0
2 1 0
3 2 1
2 1 1
6 2 0
2 0 3
0 3 2
1 2 7
5 1 2
1 1 2
4 0 5
0 0 0
2 3 3
0 4 0
1 1 1
1 2 1
0 0 3
4 2 5
3 7 3
2 3 0
0 3 2
2 0 3
3 0 2
0 2 0
1 1 2
2 1 2
3 6 2
6 0 0
0 2 2
2 6 2
1 0 3
1 0 6
4 1 2
3 1 3
0 2 4
4 0 3
0 2 0
1 5 1
5 2 0
1 0 2
7 0 2
2 5 2
0 2 5
0 0 0
3 0 3
0 6 4
0 3 1
1 0 1
0 0 0
0 0 0
2 1 1
4 0 3
2 1 2
2 0 0
2 1 4
4 1 3
2 1 3
0 2 2
4 4 6
1 1 3
0 4 2
0 0 3
1 5 3
0 5 5
0 2 1
2 1 0
4 3 3
0 5 0
0 6 2
1 3 0
0 1 1
0 0 0
4 3 3
0 1 0
6 0 1
1 4 1
4 1 0
0 1 1
1 0 2
0 0 1
2 0 3
0 3 4
1 1 3
0 1 1
2 1 1
3 1 3
2 1 2
3 4 2
0 0 5
0 4 2
4 0 4
0 3 4
1 2 1
0 2 4
1 1 2
1 1 1
2 1 1
2 1 0
0 6 1
1 1 1
1 3 1
1 2 1
1 2 1
1 4 1
2 4 7
5 1 0
1 2 1
1 3 0
1 0 1
0 3 1
2 1 3
1 1 0
2 0 5
0 3 2
2 1 1
3 3 1
0 0 1
4 1 3
2 6 5
3 1 2
3 2 1
2 2 3
5 1 1
0 3 3
4 0 0
5 1 0
0 2 2
1 1 0
4 0 2
0 4 4
5 1 1
2 1 0
3 1 3
0 0 1
2 1 1
3 2 0
3 7 5
0 0 0
3 3 4
2 1 1
0 0 0
0 5 3
1 2 1
3 2 0
0 1 0
1 0 3
0 4 0
5 1 3
0 1 2
6 2 2
2 5 0
0 0 0
3 1 0
0 2 1
0 1 0
0 0 0
4 1 4
3 3 0
1 0 1
1 0 0
0 1 4
3 1 1
1 3 1
2 5 2
0 3 1
1 0 1
0 3 0
0 7 2
1 1 0
2 2 1
1 3 2
3 0 4
2 4 1
2 3 4
1 2 3
0 0 1
1 3 0
2 1 5
1 2 0
1 1 1
0 2 5
0 2 6
6 3 0
0 0 3
1 4 3
2 0 5
0 4 0
3 0 0
1 2 1
1 2 2
2 2 3
2 0 0
2 0 1
1 3 0
2 5 0
3 0 1
0 3 0
2 1 2
1 2 0
4 1 4
1 4 2
1 3 1
2 1 0
1 2 2
2 2 1
2 2 4
1 1 1
2 1 1
0 7 3
3 0 1
4 5 0
2 0 2
2 3 2
2 5 0
0 1 1
0 4 2
1 1 0
1 0 0
0 1 0
0 2 0
5 0 1
6 1 5
1 2 3
0 1 3
0 1 1
2 1 2
3 1 3
3 0 3
5 1 2
0 2 4
1 2 2
0 3 2
2 0 0
1 1 0
3 2 0
4 2 0
0 4 2
2 1 3
1 2 1
0 1 2
1 5 0
2 4 0
2 2 1
1 2 0
0 4 4
0 0 3
3 2 0
0 4 1
1 0 2
4 0 0
2 1 2
2 2 1
0 2 3
4 4 7
1 0 0
4 1 0
1 1 0
4 1 0
0 1 1
0 6 0
7 1 5
4 0 6
1 5 2
4 3 3
0 0 2
5 0 2
6 1 1
2 1 2
1 0 0
3 2 1
1 1 0
1 1 3
2 1 1
2 2 5
5 5 0
3 0 6
0 0 1
2 1 1
4 2 2
0 7 2
1 5 2
0 2 2
3 0 5
4 2 0
1 1 0
2 0 4
1 3 1
2 1 6
2 0 0
2 1 5
3 2 0
5 0 0
0 4 2
1 3 0
1 1 3
3 1 2
0 5 2
0 7 1
0 0 1
6 5 1
4 1 0
3 4 0
0 4 1
2 1 4
4 2 3
1 0 1
2 0 0
3 0 0
0 1 1
5 1 0
0 1 3
1 1 1
2 2 2
3 3 4
4 1 3
0 5 0
3 3 1
3 3 1
4 0 1
3 1 5
7 1 4
1 3 2
3 0 2
5 1 1
1 1 0
2 1 3
1 0 2
2 3 2
2 1 5
0 5 2
5 6 1
0 2 1
3 3 4
5 2 2
1 1 4
1 0 1
1 5 1
4 0 1
2 3 7
0 0 2
4 0 1
0 2 0
3 6 2
0 2 1
4 0 3
1 3 2
0 2 2
1 0 0
1 3 0
4 3 0
2 2 1
7 2 1
1 1 0
5 2 3
0 0 1
2 0 4
5 2 4
3 4 1
1 0 0
3 2 1
0 2 2
5 0 1
3 5 1
2 2 0
2 0 0
5 3 2
2 0 1
2 5 1
3 1 0
2 3 1
4 6 0
0 0 2
1 4 2
0 1 2
1 1 1
1 4 2
4 0 2
1 1 3
0 0 0
0 6 0
2 0 2
4 3 1
4 2 0
1 4 1
4 0 0
5 0 4
3 0 0
3 2 5
3 0 2
1 2 3
2 3 1
1 0 1
4 2 5
3 4 0
0 3 0
3 0 1
5 0 1
0 1 3
2 1 2
2 2 1
0 1 2
0 3 0
0 4 0
5 0 4
0 0 3
0 4 6
5 1 2
0 4 4
0 4 1
2 1 0
0 4 4
6 2 2
4 4 2
1 0 2
3 2 2
5 2 6
2 1 1
2 0 1
3 5 0
3 0 1
4 2 1
1 2 0
2 3 3
0 1 4
0 1 1
2 3 2
0 4 1
2 1 0
7 0 2
5 0 1
1 1 0
2 0 0
0 0 1
3 3 2
1 1 0
0 0 0
5 2 0
4 1 4
3 0 7
3 2 0
0 0 6
1 3 1
1 3 0
0 0 2
2 1 2
1 1 2
0 1 2
2 1 0
4 0 0
3 6 3
1 2 4
0 2 0
1 0 3
1 1 2
4 3 3
2 6 0
2 0 3
6 5 1
3 2 3
2 1 0
2 4 3
5 0 1
3 4 0
0 3 2
4 1 0
0 3 1
3 1 4
2 1 1
0 3 1
2 3 1
0 6 0
1 2 3
3 1 2
1 3 4
1 3 0
3 1 2
1 3 3
1 1 3
0 2 1
4 0 3
1 0 2
0 0 1
3 1 1
1 0 0
1 2 0
0 1 1
2 1 0
1 0 1
4 1 4
4 4 2
1 3 2
0 1 3
4 1 0
1 2 5
0 2 5
1 1 0
3 1 6
1 2 1
2 5 1
3 0 2
1 1 1
0 2 1
3 3 7
2 0 3
3 0 0
0 1 0
0 2 1
3 2 1
5 4 0
5 5 4
0 0 0
7 1 1
1 1 1
3 1 2
2 0 4
0 2 3
0 1 1
1 0 1
4 2 3
1 0 0
1 3 3
0 0 4
0 4 3
7 0 0
0 1 0
4 2 2
5 3 0
1 1 1
4 4 0
2 2 0
5 0 6
0 5 2
0 4 3
3 3 1
2 5 1
1 0 1
1 1 0
2 3 2
5 5 3
0 2 4
0 1 0
6 2 3
0 3 1
2 0 1
4 1 1
1 4 1
0 7 0
1 2 1
3 3 1
0 3 6
4 4 0
1 6 6
5 2 1
1 0 2
1 1 2
2 0 4
2 5 1
2 3 2
2 4 3
2 0 3
2 0 1
2 1 0
2 0 1
1 0 0
2 3 2
1 3 0
0 1 0
0 4 0
2 0 4
4 5 5
6 2 0
1 1 0
2 0 2
1 4 0
0 0 0
1 0 0
1 0 3
1 3 3
3 4 0
3 5 1
0 4 0
2 0 0
2 1 0
4 1 4
5 5 1
2 2 2
1 1 0
1 1 0
3 2 4
2 1 0
1 3 0
0 0 1
2 5 0
7 0 0
2 5 5
3 5 1
5 3 1
2 1 1
4 2 0
1 1 1
3 1 4
2 2 4
2 0 2
2 1 2
5 5 0
1 3 7
0 2 4
1 1 0
1 3 1
5 0 2
0 3 0
3 3 1
3 2 3
0 3 1
2 2 0
4 3 1
0 3 0
4 1 2
1 1 0
0 2 2
1 0 2
0 2 3
3 2 1
5 3 5
6 0 0
1 1 0
4 0 2
1 3 3
3 4 0
0 3 1
0 2 6
3 0 0
2 7 4
1 0 1
3 2 7
2 0 1
1 4 4
0 0 2
2 1 2
3 1 3
3 0 0
2 2 1
2 3 3
0 1 1
0 0 1
1 1 0
2 3 0
4 0 1
1 4 2
2 0 1
1 3 4
2 2 2
0 1 1
2 0 0
2 6 1
0 3 0
6 2 3
1 2 3
3 0 0
1 0 4
6 1 1
1 4 1
0 1 0
0 1 0
0 0 1
2 0 2
6 3 3
1 2 5
0 0 2
0 0 1
2 1 1
0 0 0
1 0 3
0 5 0
4 1 1
1 1 1
6 5 1
0 0 0
0 1 0
4 0 6
2 5 6
1 2 0
2 2 0
5 1 3
0 2 2
0 0 3
1 0 6
1 1 2
1 0 2
0 0 2
1 0 2
0 2 3
3 0 0
6 0 0
2 5 3
3 2 1
1 3 1
1 1 2
1 4 3
1 1 2
0 0 2
5 2 2
5 0 2
3 0 2
1 5 0
2 3 0
2 0 0
3 3 3
5 1 2
0 3 2
2 0 5
1 2 3
0 1 2
0 3 0
1 1 1
0 1 1
1 3 0
0 5 2
6 4 1
6 3 0
3 2 4
0 3 1
1 7 1
2 2 5
0 1 1
1 2 0
3 2 0
2 5 1
4 1 0
1 0 1
0 2 0
1 3 2
1 0 0
5 4 3
0 0 0
3 4 1
4 2 2
3 1 3
2 3 0
4 1 0
1 1 5
1 3 6
2 2 4
2 1 0
2 2 0
5 1 1
0 2 3
0 0 1
0 3 0
4 1 3
1 3 0
0 2 0
4 4 0
1 1 0
0 0 0
3 1 1
1 0 1
1 3 4
2 2 0
4 2 3
3 4 4
1 1 0
1 2 1
2 1 3
0 0 1
3 4 3
2 0 0
1 2 0
4 0 7
3 0 2
2 2 2
1 4 1
1 4 0
1 0 4
1 1 0
6 1 0
1 7 1
0 1 5
3 4 3
0 0 1
3 0 1
0 3 0
2 3 2
5 3 0
1 2 4
1 1 0
1 2 1
1 0 2
1 3 2
0 5 6
1 2 1
0 2 6
3 4 4
5 1 3
2 3 5
2 1 0
0 0 3
2 0 4
0 3 0
3 1 3
1 0 4
2 2 2
4 2 1
1 0 0
1 2 0
2 0 1
3 0 2
4 2 1
3 2 2
2 1 0
1 4 2
0 0 6
0 1 1
0 4 0
3 2 1
2 5 1
3 0 0
2 5 3
2 2 2
3 1 1
4 3 1
1 2 1
2 1 1
0 4 0
2 0 4
0 3 4
3 0 3
4 0 1
4 0 1
2 2 2
1 2 0
2 5 3
0 1 1
1 4 6
1 1 1
1 0 1
0 2 3
0 1 1
3 1 2
5 3 0
1 2 4
0 3 1
2 1 3
5 1 3
2 0 1
3 4 1
0 0 2
1 2 1
0 0 1
1 0 2
1 0 2
0 0 5
1 0 1
0 0 1
1 1 3
0 5 1
3 4 1
0 1 3
5 0 0
1 1 0
0 4 1
3 3 3
6 2 2
1 4 0
1 3 6
4 2 2
2 3 3
6 2 1
3 0 3
0 0 2
5 1 1
3 1 5
3 5 2
2 6 1
2 2 1
6 6 4
1 0 2
3 0 0
2 3 6
4 5 7
4 1 1
3 2 2
0 0 3
0 2 0
0 2 0
0 3 1
1 4 1
6 1 2
1 1 5
0 0 1
3 5 3
4 4 3
1 2 2
0 1 1
3 0 6
2 4 4
0 4 3
2 1 1
0 2 4
2 0 3
0 1 0
1 2 1
0 3 2
1 1 1
2 1 2
0 0 2
0 1 0
3 1 2
1 0 4
2 0 2
4 0 0
1 5 3
1 3 0
0 0 3
5 1 3
3 0 1
6 6 0
1 0 3
2 1 0
3 3 4
0 0 3
5 0 3
3 5 3
2 0 3
1 0 0
1 2 2
2 3 4
1 0 0
2 0 1
2 4 1
2 1 0
2 0 1
2 1 5
0 2 2
2 3 0
2 1 1
4 4 1
4 3 3
1 2 1
2 3 2
6 3 0
1 4 1
0 2 1
0 0 6
3 0 5
1 2 1
1 0 4
2 0 3
3 4 2
0 1 5
0 6 2
2 1 2
3 2 0
3 4 6
1 2 3
0 2 0
1 3 0
1 0 3
0 2 0
1 1 0
1 1 6
0 0 0
2 4 0
0 0 0
3 4 0
0 4 0
2 6 3
0 1 3
0 5 3
0 0 1
1 1 3
5 3 6
0 0 3
4 0 2
0 3 2
1 2 5
4 2 0
1 0 0
0 0 0
1 4 1
1 2 0
0 3 2
3 1 1
0 3 1
4 3 2
0 3 1
2 0 2
2 0 1
4 3 2
0 0 2
3 6 2
1 6 1
2 1 4
2 6 1
0 0 0
2 0 0
1 2 1
3 0 1
2 5 3
0 1 7
0 0 0
2 1 2
2 5 3
2 3 1
2 3 0
2 1 2
2 1 2
5 2 3
2 4 2
4 0 2
1 0 3
3 0 3
4 0 4
3 0 4
1 0 3
1 7 0
2 0 0
4 5 0
1 0 1
0 1 1
0 3 1
1 2 0
3 4 1
4 0 3
0 0 0
7 3 4
0 0 4
4 0 1
3 2 0
5 2 0
3 3 0
1 3 1
0 3 0
4 0 5
2 3 0
4 1 0
3 3 1
0 5 0
1 3 0
1 1 5
3 0 2
3 5 1
3 2 2
4 2 1
1 3 1
4 0 1
0 4 2
3 0 2
0 2 0
1 1 4
5 1 1
4 4 1
1 3 2
2 2 7
0 1 0
1 0 0
0 2 1
0 5 2
3 3 0
6 2 7
2 4 1
4 5 0
2 5 2
0 1 5
3 1 5
0 1 1
3 1 1
0 0 0
1 1 0
2 4 3
2 2 3
0 4 2
4 0 0
3 1 3
1 2 0
0 0 3
1 3 2
2 2 3
3 2 1
0 2 1
0 0 1
1 0 0
1 2 2
1 6 2
1 0 2
4 0 1
1 2 2
3 2 3
1 5 2
2 5 3
2 1 3
0 3 2
0 0 0
5 0 2
3 2 5
3 4 1
0 0 1
2 4 0
1 0 0
0 3 0
1 1 1
0 0 2
1 5 1
4 1 4
2 2 6
3 1 0
6 1 1
0 1 6
0 2 2
0 0 4
2 0 3
2 0 3
1 2 6
1 3 2
0 4 1
4 3 1
0 1 2
1 3 2
2 0 1
0 6 0
3 7 0
2 5 1
0 2 5
2 1 4
0 0 2
0 2 1
1 0 3
4 0 2
0 0 0
2 2 2
3 1 0
2 0 1
2 0 2
2 0 1
3 0 3
3 1 5
1 0 0
3 2 2
1 3 3
1 4 0
1 3 1
3 0 1
0 3 3
2 0 2
5 2 0
0 1 0
1 6 1
3 1 0
1 0 0
0 0 1
6 6 6
2 2 0
1 0 1
0 2 3
2 6 2
1 6 5
2 3 3
3 0 1
1 0 5
3 3 2
5 1 0
3 2 0
0 1 0
2 1 1
3 0 1
1 1 0
5 3 2
0 3 4
0 2 1
2 0 0
3 1 3
4 0 2
0 4 0
3 1 3
3 4 4
2 3 1
1 2 0
7 0 2
6 2 0
1 2 0
2 2 0
1 0 3
0 1 1
3 1 1
6 0 1
2 0 3
1 2 1
0 1 1
1 5 1
1 2 0
3 1 0
4 3 3
0 1 4
2 3 3
2 1 7
7 0 0
0 1 1
1 2 0
1 1 3
2 0 2
2 3 3
4 0 3
1 0 0
1 4 2
7 0 2
3 3 2
4 3 2
1 0 3
4 5 0
1 4 0
1 1 0
4 1 5
1 3 5
2 1 0
6 4 2
0 0 2
3 0 4
2 4 1
1 3 0
3 4 1
3 1 4
0 2 4
1 1 4
2 1 0
0 3 3
0 2 0
5 2 1
4 6 3
2 3 1
3 2 1
4 1 2
0 2 1
2 4 2
1 0 2
3 6 1
1 0 0
4 2 1
6 4 2
2 1 2
3 0 0
0 1 0
3 7 7
4 0 2
4 0 2
0 1 0
3 2 1
2 0 1
0 0 1
5 6 0
0 1 4
4 0 0
3 2 3
3 2 0
1 2 1
1 3 3
0 3 0
5 1 2
3 0 3
0 0 0
0 1 2
0 0 1
1 3 4
2 0 4
7 7 0
4 0 2
2 4 1
2 6 3
0 0 1
0 2 2
3 6 2
1 1 5
2 3 1
0 1 2
3 1 1
0 2 0
7 2 1
3 3 2
2 0 1
5 0 5
0 1 2
5 1 2
5 2 0
5 0 0
0 0 0
1 1 2
0 1 0
5 2 3
2 3 1
2 1 1
1 2 0
5 2 2
2 3 0
1 1 1
5 7 1
4 1 0
1 2 2
1 2 1
2 0 0
2 4 0
3 6 5
1 2 3
0 0 5
1 4 2
1 1 2
2 1 1
1 3 0
2 0 0
2 5 1
2 2 1
1 0 1
5 3 0
3 5 2
3 5 3
0 0 3
5 0 1
2 5 2
1 1 2
1 2 0
5 1 2
3 2 0
2 5 0
6 4 1
1 0 1
1 1 4
4 0 3
1 4 2
2 0 1
1 3 3
0 0 0
0 1 0
2 0 0
4 4 3
2 0 1
0 1 2
3 2 0
1 4 0
1 1 4
1 3 3
4 1 3
5 1 7
5 2 1
1 0 2
3 1 4
2 0 3
1 0 2
4 1 2
3 1 2
1 0 0
0 2 4
0 2 1
3 0 3
4 2 0
5 0 0
0 0 2
7 0 2
3 2 4
1 4 3
2 1 3
3 1 3
3 0 1
4 2 2
2 4 2
0 0 4
0 4 4
0 1 1
4 6 1
3 3 7
1 1 1
3 0 1
2 2 2
1 0 6
0 1 0
1 1 0
4 2 1
2 1 1
0 0 7
2 4 0
2 3 2
0 0 2
0 3 1
2 2 0
1 1 3
0 2 3
4 0 1
0 3 0
0 2 4
0 2 3
2 4 4
0 6 0
2 3 5
0 0 1
0 1 1
3 2 2
0 2 0
5 3 3
3 1 5
2 1 1
1 4 1
6 0 3
1 5 1
2 2 2
1 2 0
4 2 2
7 1 1
1 1 0
2 1 1
6 0 2
0 0 4
1 1 3
4 1 7
2 2 2
5 1 0
2 3 1
1 1 3
0 0 4
6 1 1
3 0 0
0 5 0
1 3 2
2 2 2
1 2 2
1 1 1
2 0 2
0 4 1
1 4 1
1 0 2
1 2 1
4 0 1
0 1 1
0 2 1
0 0 1
4 3 0
0 3 1
4 2 1
1 1 3
0 3 3
3 3 3
3 5 1
4 1 1
1 0 0
0 4 1
0 2 4
1 3 2
1 4 2
1 2 1
3 2 0
0 4 0
0 1 5
0 0 2
1 2 1
4 4 2
2 2 4
1 0 1
6 0 3
6 1 3
1 6 3
4 0 0
4 0 1
5 2 3
7 1 4
1 6 1
1 2 2
4 2 1
3 4 3
4 3 1
1 4 1
2 6 2
4 4 3
1 1 1
4 0 3
0 0 2
1 0 4
3 0 0
0 3 1
0 2 1
1 3 0
5 0 1
5 0 0
0 0 2
3 3 1
2 2 4
1 1 3
1 0 3
2 2 1
1 3 5
0 0 1
3 0 2
2 1 1
0 0 4
0 1 6
2 0 0
4 0 0
5 1 3
2 5 3
0 0 3
2 1 1
0 1 1
3 0 0
3 3 1
7 3 7
0 3 1
3 4 2
1 0 1
2 0 1
0 1 0
0 0 1
0 6 2
2 3 4
4 4 2
2 2 1
0 4 1
1 2 1
5 5 0
1 0 2
1 2 2
4 3 0
1 1 0
4 2 3
2 1 0
0 0 1
0 2 0
3 0 1
0 1 7
2 7 3
1 0 5
0 0 3
2 0 1
1 4 2
4 1 2
0 0 1
0 1 0
2 1 3
5 1 4
2 0 1
4 1 1
0 2 1
5 1 0
5 3 3
1 4 2
0 1 1
1 0 2
6 2 1
1 2 4
6 1 1
4 0 2
3 2 0
2 1 3
0 1 1
1 1 3
1 1 0
2 1 1
0 2 1
1 1 2
2 1 0
2 3 2
0 0 1
0 1 1
0 2 0
2 0 0
3 2 1
2 3 6
1 3 0
2 1 4
3 1 3
0 2 1
2 2 0
3 0 1
0 1 0
1 0 0
4 2 1
3 0 1
3 0 0
5 4 1
3 0 0
2 3 4
2 2 6
2 4 1
3 2 2
3 2 0
3 3 1
0 0 3
0 2 2
0 0 3
1 1 2
1 1 0
0 5 2
3 2 3
0 0 1
2 0 1
2 4 0
3 2 3
6 2 1
0 2 5
1 2 2
0 1 3
5 2 2
2 6 3
1 0 7
0 2 2
0 1 0
1 2 1
1 3 3
1 1 0
1 4 6
2 0 2
6 2 2
3 3 0
4 2 2
0 2 1
2 1 0
1 0 2
1 2 0
5 1 1
0 3 1
1 2 3
5 3 1
0 0 3
2 1 0
3 4 1
2 2 3
1 0 3
1 5 1
4 3 3
2 1 4
4 2 0
0 3 1
0 1 3
3 3 0
3 1 0
0 2 3
4 2 0
0 0 0
0 6 0
2 0 2
0 2 2
2 0 6
3 3 2
5 1 5
4 6 4
1 1 0
0 1 0
1 0 0
4 0 4
4 3 0
0 0 0
0 2 0
1 4 3
0 1 0
2 1 2
2 1 0
1 0 3
6 1 3
0 0 4
5 1 3
0 2 4
3 0 1
1 0 0
3 2 1
3 1 0
0 0 0
1 0 3
0 2 1
4 4 1
0 5 2
1 3 4
1 0 0
3 3 1
2 2 0
2 2 1
2 1 1
2 0 2
0 1 5
1 2 2
2 0 6
1 3 1
0 0 1
6 1 1
3 4 1
1 3 3
0 0 2
0 1 0
2 1 1
4 3 1
3 7 0
5 0 1
0 5 2
1 2 0
0 1 0
0 0 4
2 0 3
3 0 0
1 1 0
6 1 3
2 0 5
0 0 0
1 1 3
0 0 2
0 2 1
2 2 3
1 0 1
0 3 1
3 4 6
3 3 0
3 0 3
2 0 2
4 0 2
6 1 0
0 0 0
3 0 2
4 0 1
0 1 4
2 6 4
3 2 0
1 7 0
2 2 7
0 6 5
1 5 2
1 0 1
7 0 0
3 1 2
0 4 1
1 1 1
0 4 2
0 3 0
1 4 3
0 2 3
0 0 3
0 1 4
3 1 0
2 0 2
7 2 6
1 0 1
4 2 4
0 2 1
2 3 2
4 1 6
0 2 3
0 1 0
5 0 3
2 3 0
0 0 3
0 3 2
7 3 1
1 1 0
2 7 0
2 0 2
2 0 1
1 2 0
1 2 1
5 4 1
0 1 1
1 1 0
2 1 1
0 3 2
2 2 0
3 0 5
3 1 3
0 0 1
1 0 0
1 0 0
1 3 1
1 1 1
1 3 2
4 3 1
3 2 4
0 1 4
3 0 2
1 2 4
1 1 0
4 1 1
2 2 7
0 2 3
0 2 2
3 2 3
0 0 1
2 0 1
1 1 0
1 6 6
0 1 3
3 5 1
2 3 6
2 0 1
0 0 1
2 4 0
0 1 4
2 1 0
0 6 4
3 2 0
0 3 1
3 1 2
0 7 1
2 2 2
1 1 1
1 3 2
3 0 3
1 2 0
2 2 0
4 0 1
0 1 0
1 0 0
0 5 3
1 7 2
2 2 2
7 1 3
0 1 1
2 7 5
0 1 1
0 3 2
4 2 0
0 0 2
1 1 2
0 7 0
2 1 1
3 2 4
2 1 0
0 3 1
4 1 5
7 3 3
1 3 4
5 3 6
3 2 0
4 3 6
3 4 1
2 2 4
3 3 1
1 6 2
0 4 0
0 1 4
1 4 0
3 2 2
3 1 2
1 3 1
3 1 0
3 3 0
1 0 3
0 1 0
0 3 2
1 1 3
2 3 5
0 0 0
1 4 0
4 3 1
3 3 1
0 0 4
1 2 0
0 4 0
1 5 2
1 4 1
3 4 6
4 2 0
4 1 4
1 2 1
0 0 0
1 1 3
4 3 1
2 1 3
3 1 3
1 1 0
1 1 4
3 2 0
0 3 2
1 2 0
3 0 3
2 0 3
1 3 3
1 0 0
1 2 1
2 2 0
0 0 1
2 1 1
2 0 0
2 3 3
0 0 1
2 5 4
3 2 5
2 0 2
3 1 0
3 1 0
0 6 1
3 6 0
6 3 1
0 0 0
3 0 3
4 1 4
4 0 4
0 1 1
3 2 4
3 0 0
1 2 1
2 4 0
2 2 1
0 1 0
1 0 2
0 5 4
1 6 1
4 1 1
3 4 1
2 2 1
1 1 2
0 0 0
1 3 7
0 1 0
2 0 0
0 3 7
3 0 0
1 4 1
0 2 1
4 1 1
0 0 4
3 0 2
3 3 1
0 2 1
6 0 0
6 0 0
2 1 1
2 3 1
6 3 1
2 0 3
0 1 1
4 0 1
1 0 5
1 2 2
4 1 7
1 1 6
0 1 2
0 1 2
1 5 2
0 1 3
1 1 1
3 2 1
2 2 2
0 0 7
0 4 5
0 3 1
0 4 0
2 1 0
0 2 3
0 1 5
4 3 2
6 3 2
1 2 0
0 7 4
5 1 5
2 2 0
1 3 0
0 0 0
3 3 4
1 6 0
1 0 0
1 0 1
1 1 2
0 6 3
2 2 7
2 3 4
4 0 3
0 2 1
2 0 4
0 0 1
3 0 0
1 1 4
1 2 0
0 2 4
2 2 5
1 1 1
1 1 0
0 7 0
2 5 1
0 0 2
0 1 2
0 1 1
1 4 0
2 1 0
1 0 4
0 1 1
0 2 3
6 4 3
0 0 5
3 0 0
4 2 1
1 0 5
2 0 0
0 5 1
0 2 4
1 3 1
2 0 2
0 0 3
2 5 0
2 3 6
0 1 3
3 6 4
0 1 1
2 3 0
0 1 4
1 2 3
6 0 7
0 2 3
0 3 5
0 0 0
2 0 2
3 4 3
0 1 1
2 0 0
0 3 1
1 0 2
0 2 0
0 1 2
1 1 0
0 0 1
3 0 1
2 0 2
1 0 5
0 1 1
0 2 0
2 1 2
0 3 4
3 0 0
0 3 3
4 3 4
2 0 5
4 1 1
3 3 3
1 0 1
3 1 1
3 0 1
1 1 1
4 2 6
5 3 1
1 1 0
5 5 2
2 1 1
1 2 4
0 2 3
2 2 0
1 1 3
6 0 3
6 1 0
0 3 1
3 1 3
1 1 1
1 2 1
0 1 1
4 2 1
3 3 0
1 2 0
3 2 0
5 0 0
1 1 4
1 1 2
1 2 2
1 0 2
3 1 1
2 2 3
1 1 2
2 0 0
1 7 0
5 4 1
1 0 0
0 4 3
5 4 0
0 3 2
2 1 1
3 2 1
1 4 4
4 4 3
0 1 0
0 2 2
5 2 2
2 0 1
6 1 2
3 1 2
2 0 0
6 2 1
1 3 2
1 1 1
2 4 0
1 1 3
1 2 0
2 0 2
1 3 4
2 1 1
3 7 0
1 0 1
4 0 1
1 1 2
3 4 3
5 4 0
1 3 1
1 3 2
2 0 0
1 7 1
2 0 3
3 0 1
3 2 4
4 2 3
2 3 0
0 6 1
1 2 4
0 0 1
3 1 3
0 6 1
0 1 2
4 3 1
1 1 1
5 2 3
1 0 0
3 0 5
0 1 0
2 4 2
6 0 4
6 2 1
1 6 2
0 1 3
2 3 4
2 5 1
1 4 5
0 3 1
0 1 2
3 3 1
7 2 6
3 5 2
2 1 0
0 2 1
1 1 1
0 2 0
0 5 3
1 5 2
2 0 1
0 0 3
1 4 1
1 0 0
3 4 6
0 2 3
1 0 5
3 7 2
4 0 3
1 0 1
2 0 2
0 1 1
2 5 7
1 2 0
1 5 3
1 1 3
2 2 0
3 0 1
4 0 1
3 3 1
4 4 3
0 4 1
2 1 3
0 5 5
3 1 0
0 1 3
0 0 1
6 1 5
5 5 1
0 2 1
0 2 1
2 4 2
2 1 4
2 3 1
4 1 4
0 2 0
1 3 4
3 1 0
0 5 1
0 0 5
0 0 4
2 0 2
2 1 1
1 2 3
3 3 3
2 2 0
2 2 1
1 3 1
0 0 1
0 4 2
3 1 0
1 4 4
0 1 1
0 1 1
1 1 1
1 5 1
7 0 0
3 2 0
2 1 0
6 3 1
1 1 1
0 1 6
1 1 0
0 0 0
2 1 1
0 2 2
3 3 0
7 2 2
1 6 2
0 3 3
2 2 3
1 0 1
0 2 7
0 1 0
2 0 1
2 0 3
2 1 2
0 7 1
1 2 0
6 1 0
0 2 0
0 1 3
0 0 2
0 0 5
0 2 0
1 6 2
0 2 5
3 1 1
0 1 2
3 4 0
3 0 2
2 1 2
3 2 0
5 4 0
1 0 1
0 1 1
1 0 1
1 1 1
6 2 0
0 0 0
4 3 2
0 2 2
0 1 1
7 2 2
1 3 0
0 2 0
4 1 0
0 3 2
2 3 2
1 4 4
0 4 2
4 5 4
0 2 5
3 3 1
1 1 2
5 4 2
0 1 1
2 3 0
4 3 0
1 0 0
3 0 0
2 2 0
0 1 2
2 1 0
3 1 2
6 1 1
4 0 3
1 3 0
4 1 0
2 7 1
0 4 0
1 0 0
0 1 4
3 0 1
1 1 1
0 0 1
4 3 2
4 1 3
0 2 3
2 3 0
1 0 5
2 7 1
0 2 2
1 3 0
2 1 2
0 4 3
5 0 3
7 1 0
1 2 0
1 3 2
0 2 5
0 5 1
0 5 2
1 0 5
1 4 2
0 2 4
0 4 1
3 4 3
0 3 0
3 1 3
1 2 2
1 0 1
1 3 4
0 0 5
5 0 3
0 1 1
2 0 4
4 2 0
4 2 0
1 3 0
0 2 1
4 0 2
0 2 7
6 0 1
2 2 5
2 2 4
1 0 1
2 4 0
1 0 3
0 2 5
3 2 0
1 5 5
1 0 2
4 2 0
1 2 7
0 0 0
1 4 0
0 1 1
0 3 2
2 5 3
1 1 0
0 3 1
4 0 2
1 1 3
1 0 1
4 2 3
1 0 1
2 0 2
3 0 1
2 4 1
1 4 0
0 0 0
1 0 0
1 1 1
2 0 1
0 1 5
1 2 4
6 3 0
1 4 0
0 1 3
0 1 0
2 0 1
3 0 3
1 1 1
4 0 3
3 4 5
2 3 2
3 7 1
0 2 2
0 1 3
2 1 2
3 2 1
5 4 1
0 1 1
3 2 4
2 4 3
3 1 2
4 2 1
4 4 5
2 1 4
2 2 3
3 0 1
1 1 1
2 4 3
0 2 1
3 1 4
2 2 1
0 1 1
1 6 0
2 0 3
2 1 0
6 1 4
0 4 0
3 4 0
1 2 0
0 6 5
1 1 3
6 1 1
1 0 2
5 0 4
1 0 2
2 3 1
3 0 2
5 3 0
0 5 0
1 3 3
1 1 1
2 1 1
4 2 7
1 3 1
0 4 1
1 4 0
4 0 2
2 3 2
0 1 1
2 1 5
3 2 1
2 1 5
0 3 0
5 0 0
3 2 0
0 1 1
3 6 2
0 3 1
4 3 2
3 2 0
4 1 3
4 2 0
0 1 1
0 6 2
3 1 2
2 5 4
2 1 7
4 1 1
5 3 0
4 2 1
3 0 4
6 2 1
1 6 7
1 2 1
5 1 2
2 1 0
0 3 5
1 1 1
2 0 3
0 2 0
2 6 6
5 3 2
1 2 6
3 3 7
5 5 0
1 2 2
3 3 1
6 2 1
1 0 1
3 2 0
4 0 1
0 2 1
1 3 6
7 3 1
2 0 5
0 0 5
3 2 1
2 2 1
0 0 3
1 1 2
2 1 3
1 1 0
0 6 4
2 2 5
1 1 1
1 0 1
6 3 0
2 2 0
4 2 0
1 3 2
1 6 1
3 0 2
3 3 2
0 4 5
2 2 0
0 1 5
1 0 5
1 4 3
5 2 4
3 4 1
1 3 5
1 0 3
1 1 3
3 4 0
2 1 3
3 2 1
0 6 5
0 4 2
0 2 1
3 0 1
1 2 4
3 4 1
4 1 1
1 0 6
0 0 0
1 3 0
1 1 1
0 3 0
0 1 4
1 3 0
6 3 2
0 4 4
1 2 1
6 1 2
3 1 0
3 0 3
2 0 4
2 0 4
3 4 2
0 0 0
1 3 0
2 0 1
3 1 1
3 3 1
1 1 3
2 3 0
0 2 2
3 0 0
0 1 0
5 1 2
0 2 4
1 2 1
5 1 0
0 3 5
3 4 0
0 2 2
1 3 1
3 0 1
0 2 2
1 0 4
3 3 5
7 3 3
0 1 0
4 4 3
0 2 1
1 2 2
0 6 2
6 2 0
0 4 2
4 3 0
1 1 1
0 1 1
2 2 1
0 4 0
0 1 0
3 0 2
0 1 0
4 1 2
0 0 0
2 1 0
2 1 0
5 1 5
1 7 0
1 3 0
1 5 3
2 4 5
3 2 1
0 0 1
2 6 1
0 1 1
2 0 1
0 0 1
3 5 0
1 2 0
0 0 2
0 2 2
0 5 3
1 0 1
1 1 2
2 0 0
1 4 6
3 1 1
0 3 3
3 3 1
3 0 0
0 3 1
3 1 6
0 3 1
2 3 2
0 1 1
1 1 1
0 3 2
0 0 2
3 0 5
0 3 1
2 1 0
0 2 5
3 1 6
0 5 0
2 0 1
0 1 4
2 2 0
3 3 5
2 0 3
1 1 2
3 1 3
0 1 7
0 2 2
3 1 0
1 5 3
6 3 6
0 3 1
4 0 0
1 0 0
1 0 1
1 0 4
1 5 4
3 3 2
2 2 4
3 1 1
0 0 1
3 1 1
1 4 5
1 3 7
1 5 2
4 0 1
2 1 7
1 1 0
2 4 4
2 0 1
0 1 5
3 1 1
2 1 3
0 1 4
2 5 3
2 0 4
2 1 3
0 1 6
5 3 1
4 0 2
0 1 1
3 3 2
1 3 1
2 2 5
4 2 4
1 2 3
2 7 1
7 1 0
0 1 2
1 2 2
2 2 3
1 1 2
0 4 2
0 1 0
1 0 5
0 0 2
2 0 7
5 2 4
6 3 1
1 3 0
1 3 0
1 0 2
1 3 4
0 1 0
0 1 2
0 2 1
0 2 1
6 1 1
0 1 1
0 4 0
2 2 0
2 1 1
0 3 2
2 1 1
0 1 2
3 0 0
0 2 3
0 1 2
3 2 1
3 1 1
1 6 4
1 1 1
2 4 1
2 4 3
1 0 0
5 2 1
1 3 0
1 2 3
1 2 1
4 1 5
4 1 2
1 1 7
2 4 1
2 0 0
4 4 0
1 2 1
2 3 1
5 6 0
1 3 3
4 2 2
5 3 1
5 0 6
1 0 1
6 2 0
0 2 2
1 1 1
0 0 0
3 1 2
1 2 0
2 0 0
0 3 1
0 1 2
0 2 2
2 1 3
0 2 2
4 1 7
1 1 3
1 2 2
4 6 2
1 1 0
3 0 0
0 1 4
0 2 2
1 1 2
6 1 2
1 0 1
1 0 6
3 5 2
0 1 3
4 0 0
3 4 5
4 2 3
0 5 3
0 5 1
1 4 4
2 0 3
6 3 0
4 5 5
0 1 0
4 1 1
3 4 1
1 0 3
4 4 0
3 4 6
1 1 1
2 2 2
1 0 1
2 4 3
1 3 1
1 4 6
4 0 0
0 2 4
0 3 1
4 1 5
4 0 0
1 1 2
0 0 2
0 0 1
1 1 3
4 2 3
0 4 3
1 0 4
3 3 3
0 2 0
1 1 4
3 3 0
1 5 1
4 5 3
3 0 2
1 6 0
0 0 4
3 4 0
3 0 0
0 2 0
6 3 3
0 1 0
0 2 3
0 0 0
4 2 4
1 1 3
3 0 0
3 1 1
1 0 3
1 2 5
0 4 0
0 6 7
3 2 2
2 1 2
0 3 3
3 0 7
3 1 1
1 2 0
2 0 0
0 2 5
2 3 0
3 0 0
0 3 4
2 3 0
2 1 2
4 0 0
0 0 4
2 2 0
0 0 3
2 0 1
2 2 5
0 1 5
1 1 2
0 0 5
2 4 1
3 2 4
0 2 2
1 6 0
1 1 2
4 0 1
2 2 1
3 2 6
2 2 0
3 0 5
0 1 1
5 0 1
1 1 5
1 0 4
0 3 2
1 0 1
0 5 0
0 4 1
0 1 0
1 0 3
2 4 1
2 0 2
3 0 3
2 0 2
1 2 1
1 2 2
1 0 5
0 3 4
2 2 1
4 2 6
2 0 5
1 4 0
4 1 2
1 5 2
1 2 1
1 0 1
1 3 1
0 0 3
6 3 1
1 1 1
2 2 1
1 0 0
0 1 0
2 0 0
1 3 0
0 5 2
2 3 1
0 0 0
2 0 5
1 3 4
2 2 2
1 0 1
4 2 6
1 2 3
0 0 2
0 7 1
0 2 1
1 4 5
1 1 0
0 1 1
4 3 2
2 3 1
1 4 4
2 0 1
1 1 1
2 2 3
1 1 0
2 0 3
0 1 3
1 0 1
1 1 3
3 1 1
2 1 0
1 2 0
1 3 3
1 1 0
2 1 2
2 0 5
4 3 4
0 2 2
1 1 0
0 4 2
2 1 1
0 0 0
3 1 0
1 2 0
1 2 0
1 0 3
0 2 3
2 1 2
3 2 3
0 0 2
0 0 4
0 4 1
7 2 5
3 0 0
3 0 3
1 1 3
2 1 0
1 3 1
3 1 4
0 4 0
0 4 0
5 2 1
0 1 4
5 1 0
0 4 1
2 0 3
3 7 1
3 4 0
1 0 1
1 2 5
5 5 0
1 0 2
2 7 4
1 0 2
1 0 0
0 5 2
2 0 0
2 4 1
5 4 0
0 2 2
1 5 0
1 5 3
7 3 0
2 0 1
2 1 0
0 0 1
5 1 2
2 0 0
4 1 1
1 3 3
4 5 3
1 1 6
3 0 6
3 1 2
3 5 3
3 5 0
2 0 3
3 1 1
0 3 1
1 4 3
0 0 1
0 0 2
0 0 0
5 2 1
5 0 2
0 5 2
1 5 1
6 0 0
2 1 4
2 3 0
0 3 0
0 0 1
3 0 2
0 0 0
1 0 2
2 1 0
2 2 4
1 0 1
5 1 2
3 1 0
1 3 1
1 1 3
3 3 4
2 0 4
1 2 1
2 0 2
0 0 2
6 5 0
1 2 2
2 2 3
0 5 3
0 6 2
0 1 7
2 0 0
1 0 3
6 6 3
0 1 6
1 1 1
1 3 4
1 6 0
0 4 1
5 2 3
0 0 0
0 1 3
4 1 0
1 1 3
5 5 2
1 0 1
4 1 3
0 2 2
4 3 5
4 1 2
2 0 1
3 1 2
2 4 1
1 1 1
3 2 2
4 1 1
1 4 4
3 5 2
2 4 2
1 2 3
3 0 0
0 4 0
1 1 1
2 3 1
3 2 0
3 3 1
1 3 2
1 2 1
4 1 6
0 1 4
0 4 0
3 1 0
2 0 1
0 2 0
4 1 6
1 6 0
2 6 0
2 2 0
1 1 3
1 4 1
5 1 1
2 0 3
1 1 4
2 2 1
3 5 1
2 4 0
0 4 2
0 1 0
0 1 2
2 1 0
3 2 0
0 3 2
4 1 4
1 0 4
1 1 5
0 1 1
3 0 0
0 4 0
4 0 4
0 0 0
2 0 1
2 3 2
2 1 1
4 0 3
4 6 1
0 1 1
2 3 0
0 4 3
4 1 1
0 0 3
0 2 0
1 1 2
0 4 2
1 3 0
2 4 0
3 3 0
2 6 0
4 2 5
0 0 5
4 1 0
0 0 2
1 4 2
0 2 0
1 0 3
4 2 3
2 3 4
6 1 3
2 5 7
1 1 2
4 1 0
1 4 1
0 4 0
3 2 3
2 3 2
0 0 2
1 1 1
1 2 0
4 4 1
1 2 3
4 3 1
0 2 3
2 1 0
1 2 3
2 0 0
0 1 0
1 3 1
0 0 1
1 3 0
1 0 0
1 4 4
0 2 0
6 2 3
1 2 0
1 2 1
5 1 0
2 2 0
2 2 4
2 0 4
3 2 1
1 3 6
1 0 0
2 1 3
0 1 3
3 0 4
0 3 1
1 3 0
4 2 2
4 3 1
2 1 2
1 2 4
3 0 1
2 5 4
2 2 0
0 2 4
2 3 5
0 1 3
1 2 2
1 1 3
0 3 1
4 1 0
4 1 3
3 0 4
1 1 0
5 0 2
2 6 5
0 2 0
0 6 0
0 1 0
1 1 3
0 1 1
1 3 1
2 2 3
4 1 2
0 2 3
1 1 3
2 2 1
3 0 2
3 0 0
0 7 2
1 0 7
2 2 1
1 0 1
2 1 0
2 0 0
1 2 3
1 2 2
0 3 4
2 4 0
1 2 0
4 0 3
2 1 3
1 2 1
0 4 4
3 4 2
3 2 5
1 2 2
1 0 1
2 0 3
1 1 0
0 2 2
0 3 4
2 0 0
3 1 1
5 2 0
3 1 3
1 1 0
1 2 1
0 0 0
0 2 3
2 5 0
6 2 4
0 5 3
0 1 0
2 0 2
4 1 0
4 2 1
7 1 1
1 5 2
1 1 2
0 1 2
1 6 4
2 2 3
1 1 2
2 0 4
0 0 4
1 2 2
1 0 1
5 2 1
1 2 2
5 2 5
2 0 2
0 2 1
0 3 5
2 1 2
1 2 1
5 0 5
1 2 1
1 0 4
1 0 3
1 0 0
0 0 0
1 1 1
6 2 0
0 2 0
2 1 4
0 1 0
5 1 3
1 5 4
0 0 2
2 4 0
1 1 7
3 0 1
4 1 2
2 1 0
1 0 2
3 0 0
1 6 1
4 0 1
3 0 2
3 3 2
0 4 0
7 1 1
2 0 0
2 4 0
1 0 0
0 0 0
0 6 2
3 1 1
3 2 2
4 4 1
5 0 5
1 0 1
2 3 1
3 3 2
2 0 1
1 0 1
0 1 0
1 1 2
1 0 6
6 0 2
7 0 1
1 3 1
6 2 2
0 1 0
7 4 1
1 1 4
2 4 0
2 2 2
2 4 6
1 6 5
3 4 3
3 0 3
4 1 0
0 0 0
0 1 1
3 0 1
1 1 2
0 0 4
2 3 1
1 4 2
0 1 0
0 1 1
1 5 5
1 1 0
3 7 4
2 1 2
1 0 1
0 0 1
3 0 1
1 4 1
0 0 1
2 0 0
3 0 0
2 1 3
0 2 1
4 1 3
3 1 1
4 1 2
1 2 0
1 5 0
1 1 0
2 0 0
2 0 2
1 2 3
0 2 2
2 2 0
1 0 4
0 1 0
2 2 1
3 2 2
0 3 1
2 3 1
6 1 1
0 4 1
2 4 1
1 2 0
0 6 1
2 4 2
2 2 2
3 6 3
2 1 4
0 4 5
0 3 4
0 7 1
1 6 0
2 0 1
6 0 0
3 4 0
2 1 3
1 3 2
0 0 0
1 5 6
0 0 1
4 0 0
0 1 1
2 0 1
2 1 1
0 7 5
6 0 2
2 1 0
0 1 1
0 1 2
2 2 5
3 2 2
0 0 0
1 2 0
1 4 1
1 0 3
7 3 5
7 0 0
0 4 0
0 5 4
2 0 1
2 1 2
5 1 3
1 0 7
1 1 3
2 0 2
3 4 2
1 4 6
1 1 2
1 0 2
3 1 0
4 6 4
0 6 1
0 4 3
2 1 1
1 2 1
1 1 3
1 2 0
0 2 0
2 3 4
0 0 3
1 1 3
0 1 0
0 0 4
1 0 0
1 1 0
1 0 3
2 6 2
1 2 1
2 0 1
3 1 2
1 0 1
1 1 1
2 2 5
1 6 2
2 5 0
0 2 4
3 1 1
4 2 2
0 0 0
1 2 0
6 5 0
3 4 1
0 5 1
1 1 4
1 4 1
5 1 2
3 2 3
1 5 3
0 2 1
3 5 0
0 1 0
1 2 0
5 0 1
5 4 1
7 6 2
1 1 4
1 4 2
1 0 0
0 0 1
2 1 0
1 5 1
0 2 0
3 2 5
1 1 4
0 4 0
0 0 1
3 0 0
5 2 5
1 0 2
1 1 1
3 1 0
3 1 2
6 1 4
2 1 2
1 2 0
0 3 0
2 0 4
3 1 4
3 2 1
0 5 6
0 0 2
1 2 3
0 0 0
0 2 3
4 0 1
2 0 1
0 2 1
3 1 4
0 0 1
3 0 5
1 1 3
0 6 1
2 1 3
5 1 0
2 0 2
0 2 0
0 1 3
6 2 5
0 2 2
2 1 0
1 0 3
5 0 0
2 2 6
3 2 2
1 0 1
1 0 2
5 2 0
0 4 2
0 1 1
6 5 1
5 0 3
1 3 1
3 7 2
2 0 3
0 3 0
2 1 3
0 0 0
1 1 7
1 1 2
1 0 5
1 3 2
0 0 1
1 2 5
3 0 2
1 0 2
2 3 0
1 3 0
3 3 1
1 0 0
4 0 0
1 5 1
0 2 2
0 4 0
2 1 0
0 1 4
0 2 2
0 1 0
1 0 1
3 0 3
1 5 5
4 0 4
2 0 2
3 6 4
1 1 0
0 5 0
0 0 0
2 2 1
0 1 1
3 0 2
2 0 0
0 3 1
4 1 2
0 1 2
3 4 1
2 2 1
1 4 4
3 2 4
0 5 2
0 5 1
2 4 4
3 2 0
4 3 2
2 0 0
5 7 1
4 2 2
3 4 1
2 0 0
4 1 1
0 3 1
3 2 2
1 3 0
0 3 3
4 2 2
0 1 2
3 0 2
0 0 5
1 2 0
1 3 1
3 2 2
2 1 0
1 3 2
7 0 0
0 1 4
0 2 3
1 2 1
0 2 4
0 5 3
0 0 0
1 1 2
7 0 1
5 0 4
1 1 0
1 1 3
2 0 5
0 3 0
2 5 1
0 1 0
0 0 2
0 1 2
1 4 0
4 6 2
3 1 3
4 5 2
0 1 0
1 0 2
3 0 0
2 3 1
3 2 1
1 1 0
0 2 1
1 1 4
2 2 4
1 1 2
4 6 1
4 7 4
7 1 4
3 0 4
2 4 1
4 0 0
0 1 4
5 2 2
0 0 1
6 0 1
2 0 2
3 0 0
2 6 1
1 0 2
2 0 1
2 4 0
0 0 1
5 3 0
0 2 6
1 1 0
4 2 2
2 3 0
1 1 1
4 4 5
4 3 3
5 0 3
0 0 3
0 0 1
0 1 0
0 0 0
4 7 0
1 0 0
6 2 2
0 0 0
6 3 0
1 1 2
0 2 1
3 2 2
0 3 0
0 2 1
2 2 0
0 1 1
1 0 1
0 0 0
2 1 4
0 0 3
0 1 0
2 0 0
0 3 2
2 0 0
1 0 1
2 0 1
1 5 0
4 2 1
2 6 0
0 1 2
0 0 1
3 1 0
1 3 2
3 2 0
2 7 6
1 5 0
5 4 0
0 5 0
3 0 0
1 1 3
1 1 3
1 0 1
4 5 0
1 6 4
2 4 2
0 0 2
7 2 0
0 1 1
2 0 0
3 0 6
3 5 5
2 0 1
1 0 0
2 2 1
3 2 2
2 1 1
1 1 3
2 0 1
3 2 1
1 2 1
1 0 0
4 3 3
0 1 0
4 0 0
2 1 0
1 1 2
0 0 1
3 4 0
1 7 3
2 0 0
1 4 2
2 0 2
2 5 5
4 0 3
1 0 1
1 0 4
2 1 3
2 1 7
3 0 0
0 6 1
1 1 0
2 1 0
2 0 1
1 2 1
1 5 5
0 0 0
5 1 4
1 6 0
1 3 7
2 1 2
2 7 1
3 3 3
5 4 1
1 0 4
1 0 4
2 0 4
3 3 2
0 0 3
1 1 4
7 2 5
1 0 0
4 3 5
5 3 3
3 6 2
5 4 4
1 0 3
1 3 1
0 0 2
0 0 3
0 0 3
1 1 2
1 3 0
0 2 3
0 3 2
2 1 5
3 0 3
2 4 1
1 1 0
1 0 0
6 0 0
2 2 2
0 1 2
7 3 1
4 5 0
0 0 4
1 0 4
1 2 5
4 0 2
1 3 1
0 0 3
1 2 1
1 3 1
1 1 2
1 4 0
1 1 0
0 5 7
0 3 0
0 2 0
3 1 0
1 0 5
1 1 0
2 7 0
5 5 0
2 1 1
2 0 3
3 5 4
1 5 0
2 6 1
2 0 3
2 5 2
4 4 4
4 4 2
1 0 3
7 1 2
1 0 1
1 0 2
0 1 1
5 0 3
0 5 1
0 0 2
2 1 2
4 1 0
5 3 3
2 6 2
0 5 2
4 1 2
2 4 4
1 2 2
0 3 2
3 0 6
1 1 0
1 4 1
1 3 2
1 1 2
1 2 0
6 0 0
4 2 2
0 0 4
1 2 6
0 1 2
0 1 0
4 7 1
0 0 1
2 0 6
1 0 2
2 1 1
1 1 0
0 4 1
0 0 1
0 1 1
0 0 1
2 2 0
2 1 0
1 2 3
6 3 1
0 2 4
0 3 2
0 0 0
4 0 2
0 1 2
0 0 2
1 0 0
0 1 1
0 1 0
2 2 0
3 3 3
0 4 0
1 0 0
0 1 1
1 2 2
0 0 1
1 0 0
0 1 2
2 3 1
1 1 2
2 0 2
4 1 3
1 2 0
1 2 0
2 3 2
4 7 2
4 2 7
4 2 2
1 3 4
5 1 3
5 1 0
1 0 2
1 1 0
1 1 2
0 3 2
0 1 1
0 0 1
1 2 4
0 1 2
0 0 5
0 4 0
1 2 5
2 0 1
2 3 2
1 0 2
3 1 2
2 4 3
5 2 2
2 0 3
1 1 4
2 6 2
1 0 3
1 0 3
3 3 1
3 5 0
5 3 4
1 5 2
0 2 2
1 1 3
0 4 1
2 2 1
0 5 1
0 0 5
3 0 0
1 0 3
0 1 0
0 0 1
0 0 1
1 0 3
0 1 3
1 4 3
1 0 1
1 1 0
1 1 1
0 3 0
2 1 0
3 2 0
2 0 1
1 1 0
1 6 1
1 2 5
1 1 1
2 3 0
4 3 0
1 2 2
1 0 1
1 3 1
1 6 1
4 4 0
1 3 1
1 0 2
2 3 1
0 1 4
2 6 1
3 2 6
4 1 0
1 5 1
1 6 5
4 2 4
0 1 1
2 3 2
3 2 3
0 1 0
1 0 5
0 7 5
0 1 2
0 1 4
1 3 3
0 2 0
3 2 3
0 0 2
5 0 5
0 4 1
0 3 2
3 2 1
4 7 3
3 2 0
0 2 2
1 0 1
6 0 6
1 1 0
1 1 2
3 0 1
2 1 0
1 0 1
3 0 2
1 2 2
1 2 1
0 3 5
2 0 3
3 3 1
7 0 0
4 2 0
1 2 4
0 6 3
3 4 0
2 2 0
5 1 1
0 1 2
2 0 5
3 2 1
0 1 2
0 1 2
1 0 2
7 2 1
1 1 1
2 0 0
2 2 1
0 0 0
0 2 6
1 2 2
0 5 0
1 1 1
3 3 1
4 1 0
0 3 1
1 0 1
0 0 2
1 1 3
2 1 5
0 3 2
2 1 2
4 0 5
6 2 6
1 1 6
2 1 5
0 0 5
1 0 0
0 1 1
0 1 0
2 2 2
1 2 4
1 0 0
2 0 2
0 2 1
3 2 1
2 0 4
3 1 3
1 5 0
2 3 4
1 3 1
6 0 2
1 2 1
2 0 0
1 4 2
3 4 7
4 1 5
0 1 1
0 4 0
0 1 0
3 1 3
0 4 2
2 1 0
2 1 3
2 3 0
2 2 3
1 0 2
2 1 0
3 2 0
0 0 0
0 1 0
1 3 2
3 0 5
1 0 2
2 0 2
0 5 4
2 7 1
2 4 1
0 6 0
2 1 5
1 1 1
2 2 1
3 3 3
1 2 1
7 7 2
2 4 2
5 2 3
7 5 0
2 2 2
0 4 3
0 6 0
2 0 2
4 0 1
3 0 1
1 0 4
4 4 3
0 1 7
4 6 4
1 2 1
3 5 7
5 0 4
1 0 1
0 2 0
0 3 1
0 5 2
3 4 4
0 2 2
1 0 0
0 1 1
0 2 3
0 0 0
0 0 0
0 1 2
2 1 5
1 2 2
0 5 1
0 5 4
1 6 4
7 5 0
0 0 1
3 0 1
1 0 7
2 5 3
3 2 0
0 1 7
1 3 3
4 2 1
2 3 1
2 2 2
0 5 0
1 7 4
2 4 1
2 1 1
5 2 3
0 2 6
2 1 6
2 1 3
1 2 2
0 0 0
4 0 1
1 1 2
0 0 2
0 0 2
0 3 1
3 3 4
6 0 4
1 3 0
6 1 2
1 0 1
1 0 0
3 4 4
0 3 0
7 1 2
2 0 0
1 1 1
1 1 3
4 0 0
3 6 2
2 0 1
1 0 2
2 1 1
2 0 0
0 6 0
2 1 0
4 6 2
1 0 0
0 0 3
0 0 0
3 2 2
0 2 3
0 1 3
3 2 3
1 1 3
4 0 0
0 2 2
1 2 0
0 2 0
0 0 4
1 1 1
3 4 0
1 3 1
6 2 0
0 0 1
4 2 1
1 1 0
6 3 6
5 3 2
0 1 2
3 3 6
3 0 4
0 6 1
1 2 3
0 0 2
2 4 6
2 4 1
6 2 1
1 0 0
2 7 1
2 2 3
0 2 0
0 2 2
4 1 5
6 4 1
2 3 1
1 4 1
0 1 1
0 0 1
3 1 1
5 0 4
1 4 2
4 0 2
1 2 0
1 1 1
3 0 1
2 5 4
2 4 3
1 0 1
1 0 3
3 3 4
0 3 2
1 2 0
1 4 4
0 1 3
5 2 2
6 1 1
3 3 5
0 0 0
1 1 0
1 3 0
3 0 3
1 3 0
3 1 0
4 2 2
0 1 3
0 3 1
3 1 3
5 7 0
3 3 4
1 1 0
4 1 0
6 1 4
1 0 2
2 0 1
3 1 1
0 1 3
1 1 2
1 2 3
2 0 2
1 1 1
1 2 0
0 1 0
4 3 0
1 2 6
4 0 2
1 4 0
2 4 4
1 5 1
2 7 2
4 0 1
3 0 0
4 5 0
0 3 0
3 4 2
3 1 2
3 0 1
6 0 1
0 1 4
2 0 2
3 0 0
0 7 2
3 3 2
2 0 4
0 5 3
2 0 1
1 1 1
4 1 4
2 2 1
2 0 2
2 0 1
6 2 3
1 0 3
1 2 0
3 1 5
2 1 0
1 0 1
2 0 1
1 3 1
0 2 0
4 0 2
4 3 0
0 1 0
5 4 4
3 2 0
3 1 7
0 1 1
1 4 1
4 0 4
2 1 4
3 0 4
2 2 0
5 1 1
3 0 0
3 0 2
0 2 2
1 0 2
4 0 1
1 3 4
1 1 1
4 1 4
0 2 0
7 4 0
1 2 1
3 3 3
3 1 4
7 0 0
1 0 2
0 1 2
0 3 2
1 1 1
0 0 3
0 6 2
3 6 5
2 3 2
0 0 1
2 0 3
1 0 1
1 0 1
3 1 2
2 3 0
0 0 1
3 2 1
0 2 1
0 5 1
1 2 1
0 2 5
2 0 2
0 1 3
1 0 1
1 3 2
0 0 0
1 1 2
2 0 2
0 5 4
7 6 1
0 1 0
1 1 0
1 0 3
3 0 5
5 7 3
3 2 2
5 6 0
2 4 2
0 3 4
0 2 3
3 2 0
7 2 6
1 4 2
0 2 2
4 1 0
3 1 3
4 2 2
1 5 5
1 3 0
2 2 0
2 0 0
3 1 0
0 2 0
0 1 2
1 5 3
1 1 0
0 2 3
0 3 1
4 0 4
1 1 2
1 3 0
0 1 5
0 3 4
2 2 2
0 6 2
1 0 2
1 0 0
0 0 3
1 2 1
3 0 1
1 2 5
1 0 1
2 5 2
1 0 5
2 2 2
5 1 4
2 3 3
3 0 4
0 2 1
1 1 0
1 2 1
2 4 0
5 1 1
0 5 5
2 0 0
0 2 3
0 1 0
5 0 2
0 4 2
1 3 0
0 2 1
1 2 2
2 3 1
3 3 1
3 1 2
0 3 0
3 6 2
0 1 0
5 4 3
1 0 3
0 1 1
2 0 0
2 1 1
0 1 2
5 2 2
3 2 5
1 4 2
3 0 0
2 0 1
2 0 5
0 0 1
1 4 1
5 1 0
0 0 2
0 0 0
2 0 0
4 0 2
0 1 1
2 2 2
3 1 4
1 1 3
0 6 0
0 3 4
5 2 0
7 6 1
1 7 1
0 0 2
7 2 6
0 0 4
3 0 0
0 2 2
1 3 1
4 1 2
1 4 4
0 3 2
0 5 1
0 0 3
6 5 6
0 0 0
2 4 1
2 3 3
0 0 1
1 0 2
0 2 0
3 3 1
3 1 4
2 0 1
6 4 0
0 0 1
4 2 3
1 5 3
1 2 1
1 3 0
0 3 2
1 0 0
1 0 0
4 1 5
1 1 1
1 5 2
4 3 2
3 7 3
0 0 0
1 5 1
0 1 0
5 2 7
0 4 1
3 2 1
4 2 2
2 0 1
1 1 1
0 1 0
5 1 2
2 3 1
0 2 0
7 2 1
1 1 3
0 2 2
4 2 3
1 0 2
2 1 0
2 1 1
7 4 0
5 3 2
2 1 0
0 2 1
2 0 4
0 0 1
4 3 2
5 0 1
0 0 0
1 3 0
0 5 2
0 2 0
1 2 1
1 1 0
1 2 0
2 3 1
1 4 0
3 2 1
1 1 4
1 5 1
0 3 3
0 3 1
1 2 0
4 4 1
1 1 2
4 5 2
3 2 1
0 0 7
0 0 0
2 3 0
0 5 1
0 1 1
2 0 0
2 3 1
2 0 0
0 0 2
1 1 4
0 2 1
2 3 0
1 2 2
3 2 4
5 1 6
4 0 0
5 3 3
3 1 1
5 3 0
1 1 5
1 0 1
0 0 6
2 4 0
1 1 0
0 6 1
4 4 2
2 4 0
1 2 1
3 3 1
2 0 1
2 3 2
5 1 3
6 5 2
1 2 0
0 1 1
4 0 1
4 3 1
2 1 2
2 6 1
1 1 1
1 1 3
1 2 2
0 4 1
1 2 1
3 2 0
1 7 2
0 4 0
3 0 1
0 2 1
3 1 1
1 0 0
5 4 2
1 0 0
2 3 0
2 0 0
1 0 2
5 6 5
1 3 3
1 1 2
1 2 3
0 4 1
3 1 1
1 0 5
0 4 4
0 1 0
2 0 4
4 2 1
2 0 3
0 1 2
1 1 0
1 1 2
2 2 0
5 0 1
0 2 1
0 1 0
1 4 1
2 3 2
0 2 1
4 1 0
1 1 0
0 0 0
3 5 1
3 2 4
0 3 3
0 1 2
0 5 2
0 0 1
2 4 2
5 0 4
2 3 1
0 2 2
1 1 1
2 0 3
7 2 0
7 1 1
0 1 0
1 0 0
6 2 0
0 3 0
0 3 2
3 4 0
2 0 0
1 1 2
0 0 1
2 6 0
1 0 1
1 0 1
1 2 0
3 0 1
3 1 3
5 1 6
5 1 1
0 3 0
1 1 7
1 3 0
3 3 4
1 2 0
3 4 1
0 1 0
1 2 3
0 0 0
0 1 0
2 4 0
1 2 0
1 3 6
5 0 2
1 5 4
0 5 0
0 1 1
0 3 2
0 2 0
5 4 3
2 0 1
1 0 3
1 1 6
0 6 2
0 3 6
0 1 1
1 3 0
4 2 0
2 4 2
1 5 2
0 0 1
1 1 0
0 0 5
2 1 1
2 0 2
1 0 3
2 0 1
0 1 2
2 0 1
5 1 1
2 1 0
1 1 2
0 2 3
1 1 2
0 5 6
1 1 6
0 6 1
0 1 1
6 2 3
0 1 0
0 2 2
1 0 0
0 0 0
3 1 4
2 5 3
1 2 2
2 3 1
2 5 0
0 2 1
1 3 4
3 5 1
0 5 4
3 6 2
5 1 3
4 0 1
0 2 3
5 1 0
3 0 3
0 0 0
0 3 3
1 3 2
1 5 1
5 0 2
0 0 1
0 0 4
1 0 0
1 0 3
1 0 2
1 2 0
4 2 1
1 2 1
0 1 0
0 2 0
0 1 4
5 1 1
0 0 1
3 2 3
0 0 1
0 0 0
7 0 0
1 0 0
1 5 3
0 3 0
1 1 5
0 0 1
0 1 4
1 0 1
0 3 3
1 2 0
3 4 2
1 7 2
2 4 4
1 3 2
4 1 0
4 0 1
5 1 2
2 3 1
0 0 1
1 3 1
1 2 2
2 2 1
1 1 1
5 1 6
1 5 1
0 0 1
4 1 1
2 1 3
1 3 0
0 0 1
0 1 0
2 1 1
2 2 1
2 1 1
0 6 0
5 1 4
4 0 2
0 3 1
1 3 2
4 0 0
0 1 3
0 3 0
0 1 6
2 4 2
0 4 2
6 5 1
0 2 0
7 3 3
4 5 1
4 1 0
0 1 7
3 2 6
0 3 0
0 2 5
1 2 5
2 0 3
1 0 1
0 5 0
1 0 0
3 0 1
2 0 2
1 4 2
0 1 1
2 0 6
4 7 2
1 3 0
1 3 4
0 1 0
2 0 1
6 0 3
2 2 0
2 7 1
0 1 4
2 2 0
0 4 2
0 1 0
3 5 4
1 1 1
6 0 1
1 4 5
1 1 1
0 0 0
0 4 3
4 2 6
2 0 2
0 1 3
1 3 0
2 3 1
2 0 3
0 3 0
1 1 3
2 1 1
4 2 6
1 7 0
1 0 4
1 1 2
1 1 2
5 2 5
6 0 1
5 3 0
2 3 2
0 4 3
4 3 1
6 2 0
5 2 0
1 4 2
1 1 3
0 2 2
1 1 0
4 1 2
3 0 2
1 1 0
0 4 3
5 0 1
2 2 1
2 4 1
2 2 2
0 1 0
1 2 3
2 0 1
0 1 0
1 0 0
2 0 1
0 1 2
0 5 5
6 3 1
5 2 3
4 2 1
0 0 0
0 0 4
0 6 0
1 3 0
6 3 0
3 0 1
2 0 0
0 5 0
1 0 5
3 0 1
1 2 1
7 0 1
2 1 1
3 1 1
1 3 2
0 7 3
1 2 2
0 5 2
1 0 1
1 4 2
3 3 1
3 1 4
4 1 1
4 4 1
2 0 2
1 6 2
2 1 3
1 3 0
0 5 1
2 4 1
0 1 4
0 3 2
1 0 5
3 3 5
2 1 5
1 1 3
2 2 2
2 4 4
3 1 0
1 1 0
5 0 0
3 1 4
3 2 0
5 2 4
2 2 1
2 2 2
0 6 0
1 1 0
1 0 2
1 1 0
1 5 0
0 3 2
3 1 2
0 2 2
1 2 2
1 2 4
0 2 3
4 1 1
2 1 3
3 2 2
0 1 3
2 2 2
0 0 2
6 3 1
2 1 1
2 2 0
0 1 4
5 2 3
1 0 3
0 0 0
0 0 7
2 5 2
3 1 4
2 0 6
4 1 2
0 2 1
3 0 1
0 4 0
0 0 2
1 2 5
2 0 0
2 1 3
2 0 5
0 2 2
4 3 3
1 0 6
2 4 0
1 0 0
2 4 1
0 0 1
1 0 0
4 3 0
3 2 1
5 0 6
0 4 1
1 2 5
1 4 1
4 2 2
2 1 0
0 1 3
4 0 1
4 0 1
2 2 1
3 2 0
2 2 2
1 5 5
3 0 0
0 2 3
4 0 2
3 0 2
1 3 2
2 2 0
0 2 1
2 1 1
0 2 3
5 0 1
1 1 1
2 2 2
2 1 0
0 4 0
1 0 4
2 3 6
0 4 0
3 3 0
1 3 1
1 4 2
1 0 5
2 5 3
1 5 4
3 2 2
1 1 1
2 1 3
0 4 1
5 0 0
0 0 4
1 0 4
3 3 4
2 1 2
3 2 0
0 5 2
3 0 5
0 2 5
2 0 2
2 1 1
0 4 2
3 1 2
1 4 0
0 1 1
0 1 0
1 3 1
1 0 1
7 2 2
0 4 0
3 2 2
4 1 2
5 3 0
4 0 4
3 1 3
1 4 3
3 0 1
3 2 0
4 2 1
3 0 0
5 7 1
1 2 1
7 0 3
2 2 0
0 0 0
0 3 0
