7 2 15 1000
309
569 1004
539 1073
612 927
627 975
552 1061
596 930
615 964
118 181
170 176
142 189
189 149
126 181
125 109
155 132
113 40
16 23
11 17
15 10
19 10
19 22
14 7
20 17
15 22
15 14
11 21
15 23
21 16
12 18
12 24
16 9
11 12
9 21
21 7
26 18
10 9
15 21
10 18
25 6
10 25
10 14
18 17
20 18
9 16
17 14
12 22
11 8
19 10
16 15
9 6
18 21
18 11
14 20
20 21
14 13
25 26
24 16
14 12
14 11
8 15
9 19
12 7
11 16
20 16
23 16
11 18
14 9
12 14
12 11
22 19
15 6
18 25
14 19
8 15
16 12
17 12
20 22
15 10
14 7
10 18
16 15
22 26
12 15
18 10
22 13
12 20
11 24
15 11
18 16
23 13
8 12
14 16
15 6
20 24
5 14
15 24
21 14
13 18
19 25
13 6
24 23
9 14
9 26
21 25
10 15
12 15
11 12
9 15
23 14
17 18
18 17
24 22
15 7
13 12
21 12
12 10
12 12
14 18
21 15
11 12
18 13
23 11
14 10
10 15
11 12
15 10
14 11
13 23
7 9
13 15
18 18
10 18
15 18
20 7
16 26
14 13
18 23
18 21
15 25
24 6
14 11
8 14
21 20
19 19
13 9
14 19
20 20
5 15
13 15
10 18
12 15
19 6
18 13
10 13
14 20
8 16
21 14
21 23
18 23
16 13
16 17
7 23
14 18
11 12
16 22
18 21
13 16
14 17
8 12
5 20
5 10
16 16
21 13
16 8
12 22
9 23
10 17
9 11
10 19
17 18
22 19
14 11
13 18
12 18
8 16
11 10
13 7
18 12
5 10
22 7
20 16
22 6
13 17
19 14
18 11
10 12
16 18
18 9
18 19
21 8
6 14
20 18
10 15
10 9
20 16
13 16
14 18
14 15
17 17
26 13
11 22
18 12
23 18
17 22
16 16
12 13
17 17
16 14
21 15
13 15
21 17
15 13
15 9
17 13
14 13
23 15
10 13
13 19
10 9
6 14
12 9
17 15
19 26
14 13
9 14
16 11
15 19
7 18
19 12
19 17
22 10
16 7
22 20
18 15
13 16
14 7
11 19
26 19
19 12
25 11
22 17
12 14
10 14
19 18
12 18
11 18
18 19
20 16
20 12
20 16
15 16
15 20
23 15
20 11
13 10
22 14
23 19
13 14
17 14
6 22
16 9
15 6
12 15
11 7
22 16
9 23
18 25
14 17
8 15
20 13
13 10
9 24
15 20
14 24
13 19
23 12
10 21
13 19
12 21
19 8
15 5
14 10
15 16
21 11
15 12
8 18
22 18
14 15
18 13
20 13
22 22
11 14
15 19
13 9
11 11
14 7
22 20
18 13
9 20
26 22
14 7
7 16
14 17
22 13
14 11
18 12
20 14
8 5
22 14
13 12
11 12
14 19
8 15
25 9
20 16
23 14
12 17
16 13
20 23
8 20
19 10
21 21
13 23
11 8
16 10
26 24
24 21
18 17
18 7
15 14
7 22
11 13
18 15
12 17
16 23
6 7
14 13
15 20
23 13
19 19
23 10
23 21
14 21
22 6
24 14
7 14
18 9
12 9
9 12
15 14
16 8
12 25
24 16
20 24
16 14
5 11
14 14
13 13
17 16
24 13
17 15
18 14
15 14
13 9
20 9
9 19
13 8
15 13
13 13
14 8
25 13
17 14
17 5
14 22
5 14
20 16
14 17
11 11
9 19
8 19
20 22
7 13
11 19
10 12
5 9
15 12
13 13
10 11
10 15
21 9
17 9
20 7
8 18
22 23
15 15
12 19
10 12
21 20
8 18
15 17
21 10
10 16
22 11
8 9
18 21
20 15
15 13
9 9
22 9
14 25
7 20
17 10
11 12
13 15
15 14
20 7
24 16
16 13
15 10
23 15
5 9
17 8
14 17
19 26
16 22
26 25
14 24
9 9
18 14
20 18
7 13
14 15
14 15
20 14
10 8
17 15
17 7
24 19
23 6
11 20
17 12
15 10
16 18
19 16
9 19
18 18
14 13
13 15
13 12
17 6
16 11
8 5
17 16
13 24
10 9
19 12
9 11
17 21
22 10
15 25
24 16
12 18
15 17
21 13
15 7
24 18
25 26
23 7
15 11
17 18
16 10
13 17
17 10
19 8
15 25
18 16
8 16
12 12
17 12
17 21
16 13
19 14
17 19
21 5
13 5
23 9
18 11
20 12
19 11
9 18
22 20
8 18
8 15
22 19
9 19
8 13
18 9
16 17
19 11
6 17
20 6
15 22
11 25
8 11
16 13
14 19
24 19
11 15
18 7
14 16
10 12
7 21
17 14
17 8
25 13
16 14
21 17
22 23
16 16
20 16
14 12
19 26
11 5
16 11
18 10
19 24
23 18
16 15
7 13
12 18
14 10
19 14
9 8
21 19
17 12
13 12
12 11
11 18
17 14
14 23
19 21
10 11
8 9
13 17
10 11
22 18
8 23
22 18
13 15
15 18
12 13
20 20
15 7
13 11
12 17
15 12
19 13
25 11
10 9
20 16
16 18
12 18
24 6
11 23
12 11
9 23
11 17
9 15
22 13
17 11
21 22
20 14
6 11
15 20
19 9
17 15
23 10
6 12
13 16
11 9
16 11
14 9
18 12
23 10
12 12
19 16
20 17
18 14
12 13
21 11
22 18
13 21
17 10
15 16
21 14
5 17
13 23
21 14
16 22
15 10
12 16
13 20
14 7
22 16
14 25
14 12
21 22
15 19
15 12
19 16
12 20
8 21
8 8
7 13
8 20
10 6
7 18
14 15
15 13
10 25
16 11
14 20
8 9
9 17
9 19
17 19
18 11
12 21
23 14
15 17
18 22
7 10
9 16
14 16
26 9
10 12
14 12
10 16
15 6
16 10
16 12
10 16
25 21
16 11
12 13
18 13
16 11
17 20
8 16
21 14
22 19
11 25
15 15
21 15
15 26
18 18
18 22
14 14
20 17
16 13
6 18
15 16
11 11
14 10
15 11
13 14
21 20
15 6
16 14
15 12
19 18
12 10
13 13
18 9
23 19
11 12
7 17
10 14
17 20
15 13
23 11
16 10
17 21
15 26
12 12
17 20
18 11
7 12
18 9
19 10
19 15
13 9
17 14
21 18
11 9
12 10
9 11
24 25
11 19
11 12
12 12
13 13
12 14
13 20
9 11
26 17
11 10
20 20
18 13
16 15
17 26
18 12
10 11
14 20
15 8
16 9
9 12
14 13
18 17
9 20
16 9
8 18
8 12
12 8
19 25
18 22
15 17
6 19
13 9
15 19
13 11
7 22
12 24
16 15
19 11
9 7
14 12
7 15
11 22
8 18
12 11
11 10
15 9
11 24
8 24
17 20
17 16
14 20
13 14
18 9
18 18
6 15
9 7
11 15
16 15
16 22
10 10
15 14
19 11
19 15
18 13
16 9
14 12
10 10
18 12
10 22
17 13
18 20
17 9
16 19
22 12
17 21
19 13
14 11
13 8
12 11
19 17
19 16
10 9
15 9
8 15
11 15
19 21
25 18
19 21
14 25
18 20
13 23
13 12
9 24
18 9
20 20
13 21
12 24
12 15
10 16
21 9
20 11
11 11
8 14
12 11
12 16
18 15
12 19
11 12
24 18
7 8
14 8
20 11
17 16
11 19
10 10
19 5
14 12
12 17
17 19
22 16
13 26
7 8
12 14
10 18
21 14
10 8
10 11
10 20
17 19
8 7
21 14
21 14
13 6
20 11
19 15
16 10
23 21
11 17
26 13
18 19
19 10
17 8
19 9
9 16
12 18
15 13
15 14
11 18
18 12
18 8
6 10
24 15
15 8
25 14
25 17
14 7
11 9
23 16
20 10
16 18
10 11
8 7
22 12
17 17
12 12
20 13
21 14
7 10
17 16
19 12
17 16
9 21
13 16
16 20
10 14
12 11
22 15
7 17
8 12
17 13
7 14
18 9
24 10
17 18
12 25
19 14
6 7
23 9
19 25
11 16
7 14
17 21
22 6
25 13
13 8
15 15
10 14
16 20
5 14
12 18
10 11
18 9
7 7
21 11
20 9
17 17
21 9
9 19
18 23
16 9
23 10
16 15
13 12
17 9
22 18
22 15
17 13
9 8
20 23
25 9
10 13
16 10
23 12
16 18
23 20
15 13
24 8
8 24
16 9
10 24
24 14
18 18
13 15
13 9
14 14
15 11
10 9
20 18
16 10
11 15
13 7
11 19
10 14
10 17
6 11
17 15
8 14
16 7
9 24
19 13
20 14
24 11
17 18
12 20
25 17
18 16
17 7
16 9
17 12
11 16
16 9
15 22
11 15
13 23
18 15
11 13
10 16
11 10
8 8
6 10
15 7
22 9
15 11
13 19
16 12
12 14
8 14
14 17
14 18
10 12
17 9
11 8
11 20
17 10
5 9
14 23
11 22
15 20
22 25
9 8
12 16
10 22
24 13
18 10
16 20
11 21
16 19
13 6
16 15
11 15
10 9
22 17
7 8
5 17
14 18
19 14
17 7
20 15
8 9
13 9
11 15
15 13
20 13
10 12
7 21
11 16
16 18
14 12
9 9
18 14
25 12
25 8
20 10
13 16
9 12
22 9
25 10
21 6
7 17
8 21
13 16
22 12
10 5
14 14
19 18
14 12
16 16
13 5
7 15
17 15
12 19
22 22
18 19
13 21
14 13
9 19
11 12
17 8
16 5
21 20
12 24
17 10
20 10
15 9
20 15
18 14
8 17
18 15
21 17
10 13
15 15
17 13
15 12
12 16
7 23
8 22
24 21
18 15
22 19
21 11
21 11
19 16
15 8
8 12
13 13
21 9
18 10
26 10
12 14
20 17
17 11
18 18
25 11
17 21
14 16
19 17
15 15
9 14
7 15
15 17
13 9
8 13
13 15
18 21
19 11
12 16
18 20
11 22
9 15
10 11
20 12
12 9
12 13
17 22
12 15
19 19
11 10
13 13
9 16
21 17
12 23
13 18
7 17
10 17
15 22
15 17
21 21
21 24
22 14
13 10
19 20
15 13
14 19
19 12
19 14
21 17
16 11
19 6
17 18
15 17
13 22
19 15
20 11
17 12
17 12
24 13
19 13
11 9
7 20
16 10
18 11
8 16
14 25
7 20
16 16
12 7
18 20
6 11
13 10
7 19
19 12
10 19
14 11
16 16
26 13
20 18
25 10
18 25
16 16
9 15
11 18
11 17
18 14
9 16
5 14
14 24
12 9
12 13
23 14
9 10
21 11
15 15
16 15
7 24
16 22
10 13
21 22
10 15
11 8
10 21
17 10
9 11
9 18
20 13
10 8
18 18
16 16
14 19
6 14
10 17
13 17
16 16
21 21
5 9
18 15
20 13
19 23
10 15
8 9
13 12
12 22
8 12
15 18
13 7
23 19
8 17
6 17
21 16
20 13
14 9
11 12
20 8
11 13
18 16
12 16
13 22
6 21
19 8
12 21
12 15
16 14
17 21
25 12
16 9
20 20
11 16
11 18
14 11
19 17
17 9
8 16
23 14
24 15
9 10
18 18
19 8
26 16
19 21
15 14
26 20
11 12
18 25
16 11
25 11
19 16
11 12
7 15
24 13
17 7
23 7
10 12
19 12
18 15
21 13
16 26
16 22
16 13
9 21
25 16
13 15
21 12
18 10
24 10
11 10
18 22
17 18
13 25
11 7
19 14
17 10
13 15
10 11
16 7
10 18
15 14
21 10
10 15
13 9
18 13
15 22
17 18
12 15
16 11
15 15
17 18
14 25
15 8
7 11
10 14
14 15
12 9
15 18
13 18
12 7
11 12
22 12
11 22
22 15
18 13
8 19
18 14
6 15
17 19
14 22
16 16
14 11
15 13
8 19
18 18
19 17
10 15
18 21
9 12
17 8
15 24
19 12
11 19
18 12
14 14
23 20
22 7
14 14
8 14
16 11
13 14
13 10
20 15
19 14
17 14
13 16
14 11
20 8
15 16
6 11
6 12
23 8
19 8
13 8
7 10
20 24
19 9
14 17
15 13
17 12
20 20
13 24
11 16
8 18
18 17
14 10
13 17
7 23
12 8
14 6
11 20
5 14
10 19
15 21
14 14
22 22
10 8
10 14
14 11
8 13
18 16
20 12
15 15
12 21
20 12
13 10
16 17
12 14
19 25
24 14
11 5
6 10
11 9
15 17
10 19
9 15
17 9
24 9
12 9
8 18
10 13
20 10
11 9
14 7
25 12
23 13
20 6
16 15
16 17
19 20
19 25
10 8
23 16
17 10
22 17
16 18
19 18
14 16
19 14
18 6
13 12
23 10
16 16
8 7
11 23
17 17
14 7
11 9
14 13
16 22
12 13
15 18
20 17
12 17
9 16
16 21
26 16
17 21
11 19
15 17
8 10
11 7
14 10
18 14
19 15
15 19
18 8
17 17
24 10
21 7
18 20
10 15
13 17
13 23
19 16
14 9
19 18
9 19
18 7
17 7
14 7
21 24
16 20
17 8
11 23
16 18
19 13
12 17
25 17
18 6
26 20
15 11
8 18
13 16
14 10
15 10
13 16
11 18
13 10
15 12
12 6
19 8
10 10
11 12
22 20
9 8
16 8
15 13
17 20
11 18
11 11
16 26
13 11
7 11
24 12
17 13
15 15
18 12
5 12
19 20
12 18
11 19
7 13
19 16
19 7
17 9
9 10
7 15
14 14
18 6
17 13
9 7
20 14
8 26
12 11
12 23
15 19
13 13
9 16
15 9
6 13
10 11
11 21
6 15
14 15
22 9
15 15
17 16
22 12
10 19
12 8
15 13
21 12
16 20
11 16
22 20
19 14
8 13
11 9
22 13
11 15
15 16
21 14
17 12
9 14
8 11
16 12
22 9
20 20
25 20
17 15
13 21
17 17
13 25
12 26
13 18
25 26
19 12
13 12
15 5
15 10
25 12
17 6
12 10
15 17
11 13
19 19
14 17
25 14
13 7
16 17
12 17
15 16
18 13
8 20
17 10
25 17
10 15
5 11
7 14
22 14
18 24
16 25
6 9
23 15
16 12
11 9
15 15
8 15
13 10
18 11
14 9
16 19
18 11
17 24
17 15
16 6
17 22
11 13
6 19
17 14
26 13
15 14
22 12
11 8
20 17
20 20
10 12
16 13
13 17
21 17
22 22
17 10
11 14
18 16
22 16
8 19
24 23
11 20
13 12
20 11
7 11
18 12
9 7
15 21
24 18
13 17
12 7
22 11
18 6
12 15
12 18
15 18
18 13
10 11
10 19
19 18
5 19
7 11
12 24
10 19
16 19
13 23
16 11
14 20
16 14
14 11
11 13
15 18
18 8
14 19
21 17
11 12
20 11
11 21
22 22
17 14
23 19
13 9
10 18
23 11
9 9
15 17
10 12
15 20
9 13
19 15
14 12
12 13
11 19
19 21
25 21
9 14
23 14
20 19
16 19
15 20
7 10
13 23
12 13
13 13
18 11
10 17
17 14
10 19
14 20
12 14
16 20
22 11
12 22
11 12
12 19
11 7
13 11
17 21
13 16
11 15
5 13
14 19
20 11
16 11
12 14
14 20
20 8
24 20
8 20
14 19
17 10
8 14
15 23
13 10
7 13
20 20
8 20
9 12
17 5
11 17
10 12
13 16
11 15
14 14
14 10
25 17
10 23
7 15
17 7
11 9
14 8
14 25
7 9
23 8
17 15
7 11
16 18
16 9
9 8
17 13
19 10
13 16
21 16
23 17
22 13
9 13
18 12
16 10
6 17
13 16
23 20
15 14
12 20
8 18
9 15
11 13
21 8
11 14
15 11
13 13
12 19
18 17
13 22
13 10
6 16
17 9
12 15
11 7
15 6
11 16
11 10
11 11
14 26
20 17
26 14
10 12
18 15
10 19
19 15
10 8
22 8
19 12
17 9
7 24
8 9
8 10
9 10
21 17
21 18
25 10
11 15
21 19
16 7
10 18
14 10
18 22
17 14
20 10
24 22
11 13
25 12
21 21
12 10
12 17
16 18
16 11
16 9
25 7
21 7
8 13
8 22
23 19
7 9
22 18
17 10
16 5
16 14
21 12
9 13
8 17
10 12
14 8
19 20
19 9
16 8
14 18
24 15
9 14
8 24
14 17
11 19
8 17
19 12
26 21
9 11
14 25
20 20
8 12
20 13
18 9
13 14
8 13
6 20
19 25
13 23
20 9
18 9
13 8
9 12
21 16
20 14
6 10
25 13
17 25
11 17
19 15
10 5
14 10
12 9
10 19
12 23
11 18
18 23
9 23
18 7
10 25
16 23
12 20
14 11
14 19
22 18
17 23
6 21
9 26
12 7
23 23
14 25
11 6
16 15
13 14
14 15
16 16
17 20
12 9
15 12
9 22
18 17
19 21
12 14
13 20
16 14
18 22
17 13
16 21
6 7
11 8
24 18
8 19
16 9
15 14
15 13
17 17
22 8
25 14
19 23
11 19
17 24
16 16
25 20
5 17
11 18
15 11
12 13
18 7
10 14
21 8
14 15
17 8
19 23
7 14
13 11
23 15
12 22
15 15
13 22
19 13
16 12
11 16
13 12
12 19
12 16
12 13
15 14
12 19
15 17
12 16
17 18
7 26
12 9
9 9
13 12
15 15
19 15
18 20
17 16
15 24
20 12
23 15
19 8
21 17
10 15
14 6
5 23
12 15
21 9
25 20
16 19
19 13
15 24
11 10
14 21
21 18
13 16
9 13
14 20
20 19
19 16
16 14
26 18
17 14
10 15
14 6
20 13
10 10
25 22
15 11
14 15
13 16
19 14
20 16
13 17
11 19
9 5
10 15
16 18
17 12
14 12
13 14
25 10
12 7
18 12
20 23
9 8
22 7
18 19
20 14
9 6
8 10
9 9
15 13
10 16
20 12
13 18
12 16
10 13
12 18
14 8
14 12
9 14
12 20
12 19
9 13
13 15
15 20
24 17
11 14
7 17
15 13
23 14
15 22
17 22
22 15
14 16
11 11
18 10
8 10
8 19
11 15
14 14
12 23
24 8
22 10
17 19
22 11
19 20
10 19
12 9
15 17
16 16
11 14
10 19
13 16
19 12
11 15
8 9
8 19
25 6
26 18
19 7
17 8
12 24
17 16
5 17
16 14
17 22
19 18
19 10
18 11
14 6
19 16
14 6
16 18
24 17
22 13
21 14
14 20
11 21
19 6
15 17
19 14
15 18
17 16
11 5
21 10
20 21
19 14
18 11
14 15
15 16
15 12
17 14
26 9
10 16
13 13
19 17
18 11
11 24
12 7
11 22
6 11
17 9
11 8
14 19
9 8
17 21
9 11
12 11
8 21
16 7
18 24
23 24
14 11
13 16
19 12
22 17
10 21
9 8
17 14
14 18
18 16
17 15
9 16
21 8
11 16
9 7
14 12
9 16
20 13
24 19
16 12
10 17
19 10
14 13
18 9
12 17
14 13
14 15
5 11
10 26
16 19
13 18
25 15
12 10
16 12
16 19
17 12
12 12
7 19
15 12
13 12
11 9
18 16
13 9
14 16
17 8
13 14
11 15
12 19
17 9
18 13
16 16
19 23
9 11
10 18
18 13
12 14
17 12
7 13
21 8
8 17
13 11
22 19
26 14
12 8
14 16
14 17
13 26
15 7
10 20
11 16
14 18
18 8
23 21
10 22
7 19
11 19
16 10
20 22
12 17
7 21
17 12
10 10
17 13
16 19
14 13
12 9
9 15
24 9
14 17
12 17
17 14
14 17
12 22
15 11
14 16
15 13
11 13
13 26
18 16
9 16
24 23
13 14
19 20
11 12
16 15
16 15
26 10
7 13
25 24
17 9
21 18
10 12
17 12
19 12
22 9
12 13
16 17
24 9
17 13
13 9
11 8
16 24
15 9
18 21
16 25
17 14
17 11
10 16
11 20
15 7
23 7
14 18
19 11
13 7
24 13
12 13
10 21
21 11
17 14
24 12
15 15
18 9
14 11
17 11
10 23
11 10
10 10
21 19
19 16
9 13
22 8
11 14
7 12
22 16
14 10
12 20
6 14
9 16
19 14
11 10
14 16
8 17
9 10
11 12
18 14
14 5
25 11
16 5
15 10
18 21
10 16
21 11
11 13
20 9
13 17
10 22
23 19
8 24
11 12
25 13
15 15
14 21
12 20
9 6
12 13
19 12
19 20
17 6
5 14
10 20
14 24
12 19
9 20
19 14
14 13
14 16
11 10
11 12
9 17
10 24
17 10
22 25
21 12
12 15
15 16
26 10
11 17
8 12
14 19
13 17
12 17
14 19
10 18
6 17
23 16
7 6
18 16
8 19
17 11
12 17
18 16
7 9
14 11
21 15
10 10
16 14
11 12
10 16
17 16
23 23
17 19
7 7
22 6
8 12
16 18
7 12
9 18
16 11
10 13
10 16
15 15
13 18
11 10
17 9
18 15
13 9
25 24
22 25
13 18
18 23
16 7
15 18
19 14
14 11
20 18
9 9
7 17
12 14
17 14
14 10
12 6
8 12
15 13
15 12
26 15
6 12
18 13
14 18
22 16
5 12
13 10
13 15
13 11
19 10
14 15
12 10
14 17
18 10
13 20
19 21
8 7
18 16
14 21
17 9
12 15
15 12
22 14
9 23
23 18
17 12
23 12
14 16
10 21
12 23
19 7
21 10
16 16
18 25
14 12
10 11
15 16
11 13
19 12
14 14
18 14
13 18
20 24
13 19
12 22
17 11
8 17
12 16
19 21
16 26
10 13
13 22
18 8
9 20
13 18
7 18
9 19
15 12
16 21
16 10
9 20
16 16
17 21
7 8
15 15
21 14
9 8
8 14
17 9
9 16
10 8
23 19
20 6
18 25
23 14
17 16
12 25
24 9
12 18
10 16
20 14
15 16
13 16
15 19
16 10
17 21
17 23
13 14
14 9
20 13
7 12
16 12
17 12
10 17
6 19
14 12
26 14
16 7
13 9
8 17
14 13
17 11
15 15
16 7
13 26
14 19
14 18
8 14
23 18
16 19
9 15
18 13
16 19
6 17
11 22
12 19
10 17
13 11
16 10
8 9
5 19
15 19
15 7
11 11
14 14
12 22
15 12
11 21
17 15
10 17
15 21
20 21
11 15
15 17
13 16
9 8
21 18
10 19
12 19
17 11
21 14
12 17
9 23
11 14
23 20
25 11
14 9
13 23
12 6
8 19
9 17
13 19
15 16
14 14
18 19
14 14
18 16
13 9
14 19
19 26
9 18
21 20
17 12
16 7
9 9
9 12
14 11
13 8
13 10
15 14
13 12
10 13
6 20
23 19
15 20
9 23
13 14
21 10
11 9
19 13
11 14
24 20
11 18
22 15
9 17
17 15
17 14
15 18
8 16
25 11
6 21
9 23
8 11
14 20
15 17
20 15
17 6
15 16
20 13
16 11
15 12
16 8
22 13
16 20
9 10
8 18
14 10
13 11
8 7
14 22
23 10
22 10
17 19
17 12
13 19
12 17
22 14
14 21
25 17
13 9
18 13
23 17
15 20
11 15
21 19
18 19
11 21
12 19
12 12
20 8
19 9
12 12
11 10
15 15
14 11
14 12
10 11
12 14
11 13
15 12
17 20
13 12
14 6
9 10
19 15
13 20
12 17
20 14
9 19
8 10
9 12
7 14
23 13
13 21
15 19
8 23
16 14
16 25
10 12
13 18
18 15
8 19
12 13
12 24
26 13
7 14
16 6
18 13
6 15
6 16
13 15
19 20
12 13
18 14
18 18
15 19
16 9
13 14
24 13
16 22
7 10
18 14
5 8
12 21
12 6
5 17
16 26
15 18
12 9
14 14
8 6
6 12
18 18
26 18
17 12
25 12
15 9
8 20
11 9
22 26
25 9
14 21
8 19
13 18
14 18
19 23
11 15
12 11
13 25
15 17
13 16
8 19
17 14
7 12
12 17
17 18
6 16
13 16
8 14
15 19
19 7
12 7
11 10
15 18
18 12
7 17
21 17
22 18
12 15
18 12
17 15
13 15
13 12
13 11
10 8
14 26
14 18
10 17
23 10
10 13
24 10
10 15
18 11
14 18
10 9
18 12
25 13
13 16
16 25
12 18
12 17
14 12
16 17
21 15
8 15
22 21
15 12
9 11
22 13
16 9
14 6
16 9
17 10
19 14
16 25
26 10
13 19
6 15
12 8
21 8
13 21
14 10
21 7
7 24
14 15
14 21
13 19
6 9
11 13
5 11
9 15
19 21
22 10
19 15
10 7
18 13
14 18
12 19
20 10
13 14
18 17
24 10
18 10
15 11
18 21
13 9
17 12
15 17
15 23
15 21
15 9
14 22
21 12
8 21
9 14
21 18
15 12
15 13
10 11
16 18
7 14
17 8
18 14
7 12
18 15
13 10
18 9
10 24
16 11
9 20
16 12
10 8
14 7
18 19
15 9
25 14
14 12
19 13
9 16
17 21
14 21
18 9
13 19
14 26
19 14
15 20
10 11
12 17
13 8
7 15
14 26
16 12
16 15
18 15
12 20
24 12
16 10
19 16
16 18
19 18
18 15
17 9
19 19
20 24
17 12
17 20
12 7
9 9
23 13
8 17
10 13
12 9
13 18
18 10
5 19
24 15
9 5
19 20
10 9
18 7
21 14
13 19
17 12
8 16
15 14
13 13
16 8
20 14
7 25
7 20
23 15
18 21
9 25
20 14
10 17
21 17
8 17
10 12
9 9
7 6
17 8
20 11
14 23
12 11
15 11
22 19
15 13
16 13
6 16
25 14
13 13
12 12
13 25
17 11
11 6
24 14
12 25
12 16
21 11
12 16
15 20
15 9
10 24
8 18
19 5
16 20
6 14
9 12
15 18
23 12
13 21
14 10
16 12
12 14
16 11
18 15
16 16
22 8
13 12
14 19
12 18
8 10
13 17
14 24
10 21
18 10
10 17
9 12
11 9
18 10
11 12
13 15
16 21
20 8
12 9
14 21
9 19
19 9
10 21
13 9
24 8
18 23
9 21
16 18
11 13
15 16
25 14
21 9
13 15
16 22
19 9
22 22
10 13
19 21
7 17
14 5
15 19
13 15
9 10
14 14
9 17
14 23
19 6
26 7
14 17
12 7
26 6
17 13
13 11
16 10
12 17
15 14
15 15
22 12
14 20
10 13
20 8
14 13
19 20
13 17
16 11
17 22
11 23
13 18
12 23
16 13
19 24
20 8
12 20
13 5
13 15
9 17
9 19
11 8
13 15
17 14
5 8
9 17
12 16
13 18
14 25
18 16
23 10
9 20
13 15
18 12
21 12
14 14
13 13
8 13
8 9
10 6
25 15
17 24
10 10
14 20
18 16
14 12
20 9
15 25
26 13
13 11
15 8
21 15
14 16
12 20
15 10
10 5
26 10
13 14
17 18
25 12
17 8
25 5
23 8
22 18
23 15
9 20
11 14
8 16
7 8
13 14
11 9
25 12
13 20
9 22
16 24
9 16
14 9
25 17
17 10
16 14
12 12
18 11
18 26
14 22
12 16
17 15
16 7
13 13
12 17
17 13
8 8
23 11
11 11
13 22
17 23
16 8
9 9
13 14
23 11
10 14
22 17
18 19
15 11
12 22
21 9
16 12
17 21
14 14
14 20
10 15
21 9
8 15
18 22
6 14
25 26
23 13
21 12
14 5
11 12
22 15
7 7
22 22
10 11
13 11
14 24
16 11
16 14
26 9
11 26
15 7
14 23
24 15
15 12
10 8
10 9
17 16
11 22
13 10
8 15
13 9
19 17
20 12
14 14
20 18
12 20
14 19
20 22
14 23
11 11
21 10
13 15
10 16
23 17
15 18
7 9
5 16
15 10
22 21
20 12
20 10
17 9
21 25
21 12
14 25
17 13
20 16
8 11
17 11
24 24
24 11
24 23
8 17
9 9
17 13
11 18
12 11
21 19
9 19
17 21
16 12
19 9
17 18
17 10
13 17
18 21
13 16
21 12
11 16
12 22
24 13
16 23
16 19
13 12
9 19
16 18
7 14
15 20
22 20
11 20
8 20
8 13
6 13
18 7
14 11
19 13
18 13
22 15
9 17
16 21
15 16
8 16
10 12
17 18
20 14
18 17
10 20
9 22
12 14
10 15
8 20
17 6
13 15
20 11
13 10
12 6
22 19
12 12
18 13
14 16
11 18
11 19
10 14
11 18
10 16
11 13
17 14
9 16
6 19
17 11
18 13
10 11
21 20
24 9
18 9
17 9
12 14
8 13
12 18
19 16
9 12
5 17
20 14
8 6
16 11
16 16
12 13
8 15
20 14
23 13
25 14
17 13
10 14
11 8
6 18
15 12
21 12
20 13
16 21
12 20
13 8
10 20
20 22
7 18
13 11
14 10
19 14
17 12
15 14
24 7
18 9
11 17
24 14
10 14
16 20
20 14
24 18
15 11
12 16
25 9
7 9
12 16
8 24
25 15
19 13
12 12
5 16
7 16
20 11
25 8
17 13
14 22
12 17
21 26
13 8
20 15
25 22
24 25
14 10
7 22
15 17
20 21
12 15
12 14
25 14
12 24
14 12
11 15
18 20
16 16
15 11
17 15
15 19
7 18
21 16
15 16
23 8
13 18
16 25
13 24
12 16
13 19
13 14
18 11
17 10
19 22
17 7
21 9
12 14
6 12
25 16
12 20
18 12
10 16
16 11
19 16
11 16
18 11
13 20
22 7
10 15
19 11
19 10
17 12
9 13
17 10
19 15
24 20
9 14
22 26
17 7
13 10
16 14
16 18
13 19
14 17
13 8
24 16
16 13
16 17
16 21
15 19
10 12
11 7
17 11
23 13
20 12
14 15
12 18
8 15
12 12
6 14
24 13
26 9
13 5
15 19
14 11
7 11
22 23
11 21
18 14
22 8
7 12
19 10
12 10
20 7
9 17
13 12
17 13
9 21
12 19
16 14
15 21
23 10
11 15
10 14
19 25
21 16
21 11
19 14
25 21
18 16
16 14
16 7
5 16
16 17
21 14
18 10
7 15
11 18
22 23
21 12
14 9
14 13
15 20
13 9
10 16
8 18
19 18
10 10
6 6
17 10
15 11
18 26
19 9
10 13
7 9
13 21
8 20
9 10
12 19
11 15
13 11
16 20
18 8
12 15
12 15
7 17
12 13
21 19
13 10
23 13
25 15
15 15
6 18
10 15
15 22
13 11
24 18
15 20
7 13
20 19
21 25
14 18
14 17
13 18
11 24
15 10
20 12
16 10
11 7
18 21
20 19
20 12
22 5
15 24
18 13
23 13
19 10
12 11
14 17
18 20
15 17
8 12
14 16
5 14
14 23
15 21
18 10
18 24
20 20
16 18
16 15
7 16
10 21
12 12
12 12
19 15
16 21
18 19
10 9
10 10
23 15
13 15
11 16
10 18
17 10
13 12
13 22
13 7
12 16
16 18
10 16
17 9
16 17
10 7
8 14
25 11
7 17
24 15
17 11
12 8
21 19
16 17
11 9
20 21
9 8
8 21
21 14
8 9
16 14
13 21
8 24
13 15
19 16
26 10
7 7
12 15
26 17
23 16
14 15
22 15
12 16
11 18
10 24
13 20
16 8
10 13
7 16
23 20
10 10
6 5
16 11
10 21
16 10
23 12
9 12
16 13
14 12
11 10
10 20
17 16
11 12
16 23
13 21
10 16
20 5
14 15
20 18
9 9
6 23
12 17
5 15
8 18
24 20
14 16
22 5
16 13
10 14
22 12
11 11
21 13
17 17
18 12
24 22
15 24
22 19
10 11
22 19
17 19
6 8
26 11
21 15
12 19
6 14
16 17
22 17
17 10
11 12
14 14
15 10
20 11
12 17
15 14
13 19
15 7
6 8
11 10
20 11
12 10
15 17
11 6
10 14
12 8
21 14
24 23
19 10
18 21
9 11
8 11
13 14
11 17
19 9
12 17
14 13
17 12
11 17
21 10
24 18
15 13
11 15
8 10
23 16
16 11
22 13
14 13
19 8
5 16
17 17
23 17
5 19
9 24
7 7
14 17
20 23
9 14
17 12
8 18
13 10
12 14
10 19
23 8
17 19
18 17
9 17
23 14
14 18
12 26
11 16
16 18
16 18
8 16
14 19
16 7
16 15
25 15
11 6
11 15
18 19
8 10
15 16
23 19
10 17
25 15
16 19
16 16
14 14
14 6
11 14
11 19
14 7
14 18
12 10
5 14
15 7
16 20
21 11
14 24
7 8
18 5
18 14
24 9
16 10
23 19
14 18
15 5
10 12
14 8
9 16
7 6
15 14
15 6
17 13
10 8
14 21
11 23
12 17
20 15
19 7
12 17
7 8
12 13
10 17
19 14
15 17
19 14
12 9
11 17
10 12
10 24
16 11
19 18
8 21
8 7
18 15
14 12
12 13
17 10
13 6
15 16
16 18
21 11
18 17
11 10
14 11
15 11
16 15
20 17
25 14
14 8
6 10
16 7
14 14
15 24
7 24
19 15
11 23
17 14
14 17
23 16
6 17
12 21
23 14
11 9
20 16
20 11
14 14
23 15
13 12
5 11
7 21
16 9
12 14
13 17
6 8
18 17
12 16
15 16
18 17
12 14
12 19
25 13
12 19
19 12
19 15
24 12
18 13
19 15
16 15
16 25
12 11
10 9
11 11
10 16
11 20
18 19
13 11
8 11
14 10
15 12
17 15
11 8
12 15
13 15
22 17
17 8
19 7
14 14
19 8
14 22
24 22
22 16
24 10
8 12
11 13
18 9
17 23
19 20
11 22
23 11
18 12
14 13
17 25
15 17
11 11
23 18
17 25
15 8
7 12
16 17
17 8
19 8
11 25
11 10
10 7
7 19
13 14
12 6
23 18
7 19
17 21
24 23
11 18
18 13
13 15
18 14
12 18
15 15
14 13
11 11
16 8
21 15
12 13
10 22
12 11
18 11
16 13
11 24
16 18
18 12
13 10
15 16
14 19
17 20
10 20
14 21
17 14
15 15
9 14
13 11
15 11
19 13
12 18
17 16
12 15
22 21
11 10
15 16
14 19
23 13
14 21
6 9
10 14
13 17
8 19
7 11
23 16
16 7
20 7
23 8
10 14
14 20
21 16
21 10
16 16
16 18
17 22
9 12
13 15
13 14
20 19
11 13
21 15
8 10
7 16
17 10
20 21
15 13
9 19
21 19
15 21
9 20
12 10
13 12
15 5
10 13
17 17
12 12
5 18
16 13
11 8
18 12
6 14
20 16
14 13
17 17
19 11
16 17
9 17
18 13
21 13
13 17
13 8
16 16
20 6
17 18
14 13
7 22
19 10
7 9
24 18
9 20
12 20
18 9
9 15
12 11
15 26
25 16
12 5
12 16
18 11
12 13
17 16
20 16
17 17
20 13
13 13
7 18
14 25
9 15
19 17
9 15
10 8
8 20
23 16
20 12
14 11
9 23
22 25
20 16
23 9
9 12
26 17
12 23
15 10
15 20
15 12
9 14
24 11
6 15
13 18
9 20
13 20
11 25
24 22
23 13
10 23
16 17
22 9
20 12
19 12
9 12
26 13
10 8
18 19
17 14
17 21
15 15
17 11
13 15
15 17
8 13
20 10
21 7
8 12
19 20
19 16
11 14
13 22
22 7
15 10
12 16
10 11
9 21
19 7
12 16
9 14
23 12
18 14
6 10
9 15
21 20
19 24
10 12
25 22
15 14
9 8
11 23
9 15
12 17
15 12
19 21
13 6
17 15
15 18
16 14
13 18
12 26
12 12
20 14
13 22
13 16
20 11
18 16
17 15
14 7
17 11
9 21
22 18
16 13
15 15
19 17
23 13
17 11
14 12
13 11
18 11
9 12
9 13
13 18
18 17
12 17
14 16
14 20
15 9
20 11
18 16
11 17
10 22
23 12
15 24
12 8
5 23
6 22
19 18
10 13
17 7
21 22
20 16
17 9
17 21
13 7
7 9
19 7
9 12
13 11
8 18
15 20
9 14
17 9
13 18
21 15
15 14
7 19
12 12
13 18
15 7
16 9
11 16
14 20
23 8
18 9
7 12
22 12
16 14
12 16
25 13
14 13
15 14
19 16
17 9
14 15
24 13
10 14
18 17
15 12
22 16
15 15
12 11
25 14
17 21
16 16
17 18
9 15
12 26
10 13
18 11
10 14
16 20
23 9
16 12
12 17
15 12
15 25
14 14
15 11
18 17
8 23
14 19
9 13
9 13
9 16
14 18
23 15
11 16
11 13
22 12
23 15
13 17
17 20
12 25
26 6
16 25
12 13
14 12
16 8
17 5
10 11
22 10
6 9
19 8
26 14
8 11
21 10
16 17
8 16
12 18
22 8
21 15
15 16
22 9
18 13
5 21
25 5
22 16
9 14
11 13
7 16
11 13
14 9
15 18
21 14
12 12
14 17
18 10
18 21
21 17
12 14
7 16
12 17
15 19
16 11
14 11
15 20
21 22
19 25
13 19
15 13
19 25
17 10
14 9
24 18
23 13
19 13
15 22
8 14
10 5
12 19
20 18
11 13
18 22
9 9
16 18
8 18
21 18
16 19
15 15
15 21
13 22
16 9
12 15
19 15
8 5
17 6
11 24
26 21
10 14
18 18
9 15
17 21
9 13
14 21
13 14
17 18
19 13
14 11
11 18
20 16
10 15
15 18
15 16
24 22
7 20
12 17
14 19
5 19
16 26
17 11
16 18
14 20
8 20
6 9
13 13
8 13
14 8
7 22
22 12
6 18
11 21
12 10
20 9
13 10
13 18
9 17
12 19
16 8
26 13
21 17
15 18
18 21
26 20
19 18
11 19
25 26
13 12
15 10
10 7
21 14
17 22
23 5
12 13
16 11
10 26
19 16
14 18
8 14
17 18
15 16
16 7
20 21
8 16
23 17
18 15
14 12
25 16
13 15
19 16
14 13
15 12
21 5
23 12
20 23
19 18
13 21
16 16
12 20
22 8
14 19
17 8
17 17
16 20
14 25
7 14
13 10
23 22
17 18
16 25
13 15
12 5
22 14
21 17
13 14
15 18
10 12
25 18
10 12
10 19
11 12
21 11
15 17
7 12
14 9
13 16
16 24
14 17
14 19
18 22
11 12
25 15
15 17
18 16
9 12
19 11
8 13
11 22
16 13
18 9
8 9
10 13
21 18
19 10
14 14
12 17
11 15
16 16
12 17
18 19
15 12
13 16
9 13
14 17
20 12
26 19
21 7
19 20
18 8
11 17
13 11
14 6
9 12
17 5
9 5
24 15
18 19
16 9
14 13
23 14
12 19
9 25
5 13
18 12
22 22
14 22
5 10
8 16
13 9
20 10
23 11
14 16
15 17
14 12
11 21
26 10
14 12
7 11
11 21
22 14
15 15
21 16
18 14
25 22
15 15
14 18
9 10
13 16
8 11
19 13
25 11
12 6
26 7
19 14
14 11
10 11
11 11
8 15
22 17
16 19
21 11
6 17
20 9
21 13
8 15
16 18
17 12
5 17
10 11
13 16
20 20
25 15
8 8
19 14
17 12
21 20
9 22
13 14
14 7
13 24
11 18
12 21
10 12
10 8
17 16
11 12
23 6
13 16
11 11
16 16
12 12
8 18
22 9
10 17
14 5
20 10
12 17
11 11
21 12
17 17
24 16
11 17
9 24
8 9
19 12
13 21
9 5
8 15
13 13
9 15
18 15
11 15
10 16
14 6
18 14
11 14
12 12
13 17
16 18
11 13
13 9
15 17
12 16
12 17
13 9
20 25
18 14
25 17
15 19
21 8
15 19
17 17
19 22
23 11
7 19
18 20
16 13
14 17
18 16
20 17
20 16
15 20
25 13
17 17
15 10
13 18
15 21
18 19
9 22
16 8
21 12
6 17
9 9
24 12
11 9
14 14
19 12
6 11
21 10
21 19
19 11
10 12
23 9
11 24
11 9
8 14
11 13
15 22
9 14
10 12
14 17
18 14
13 15
18 10
13 16
20 18
10 10
19 9
19 5
8 12
9 15
17 17
15 25
18 18
13 17
7 13
15 12
16 10
5 18
13 20
8 21
17 23
14 9
19 14
17 11
17 12
22 13
23 21
20 5
19 18
13 16
12 26
23 26
13 24
14 21
17 12
14 24
8 19
10 18
20 9
9 18
5 15
9 13
11 13
10 15
7 14
13 21
13 10
22 10
7 16
25 6
20 13
13 11
12 26
13 23
11 17
12 10
16 21
8 20
13 16
18 19
19 9
16 19
13 17
20 25
16 21
9 7
10 9
8 7
7 18
13 8
11 16
12 12
21 19
16 12
12 13
14 11
18 12
19 22
21 13
22 13
15 14
24 20
19 10
17 16
19 10
8 8
20 5
12 18
12 20
9 16
15 16
16 17
16 21
16 14
18 16
17 6
20 10
17 23
9 20
11 20
8 10
20 18
8 5
9 10
14 13
17 7
17 12
11 18
15 10
8 9
9 16
16 15
17 14
8 13
15 16
7 15
12 17
18 19
16 11
17 9
15 19
12 13
12 16
22 19
21 14
13 12
15 12
12 13
11 5
25 19
11 22
11 13
8 19
9 23
6 16
17 18
13 6
6 18
12 21
14 12
13 22
14 26
14 12
8 15
8 22
13 20
14 8
11 9
18 10
13 11
7 11
15 15
18 11
18 15
11 16
14 11
26 15
8 18
15 18
12 16
12 12
17 15
12 14
13 25
19 21
7 10
21 23
25 11
24 19
20 14
15 17
11 16
19 11
9 16
16 11
17 22
13 21
11 14
13 14
13 16
22 18
7 19
15 13
22 24
12 12
18 17
18 16
16 20
15 12
10 16
21 20
17 10
7 14
18 16
16 16
20 16
20 9
5 10
11 8
17 18
19 26
15 16
10 17
20 18
7 15
13 12
5 17
10 10
12 13
13 25
11 8
26 17
10 18
19 9
17 15
15 24
13 12
20 8
13 11
11 11
14 11
17 7
18 11
11 19
9 18
12 20
12 16
17 16
18 10
21 10
9 17
12 13
18 13
12 6
19 16
22 13
9 7
10 5
11 17
15 13
18 17
18 15
15 13
17 15
20 14
14 15
12 20
11 20
7 12
15 16
12 19
16 9
25 11
22 17
6 15
7 6
11 16
7 14
11 16
17 12
24 24
10 13
16 22
11 11
11 22
14 14
18 11
15 22
26 16
16 15
17 8
14 15
18 16
12 21
18 12
12 16
10 13
17 22
13 10
20 12
15 16
11 15
11 15
17 16
26 10
14 10
11 18
13 20
12 21
15 10
19 16
8 24
11 15
11 13
20 12
18 10
16 20
22 16
16 9
13 10
10 11
9 13
19 15
20 16
14 18
13 14
7 22
22 15
19 16
15 13
5 15
26 17
14 14
6 8
10 12
16 15
17 18
23 20
7 13
26 21
8 14
19 16
10 10
6 16
18 13
12 16
15 19
15 12
16 14
13 24
19 8
13 8
23 15
12 15
14 15
20 7
21 14
14 20
12 18
15 12
21 15
9 19
6 12
19 11
19 10
23 7
21 22
11 8
18 16
19 16
11 19
15 21
11 10
12 20
15 14
23 9
7 21
13 17
12 12
6 8
15 16
13 10
23 7
18 20
16 14
13 9
15 14
21 16
11 16
8 14
20 16
23 13
9 10
20 11
19 13
9 8
7 10
17 11
10 16
16 19
19 12
16 15
16 5
23 21
18 14
20 25
19 10
19 12
19 19
9 15
10 15
9 8
16 10
9 13
12 24
11 6
16 18
14 16
17 13
14 14
22 26
18 20
10 16
11 18
12 15
12 5
10 12
19 13
21 7
8 15
12 11
26 20
7 20
16 18
19 20
12 15
19 14
21 19
12 12
17 16
12 10
15 13
7 17
15 7
9 11
21 14
19 5
22 13
10 26
11 9
19 11
17 17
8 15
18 7
16 15
11 16
22 13
17 16
18 12
17 16
16 18
11 12
11 17
13 16
12 19
16 18
12 10
16 22
11 19
16 9
22 16
23 12
10 16
14 25
15 13
17 9
16 9
9 11
18 20
12 16
24 9
18 20
13 9
9 15
14 20
11 18
9 14
17 8
24 15
12 12
15 22
12 17
12 21
18 12
20 16
13 17
17 15
22 11
10 11
18 16
18 17
10 15
16 21
12 11
7 6
25 17
10 19
7 12
7 8
24 14
12 13
18 11
20 15
7 12
15 24
10 17
12 8
19 9
15 15
11 10
15 7
11 21
10 15
18 16
22 5
19 14
5 23
17 12
13 12
17 8
12 12
14 15
23 21
19 21
18 19
17 15
19 10
14 17
17 16
15 16
12 20
14 19
13 23
14 17
16 13
11 15
20 9
14 25
14 16
25 24
16 8
11 18
14 20
19 11
14 17
16 8
15 20
20 8
15 25
7 10
17 7
10 19
17 15
11 10
15 15
17 15
10 16
22 6
9 18
26 12
12 13
10 9
14 22
15 9
12 16
14 18
21 13
9 14
14 8
14 10
10 26
6 15
7 17
14 13
17 15
9 9
10 9
15 16
9 6
13 6
15 8
8 10
25 22
25 16
19 13
17 15
16 6
13 23
19 13
18 10
14 10
13 8
20 12
7 19
16 8
19 14
16 13
12 17
26 9
11 13
16 23
19 10
7 9
16 8
19 18
17 19
12 10
16 16
20 21
15 19
13 14
9 10
10 22
14 12
17 16
18 12
14 24
12 12
11 9
10 7
20 12
16 9
13 16
17 15
22 19
12 13
6 9
14 21
21 10
19 11
12 11
14 16
18 22
8 20
10 9
14 18
18 9
7 11
23 18
14 14
16 7
14 18
21 12
23 10
21 13
20 22
21 13
25 12
20 12
17 12
13 7
19 15
6 7
10 13
13 15
5 11
16 12
17 21
11 24
19 14
10 20
10 15
15 18
17 21
14 22
17 13
13 11
14 12
20 17
16 10
13 19
7 14
17 21
10 16
12 13
10 16
7 15
17 17
25 9
20 16
12 11
9 11
11 14
13 20
17 17
18 10
10 15
15 8
11 6
13 14
8 11
19 23
7 7
15 19
6 9
7 12
9 15
14 18
20 16
15 9
17 26
10 12
16 12
16 19
15 16
19 14
14 22
20 9
20 13
11 22
15 19
8 10
9 10
15 20
21 12
9 14
11 11
7 7
18 18
22 20
15 25
21 21
9 9
12 7
14 15
24 17
14 5
14 11
21 13
16 26
9 12
17 17
18 12
18 21
23 8
18 17
13 17
22 5
13 10
22 19
16 22
11 8
17 20
15 13
8 15
11 21
16 17
12 22
16 22
22 11
13 15
10 15
20 18
7 25
6 19
8 17
11 7
17 17
11 18
20 11
8 18
16 13
20 16
12 19
15 23
15 17
18 13
12 9
23 6
11 13
14 11
21 9
15 10
13 14
15 19
16 9
15 15
13 16
14 5
18 7
10 17
21 12
18 12
17 12
11 12
20 17
12 7
17 19
15 21
7 22
16 26
16 20
14 15
17 23
9 17
14 11
13 14
20 13
13 11
12 6
22 12
17 19
23 14
22 10
11 20
21 11
18 14
13 21
19 24
21 26
17 12
20 13
25 9
18 20
7 16
6 21
8 7
12 10
13 10
8 17
13 15
15 10
16 20
19 16
10 16
6 22
15 11
14 17
14 11
16 8
12 6
23 21
12 11
17 18
8 12
23 11
14 11
11 7
13 14
18 12
8 8
10 11
8 19
24 15
14 14
16 9
13 16
15 22
14 15
21 16
18 13
16 22
11 22
10 14
18 16
13 16
7 14
11 18
20 14
14 25
18 12
13 20
21 17
24 17
11 17
8 8
10 12
22 8
21 13
17 21
8 24
8 21
7 13
17 22
16 15
8 13
7 7
10 11
18 10
11 15
14 15
17 18
14 12
9 8
16 11
6 18
16 24
22 17
6 11
19 11
15 10
19 19
8 18
22 25
13 13
7 25
12 7
14 10
13 17
11 16
18 12
16 14
13 10
15 20
21 7
15 18
10 26
14 14
10 8
15 16
13 12
19 9
22 25
19 11
14 17
6 17
24 14
23 6
19 11
11 10
8 21
11 6
19 17
18 14
5 22
17 15
16 24
7 17
19 19
12 17
17 8
16 14
14 14
14 14
13 16
16 8
16 15
18 18
18 16
8 11
8 16
13 14
24 10
11 24
15 13
7 8
12 10
24 9
17 17
25 14
17 13
19 20
16 19
11 12
10 10
21 14
12 9
11 10
13 7
10 10
17 19
10 18
12 6
12 14
12 20
17 21
11 16
12 12
9 22
15 12
13 16
17 15
6 18
21 20
11 18
19 11
5 11
11 19
11 12
18 23
19 13
20 10
5 14
16 23
22 12
6 19
10 11
23 17
9 11
9 10
16 20
10 21
21 23
9 12
7 14
16 10
21 22
24 12
16 24
15 15
9 11
18 12
9 12
16 12
15 23
17 7
23 14
14 18
20 9
13 21
8 12
5 11
14 13
17 22
13 11
13 10
11 22
9 10
13 17
10 7
11 14
20 20
12 13
17 15
23 21
8 9
20 22
18 19
14 18
12 13
8 16
15 15
22 19
21 20
9 23
9 7
14 11
13 17
12 21
9 9
15 15
10 13
17 16
7 15
10 15
23 8
19 18
12 10
10 19
11 11
11 23
14 13
21 12
17 23
19 11
7 16
13 18
15 14
18 14
14 20
25 18
11 22
22 18
12 10
17 17
18 18
10 6
13 17
16 16
21 17
16 12
22 9
10 9
20 9
11 21
22 16
17 13
17 15
17 13
10 14
17 16
15 14
12 11
14 21
7 7
15 10
22 16
24 11
13 18
13 17
11 15
20 22
21 20
17 17
15 23
12 12
12 13
7 16
21 14
11 12
24 13
23 21
15 12
11 11
18 17
6 12
23 12
14 18
16 12
18 19
9 16
15 11
17 12
9 7
13 11
14 9
6 6
15 21
15 7
19 15
11 11
15 10
15 7
17 16
18 8
24 9
23 19
25 11
9 9
9 19
22 14
8 9
9 17
11 17
15 14
20 15
7 20
13 13
13 18
18 22
5 7
10 5
17 26
8 10
11 18
8 13
14 16
18 13
14 17
8 6
21 18
21 16
8 14
16 16
11 20
7 14
5 21
21 8
18 10
10 9
17 16
19 9
18 10
20 15
10 12
13 12
11 10
5 13
17 19
19 25
23 11
25 10
13 5
10 10
17 12
18 11
24 5
9 18
15 12
22 21
6 15
23 6
20 14
8 17
13 14
14 16
25 10
10 23
14 10
6 13
17 26
10 16
16 14
13 12
10 10
10 9
20 23
19 12
6 25
8 8
12 15
10 9
13 10
7 12
11 11
12 22
18 10
13 12
17 9
14 12
13 12
24 20
20 22
16 6
16 14
14 10
17 12
22 12
6 15
14 17
16 5
9 11
14 22
19 9
16 11
16 6
19 14
20 16
16 20
13 19
11 9
9 12
9 18
9 20
13 15
14 24
21 17
9 16
21 25
9 19
8 11
19 21
14 14
9 18
12 6
10 9
14 10
11 13
17 24
8 9
12 17
14 22
9 18
15 13
13 14
11 17
17 8
6 10
14 16
11 23
14 22
21 12
18 10
12 12
10 12
6 15
19 9
13 11
11 11
11 13
12 6
10 12
13 12
9 19
20 17
11 9
15 9
17 16
14 17
17 13
14 18
15 26
15 20
11 14
12 9
8 14
24 15
14 23
18 20
9 9
6 20
15 15
17 23
11 7
18 19
14 15
9 20
7 12
13 17
21 6
11 12
17 17
14 19
13 10
11 8
24 9
15 20
13 25
15 16
17 20
10 24
10 18
11 12
17 7
22 22
14 16
16 14
9 13
11 13
17 20
11 13
13 7
15 5
14 20
22 9
12 12
10 15
22 6
12 21
15 12
19 23
10 21
6 18
18 14
15 15
12 23
5 20
23 11
21 16
17 13
18 21
11 18
18 22
13 10
14 8
12 23
15 14
9 14
18 14
7 13
11 23
19 16
20 10
6 20
14 11
16 19
20 6
14 20
14 18
10 6
21 18
10 10
8 11
14 22
15 21
8 12
11 13
12 7
22 16
16 9
23 15
14 13
9 20
10 14
12 24
10 17
16 11
22 7
17 15
19 8
12 17
18 23
14 22
24 11
14 20
11 5
16 12
9 14
6 7
10 22
20 21
9 10
14 18
9 14
15 12
9 9
8 19
21 12
19 18
20 11
22 9
17 22
8 26
14 25
15 10
9 20
18 18
10 10
15 25
11 16
10 21
14 12
21 8
20 19
15 15
9 16
6 24
18 12
15 20
14 13
16 14
19 16
12 9
13 26
13 21
12 23
12 16
24 16
11 26
18 10
11 7
18 15
15 14
26 10
22 16
15 9
16 10
14 26
21 15
18 13
25 10
14 10
18 12
13 19
7 19
15 11
20 11
19 20
14 10
16 24
22 17
20 23
26 22
15 24
14 24
6 22
6 16
15 18
11 19
8 19
12 16
15 13
5 7
15 18
20 16
8 18
11 13
18 16
10 20
14 12
16 19
16 13
7 13
19 12
11 12
18 7
14 7
7 7
17 10
13 9
21 11
13 11
17 17
18 16
18 18
18 11
15 8
25 8
7 17
17 17
12 12
17 10
14 13
15 24
14 15
18 22
15 6
12 13
11 13
17 17
22 21
11 9
10 13
14 13
10 19
16 19
9 15
10 18
18 13
18 20
12 19
20 15
14 9
8 8
24 21
7 11
17 16
12 15
18 8
20 12
15 13
14 9
9 22
11 18
10 22
11 15
14 18
23 19
15 9
12 14
15 14
12 14
8 12
17 16
12 14
15 13
19 17
5 17
19 7
20 26
11 17
18 11
26 17
16 17
16 8
15 13
17 6
17 19
14 11
8 18
21 14
15 15
12 12
18 12
11 12
22 13
17 20
11 18
23 12
18 10
15 10
24 13
11 26
16 15
17 10
9 9
17 18
8 25
21 15
17 14
20 17
6 13
14 15
6 16
9 12
13 15
18 17
17 7
24 11
7 16
9 18
13 13
26 7
14 16
20 14
17 13
13 13
12 11
25 13
9 15
18 12
6 12
19 17
20 17
9 22
6 9
9 12
19 11
11 12
13 19
24 13
11 21
14 14
12 11
12 9
25 21
16 18
22 16
7 19
21 8
14 14
8 8
12 16
20 15
7 23
9 12
17 8
20 23
18 17
11 19
9 12
12 11
9 9
24 18
12 14
9 11
19 16
10 6
17 24
21 20
11 19
14 13
13 13
8 17
14 16
18 15
18 5
20 11
12 12
12 22
13 12
9 17
8 18
19 19
16 5
19 20
15 13
14 13
25 24
9 6
23 26
12 16
9 22
23 16
25 17
16 12
19 11
11 15
13 13
10 11
9 24
9 8
15 21
10 12
14 6
12 8
17 5
22 14
11 21
20 8
8 14
18 12
17 12
21 16
13 23
10 9
13 17
14 15
7 13
11 8
22 9
9 16
15 12
25 14
22 17
14 19
12 13
17 13
18 9
16 9
15 18
18 16
24 5
16 13
13 16
12 14
13 9
15 14
16 11
10 13
18 14
6 11
7 14
12 25
18 17
23 12
18 25
14 21
25 17
23 17
12 12
6 12
9 6
16 7
21 16
21 17
12 20
21 13
8 12
21 12
18 14
13 16
7 17
23 11
16 20
8 14
24 13
23 22
20 12
9 11
13 11
21 9
12 5
14 16
15 13
17 16
18 19
5 20
19 12
24 10
15 23
14 15
15 11
12 22
10 11
22 15
24 10
8 20
7 12
15 10
20 5
11 12
9 17
6 14
17 8
17 8
26 18
19 11
13 18
8 22
16 13
15 16
13 13
18 6
14 14
11 17
24 14
5 20
11 14
21 11
12 12
18 10
17 14
15 16
16 11
20 11
13 22
23 18
12 18
10 11
11 10
14 12
25 15
18 16
26 17
9 13
15 20
17 12
25 13
14 9
15 14
11 8
17 14
19 15
10 11
15 17
18 13
14 17
8 11
23 20
21 13
16 26
13 20
16 13
7 20
16 23
14 15
5 13
11 14
12 11
20 10
18 9
26 22
15 15
13 13
15 16
24 15
11 18
14 14
17 7
13 17
13 17
16 16
17 15
21 14
11 11
13 11
6 17
17 21
23 10
22 12
23 10
17 19
12 10
10 16
16 25
16 18
9 16
22 25
6 5
20 21
18 9
19 12
14 17
12 14
5 25
12 22
15 15
22 10
12 14
12 18
12 11
11 16
15 15
11 12
13 12
11 21
8 14
8 19
12 15
5 10
8 13
21 16
13 10
12 25
10 15
17 13
13 9
20 9
14 7
13 11
14 12
14 8
9 26
11 11
22 11
5 15
6 9
20 15
18 10
16 12
18 7
21 19
8 24
11 9
18 17
13 20
22 12
15 9
8 12
20 11
10 13
22 15
10 16
16 10
10 17
11 14
25 5
18 6
5 6
23 13
5 19
9 14
23 9
9 20
22 11
13 13
20 12
22 22
14 14
9 13
21 9
25 7
22 7
8 19
22 12
14 11
19 15
18 17
19 18
13 17
7 5
20 17
18 9
13 17
8 6
8 15
9 16
17 14
10 12
16 15
14 16
12 15
20 17
19 14
8 13
12 14
15 12
24 18
16 17
9 21
20 7
10 18
15 17
17 7
16 8
19 20
7 14
11 10
14 26
9 11
12 12
16 15
15 14
15 7
20 18
8 16
10 14
10 7
12 7
16 19
9 19
23 15
7 9
10 14
21 11
20 8
17 22
11 12
11 25
22 7
13 15
17 7
11 26
9 16
20 11
22 24
14 11
11 8
20 11
12 14
10 10
19 19
21 15
9 11
18 20
6 20
14 21
14 16
6 16
18 15
20 10
10 18
10 21
13 21
13 19
10 15
13 22
12 15
20 12
14 22
21 18
17 26
19 16
13 6
8 18
15 14
13 9
19 12
9 17
22 20
15 17
12 12
21 23
23 9
9 26
13 11
13 13
15 15
7 9
12 22
10 12
6 14
21 12
5 6
10 7
21 8
13 12
17 9
12 12
12 13
12 20
19 7
14 13
8 15
16 13
12 5
16 17
20 12
8 18
19 9
11 19
19 20
9 17
25 12
17 18
20 17
10 12
21 13
14 17
19 10
10 11
12 7
14 17
12 8
14 16
26 12
7 16
18 15
14 16
16 17
18 22
26 8
23 15
12 7
12 16
22 17
17 18
10 22
12 13
14 15
13 14
16 25
14 15
16 21
5 14
13 24
13 8
14 21
13 13
14 21
12 14
15 15
11 14
11 11
11 13
18 13
20 16
24 15
15 19
10 19
17 25
12 9
11 6
18 19
12 15
9 19
14 17
10 10
14 10
20 11
9 18
18 13
14 16
11 13
16 13
11 8
18 11
16 18
13 16
7 12
10 14
11 10
12 11
16 13
14 17
12 20
19 17
14 16
6 12
17 13
19 16
13 21
21 26
20 11
11 13
22 8
15 14
13 17
12 14
11 11
12 13
16 14
25 10
12 19
15 20
5 23
9 7
13 11
22 11
10 11
15 15
13 26
11 14
13 11
24 21
21 15
15 5
13 26
19 17
15 19
13 24
11 9
23 20
16 14
17 16
18 11
15 11
16 5
8 21
15 17
13 25
8 12
10 19
10 22
7 14
11 10
9 14
21 8
12 19
13 15
11 6
22 22
11 15
15 15
12 14
20 10
11 18
18 14
12 10
17 15
15 15
18 9
25 15
15 12
22 6
12 21
11 20
26 8
9 19
9 20
14 11
22 17
20 9
22 12
18 7
18 8
12 20
16 13
15 8
16 22
21 11
16 15
21 24
21 9
8 16
9 11
14 13
20 13
17 7
18 22
9 24
12 24
9 12
13 12
12 23
14 24
13 16
9 13
13 8
20 11
9 16
13 20
9 9
13 15
11 16
18 21
20 15
13 10
12 15
15 11
13 10
8 17
14 24
9 17
13 15
9 19
10 21
7 17
10 20
18 6
10 20
8 24
9 9
21 11
9 17
17 18
13 12
10 20
10 19
9 18
11 15
7 21
8 19
14 19
5 11
13 16
14 19
14 13
19 15
11 8
8 13
14 23
10 15
11 21
16 11
16 16
9 17
14 6
16 22
9 19
13 17
17 14
26 23
7 14
11 8
10 18
12 26
7 15
14 11
10 19
14 5
20 17
22 21
20 8
18 15
5 18
20 16
11 17
15 13
18 21
10 13
10 18
9 21
15 11
14 21
13 13
15 16
8 12
16 7
6 11
20 19
14 25
18 11
12 7
17 20
16 17
13 9
10 12
12 14
16 8
12 10
14 13
15 22
11 21
9 13
10 7
18 12
25 18
10 14
18 17
16 8
9 20
23 11
14 20
18 8
19 14
13 16
8 19
19 10
10 18
23 10
13 15
14 8
17 14
14 13
21 18
10 8
6 12
12 16
15 14
6 6
14 11
16 5
16 12
21 8
9 16
10 14
17 16
16 17
14 8
13 5
16 11
18 20
25 18
10 9
7 19
21 19
12 18
12 18
10 12
17 9
11 13
14 5
19 17
11 18
18 16
8 7
11 6
13 13
13 16
12 17
15 14
18 14
9 14
18 18
13 8
19 22
10 19
18 17
13 6
23 12
19 17
12 15
10 16
10 13
8 15
16 12
15 11
20 7
25 24
19 26
13 24
19 15
21 23
14 10
15 24
12 14
12 13
16 23
25 21
9 12
9 21
8 16
11 26
19 19
16 9
12 12
7 24
10 17
18 15
13 14
15 21
7 16
16 16
13 10
10 17
18 18
13 14
14 26
16 11
12 14
8 18
20 14
22 21
20 10
12 8
13 16
23 5
14 13
19 13
12 9
11 20
10 15
16 19
17 11
13 20
9 11
13 25
10 10
17 22
13 21
11 14
11 7
19 10
11 15
7 11
24 17
15 11
13 12
14 10
14 7
21 11
20 7
11 7
7 14
17 11
18 16
14 13
19 18
10 19
17 10
12 17
14 8
13 6
5 8
18 12
22 21
15 14
15 11
5 9
16 26
16 7
13 8
14 10
19 15
9 13
15 22
23 15
22 10
14 22
13 17
9 13
8 15
10 17
20 16
13 15
13 14
6 23
22 16
20 13
11 11
18 13
16 23
11 16
11 13
13 18
18 15
11 14
17 23
14 19
11 23
11 20
13 20
20 9
20 13
8 6
14 14
9 6
13 16
8 9
18 11
13 16
10 22
10 9
9 9
14 9
6 20
26 13
16 11
18 9
11 20
10 10
9 13
14 16
22 21
23 12
5 11
9 20
15 19
13 22
22 9
14 8
19 10
15 15
5 10
9 13
21 23
12 21
17 17
11 15
16 7
13 11
17 16
14 13
23 26
21 16
19 13
17 6
12 13
23 8
23 17
10 16
11 11
13 17
11 17
18 11
16 9
16 7
25 8
11 18
18 12
15 11
14 14
15 15
13 25
8 11
13 15
16 19
21 11
22 16
13 21
20 13
18 15
13 18
