7 2 15 1000
599
672 1344
704 1408
707 1316
800 1160
687 1269
668 1303
755 1372
101 123
182 107
169 132
102 182
102 187
123 116
174 120
33 31
45 44
46 53
38 50
37 52
44 52
48 43
56 28
25 60
43 49
42 38
55 41
61 42
50 41
47 47
38 35
40 44
50 47
39 39
40 45
49 31
45 32
29 34
34 52
32 40
48 63
45 33
36 33
46 35
44 52
46 42
46 37
32 29
49 47
53 38
44 38
40 48
44 38
51 45
38 40
37 60
35 29
25 55
32 42
36 47
26 44
50 38
48 44
37 49
53 45
43 45
48 43
56 49
49 56
39 43
39 42
36 50
42 50
57 38
37 31
42 38
62 56
37 27
38 46
33 36
33 39
39 26
51 51
36 33
32 26
38 39
31 45
55 35
46 29
56 25
38 33
37 39
39 42
32 30
44 61
46 33
58 34
46 39
51 26
54 61
48 40
32 34
41 42
48 32
30 33
59 26
45 46
33 47
52 32
28 43
45 63
30 32
32 48
49 46
54 42
47 47
42 53
39 38
27 55
35 36
49 42
27 52
57 38
26 35
57 37
57 41
31 32
52 53
51 27
59 58
50 53
53 49
45 38
50 28
45 40
39 35
56 58
39 25
48 32
35 45
50 35
28 38
54 44
28 59
49 40
49 26
37 49
59 45
39 55
56 49
37 55
28 48
43 42
30 37
32 34
60 43
46 37
49 33
35 44
46 44
45 32
46 52
49 52
47 28
27 35
26 57
34 48
41 48
34 48
35 59
29 30
44 41
44 33
39 40
60 51
47 51
33 28
32 31
53 44
56 42
45 57
57 40
61 34
42 34
36 45
41 36
27 61
32 47
52 51
26 57
31 38
26 42
53 48
48 49
45 47
60 53
43 41
38 50
25 53
37 41
56 51
35 54
31 26
50 45
45 55
56 35
37 51
43 37
54 54
45 49
46 53
48 39
37 41
41 48
49 45
42 30
40 39
42 48
46 39
43 62
61 54
59 52
35 37
40 50
44 43
42 41
41 53
38 25
36 44
45 40
61 46
54 42
33 25
56 39
33 51
45 35
63 45
42 33
45 39
38 37
44 45
62 38
56 47
45 59
38 51
50 35
44 52
39 55
46 41
55 54
43 52
37 31
45 41
50 27
45 35
39 42
49 37
55 33
34 57
38 60
44 46
51 49
50 34
25 51
42 28
56 35
28 48
45 46
44 44
45 61
47 60
53 30
41 57
61 52
57 51
53 55
45 47
48 46
52 56
40 46
42 52
47 41
50 55
28 62
45 43
54 52
46 52
35 50
26 50
31 48
47 33
39 45
34 57
50 62
47 47
27 25
56 45
32 41
41 43
41 31
52 37
45 43
47 44
28 38
39 45
55 59
47 51
33 30
58 43
47 37
48 36
35 53
48 29
52 46
62 55
37 55
40 56
43 51
53 50
41 35
28 54
56 43
38 41
42 47
50 32
52 63
35 46
51 46
35 43
41 48
39 45
43 39
39 37
54 47
32 54
51 43
38 44
49 43
35 33
31 44
62 52
55 32
29 33
46 47
53 44
25 49
56 26
32 27
55 58
53 44
38 27
51 51
42 41
35 47
54 44
37 42
34 34
35 39
26 50
41 35
42 32
62 45
25 31
47 31
29 51
25 58
55 41
58 42
58 36
40 43
40 31
30 46
44 46
37 39
38 38
45 48
56 55
61 54
59 47
43 37
39 27
34 40
28 45
31 61
35 49
36 57
26 40
56 49
39 41
63 31
28 41
47 56
54 32
48 55
39 53
33 42
48 46
36 31
38 45
41 50
60 43
61 63
40 49
32 47
25 34
40 53
30 44
44 52
47 46
38 36
34 34
37 36
42 56
46 59
59 55
32 32
49 48
34 53
44 33
54 37
51 60
50 56
29 45
54 31
45 41
45 51
45 59
38 33
61 44
40 34
27 43
49 60
36 52
47 59
56 42
27 48
61 40
47 40
25 62
52 27
42 51
39 55
40 52
52 50
38 46
32 43
27 45
33 47
49 50
63 42
38 53
63 34
48 29
34 34
50 33
38 38
47 44
53 33
53 49
31 57
53 52
32 27
47 37
36 30
33 44
33 33
52 43
40 36
53 47
44 26
29 37
36 38
51 37
37 55
38 62
40 42
44 30
45 38
36 33
47 44
51 34
36 45
49 61
38 50
32 41
50 48
37 36
47 38
45 29
59 48
57 43
47 40
41 51
49 56
59 47
60 36
39 57
60 46
58 33
32 34
25 51
26 61
47 28
53 59
45 39
59 38
57 33
53 63
48 46
27 54
27 38
44 49
51 37
43 48
48 35
39 45
39 33
42 50
44 41
31 51
36 42
37 41
38 40
50 53
34 63
42 28
47 46
49 39
50 44
34 34
49 43
52 50
51 37
25 47
45 36
59 49
47 28
45 36
51 42
49 46
44 37
36 54
58 42
32 41
43 56
37 43
58 34
60 40
34 29
37 38
37 29
40 44
43 35
29 44
51 30
33 41
33 43
46 34
42 43
34 38
42 34
63 44
38 50
53 57
27 40
27 49
62 35
48 48
33 32
26 51
47 60
57 48
38 59
41 50
56 36
39 55
58 52
42 31
42 46
49 59
30 54
34 49
46 38
35 48
55 55
25 32
55 43
35 35
40 25
45 41
39 45
44 49
29 34
51 38
45 27
34 43
56 37
55 41
27 59
47 54
41 57
57 51
48 49
61 41
35 63
35 34
51 35
38 39
35 59
31 42
31 49
42 40
31 51
40 44
43 29
27 44
37 47
42 36
44 46
40 54
37 36
41 29
61 62
40 37
38 52
29 56
39 53
37 31
62 37
42 52
53 43
38 44
37 34
43 39
29 34
52 50
59 57
31 26
50 50
53 46
58 38
50 57
49 48
45 58
37 50
38 47
48 35
40 58
31 46
34 52
33 46
57 48
37 46
45 61
63 48
51 29
48 50
56 35
45 43
56 52
53 41
45 56
36 27
49 33
50 31
51 49
51 35
39 33
36 33
31 33
48 58
34 36
41 55
32 48
38 42
51 46
46 30
33 33
53 39
60 34
54 40
28 47
39 44
43 45
36 54
30 30
63 26
32 48
34 49
33 51
33 26
32 37
37 46
35 31
42 54
33 35
36 36
44 28
39 40
41 27
34 38
38 36
44 48
46 43
37 47
37 41
41 54
61 44
43 45
26 62
26 35
45 45
40 41
57 49
36 40
54 41
40 48
37 57
45 41
41 38
43 45
44 47
47 39
55 32
37 47
44 35
58 44
40 50
53 38
46 32
54 42
26 32
26 43
40 48
42 47
41 45
42 40
28 41
28 32
44 48
57 43
35 40
55 51
62 26
52 38
42 40
55 35
36 32
42 45
51 39
40 52
45 26
36 36
63 41
29 30
37 38
45 27
47 59
29 40
29 27
29 59
28 47
36 42
28 38
36 52
32 30
35 31
35 59
31 37
36 34
28 37
30 45
36 46
54 36
28 41
63 54
36 42
35 50
58 36
31 36
37 52
40 27
56 60
32 30
30 55
51 47
56 32
40 31
37 38
33 50
37 62
45 54
39 36
52 57
47 42
37 28
63 39
38 57
50 43
44 53
49 38
35 60
51 40
42 53
51 59
50 41
36 27
29 56
53 54
55 34
60 38
26 28
53 34
38 31
32 44
48 43
29 39
32 33
40 41
38 35
49 54
28 33
43 50
53 41
52 37
32 58
37 35
59 39
35 48
37 54
37 47
44 30
42 38
60 48
41 46
43 29
46 57
48 47
54 55
28 47
25 29
42 43
52 56
52 55
50 47
48 28
31 35
46 36
34 51
33 40
38 44
29 34
44 36
38 44
37 54
34 36
38 32
41 38
54 39
39 52
50 30
35 62
53 26
46 25
45 55
42 33
52 41
48 34
29 44
39 48
51 40
32 31
49 39
45 32
39 33
38 36
51 58
44 46
53 56
52 60
49 59
57 56
26 45
40 36
31 42
43 61
30 37
45 39
34 58
54 42
40 55
50 47
41 26
51 48
39 56
48 55
49 49
44 43
43 52
37 49
62 38
39 49
47 31
55 41
42 58
61 41
60 43
54 50
29 29
26 50
50 58
30 62
44 55
47 47
41 62
28 46
59 40
37 32
35 59
52 44
33 54
32 46
41 39
47 46
33 49
30 54
57 63
54 37
31 47
39 32
32 42
40 32
27 39
35 38
45 45
32 54
37 30
25 44
56 27
59 34
43 43
55 39
32 61
57 44
44 33
27 39
45 37
35 45
46 55
54 55
46 33
44 36
32 58
52 36
44 32
34 32
43 30
55 59
36 44
60 26
38 35
32 63
30 41
35 60
48 45
36 50
27 60
40 43
58 34
31 48
43 43
50 56
31 28
46 51
41 47
53 48
37 48
31 60
44 44
39 63
54 46
38 39
51 42
38 29
56 57
42 32
57 39
51 38
45 40
42 56
33 35
40 35
40 52
57 42
43 59
55 60
45 57
48 39
46 41
36 38
29 52
40 38
55 40
60 55
32 37
40 41
27 37
50 41
46 36
54 48
54 39
47 34
54 58
33 47
46 33
45 26
37 27
62 35
28 42
26 38
44 35
30 41
51 60
32 32
42 34
35 54
52 57
27 29
34 50
32 27
60 56
43 36
47 32
60 54
42 34
34 46
41 58
38 29
38 26
48 31
58 57
49 36
36 37
54 47
46 56
58 34
37 52
56 38
44 63
54 42
29 38
33 61
54 31
30 54
41 43
45 41
43 44
41 34
52 33
28 47
50 48
61 39
42 29
30 49
37 39
61 43
57 46
63 36
40 42
41 53
31 59
63 36
44 59
32 48
61 41
33 33
44 38
47 39
40 50
34 34
34 32
38 42
37 57
55 30
56 33
37 31
30 57
39 55
30 41
45 59
29 48
40 51
29 54
36 31
57 48
32 40
41 35
39 54
30 51
55 37
45 44
45 35
43 34
35 52
60 28
48 38
44 40
57 53
26 45
46 38
51 51
32 27
57 39
51 42
39 31
48 61
63 57
55 31
39 47
53 40
34 38
41 62
48 33
44 43
49 60
58 48
52 48
38 42
41 38
58 32
26 35
47 49
35 46
49 39
63 44
58 34
49 39
48 32
42 60
35 45
63 51
38 56
54 49
43 46
45 30
56 33
43 50
53 27
48 55
36 38
60 57
42 40
56 34
26 49
30 35
51 45
57 48
47 51
30 49
45 51
42 37
54 49
43 30
48 45
45 27
50 31
39 54
47 29
36 54
46 27
49 53
26 38
33 36
32 36
37 62
59 50
61 51
44 47
44 39
30 56
30 55
39 55
56 44
27 59
35 37
49 41
45 34
54 45
41 56
40 48
47 43
37 61
56 35
42 58
55 25
34 49
55 39
51 48
63 30
38 51
35 63
34 41
53 26
49 31
58 63
27 26
34 51
36 30
36 48
45 41
35 31
40 41
52 58
46 61
36 60
58 31
46 33
48 29
40 27
46 54
41 48
56 32
37 52
43 63
55 35
28 53
42 43
41 52
53 46
44 41
28 55
44 46
52 51
62 35
43 60
45 36
48 49
35 63
55 50
41 53
54 45
33 49
55 39
52 43
47 41
35 56
60 59
54 54
43 56
35 45
57 32
43 28
52 50
48 53
29 54
37 52
35 40
52 49
32 34
35 43
60 45
33 32
60 31
55 28
42 50
32 50
40 48
47 54
40 34
43 46
35 42
34 36
39 32
41 55
53 49
47 42
51 53
34 27
44 44
38 34
41 38
49 42
41 36
58 41
25 49
52 50
35 28
40 60
61 28
35 54
52 25
26 45
42 51
51 43
48 33
51 38
32 55
35 48
43 58
33 38
45 40
44 46
30 40
33 47
31 29
29 52
63 25
38 33
57 34
60 60
58 55
62 37
35 49
39 40
27 48
33 32
59 40
59 36
33 40
36 57
54 42
61 38
43 26
31 59
51 33
45 43
57 46
39 42
33 55
31 46
46 56
47 40
61 43
40 31
43 37
37 47
32 33
39 47
63 48
44 57
37 46
42 30
44 31
35 46
55 54
36 42
44 47
43 48
55 58
36 43
30 52
39 37
57 52
52 40
56 40
31 45
53 61
53 47
46 27
28 62
54 48
55 48
32 37
42 30
53 42
41 52
43 33
47 48
28 45
41 41
42 36
40 45
47 31
52 33
52 38
40 39
42 27
37 31
63 50
48 48
46 54
39 59
47 37
41 45
56 30
45 34
46 50
35 39
31 56
29 41
56 40
48 46
35 40
52 45
42 61
47 27
53 42
40 47
53 34
43 61
55 40
46 42
53 49
52 46
50 34
52 45
50 44
34 40
51 44
45 46
39 28
62 42
59 45
59 36
34 60
47 56
53 29
35 33
35 46
55 39
50 59
41 31
31 46
34 34
43 32
35 61
33 32
51 42
59 48
59 55
57 54
47 52
47 61
34 57
32 57
42 51
61 26
55 44
27 48
33 46
59 34
46 63
60 29
26 39
50 36
40 62
48 26
34 50
41 62
40 42
50 39
47 46
54 43
42 37
52 42
48 34
53 37
44 37
38 31
26 35
54 48
58 47
37 45
43 51
35 54
51 43
47 51
51 47
41 48
61 35
42 47
48 29
55 26
30 53
39 26
55 60
28 46
52 41
36 61
43 25
39 50
33 45
49 55
55 48
56 35
32 33
42 44
57 54
62 52
37 29
37 44
44 33
56 42
38 58
25 55
40 51
38 40
41 33
33 30
51 33
40 34
53 35
47 26
34 42
52 28
41 58
55 52
32 49
42 45
40 44
38 63
40 40
34 40
52 46
47 36
52 39
30 63
47 53
40 39
60 41
53 52
36 34
63 28
30 29
54 52
53 48
51 25
34 63
33 60
32 32
57 45
54 47
46 32
58 37
41 36
32 42
47 59
37 55
30 45
54 43
39 62
31 58
37 47
26 30
34 46
42 57
33 41
55 39
41 47
42 56
33 51
43 35
48 33
40 40
53 45
54 53
42 33
35 35
35 44
41 32
35 48
30 43
27 58
32 48
53 47
39 50
36 41
43 57
30 39
35 43
49 58
38 40
47 55
29 33
39 36
57 33
42 30
45 37
46 56
49 36
28 36
46 50
56 50
45 37
55 36
63 37
58 27
38 50
57 29
63 53
62 37
34 61
61 30
31 43
35 51
47 26
56 34
35 46
37 43
61 29
54 58
53 61
63 28
43 42
62 47
41 44
33 33
26 63
50 39
38 39
53 25
50 49
29 56
45 44
57 46
62 47
34 51
33 47
51 25
48 54
35 50
52 45
40 38
25 42
27 46
59 60
36 52
54 33
43 42
45 37
46 30
43 62
27 57
45 50
59 57
51 48
52 44
53 31
44 25
29 34
47 49
42 50
37 48
35 39
62 40
51 49
27 46
38 28
36 61
39 51
40 45
42 59
35 63
48 27
41 36
53 51
27 53
50 48
54 38
36 45
47 48
50 53
52 43
36 58
58 45
35 63
38 44
39 47
33 40
49 36
42 33
35 42
46 63
27 62
49 32
49 48
52 33
56 31
62 52
41 60
27 45
42 52
33 44
44 33
58 55
39 50
53 31
51 43
37 36
25 52
28 57
40 41
58 31
51 33
38 45
49 45
44 51
44 51
47 44
37 44
33 58
44 54
36 31
40 38
53 36
25 44
50 42
37 59
44 56
52 46
34 29
26 51
51 53
51 38
43 45
35 38
34 33
46 43
51 40
47 27
30 34
63 26
59 25
28 55
48 55
49 58
53 28
52 55
38 42
48 55
33 47
30 63
30 43
44 46
34 43
41 40
27 38
62 45
41 35
36 28
34 60
43 36
57 47
49 56
27 60
42 44
58 34
37 47
38 26
39 36
51 37
43 59
43 37
44 46
52 44
34 32
52 31
41 33
41 36
50 47
36 40
50 28
36 41
28 32
28 45
57 51
42 32
41 44
33 57
45 53
41 53
47 43
42 58
57 53
45 33
53 25
39 51
55 35
51 36
58 56
62 32
63 34
39 39
50 56
40 49
48 35
29 49
52 52
31 55
59 41
55 28
28 62
59 52
47 41
38 36
54 52
31 33
29 42
35 56
50 30
25 52
40 41
55 48
26 57
42 53
62 35
40 45
60 50
26 34
41 44
60 55
31 37
36 28
30 45
38 57
55 30
49 47
31 56
42 61
50 39
37 54
42 45
40 28
33 42
39 56
40 34
58 48
57 58
50 50
37 52
34 56
37 40
28 41
43 57
48 37
47 52
60 53
28 34
57 36
43 62
36 50
63 44
53 61
31 38
40 37
41 50
37 54
45 33
38 51
48 62
48 37
39 59
40 35
33 56
31 38
31 45
33 44
49 45
55 25
35 38
26 52
42 44
37 63
32 45
57 33
48 42
40 50
56 50
25 27
30 41
37 47
25 35
39 54
50 48
30 37
30 36
32 35
40 38
59 56
40 48
44 37
49 38
50 39
52 41
38 33
36 60
55 36
27 43
49 32
28 45
51 28
48 34
38 53
37 55
46 45
57 31
45 50
32 31
48 44
48 29
44 37
36 55
28 38
44 48
30 55
46 57
55 34
32 30
58 52
51 50
52 42
58 43
37 37
40 49
42 58
36 56
35 34
28 52
47 42
38 46
46 58
56 25
53 25
38 62
57 44
52 54
45 27
41 57
52 44
35 35
61 53
62 35
31 50
57 29
30 37
25 55
33 32
26 39
43 59
45 47
26 44
37 57
37 45
39 34
43 46
30 44
48 29
42 61
46 26
49 53
35 47
35 42
30 62
45 41
61 32
59 58
50 48
45 57
38 60
49 36
53 36
51 62
39 60
39 36
34 35
62 37
46 43
34 49
45 36
40 44
62 62
46 51
42 41
42 55
32 37
35 43
27 49
55 61
25 54
35 56
38 34
39 53
40 49
46 39
31 48
41 47
40 48
34 62
50 51
62 52
45 32
36 45
41 39
37 51
40 51
43 46
44 63
28 60
59 45
55 34
60 33
55 39
30 34
37 39
60 45
56 42
55 50
57 63
37 41
37 59
49 44
33 45
28 42
49 45
39 39
47 39
58 32
39 25
62 50
40 50
58 55
53 33
44 30
59 40
50 35
48 35
31 63
38 51
40 41
47 31
29 51
48 56
60 50
46 46
29 38
34 37
37 46
42 52
42 30
25 31
32 59
36 58
35 36
36 55
42 45
48 30
59 55
36 43
39 59
52 52
34 41
59 30
43 62
30 32
46 55
57 59
48 63
40 28
36 52
27 56
30 31
57 34
31 50
62 53
32 34
54 45
50 58
29 54
31 62
36 36
41 44
28 35
47 40
39 48
57 29
31 32
56 56
47 51
53 48
41 50
42 32
26 45
50 56
55 25
38 42
29 55
52 36
42 54
38 62
26 35
29 33
34 41
36 58
40 42
46 60
53 42
42 46
60 40
55 55
37 54
29 56
59 40
46 55
49 48
42 37
45 51
36 37
40 47
42 33
47 52
55 32
62 44
40 33
36 53
33 45
49 63
41 62
42 29
57 38
50 36
41 60
32 41
36 53
35 54
59 35
52 31
37 36
63 35
32 39
39 40
38 33
33 56
37 43
43 46
30 49
35 29
43 55
54 50
55 51
39 46
39 41
57 42
37 50
34 39
51 47
46 43
36 42
48 50
62 44
62 61
41 60
47 56
50 40
45 37
42 53
54 42
61 61
38 36
28 58
57 33
53 39
41 31
48 60
42 57
62 36
62 39
48 28
56 56
53 34
40 54
41 42
39 27
42 36
33 38
27 54
42 57
53 26
25 56
58 38
53 46
58 30
33 30
38 52
35 35
36 50
34 55
50 37
26 45
31 31
34 50
50 58
39 54
52 58
37 52
50 44
35 52
28 47
49 51
34 38
46 54
47 39
56 30
25 51
38 29
38 42
45 41
45 34
29 38
32 41
38 53
52 39
42 60
44 50
31 50
28 51
45 62
34 46
37 40
25 60
36 43
36 55
55 48
48 31
50 41
54 41
56 33
51 50
47 35
54 35
51 41
39 35
44 57
49 42
50 29
43 35
38 49
25 39
30 29
45 54
34 58
48 49
35 36
44 46
50 39
30 48
30 42
46 33
56 47
36 29
53 35
42 57
40 43
53 37
31 45
40 50
55 43
43 60
54 57
59 33
58 41
36 39
35 30
52 55
37 40
43 56
55 31
26 27
57 43
46 44
43 59
55 42
54 43
60 29
49 41
37 30
60 47
26 30
47 34
34 45
59 37
27 30
53 37
51 50
54 45
40 57
46 37
54 57
30 47
28 54
56 40
48 52
57 49
28 39
31 34
52 38
50 39
63 54
41 40
36 48
40 27
53 49
48 51
36 29
31 33
62 55
44 37
58 57
53 47
27 28
35 30
39 37
62 49
28 34
52 53
52 56
48 43
45 50
61 47
44 31
58 41
45 39
52 37
27 56
52 57
47 34
44 43
34 59
29 32
32 60
33 33
57 53
41 47
62 40
30 49
44 30
32 49
46 31
45 52
54 48
53 45
44 37
33 30
54 43
29 38
27 28
29 30
34 47
33 26
48 46
46 38
41 46
46 30
34 30
44 60
51 31
38 46
40 52
32 34
51 46
35 43
61 48
48 34
29 47
28 28
28 54
53 34
60 42
59 29
45 61
63 50
35 62
31 36
32 33
37 55
53 34
36 31
55 47
60 48
46 59
51 46
32 53
42 29
28 40
45 52
34 33
38 33
52 58
46 29
28 48
39 48
37 42
51 59
35 41
37 53
48 32
50 34
32 31
36 54
35 38
38 33
50 35
52 49
34 60
41 30
35 36
51 50
52 37
38 51
53 29
33 50
57 56
39 44
31 58
52 40
28 42
26 27
53 59
46 32
51 32
33 38
63 39
30 63
50 59
46 62
33 46
41 43
53 30
52 45
37 57
42 42
28 45
31 41
45 41
29 62
30 26
39 54
42 28
35 62
59 39
33 51
29 50
36 62
39 40
55 36
35 52
32 48
51 45
39 32
43 29
28 34
44 42
43 30
39 47
54 37
50 39
45 55
48 48
37 47
52 35
41 58
44 38
34 25
39 31
51 59
54 31
47 27
29 25
49 33
53 37
51 53
27 48
36 26
25 45
42 53
49 56
44 55
38 34
38 36
33 31
39 40
37 32
60 47
46 33
39 42
39 48
35 31
60 46
43 49
39 44
34 50
42 33
51 32
55 25
40 61
42 51
51 43
50 30
25 48
36 55
27 26
51 29
58 32
47 52
26 52
50 54
61 29
51 56
42 28
53 44
58 39
33 49
40 59
51 46
62 46
63 42
33 43
33 33
43 36
43 50
41 35
54 32
35 38
36 44
44 55
54 51
47 53
57 58
46 39
53 50
63 53
56 48
52 47
40 48
50 41
41 57
55 44
54 35
57 49
37 36
35 30
35 54
43 46
49 53
42 38
41 63
45 54
63 37
47 32
45 57
48 30
31 42
38 36
42 41
50 58
44 47
36 56
49 47
30 48
26 38
44 47
52 58
30 25
32 27
25 45
47 49
25 41
63 43
53 32
52 27
29 46
31 44
44 35
39 45
51 27
38 56
27 38
49 37
29 58
42 56
44 57
43 37
62 32
42 46
38 45
49 61
61 54
44 40
38 46
42 40
44 31
40 32
63 25
38 58
47 53
56 60
42 27
49 59
43 52
55 47
27 45
36 44
45 31
38 46
52 41
28 51
45 47
61 45
52 25
50 45
35 35
35 48
42 61
44 37
58 44
31 45
50 42
25 40
27 46
45 36
54 32
61 62
35 44
58 42
40 61
32 52
59 50
37 47
50 34
63 36
29 58
52 55
61 45
30 33
28 63
48 45
48 33
47 49
52 30
53 43
55 37
53 59
31 28
36 28
54 37
29 56
47 47
28 27
34 49
26 50
37 29
61 47
47 62
60 30
47 43
43 62
28 52
48 51
50 44
43 30
44 43
42 38
44 54
53 40
31 55
27 35
40 46
28 39
47 60
29 56
49 33
37 57
51 32
51 31
48 38
60 42
49 48
30 52
42 44
62 56
44 38
37 44
57 31
38 57
41 37
45 44
36 62
47 60
29 43
49 45
55 40
60 61
58 44
38 27
25 31
46 45
59 48
37 49
43 39
49 43
37 42
50 56
62 45
40 55
47 57
32 51
47 47
35 32
56 46
39 44
48 55
47 51
56 27
41 41
58 36
42 39
56 53
37 56
42 43
51 46
55 55
28 48
51 44
55 47
46 37
49 35
39 41
34 50
46 44
49 34
34 30
63 51
53 44
45 39
51 49
47 36
45 48
38 32
62 43
38 63
29 44
37 38
58 59
45 33
56 58
45 40
39 50
28 47
33 31
31 51
59 31
45 62
31 40
56 50
43 49
38 45
44 55
35 53
33 29
52 37
60 29
44 40
43 31
40 50
39 25
38 35
25 61
58 60
42 35
30 51
57 44
59 41
45 43
56 52
55 35
43 39
42 42
32 25
32 36
39 32
30 44
57 42
52 28
28 51
60 50
59 43
32 29
56 53
59 30
40 55
50 32
43 28
29 39
47 49
50 30
45 30
30 39
30 40
47 31
47 41
48 34
56 43
46 36
63 44
63 53
47 54
60 35
61 52
45 42
53 51
33 30
59 39
44 41
57 35
43 52
38 59
33 44
43 46
58 59
49 41
55 35
40 57
51 62
35 49
38 31
45 50
36 52
36 44
36 46
40 35
26 60
56 52
36 35
35 45
49 51
60 48
31 62
47 49
48 27
54 62
50 41
31 42
59 31
55 34
35 37
32 46
59 36
60 32
41 47
30 30
40 51
33 63
57 39
50 51
26 31
46 41
43 41
37 32
32 53
39 43
43 43
42 30
45 45
49 42
50 55
37 51
49 30
46 42
57 35
37 58
57 35
41 42
25 35
49 52
59 37
44 38
42 62
33 29
31 50
46 39
36 43
36 52
48 54
41 34
43 42
53 58
35 36
58 37
59 41
32 63
56 40
27 57
57 45
45 39
39 44
43 43
41 50
42 32
42 40
60 32
41 35
55 53
50 60
32 63
35 38
44 34
61 37
56 53
29 52
33 35
30 40
43 41
40 54
63 48
43 40
39 32
61 61
40 39
48 38
36 52
47 36
44 39
48 29
47 42
61 31
36 49
50 60
49 54
61 46
32 40
30 45
28 48
37 43
30 52
45 58
40 45
55 43
45 49
53 32
57 48
45 50
46 38
26 50
30 50
46 33
55 48
29 41
61 49
32 46
46 39
41 40
28 44
55 50
27 41
49 43
36 41
52 60
46 36
59 38
31 33
56 48
27 34
43 49
59 51
45 43
53 45
30 42
30 46
40 37
28 34
39 51
42 53
38 25
49 41
37 48
32 48
40 32
34 57
49 49
32 36
42 32
43 26
58 45
38 33
29 38
34 25
43 29
55 43
33 32
49 63
60 50
36 51
57 33
33 36
35 45
48 50
48 48
38 44
35 35
29 31
46 38
31 48
33 55
27 44
51 48
40 38
37 36
41 50
37 40
46 38
34 32
45 39
38 57
25 36
41 29
44 36
36 34
41 57
41 27
46 49
53 48
46 50
42 43
38 56
33 41
33 39
42 37
56 47
35 58
53 40
53 38
46 59
44 38
26 36
59 58
56 28
48 39
55 53
29 39
56 51
55 27
53 45
35 38
34 61
48 63
55 37
33 35
55 49
39 44
41 43
52 34
55 43
33 51
55 41
30 43
62 40
34 41
52 39
41 60
57 35
62 62
40 25
55 59
59 37
46 63
43 49
48 46
46 40
45 38
47 58
29 53
47 43
37 60
58 37
58 61
40 54
45 61
36 48
59 53
48 37
29 38
53 31
55 39
39 27
39 46
43 52
30 45
44 30
39 48
40 41
53 43
44 41
33 36
35 31
42 56
32 33
56 35
43 30
43 55
45 45
26 49
49 41
63 55
61 48
34 34
25 33
33 43
36 55
55 29
56 34
55 44
57 28
52 46
32 42
32 43
49 29
58 53
33 33
53 60
26 37
43 51
48 37
29 43
30 53
52 47
36 50
48 39
35 39
43 30
54 50
58 41
41 45
45 32
42 35
51 61
27 49
56 39
29 42
53 30
35 52
28 39
39 25
27 27
39 32
35 51
25 38
54 34
53 40
34 56
42 40
52 40
26 48
58 54
63 53
48 30
41 53
42 36
52 35
47 52
43 36
35 39
37 58
31 46
54 33
41 56
32 51
62 55
46 45
55 28
58 43
39 40
48 47
59 32
52 29
40 33
27 54
50 31
30 48
53 32
50 39
32 50
32 46
63 35
50 44
46 47
59 55
56 28
35 45
36 45
50 43
45 46
49 40
40 38
33 49
28 32
38 32
54 44
59 33
53 41
42 30
27 44
60 50
45 38
28 46
45 36
48 36
37 49
52 63
37 39
35 44
30 46
38 46
59 41
38 36
58 34
43 57
48 39
32 43
33 28
44 51
50 53
45 49
33 46
50 33
28 55
45 49
45 30
35 61
25 31
53 38
27 39
59 38
43 33
50 59
44 47
31 31
32 50
29 63
51 36
40 38
58 27
41 59
39 52
33 38
49 49
39 49
55 44
58 59
40 34
26 35
30 42
35 46
45 40
55 34
34 52
36 49
40 43
32 46
62 45
37 42
55 36
59 43
46 62
49 62
35 43
62 61
42 45
34 41
45 25
57 26
55 32
35 47
40 32
63 52
44 50
59 42
46 39
50 54
42 34
50 56
50 49
38 40
50 35
31 33
30 44
58 34
37 28
51 58
53 53
60 46
37 41
28 36
48 33
57 33
55 53
47 51
49 33
57 46
38 33
39 36
52 36
56 50
35 33
42 32
29 55
50 43
49 45
46 55
41 49
45 55
27 47
48 51
27 28
49 39
47 38
49 36
52 44
48 34
34 34
45 50
57 57
55 38
63 37
34 37
44 32
52 49
40 36
39 52
41 45
46 46
62 34
31 39
44 39
42 39
41 32
34 51
36 62
61 61
29 35
34 44
60 38
58 33
27 57
51 32
36 47
41 43
60 31
59 42
50 48
31 25
53 60
50 30
43 38
60 62
49 31
54 42
39 47
51 58
25 36
45 34
50 52
30 26
63 44
50 41
37 40
53 41
39 29
47 34
27 30
40 59
51 43
45 38
53 59
47 47
28 32
29 42
46 29
49 44
30 35
38 26
33 49
61 60
57 27
28 46
58 31
33 44
34 35
48 46
30 48
40 46
36 33
34 27
49 42
61 45
44 30
38 47
29 58
43 61
43 41
42 31
57 47
40 51
28 39
53 57
36 37
56 53
45 32
25 36
43 37
38 41
45 49
35 34
41 42
55 36
44 52
35 47
32 36
43 50
47 54
39 31
26 37
53 26
46 30
53 41
26 30
28 53
63 37
53 33
48 31
39 58
56 39
27 44
63 31
41 44
44 60
46 35
39 52
34 41
37 55
35 62
38 35
63 37
59 44
46 29
32 41
51 55
49 33
44 46
49 48
41 29
61 25
43 41
31 42
33 30
40 43
47 61
53 30
40 37
54 36
40 51
52 42
56 37
31 34
42 46
49 56
31 37
43 59
52 49
46 27
43 46
57 36
27 29
45 41
44 28
54 41
48 47
45 32
36 29
36 48
40 39
29 35
39 37
45 48
61 37
52 35
47 48
32 59
27 43
42 40
42 41
36 45
56 46
27 61
48 25
42 29
40 37
44 58
56 48
34 32
35 32
36 41
35 44
50 57
40 36
44 33
44 46
57 32
37 31
41 35
35 31
41 32
43 45
55 36
49 40
47 32
35 60
57 45
48 31
45 61
52 49
43 38
29 28
42 52
44 48
30 35
44 61
36 34
59 50
62 34
53 62
40 45
35 54
55 31
43 39
45 40
49 50
25 32
56 59
45 57
62 29
41 53
49 40
35 34
36 31
43 45
25 27
48 41
60 55
60 39
27 29
50 48
37 25
41 42
52 49
30 41
55 26
34 43
49 28
43 43
51 29
55 33
52 32
28 43
34 35
27 60
29 40
45 50
37 41
55 27
53 47
61 54
50 48
43 62
53 34
60 59
45 39
51 40
36 61
59 61
28 39
30 53
44 31
41 55
55 42
60 37
34 32
57 56
44 26
43 39
42 28
40 40
33 31
44 51
56 31
43 39
26 63
62 63
45 36
39 31
28 40
44 54
40 32
42 31
27 31
62 61
29 30
61 27
28 37
53 50
31 56
43 32
42 60
34 52
37 39
45 48
45 33
39 40
42 63
62 61
39 63
45 31
42 56
41 34
31 37
39 46
42 61
57 30
53 61
34 54
40 31
44 38
45 42
35 25
55 55
62 36
59 45
42 57
33 53
51 47
57 42
30 30
58 34
30 42
41 36
53 57
59 58
42 41
43 36
43 30
43 33
36 44
56 30
34 44
43 39
56 36
37 43
40 45
37 57
58 42
45 45
40 51
43 36
37 35
43 44
26 32
62 55
38 40
34 47
45 60
40 36
43 29
53 46
41 29
49 55
42 41
42 25
27 48
33 32
51 43
35 62
36 38
37 34
33 44
55 30
43 31
46 47
41 47
58 60
49 48
38 54
31 43
48 51
32 62
41 35
57 48
54 51
26 33
41 46
46 43
27 42
56 44
42 37
31 37
25 39
33 51
40 55
57 44
50 59
54 59
49 33
47 35
33 43
26 31
44 34
48 31
58 43
46 62
39 56
58 33
37 38
36 35
38 35
25 53
26 33
57 30
59 43
46 44
49 43
49 35
35 61
27 25
31 55
48 40
40 41
62 36
53 48
56 31
60 38
50 63
53 29
45 40
33 38
49 42
57 35
25 57
58 36
51 40
53 40
28 37
57 25
43 34
31 53
36 48
37 55
38 51
38 32
39 57
55 30
60 41
52 30
58 30
52 50
30 32
38 42
47 27
60 51
59 27
32 43
49 43
31 28
45 37
60 53
54 47
32 43
49 38
53 40
37 57
25 33
40 43
28 37
35 44
28 50
61 25
55 37
58 33
34 28
46 55
36 63
58 61
35 56
44 46
43 35
63 34
50 45
49 38
58 59
60 49
36 49
35 38
41 29
37 27
25 43
63 50
25 58
51 56
32 48
36 42
48 40
30 45
40 32
40 33
34 35
30 57
40 41
48 29
39 32
63 26
61 53
35 55
55 30
34 34
44 32
37 62
43 51
28 26
31 55
41 36
37 57
63 56
34 58
48 53
55 48
48 61
45 40
61 44
39 40
36 36
57 47
41 49
59 56
26 32
34 58
48 36
31 39
42 46
25 36
34 33
53 49
41 45
40 58
49 32
25 29
60 60
49 48
41 34
40 42
44 45
51 41
35 39
63 46
63 45
26 42
28 39
45 34
44 43
37 58
50 35
34 29
37 34
40 50
45 36
49 47
45 29
37 53
55 61
37 38
53 31
52 34
28 36
25 33
49 46
63 61
36 43
36 25
40 61
31 28
51 62
46 51
45 31
42 36
61 29
40 37
37 44
58 60
53 35
40 50
27 44
39 37
42 41
49 31
34 40
53 41
48 31
42 43
39 27
39 59
34 59
47 29
50 33
61 30
40 32
34 29
37 39
25 60
35 49
52 44
55 59
53 31
28 63
37 37
31 40
34 34
58 61
54 35
41 54
42 57
27 51
47 46
55 32
48 28
48 42
43 49
30 45
35 49
45 39
42 44
46 58
63 32
47 63
39 31
57 52
51 28
63 29
40 36
57 52
61 28
53 35
63 38
35 42
30 38
49 36
39 49
38 55
41 50
42 34
35 42
25 38
51 28
52 49
36 52
60 52
41 32
46 25
34 25
56 46
50 54
53 41
31 54
30 61
39 36
50 58
51 34
32 27
45 44
27 41
29 60
38 33
53 48
44 34
27 34
48 56
49 35
50 57
54 47
35 44
48 39
35 43
43 41
27 51
58 33
39 35
47 52
50 38
48 56
57 59
25 50
57 38
31 49
45 38
48 28
35 32
54 48
35 32
46 45
31 26
39 48
37 63
30 31
40 42
58 37
39 33
42 48
49 51
34 31
28 29
59 43
53 49
48 47
45 58
25 40
40 30
46 33
33 46
46 28
35 58
45 28
33 48
50 53
44 31
32 46
35 43
39 54
37 28
34 41
50 49
45 43
34 58
39 37
26 48
52 63
25 49
45 44
60 43
35 39
28 32
49 53
45 35
45 39
45 32
40 29
32 34
43 38
54 26
58 61
54 49
46 39
39 34
38 53
35 41
39 56
30 41
42 58
37 35
61 40
60 36
47 44
49 48
52 36
39 54
55 45
52 54
51 56
39 63
40 40
39 41
62 32
27 45
34 33
48 35
39 33
40 62
51 36
52 36
28 44
47 39
53 46
49 43
32 48
39 55
48 42
28 56
55 45
52 55
44 43
48 44
41 31
38 62
53 45
52 43
30 62
42 46
46 33
62 57
59 46
55 45
38 58
38 38
58 36
61 43
33 40
53 34
59 63
34 56
41 56
55 44
53 41
47 54
25 58
43 42
53 45
32 25
50 50
59 27
55 39
29 29
39 52
49 44
57 61
46 36
36 60
55 42
59 51
32 43
49 43
44 44
53 48
29 52
34 47
45 56
27 35
40 58
39 45
52 48
48 62
39 34
59 47
48 35
33 42
46 55
48 35
27 37
51 26
52 52
38 39
47 44
44 42
39 37
55 51
47 43
40 41
31 51
46 43
42 31
43 44
54 41
40 59
34 40
62 45
26 41
51 47
39 46
56 40
49 53
44 32
35 55
56 36
45 55
55 46
47 41
31 59
58 54
47 40
29 47
32 42
40 44
52 52
47 50
34 35
37 42
58 49
35 41
40 53
60 28
46 42
39 43
42 27
27 50
41 63
27 50
47 46
31 62
37 53
48 54
51 48
55 50
42 53
39 50
43 45
59 52
48 53
39 63
50 37
39 34
28 49
63 54
58 61
46 44
40 26
38 47
56 59
31 39
63 39
32 36
36 55
63 29
50 58
50 36
62 44
37 25
57 25
54 41
38 37
57 45
62 25
54 27
54 45
37 30
37 44
41 54
63 31
33 45
42 61
31 61
29 31
43 55
41 33
49 32
49 43
37 35
50 32
61 39
29 32
46 42
55 43
55 42
46 42
40 33
57 59
33 29
47 52
35 57
44 43
49 60
38 29
36 47
33 28
44 29
50 50
44 38
34 32
42 35
32 61
47 26
47 39
30 56
37 55
44 59
46 44
49 46
34 45
42 28
28 46
35 46
40 51
46 32
28 47
32 46
35 37
51 31
43 52
60 30
25 41
52 41
54 43
31 43
45 46
40 56
44 55
32 40
51 29
39 38
49 37
51 50
54 51
35 36
39 45
49 47
36 33
39 49
33 27
35 36
35 35
59 34
51 63
32 33
32 36
40 39
46 30
25 31
49 57
45 26
33 47
48 39
31 54
27 57
28 49
35 58
39 54
48 60
52 46
35 29
51 49
37 35
40 34
54 63
33 47
42 46
47 48
50 33
43 30
45 58
56 37
39 39
43 33
45 49
37 63
41 25
44 39
49 40
50 48
41 39
41 49
37 36
32 45
59 51
38 48
31 49
52 43
55 55
43 43
47 49
37 54
45 54
53 44
40 41
52 43
57 37
50 44
50 49
39 42
40 47
61 38
63 40
33 39
39 48
55 41
47 46
52 45
50 49
37 43
60 29
45 31
60 38
26 38
60 61
50 56
42 38
62 40
40 32
45 42
53 29
37 46
62 32
43 54
39 58
42 49
49 47
56 38
53 46
58 25
33 35
38 45
54 60
51 49
34 48
32 61
54 29
56 55
36 38
30 41
48 26
28 35
27 44
34 56
50 50
46 59
52 45
27 54
53 26
44 43
52 35
47 46
39 51
60 33
50 34
46 37
44 27
45 37
37 54
29 48
59 33
41 36
33 40
28 42
56 52
58 26
59 34
35 55
38 48
37 42
35 31
52 60
49 34
35 37
40 43
61 57
44 37
32 39
33 40
32 54
44 43
27 48
40 55
44 52
38 37
60 49
33 27
59 30
33 30
44 61
40 43
40 57
36 41
63 47
48 50
44 59
47 40
42 39
31 45
41 53
49 45
44 37
40 29
34 52
45 52
60 47
41 34
37 40
33 44
42 28
51 55
40 37
27 42
52 30
42 43
47 26
45 44
40 26
33 35
42 53
52 25
59 49
36 54
46 53
40 41
35 42
29 45
62 59
52 40
30 47
35 52
39 48
31 32
39 39
30 51
53 40
53 38
33 55
31 47
53 56
35 52
37 37
42 51
44 46
31 52
34 48
59 37
40 56
48 27
55 39
34 58
36 38
35 63
30 59
58 43
42 59
57 35
36 61
35 52
49 38
44 48
28 50
41 42
53 45
41 50
63 56
43 45
45 42
32 63
34 35
42 62
62 49
39 46
54 40
63 28
41 25
30 38
36 31
50 42
51 52
57 47
30 58
37 54
50 26
54 32
49 38
41 34
44 58
44 52
52 53
34 34
49 39
55 48
54 42
46 42
48 56
41 42
35 38
56 63
40 38
45 47
46 31
43 28
44 62
52 32
55 55
43 38
53 25
51 35
35 34
44 47
47 50
26 29
49 40
35 40
39 47
46 37
63 31
48 29
60 62
59 35
50 33
30 29
62 40
53 53
50 45
27 42
43 33
35 32
56 33
49 48
29 46
57 38
58 36
49 39
45 45
39 29
32 47
38 47
38 47
43 61
48 47
62 46
42 38
53 45
61 37
39 53
62 35
38 31
61 42
41 38
42 49
30 56
27 40
41 43
44 52
33 42
36 30
49 46
59 42
50 38
33 25
48 45
59 32
40 55
34 32
45 29
32 48
57 57
61 34
59 26
36 46
41 35
37 36
36 39
35 45
40 38
54 31
56 50
46 52
56 32
55 52
49 30
35 31
63 55
38 41
41 38
52 41
45 49
48 59
46 46
38 46
58 52
55 42
32 43
29 53
25 29
44 34
29 43
43 46
50 61
47 39
28 39
31 42
41 31
31 47
55 39
48 40
35 52
40 46
43 51
40 46
60 43
25 42
39 31
25 55
41 46
38 54
53 50
55 33
55 32
41 49
28 33
51 49
49 53
45 54
30 33
56 46
36 50
43 39
55 42
50 44
42 33
26 53
41 34
41 46
54 50
26 55
51 40
46 55
62 45
32 45
31 51
36 39
44 34
33 36
37 35
41 47
45 31
30 36
29 33
45 36
37 56
59 47
49 49
39 61
49 26
59 46
40 38
44 29
56 47
43 29
52 35
56 36
32 35
48 55
51 40
41 25
38 43
38 40
58 38
46 58
55 35
46 48
47 33
51 54
39 51
33 29
61 37
47 56
46 47
50 56
45 51
44 40
62 45
42 59
49 47
50 56
52 56
51 47
59 40
37 36
29 49
42 41
49 28
33 36
33 44
26 47
42 37
38 41
61 32
63 55
33 45
51 32
41 60
53 39
44 52
57 31
45 36
34 57
48 42
36 42
55 42
27 50
28 40
44 34
49 54
44 27
32 47
49 29
25 49
34 45
42 31
33 36
39 53
41 41
31 43
51 54
34 49
30 39
49 38
57 44
43 57
52 47
45 40
42 37
52 41
56 53
38 59
29 36
49 58
33 38
46 40
45 47
58 46
43 33
49 47
33 46
46 48
47 34
51 49
32 49
47 37
37 27
34 39
41 40
53 48
31 32
57 54
42 51
54 60
60 39
50 51
45 55
41 54
37 29
39 51
44 41
36 38
44 56
54 37
48 25
50 34
33 63
48 55
62 44
39 46
50 42
55 26
57 50
38 38
44 42
47 33
35 42
37 47
33 34
28 38
48 49
47 40
44 47
38 34
36 29
47 43
32 33
47 49
41 42
43 27
32 52
40 27
37 55
29 44
43 52
56 48
39 41
48 53
42 54
43 38
35 53
48 44
33 30
45 48
26 62
29 27
60 36
25 27
63 55
41 47
41 36
50 44
46 33
38 41
34 53
43 44
31 52
45 39
60 56
46 53
38 31
35 43
34 52
32 49
26 51
25 58
54 36
37 52
43 44
63 37
37 37
60 32
55 37
33 35
60 63
25 42
42 63
54 33
41 39
41 59
57 36
53 43
31 41
26 63
53 37
41 57
52 39
44 30
30 36
41 59
47 58
36 34
49 49
25 60
52 53
48 43
29 53
31 41
31 38
31 34
40 45
50 27
45 32
40 54
36 49
37 46
35 36
44 48
56 36
39 26
55 49
58 31
31 37
58 63
38 37
40 45
31 39
37 51
50 61
51 32
48 28
52 41
27 45
56 53
44 33
29 33
51 45
28 40
45 53
31 37
28 31
36 34
30 61
46 63
39 37
41 47
61 50
37 49
58 33
33 43
37 27
55 46
32 43
47 52
28 47
35 37
55 30
39 39
33 61
30 63
38 41
27 55
29 62
32 52
55 56
49 51
28 49
57 29
41 35
30 37
43 48
48 32
44 46
61 48
38 46
61 27
38 59
46 32
56 38
48 36
57 47
54 42
55 37
41 62
36 28
28 27
48 40
53 29
51 40
53 49
33 55
34 61
37 62
41 34
40 25
37 29
43 39
43 28
33 47
25 45
41 37
37 32
56 42
31 55
44 41
50 43
43 54
52 48
42 39
42 56
44 48
31 63
58 31
28 42
38 55
36 39
39 51
50 51
55 34
46 46
57 50
52 28
54 32
40 50
26 33
47 30
35 40
45 33
37 40
48 55
38 29
43 31
37 48
34 42
60 43
33 52
30 45
60 31
32 31
38 59
43 38
42 42
26 44
27 35
58 27
55 51
38 59
50 51
50 42
44 45
27 46
31 61
52 33
49 41
41 48
37 54
55 44
49 35
44 34
38 41
38 52
37 51
31 35
37 52
33 58
48 58
48 56
56 30
36 38
34 33
53 34
39 32
46 40
52 54
57 34
36 37
55 54
40 53
50 43
42 26
55 34
53 56
27 50
57 45
42 52
40 49
33 48
61 62
29 29
40 43
43 37
48 36
27 61
59 38
53 42
37 37
50 61
50 34
33 27
47 38
42 57
32 47
42 61
34 46
40 32
37 27
41 42
42 58
62 42
54 31
44 61
32 31
48 33
56 34
36 53
35 37
43 47
35 58
38 54
44 57
35 55
57 56
55 61
39 36
31 34
28 46
45 46
33 59
32 43
56 52
45 44
50 60
56 32
45 34
38 61
53 58
60 26
27 30
37 32
62 47
42 40
56 26
57 48
52 41
50 30
38 55
35 27
40 46
56 56
61 59
29 35
55 45
36 55
33 35
33 49
41 36
44 29
52 48
55 30
31 38
37 45
32 51
45 36
59 28
25 33
38 56
50 49
60 42
37 55
47 29
37 57
51 44
59 51
55 59
33 54
56 35
43 62
26 28
35 45
44 48
35 47
37 44
26 40
59 48
33 48
44 41
36 49
50 37
33 56
50 27
37 52
51 38
55 61
38 42
37 51
33 52
52 38
57 47
38 53
41 48
35 43
49 52
35 58
61 32
57 57
39 45
52 32
42 60
38 41
50 35
46 49
33 44
43 36
54 48
52 49
34 34
28 58
45 46
39 59
49 30
52 44
43 35
45 54
29 59
27 40
53 57
55 43
62 56
42 53
63 45
28 34
30 30
39 52
54 50
44 52
30 62
58 48
33 48
43 54
37 51
62 37
50 41
30 59
54 59
35 36
45 42
31 36
31 58
38 33
26 55
35 63
41 55
40 42
48 61
40 51
45 54
58 43
37 39
33 57
25 45
28 31
43 40
36 43
48 42
40 35
29 49
29 52
44 40
40 37
47 54
35 38
44 32
49 32
55 32
46 48
56 56
61 41
43 47
57 60
55 60
31 45
32 49
34 57
51 43
45 30
46 58
53 47
38 53
44 34
49 46
55 48
46 31
43 53
55 56
33 53
59 55
39 48
37 38
40 56
56 37
39 42
48 29
47 50
25 42
37 52
58 56
43 53
50 52
46 42
63 48
58 43
34 39
29 37
52 46
55 32
48 36
33 32
49 51
48 36
29 51
35 48
36 40
37 44
38 43
50 45
34 44
35 36
40 52
55 49
38 41
29 40
32 33
53 61
37 42
36 27
48 53
45 31
45 33
46 34
51 50
48 56
46 61
36 51
40 36
42 46
45 30
54 42
51 44
34 50
63 56
33 57
28 46
50 41
33 37
37 48
40 49
33 42
27 43
33 43
50 40
35 49
28 45
42 55
36 60
41 32
45 38
52 43
55 39
37 58
28 42
44 37
47 52
44 63
39 52
39 32
44 34
38 35
57 51
48 38
26 51
46 41
37 37
51 31
54 63
48 45
37 27
47 53
45 56
49 61
49 30
54 32
34 46
35 31
26 32
51 56
47 30
51 51
26 34
34 60
62 45
51 39
56 53
41 28
38 56
47 34
54 36
47 45
33 57
44 60
43 48
26 61
49 41
42 37
31 56
33 54
39 29
32 61
59 63
32 39
42 61
36 33
52 52
31 35
41 32
55 43
32 46
41 42
35 38
46 51
59 46
62 38
44 56
46 51
61 44
46 35
33 33
61 29
40 35
45 55
42 46
47 60
29 50
39 56
34 35
41 41
41 49
44 32
47 48
29 50
42 32
31 45
36 46
36 42
63 42
37 32
61 40
44 47
60 35
49 44
47 62
57 53
41 40
43 55
38 47
42 26
32 52
36 35
37 47
51 40
34 52
42 47
44 45
47 50
33 49
54 27
36 43
28 48
45 54
37 25
25 35
38 62
61 47
43 55
38 47
43 62
34 38
45 39
40 53
56 55
33 46
41 46
58 48
56 53
28 42
41 37
50 40
62 45
45 31
40 61
33 44
50 51
31 47
34 26
40 37
34 41
40 50
60 32
30 41
56 38
43 33
36 46
42 57
26 48
36 34
43 45
53 40
51 43
45 59
48 57
36 29
31 37
39 47
50 36
63 25
57 45
33 61
35 42
33 31
43 57
54 32
40 61
31 50
53 50
46 37
29 49
40 28
53 25
32 31
48 54
29 52
47 34
29 32
36 41
62 54
41 62
38 30
52 53
45 36
36 39
48 41
30 57
43 38
56 45
28 60
38 61
53 34
40 31
30 33
47 38
61 43
52 36
48 45
46 61
63 61
51 37
35 48
34 52
56 34
62 36
25 52
35 60
44 39
53 35
27 55
32 36
51 39
53 35
28 62
35 38
45 43
45 41
32 35
37 48
46 57
39 36
36 56
33 50
31 35
40 42
59 56
27 63
45 37
34 39
37 52
42 54
38 56
29 43
34 44
41 55
42 56
57 38
55 56
35 36
43 26
47 55
28 33
42 46
35 42
38 35
46 57
38 32
41 30
38 28
53 33
49 59
52 29
33 54
47 25
43 33
56 48
51 48
56 30
27 35
44 45
59 62
55 56
47 29
36 43
51 62
37 38
41 37
37 52
57 37
58 55
41 32
45 38
54 28
58 35
32 55
30 38
27 27
28 39
45 41
28 51
26 40
45 38
37 48
45 51
40 52
35 51
49 51
59 54
41 55
54 32
41 45
30 39
41 57
45 31
43 52
46 44
48 55
31 62
58 45
44 45
40 52
41 54
39 41
54 56
45 34
40 38
50 49
53 42
39 31
35 49
31 55
44 32
56 42
51 38
41 60
56 32
40 35
37 42
38 47
30 25
55 61
57 50
30 40
40 25
42 51
41 40
29 43
37 44
61 60
41 34
40 38
38 48
31 46
36 48
48 45
51 41
45 43
50 43
38 57
58 34
45 40
32 62
27 57
37 35
62 26
57 52
62 37
46 38
46 37
56 45
47 42
37 46
42 47
48 51
37 50
35 53
54 55
27 29
41 58
52 36
61 57
57 63
33 38
63 56
53 55
41 38
52 38
45 41
35 47
59 50
34 59
26 55
46 51
37 42
61 38
47 46
41 29
48 53
62 35
51 51
53 40
54 48
47 52
32 31
51 48
33 44
51 36
40 53
40 58
32 48
53 37
30 43
39 61
56 26
44 30
56 46
37 51
35 60
45 43
58 45
56 45
27 42
38 58
53 41
47 54
60 51
42 28
40 41
47 57
61 61
42 40
57 43
35 28
49 54
37 44
43 57
50 41
43 36
55 48
38 45
32 61
61 46
31 46
42 36
38 37
36 50
62 49
39 38
39 47
35 55
44 33
46 45
43 34
31 34
53 34
41 58
37 57
41 28
54 54
41 48
59 34
59 33
33 54
59 50
31 41
47 39
38 59
36 52
58 48
63 36
37 56
40 40
48 49
58 36
57 39
29 51
28 33
39 55
44 63
38 39
38 38
56 51
44 38
54 47
49 43
41 52
53 35
25 55
31 29
27 33
43 30
61 35
35 45
40 33
63 53
41 49
37 49
61 29
31 33
37 53
33 37
55 35
34 45
53 34
43 44
27 36
38 45
53 29
45 59
45 33
46 37
41 58
39 34
63 62
45 44
29 58
33 36
62 49
43 46
61 40
44 46
50 43
35 46
46 48
53 41
56 34
42 30
45 54
41 57
35 61
49 59
52 39
52 34
54 32
63 50
43 60
57 58
52 31
52 50
51 43
51 60
54 34
41 36
47 43
50 32
38 55
51 36
46 39
35 45
47 34
39 63
43 37
36 46
59 34
37 28
44 45
36 38
45 36
53 39
37 31
33 26
41 42
42 41
46 54
36 62
31 43
53 32
35 45
52 44
52 26
27 28
46 35
59 37
29 55
32 48
55 43
32 48
53 53
49 28
53 26
54 35
32 36
35 27
32 35
58 45
43 58
42 32
44 42
41 25
31 51
30 30
28 42
35 37
36 41
52 50
47 26
48 33
40 50
38 46
28 49
57 46
44 44
28 58
41 45
35 38
32 37
48 59
61 35
43 46
36 63
34 50
40 45
46 46
42 35
35 47
56 43
58 34
40 41
41 45
61 40
48 56
56 30
41 40
63 40
57 32
42 39
44 46
26 53
37 29
43 37
30 26
33 38
38 41
35 37
31 49
31 44
40 63
55 47
39 42
37 39
27 49
38 35
46 53
46 25
27 49
28 48
32 45
54 43
61 56
60 49
36 31
42 53
45 36
49 51
58 43
59 33
52 50
44 43
45 48
50 40
58 29
39 60
59 56
54 48
44 57
34 47
44 44
43 60
38 41
36 44
56 33
40 36
28 62
34 49
44 51
49 50
49 55
27 42
36 28
34 53
39 33
43 40
33 42
63 30
56 46
41 40
33 55
29 46
30 44
58 29
28 42
30 50
60 45
53 50
32 44
43 49
49 32
42 47
46 43
27 43
30 46
37 46
57 58
37 27
63 53
48 33
28 56
35 53
55 44
39 30
28 28
31 43
32 38
55 33
35 53
34 61
60 60
32 53
36 32
39 53
40 56
48 29
59 40
57 48
30 41
42 38
38 48
27 53
36 37
44 37
49 47
41 40
33 40
38 34
49 61
51 45
51 63
35 44
43 39
50 53
60 30
34 47
56 36
57 40
49 33
32 32
52 40
43 34
44 48
48 63
42 41
40 50
43 29
35 56
62 26
39 43
51 32
40 56
33 63
53 38
33 54
46 59
53 44
29 29
46 62
32 31
63 38
34 31
36 27
43 46
52 49
34 33
28 47
54 46
46 51
58 37
48 58
44 54
29 37
58 31
33 63
39 34
35 59
54 39
54 57
46 63
32 30
55 48
36 45
46 38
55 39
38 47
51 44
48 39
48 53
36 61
46 59
25 57
29 47
58 55
45 43
51 30
37 46
57 28
44 57
44 32
48 41
59 49
47 27
42 37
39 40
42 42
62 35
48 40
61 48
53 30
31 52
53 42
43 38
36 39
31 56
49 53
56 37
55 38
44 49
49 35
55 42
49 58
52 44
60 45
40 34
51 44
35 30
33 40
37 49
40 31
28 44
54 55
25 55
49 49
25 42
36 33
35 29
45 33
54 27
45 38
28 48
32 37
62 45
48 60
49 42
33 42
40 34
59 42
55 27
42 54
30 49
33 40
39 40
48 49
28 40
60 31
41 46
51 53
39 42
46 29
28 48
44 51
60 43
38 29
49 53
63 44
27 52
33 36
57 43
38 52
32 38
38 42
40 56
56 42
55 60
33 44
48 25
30 55
55 58
35 40
40 45
50 48
51 58
42 39
30 52
42 42
50 60
52 44
38 42
60 39
49 44
54 45
47 39
25 50
47 41
30 54
47 54
30 26
44 42
51 46
34 55
56 48
43 40
52 31
40 54
33 55
42 51
36 47
40 37
59 51
35 44
49 47
37 45
53 29
40 49
60 53
25 37
53 40
28 58
29 41
54 46
56 46
39 61
43 38
45 34
40 48
37 33
54 38
45 29
59 36
45 61
36 40
27 29
34 45
32 32
51 56
29 31
39 39
39 42
45 33
51 36
46 38
29 56
46 44
48 38
31 51
47 35
39 54
41 37
39 47
35 36
41 27
61 55
26 37
53 49
52 35
51 30
48 27
34 53
46 60
39 26
55 52
40 45
48 41
31 46
45 34
31 39
37 41
56 51
42 41
46 35
61 40
33 44
41 47
28 43
55 43
28 43
48 26
37 46
45 59
40 38
40 34
38 31
60 49
43 56
45 54
40 46
57 52
50 43
42 28
46 62
42 40
28 63
60 26
33 46
52 55
35 47
43 34
39 51
43 25
42 60
42 49
36 49
51 49
36 45
47 38
49 54
44 47
56 52
28 28
37 33
43 40
44 32
37 57
42 53
39 53
55 50
63 41
35 33
54 46
32 43
36 56
40 37
59 31
32 42
44 45
46 35
46 28
31 41
47 35
29 60
55 35
39 37
36 59
57 48
55 38
36 38
34 41
54 42
33 57
36 57
51 29
41 40
35 30
36 45
47 45
25 50
33 41
32 52
54 32
38 51
45 41
26 37
37 37
51 31
37 38
42 55
46 44
60 51
28 36
51 27
57 40
45 45
26 62
33 29
44 48
29 48
47 59
52 60
58 48
46 43
45 36
48 56
33 55
34 40
44 45
41 50
38 40
34 38
32 45
44 56
35 45
35 43
57 58
47 27
42 47
63 33
55 51
41 46
27 37
57 58
42 35
53 48
34 25
41 31
41 45
26 46
42 50
46 46
55 33
29 31
31 32
59 59
48 47
41 44
31 48
32 25
37 29
37 51
60 37
62 57
27 40
51 39
31 25
36 36
39 37
31 43
39 60
27 37
57 44
32 35
51 57
50 49
59 39
61 40
48 38
46 36
44 52
48 48
38 25
40 37
40 56
34 47
54 28
34 35
32 43
37 42
47 59
37 48
41 30
51 27
45 53
49 40
42 27
28 30
57 60
47 43
27 28
42 50
46 39
47 54
55 29
36 40
48 34
42 28
28 55
31 38
35 41
33 25
31 40
50 39
45 51
47 43
44 42
41 41
54 60
63 36
34 51
44 52
52 43
37 40
29 59
43 46
43 59
63 33
42 42
47 44
41 54
41 50
40 52
29 36
60 47
52 39
42 45
30 48
39 59
45 62
55 50
48 62
48 47
63 29
29 43
54 42
55 55
35 61
58 34
43 55
34 41
50 37
63 50
37 32
28 39
49 35
62 34
28 41
32 34
60 33
41 46
45 52
38 45
28 46
47 44
40 52
40 36
48 50
25 59
41 52
51 38
35 40
33 29
37 59
45 59
45 41
40 50
51 41
41 53
43 62
25 30
42 39
45 55
40 33
44 40
42 49
46 42
34 54
54 36
45 38
38 27
52 53
38 52
26 45
30 52
29 40
58 55
32 26
34 34
49 61
52 56
53 53
27 62
52 38
44 54
54 47
58 41
39 53
49 47
43 40
43 41
31 43
28 31
56 45
51 59
34 30
55 50
30 38
41 61
30 33
58 28
54 45
62 30
37 51
30 30
38 44
41 61
38 48
53 35
55 38
37 62
45 41
56 39
38 30
60 58
60 46
37 43
62 48
53 41
29 59
54 57
38 38
54 60
44 38
36 36
47 46
29 31
37 41
48 44
46 34
36 47
56 34
27 60
27 37
39 47
31 37
37 47
32 44
47 41
53 41
56 37
52 48
49 40
34 45
61 63
44 42
40 47
25 57
47 46
35 34
51 51
50 54
60 47
52 40
39 41
49 42
32 61
48 54
54 59
61 58
57 37
50 28
26 34
60 61
48 47
49 26
58 45
30 26
37 45
38 45
52 48
35 41
38 39
48 56
30 52
41 57
39 58
58 47
41 38
29 37
45 50
34 54
33 44
26 54
36 27
45 38
55 34
42 37
28 36
27 48
28 53
31 48
59 37
60 52
61 42
38 34
61 32
29 55
42 49
47 57
62 47
28 47
48 55
46 35
49 40
63 36
45 51
47 47
33 30
25 37
44 43
36 39
30 38
35 37
45 61
38 44
60 48
32 53
37 35
42 41
47 44
53 48
58 50
38 34
62 60
63 50
46 43
62 45
55 57
60 33
26 30
37 38
44 61
37 41
35 50
36 30
41 47
28 32
42 55
26 38
48 25
63 29
45 34
37 28
62 32
33 60
49 51
31 36
56 43
46 44
33 36
31 45
40 41
28 44
28 45
62 33
25 47
51 59
35 41
39 27
57 45
54 51
42 38
38 44
42 40
32 48
46 52
58 63
32 52
38 62
49 59
56 49
41 55
42 31
43 47
30 49
45 39
44 55
32 48
45 61
54 41
53 33
44 56
42 34
29 52
49 60
37 60
44 30
35 51
55 45
25 41
26 59
59 45
34 39
26 47
52 54
56 49
38 27
41 29
40 31
49 48
43 37
51 49
40 53
29 43
44 26
30 50
31 44
36 51
51 35
28 41
54 31
40 62
51 32
62 33
37 44
36 46
41 51
51 36
48 44
35 48
37 51
37 41
51 49
27 51
39 41
41 31
52 42
53 29
39 38
26 47
48 36
49 52
40 49
38 45
29 29
26 62
47 62
48 34
48 44
36 59
52 48
34 31
35 48
34 32
35 50
57 25
53 35
47 42
48 55
31 51
48 53
35 30
48 35
44 55
51 43
58 42
54 42
34 46
54 48
45 58
34 38
34 53
34 53
48 33
41 44
40 39
50 36
44 54
30 35
43 44
50 30
31 29
37 36
31 41
47 49
28 28
57 53
38 60
43 50
31 41
46 60
62 54
62 32
51 39
30 42
54 26
36 32
63 54
30 44
46 45
25 28
46 37
47 28
25 51
43 59
50 27
39 44
36 36
55 54
56 53
50 51
33 49
57 57
43 53
47 35
29 29
35 47
39 32
41 37
51 57
42 56
53 36
29 46
40 44
57 40
43 56
25 55
46 37
47 26
34 36
46 61
53 44
27 41
56 50
47 44
36 48
37 56
57 60
54 45
47 54
49 41
54 49
41 42
48 39
33 39
40 36
63 37
32 30
53 47
55 55
25 53
41 44
30 44
36 49
36 47
45 46
35 61
52 59
54 40
28 41
43 36
61 59
52 53
38 41
38 31
42 52
55 42
36 30
48 42
36 40
50 28
30 47
44 28
44 31
46 41
42 52
51 39
49 34
48 57
27 26
41 50
57 56
