3 10 10 5
1 1
1 5
2 5
1 2
4 5
3 5
1 4
1 1
5 5
1 2
2 2 3
1 3
0 
21131 138377 85591 62962 58440 48652 96604 23414 27816 60528
1 741 1617
2 858
3
1 701 1422
2 786
3
1 714 1668
2 865
3
1 674 1500
2 848
3
1 662 1534
2 848
3
1 721 1508
2 730
3
1 740 1577
2 753
3
1 652 1483
2 795
3
1 792 1410
2 803
3
1 719 1455
2 772
3
12 4 2
10 7 2
9 2 5
11 6 4
12 6 3
11 3 1
10 8 2
6 3 6
7 3 7
12 5 4
25 25 25
917 1856 2847
907 1717 2859
983 1779 2576
1054 1963 2555
993 1902 2820
