14 5 10
654 1427 1895 3360
784 1484 2338
565 1416
1061
804 1597 2543 3194 4562
906 1745 2484 3630 3848
824 1688 2486 3509 3782
865 1540 2340 3261 4182
782 1539 2331 3277 4097
824 1573 2526 3093 4246
845 1645 2315 3113 4347
950 1699 2390 3502 4474
940 1519 2755 3160 4062
861 1795 2294 3580 4577
888 1499 2506 3202 4058
925 1590 2337 3411 4014
818 1558 2778 3493 4485
897 1745 2496 3369 4073
5 8 8 5 7
7 10 10 10 5
8 6 10 10 10
7 5 6 5 6
5 10 9 7 5
10 10 7 6 10
7 5 7 9 6
5 5 10 6 5
5 9 9 6 7
8 7 6 10 7
7 10 5 5 6
7 10 6 6 9
9 5 7 8 10
5 6 8 10 5
3 6 4 9 0
6 2 3 5 4
4 4 3 5 5
1 7 6 5 2
6 5 0 3 4
6 1 2 1 2
5 5 8 6 7
3 4 6 0 7
7 5 3 8 1
4 2 6 0 1
10 1 4 1 6
1 1 1 0 1
0 0 2 4 0
1 6 2 7 3
6 7 1 3 0
