14 5 10
420 720 949 1554
230 638 977
397 813
425
522 1060 1358 1799 2316
557 1041 1378 1880 2323
524 1085 1301 1849 2370
553 1001 1270 1978 2339
539 1041 1333 2017 2476
492 1068 1264 2023 2647
480 1015 1412 1796 2660
467 981 1280 1774 2384
505 918 1450 1810 2738
540 1042 1371 1907 2617
537 1041 1325 1960 2411
502 1014 1271 1710 2372
479 1030 1357 1913 2488
473 960 1228 1754 2520
6 6 6 9 6
6 10 6 8 8
7 6 9 7 5
5 9 9 8 8
7 7 10 5 8
7 6 7 8 10
6 5 6 5 8
8 7 7 6 5
6 6 7 7 10
10 6 8 9 5
7 7 10 5 10
9 8 7 7 5
5 7 9 8 5
8 5 7 7 10
1 4 8 6 2
3 2 1 3 1
4 0 4 1 1
3 9 3 2 4
1 1 1 3 2
3 2 2 4 3
1 5 2 2 6
3 2 1 7 3
6 4 7 3 5
2 2 5 4 7
2 2 2 3 6
3 2 2 8 3
6 2 1 6 5
0 3 2 2 3
8 2 1 4 2
