14 5 10
430 794 1476 2159
416 1031 1994
563 1267
809
590 1138 1595 2291 3239
550 1090 1585 2251 2800
661 965 1677 2355 3100
595 1077 1698 2436 2815
636 1116 1537 2305 2693
586 974 1528 2364 2736
613 1029 1565 2242 2975
593 1137 1852 2330 3105
601 1060 1786 2164 2792
660 1026 1694 2507 2808
637 1135 1546 2241 2908
554 962 1580 2134 2820
631 956 1554 2389 3072
643 1093 1708 2143 2953
6 10 6 9 7
7 5 10 8 8
10 8 6 7 8
8 9 7 10 5
6 7 7 8 9
5 6 8 5 9
6 6 10 10 5
6 5 6 5 10
5 6 7 9 6
9 8 8 6 6
10 10 8 9 9
7 7 7 6 9
6 5 7 5 10
9 9 8 10 9
0 3 14 1 1
2 7 3 2 4
0 3 8 3 5
1 2 9 0 3
3 3 3 6 1
2 5 5 4 4
2 5 0 0 1
2 2 4 5 4
7 5 4 2 5
4 4 4 6 5
4 6 0 0 4
2 3 3 5 3
2 4 1 5 4
5 1 2 4 8
5 6 5 2 3
