14 5 10
269 648 965 1677
392 787 1279
387 1161
748
556 873 1365 1797 2653
574 953 1500 1948 2372
543 872 1499 2138 2734
519 897 1513 1992 2331
538 856 1498 1844 2569
508 819 1389 2094 2585
545 822 1301 2054 2707
505 796 1336 1974 2659
588 829 1439 2061 2523
576 800 1370 1962 2605
545 877 1501 1777 2555
564 850 1516 2033 2325
483 929 1412 2107 2573
587 914 1290 1826 2439
7 7 5 7 10
9 8 6 5 5
10 9 5 7 6
5 7 8 5 9
9 8 10 9 7
8 5 10 8 9
10 8 6 6 9
10 8 5 8 10
9 7 9 5 10
6 10 7 7 8
10 7 5 5 10
7 6 10 10 7
10 7 5 9 6
10 9 6 9 10
4 2 6 3 5
8 1 1 6 7
0 1 3 5 1
3 4 4 1 1
2 1 7 1 3
1 1 5 1 6
2 6 2 2 2
4 1 5 2 3
5 2 3 4 3
3 4 7 4 4
5 3 3 2 1
3 3 4 1 6
6 3 2 4 9
6 4 2 1 3
6 0 3 6 2
