14 5 10
317 696 1458 1782
493 1020 1374
493 1042
571
548 990 1528 2217 2840
580 990 1523 2370 2565
539 955 1773 2396 2486
516 914 1661 2369 2780
609 1040 1730 1984 2460
520 999 1478 2290 2785
542 982 1623 2181 2411
558 965 1683 2246 2811
611 886 1580 2099 2787
596 1007 1479 1977 2465
592 925 1527 2115 2605
543 935 1767 2314 2598
559 945 1640 2302 2696
533 1020 1655 2053 2598
5 6 7 8 7
8 8 8 5 8
8 10 8 5 7
8 6 7 8 8
9 8 9 5 7
8 5 6 6 10
6 9 9 5 10
10 7 10 9 5
8 5 6 7 8
8 9 10 6 8
10 8 5 6 8
8 5 5 9 9
10 8 7 8 8
8 7 5 9 5
0 2 11 1 2
1 2 6 4 3
2 7 4 3 7
2 3 3 3 1
2 1 6 3 6
3 4 4 0 4
10 5 2 1 5
2 2 5 4 1
4 6 2 1 3
1 4 3 2 4
2 7 1 4 6
6 0 0 7 1
1 6 2 1 3
2 5 8 2 6
6 4 2 4 4
