14 5 10
464 1279 1812 2132
702 1247 2065
541 1159
729
690 1261 2155 2792 3620
818 1262 1960 2810 3877
750 1252 2146 2772 3436
702 1413 2059 2919 3745
758 1390 1973 2994 3705
836 1408 1972 2886 3635
779 1493 2251 3227 3564
792 1240 1938 3029 3562
840 1488 1903 2758 3391
691 1460 1947 3262 3697
820 1340 1954 3235 3766
728 1328 1970 2838 3662
722 1361 2111 3235 3688
745 1361 2101 2887 3819
5 5 10 6 10
7 6 9 7 8
8 7 10 9 5
5 10 9 10 7
7 6 6 6 6
5 8 9 7 5
6 5 6 7 9
9 7 9 6 7
7 10 8 10 7
7 6 10 5 9
10 5 9 6 5
6 10 6 8 5
9 10 10 5 8
6 7 6 8 7
0 2 8 5 2
1 11 4 3 2
8 4 2 1 10
4 3 3 5 3
2 1 4 7 3
4 5 5 4 1
10 4 5 4 1
5 2 5 1 4
2 1 4 4 5
3 8 2 3 0
8 5 6 5 7
2 1 4 1 4
2 4 5 3 3
3 5 2 3 2
2 6 3 1 1
