14 5 10
325 667 1160 1754
280 693 1558
460 1219
555
512 946 1327 1880 2655
482 993 1508 1866 2659
548 983 1488 1992 2771
478 894 1416 2044 2758
556 995 1436 2038 2417
522 977 1373 2072 2416
516 958 1592 2243 2458
567 902 1587 2165 2435
468 921 1519 1885 2743
500 885 1355 2003 2764
552 945 1550 2012 2654
572 881 1340 1878 2653
499 1025 1606 2222 2306
482 1021 1564 1891 2745
10 5 8 9 10
9 8 5 7 9
8 9 9 10 8
6 6 6 10 8
5 10 8 8 9
5 5 7 10 10
6 6 7 6 6
7 8 5 6 10
6 9 5 7 5
10 7 6 6 10
10 5 8 10 9
7 7 10 7 7
8 6 9 7 9
10 9 7 6 9
4 6 7 7 1
10 2 3 1 2
3 5 7 7 4
5 8 2 3 3
7 5 1 1 4
4 1 3 6 1
4 4 1 5 3
4 4 2 4 3
3 3 1 6 4
3 5 3 6 2
2 1 5 4 3
3 1 3 11 3
0 3 3 8 3
1 4 2 1 4
3 2 2 5 7
