14 5 10
483 1589 2049 2870
1233 1511 2510
235 1074
979
837 1363 2801 3120 4184
865 1404 2754 3582 4697
835 1395 2780 3511 4770
917 1429 2668 3362 4170
885 1474 2666 3275 4279
871 1355 2745 3408 4296
971 1430 2446 3559 4354
991 1450 2487 3407 4131
906 1416 2605 3508 4551
989 1575 2638 3634 3953
997 1374 2719 3359 4427
945 1574 2784 3239 4714
978 1596 2806 3121 3998
849 1393 2716 3165 4645
8 6 5 9 8
10 6 9 6 6
6 10 6 8 6
10 8 10 8 9
8 5 9 6 7
6 8 7 8 5
6 8 8 6 5
9 6 7 7 10
10 9 8 5 9
8 7 10 8 6
10 8 6 8 10
6 10 7 9 10
10 9 7 6 8
7 6 9 8 9
9 7 4 1 4
3 2 6 8 4
1 0 3 1 5
3 2 10 2 3
6 6 2 3 3
3 5 1 5 5
3 4 4 0 2
3 7 0 3 3
1 1 2 3 4
4 2 3 1 7
0 2 5 2 4
4 6 2 3 2
1 2 1 3 6
0 3 7 3 1
6 0 2 7 3
