14 5 10
662 1279 2250 3051
477 1509 2578
1083 1782
929
747 1488 2138 3355 4395
782 1252 1934 3195 3950
852 1496 2303 2955 3803
898 1397 2338 2770 3831
764 1326 2019 2805 4324
800 1497 1928 2861 4057
787 1385 2301 2782 4433
856 1266 1991 3030 4062
769 1307 2108 3173 4415
836 1251 2138 2967 4206
778 1449 2027 3260 3882
841 1406 2103 3096 4252
895 1516 1966 3298 4185
751 1357 1990 2849 3971
9 5 6 10 6
8 8 10 6 7
8 5 6 8 6
10 7 8 9 6
8 5 5 7 5
5 6 5 7 10
5 6 6 5 6
7 8 9 10 6
8 10 8 7 8
5 9 5 8 7
7 9 8 6 7
6 7 10 9 9
6 10 7 8 7
6 5 7 8 6
5 2 10 1 4
1 2 2 3 2
5 3 5 0 3
1 2 3 3 2
3 0 2 6 2
5 8 2 4 2
3 3 5 3 5
2 3 3 0 9
4 2 3 4 1
1 4 0 6 2
1 2 1 0 5
2 2 3 3 6
1 4 7 4 8
1 3 3 2 3
3 3 5 9 4
