14 5 10
417 851 1444 2247
533 967 1487
458 1038
551
806 1368 2017 2633 3304
810 1342 1897 2514 3106
738 1347 1978 2478 3540
773 1434 1934 2502 3209
688 1482 1977 2452 3135
769 1572 2172 2862 3174
758 1599 1902 2832 3103
817 1462 2070 2447 3448
754 1594 2077 2848 3200
714 1536 2135 2667 3685
752 1415 2017 2737 3481
755 1458 1903 2860 3381
803 1478 2111 2821 3430
692 1629 1941 2441 3274
5 9 5 9 10
5 9 6 10 9
7 10 5 10 5
8 5 5 10 5
9 10 6 5 5
8 7 10 5 8
10 10 9 6 5
9 8 10 8 6
9 10 10 9 10
10 8 7 5 9
7 8 10 5 7
8 6 5 6 6
8 7 9 6 9
7 10 5 7 5
8 3 3 4 5
5 2 2 3 1
5 2 7 2 3
4 1 3 2 6
2 7 2 6 2
1 5 4 1 5
4 1 4 5 8
4 6 2 5 4
3 5 4 3 1
4 3 7 8 3
5 4 5 2 4
4 5 3 3 3
0 5 5 1 0
5 3 2 9 6
7 4 4 3 1
