14 5 10
235 802 1031 1416
519 812 1136
285 762
412
524 853 1465 1841 2384
460 877 1543 2040 2395
485 947 1597 2073 2462
461 883 1387 2151 2418
492 936 1382 1953 2279
477 884 1594 2170 2700
544 947 1451 2062 2299
526 884 1443 1981 2258
477 815 1619 1799 2552
535 837 1387 2176 2259
470 908 1419 1837 2541
490 958 1386 1818 2516
475 852 1367 2066 2458
540 814 1463 1899 2535
10 6 9 5 10
5 6 10 10 10
7 10 9 6 10
9 9 10 10 8
5 8 8 7 10
8 9 6 9 9
9 9 8 9 9
9 6 10 8 6
6 8 8 9 10
5 6 5 9 6
6 10 5 9 9
9 5 8 10 10
9 8 10 10 9
9 10 7 10 6
3 13 0 4 1
3 2 2 3 4
2 2 3 0 1
3 4 2 4 1
4 5 2 1 4
2 10 3 6 4
6 4 2 2 2
5 1 6 3 1
1 2 4 3 2
2 5 5 1 5
7 4 7 4 4
6 1 3 2 5
3 0 7 3 2
1 3 2 3 7
7 6 4 5 6
