14 5 10
378 990 2174 1951
670 1509 1892
1081 1175
266
836 1273 1986 3268 3582
830 1213 2067 2764 4075
755 1292 2306 2902 3857
760 1453 2328 2994 3531
737 1431 2330 3004 3520
846 1353 2291 2978 4006
703 1402 2271 3001 3398
773 1336 2014 3021 3848
763 1431 2126 2793 3879
807 1259 2310 2849 3653
710 1406 2240 3294 3425
717 1322 2320 2750 3438
781 1425 2058 2863 4027
807 1303 2260 2894 3728
9 10 5 6 10
10 8 6 6 5
5 7 7 10 8
8 6 6 8 10
6 6 8 9 7
9 6 6 8 10
6 6 10 5 7
6 5 10 10 7
7 10 9 6 7
6 6 5 10 7
9 10 5 9 7
6 10 9 7 8
5 9 10 7 7
5 10 10 5 8
0 0 4 0 1
3 5 3 5 2
5 4 6 5 1
2 1 2 3 5
3 5 4 6 7
3 3 2 1 3
4 0 1 1 2
2 4 3 3 4
8 5 5 3 3
10 4 4 3 2
4 1 0 4 6
6 3 5 2 6
2 8 8 2 3
5 6 2 3 3
2 5 0 10 11
