14 5 10
406 508 1120 1570
143 682 995
563 1007
364
533 1037 1202 1842 2263
556 1103 1222 1749 2387
505 1092 1246 1867 2395
513 1072 1253 1886 2255
496 1104 1213 1814 2250
522 1107 1282 1844 2332
509 1016 1427 1825 2468
545 994 1338 1781 2151
466 982 1239 1871 2160
526 1045 1264 1996 2517
530 936 1212 1842 2426
525 972 1174 1722 2370
553 984 1220 1790 2178
555 913 1206 1953 2320
8 5 6 9 8
7 6 9 9 7
5 9 5 8 5
10 10 7 5 10
7 5 7 7 10
8 7 5 9 7
9 6 9 7 7
9 6 9 10 6
5 6 6 9 5
7 6 7 7 9
9 6 7 10 10
6 10 6 7 9
5 7 7 9 10
10 10 5 9 10
8 0 6 4 1
4 2 1 6 2
2 4 3 2 5
5 3 5 4 7
1 6 6 7 2
4 5 2 3 3
1 7 3 3 2
7 6 0 2 1
7 1 0 4 8
4 7 2 5 1
2 5 3 3 1
1 2 4 2 6
3 5 5 6 0
3 5 0 5 2
12 4 4 3 4
