14 5 10
313 612 1268 1816
311 1025 1418
550 1152
473
537 951 1355 2065 2653
493 891 1280 2044 2524
487 832 1182 2131 2630
552 865 1180 1989 2461
554 880 1289 2088 2536
542 923 1277 1850 2624
542 834 1230 1968 2543
472 964 1401 2158 2671
544 838 1200 1878 2265
513 922 1180 1935 2625
508 974 1174 1903 2716
488 985 1373 1947 2704
546 834 1230 2192 2356
478 848 1247 1933 2392
5 9 6 10 7
8 8 8 10 8
6 9 9 6 10
10 10 8 9 5
10 8 8 10 7
5 7 6 5 8
7 6 10 5 5
10 10 10 8 7
6 9 5 8 8
8 5 10 5 7
5 10 7 7 5
9 6 9 8 10
10 6 6 9 8
5 8 8 6 10
1 1 5 2 4
5 4 0 3 3
2 3 5 2 1
3 3 3 4 3
7 4 3 4 2
2 4 5 3 1
0 1 2 4 1
4 7 3 5 4
1 4 1 7 3
4 5 2 1 2
2 4 0 2 5
4 5 6 3 2
3 4 7 2 1
6 3 2 2 5
1 3 1 2 3
