14 3 10
326 894
540
472 819 1459
548 754 1391
463 775 1458
528 838 1553
478 869 1615
553 813 1360
537 757 1561
534 834 1400
498 838 1408
504 857 1596
553 750 1635
520 797 1541
462 838 1636
526 827 1448
196 131 162
199 143 146
196 165 189
119 150 112
176 151 176
128 101 197
148 132 145
185 132 131
118 153 126
184 146 191
194 131 190
102 180 115
187 151 166
188 128 198
143 77 85
36 45 24
34 63 48
21 32 12
17 21 48
27 46 35
24 48 37
30 37 25
25 26 18
37 45 35
28 38 12
22 32 32
27 20 7
33 27 28
40 25 23
