14 3 10
684 1394
973
747 1526 2627
852 1391 2418
847 1600 2375
891 1477 2227
863 1638 2371
851 1599 2590
787 1542 2259
821 1465 2340
845 1578 2270
871 1634 2304
887 1590 2188
885 1498 2609
755 1405 2215
787 1550 2192
167 137 183
177 153 187
148 188 147
198 147 150
199 144 117
194 187 135
121 156 188
117 100 146
176 104 151
171 108 181
119 129 140
113 111 128
172 137 199
198 159 185
165 53 76
30 37 27
20 23 26
57 48 31
26 44 44
18 63 29
38 42 55
25 22 29
15 15 45
20 35 17
18 49 35
24 60 39
22 58 25
21 21 60
24 30 43
