14 3 10
770 1210
419
785 1865 2348
787 1656 1967
917 1662 2161
879 1781 2340
843 1556 2090
868 1646 2013
841 1560 2286
939 1711 2032
872 1786 2244
882 1805 2178
848 1782 2050
854 1795 2101
936 1705 2034
852 1819 2224
135 171 100
151 199 191
145 133 179
109 134 175
154 102 127
100 100 145
139 124 188
170 106 141
181 178 112
190 180 163
160 127 108
112 144 107
160 112 126
105 200 185
33 54 81
33 29 47
18 18 36
52 27 24
32 17 39
45 27 32
25 17 25
28 40 36
17 21 26
22 19 31
22 25 17
30 24 15
17 39 23
30 11 16
31 41 29
