14 3 10
747 1106
447
719 1519 2003
754 1484 2182
692 1561 2080
721 1517 2095
718 1502 1979
774 1322 2094
666 1360 2117
704 1408 2120
737 1287 2157
660 1453 2139
785 1332 1930
693 1355 1915
646 1284 2062
647 1557 2143
132 129 184
168 181 163
112 168 154
195 178 135
190 126 154
150 162 112
151 186 130
118 100 194
155 199 118
117 123 125
167 129 161
195 187 179
137 182 187
147 131 120
213 84 16
35 25 20
39 50 29
23 37 14
31 33 49
23 65 27
24 49 22
38 36 65
32 25 17
20 29 45
39 23 26
27 20 20
23 21 27
40 27 19
51 24 14
