14 3 10
474 1231
762
703 1211 2138
729 1357 2122
675 1323 1832
736 1418 1932
631 1392 1912
666 1296 2169
657 1227 1969
756 1373 2086
712 1344 2183
650 1367 2074
631 1197 1881
737 1230 1847
697 1214 2029
649 1235 2198
175 181 128
132 144 133
200 139 133
125 192 197
175 164 109
151 181 148
184 104 111
107 181 192
114 156 169
189 127 166
108 180 129
110 103 122
129 121 124
174 152 198
18 42 102
28 41 36
28 33 18
40 25 35
32 40 13
28 27 25
28 21 43
13 16 11
19 22 56
38 37 24
12 37 37
28 12 30
21 54 35
53 32 22
47 37 33
