14 3 10
626 1374
739
727 1497 2349
809 1339 2244
802 1361 2285
731 1355 2088
806 1573 2183
793 1576 2089
718 1381 2394
783 1465 2499
838 1572 2500
834 1547 2207
812 1460 2261
811 1496 2395
822 1432 2464
823 1324 2381
118 136 132
166 103 197
183 115 113
137 127 161
189 198 172
156 130 126
113 197 177
127 119 154
137 181 195
167 188 151
142 174 169
147 142 172
127 139 123
127 191 116
11 44 22
40 43 29
29 53 51
38 63 40
17 37 29
19 24 24
28 19 27
35 42 29
43 29 25
20 26 35
31 28 14
29 21 41
18 27 29
55 17 22
44 26 21
