14 3 10
517 1177
473
622 1320 1908
643 1229 1841
730 1244 1718
678 1286 1824
663 1425 1636
608 1311 1871
726 1328 1909
732 1397 1626
633 1250 1763
729 1219 1606
696 1279 1644
684 1246 1670
699 1172 1845
618 1186 1762
122 166 108
157 150 124
191 155 151
183 144 199
105 118 186
125 195 135
195 125 187
103 114 186
134 126 117
112 144 194
118 192 188
134 166 158
125 111 142
128 143 183
146 90 54
17 20 23
19 35 41
55 43 21
34 20 53
23 53 43
33 24 25
35 47 36
33 25 38
17 38 50
17 24 20
29 37 51
45 32 43
40 18 36
55 29 20
