14 3 10
342 1511
1012
724 1158 2448
817 1159 2091
766 1167 2409
718 1194 2358
695 1262 2408
688 1200 2077
686 1171 2127
779 1243 2088
744 1199 2327
787 1244 2404
819 1121 2464
812 1352 2241
722 1239 2300
715 1144 2053
165 165 160
160 108 133
114 186 145
184 149 100
122 125 200
184 108 160
149 177 198
166 127 187
121 183 162
157 159 154
178 145 134
119 144 198
195 179 148
196 121 147
125 30 100
15 42 21
15 19 46
41 20 37
23 30 46
38 26 25
14 44 35
30 40 42
17 19 16
27 34 28
17 19 39
22 31 35
26 38 47
36 36 20
32 28 24
