14 3 10
307 799
562
497 857 1604
534 838 1514
555 876 1645
509 821 1589
561 765 1647
548 757 1430
570 899 1391
581 875 1585
557 746 1566
535 775 1380
528 844 1407
551 866 1655
505 745 1496
571 841 1447
118 164 183
131 134 178
166 154 146
169 162 139
193 160 179
145 142 194
114 131 169
175 108 190
197 159 180
184 184 111
196 136 149
154 170 198
194 199 162
186 186 183
77 126 66
28 31 42
51 23 35
30 34 24
46 24 72
43 39 19
59 45 23
38 36 28
31 29 42
41 7 40
19 21 25
28 31 38
17 29 32
36 16 19
25 47 39
