14 3 10
523 900
394
837 1450 1920
831 1299 2221
710 1421 2012
774 1406 2118
746 1495 2070
736 1331 2260
824 1379 2207
824 1431 2129
786 1383 2105
815 1414 1954
732 1323 2071
833 1352 1909
813 1508 1890
760 1360 2294
148 193 173
165 135 139
155 142 147
168 150 178
164 143 159
167 157 169
185 114 194
143 116 187
156 103 160
145 115 147
136 123 106
145 170 185
118 127 121
119 155 191
140 148 26
17 29 18
30 33 46
26 42 47
30 35 23
38 33 27
20 22 34
25 23 76
29 48 17
53 57 27
34 20 35
21 16 72
25 39 17
26 27 24
25 19 66
