14 3 10
404 869
421
558 1104 1664
605 1077 1628
607 1088 1692
571 1103 1668
597 933 1474
573 961 1548
599 1046 1587
587 973 1611
555 959 1450
624 1117 1591
569 1105 1643
540 1013 1688
532 1050 1639
628 1100 1524
156 143 125
149 120 125
137 125 193
166 103 175
163 107 111
195 142 103
139 191 157
156 194 106
147 119 137
166 165 120
179 174 113
145 123 166
119 118 148
115 141 190
142 7 68
29 19 26
31 57 14
30 39 41
20 16 72
29 33 29
29 38 25
20 30 24
14 17 13
32 35 14
20 30 51
39 29 44
16 38 41
40 28 26
42 36 11
