14 2 10 1000
488
998 1676
942 1767
909 1802
950 1678
927 1830
912 1991
939 1935
1069 1959
951 1838
1039 1816
1071 1676
1025 2030
1033 2009
913 2024
49 29
47 39
27 31
50 50
28 32
42 45
43 25
32 38
29 47
49 50
33 26
46 47
44 25
43 25
25 23
42 22
24 35
27 27
44 39
28 32
33 37
19 15
26 31
29 32
27 39
33 26
45 25
21 19
36 25
20 15
25 33
23 31
26 19
22 23
34 30
35 25
25 34
29 32
15 39
24 21
18 27
18 25
30 25
32 29
22 25
13 16
38 24
19 13
22 28
21 25
32 13
29 36
30 46
33 18
33 29
20 25
25 25
22 29
24 17
24 29
28 28
28 26
19 14
16 25
17 38
28 27
31 39
33 26
45 17
28 25
33 25
40 15
34 39
24 31
27 36
28 32
33 30
32 25
25 26
17 40
39 32
33 26
34 15
13 25
26 14
29 29
37 23
27 15
23 32
21 32
15 24
37 25
32 38
29 26
32 32
33 26
26 24
17 25
41 25
27 27
21 34
27 31
25 27
13 32
42 45
23 25
16 18
26 16
33 26
33 26
31 39
42 21
31 25
36 22
26 20
27 31
22 31
27 24
42 18
30 14
32 29
17 32
27 25
13 24
27 31
41 25
18 23
36 29
40 31
25 31
46 25
17 23
20 20
37 25
27 37
17 33
44 23
22 26
24 43
25 19
28 25
19 29
41 39
27 13
20 33
27 32
19 37
34 25
19 32
25 46
21 26
33 26
17 30
18 20
34 25
17 29
39 38
27 31
32 27
28 31
25 30
30 25
32 33
29 32
22 42
27 26
16 27
22 25
18 17
27 16
31 36
23 31
40 22
20 29
28 19
28 20
27 29
27 36
18 16
18 26
31 44
16 25
21 21
23 29
35 28
27 31
23 17
25 31
21 34
33 25
28 34
20 35
35 30
23 26
30 40
24 25
41 25
23 29
37 37
22 31
17 18
28 32
36 28
29 24
23 17
29 22
20 25
21 14
31 34
31 25
40 25
39 28
42 21
20 25
26 27
28 31
29 23
35 25
19 29
20 26
22 36
18 13
16 33
31 19
41 25
22 23
21 34
26 24
15 23
28 32
32 17
21 25
32 13
25 23
37 17
20 26
23 33
18 22
23 25
35 29
22 25
14 27
22 41
21 29
37 40
14 25
22 38
29 13
25 24
29 22
14 23
29 19
18 25
24 25
18 28
23 31
22 40
18 21
26 26
36 18
32 28
19 28
34 22
18 26
30 29
30 25
24 25
24 29
34 27
27 28
29 28
28 26
29 25
35 25
32 25
23 29
26 20
31 14
37 28
32 22
28 15
19 29
34 30
24 19
35 29
24 32
30 25
26 25
32 27
23 44
26 40
33 26
15 19
19 22
29 23
36 22
37 29
27 18
38 32
28 32
24 13
24 25
17 35
29 32
18 18
33 26
18 26
22 25
19 25
35 18
27 21
27 29
42 28
25 32
42 33
18 25
20 32
13 22
24 27
18 22
31 40
25 25
21 25
22 23
32 35
27 31
32 25
22 32
39 39
23 24
29 38
29 21
13 24
20 25
25 35
20 15
23 25
44 29
33 39
21 31
28 43
28 28
31 23
31 20
19 38
29 21
33 31
21 26
32 39
40 24
21 25
40 14
27 35
27 17
19 20
14 20
18 29
29 25
15 38
29 19
40 18
33 24
18 27
18 16
29 14
26 21
27 30
27 31
30 41
28 19
33 32
22 19
26 26
29 40
32 32
14 26
28 28
26 25
30 21
25 19
26 39
27 31
34 25
28 17
27 16
16 22
32 37
24 25
26 27
28 26
22 29
18 25
24 19
25 29
18 15
27 22
34 26
28 21
16 20
31 25
22 34
23 45
33 31
32 14
37 13
27 25
31 25
37 29
45 33
23 31
32 37
28 29
38 36
20 15
28 25
17 37
41 44
29 26
28 22
15 25
27 22
30 29
23 22
27 31
19 17
20 32
34 31
30 22
26 28
26 40
37 27
33 20
27 22
31 25
28 25
33 29
23 26
20 19
26 25
26 32
24 15
24 25
17 26
29 30
21 31
33 26
17 29
37 25
31 13
38 21
25 39
27 25
25 36
25 19
36 17
37 25
15 17
29 42
33 29
33 26
24 24
27 23
26 22
32 27
24 39
27 16
32 20
25 29
40 29
22 25
19 24
22 40
42 41
21 26
41 35
31 25
28 19
30 22
32 22
25 31
31 25
18 17
30 35
43 25
32 21
24 23
32 22
33 20
28 42
28 15
32 25
32 13
31 39
27 29
21 19
28 13
22 31
34 15
27 25
29 23
18 28
33 17
24 31
44 25
24 25
13 29
25 37
16 25
39 17
20 27
16 14
43 20
22 38
28 21
29 36
32 23
18 18
23 23
43 23
32 29
21 17
25 20
23 40
28 27
21 31
15 25
32 30
29 24
23 21
14 19
37 37
14 22
41 25
41 29
20 18
19 30
34 32
28 21
37 23
30 25
22 19
28 18
25 35
18 24
37 26
34 25
29 25
34 27
45 31
18 28
23 46
28 30
24 22
32 24
32 38
29 30
30 35
32 26
32 19
18 23
39 25
17 29
35 38
25 27
32 16
28 32
27 32
23 25
25 22
28 18
41 29
29 26
45 24
29 25
25 25
21 29
14 15
26 19
31 35
28 26
42 31
34 25
24 26
21 25
30 25
15 14
24 35
27 25
41 25
43 29
17 39
23 25
23 34
28 24
27 27
34 25
32 34
23 42
20 14
33 22
29 19
24 24
23 25
29 29
30 32
17 29
29 29
24 31
26 21
22 18
24 27
21 13
17 43
33 24
39 45
24 25
26 25
16 29
23 33
27 18
20 15
19 20
15 37
32 19
27 29
20 21
35 25
33 20
16 27
21 25
37 25
40 27
45 28
27 31
15 30
15 32
27 40
30 25
18 28
27 15
37 29
30 26
43 29
30 22
16 25
29 24
39 28
27 15
24 16
24 31
27 20
19 25
22 32
29 32
30 30
29 26
45 31
42 25
25 25
30 29
14 39
27 31
33 29
25 32
15 44
37 25
32 38
29 34
38 29
15 26
31 40
28 25
31 22
37 24
26 30
27 21
27 42
28 16
16 38
27 25
18 30
29 23
34 33
22 26
31 25
18 25
34 25
31 28
29 18
23 29
26 36
24 27
23 29
24 25
32 19
15 27
29 19
33 22
29 29
23 25
40 24
33 29
17 26
27 29
37 23
23 23
31 21
14 25
32 16
26 13
32 37
30 26
28 26
25 25
23 25
23 29
43 22
25 31
46 17
28 30
40 17
35 25
24 25
16 17
22 14
24 26
23 26
27 25
40 23
36 29
14 29
27 30
18 39
21 32
14 40
35 25
30 31
27 27
23 38
27 26
28 31
22 25
28 25
39 27
31 34
24 26
30 20
28 23
24 40
24 25
27 29
29 20
44 41
33 26
40 18
22 25
38 25
32 29
18 24
27 19
17 17
23 30
19 22
39 24
31 27
24 13
27 30
29 26
20 39
18 25
25 18
27 24
39 36
27 28
18 24
15 32
33 30
31 25
32 29
13 15
34 35
32 26
17 37
28 14
22 25
25 29
27 32
27 21
29 43
24 31
37 16
22 25
32 27
24 16
26 13
18 21
33 41
29 20
27 25
36 20
28 32
19 31
18 29
28 27
30 13
16 23
32 22
29 28
34 34
33 23
32 24
13 25
15 25
28 29
37 28
25 31
24 35
28 32
29 35
15 25
23 37
29 37
37 29
25 26
31 39
30 17
28 25
25 28
30 34
27 31
33 16
19 21
17 20
16 25
32 30
29 15
23 25
29 26
19 26
28 25
22 18
22 22
29 21
27 31
23 24
28 32
37 20
23 21
22 33
18 25
37 40
31 17
32 25
44 23
23 25
26 25
21 37
27 21
29 23
28 22
32 25
27 24
32 34
29 26
36 30
33 16
45 43
33 23
29 25
19 22
17 31
22 25
26 17
28 32
25 30
36 25
24 26
29 19
28 33
33 19
39 36
42 25
29 25
31 29
18 23
13 31
20 30
28 20
20 44
21 25
29 38
21 33
25 41
16 19
29 25
21 25
17 25
20 29
19 39
19 26
18 26
22 24
31 26
22 25
32 22
29 28
43 21
18 26
25 27
27 25
17 25
27 22
34 29
26 24
41 36
28 32
29 36
24 24
32 32
26 27
15 42
24 26
35 20
24 25
20 25
43 20
38 36
15 28
42 26
28 19
29 30
30 25
32 29
29 37
15 32
33 26
24 34
24 25
38 25
32 13
36 23
25 18
33 21
28 27
20 37
25 25
30 24
29 28
27 42
33 26
24 42
37 25
34 25
35 21
33 30
27 20
38 35
28 27
33 34
23 25
29 22
29 28
45 35
33 26
39 22
26 25
20 25
37 29
30 32
27 31
20 24
25 24
23 27
39 25
32 13
29 31
19 31
23 26
14 30
39 25
37 25
17 29
17 37
27 27
28 25
28 29
35 29
43 25
20 22
29 40
45 23
33 26
27 27
27 25
23 25
17 29
29 15
14 24
18 14
28 32
20 35
43 25
32 15
18 23
30 25
33 17
34 17
23 18
23 25
40 29
39 27
23 15
17 28
17 22
36 20
19 16
19 36
18 20
33 29
33 19
31 34
31 25
25 25
21 29
25 32
27 19
46 30
28 26
42 44
34 25
32 26
28 13
41 38
27 26
44 22
19 25
28 25
40 24
31 26
24 31
24 36
27 32
36 36
16 21
15 17
18 18
35 28
20 26
17 14
13 25
18 25
27 29
27 28
27 31
32 19
28 24
27 43
33 18
17 31
24 18
25 28
25 26
22 30
27 25
30 25
25 29
40 39
24 31
30 26
28 32
18 42
28 18
32 36
20 20
40 36
33 26
26 32
35 25
21 25
20 20
35 39
27 31
28 24
28 24
19 38
27 22
20 28
29 41
35 30
24 26
34 41
20 25
17 22
31 25
28 26
27 19
41 22
22 32
42 40
43 25
17 16
22 30
28 31
33 25
38 21
36 25
43 25
25 27
28 20
27 22
24 16
28 32
36 40
27 25
32 33
21 31
22 19
33 23
16 30
22 25
16 25
17 29
19 22
27 31
22 30
21 13
27 40
32 25
32 31
29 17
32 39
33 16
30 30
23 18
19 25
30 28
14 35
23 20
26 29
28 32
26 35
15 25
18 34
29 21
16 23
33 25
26 32
36 25
38 21
41 15
32 26
13 31
25 28
28 22
35 29
28 18
32 17
29 33
43 43
31 13
24 42
29 25
35 21
35 29
26 17
27 27
26 25
20 22
35 20
31 23
32 27
29 25
33 36
22 17
23 25
22 25
22 22
17 25
45 26
23 20
32 44
17 28
31 26
32 20
32 27
29 21
36 18
22 26
17 27
32 16
40 25
26 27
28 25
27 31
41 35
13 24
27 20
23 25
22 23
29 19
24 23
33 26
27 29
26 25
19 25
35 23
39 22
27 31
32 26
28 32
19 21
38 25
25 38
29 31
32 36
24 26
33 18
30 17
41 24
24 29
19 32
25 18
28 38
28 32
30 25
27 17
32 38
29 21
44 42
30 26
28 28
42 18
32 19
18 29
19 34
27 18
25 30
28 24
18 28
28 25
31 17
29 29
22 24
16 26
38 17
26 25
36 25
25 29
18 34
27 20
41 23
28 32
42 17
20 24
25 28
24 16
14 14
28 26
19 34
18 25
32 25
31 29
43 24
27 29
23 24
24 28
33 25
31 19
32 38
29 31
42 20
18 23
27 39
19 25
43 25
42 22
34 38
19 20
22 33
17 26
21 30
28 21
23 32
24 14
24 30
33 26
26 34
44 25
25 22
28 29
22 25
13 15
37 44
28 17
34 39
30 22
16 26
29 33
30 16
14 26
17 28
22 17
23 25
27 28
21 35
27 24
39 21
24 28
19 25
23 25
27 24
23 36
30 39
33 26
46 30
19 25
23 21
35 20
20 21
27 20
44 16
28 32
42 34
21 25
32 35
26 25
32 22
33 26
36 22
22 20
27 25
27 22
25 16
22 31
26 32
28 32
38 28
35 25
28 29
29 34
41 24
17 22
24 28
27 25
17 25
30 29
29 23
27 25
21 13
28 32
29 42
20 25
16 31
28 33
25 22
33 26
20 41
30 13
35 13
35 26
43 31
27 28
44 25
28 32
21 42
40 24
32 22
29 24
34 29
33 26
16 35
28 22
21 24
28 26
36 37
27 27
29 33
20 25
20 35
43 21
19 25
29 36
31 24
23 26
41 23
18 25
27 17
31 29
41 25
18 22
27 21
28 17
13 22
38 18
32 36
29 30
44 33
33 26
46 34
44 25
37 13
24 29
20 33
23 29
29 41
21 32
34 36
22 25
30 31
27 38
38 34
33 26
29 33
22 25
28 25
28 29
20 19
19 31
31 30
28 32
29 32
43 22
23 35
29 45
33 34
33 26
18 34
14 25
18 25
43 17
33 36
17 17
18 23
26 23
32 37
13 25
23 29
29 45
44 24
33 21
28 23
17 25
27 24
21 29
25 28
27 21
39 29
28 32
33 35
25 25
26 22
29 21
28 31
33 26
26 33
36 25
32 17
32 17
24 27
25 31
23 13
26 19
28 28
18 25
24 33
23 19
21 32
31 26
27 37
39 22
35 25
36 29
34 26
27 18
30 14
28 17
21 36
27 22
32 17
14 20
28 20
26 26
27 14
21 25
31 25
37 29
42 34
27 18
27 33
23 19
21 30
14 25
27 15
29 16
19 26
29 23
28 26
37 24
16 20
32 29
33 26
23 31
17 38
22 28
21 17
43 24
32 35
29 20
18 37
31 26
28 34
20 25
26 25
24 28
20 21
21 30
13 20
18 20
20 41
38 25
30 15
15 31
28 27
25 26
37 44
37 25
30 18
39 28
23 32
27 26
13 14
18 23
32 32
26 18
27 24
29 33
25 24
20 25
25 18
24 25
16 25
34 25
33 35
21 29
27 21
26 19
29 19
31 25
24 34
19 23
27 24
27 26
25 30
22 25
37 25
32 27
37 21
27 25
36 16
28 32
29 16
39 25
32 20
29 34
34 30
22 26
32 18
30 16
32 24
36 16
29 28
20 20
19 18
13 31
37 29
26 23
30 24
29 41
28 23
26 26
25 20
20 25
29 25
29 29
27 31
27 27
33 23
17 27
35 27
16 25
32 36
25 36
23 34
23 26
39 20
26 21
35 24
15 24
19 21
26 27
33 31
14 32
13 19
21 25
20 28
24 33
17 27
33 16
39 43
25 21
13 25
26 17
35 27
20 31
15 20
28 16
29 26
23 18
17 38
29 26
22 37
23 26
22 16
35 25
28 25
15 29
27 17
27 31
17 27
28 32
23 17
32 24
20 23
29 18
36 21
31 24
21 31
38 25
29 24
22 29
42 13
27 31
27 28
28 15
20 27
42 25
20 38
29 42
24 40
33 26
31 46
34 25
29 25
21 29
44 35
22 31
26 41
20 19
19 28
27 25
32 25
26 26
22 32
28 26
26 31
22 25
31 25
16 29
33 18
23 16
28 16
28 32
13 30
37 22
32 38
21 27
20 25
33 26
21 38
22 25
28 22
18 29
19 39
24 15
22 18
28 19
32 25
31 22
28 25
29 41
32 28
19 16
30 44
41 25
21 22
19 29
25 35
27 31
26 42
28 23
24 32
15 25
14 38
29 14
31 41
33 23
21 25
27 24
43 22
32 29
41 22
27 31
33 39
28 20
30 18
25 25
30 28
29 20
19 24
33 26
40 15
29 23
36 25
21 29
37 22
27 15
29 37
19 23
34 36
29 19
23 38
26 18
22 40
33 24
22 16
33 20
41 18
19 24
26 38
27 21
27 31
28 32
21 32
35 25
32 27
18 16
22 22
17 24
25 25
17 25
23 18
42 29
22 32
15 19
41 28
28 23
24 16
29 19
18 38
20 21
38 27
26 14
37 31
38 25
24 25
43 19
24 29
27 25
28 18
24 16
19 19
22 22
17 33
19 13
33 31
33 23
15 32
19 25
29 25
40 29
33 25
27 31
37 28
28 18
36 24
20 25
25 31
29 23
19 30
27 24
40 18
33 25
32 25
25 29
13 21
27 19
19 35
28 26
34 24
26 25
23 38
24 25
21 30
29 26
24 28
24 25
17 25
40 29
20 25
27 31
44 21
28 18
30 40
23 25
29 15
17 20
28 17
22 26
24 25
21 25
37 23
30 28
28 18
27 25
19 39
28 32
35 34
42 25
21 27
29 33
26 24
33 17
17 29
34 25
18 20
26 29
33 17
27 21
25 20
20 21
18 22
32 25
28 25
29 26
34 27
22 26
46 38
18 25
25 19
34 19
19 39
27 31
31 39
28 26
24 30
36 25
32 38
26 22
23 32
33 22
30 19
17 24
21 25
25 29
34 22
27 26
36 41
20 25
42 21
28 22
18 32
16 40
25 22
33 26
26 26
35 25
30 25
43 29
38 33
27 26
35 41
23 32
28 17
37 25
32 35
29 19
17 16
19 16
36 25
22 19
15 25
40 17
26 30
27 22
43 30
28 32
28 28
20 14
30 32
20 45
27 27
30 26
37 18
26 23
27 25
31 27
35 15
27 19
29 18
26 26
25 28
38 16
32 14
29 28
33 31
29 26
21 37
35 25
17 19
28 29
15 23
27 31
21 31
15 29
28 30
30 21
31 23
23 37
18 29
30 26
43 31
38 24
26 25
31 17
30 39
27 26
34 26
28 32
18 29
27 16
32 23
29 24
18 33
33 26
14 25
36 25
18 25
20 28
46 38
27 30
24 19
13 32
15 30
18 25
21 34
15 19
22 18
21 20
29 43
15 25
21 25
18 23
27 33
27 31
42 29
28 27
32 21
36 25
32 14
29 33
31 24
19 26
24 17
24 25
43 25
25 29
19 13
24 21
18 29
28 32
42 38
30 23
29 32
28 36
16 38
29 26
23 40
16 25
34 25
35 22
23 29
20 24
28 19
28 31
26 33
31 25
32 24
23 37
19 41
24 26
16 30
19 20
30 25
15 29
46 35
27 20
20 19
28 20
25 27
23 21
25 38
14 29
23 26
25 26
23 32
43 23
42 25
27 29
40 17
27 20
32 38
17 26
18 28
25 20
27 38
29 25
19 36
33 20
31 31
32 23
31 21
34 18
32 29
16 24
14 34
25 32
38 16
43 18
32 28
21 23
39 46
20 26
43 31
24 19
41 25
31 21
19 27
25 25
44 39
28 19
35 15
15 20
32 20
29 35
31 26
28 26
22 29
31 25
23 20
35 25
37 31
27 31
21 27
28 23
28 21
39 17
22 31
29 26
25 29
33 26
15 43
33 25
28 25
33 29
13 32
18 31
22 31
28 22
20 39
21 25
25 37
20 27
23 29
23 13
22 28
41 25
28 25
37 21
22 32
26 31
17 18
28 26
25 33
30 21
31 34
15 30
34 22
33 23
19 27
27 22
26 25
32 26
36 34
27 31
34 38
28 32
42 32
20 25
17 36
29 28
28 38
33 26
22 19
32 25
33 25
43 20
15 36
22 31
19 33
28 32
24 23
31 25
32 33
17 32
17 27
17 21
24 29
28 22
36 25
43 29
20 39
27 16
40 33
28 29
21 15
41 23
27 35
20 24
39 17
18 23
36 13
33 22
24 17
18 16
23 15
13 27
30 31
28 18
13 39
30 25
32 15
18 14
36 20
21 22
31 22
30 25
40 25
19 27
25 39
27 28
44 42
28 27
20 35
27 23
27 33
28 15
42 30
16 26
16 17
37 25
22 18
20 29
19 39
27 31
16 30
19 32
26 26
28 21
32 22
26 28
18 14
28 26
17 28
38 25
22 25
30 25
41 26
17 31
23 40
24 21
38 27
20 15
26 37
15 22
17 30
33 26
32 34
18 19
26 25
30 29
18 15
27 31
16 15
28 32
42 33
33 22
32 38
29 28
18 21
27 23
13 16
40 25
19 25
34 23
30 32
25 31
33 26
28 32
38 17
40 25
24 25
29 28
18 22
18 26
13 19
22 25
26 25
22 28
16 39
27 26
14 20
22 31
15 42
23 25
32 22
14 21
34 13
27 26
32 35
36 25
43 16
22 22
36 19
26 30
41 37
28 32
21 42
24 25
25 38
23 16
37 33
17 21
29 26
37 19
29 25
43 29
20 25
27 31
32 37
20 22
22 34
17 14
28 25
29 28
34 22
33 26
32 42
44 20
21 19
18 29
34 32
27 31
39 26
28 28
38 28
19 25
23 21
29 21
32 39
17 26
21 31
33 19
40 18
25 29
38 21
16 19
23 45
28 24
35 18
26 25
20 38
29 23
17 35
28 26
26 37
26 13
32 25
30 26
26 34
27 31
38 31
28 32
23 36
21 25
23 27
29 18
30 33
33 26
35 41
36 25
39 25
21 29
35 29
16 30
34 14
14 18
16 37
21 25
31 20
29 46
32 44
17 26
37 44
34 25
29 25
25 29
19 36
14 31
34 39
28 20
28 23
19 25
27 21
23 37
39 20
33 26
42 42
25 25
23 25
42 25
27 32
27 31
35 25
25 32
15 33
41 25
32 21
29 29
27 31
33 26
18 20
35 24
33 19
28 29
14 18
27 28
20 27
28 21
23 24
15 25
15 26
20 23
15 40
33 26
34 23
30 25
26 18
18 29
29 22
27 31
26 27
28 32
38 26
34 25
14 21
29 37
26 21
19 24
21 16
36 25
24 15
20 29
28 39
27 31
38 32
18 32
36 34
30 25
32 23
25 42
26 26
33 26
39 21
19 24
34 25
30 26
24 21
27 22
19 19
28 28
42 27
43 25
23 38
26 30
42 23
24 26
13 33
31 25
25 25
22 22
36 37
27 17
27 29
28 21
37 19
26 25
32 27
29 26
35 17
33 26
21 14
27 25
25 25
24 29
22 36
17 22
30 42
21 15
32 13
31 25
32 23
26 37
36 29
22 26
41 30
32 25
42 25
23 29
17 39
27 28
18 32
28 18
42 34
30 24
26 27
29 23
24 14
33 26
42 32
32 17
29 25
20 25
43 39
21 31
28 24
28 32
26 25
19 25
30 17
29 20
31 24
25 16
19 21
44 25
31 25
32 29
40 34
27 24
32 22
28 15
24 17
14 20
26 21
23 29
19 21
27 22
18 13
29 25
38 25
29 18
32 39
27 31
19 25
28 17
25 25
37 25
32 23
16 23
31 29
18 26
19 29
17 24
21 25
37 29
43 21
27 22
46 34
28 30
37 28
16 24
32 29
29 27
22 20
21 26
29 29
31 17
22 25
27 13
29 39
25 31
21 31
28 20
25 37
40 25
25 28
14 24
24 41
22 26
32 30
39 24
36 25
29 27
39 17
16 31
20 27
17 26
41 28
24 18
32 30
14 45
28 17
33 21
32 25
18 25
34 25
29 29
19 14
27 29
33 24
20 32
16 17
35 24
32 36
23 43
24 25
32 19
16 20
22 15
23 25
41 29
15 22
27 13
28 41
28 23
20 42
25 13
23 15
17 34
15 42
33 23
36 23
23 25
26 25
33 29
46 39
18 15
37 16
28 18
28 40
13 14
18 38
15 21
24 36
27 13
37 21
21 25
26 25
24 29
42 38
14 29
41 22
24 28
31 34
38 25
27 19
29 36
34 15
32 26
36 31
14 25
34 25
36 29
27 26
27 29
44 16
28 26
34 30
37 24
27 37
29 17
23 30
21 17
22 23
26 25
43 20
34 29
21 38
27 13
32 14
28 15
23 45
20 25
32 21
22 33
34 34
21 26
30 20
37 25
27 25
40 24
37 20
27 15
26 33
26 25
20 20
18 25
32 35
29 28
24 18
33 26
22 42
27 20
38 25
23 29
30 39
18 25
34 33
28 32
23 26
24 25
19 38
29 22
26 27
31 23
31 45
28 16
24 18
24 29
15 30
27 15
13 23
28 32
27 18
29 25
19 29
23 29
26 18
26 20
26 37
36 25
22 25
28 29
23 39
25 27
26 14
16 32
33 33
19 14
32 32
18 33
35 33
30 18
23 37
28 25
43 25
27 29
45 25
17 31
29 26
28 32
42 27
32 18
32 14
25 35
22 30
15 18
37 30
29 23
41 22
38 29
22 34
25 18
28 24
28 28
33 39
17 19
28 25
29 40
44 46
33 26
20 20
41 25
32 25
45 29
29 27
19 31
23 39
25 26
31 29
20 19
32 23
13 36
16 41
22 16
13 14
30 13
29 20
34 23
37 25
27 16
16 41
20 32
28 21
26 25
32 24
29 27
32 21
17 26
27 18
28 23
27 23
23 21
13 23
27 29
23 37
28 30
28 35
28 25
32 28
29 38
44 27
25 26
24 22
24 23
24 13
31 29
28 31
26 21
24 28
28 32
20 28
35 25
19 38
16 35
40 45
22 26
24 28
29 16
19 23
39 22
29 17
21 31
29 23
23 32
24 19
26 25
29 31
27 15
23 15
33 18
17 29
23 25
15 21
34 29
20 26
15 26
21 15
20 22
38 38
27 25
23 21
15 34
30 18
20 26
29 35
27 25
20 19
43 28
24 22
27 31
31 25
20 32
13 29
19 25
23 38
24 33
23 40
28 26
35 26
23 15
24 21
20 23
17 14
16 29
15 18
25 27
24 26
37 25
31 23
29 32
19 18
33 26
20 19
32 25
17 20
41 15
20 15
27 31
30 25
28 32
14 22
25 25
32 28
29 17
18 27
29 17
13 24
31 25
23 25
37 29
20 35
18 18
35 24
28 30
35 24
24 25
22 38
24 21
30 25
30 26
17 18
37 25
41 18
14 22
32 16
27 19
19 19
28 29
33 36
36 25
32 16
29 14
21 33
27 14
45 29
19 15
36 25
20 29
32 36
27 24
28 35
13 28
21 32
42 25
32 24
29 30
23 33
33 16
30 39
28 18
14 20
24 18
33 39
27 26
31 26
24 31
28 38
38 25
32 21
17 45
26 14
33 20
34 19
44 19
41 25
32 29
19 21
27 23
20 28
26 17
27 27
43 25
31 26
29 36
15 46
21 15
24 16
27 25
40 25
21 29
26 29
16 31
38 44
17 31
32 31
29 25
32 38
19 20
45 39
28 26
29 34
33 25
20 21
32 29
39 26
27 31
16 19
28 32
40 25
29 14
18 27
20 35
23 22
26 26
20 19
36 19
39 25
40 27
31 23
27 31
35 39
23 16
42 30
36 25
32 38
28 27
28 26
13 26
30 24
34 13
39 25
21 29
14 27
25 31
21 42
28 19
30 41
36 24
24 33
25 37
22 45
33 26
14 34
26 25
40 25
45 18
20 26
27 31
45 28
25 31
31 19
23 23
32 33
19 21
40 36
26 16
20 23
32 23
34 25
17 29
28 32
26 24
39 32
28 32
35 27
42 22
15 35
25 34
34 27
26 13
31 38
43 21
30 25
22 29
28 38
27 31
30 22
27 32
33 27
25 24
32 23
23 26
24 26
33 20
33 37
17 25
30 25
17 26
36 34
27 31
26 36
20 32
29 30
37 25
25 38
29 30
20 30
31 26
29 33
27 25
24 25
26 16
32 18
27 30
35 33
26 19
33 27
26 25
32 32
29 22
24 29
23 26
32 16
33 25
21 13
34 19
23 30
23 29
24 32
28 28
29 37
37 25
20 26
20 24
34 19
33 22
27 29
28 25
22 25
37 19
22 20
17 31
43 25
28 27
42 31
35 25
32 35
29 20
31 31
27 26
34 28
30 23
31 25
24 25
29 22
27 26
31 16
28 18
32 20
17 24
25 25
19 20
15 15
33 19
44 23
28 14
20 24
20 18
29 30
17 24
40 32
28 32
33 32
43 23
16 38
28 33
23 35
33 22
19 30
18 23
24 20
17 20
34 39
18 31
38 36
28 28
18 39
24 25
19 38
29 34
24 41
15 26
18 21
23 25
24 24
38 20
18 29
13 31
42 31
28 29
41 44
40 15
27 30
23 26
23 42
33 26
32 32
30 25
33 25
26 29
30 25
26 31
29 22
28 22
42 29
36 23
29 26
26 25
40 43
29 24
34 15
20 25
30 14
20 27
21 24
19 29
26 34
28 30
42 19
22 18
16 28
28 19
21 41
33 25
35 29
26 21
24 18
34 13
34 36
24 31
25 17
28 18
36 34
37 25
29 32
17 35
24 27
25 24
25 24
30 25
19 25
29 29
34 16
13 17
32 19
28 23
40 23
27 25
23 14
29 22
40 18
33 26
45 41
25 16
43 25
38 18
25 39
27 21
36 30
28 32
39 39
26 25
24 35
14 25
13 24
28 26
20 24
36 25
25 25
31 22
19 39
16 23
36 20
28 25
29 38
21 21
19 29
29 30
45 17
33 26
17 29
44 25
34 17
16 28
15 39
27 31
20 32
28 21
22 24
37 25
32 25
29 28
29 39
33 26
17 38
44 25
21 23
28 22
28 24
27 22
19 34
28 32
29 29
30 19
17 23
23 29
35 44
33 13
27 44
37 25
26 14
25 28
24 36
25 16
22 15
28 27
34 33
25 18
18 32
29 36
19 19
33 18
28 17
32 13
28 23
18 29
37 39
27 30
45 34
28 32
27 30
18 23
21 14
29 46
18 26
33 26
27 18
44 16
22 22
28 27
35 27
24 28
17 40
25 29
30 22
34 14
24 30
29 20
37 29
26 26
30 33
19 25
23 25
29 27
37 38
22 31
19 33
28 32
13 22
26 15
30 18
29 35
16 25
15 26
42 38
44 25
33 23
34 20
29 31
20 31
22 27
24 27
42 15
17 25
22 31
20 25
35 36
20 22
41 30
23 25
24 25
27 23
29 28
27 20
25 19
28 32
30 23
34 25
32 13
29 34
22 37
29 24
37 22
35 13
41 25
41 29
24 31
26 28
26 27
28 32
32 17
34 16
20 25
19 15
28 17
24 26
15 34
34 25
23 25
29 23
32 34
27 28
19 30
28 32
32 32
29 25
32 22
16 27
22 44
25 25
18 19
27 25
14 25
35 29
39 29
27 31
17 18
20 22
35 36
24 22
24 28
29 33
31 32
32 13
21 13
31 25
42 25
25 21
29 31
18 16
44 24
28 18
28 28
22 25
24 25
18 26
44 34
19 26
23 20
28 25
21 25
46 29
14 31
21 31
13 29
16 32
33 16
25 25
22 34
29 36
29 41
33 26
14 37
29 23
33 21
32 24
16 16
21 21
27 30
28 20
14 17
28 23
21 22
29 33
16 29
29 16
36 38
37 25
29 25
33 27
17 23
27 22
28 31
28 31
27 43
29 25
26 31
25 25
45 26
33 22
32 23
27 25
38 14
18 29
30 39
27 16
35 44
16 23
24 17
21 25
32 25
29 23
38 39
26 26
24 22
24 25
32 25
31 29
30 17
27 31
44 15
28 32
31 16
38 21
26 38
26 22
40 21
33 26
23 31
20 23
43 25
39 17
29 23
27 20
34 30
28 30
24 23
43 25
32 22
23 33
25 41
24 26
34 22
13 25
25 25
45 29
35 27
22 28
28 33
26 23
18 26
34 24
27 38
15 25
40 39
33 26
21 31
28 25
30 25
27 24
26 22
27 31
22 45
15 32
32 13
24 25
27 27
20 33
39 27
30 26
28 40
43 15
27 22
20 29
22 14
27 20
15 30
28 17
28 23
14 22
25 20
22 20
22 29
25 26
27 29
19 25
34 25
16 24
43 38
27 21
32 36
28 25
39 32
30 25
32 22
27 30
28 25
15 26
16 30
29 24
20 18
33 29
14 37
21 26
28 34
24 15
38 35
35 25
32 38
29 20
21 30
13 26
43 27
21 25
24 25
17 29
43 27
25 24
46 28
28 30
23 16
27 25
32 22
29 37
41 21
33 26
29 28
42 24
18 15
21 26
19 21
27 23
38 17
21 27
18 15
13 19
18 30
29 36
23 23
33 26
17 14
35 21
42 25
21 29
31 35
27 31
44 30
27 26
25 15
24 25
30 25
29 32
15 22
24 26
32 34
27 23
31 24
35 28
31 13
27 18
29 14
28 29
33 31
13 25
32 38
18 29
40 26
18 26
28 17
37 25
36 25
26 29
36 27
27 18
27 20
28 32
20 24
26 15
29 38
29 40
32 32
18 26
32 13
24 24
30 25
26 18
37 16
21 26
16 34
23 22
18 26
32 25
32 36
26 32
20 24
33 26
29 45
41 25
32 25
27 29
20 20
27 31
23 35
20 32
34 26
36 25
15 22
29 27
21 28
33 26
22 42
25 25
43 25
43 23
33 37
26 19
22 22
25 16
24 28
33 25
29 33
20 24
21 26
33 26
23 32
42 23
27 25
33 29
42 26
27 30
21 22
28 26
16 44
32 18
31 29
29 38
29 17
28 26
13 26
30 23
23 25
24 29
35 39
27 31
32 32
25 32
22 30
43 25
18 20
18 21
27 32
14 26
17 34
24 22
34 25
29 16
28 30
27 14
21 13
27 29
38 16
29 25
22 32
20 35
29 31
33 13
44 24
25 25
27 17
26 23
44 20
24 31
29 26
24 32
42 43
33 25
32 18
28 27
25 43
33 26
43 17
32 25
23 25
39 27
25 27
27 19
31 26
25 28
42 19
30 25
31 38
13 28
20 27
26 26
24 31
25 25
30 25
41 15
17 31
27 30
25 23
28 32
23 33
29 25
21 14
23 31
17 26
19 26
26 26
27 22
35 25
36 20
41 33
25 31
26 35
20 27
35 24
19 20
32 31
29 18
29 22
33 15
25 27
26 25
31 25
33 29
38 35
27 23
35 21
22 18
19 43
23 14
32 21
22 28
30 24
30 22
31 33
26 25
43 22
36 27
41 30
27 25
35 31
21 30
35 18
34 25
19 17
27 32
27 27
25 22
24 35
34 21
33 25
26 29
46 38
27 31
23 27
26 16
34 42
26 21
32 14
17 30
32 37
27 19
23 33
30 25
18 17
26 27
21 37
27 27
33 30
28 31
19 18
19 21
27 38
29 19
23 23
21 26
44 18
16 25
39 25
30 25
29 35
19 23
19 27
18 21
42 32
29 25
32 18
29 26
40 35
27 21
28 20
19 25
30 25
37 29
28 15
27 31
27 43
22 18
30 16
34 13
27 32
18 21
34 31
33 16
39 26
13 25
14 25
36 25
28 26
22 31
20 16
28 32
33 28
16 22
22 32
24 37
31 35
33 26
26 41
28 16
39 25
34 16
30 31
27 26
16 14
23 32
21 43
40 15
32 36
29 21
31 13
25 26
29 44
37 19
29 25
30 25
36 32
27 30
29 42
15 19
31 30
16 25
28 13
29 27
25 45
33 24
40 28
14 25
19 25
20 29
19 27
27 31
30 24
28 24
26 18
29 25
17 23
29 28
36 21
33 26
26 28
24 25
16 25
20 29
42 32
19 30
34 34
28 16
39 30
40 25
31 30
14 33
22 19
33 26
22 28
35 25
43 25
27 29
36 30
27 18
27 19
23 26
21 24
29 18
17 38
29 25
40 27
26 26
39 29
20 24
22 25
29 26
23 21
27 31
26 19
24 32
42 33
30 17
32 28
23 23
34 31
33 26
27 37
23 25
25 25
26 29
29 14
27 18
42 24
15 20
20 30
28 25
18 31
18 27
35 29
25 26
31 24
32 25
17 25
24 29
35 26
23 31
23 25
26 22
20 22
23 24
30 23
15 23
17 41
21 21
44 22
15 25
28 22
17 29
37 32
27 31
46 15
20 24
37 23
19 25
19 38
29 26
41 32
29 26
14 18
34 25
35 17
22 29
20 34
27 26
32 17
28 20
19 35
41 25
32 19
29 17
25 42
32 26
45 16
17 25
26 22
34 26
34 35
18 31
29 36
28 22
33 22
27 25
26 14
19 38
32 35
17 26
27 23
22 25
23 25
43 28
37 26
18 31
33 31
22 24
20 36
31 24
13 32
29 32
21 41
33 26
25 43
43 25
27 25
32 29
30 39
19 25
27 33
27 32
29 16
36 25
32 38
29 24
23 39
33 19
15 28
16 24
35 25
26 29
26 17
27 31
34 46
26 29
28 36
19 21
24 35
26 27
30 29
33 26
27 35
44 14
36 25
19 16
28 19
22 26
24 22
16 19
22 37
15 25
18 27
29 17
25 39
22 26
23 23
24 17
37 20
30 23
17 20
26 22
25 34
28 20
26 45
30 25
32 29
26 42
30 44
33 26
32 21
39 17
43 25
20 29
21 32
13 30
34 36
28 32
19 15
33 25
17 35
29 40
38 21
32 17
26 34
32 25
31 25
28 29
19 26
27 31
25 26
28 14
37 29
38 25
21 22
18 21
20 43
33 26
22 23
32 13
26 25
17 29
16 19
13 31
45 29
27 21
23 43
40 25
30 16
13 20
33 37
24 26
19 41
37 19
37 20
13 29
35 16
25 19
42 20
28 32
22 34
38 25
32 38
29 37
20 34
17 26
21 28
44 25
27 25
23 29
18 37
14 31
24 30
22 30
32 20
38 20
20 38
29 39
36 31
19 26
22 39
26 14
34 25
31 29
34 18
27 31
24 35
16 20
42 27
36 25
30 38
26 43
33 22
28 22
30 37
43 20
18 25
42 24
29 22
27 14
21 21
25 31
31 34
20 25
19 31
25 18
21 35
28 13
21 20
17 25
22 25
40 21
29 38
26 31
27 30
21 15
42 38
30 15
31 19
29 46
26 25
33 24
41 19
33 25
28 25
26 28
25 27
22 31
16 34
18 32
19 28
14 16
19 38
29 27
31 20
18 26
39 25
22 15
39 25
27 17
28 30
18 22
28 19
16 32
34 20
25 25
25 34
29 44
22 46
29 26
37 19
43 24
28 23
39 29
45 37
27 31
38 33
20 31
22 13
37 25
15 28
29 32
23 24
30 26
19 38
37 18
27 16
13 23
18 29
27 31
36 14
22 15
34 40
27 25
32 28
18 22
40 30
33 26
29 35
42 25
20 25
41 29
44 27
21 31
16 23
28 32
37 26
18 25
32 38
26 31
28 37
28 26
31 25
31 21
38 25
18 26
42 30
27 21
44 42
28 24
32 21
31 25
32 33
29 21
29 21
33 26
23 16
18 25
43 17
17 29
32 22
25 15
15 27
22 32
22 30
36 25
28 18
29 27
35 46
33 26
37 26
33 17
36 17
21 26
23 28
24 31
28 21
25 18
29 23
33 25
16 32
29 14
35 35
33 26
41 35
32 25
25 25
27 29
19 22
27 21
36 20
28 21
41 24
30 25
32 38
21 23
29 30
33 26
29 32
37 21
30 25
27 29
35 25
27 31
26 33
28 19
18 42
20 25
23 37
29 19
36 26
29 26
37 29
33 23
15 21
28 18
31 39
24 14
30 44
28 32
15 38
36 25
31 35
21 44
22 31
31 26
15 25
44 14
19 15
43 29
25 39
24 31
31 27
28 32
31 34
25 14
22 31
29 35
22 23
24 26
31 37
25 25
25 14
38 29
27 20
27 21
30 30
28 32
24 29
41 25
24 23
29 24
26 31
19 25
30 36
23 25
25 21
23 29
15 26
24 30
32 39
22 23
16 29
37 25
22 36
29 37
32 31
21 26
34 34
43 13
31 24
38 24
35 13
27 15
15 23
28 32
40 32
27 25
31 29
29 34
24 16
33 22
19 25
17 25
23 25
18 24
26 15
22 31
29 40
18 17
28 31
23 25
24 25
20 24
16 29
25 26
29 19
22 24
33 25
29 24
46 31
26 20
28 18
28 13
20 35
32 13
32 38
19 24
34 21
32 26
32 35
27 25
30 25
31 22
44 34
27 17
22 19
25 30
25 31
22 25
32 38
29 36
20 35
18 26
18 30
28 25
42 25
26 29
24 32
14 15
32 24
23 16
41 20
32 23
27 19
27 34
26 17
28 26
25 21
25 18
22 25
13 19
17 39
27 31
16 25
26 28
19 41
31 25
32 32
29 34
18 41
29 26
29 33
26 25
32 25
16 29
24 39
27 31
28 43
28 28
33 27
21 17
19 36
29 28
24 18
31 26
24 30
38 19
13 25
18 29
37 31
26 31
22 23
18 32
20 33
29 25
32 14
20 31
41 17
31 24
41 17
39 16
23 25
25 29
32 39
27 31
36 27
28 22
21 23
43 25
32 36
29 21
26 34
33 20
26 35
29 25
14 21
33 27
29 23
24 31
35 41
28 20
38 17
41 25
32 28
29 39
38 34
33 26
23 27
19 25
34 21
28 29
16 31
19 31
22 32
28 32
42 17
29 15
26 27
29 24
23 31
24 25
38 33
41 23
19 22
23 14
17 33
23 29
33 27
28 22
31 24
27 25
29 28
14 19
29 31
33 24
35 19
26 25
22 23
32 29
25 28
26 20
29 20
28 18
23 42
31 25
30 29
29 30
16 34
25 26
23 40
34 25
37 17
21 15
41 32
20 31
21 22
15 32
23 43
39 25
32 32
14 21
39 21
18 26
31 20
14 25
21 25
30 29
43 35
27 31
15 32
28 20
23 30
28 25
29 33
27 25
21 32
26 26
22 30
13 25
30 14
36 29
27 29
27 31
40 22
28 32
30 14
26 25
27 30
29 24
40 27
29 26
26 29
22 25
23 25
19 29
31 34
27 31
19 38
26 23
28 19
37 25
21 38
29 29
43 28
18 26
17 27
22 25
25 25
42 29
27 25
23 31
17 18
28 20
38 44
25 25
32 13
29 23
22 29
25 26
15 30
20 25
40 25
35 29
32 28
27 28
34 27
26 25
42 23
34 16
29 38
13 28
37 23
33 26
33 21
37 23
35 25
23 25
26 33
27 18
16 28
20 17
23 33
23 25
32 36
17 22
27 30
19 15
33 41
39 22
23 25
36 29
17 21
26 22
40 29
28 26
22 33
27 21
24 26
29 28
23 20
20 23
20 27
24 21
25 25
24 29
22 28
24 31
27 43
15 32
26 43
29 15
29 31
25 33
36 25
33 26
15 40
28 25
21 25
28 19
26 35
27 22
24 42
28 32
32 26
36 25
15 17
29 44
16 34
23 26
24 23
24 25
43 25
27 20
29 31
27 14
16 23
28 32
28 25
32 25
29 18
29 31
21 19
19 16
26 29
14 21
39 25
18 29
43 28
27 24
14 32
21 32
40 31
15 25
32 30
29 24
25 22
29 21
19 21
33 25
42 25
24 19
39 17
14 21
16 46
25 26
22 17
35 25
19 34
14 15
19 32
30 26
29 41
24 23
32 19
25 15
17 15
27 31
20 31
28 31
15 29
21 14
20 33
29 15
35 21
33 16
27 29
30 25
14 25
31 29
21 21
27 21
45 46
28 18
42 33
42 25
32 23
29 24
22 38
25 25
20 29
18 25
21 23
22 29
17 29
27 31
43 44
28 32
18 34
16 25
30 22
20 21
37 25
22 26
32 29
39 24
21 25
17 29
23 22
27 24
25 34
14 32
23 41
28 25
26 18
29 27
19 18
33 26
45 13
29 25
17 25
14 17
23 31
24 31
30 14
21 32
35 22
25 25
32 38
29 31
15 28
20 26
36 29
19 19
27 25
27 29
26 34
27 31
20 40
22 32
23 15
23 16
27 24
23 37
31 32
33 26
17 46
20 25
42 13
31 29
44 26
27 31
31 32
24 13
42 34
42 25
29 29
22 24
33 17
20 26
33 32
25 21
27 20
43 29
25 28
27 20
31 38
26 26
33 32
23 25
27 26
29 37
31 46
32 23
42 33
23 25
43 25
18 26
26 33
27 31
33 29
23 22
28 16
25 25
24 29
16 21
23 36
28 26
44 22
30 13
14 25
32 29
33 28
27 31
13 33
28 23
35 14
24 14
15 38
29 43
32 44
33 23
33 39
34 17
42 25
23 28
31 34
24 31
27 21
28 25
37 13
30 25
31 32
14 17
29 25
33 15
44 22
29 25
25 25
17 29
45 23
18 19
42 22
25 22
26 32
23 25
32 22
29 28
27 43
15 26
21 30
28 25
20 25
19 20
24 27
18 19
25 30
28 20
28 17
38 25
22 38
29 34
42 27
31 26
26 23
23 25
43 25
32 29
18 33
27 31
31 36
28 17
18 17
25 25
24 14
29 32
18 42
24 26
39 21
37 25
27 25
20 29
28 39
26 30
21 32
14 20
34 18
22 20
32 34
29 30
28 30
19 26
16 24
35 25
35 25
23 29
33 36
27 26
22 14
28 14
33 37
43 25
24 26
29 31
23 20
28 26
36 45
32 20
43 25
27 15
20 25
27 21
27 25
28 32
20 22
43 25
26 38
29 25
42 28
25 26
25 45
34 18
22 21
42 29
25 20
15 13
32 18
28 31
28 26
36 25
32 37
29 33
19 25
21 21
28 30
21 19
22 25
37 25
30 32
25 31
24 31
16 16
31 21
19 19
32 16
23 26
27 30
33 19
43 37
39 13
19 25
22 29
23 39
27 31
15 13
28 32
21 22
40 21
32 34
29 24
15 16
29 26
46 26
37 25
39 13
34 23
29 31
27 31
29 15
15 29
24 29
27 24
21 30
29 32
19 21
33 26
26 20
32 25
22 15
24 29
23 21
27 20
27 16
22 19
14 19
28 25
32 21
29 34
24 25
33 26
32 14
42 25
13 20
32 29
37 29
27 31
43 13
28 32
24 16
30 25
18 33
29 26
30 35
33 26
34 19
24 24
25 25
30 29
40 26
17 19
26 34
21 28
26 40
21 21
32 38
25 13
14 21
28 26
33 42
26 25
22 25
44 29
29 24
19 31
23 20
28 26
42 37
21 24
20 15
29 18
31 21
18 26
30 28
41 25
22 25
34 23
15 29
26 29
14 42
28 15
23 27
38 25
32 37
27 21
46 39
21 26
32 20
26 20
17 25
36 29
18 18
22 16
20 32
28 21
38 28
26 25
26 27
20 34
43 20
20 26
37 23
32 24
34 25
38 24
34 34
27 27
31 39
23 13
15 18
31 25
32 27
23 24
38 37
33 21
27 21
25 23
21 25
26 29
19 27
27 15
18 29
28 25
28 29
25 16
30 19
28 18
38 24
26 23
43 23
31 25
31 25
32 29
41 21
27 31
18 38
15 23
27 25
31 25
32 37
20 25
44 31
33 17
17 30
35 21
20 16
19 26
34 39
27 29
44 43
28 25
37 18
17 25
32 22
29 29
25 24
33 26
36 30
34 25
19 25
18 29
39 39
27 19
41 33
26 32
25 25
39 23
32 29
29 28
43 22
33 26
29 25
32 25
22 25
27 23
36 39
27 19
23 26
28 32
21 38
16 25
32 38
16 34
21 24
33 26
25 30
21 25
36 20
32 29
41 19
19 26
19 32
21 24
16 45
33 21
30 20
24 28
33 25
33 18
33 29
34 25
35 25
26 29
18 25
27 15
36 28
26 32
27 23
24 25
27 29
18 30
37 22
31 26
26 31
32 25
26 25
38 26
23 39
18 31
39 32
28 32
21 38
15 25
27 17
29 38
37 38
33 19
41 38
23 25
38 24
29 29
20 30
27 31
30 27
28 32
15 21
21 24
24 29
29 26
29 39
21 26
36 42
16 24
17 25
23 29
22 18
27 24
13 29
28 19
25 29
39 21
29 35
29 27
31 20
31 26
26 14
34 25
27 22
40 29
19 34
27 31
19 19
17 21
39 27
22 25
29 23
29 31
31 29
33 26
38 32
32 21
18 25
26 18
23 36
27 30
28 40
28 20
28 25
29 25
26 34
25 27
22 18
32 26
36 38
41 15
22 25
22 13
40 37
25 20
38 22
28 32
17 13
43 19
24 38
29 32
18 45
20 26
33 37
24 25
43 25
37 18
36 21
22 28
31 37
28 32
41 38
37 25
28 17
22 22
39 19
28 26
29 15
27 25
21 25
41 24
33 22
17 31
27 24
28 23
34 21
34 16
32 19
29 15
13 23
33 26
33 41
25 19
25 25
21 29
13 24
21 29
36 20
28 29
20 44
42 20
28 19
21 30
18 26
31 26
28 43
43 25
15 25
15 17
27 22
20 25
18 19
28 25
42 24
21 25
32 20
23 35
34 19
33 26
43 36
22 25
41 19
39 29
43 39
27 31
43 22
16 32
42 38
31 22
32 33
23 32
20 41
24 26
27 39
36 25
39 25
36 25
40 15
17 31
34 45
27 30
24 34
24 25
20 25
24 46
26 33
33 24
35 44
21 25
26 25
39 24
21 25
13 19
19 15
16 20
26 21
35 13
32 35
29 27
25 25
33 22
32 32
19 25
30 17
22 29
21 31
22 14
36 14
18 32
38 32
19 25
32 27
26 32
43 46
33 20
37 21
26 25
28 25
28 15
14 34
23 30
25 38
13 28
25 34
13 25
32 26
24 31
34 34
31 23
39 29
41 25
21 25
27 29
31 31
22 31
22 16
28 27
30 25
27 25
32 19
29 35
31 24
16 26
32 30
27 25
33 25
23 29
28 21
27 31
24 38
21 19
29 29
39 25
32 38
29 43
28 19
28 26
18 22
36 24
23 25
16 15
38 33
15 31
36 38
28 32
23 37
23 15
32 38
29 23
24 30
33 26
30 39
37 20
19 25
18 23
20 14
22 16
19 27
28 26
42 26
25 22
24 25
25 30
43 29
23 26
29 29
21 25
37 18
28 20
36 35
27 21
39 17
28 20
19 21
24 18
21 33
29 35
35 33
23 23
36 24
32 25
43 25
20 19
13 27
27 31
37 31
14 26
26 32
33 25
29 38
29 24
26 22
32 17
42 29
25 25
40 25
43 29
14 19
20 16
32 40
28 22
30 19
43 20
32 38
25 17
22 29
21 22
39 17
24 17
43 23
26 22
44 24
20 20
20 33
20 20
32 31
24 19
13 36
29 32
36 39
18 15
34 33
37 25
37 25
17 29
25 21
27 25
15 23
19 20
37 27
33 25
16 32
29 36
31 32
18 26
35 38
23 25
30 25
23 20
33 22
23 27
28 23
22 32
25 23
32 25
26 24
29 44
21 38
31 26
27 39
40 25
26 25
32 29
44 33
15 31
29 18
26 26
25 23
32 25
32 25
23 31
27 20
16 26
46 26
25 21
23 25
42 29
23 27
27 31
30 30
28 19
33 27
29 25
21 14
29 13
19 31
22 26
21 32
24 25
22 25
32 29
29 31
25 16
26 24
27 16
24 34
21 21
27 38
29 17
24 20
31 26
30 16
43 25
33 25
36 29
42 20
27 21
25 26
28 30
29 32
22 16
32 22
29 24
33 21
22 19
25 26
26 23
42 25
29 29
24 36
27 16
29 16
23 18
30 23
17 25
19 19
29 21
34 33
27 20
25 30
18 22
26 24
23 28
41 22
18 31
28 19
28 32
19 34
26 25
29 26
27 20
30 40
33 22
26 25
25 25
39 25
27 29
15 32
27 31
40 16
28 32
33 31
25 20
26 20
29 25
38 22
33 26
22 19
24 25
17 25
39 23
36 39
27 21
34 22
28 32
42 14
34 22
27 35
29 33
14 25
26 26
42 31
26 25
36 19
30 29
25 23
27 19
31 31
19 32
26 30
22 23
29 14
29 42
41 21
21 26
21 16
38 25
22 24
19 20
20 29
27 31
27 24
28 31
31 20
38 25
24 24
23 40
22 35
33 26
42 24
31 25
17 25
34 29
14 38
26 27
24 39
15 30
33 17
20 25
32 26
27 34
39 34
33 26
25 17
20 18
26 17
29 27
41 29
27 31
44 28
18 29
20 19
14 25
19 31
25 22
29 27
21 26
32 38
21 25
43 25
34 15
29 37
27 29
45 24
27 28
30 35
43 25
32 32
18 37
33 23
26 26
27 33
19 18
35 24
36 25
21 28
27 30
23 34
22 22
36 32
32 22
23 38
29 13
16 30
33 23
22 31
40 15
20 25
16 17
42 33
27 31
29 32
28 32
32 33
16 25
28 27
16 29
20 30
33 26
16 27
36 14
20 25
22 19
30 26
27 31
41 26
28 32
26 24
26 25
17 26
29 26
36 41
32 26
30 32
33 13
13 20
46 29
25 28
27 31
45 32
23 29
33 33
38 25
32 19
28 28
25 29
16 20
33 15
20 23
20 15
38 29
16 25
27 31
22 26
28 24
30 28
19 25
19 38
29 31
21 30
27 26
46 24
34 25
40 25
27 29
38 31
27 31
34 39
27 28
14 28
30 25
18 20
20 20
19 45
32 26
27 19
18 25
15 25
32 29
43 24
27 31
14 14
28 32
42 40
31 25
32 22
25 40
42 23
24 23
30 21
40 25
15 25
29 22
29 31
27 27
38 24
24 32
16 42
30 24
32 38
28 15
28 28
33 26
21 22
16 25
30 23
37 14
28 34
21 31
20 21
28 15
28 36
43 24
31 17
29 22
44 33
27 19
17 29
18 20
31 14
35 29
40 27
14 31
32 14
17 32
19 36
33 25
31 27
26 27
37 32
33 26
27 20
41 20
43 25
29 27
27 27
27 31
16 39
28 26
32 42
32 25
32 28
29 26
26 26
33 22
29 30
27 16
35 21
24 21
31 39
27 31
42 36
28 32
32 21
36 18
23 19
23 26
23 29
33 15
25 26
24 18
38 15
35 29
26 38
27 31
13 39
28 23
14 45
27 25
17 38
18 21
30 16
26 26
38 33
28 25
30 25
22 29
23 25
27 20
31 25
18 23
37 16
35 25
32 37
29 27
23 42
33 20
16 22
20 25
28 25
17 24
25 26
17 31
27 26
28 32
19 13
34 19
32 21
14 13
40 18
33 26
37 21
40 15
19 23
43 29
35 16
25 14
45 31
28 17
33 22
26 17
32 38
27 29
41 32
33 21
22 24
31 25
29 25
43 29
23 33
27 14
21 19
23 32
25 37
25 25
21 25
28 41
23 20
26 26
13 25
28 25
37 24
30 29
34 23
27 26
19 26
28 32
36 16
21 25
32 16
29 39
24 24
24 26
19 18
35 25
38 25
27 29
21 18
27 31
39 26
23 32
25 14
24 25
19 32
29 24
33 22
32 26
21 40
44 25
26 22
30 26
34 29
27 23
26 19
27 15
20 26
23 21
28 38
24 29
34 41
19 26
33 35
18 19
38 23
24 26
25 31
27 26
23 17
28 32
27 33
14 25
32 26
29 40
35 27
26 26
28 28
31 25
21 25
40 27
32 39
26 17
18 21
21 19
23 23
34 25
19 23
16 23
22 36
30 26
19 29
32 14
27 25
33 29
28 26
27 20
17 36
28 29
20 25
16 25
32 24
27 22
41 24
32 15
30 28
38 25
36 25
23 13
20 25
26 31
40 41
28 32
35 34
23 25
32 24
29 16
35 19
29 26
28 45
34 25
23 17
32 20
15 21
27 31
31 21
28 28
28 16
20 16
21 30
29 35
31 19
26 26
22 39
14 19
17 25
34 26
17 17
27 31
32 29
28 18
35 20
31 17
32 13
18 18
37 28
26 26
20 31
18 25
35 15
27 15
29 30
27 31
32 19
26 18
31 19
15 21
18 29
29 26
37 35
30 25
27 34
33 25
23 25
34 29
24 38
27 25
18 33
17 32
25 22
35 25
32 13
29 16
31 31
21 26
26 25
25 16
36 25
29 25
42 14
17 28
32 26
28 28
31 41
39 17
32 21
29 33
45 39
28 26
31 17
23 25
24 21
40 29
19 30
19 22
27 32
28 32
29 25
41 21
13 38
15 14
45 24
33 26
29 20
31 19
17 25
44 29
30 20
18 22
17 27
28 18
34 32
26 20
16 31
29 23
35 43
33 26
26 40
31 13
17 18
38 21
29 13
26 23
25 32
17 22
27 24
38 25
30 38
29 32
36 28
23 26
14 29
22 23
28 25
15 29
36 21
24 31
29 30
28 22
32 35
41 24
15 34
16 18
32 32
19 26
21 28
34 25
31 25
32 28
34 16
27 31
21 20
28 24
28 25
43 25
22 20
29 24
22 22
33 26
28 41
25 25
25 25
41 28
20 28
27 25
14 38
28 26
19 26
36 25
25 19
26 46
36 38
17 26
19 28
24 25
37 25
27 20
16 16
27 15
26 28
25 29
25 24
22 25
29 19
29 33
44 26
33 18
33 18
40 25
23 25
22 16
40 15
26 26
25 35
28 32
42 31
41 17
19 31
20 21
21 18
27 13
19 25
35 25
43 25
15 15
31 33
27 23
19 24
18 23
31 31
34 25
32 34
24 16
33 29
22 16
31 26
21 25
43 13
40 29
17 19
20 31
31 24
18 16
29 26
30 25
32 36
25 18
30 22
30 25
32 40
31 25
35 22
24 29
23 29
20 27
41 35
28 32
29 35
28 25
30 38
20 22
34 21
18 26
46 24
21 20
39 25
21 29
27 39
25 31
34 30
28 23
17 45
24 25
18 27
29 14
17 26
27 26
39 42
23 15
43 25
42 29
41 32
27 21
26 41
28 27
22 16
15 25
19 27
19 31
22 16
33 20
29 30
23 25
24 25
38 28
32 20
27 22
32 39
28 28
42 34
36 23
32 17
23 31
16 31
32 25
23 24
22 25
34 19
42 18
24 26
27 30
40 46
27 29
35 17
39 20
27 20
28 41
21 40
33 24
33 37
30 25
24 17
31 29
21 20
27 17
37 30
23 24
40 19
35 25
31 33
29 31
23 32
33 14
21 28
29 25
36 25
38 18
39 19
27 19
26 26
27 31
29 32
28 25
31 27
29 31
30 33
23 24
32 18
31 25
38 25
32 27
31 36
27 31
30 33
23 18
21 42
24 25
21 38
29 39
28 42
26 26
22 26
40 25
38 19
20 29
38 34
27 22
22 27
17 27
42 43
39 25
32 38
29 35
23 39
21 26
37 25
41 22
24 25
40 26
28 35
21 18
45 46
28 32
32 42
25 25
22 24
29 25
26 29
33 20
23 21
21 20
38 14
21 29
31 30
27 20
23 46
28 22
31 13
23 25
16 21
29 46
25 29
28 20
14 24
27 17
20 22
26 27
31 39
27 26
21 41
18 32
27 45
18 23
32 38
29 25
26 14
30 26
25 19
44 25
40 25
32 29
22 19
27 26
21 34
28 29
28 31
43 25
32 38
29 21
19 27
33 15
45 14
25 25
26 25
25 29
38 18
22 31
25 36
26 32
17 27
19 19
29 19
25 17
40 15
33 26
16 21
37 25
25 19
15 26
33 39
27 22
28 31
28 28
19 17
32 22
32 30
29 19
27 27
15 24
36 25
15 23
31 25
20 26
35 39
21 31
27 31
28 25
34 40
43 25
25 21
29 37
29 18
33 26
21 31
19 21
20 25
25 18
22 25
27 31
37 29
15 32
19 18
34 25
32 25
25 30
20 25
33 23
41 27
34 25
22 25
13 29
26 27
24 31
34 27
21 24
29 17
40 25
32 28
21 36
16 36
23 26
22 39
17 25
30 25
18 20
28 15
24 31
25 27
22 27
17 23
35 25
32 25
29 15
30 24
27 22
25 43
20 25
43 25
37 29
30 18
16 31
38 36
24 13
15 32
21 20
23 23
29 36
20 21
14 17
18 19
23 25
37 25
19 29
22 28
27 28
17 24
27 32
30 33
17 25
32 38
28 25
24 34
27 26
32 20
32 25
31 25
37 20
13 33
24 19
42 22
19 25
38 16
38 25
14 22
17 29
33 13
32 25
23 44
18 23
34 25
24 29
21 32
27 31
29 18
20 24
25 28
20 25
29 25
29 21
14 29
18 26
32 19
39 16
28 25
23 20
27 39
27 16
29 44
28 16
22 35
21 24
32 31
25 31
34 27
23 23
30 17
37 25
37 25
41 29
40 28
27 31
25 40
28 21
26 40
27 25
21 22
15 27
37 25
15 26
23 21
21 13
32 25
26 22
35 25
27 27
44 33
28 32
18 32
18 25
32 18
25 25
41 38
25 26
37 40
25 25
26 25
32 19
26 30
23 26
17 30
28 32
40 18
43 25
14 38
29 36
17 18
28 26
13 29
21 24
25 25
38 29
29 21
27 30
35 23
21 24
34 36
24 25
29 33
14 18
21 24
32 26
24 31
29 16
18 23
27 29
39 17
26 16
30 40
28 14
25 41
34 25
32 31
29 24
43 41
28 26
25 43
27 19
19 25
21 15
34 19
24 26
18 27
28 24
33 33
38 25
13 29
29 39
27 37
33 18
29 17
31 18
36 25
29 29
32 39
27 19
19 28
15 32
19 24
15 25
32 28
29 21
21 25
30 26
30 15
18 25
27 18
20 20
22 31
27 29
19 29
24 29
21 21
28 25
25 25
29 25
34 33
33 26
33 13
30 25
40 25
34 29
34 29
27 31
42 23
18 27
40 26
29 25
32 25
14 15
18 29
24 15
37 42
25 25
43 25
37 29
22 28
26 29
36 23
28 32
42 23
35 14
32 30
24 36
34 21
25 26
15 26
31 25
26 18
34 29
39 16
27 24
23 21
28 32
28 23
30 25
32 29
29 38
36 29
33 26
37 41
29 25
25 25
45 29
40 25
27 31
31 38
17 32
27 31
35 25
24 38
19 22
35 42
24 14
14 28
17 25
22 14
29 25
39 13
27 31
17 40
28 31
37 27
13 25
30 15
29 19
39 27
31 26
24 21
29 25
23 21
15 29
25 29
20 30
24 43
26 32
13 34
43 25
32 29
29 19
28 30
27 23
32 19
15 25
38 25
27 22
43 13
19 31
25 29
26 32
24 17
23 25
18 24
29 17
21 25
26 26
25 27
20 25
27 25
22 29
38 29
27 31
46 22
26 22
42 33
38 25
32 22
29 39
20 32
26 26
18 23
34 25
30 23
23 26
33 39
27 17
39 26
21 20
24 31
22 23
32 33
29 30
38 22
20 26
24 24
33 25
37 25
18 29
35 20
21 30
30 19
28 25
35 23
16 25
23 32
20 35
19 32
33 26
41 13
35 25
24 23
18 25
28 28
27 30
32 32
28 26
25 41
29 25
22 38
29 23
37 42
33 26
19 36
29 25
27 17
20 29
31 27
27 31
23 31
28 17
41 18
32 25
32 17
26 30
27 40
29 24
30 24
35 25
17 25
17 26
39 34
27 21
46 37
17 26
26 31
38 25
32 26
29 40
33 16
33 25
22 29
24 25
14 25
41 29
15 30
27 24
31 27
16 32
23 33
25 21
24 38
17 19
38 32
30 20
21 35
44 23
28 25
23 29
15 34
27 23
18 26
24 25
28 13
35 25
32 24
29 25
45 19
33 26
32 42
44 25
31 24
17 29
32 30
27 14
30 20
24 32
36 21
26 25
29 38
29 25
22 30
20 26
34 32
31 25
34 25
39 20
18 37
27 31
26 19
28 21
29 30
13 25
31 25
18 30
40 36
33 26
23 37
30 25
43 25
31 29
28 16
24 30
22 26
25 19
32 30
16 25
19 38
29 19
30 32
26 26
13 21
21 25
28 19
19 19
36 32
27 31
39 33
28 30
24 24
32 24
32 19
23 28
39 19
33 26
24 24
20 25
25 19
31 29
31 19
27 31
32 39
24 28
23 39
43 15
25 31
24 18
18 21
21 26
26 25
28 19
37 25
32 21
45 30
27 31
16 27
28 24
40 24
19 25
32 14
29 25
36 19
32 26
30 34
38 25
40 19
28 24
36 39
18 21
30 15
25 28
33 36
25 25
16 38
29 28
42 23
22 19
23 29
39 25
22 24
19 29
30 34
27 31
22 23
24 25
38 41
24 18
32 22
27 30
39 38
19 20
38 27
36 25
29 19
46 21
27 17
27 27
36 27
28 28
36 26
17 25
32 23
29 13
25 27
26 26
32 43
28 25
22 25
23 24
25 33
17 31
27 44
28 25
33 26
17 25
32 21
29 28
20 46
33 26
31 30
29 25
18 25
19 21
22 19
27 28
20 26
23 21
28 43
30 17
19 34
29 27
38 26
16 26
38 20
20 25
19 25
44 29
38 27
19 21
27 28
28 20
42 38
15 15
32 30
29 32
31 15
14 23
33 35
20 22
33 25
38 22
46 16
27 31
19 21
18 32
30 29
22 25
28 38
29 21
22 33
33 23
36 33
24 25
21 13
24 21
31 33
27 16
25 36
20 24
30 21
13 16
20 25
16 22
30 26
27 26
23 22
22 20
18 24
23 29
29 25
22 25
19 37
19 28
30 19
39 24
32 38
29 22
37 44
32 24
27 41
30 25
22 25
41 29
27 36
14 24
29 20
28 32
25 16
27 25
32 26
23 20
19 21
33 26
18 26
16 21
18 25
28 26
46 39
27 31
31 42
28 32
26 31
36 25
32 15
29 30
28 31
30 26
37 19
19 25
23 25
29 24
19 22
27 28
35 34
14 29
42 29
32 20
15 24
29 41
40 21
25 26
26 41
30 22
31 17
13 27
26 34
27 31
21 18
28 29
42 20
20 25
32 19
29 15
29 25
32 26
20 14
30 25
17 17
37 29
23 34
23 23
14 19
14 24
19 36
29 25
20 23
29 32
42 25
33 24
24 33
26 25
40 25
42 13
34 39
27 16
23 42
28 19
42 24
32 14
31 27
28 22
31 42
33 15
20 22
27 22
23 19
27 22
38 25
18 31
28 30
21 18
42 37
43 20
19 16
29 28
39 17
32 21
28 34
33 25
27 25
35 26
37 34
27 25
44 34
26 30
25 21
35 25
23 13
25 27
14 26
24 26
33 29
20 25
21 25
34 28
14 19
27 25
19 43
28 31
25 31
37 25
24 13
29 36
35 13
27 17
36 29
31 25
14 25
43 29
21 15
22 31
22 15
22 26
29 20
28 25
32 29
29 23
25 25
33 26
21 39
17 25
26 25
26 29
25 24
22 27
24 41
28 22
15 16
20 25
24 28
16 26
31 24
18 26
14 44
42 19
36 13
33 29
25 26
27 31
23 36
16 18
24 32
33 25
28 29
28 16
31 37
24 26
44 29
21 25
38 25
31 21
27 37
25 31
38 35
28 21
23 24
43 25
32 38
29 18
39 42
33 26
19 15
39 25
22 25
17 29
16 31
27 31
31 19
28 24
24 31
23 25
32 17
17 25
26 37
17 26
26 24
32 17
36 25
25 25
20 35
26 31
39 23
20 32
23 21
40 25
17 26
29 23
15 36
32 26
30 23
34 24
20 25
39 29
15 37
27 31
17 33
28 32
34 33
29 25
21 28
29 22
27 15
28 26
36 27
44 25
29 25
42 29
40 32
27 25
29 29
28 32
22 36
27 24
32 22
29 37
28 40
28 22
22 31
29 19
28 25
36 26
32 39
27 15
20 27
18 32
42 26
41 15
32 20
29 14
41 34
33 26
35 42
31 13
30 25
31 29
34 22
27 28
24 26
27 13
19 17
36 25
27 28
29 34
37 31
25 26
26 22
23 25
31 25
33 29
23 18
27 28
35 35
22 16
36 19
21 25
21 35
17 30
19 20
33 26
44 26
41 22
40 25
34 24
29 33
24 31
37 35
20 15
42 24
34 24
32 14
29 33
35 25
29 22
25 30
39 25
28 25
46 27
37 24
21 23
22 32
28 32
19 45
37 15
21 26
29 27
40 29
33 26
41 27
33 25
17 25
38 22
19 39
27 31
28 28
28 24
23 31
23 25
32 34
18 16
16 13
18 26
25 20
31 25
34 25
29 28
39 31
25 28
21 28
28 29
15 38
30 25
24 35
29 33
31 30
18 26
40 20
18 25
32 25
29 22
38 33
27 28
35 34
28 17
32 42
30 20
18 34
29 28
38 20
33 24
45 21
20 17
33 25
29 21
21 36
23 31
39 23
18 15
16 36
30 25
32 19
29 34
14 21
33 26
43 32
32 25
34 21
17 29
21 17
22 31
32 43
18 30
38 43
38 17
32 24
29 31
29 25
33 20
44 25
25 25
43 25
17 29
37 31
20 20
46 35
14 32
39 19
18 25
25 18
29 25
22 18
25 17
43 46
25 22
25 25
23 22
15 35
27 31
37 26
26 15
27 29
19 21
21 38
24 27
33 27
15 26
30 24
36 25
25 25
37 29
35 20
25 23
21 26
28 16
20 34
43 21
21 30
25 29
28 37
13 21
27 32
24 25
39 25
20 27
20 39
27 21
30 27
28 32
32 29
29 20
30 16
29 17
21 25
33 25
18 17
41 24
36 24
21 18
35 16
27 31
33 18
28 32
39 36
31 24
29 35
25 24
25 24
33 26
42 27
37 16
22 21
33 22
32 35
27 31
31 34
25 24
37 31
26 25
32 22
28 21
37 46
32 20
14 27
40 20
19 25
37 29
26 26
27 20
20 40
28 27
23 13
26 24
32 38
14 17
37 34
33 26
29 31
26 21
39 25
44 19
30 13
27 20
37 43
28 32
36 23
23 25
26 34
15 22
45 38
33 26
34 44
39 19
21 25
21 29
16 25
27 25
14 27
28 23
34 27
37 20
32 36
29 15
13 40
20 15
43 32
19 25
21 25
13 26
35 34
25 21
31 31
28 32
42 13
24 25
24 20
20 42
16 29
18 24
29 34
19 25
35 25
27 29
34 24
25 15
36 29
28 32
31 33
31 25
17 36
29 44
23 37
24 25
40 34
32 13
39 25
16 29
29 34
27 28
39 29
24 29
24 23
28 25
32 38
24 43
30 21
30 24
19 21
31 17
26 25
40 29
19 33
17 24
16 27
28 32
22 18
23 25
32 38
29 35
27 31
16 26
22 45
37 25
25 25
18 29
31 24
27 31
33 28
28 24
34 36
32 25
32 33
29 32
30 29
26 23
17 17
23 24
23 21
29 29
30 21
27 31
29 18
28 32
34 45
29 25
32 23
15 13
35 15
29 26
19 43
36 21
24 25
19 18
34 14
18 19
22 26
28 25
42 31
22 18
17 33
25 27
19 23
33 23
32 19
33 20
21 20
26 19
45 34
24 18
43 17
28 26
39 36
34 25
14 32
25 44
22 23
33 26
30 15
39 19
35 25
20 24
25 16
27 31
36 40
28 28
18 17
21 25
32 27
29 32
44 28
27 26
44 38
19 22
20 19
37 23
20 27
22 25
34 33
28 32
26 26
31 25
17 29
29 33
24 23
33 21
18 19
25 25
21 25
29 21
37 18
27 31
26 36
28 23
19 26
43 22
27 38
29 40
25 23
13 26
18 33
37 25
23 23
40 27
33 27
27 31
27 33
28 30
28 31
29 25
31 33
18 31
26 34
30 26
27 46
13 25
30 16
45 29
17 26
27 31
25 45
28 32
36 31
22 14
32 38
23 29
19 17
24 26
20 33
20 16
26 25
34 18
19 32
27 15
29 29
28 32
21 23
35 14
27 35
29 19
40 19
30 26
46 28
30 23
24 25
27 29
16 24
27 31
26 37
17 23
28 40
36 25
22 32
29 21
22 28
23 16
32 16
23 25
18 24
28 16
16 29
27 14
41 33
28 32
23 22
18 25
32 30
29 21
24 43
21 26
34 25
13 25
30 25
27 13
34 35
16 31
38 26
28 32
32 37
40 25
17 22
29 24
21 33
33 26
33 19
25 24
21 25
46 24
37 37
26 14
32 17
28 20
29 22
19 18
26 38
29 22
30 30
33 26
22 37
18 25
28 17
16 26
17 26
27 26
34 17
24 13
19 23
43 25
28 38
20 40
29 19
28 17
42 15
34 25
41 25
17 29
17 30
27 26
26 35
28 32
37 27
18 25
24 23
18 27
24 34
33 26
31 37
42 22
33 25
23 24
26 39
20 29
40 27
28 29
13 36
24 25
17 23
29 38
31 45
33 26
26 43
24 25
35 25
23 17
31 38
21 22
27 41
17 32
23 16
25 21
32 38
29 23
18 24
31 26
13 37
16 25
18 25
38 24
31 19
27 31
43 45
28 32
29 18
21 15
20 38
29 31
32 23
19 26
38 34
33 25
43 24
17 28
38 19
27 15
30 39
25 32
40 32
22 25
32 29
29 36
31 19
33 18
31 42
28 25
29 25
22 17
45 29
27 31
29 32
28 31
27 19
31 25
32 25
26 25
25 22
23 26
14 17
23 20
23 25
20 13
40 35
27 31
16 29
22 24
40 27
34 13
29 35
28 34
27 25
17 26
31 23
25 25
23 25
33 17
26 33
27 23
38 13
23 23
31 36
31 25
32 18
23 36
22 29
22 25
33 36
38 22
23 25
39 18
32 24
23 20
21 31
17 32
29 32
30 23
32 38
14 22
21 28
33 26
23 19
27 25
32 25
21 26
33 39
25 30
46 31
19 13
39 32
28 25
32 37
17 19
20 19
19 26
29 31
25 25
38 22
19 29
25 34
27 26
28 32
28 32
33 37
33 20
29 16
29 26
36 45
28 26
31 23
26 20
19 19
27 22
37 28
27 27
20 18
14 27
38 45
38 25
25 38
29 42
24 38
33 26
18 28
36 25
25 25
28 29
28 33
27 24
28 39
25 22
27 15
42 25
24 37
27 35
39 41
18 26
33 23
30 25
35 25
20 19
36 30
27 31
32 29
28 32
27 28
23 18
32 36
29 41
19 20
30 20
18 16
24 22
19 25
39 18
25 27
27 29
25 31
28 32
32 35
29 17
31 34
17 25
34 29
31 26
13 14
26 25
33 25
34 29
21 23
21 31
44 41
28 15
30 31
27 25
32 28
29 33
33 14
18 22
46 26
31 18
40 20
38 25
23 22
27 15
40 23
28 31
31 21
40 25
23 29
21 32
35 25
26 26
26 19
30 25
34 25
30 25
27 21
27 31
28 37
23 25
14 25
32 18
30 38
26 28
21 19
18 26
40 20
30 25
39 25
20 29
36 23
25 31
25 39
26 32
16 27
41 19
32 22
29 40
25 42
22 26
24 26
30 24
33 24
28 29
24 34
22 20
34 26
28 19
23 29
29 15
14 24
23 23
44 23
19 26
43 33
39 25
22 24
35 22
23 22
18 31
31 36
18 32
18 41
39 25
23 27
29 13
35 22
33 22
29 29
21 25
31 25
36 17
40 30
27 28
38 28
28 26
26 43
23 25
31 33
29 31
35 25
33 26
26 34
24 25
33 23
32 27
19 39
27 31
35 16
28 32
41 29
19 25
30 32
25 28
17 21
32 26
40 26
26 25
41 20
21 17
25 39
27 27
41 31
28 24
38 24
30 25
32 20
29 46
42 37
21 13
13 36
16 25
30 25
35 29
41 36
25 31
20 24
28 32
21 29
37 25
32 38
29 28
17 23
32 22
19 28
28 25
20 25
32 24
27 39
27 31
24 36
22 32
20 39
15 25
26 16
29 30
34 27
23 20
17 22
17 25
35 25
35 29
46 16
27 20
22 33
25 17
21 45
29 25
21 38
29 28
31 25
33 20
34 28
27 19
28 25
29 29
30 32
16 31
16 33
14 28
21 31
41 25
16 21
29 32
44 40
14 21
32 36
33 25
29 24
44 29
27 22
27 31
16 34
28 32
42 22
26 25
31 38
22 30
31 24
30 24
34 21
29 21
18 19
22 28
34 34
27 26
27 23
28 26
33 31
15 20
32 38
29 27
13 32
30 18
15 36
39 20
38 25
16 29
31 31
27 29
41 33
28 22
23 19
41 25
32 26
19 27
20 41
33 22
31 21
22 25
41 25
29 28
19 19
27 31
31 26
28 31
26 32
19 19
28 37
22 20
26 18
33 24
23 27
22 25
21 25
40 29
24 19
21 16
21 25
14 30
20 35
33 25
17 38
16 41
31 26
27 26
43 27
21 25
20 25
44 25
26 32
27 31
29 24
28 26
38 38
40 19
25 20
29 27
30 30
33 26
17 15
34 25
17 20
32 18
34 20
16 26
38 35
18 32
24 26
31 25
32 30
15 15
46 30
25 18
35 27
14 25
32 25
32 29
24 32
27 23
38 41
27 17
42 33
42 25
32 29
29 31
32 17
30 21
26 37
20 25
34 25
15 29
27 28
26 31
40 23
28 28
33 38
14 25
24 23
23 22
20 23
21 16
46 21
42 25
39 25
43 20
16 30
27 16
25 22
28 18
31 23
23 25
20 24
13 30
41 45
18 21
21 27
24 22
33 25
39 29
22 19
27 29
33 30
23 30
41 35
40 25
28 16
22 45
23 27
27 15
32 22
13 22
43 25
13 26
28 17
25 31
32 29
28 22
38 34
28 25
32 23
29 46
32 18
19 26
20 40
31 19
36 18
14 29
16 28
20 31
43 44
28 13
23 16
20 23
29 35
29 21
21 34
33 26
36 19
37 25
23 25
15 29
31 20
27 29
19 35
14 27
28 37
27 25
22 23
29 24
25 25
31 15
39 44
34 25
41 23
26 13
14 15
26 31
35 21
19 25
39 38
17 25
17 33
18 26
43 37
17 26
21 34
44 25
18 25
26 24
25 34
27 31
35 22
28 19
26 33
41 25
17 23
29 21
31 28
32 22
42 26
29 25
25 25
15 24
17 20
19 27
45 35
28 32
34 16
33 25
32 29
29 40
34 30
33 26
43 15
36 25
35 25
39 15
29 35
18 27
24 33
20 21
40 31
22 25
25 34
21 31
22 32
19 26
46 23
35 23
42 25
29 20
29 35
27 31
19 36
28 32
42 34
41 22
18 22
29 30
45 40
33 16
21 35
18 25
19 22
34 28
25 37
20 31
36 16
20 32
40 25
14 25
32 27
29 31
28 15
32 26
15 34
17 23
20 23
37 15
26 28
27 31
24 35
26 19
31 29
30 22
17 28
29 32
24 32
33 26
34 17
33 25
34 17
26 22
22 19
19 30
24 40
28 31
24 30
29 22
32 38
14 36
38 20
31 26
17 20
31 25
27 25
44 29
33 19
20 13
18 30
28 32
27 34
20 23
32 38
29 26
24 15
33 23
24 35
35 25
28 25
26 29
35 21
27 31
46 34
28 32
17 30
26 18
27 38
15 18
26 23
24 17
30 33
26 25
35 24
17 15
34 25
16 31
32 31
28 16
20 45
29 13
32 38
25 39
26 24
33 26
46 18
30 25
38 25
24 29
37 26
26 18
23 28
28 23
41 20
33 25
28 37
29 27
28 16
23 15
28 43
42 25
15 25
30 26
39 24
27 22
13 34
28 30
24 35
32 21
30 21
29 21
15 19
33 15
26 36
28 25
13 25
28 28
28 35
24 31
24 25
18 20
42 43
34 25
32 38
22 29
21 25
30 25
30 20
26 25
13 25
33 29
21 26
19 27
41 43
24 17
31 41
35 16
22 31
29 33
39 13
21 26
37 30
33 25
29 25
29 29
28 39
27 19
23 26
23 22
28 37
17 21
21 38
29 28
35 33
33 26
23 39
19 25
20 18
20 25
22 26
18 19
31 27
28 32
20 16
37 24
30 38
29 26
27 31
24 26
38 29
26 21
39 20
22 29
32 15
27 29
24 40
28 25
38 39
30 21
32 21
23 19
34 40
29 26
42 13
41 25
22 25
25 21
42 20
20 24
26 24
24 32
31 38
28 25
27 38
29 34
26 24
28 26
16 42
32 21
31 25
39 23
23 24
27 31
23 20
28 32
19 29
38 23
16 28
29 21
38 24
33 25
36 42
24 23
25 25
33 26
22 35
27 31
16 21
21 32
24 21
24 18
31 13
29 26
24 21
24 26
44 14
34 25
28 18
40 29
43 37
27 17
26 27
20 32
20 22
18 25
24 31
29 28
16 37
26 26
18 37
28 19
30 24
22 22
42 13
27 19
23 31
28 32
42 13
35 25
13 27
29 15
32 45
28 26
31 27
14 25
26 16
40 29
43 35
27 31
34 37
28 32
22 30
26 25
17 36
22 26
41 39
22 26
36 27
37 25
22 22
41 29
26 20
26 31
18 26
27 30
21 41
36 15
19 35
29 30
41 16
27 26
34 26
34 25
30 25
38 27
37 15
26 31
21 39
25 23
19 23
29 24
19 38
17 19
35 34
33 26
22 33
22 25
27 25
17 20
37 39
19 30
35 46
28 19
28 23
28 25
32 13
29 32
32 29
33 26
32 31
33 25
24 17
26 29
32 26
27 29
43 13
19 26
22 32
18 25
32 38
29 37
28 35
33 26
29 23
29 16
27 25
37 26
37 21
27 15
25 14
26 21
33 26
26 25
32 13
29 33
20 39
24 20
38 29
31 15
34 20
29 14
37 13
19 22
27 20
28 23
36 40
22 15
26 33
29 37
13 28
33 24
19 28
40 18
24 25
32 28
37 39
18 31
39 35
20 16
26 38
28 22
31 29
29 35
21 13
33 26
16 42
28 25
42 25
45 17
41 32
27 31
36 40
28 32
42 27
26 25
25 38
13 34
30 41
22 22
15 43
26 21
38 17
31 25
32 24
25 31
32 22
28 15
14 23
38 25
27 25
29 33
26 22
28 22
33 40
33 25
22 25
32 29
29 21
27 28
27 19
27 32
25 45
18 25
24 21
21 20
27 24
28 25
25 28
35 21
19 22
26 20
30 13
27 28
24 24
28 26
34 14
23 18
32 25
13 44
13 38
33 25
29 31
44 25
33 25
13 29
36 35
26 25
27 23
21 13
25 20
23 23
28 28
29 19
27 27
27 26
39 29
13 25
25 16
35 29
25 19
20 31
19 23
28 21
40 18
41 25
29 30
28 39
27 28
32 26
32 27
30 19
26 13
20 29
20 30
27 26
18 19
28 27
42 26
24 25
30 33
29 37
21 43
25 16
36 30
32 25
34 25
20 29
31 30
24 31
25 14
23 32
23 34
27 25
23 38
19 43
35 44
33 26
19 35
31 25
16 25
26 29
26 39
27 31
46 34
28 25
29 36
24 25
20 21
29 31
40 43
32 26
25 29
44 20
31 25
39 26
36 20
27 31
29 34
28 32
29 36
19 24
32 35
29 33
35 27
26 26
15 21
40 25
31 25
40 29
21 18
27 19
17 15
28 32
19 34
37 25
23 17
24 39
21 22
14 14
13 13
23 18
25 21
46 29
17 32
27 26
43 22
28 32
27 29
28 18
32 38
14 24
35 33
23 26
34 23
23 20
31 25
18 15
17 36
27 29
26 28
28 32
13 32
42 25
32 38
29 35
46 25
29 26
37 33
23 20
28 21
32 24
26 26
27 28
42 25
20 30
22 39
22 25
19 17
16 35
39 35
22 26
41 13
20 22
17 24
28 18
18 22
24 31
35 40
23 19
40 20
36 25
31 34
23 46
44 20
23 24
36 15
33 25
43 25
26 29
26 20
27 15
29 20
28 32
26 16
27 25
32 18
29 19
23 39
20 26
33 16
28 25
21 14
34 29
30 37
27 29
35 29
16 14
25 22
23 25
24 38
29 30
33 25
20 24
18 23
43 23
15 25
41 25
19 35
21 22
29 22
13 20
26 24
32 25
25 21
27 36
24 22
16 25
19 41
26 25
29 25
23 19
15 27
27 26
16 30
28 28
27 13
31 25
32 24
29 24
34 22
32 26
28 29
21 23
17 20
45 21
45 39
27 31
37 42
18 19
32 34
43 25
21 19
22 25
37 15
33 26
22 36
28 25
38 25
36 26
37 27
27 31
30 21
28 32
23 27
43 20
30 26
20 39
36 45
29 24
21 22
25 25
43 25
31 29
35 21
16 27
14 29
28 23
23 21
37 25
24 22
23 37
23 42
33 26
46 30
41 25
32 22
35 16
19 30
27 22
18 19
28 28
14 44
16 25
16 25
18 39
15 36
20 16
21 39
28 23
28 25
37 19
44 21
27 31
18 34
28 32
32 16
20 25
32 38
18 18
36 37
33 26
23 23
41 25
33 25
18 27
20 20
27 29
32 29
23 29
29 34
33 25
31 26
20 32
29 20
19 21
29 38
24 25
43 25
24 26
21 26
22 24
22 27
21 22
38 24
22 25
25 37
26 44
27 24
33 17
31 22
28 25
32 25
38 29
22 24
27 20
23 35
23 32
25 19
14 25
32 28
20 31
19 25
33 26
41 42
31 13
19 25
33 29
25 34
27 18
13 38
28 26
36 25
29 25
13 24
29 22
34 34
26 26
45 37
22 24
37 25
17 29
21 31
27 24
36 30
28 13
16 22
27 17
21 26
20 35
31 36
29 26
16 33
25 25
43 25
17 24
28 37
17 27
24 16
23 32
32 30
32 21
27 35
29 28
40 25
33 25
19 26
17 25
36 25
28 15
29 23
27 17
21 24
27 19
32 39
24 25
32 25
29 16
31 23
20 26
39 16
31 24
42 20
37 26
32 39
27 23
35 23
28 32
32 39
20 25
32 35
18 15
23 20
22 26
31 44
22 21
43 25
26 29
40 38
27 31
17 36
23 30
40 23
32 25
26 24
29 33
40 27
18 26
41 35
34 25
15 14
13 29
38 30
19 31
29 36
28 32
42 33
20 25
32 34
21 33
32 26
31 26
25 14
35 25
40 24
19 29
39 21
27 17
18 27
22 26
29 13
18 25
32 27
28 15
24 23
33 25
14 29
24 24
21 25
31 29
31 38
27 31
34 26
25 25
32 34
35 25
26 21
14 34
37 43
22 26
21 22
26 16
23 20
34 29
34 26
27 31
16 32
28 32
38 34
25 25
20 18
25 35
23 27
30 26
31 33
33 25
25 25
30 20
32 39
27 29
23 28
13 32
21 26
31 17
17 24
29 18
14 31
33 26
17 28
18 25
14 25
24 24
26 29
22 17
40 23
25 28
25 34
19 19
32 19
21 19
19 14
33 26
27 32
30 25
37 20
23 28
39 20
27 14
31 27
28 32
16 31
33 22
32 32
13 39
24 27
23 26
43 39
19 16
24 25
17 15
25 27
27 15
28 34
19 22
42 31
39 20
22 20
28 34
15 26
33 26
24 19
36 25
25 25
30 29
26 30
23 20
26 24
15 32
36 27
36 25
24 25
22 24
24 29
15 19
15 28
33 23
28 25
29 29
46 15
27 31
34 17
19 15
40 40
23 19
32 38
24 43
17 35
21 26
26 20
31 25
30 25
22 29
38 27
27 21
15 20
27 27
37 44
32 23
24 18
29 25
43 41
23 26
33 36
29 21
27 16
25 23
29 33
27 18
32 25
28 25
21 18
32 25
26 26
29 43
17 38
28 22
33 17
23 16
30 25
19 29
31 30
27 31
15 30
28 27
35 31
29 25
32 38
29 22
35 23
28 26
24 21
21 25
21 25
31 26
40 15
27 31
24 43
24 26
22 29
26 25
26 38
16 34
38 25
33 21
38 25
42 25
38 25
40 29
26 27
27 28
42 36
18 19
18 29
30 25
19 31
28 33
19 36
32 25
34 31
20 25
43 25
34 26
31 15
17 28
17 32
28 32
22 27
38 25
16 33
29 28
41 36
25 22
22 27
22 25
15 21
23 29
27 35
24 24
23 34
28 32
42 15
34 16
32 37
29 18
31 19
33 26
24 19
28 14
31 25
36 29
21 33
25 25
41 15
28 32
23 14
22 25
30 38
21 22
27 19
33 26
23 31
21 23
27 25
30 23
26 14
25 31
40 27
28 32
26 24
20 25
32 30
29 41
37 18
33 26
37 40
19 21
24 25
17 24
45 15
27 31
17 19
26 21
32 15
28 25
31 33
22 30
39 37
21 26
20 18
27 25
30 25
24 29
22 17
27 31
26 34
28 30
32 31
20 25
25 31
22 21
28 38
31 25
36 29
25 25
18 25
19 21
20 38
27 20
45 25
13 32
16 28
21 25
30 38
24 25
30 45
16 26
26 22
29 25
36 17
21 29
26 20
22 20
32 24
23 32
42 31
31 25
32 27
29 36
20 17
33 18
33 32
18 17
43 20
29 29
23 36
27 25
30 28
28 17
24 22
23 18
32 25
25 35
29 14
32 14
39 19
28 25
27 25
21 29
24 38
17 19
35 29
28 18
38 13
25 17
32 38
22 32
38 25
23 26
45 26
31 25
35 17
32 21
21 26
26 30
35 36
28 20
36 21
26 25
20 35
20 18
42 39
33 26
26 29
24 22
28 25
28 24
37 24
24 31
31 30
28 13
27 15
30 25
30 38
24 33
45 24
13 26
41 30
40 25
21 25
19 28
26 36
27 26
32 20
28 32
35 16
27 25
24 38
29 18
43 34
25 24
31 45
15 25
38 25
40 29
15 31
14 28
19 21
28 28
42 31
43 25
26 17
19 27
26 27
25 13
19 17
39 17
29 24
13 18
27 32
27 22
43 35
28 17
16 26
29 25
32 33
29 19
36 41
29 26
16 19
17 24
14 25
13 21
21 36
15 23
33 15
28 29
41 29
30 25
20 30
18 27
27 39
28 20
35 35
44 25
39 15
17 29
36 28
19 28
35 42
28 24
18 26
43 25
32 16
23 31
22 25
29 17
23 29
19 19
29 25
20 29
26 20
27 25
26 28
22 31
42 35
43 15
30 38
24 19
23 22
32 26
21 33
44 25
15 25
37 15
19 32
27 31
43 14
28 24
33 30
29 20
22 19
29 24
37 33
25 14
13 27
27 25
22 13
30 19
23 28
27 25
31 21
24 21
40 16
29 25
32 25
27 40
38 31
33 14
28 37
13 24
22 25
33 29
15 27
25 17
25 36
28 16
24 19
15 19
27 16
29 27
16 20
26 26
39 35
27 25
38 25
42 25
14 15
21 31
26 35
28 22
25 45
32 25
32 18
29 29
35 28
15 26
21 26
38 25
42 25
23 27
38 15
27 20
16 30
28 24
18 22
41 25
24 38
20 39
18 32
19 19
38 19
25 25
40 19
31 24
32 35
27 17
28 36
27 32
42 36
35 19
32 29
29 38
31 13
30 20
23 22
21 25
38 25
25 29
19 24
27 31
31 33
28 22
14 33
20 14
21 24
29 41
38 31
25 22
45 13
35 25
41 25
25 29
39 20
22 22
22 32
28 16
31 32
28 15
32 19
29 29
15 25
33 21
37 19
44 25
35 25
21 29
25 35
27 31
44 20
24 32
26 24
28 25
25 38
29 38
34 32
33 20
29 26
22 25
36 18
21 15
23 28
27 31
39 31
21 17
24 27
16 18
32 30
29 32
41 28
27 26
36 23
29 25
24 25
32 29
32 25
27 18
33 22
28 26
42 14
31 15
25 21
25 18
34 36
22 26
35 46
13 25
34 25
29 29
33 24
18 20
27 34
28 29
32 14
37 24
20 21
29 42
17 34
32 21
44 21
32 25
20 25
45 24
31 39
27 25
38 37
22 20
29 20
32 20
16 33
29 21
16 24
18 26
45 37
30 25
41 25
26 25
23 39
19 31
35 29
28 30
18 13
13 25
21 29
20 18
20 30
28 26
25 32
26 25
26 25
32 29
41 24
23 26
42 32
23 32
23 22
25 25
32 27
29 35
31 32
22 19
28 29
17 25
31 25
16 26
22 22
21 22
14 24
28 30
28 24
29 17
32 24
27 31
31 33
15 26
27 22
35 25
29 25
27 27
38 25
27 20
26 27
28 32
20 24
25 25
24 38
22 43
42 30
18 25
40 15
41 25
22 25
37 29
32 39
15 31
22 32
21 26
19 36
36 25
26 30
29 16
22 18
28 26
27 22
35 25
39 25
32 20
20 32
27 31
30 32
18 30
34 30
21 19
25 35
29 24
26 14
24 23
30 43
28 18
34 25
38 29
28 23
27 31
25 35
28 30
31 32
36 18
32 38
29 25
29 19
29 26
45 42
25 25
25 20
20 18
20 21
27 31
22 35
28 24
35 29
19 25
32 17
29 32
32 24
33 26
46 42
32 24
15 25
30 29
20 17
27 13
22 22
15 29
37 27
24 25
32 37
17 28
35 29
19 21
23 28
40 25
43 19
35 29
29 39
27 31
39 24
26 26
33 39
21 25
28 38
29 22
32 30
29 26
36 34
36 25
30 25
17 27
37 28
27 31
33 37
24 32
36 21
21 25
14 31
15 20
43 27
23 26
30 43
36 25
41 25
46 17
40 39
27 31
22 33
27 16
37 22
29 25
30 27
29 16
31 20
30 26
19 27
25 15
28 25
18 29
41 18
26 31
30 38
28 32
29 37
24 25
32 22
29 14
15 16
25 26
15 23
37 15
35 14
23 28
37 30
27 17
22 23
28 13
33 20
26 24
32 25
21 34
27 42
22 19
38 29
44 25
43 25
23 15
27 27
27 31
24 23
28 27
24 32
26 25
17 38
20 43
43 14
15 26
15 28
40 24
28 17
35 28
20 37
27 14
25 39
22 32
19 20
34 22
29 19
29 29
32 34
19 26
15 29
37 25
37 25
15 19
26 24
27 26
33 23
20 25
15 21
43 19
28 27
23 34
25 17
33 26
23 19
29 20
43 22
31 16
29 30
27 25
13 31
24 32
32 38
25 17
31 38
29 40
21 33
33 25
38 22
15 22
39 25
29 14
46 30
27 23
36 22
20 32
20 16
33 25
27 25
24 17
18 18
33 26
23 13
35 23
26 25
29 29
31 19
25 31
27 33
20 21
28 36
31 13
32 31
29 35
21 24
13 22
25 27
24 20
32 25
23 17
15 24
27 31
35 31
25 32
19 34
26 25
32 33
25 22
30 24
33 22
35 41
31 24
22 25
42 26
36 20
27 15
29 22
23 22
20 21
34 25
32 25
23 44
37 32
33 26
37 39
26 25
16 25
30 18
40 28
27 31
39 33
28 22
42 17
20 14
32 38
24 24
34 33
25 26
23 16
23 25
23 19
37 29
22 19
23 31
20 26
22 26
17 29
16 25
19 38
29 21
41 25
27 23
16 33
40 25
43 23
29 23
29 37
27 23
41 32
28 28
29 21
31 25
32 25
20 33
40 36
29 26
26 36
17 15
41 21
43 29
38 39
27 26
25 25
19 20
22 25
35 17
32 30
20 20
38 37
25 26
26 36
20 24
41 25
21 29
39 28
27 29
30 39
24 27
25 22
24 25
30 36
29 35
40 43
17 23
37 20
21 25
23 25
31 16
40 20
27 31
27 38
28 32
24 21
23 20
25 38
29 28
31 45
21 26
26 20
42 23
26 25
36 29
34 29
26 31
45 17
28 24
28 37
30 25
32 18
17 23
46 30
26 26
37 34
41 25
43 25
32 24
18 37
27 31
21 29
26 32
23 33
41 20
32 31
29 32
43 29
33 26
35 14
20 25
17 25
18 29
29 36
20 31
27 32
25 31
27 27
30 25
16 25
14 27
43 15
23 26
34 25
34 25
41 25
38 21
22 36
24 31
36 26
28 13
21 27
41 22
32 20
19 26
32 35
19 14
19 25
21 25
22 18
34 27
32 21
17 21
43 23
15 32
25 29
27 25
20 37
29 20
21 33
31 20
28 23
18 17
42 18
26 27
32 13
23 22
33 31
26 30
42 23
15 16
32 24
26 17
25 46
21 19
30 15
30 23
25 21
18 29
26 19
19 24
39 16
28 20
32 40
29 25
24 38
29 34
25 32
24 13
32 34
33 25
21 25
29 22
19 16
27 31
35 31
28 32
23 22
31 25
32 22
29 34
24 19
30 26
25 25
21 25
27 25
23 29
16 22
23 22
32 17
28 32
28 34
22 25
27 37
14 24
16 15
31 26
17 29
38 25
24 14
27 21
40 33
27 31
35 25
26 32
42 25
24 19
31 37
29 42
28 37
33 26
17 17
23 24
20 25
23 19
30 25
16 22
17 18
25 32
42 15
27 25
25 17
29 37
21 14
28 26
44 44
29 25
30 24
37 29
36 29
27 31
40 30
28 16
17 29
17 20
26 26
20 27
30 19
14 24
37 33
37 25
19 21
22 28
23 31
27 22
24 29
25 32
24 37
27 22
18 32
29 33
39 44
32 26
26 27
30 17
31 25
17 19
33 17
27 18
29 36
22 31
20 28
34 25
32 22
29 18
20 29
17 25
14 29
25 25
26 25
30 29
32 22
25 31
37 23
28 31
20 28
17 25
24 24
29 33
30 27
33 22
44 17
35 19
32 25
18 22
33 16
26 20
21 25
21 32
28 34
24 25
32 17
14 29
46 30
25 26
27 40
21 25
32 25
33 29
23 38
19 30
26 22
28 32
38 30
19 25
32 23
25 34
18 35
18 21
31 28
31 14
30 25
37 29
45 15
19 28
28 19
23 32
27 45
21 25
25 32
19 43
14 26
29 26
27 26
25 21
14 25
15 29
40 27
24 24
25 20
26 31
21 37
41 25
32 32
21 29
13 45
28 26
23 29
43 25
38 25
24 28
29 34
27 31
26 22
25 24
36 17
21 25
28 37
29 34
36 29
23 26
19 24
22 14
28 25
32 29
22 36
27 30
42 34
28 32
33 21
20 25
21 15
21 41
42 19
20 26
25 38
30 25
35 25
32 28
42 16
27 25
42 34
28 24
40 38
21 25
24 30
29 25
30 25
32 26
17 23
35 25
19 25
27 29
26 39
27 19
44 35
28 20
32 36
27 25
27 38
29 38
23 22
30 26
22 24
43 22
20 25
31 14
13 33
20 25
27 39
28 32
23 29
30 25
32 18
29 21
36 31
33 19
37 33
44 24
34 25
32 28
44 39
21 17
38 34
19 32
40 29
30 25
32 24
19 30
13 32
33 26
17 37
44 25
43 25
20 24
43 37
20 30
38 27
28 32
41 34
37 22
32 28
20 38
36 27
33 23
21 36
44 25
39 25
17 28
45 38
27 31
19 14
28 24
30 28
24 25
32 31
29 34
19 14
25 21
40 45
30 25
19 25
13 20
44 27
27 24
25 26
28 17
30 43
38 14
25 33
25 33
33 30
33 26
17 29
25 25
15 13
19 29
19 35
16 17
25 34
28 23
28 38
21 25
32 28
25 33
29 27
13 23
33 24
15 23
32 22
23 26
19 16
27 31
40 17
18 28
33 21
18 25
18 25
29 35
36 30
33 26
30 21
26 25
43 25
27 29
31 29
20 22
34 37
24 30
15 31
24 25
32 31
23 25
27 33
19 23
24 40
32 24
20 23
18 29
15 24
26 15
35 19
26 29
38 29
27 25
20 38
29 29
22 27
26 26
20 28
32 22
43 17
16 29
21 23
27 31
28 27
16 32
21 25
24 25
32 33
24 24
29 39
33 23
23 25
26 25
22 24
30 26
40 24
26 31
28 32
20 32
29 33
39 25
32 30
18 23
27 26
22 24
30 17
42 25
30 25
41 29
26 24
23 27
24 23
28 20
38 37
25 18
27 38
22 36
40 26
24 26
18 26
44 25
14 25
21 19
33 31
27 28
33 28
24 16
33 24
23 25
25 23
21 18
26 27
24 26
38 30
42 22
13 25
36 29
46 24
27 27
36 28
22 18
31 27
30 25
23 35
23 23
30 22
30 26
27 27
44 25
43 25
25 25
18 25
23 31
26 39
28 29
14 29
21 25
32 21
23 20
41 36
20 25
32 15
33 25
29 24
36 29
19 30
27 30
45 26
28 32
27 33
41 25
26 28
29 27
23 31
26 22
21 19
20 25
20 25
45 29
38 32
27 31
38 28
28 28
42 27
21 25
26 28
29 32
21 22
33 26
40 40
27 25
34 22
32 29
23 34
20 29
22 28
24 24
37 35
35 25
32 17
23 29
23 37
20 18
31 21
23 25
42 25
22 20
23 31
27 19
28 22
28 20
24 14
28 25
32 30
29 29
23 23
28 26
30 31
18 25
33 25
17 29
41 16
27 30
35 34
21 24
40 27
43 25
18 26
28 33
31 37
17 26
34 20
37 25
29 23
28 29
37 25
27 25
28 40
28 32
24 20
41 25
19 35
22 40
14 23
30 13
13 37
32 19
43 21
28 29
45 32
20 25
17 33
24 19
33 22
34 21
26 28
15 30
36 17
33 26
19 43
19 25
23 25
29 22
30 39
21 31
36 16
28 32
24 16
29 13
18 30
29 20
42 37
25 26
38 30
22 21
18 25
25 29
18 24
27 14
36 28
28 19
32 17
21 21
26 38
29 27
39 28
29 26
20 30
35 25
43 22
24 29
33 30
21 19
37 28
28 30
25 32
27 23
24 21
20 17
34 33
22 26
41 21
24 25
23 25
43 29
29 32
26 17
40 20
28 18
27 27
38 23
32 22
29 32
38 25
16 21
22 22
26 25
43 25
22 29
18 24
27 29
21 21
28 24
26 44
36 22
31 35
23 40
29 39
17 26
18 19
38 24
26 16
30 24
40 31
24 31
45 30
28 22
31 41
16 25
22 28
28 21
31 30
19 26
18 37
23 25
19 24
40 29
39 36
24 31
28 37
14 30
30 18
42 25
32 14
17 25
28 21
20 26
22 19
34 25
35 25
22 29
35 27
27 31
40 33
28 32
29 30
23 15
32 37
27 25
24 19
33 26
20 37
17 25
18 25
22 29
17 19
27 31
21 35
20 19
23 32
34 25
28 30
29 35
18 24
33 26
21 20
16 25
32 25
15 29
24 16
27 31
17 43
16 32
21 23
27 23
32 23
29 20
35 27
33 26
41 40
34 25
41 25
33 23
18 37
23 28
36 26
15 13
28 18
27 15
21 15
29 27
35 15
32 26
44 34
24 25
34 22
28 29
27 20
27 26
38 33
28 30
18 22
43 15
20 31
18 20
38 19
20 20
29 21
41 25
23 23
28 25
22 17
27 31
28 33
28 32
41 34
43 25
16 32
29 31
31 23
28 26
28 42
15 25
39 25
38 22
29 36
27 31
27 38
28 32
38 27
23 17
32 24
29 26
27 18
29 22
22 46
32 25
34 25
42 29
33 18
26 18
18 25
26 28
40 33
43 25
32 22
29 30
20 30
17 26
25 34
18 25
30 23
31 23
30 24
25 23
25 32
28 32
21 35
18 25
15 35
21 27
15 20
13 17
38 32
32 25
23 25
26 29
24 21
27 20
46 22
28 32
31 30
33 25
18 25
21 23
26 29
23 26
25 34
32 18
20 20
38 19
29 31
21 31
41 36
28 31
30 20
21 19
22 30
29 45
21 14
26 26
30 42
34 25
26 22
31 29
32 21
27 31
28 30
16 32
30 21
32 25
22 22
20 22
36 39
33 26
38 30
21 25
21 25
26 18
35 39
27 31
14 27
16 32
20 27
13 25
23 38
17 22
31 30
22 17
15 26
35 24
13 25
21 29
39 39
21 29
29 13
13 32
31 27
25 25
25 28
29 34
31 18
33 26
25 31
35 25
26 22
46 27
25 39
26 23
39 18
28 22
17 45
39 15
32 31
29 38
22 28
23 26
26 26
34 25
33 25
22 22
24 35
22 31
14 45
19 32
40 25
29 24
32 31
16 22
31 25
25 26
25 44
41 25
21 25
24 25
38 17
24 18
16 36
28 32
42 31
28 25
18 15
29 40
15 17
33 26
40 36
34 20
21 25
30 15
31 30
27 30
17 39
28 20
13 27
27 14
32 38
29 27
33 32
31 26
23 37
41 25
29 25
34 29
17 30
27 31
16 21
28 27
17 18
26 25
32 36
29 30
40 26
20 26
42 18
29 25
24 23
35 19
43 24
22 31
24 32
15 27
39 41
24 25
32 20
16 16
34 16
33 21
29 35
22 25
34 25
32 29
16 39
27 30
20 21
28 28
20 41
25 19
29 28
29 42
36 31
23 23
22 37
23 25
19 25
29 17
28 24
27 31
36 18
28 32
33 36
21 25
29 22
29 34
36 28
33 26
31 28
26 25
37 25
15 24
44 34
27 26
43 25
28 32
16 32
15 25
32 25
22 18
45 45
14 26
36 27
28 18
31 24
38 29
16 31
24 20
32 44
15 32
33 21
21 25
27 16
19 41
31 40
21 22
30 22
43 25
28 25
30 29
46 34
27 31
22 19
21 18
19 27
26 16
15 21
29 29
34 19
33 26
27 30
20 25
43 23
16 24
38 27
27 16
34 27
22 17
17 27
35 25
16 38
29 24
40 27
26 18
21 34
22 25
37 25
36 29
18 24
27 16
23 31
14 17
29 23
37 19
25 38
29 14
17 42
22 22
21 39
44 17
27 17
29 29
36 33
18 29
26 16
28 29
36 26
35 25
27 26
18 27
31 15
16 17
34 28
24 25
26 18
17 22
33 35
27 23
21 25
28 32
34 24
29 25
32 18
29 40
43 33
33 26
24 39
25 22
43 24
20 29
17 27
27 30
31 33
28 32
23 18
31 25
27 19
28 24
41 35
20 21
24 26
30 24
32 13
35 29
29 34
27 31
24 17
28 32
21 24
25 25
24 25
24 25
44 18
32 26
31 43
15 25
43 25
23 20
25 29
27 28
22 42
20 32
30 29
31 25
26 38
13 21
38 37
33 26
38 28
28 25
37 25
13 29
18 30
16 27
20 37
28 32
34 28
38 22
13 34
23 41
33 35
33 26
21 15
19 25
23 25
39 29
16 19
27 27
42 18
28 16
34 38
34 25
23 38
14 35
33 29
24 26
36 21
28 25
22 25
28 14
27 37
16 31
25 33
14 32
30 27
39 24
32 28
27 14
23 34
33 24
32 26
18 25
37 25
18 25
17 24
27 25
23 13
22 22
34 17
14 25
28 38
15 36
26 21
21 16
24 42
32 25
39 25
32 27
32 39
27 27
34 21
23 26
24 29
34 25
26 14
22 39
20 31
13 26
27 18
25 14
28 25
25 29
21 28
27 21
35 30
28 28
25 24
26 25
32 17
29 20
23 25
23 21
42 41
30 25
30 16
23 29
44 21
19 31
35 33
28 16
30 36
30 23
31 23
29 14
42 30
31 26
19 28
24 25
31 25
27 29
31 19
27 17
24 23
28 32
17 45
26 25
32 27
29 38
22 37
32 26
31 27
36 24
20 25
27 29
24 37
27 31
15 31
14 32
28 32
26 25
17 19
27 25
40 42
24 20
26 17
30 25
28 25
27 29
23 22
23 31
17 27
28 23
26 32
31 25
27 25
29 34
33 32
32 26
20 26
28 25
20 18
28 22
17 23
27 31
13 23
28 22
34 27
25 25
32 28
29 19
21 22
33 26
22 41
28 25
36 25
20 29
39 25
27 29
39 39
26 32
23 19
28 25
21 27
26 33
20 17
18 26
26 30
41 25
26 25
20 26
34 30
27 24
35 21
28 32
31 44
20 25
32 25
29 28
35 14
32 26
32 17
44 22
24 25
26 29
26 37
27 31
25 33
28 32
21 29
38 25
27 26
18 28
27 24
33 23
34 28
15 21
43 15
18 17
23 20
27 19
23 36
27 25
19 25
27 25
32 30
23 42
33 30
33 22
35 39
17 23
35 22
27 29
43 31
27 27
30 41
17 30
42 31
33 25
32 38
29 21
17 16
23 26
21 39
18 25
20 13
44 29
20 32
27 31
30 32
28 19
28 45
33 25
27 31
28 20
16 19
33 19
30 16
44 25
17 25
22 22
20 19
27 19
38 23
28 29
28 26
19 25
32 25
29 36
20 29
15 26
32 25
44 25
31 19
21 20
15 39
19 25
28 31
20 13
27 21
28 16
25 14
25 21
33 32
15 26
26 21
43 25
43 25
16 29
28 34
27 19
30 43
24 25
20 28
16 17
26 35
27 14
18 24
31 19
16 31
23 22
34 25
36 29
20 30
27 31
23 27
26 26
38 26
32 25
16 25
26 26
27 43
26 26
17 30
21 19
36 25
33 25
42 24
26 31
27 15
28 13
20 38
17 25
32 25
20 13
37 27
19 26
19 18
15 17
38 25
43 29
23 24
27 14
27 24
28 18
20 22
16 16
32 29
24 22
30 27
30 21
20 30
15 25
37 25
42 26
17 16
24 27
46 23
18 32
28 27
20 25
18 28
14 24
29 22
31 26
31 18
27 25
29 25
28 27
25 33
18 31
30 28
28 20
33 34
39 23
32 35
29 30
35 25
33 26
34 31
26 24
14 20
26 29
27 20
27 31
30 18
28 32
28 28
30 25
32 26
29 17
29 39
32 25
38 21
22 25
25 17
40 29
19 39
24 14
35 39
27 27
23 40
25 25
26 33
22 33
18 27
14 23
45 25
17 21
27 25
29 27
35 20
27 26
21 28
15 15
38 37
38 25
16 22
28 42
25 21
20 15
24 18
44 23
43 25
19 29
20 34
27 30
28 32
28 16
42 23
19 25
13 36
29 39
36 35
33 26
17 37
30 25
17 25
22 29
25 39
27 17
43 24
25 22
21 45
16 25
30 24
29 17
31 16
28 26
32 37
19 25
35 22
34 28
33 22
27 16
29 32
28 16
35 27
29 15
32 24
25 30
23 26
33 26
29 33
28 23
27 25
30 28
14 18
27 31
46 34
20 32
38 22
30 25
23 27
29 32
20 23
18 23
21 18
21 25
37 25
28 26
39 28
27 17
41 16
28 25
24 28
14 25
18 38
29 25
36 24
20 15
30 40
21 25
32 25
30 29
36 37
27 25
42 33
28 25
28 19
18 17
28 22
29 36
37 31
22 18
13 35
44 17
39 25
44 15
39 36
27 26
43 36
28 16
35 34
38 20
29 25
19 29
23 41
28 24
25 32
17 25
28 25
23 29
21 25
22 31
30 34
18 32
27 22
23 25
32 25
29 15
23 38
24 26
42 37
26 25
33 25
39 27
25 26
27 19
15 34
27 19
22 32
23 24
22 27
17 46
14 23
31 26
17 13
41 25
27 25
34 20
38 25
27 31
31 25
28 20
20 26
39 25
18 22
29 22
29 31
33 19
43 29
28 21
22 15
29 19
33 38
27 28
20 14
28 32
24 24
30 15
30 20
29 29
45 40
33 23
22 27
30 25
25 25
24 27
25 18
16 31
24 29
23 29
30 26
25 25
32 21
28 21
31 29
27 26
38 23
17 25
23 24
20 29
44 24
27 31
23 13
26 32
25 15
34 25
21 28
29 21
17 29
30 14
23 30
34 25
30 18
33 18
22 30
25 31
20 23
19 32
37 43
17 25
23 18
29 30
37 38
25 24
15 32
32 15
31 25
41 29
32 39
27 31
22 33
26 32
39 38
33 25
22 38
28 16
26 42
30 20
25 34
43 24
23 25
22 13
22 30
17 31
41 27
25 30
23 32
22 25
28 24
29 14
25 37
33 26
36 33
28 25
27 25
29 16
20 31
27 20
19 30
28 18
35 28
30 25
27 21
20 46
32 18
27 25
19 40
23 25
31 25
23 16
30 31
27 20
15 25
28 32
21 32
32 16
32 31
29 28
30 23
16 26
30 33
30 25
41 25
33 23
31 19
27 23
16 23
28 29
24 25
26 25
21 25
25 44
41 31
29 26
32 27
37 20
18 25
24 29
16 39
20 22
40 29
28 24
41 45
43 25
32 32
29 25
22 23
33 23
27 26
34 22
29 25
16 29
23 27
27 21
39 34
26 16
34 29
27 19
29 29
15 20
23 23
25 26
21 28
39 25
32 25
36 28
22 23
27 27
40 28
28 32
38 29
29 25
32 38
29 26
29 30
33 17
33 43
43 25
13 25
21 29
30 34
27 31
39 13
28 26
17 32
21 25
32 24
19 24
24 19
33 15
40 44
26 22
23 25
36 29
30 21
27 31
35 28
28 32
38 27
33 25
32 35
18 21
28 30
33 26
23 21
30 20
30 13
22 23
19 39
27 31
42 44
19 28
40 38
30 25
30 28
29 18
23 29
22 26
31 23
14 16
32 25
17 29
35 39
27 23
30 37
28 32
37 33
37 19
32 36
29 39
27 22
16 26
46 29
34 25
16 25
21 29
38 39
27 31
28 14
28 32
30 29
28 25
32 24
25 44
20 39
27 26
28 30
34 24
22 19
33 15
28 18
27 31
41 35
24 24
30 14
32 25
25 30
29 22
39 37
25 24
32 39
28 24
23 25
14 19
22 23
27 31
39 17
28 32
38 27
19 25
28 38
27 44
25 25
33 26
19 17
23 25
37 23
25 29
22 39
27 31
34 44
28 24
30 18
31 25
19 20
23 28
28 16
23 26
28 20
20 18
38 25
28 21
17 23
16 31
19 21
28 29
24 18
36 24
32 26
29 27
14 32
29 13
26 20
13 25
37 25
33 18
27 29
27 30
42 36
28 32
23 30
27 25
27 38
13 16
39 29
21 20
23 33
26 25
20 25
25 26
45 26
27 30
18 36
21 22
40 42
24 25
27 17
29 38
41 36
33 26
41 26
41 25
34 16
26 22
45 15
27 23
26 36
21 32
29 24
19 25
22 15
29 24
35 27
33 22
35 29
35 17
32 25
34 20
30 34
27 17
28 29
28 32
25 45
25 25
29 31
23 32
22 43
33 26
17 32
26 25
17 18
25 25
30 21
13 17
28 20
24 13
36 43
16 25
22 35
20 19
24 20
21 26
18 29
44 25
40 25
24 24
28 39
27 30
34 22
28 30
42 28
27 25
26 20
29 16
34 33
33 21
31 24
41 25
26 25
26 19
28 22
24 31
36 34
28 32
42 28
36 21
32 38
23 27
19 24
18 19
21 27
20 20
19 25
19 18
18 34
23 31
29 24
24 32
27 18
31 20
32 35
29 21
31 23
22 24
27 21
31 21
15 25
24 17
22 39
27 22
30 35
22 22
24 36
21 24
32 28
24 30
20 19
33 26
29 21
43 20
34 25
24 29
26 23
27 31
31 32
26 27
38 28
14 25
32 30
29 33
23 22
33 26
32 29
30 25
17 25
20 26
39 24
27 19
22 27
27 21
42 25
26 21
32 38
28 39
28 44
23 26
19 38
25 25
28 22
20 29
18 21
27 17
21 19
14 28
42 31
28 25
26 37
23 32
40 33
27 18
26 33
27 25
18 25
23 29
33 30
27 22
13 20
28 24
20 26
28 25
28 17
27 38
30 29
17 21
35 35
34 25
40 18
46 29
26 37
27 31
25 40
28 32
14 37
43 25
27 20
29 31
29 36
25 26
30 41
15 25
24 25
42 17
42 17
27 31
26 30
28 21
31 40
15 25
32 27
20 42
31 14
19 14
36 33
18 25
28 25
20 15
17 26
15 24
40 35
28 32
28 42
30 20
26 38
18 19
21 21
22 22
25 31
20 13
32 25
37 29
39 24
27 29
41 46
26 30
38 19
33 25
22 34
29 35
41 43
20 26
35 24
33 25
32 16
21 29
20 28
21 26
36 26
28 32
42 14
28 25
26 38
20 43
31 19
26 26
32 30
29 25
32 25
33 19
18 39
22 31
36 41
28 28
27 21
30 24
20 29
26 34
28 37
30 26
33 31
17 20
27 24
29 28
31 36
27 31
23 36
16 32
14 42
23 25
28 35
29 21
25 20
33 13
35 27
34 25
38 25
25 24
28 36
27 18
33 36
28 24
26 28
25 25
24 22
18 24
35 13
33 26
21 25
25 25
33 20
26 27
30 35
26 24
32 23
28 23
22 23
30 25
32 37
22 32
21 29
15 26
23 33
27 20
35 25
33 20
20 19
22 19
29 21
28 15
18 42
24 14
26 38
29 20
22 41
33 26
38 40
28 25
16 25
29 20
36 24
16 31
17 18
28 32
37 13
41 25
23 22
29 35
24 35
33 15
34 26
27 25
22 25
16 29
29 30
27 31
27 31
24 21
30 32
18 25
32 23
22 22
35 18
19 25
35 39
31 20
24 16
40 29
25 30
26 29
27 20
28 32
34 29
22 14
23 38
29 17
38 37
24 16
40 26
36 25
37 17
36 24
25 39
27 28
16 21
26 31
41 30
17 17
28 18
21 17
16 32
33 26
17 38
22 25
19 25
27 24
23 39
24 31
19 38
28 30
18 24
15 25
27 36
29 38
22 24
26 26
19 25
24 18
27 25
19 29
29 39
16 31
32 23
28 26
28 19
35 20
32 26
23 34
30 35
25 23
43 25
24 14
43 25
43 29
31 39
25 31
46 22
28 27
31 24
36 20
32 15
29 20
45 32
15 26
30 46
30 25
16 25
40 15
22 31
25 31
34 21
19 27
35 26
31 25
25 32
27 29
21 30
33 24
24 23
36 25
29 25
38 22
23 29
27 17
19 38
15 32
18 25
17 15
22 31
29 24
39 32
18 19
31 23
29 25
27 13
23 20
21 21
25 24
25 45
28 32
27 35
22 25
32 30
29 29
31 17
29 22
19 30
29 18
25 25
35 29
26 25
23 18
26 19
18 32
23 31
26 24
30 38
25 28
25 25
33 26
26 19
27 25
23 25
14 29
28 24
27 31
22 14
27 32
34 34
16 22
26 37
17 36
28 41
29 19
21 24
24 18
20 25
30 27
23 34
18 31
15 35
26 13
15 23
30 25
20 26
19 24
45 22
31 20
25 21
33 25
29 23
24 13
36 19
27 28
17 35
19 24
32 30
18 25
25 23
21 20
26 43
26 19
16 30
34 25
30 15
17 21
29 39
27 31
24 30
28 32
28 34
26 22
32 23
25 20
36 31
27 26
41 23
44 25
27 24
37 29
44 27
17 27
20 39
24 32
30 45
19 25
32 28
17 32
40 29
23 26
25 29
31 25
43 25
21 20
28 38
25 24
17 32
28 28
21 15
30 25
29 33
25 21
14 15
33 26
13 28
43 25
17 17
37 29
31 33
27 23
19 30
24 17
30 23
18 25
15 25
19 26
19 20
17 26
38 39
35 25
36 25
14 25
30 30
27 31
35 34
24 15
22 41
29 20
32 17
22 28
21 32
33 26
14 14
28 25
20 25
42 23
27 31
24 31
35 36
28 29
28 22
36 25
22 24
15 40
23 34
31 26
25 30
16 25
43 25
34 29
19 29
20 26
17 34
28 30
37 45
32 24
32 30
26 24
37 18
28 21
45 42
15 25
33 25
37 29
25 25
17 14
20 25
28 27
35 36
25 25
21 36
25 15
20 34
33 22
13 23
17 17
38 17
41 21
26 21
27 31
33 46
25 13
18 19
23 19
27 18
29 20
35 36
30 26
31 35
16 25
22 23
28 19
23 30
27 24
29 23
20 22
35 39
43 24
32 13
29 20
24 29
33 26
34 27
39 25
36 25
26 21
27 29
27 18
20 34
28 32
39 23
26 17
25 18
21 16
38 31
29 24
27 20
34 25
36 25
28 29
31 23
27 28
18 17
28 17
27 13
34 25
28 32
29 29
45 15
33 26
37 30
35 21
22 18
22 29
23 30
27 31
14 39
28 32
25 40
32 25
32 38
29 29
45 27
28 26
29 24
16 25
43 25
27 29
34 28
27 31
45 16
28 18
24 37
31 17
24 37
15 35
37 28
30 26
17 39
23 18
21 22
29 29
29 33
27 31
31 22
28 23
24 37
14 14
24 31
29 46
20 31
26 26
45 26
24 25
26 25
18 25
39 33
27 26
34 23
28 30
22 32
33 25
20 35
29 33
27 27
16 26
16 17
29 18
24 25
24 29
26 15
21 16
25 18
25 25
37 23
25 25
32 18
29 27
13 20
30 26
33 28
20 21
20 25
21 25
31 25
27 31
24 26
25 15
30 19
29 25
26 38
29 31
30 13
15 26
29 23
44 25
32 25
22 18
30 28
25 21
13 33
19 30
18 28
35 25
25 27
29 32
27 15
22 26
38 21
20 15
21 25
27 13
35 33
21 23
39 40
20 32
18 22
27 25
32 34
29 20
42 29
16 19
16 21
36 25
26 25
32 20
22 34
27 27
20 39
28 14
24 43
40 25
22 23
25 34
41 40
32 26
33 27
21 25
40 25
31 29
30 34
27 31
16 33
28 32
42 34
40 23
24 32
29 21
34 20
31 26
40 30
41 25
26 25
28 29
19 16
27 29
29 20
28 31
23 19
31 25
22 18
29 31
28 39
19 26
23 38
38 25
43 14
21 29
46 19
27 27
22 18
27 32
36 33
16 25
29 20
22 26
18 13
32 19
27 21
18 22
33 25
23 29
26 30
27 31
36 32
25 21
42 23
23 25
30 18
29 22
17 35
30 26
40 34
23 25
39 25
25 29
24 26
27 23
23 36
28 19
31 28
26 24
32 23
24 40
26 21
28 25
16 31
30 25
29 25
27 29
30 24
15 31
14 24
23 29
20 24
24 25
14 38
25 15
39 34
26 19
42 24
39 23
30 25
38 29
36 27
27 31
17 16
28 23
36 23
15 25
32 32
27 36
30 27
33 24
35 24
32 25
34 25
33 29
35 38
27 31
26 29
28 25
30 36
25 25
24 28
18 35
16 30
15 26
33 21
36 25
21 18
20 21
24 23
20 31
25 38
28 32
42 27
29 25
31 16
29 31
28 29
25 26
25 13
23 25
31 25
28 17
15 32
27 31
19 25
28 32
35 38
18 25
24 21
29 25
38 26
21 16
24 19
43 20
29 25
41 18
24 23
17 26
30 27
24 27
28 25
34 25
29 34
13 36
21 28
20 26
35 32
19 25
39 25
37 29
26 30
27 31
40 26
28 32
30 31
43 25
29 35
29 19
42 21
22 26
36 23
31 25
24 18
41 13
37 35
19 21
18 21
28 17
24 16
30 25
32 29
19 42
19 22
33 21
37 29
25 23
33 25
27 22
19 26
16 31
23 27
28 22
42 20
26 25
32 30
18 21
20 42
32 26
24 30
43 25
37 25
25 24
32 26
27 31
42 42
14 32
41 28
38 25
20 30
29 40
41 17
28 18
35 38
18 21
22 23
32 29
39 29
27 31
43 17
18 32
36 29
43 25
25 21
18 22
36 38
31 21
36 38
20 25
43 25
22 29
28 19
24 31
27 29
28 23
42 19
25 25
21 38
22 33
28 27
32 13
32 17
30 21
16 25
27 29
16 31
27 29
19 40
27 32
16 32
26 25
22 30
18 44
35 15
33 26
21 21
13 25
29 25
21 14
21 36
27 31
25 40
28 32
27 39
22 25
28 19
29 21
22 29
33 26
33 37
26 25
38 25
45 29
19 35
27 22
37 34
28 24
31 37
24 13
31 35
27 28
31 30
30 24
39 30
26 24
32 16
25 29
22 24
27 31
39 30
28 31
33 31
30 25
32 27
27 26
39 45
29 26
15 29
25 25
18 17
30 20
19 36
27 31
31 27
28 32
38 16
38 25
22 29
29 15
20 36
33 26
22 29
29 25
21 25
23 29
23 37
27 23
25 20
22 16
22 16
36 25
29 36
24 41
24 31
28 26
31 23
35 22
29 20
23 27
45 33
27 23
27 35
19 28
15 25
43 25
25 23
29 46
33 31
24 22
31 17
26 25
28 25
40 29
15 31
18 31
25 27
23 32
19 18
36 21
32 36
29 41
15 30
18 23
15 30
36 25
24 25
25 29
31 16
21 31
13 26
28 26
29 33
15 25
26 34
29 23
40 20
21 26
34 35
14 25
23 25
23 29
19 22
27 30
22 36
28 32
31 34
43 25
20 38
29 18
20 27
26 26
23 21
40 25
37 25
36 19
20 16
27 21
20 29
28 27
41 33
27 25
31 29
29 30
37 29
31 26
18 32
17 25
21 13
25 29
28 29
15 31
20 37
19 23
23 16
20 25
32 24
23 38
20 27
33 26
24 24
31 13
14 21
24 29
20 39
27 31
14 31
18 25
15 15
18 20
31 15
29 21
25 30
24 22
33 40
21 21
26 24
34 29
19 25
27 21
23 28
28 21
20 23
34 25
20 38
23 21
41 34
19 26
19 35
21 19
23 19
43 19
30 39
27 31
34 22
28 14
33 23
25 25
32 26
29 29
29 46
30 26
37 39
23 25
43 24
27 29
15 15
15 31
37 23
25 29
27 34
24 25
30 22
29 21
42 41
33 26
39 34
30 16
20 21
29 29
23 30
27 28
19 19
26 32
42 27
38 25
32 13
29 15
25 33
23 20
22 24
22 20
32 25
18 26
18 26
21 21
43 37
28 32
15 37
38 25
28 38
19 23
39 25
25 26
36 37
13 25
20 25
23 21
18 34
22 31
15 19
28 31
27 34
35 18
32 21
16 24
40 36
33 26
39 21
33 25
22 23
39 29
27 38
27 31
35 41
28 24
36 26
31 25
26 29
27 26
18 32
24 18
28 21
44 25
24 13
24 24
36 39
27 31
30 33
21 27
36 13
38 25
32 38
29 25
31 14
29 17
23 40
32 25
29 25
46 26
23 18
27 19
18 19
13 32
21 25
17 19
31 38
28 18
32 24
33 26
36 40
23 25
30 16
22 29
35 26
27 27
19 18
28 32
23 41
21 25
18 36
29 29
29 41
30 26
26 32
24 25
16 25
26 29
34 21
24 31
19 30
20 32
34 33
35 25
32 38
29 44
34 30
33 26
33 46
20 25
20 25
41 26
32 28
27 27
22 26
28 23
32 16
20 24
27 34
29 32
25 32
24 21
13 18
43 25
43 24
19 29
14 39
19 21
31 41
28 25
31 26
35 25
32 28
29 24
26 27
33 26
25 26
27 21
37 25
26 18
17 36
27 31
21 23
28 30
26 37
24 25
32 15
29 26
30 35
22 15
30 37
36 16
18 18
42 29
45 20
27 31
20 41
23 32
16 33
16 25
32 26
17 26
14 19
33 26
20 35
32 25
28 19
21 24
13 20
27 29
40 32
28 32
26 34
35 24
17 36
22 15
34 45
27 22
18 29
34 25
25 25
27 21
19 21
18 31
24 24
19 13
28 24
23 25
32 19
29 35
32 36
33 26
27 21
29 25
17 25
36 26
16 34
27 27
29 30
28 21
24 25
42 25
30 32
29 26
25 32
24 26
41 27
29 25
43 21
26 29
29 22
20 20
25 36
28 32
35 18
43 25
24 20
19 21
38 39
33 26
34 34
43 25
37 25
24 29
17 33
20 31
24 13
26 32
36 45
27 25
25 28
21 33
23 28
21 16
13 18
19 25
23 25
43 18
40 28
27 16
30 38
26 23
28 18
27 19
32 38
16 14
29 25
33 26
19 36
24 25
29 25
27 16
38 34
21 26
37 43
22 30
29 20
40 25
28 22
29 45
31 29
23 26
27 21
38 24
31 18
43 16
46 34
27 28
30 17
28 31
42 30
19 23
32 23
29 18
16 35
31 23
30 21
19 25
27 13
35 29
25 26
21 31
22 31
28 32
24 29
18 25
26 13
29 13
26 14
33 17
26 35
25 25
19 22
