14 2 15 1000
444
697 1189
651 1139
736 1207
708 1204
682 1177
724 1049
752 1145
651 1071
710 1041
670 1079
661 1220
723 1203
764 1071
734 1036
190 153
165 130
200 165
193 147
120 125
136 177
105 137
136 109
180 153
194 142
166 173
138 148
193 159
128 142
6 22
51 56
43 35
29 39
34 36
45 52
61 39
27 36
48 40
28 50
44 43
40 52
38 44
32 47
48 32
50 43
52 41
26 38
40 28
45 34
28 41
42 55
35 45
46 51
58 39
56 42
25 35
45 53
39 30
59 35
48 40
54 48
39 39
34 62
39 56
55 45
26 33
39 28
47 42
27 41
28 35
34 45
35 36
53 48
44 58
53 60
46 39
52 36
43 40
38 49
35 57
47 52
61 58
51 41
44 28
50 42
47 40
37 45
51 46
54 35
63 45
33 40
32 42
37 35
45 56
50 40
53 56
52 43
39 49
54 57
60 37
42 40
40 54
52 46
57 49
58 39
46 45
62 39
42 60
36 37
29 27
42 54
45 52
40 45
43 56
40 30
54 25
58 55
30 45
47 50
60 33
38 25
48 51
56 53
44 49
38 35
45 52
40 53
34 29
30 57
45 54
41 27
48 40
46 48
43 53
36 29
53 30
43 48
41 40
40 42
52 54
37 25
28 61
39 29
29 43
52 54
42 34
33 48
36 25
41 33
46 53
52 40
63 44
31 38
48 42
60 27
31 30
37 49
47 58
46 43
44 42
35 34
61 48
43 63
42 45
39 37
47 33
52 60
61 51
61 51
37 59
43 59
36 35
40 45
47 43
37 53
43 31
54 62
45 41
45 32
50 32
54 44
25 50
34 48
25 38
63 42
28 26
49 48
41 57
49 44
47 35
39 37
31 29
37 31
63 40
47 34
51 49
43 39
41 60
33 49
37 41
30 54
52 27
26 39
54 29
50 62
44 41
51 62
48 35
35 48
34 30
38 47
31 45
48 42
42 53
44 40
37 47
52 45
32 53
47 39
54 37
43 35
49 29
50 43
51 40
41 56
39 47
35 40
33 59
40 56
43 46
57 56
42 58
42 62
40 39
60 46
61 51
33 54
28 48
57 40
48 34
49 55
29 53
43 53
57 52
40 46
31 55
46 46
36 41
40 42
47 35
36 48
42 30
43 33
33 33
37 49
30 45
38 54
39 27
53 46
41 61
60 57
50 34
45 39
40 39
57 33
57 45
39 40
42 47
36 42
60 36
36 46
37 49
49 46
48 25
41 36
36 32
37 39
37 47
27 50
37 43
39 34
36 48
54 55
54 43
37 34
46 30
51 46
37 37
41 25
46 31
42 48
51 41
46 63
43 31
55 44
29 39
52 34
35 46
25 55
58 39
57 33
43 34
36 28
54 59
36 27
50 54
27 43
27 60
39 32
32 35
37 42
41 27
36 55
52 33
34 29
48 31
53 50
32 30
52 49
35 31
44 46
30 26
41 26
32 48
48 51
57 35
52 51
29 46
44 52
38 39
42 50
57 60
51 40
61 43
52 43
26 54
55 55
51 39
46 49
40 48
55 49
47 41
47 46
52 49
56 56
49 56
55 44
46 52
53 33
34 30
45 27
38 34
46 46
36 49
58 43
38 62
44 29
57 52
39 53
55 32
44 59
44 36
43 54
35 38
47 45
43 31
47 30
35 52
49 61
55 62
63 48
32 45
45 47
47 45
37 53
60 25
42 28
42 62
45 40
48 40
55 44
37 33
47 30
34 32
41 39
38 49
52 28
59 30
35 32
41 55
43 52
51 46
41 28
53 62
54 59
45 50
44 58
42 35
60 43
60 32
37 47
40 48
56 44
45 50
46 54
44 52
29 48
61 59
40 49
59 54
53 61
60 63
37 59
55 52
43 50
42 45
42 44
48 36
57 41
32 59
41 28
49 59
40 48
39 43
30 45
32 43
59 58
54 33
26 47
38 26
39 38
50 59
45 28
61 44
31 46
61 59
32 36
40 42
42 47
49 59
39 60
33 52
47 49
41 61
59 38
50 36
46 48
43 45
42 36
57 52
48 35
28 45
33 31
39 46
32 53
30 33
44 27
44 56
40 34
56 31
44 43
43 40
44 42
62 41
56 38
39 60
37 50
50 45
53 34
50 32
45 45
52 52
39 43
42 60
36 32
39 32
50 36
56 37
40 42
49 47
30 28
36 38
41 48
27 48
32 39
56 44
36 52
46 61
54 46
44 29
39 56
36 36
40 37
28 35
42 46
52 47
33 47
41 49
53 32
38 26
33 53
50 42
58 55
58 39
58 35
33 54
44 61
50 33
35 28
41 42
48 44
63 54
53 61
33 41
35 46
49 33
38 53
35 27
40 51
46 40
37 39
34 31
35 38
52 46
28 36
53 31
39 51
53 50
32 49
63 36
30 35
60 28
50 54
37 41
32 45
38 61
45 46
54 42
38 35
53 31
54 33
48 42
50 41
47 48
37 42
61 40
40 41
35 25
47 51
60 36
59 60
31 26
60 46
60 46
39 40
27 61
31 31
53 56
44 59
54 62
30 57
55 43
44 55
32 30
48 31
31 49
45 42
42 37
62 48
45 49
55 32
58 49
55 57
37 63
61 40
33 41
45 40
47 37
48 46
60 40
50 53
54 35
31 40
30 38
33 50
42 58
46 43
29 56
28 40
44 42
28 45
38 27
45 40
33 33
50 32
29 55
34 51
35 47
60 30
44 40
44 40
37 28
48 48
41 61
40 44
49 63
32 25
30 57
30 60
34 38
49 31
45 54
29 44
36 60
27 37
53 42
48 40
44 36
32 62
51 57
59 37
52 44
53 57
47 43
45 41
57 61
40 60
48 35
43 38
31 29
49 31
33 30
46 46
55 38
38 37
30 55
25 42
52 43
42 27
32 47
32 62
59 35
41 44
35 40
43 42
32 35
43 27
51 53
60 45
39 43
33 63
35 45
33 60
44 62
48 36
58 31
61 49
42 38
35 47
29 33
40 37
34 57
30 39
36 61
35 29
52 46
37 57
28 28
37 42
50 48
30 49
33 50
45 42
40 38
51 54
37 50
33 31
53 35
51 40
45 55
48 39
46 56
48 40
36 51
52 37
62 61
40 43
63 37
31 32
58 47
59 57
33 61
41 54
41 41
56 44
34 32
39 38
32 58
50 26
40 29
55 41
53 63
55 48
27 54
53 43
34 30
54 34
43 58
36 41
58 38
41 63
36 30
41 60
43 27
52 52
59 28
46 45
41 57
42 54
42 45
52 41
39 55
28 55
60 62
50 35
48 57
32 47
48 47
48 38
42 30
42 51
38 48
62 49
45 27
42 58
61 61
43 50
48 36
54 44
62 32
55 33
58 52
53 53
39 52
38 52
52 55
42 59
39 40
41 26
26 61
39 43
32 36
48 35
43 45
40 38
58 29
60 41
28 50
30 41
62 33
46 51
54 49
26 31
48 39
50 34
54 39
29 35
37 32
31 50
31 39
44 27
44 61
41 52
41 59
32 49
56 38
60 42
46 47
42 40
43 60
36 38
32 47
50 35
38 57
39 50
51 45
32 52
60 36
40 29
58 35
33 32
29 49
58 53
54 47
58 46
40 33
47 52
39 35
35 54
46 42
35 46
53 36
38 53
39 36
55 47
40 29
44 47
58 41
54 40
28 60
36 34
50 31
39 49
54 55
41 59
54 32
40 51
59 52
51 43
29 30
31 61
58 43
37 43
45 35
55 51
45 44
45 62
44 46
40 30
44 51
48 40
47 51
48 57
38 36
37 40
26 29
42 37
61 63
30 38
37 35
39 53
31 56
32 53
49 40
46 37
63 35
42 43
45 38
37 57
38 36
41 42
25 55
60 58
44 29
51 38
62 41
35 55
31 59
47 43
52 26
38 53
45 35
47 51
53 43
54 53
52 33
60 33
40 42
52 62
53 53
41 37
56 35
53 59
35 45
44 35
53 32
35 47
29 62
36 62
38 31
46 42
45 47
43 30
37 56
46 43
61 25
41 54
47 48
50 49
49 49
60 30
40 32
44 44
42 63
30 34
48 61
43 46
54 49
55 42
58 27
44 55
39 51
33 46
52 44
39 37
45 40
57 57
47 49
58 33
53 36
40 58
38 47
36 28
39 43
55 33
54 46
41 36
42 49
58 57
56 51
36 43
28 59
42 26
44 31
40 40
42 38
34 29
43 49
55 35
48 40
36 63
58 25
58 46
48 53
49 58
47 42
55 49
41 43
63 57
55 44
50 58
53 57
45 27
26 51
34 37
44 41
48 33
57 38
38 36
51 62
53 26
35 28
35 50
47 45
46 36
42 37
28 55
37 43
36 49
44 56
49 59
63 42
34 61
28 29
38 62
41 38
42 25
38 40
37 38
48 32
30 39
42 34
54 49
29 50
50 33
31 49
44 50
28 61
44 46
25 27
34 28
48 60
44 39
61 27
52 51
37 28
54 50
46 45
35 47
49 51
45 47
46 44
42 25
38 34
48 55
60 28
59 44
32 25
46 27
54 44
62 46
32 40
49 43
53 50
35 46
36 51
29 33
55 25
33 42
37 49
50 36
46 49
54 55
39 48
45 46
36 26
35 57
62 30
25 46
48 50
35 54
47 38
48 44
40 35
28 41
29 43
43 56
35 55
50 50
43 34
53 44
30 39
33 55
46 42
41 36
50 30
38 51
29 44
46 49
43 61
46 50
43 47
46 29
45 34
50 41
63 34
57 57
33 49
42 54
26 37
27 60
46 50
54 49
52 49
38 26
46 44
41 51
46 58
27 34
25 62
34 45
47 39
30 39
40 40
48 51
37 29
56 53
39 32
36 49
51 37
50 43
37 36
34 36
32 52
32 28
43 57
38 55
40 49
54 26
51 51
33 52
42 62
35 56
53 54
35 27
29 37
43 39
40 42
41 60
35 35
26 55
35 41
46 33
56 39
57 41
40 56
30 39
34 40
42 44
40 52
50 49
36 31
46 44
42 36
55 35
38 30
57 52
41 50
39 40
35 44
39 42
38 48
31 36
38 53
41 35
55 30
51 51
41 38
27 32
50 42
47 31
55 52
54 46
39 38
33 61
63 58
34 61
46 47
41 52
43 34
36 44
47 26
43 38
41 28
56 41
35 53
39 42
47 59
30 51
32 32
31 25
43 47
39 27
38 42
29 39
60 31
53 40
59 42
36 35
45 52
35 52
47 49
43 36
60 33
43 51
39 36
26 27
29 38
51 40
35 56
37 41
34 58
40 36
38 27
33 48
34 44
32 42
50 46
40 29
60 45
41 40
59 51
27 37
50 42
42 34
33 54
52 39
60 32
33 56
59 39
38 36
47 46
39 40
44 29
41 32
44 41
58 39
37 50
37 47
54 47
51 41
47 47
34 40
37 63
35 33
29 46
29 28
54 49
44 49
36 51
34 39
45 51
28 32
46 50
40 56
26 36
57 29
36 50
41 34
38 29
37 51
45 61
46 45
46 56
54 45
52 47
53 36
46 41
47 26
53 48
40 50
53 25
62 28
46 48
58 37
29 31
59 43
58 55
35 28
29 36
31 35
35 31
59 60
26 42
34 33
61 58
38 34
61 53
49 49
38 33
52 58
46 53
38 60
51 31
41 52
28 27
44 62
39 55
40 50
52 30
29 41
39 43
57 34
46 32
46 62
31 38
52 53
46 36
37 45
40 39
46 46
58 38
36 55
41 57
59 39
35 40
30 57
32 42
36 29
34 26
36 50
51 57
48 53
26 39
40 34
49 53
34 52
53 39
57 52
32 35
43 32
34 47
58 55
32 39
27 31
49 46
32 52
32 59
35 59
56 30
50 36
46 36
37 31
32 50
47 35
33 33
52 49
25 38
49 46
40 31
34 56
53 36
56 32
55 47
49 53
61 28
52 31
56 42
59 32
47 59
40 48
62 35
29 38
27 39
36 59
42 59
38 51
36 36
45 47
43 49
42 45
51 32
36 55
62 49
39 31
43 44
27 39
29 59
38 40
31 56
59 58
36 50
54 49
62 41
31 36
30 29
60 55
38 50
50 35
63 44
53 35
40 41
58 57
38 39
43 40
51 54
52 31
52 46
57 36
54 43
52 44
35 36
45 43
33 41
42 38
35 40
33 48
51 44
33 61
44 58
34 26
47 41
31 40
55 60
54 29
45 49
45 61
48 27
40 52
49 58
48 63
50 43
60 29
59 39
39 58
28 52
60 62
50 39
29 31
26 47
38 50
51 39
57 60
27 59
56 48
51 40
61 33
40 25
56 37
34 26
58 63
50 56
45 60
29 43
38 34
42 31
50 39
33 39
35 52
36 59
36 40
39 39
33 47
35 38
45 49
51 45
60 47
48 54
47 40
36 45
51 50
41 36
43 59
59 43
32 31
47 29
54 53
53 40
48 26
47 43
32 44
38 46
47 29
32 57
50 54
50 40
35 53
50 54
44 37
34 36
43 52
41 32
46 37
36 57
32 44
40 34
48 33
30 48
48 33
39 52
33 37
31 50
48 41
48 27
32 37
38 50
44 39
36 52
41 58
56 39
39 44
40 55
28 39
59 49
30 46
51 32
30 46
43 45
38 42
53 48
32 41
53 43
52 44
54 39
39 42
50 57
62 44
59 40
57 45
32 27
57 44
56 45
62 61
54 40
47 34
43 43
35 31
52 53
50 50
49 44
40 28
50 31
43 49
55 36
50 61
40 58
49 33
30 53
52 36
35 59
38 38
59 40
51 30
25 59
29 30
39 35
37 40
55 55
32 50
35 63
38 38
29 45
32 53
49 41
32 52
53 39
39 49
48 42
36 38
27 58
26 43
45 32
33 47
32 41
54 63
38 47
35 46
59 62
48 36
47 43
56 36
35 33
29 34
43 29
36 52
45 53
50 63
55 28
32 30
45 42
40 39
56 39
40 38
53 41
52 44
34 42
28 35
50 41
42 37
39 47
48 39
35 43
35 63
38 38
46 38
34 44
42 41
57 41
33 37
53 61
63 48
47 34
59 27
29 52
41 41
46 46
36 38
30 56
34 33
39 32
42 47
55 28
42 28
25 44
51 40
33 29
26 62
42 40
33 35
41 45
40 56
40 37
50 42
45 31
36 53
39 49
36 29
32 63
63 62
42 37
39 32
38 57
45 50
37 29
35 62
54 59
47 54
60 47
42 48
37 52
37 36
25 51
55 49
51 34
57 55
36 40
31 28
27 52
41 50
40 51
34 42
44 55
53 25
32 48
43 35
55 30
61 35
43 43
33 45
51 49
41 43
29 36
54 61
52 47
48 55
30 35
42 62
31 30
41 56
36 42
35 41
46 43
44 47
41 43
31 31
35 38
61 53
53 50
36 36
33 31
36 57
62 49
52 49
62 42
43 29
31 49
58 55
34 28
46 46
51 30
54 60
32 37
59 48
47 38
52 49
59 39
40 54
33 63
47 60
30 50
56 32
51 36
47 57
44 29
37 44
45 61
26 38
57 50
40 37
33 40
34 60
38 50
32 52
46 34
47 46
36 53
27 40
46 47
44 44
60 54
43 53
30 47
48 56
27 55
45 59
29 52
38 62
25 26
40 32
54 45
42 47
56 55
30 51
44 41
40 51
56 42
50 39
48 27
53 50
33 36
31 46
33 34
44 47
52 42
31 54
38 58
32 47
43 49
45 56
63 40
36 49
44 47
42 45
28 55
44 46
48 48
40 57
50 41
38 34
51 55
39 49
32 35
42 57
28 39
40 41
46 31
48 43
47 32
37 46
33 45
49 59
31 30
53 52
39 44
36 54
34 59
63 41
47 25
27 27
36 42
50 46
44 33
44 38
27 63
34 36
46 48
51 47
36 59
44 28
35 42
46 28
41 58
45 47
53 44
32 55
42 31
29 31
51 54
58 48
48 37
45 42
47 51
38 25
32 40
58 46
47 41
45 54
40 47
37 48
49 53
33 48
56 59
38 29
49 45
31 52
39 51
44 51
36 25
30 40
41 38
42 63
44 34
39 37
43 42
59 55
61 49
33 36
38 45
55 41
27 55
50 39
47 52
37 25
41 40
58 55
45 41
44 39
48 46
43 29
55 33
53 40
25 45
56 48
42 55
45 43
49 51
51 40
40 26
26 37
37 43
38 50
41 38
27 57
53 32
31 38
39 57
48 60
38 50
37 32
43 34
42 31
57 33
52 43
30 60
37 60
46 44
48 50
44 36
40 45
45 34
33 42
59 25
47 40
45 62
45 47
50 29
50 43
28 37
46 59
47 28
35 42
28 33
53 36
54 44
49 45
45 31
34 25
49 46
39 42
30 58
51 33
43 45
46 49
51 40
29 40
41 44
55 27
32 48
48 47
47 46
57 47
52 55
51 54
48 53
25 52
55 50
46 34
55 41
55 55
42 32
31 34
45 53
54 60
51 47
45 29
28 36
60 51
33 35
43 61
39 55
41 39
50 35
42 49
42 50
33 47
33 35
38 51
45 52
43 46
55 31
36 51
50 50
45 47
38 51
45 39
25 51
34 34
54 28
40 26
29 45
36 29
45 45
50 30
46 42
28 57
51 39
57 29
39 58
47 42
36 36
39 52
62 47
52 26
45 43
50 57
49 58
57 39
40 53
51 39
42 28
30 52
51 58
27 63
54 29
53 28
51 39
51 55
58 30
31 53
32 50
63 59
37 45
38 40
35 34
39 37
43 60
26 52
62 39
44 32
48 49
36 42
60 39
37 47
29 30
48 31
58 40
37 34
38 58
39 63
36 48
28 31
40 55
42 40
49 48
41 28
30 50
33 53
56 43
44 47
50 42
34 36
60 40
51 26
60 30
41 49
32 42
62 60
57 48
51 45
55 54
56 40
39 43
37 43
27 50
54 27
32 43
39 47
42 47
34 43
49 46
36 38
51 55
57 39
53 49
49 38
33 30
54 55
46 36
41 33
55 35
35 45
48 39
40 34
49 33
53 47
54 35
45 49
27 35
54 26
41 61
52 26
49 45
29 51
33 56
40 42
45 30
56 50
55 44
49 56
48 59
44 34
45 51
32 58
47 47
47 33
40 30
32 34
47 39
49 54
58 33
49 32
36 40
30 39
48 52
52 29
43 43
36 55
39 25
43 41
57 47
39 41
26 40
57 39
61 29
35 55
49 63
53 49
40 57
54 28
62 45
31 36
33 30
63 53
34 35
56 58
33 47
33 51
45 49
42 46
36 28
47 36
46 43
47 33
43 43
38 39
32 41
38 40
30 49
50 30
43 27
41 35
62 53
32 59
59 35
42 42
31 43
44 29
50 31
63 41
49 35
50 30
44 60
38 56
54 52
46 47
49 41
41 43
30 39
58 47
27 49
63 44
39 29
58 49
47 49
61 62
51 38
29 39
48 54
31 56
33 39
53 44
28 47
36 45
30 54
45 39
35 42
44 41
40 38
31 34
56 56
54 44
31 33
47 53
37 58
37 38
27 36
58 34
28 34
44 38
47 47
44 56
36 31
45 55
50 40
31 45
61 35
30 33
28 51
25 39
40 61
47 48
39 54
47 61
48 45
52 35
36 52
40 48
32 45
59 49
44 51
43 51
28 34
32 42
51 58
42 46
42 50
28 49
44 57
49 55
37 48
59 51
26 34
52 36
43 55
48 35
26 28
28 56
29 52
47 53
31 43
55 34
61 42
36 57
43 39
50 38
40 51
47 56
59 48
32 49
40 51
56 27
60 50
36 56
53 42
50 38
48 37
55 47
35 45
38 36
25 62
54 53
38 56
35 33
38 55
62 43
48 53
34 46
58 56
53 37
49 30
56 47
46 46
45 59
34 53
27 46
56 46
41 52
50 45
38 59
57 28
55 61
49 42
48 33
31 50
46 42
33 30
38 57
44 50
56 38
48 51
30 53
42 40
57 44
36 63
44 45
39 45
50 48
55 58
60 37
36 26
45 37
50 31
40 41
53 34
38 59
49 29
34 62
53 50
28 53
45 33
58 60
35 55
27 32
33 46
29 45
30 47
41 55
52 42
53 36
39 36
59 34
57 47
54 44
26 33
37 34
59 38
25 40
35 48
44 36
38 44
53 42
39 58
40 32
51 33
40 30
30 33
55 56
39 34
53 40
35 51
37 54
54 42
37 40
50 50
50 47
36 40
41 47
52 34
51 44
48 32
33 48
57 38
32 43
30 42
63 55
53 59
37 47
38 56
56 42
34 37
29 44
43 56
45 35
59 42
28 44
38 35
43 37
40 50
31 54
46 30
45 26
38 62
54 58
54 34
40 59
31 42
51 52
40 61
28 44
49 33
41 38
36 42
52 53
26 49
51 42
55 51
38 36
43 43
43 37
50 55
54 58
45 51
25 30
35 59
41 35
58 37
36 42
29 36
61 31
50 57
25 35
50 50
37 47
32 28
36 37
47 31
49 46
52 33
46 55
54 31
49 46
37 58
41 56
36 26
33 49
53 34
33 48
48 51
42 52
29 35
44 54
48 37
47 42
53 33
61 58
44 43
51 33
45 54
48 51
55 42
55 44
57 37
54 31
31 62
35 47
51 45
29 58
31 28
47 42
27 38
37 32
49 58
39 43
58 34
32 45
44 44
34 41
47 39
36 52
32 55
28 46
55 47
45 37
42 30
44 34
44 47
52 40
33 33
44 38
46 58
59 31
33 53
62 34
36 50
32 44
42 41
29 45
35 46
60 56
62 51
44 30
40 49
43 60
27 54
58 59
42 56
46 47
45 44
45 55
52 42
63 45
56 36
32 32
61 48
50 50
38 56
60 43
59 59
39 42
57 47
32 55
40 30
26 46
61 49
53 42
31 39
49 36
32 53
63 50
45 60
32 27
56 43
43 27
54 51
28 49
48 53
54 35
26 61
39 54
39 34
39 53
48 51
30 35
37 36
38 43
31 39
42 44
51 49
46 32
36 54
52 42
26 43
33 63
38 45
56 54
44 46
38 46
39 35
58 51
37 35
33 35
49 46
26 43
33 43
59 41
53 45
28 47
32 60
38 28
49 33
51 52
31 52
49 54
33 42
46 38
51 40
60 34
41 41
41 51
51 31
53 36
26 47
44 31
28 51
29 44
39 38
54 50
53 51
44 26
31 26
41 35
45 34
53 38
61 43
32 43
51 55
35 46
52 51
52 48
48 46
44 49
30 43
50 53
34 41
54 45
46 46
39 39
38 37
45 37
57 51
62 40
57 44
37 31
39 63
53 58
35 53
29 57
59 47
50 39
48 33
31 49
49 48
52 37
50 36
51 56
60 30
49 28
39 30
42 35
45 42
49 54
35 49
40 61
54 53
56 38
45 38
54 46
35 37
48 39
36 26
39 54
34 56
32 34
38 42
25 45
49 32
44 53
33 48
38 52
42 50
35 49
56 26
48 43
53 42
39 41
57 63
37 42
43 59
48 32
50 38
56 52
50 33
31 59
31 56
59 38
43 60
35 55
56 36
45 35
51 37
47 39
43 62
55 41
57 40
36 36
35 49
47 52
50 51
50 59
39 41
50 25
36 34
44 35
40 55
44 49
55 55
59 49
30 39
31 43
35 28
58 48
50 44
60 60
49 26
49 43
58 38
30 41
62 37
52 32
42 49
49 52
52 45
38 39
56 63
45 62
35 58
36 31
33 55
42 32
48 43
51 38
39 43
54 25
43 38
54 48
56 37
37 53
59 55
56 42
58 61
38 50
44 44
45 37
43 61
42 42
46 46
32 60
45 46
58 29
27 46
43 45
50 36
57 62
52 50
37 48
52 30
47 31
39 46
31 40
57 38
42 50
55 42
29 48
36 63
57 42
44 43
42 27
28 49
34 46
51 43
38 45
47 50
52 38
56 57
38 62
40 52
48 29
48 42
33 32
50 25
47 54
39 57
40 54
56 35
39 63
50 34
60 39
27 58
44 37
41 36
34 46
45 45
38 33
28 60
63 48
36 46
50 44
45 56
31 55
41 28
49 58
41 38
57 41
46 48
26 33
44 42
30 27
37 51
37 61
30 30
61 54
39 45
40 39
54 31
47 51
35 59
33 49
32 51
48 31
46 26
37 43
45 50
38 37
45 56
33 47
25 55
40 36
57 56
40 37
58 60
28 35
45 39
50 48
39 33
63 38
38 45
39 41
55 34
36 40
45 61
48 39
31 32
63 56
31 40
27 49
36 49
45 33
52 32
39 44
33 40
33 26
49 59
43 63
55 52
46 40
54 48
40 36
37 41
38 40
59 55
50 61
47 44
58 49
55 28
53 47
32 48
53 42
34 29
48 53
36 33
38 54
52 60
33 45
40 39
53 26
44 51
40 54
39 54
36 43
56 49
63 62
43 29
31 48
39 33
61 62
41 45
42 46
41 50
29 55
51 60
30 44
40 47
30 46
25 63
47 35
52 55
37 26
31 26
42 31
52 42
47 31
43 50
43 33
28 48
32 28
43 53
30 53
52 37
27 49
27 44
49 44
47 56
51 46
33 45
28 42
38 58
46 59
40 39
49 43
56 25
36 29
43 31
43 37
49 55
37 46
33 28
56 31
52 62
31 51
37 59
30 39
38 60
40 38
50 27
56 62
35 36
39 55
53 26
61 25
43 40
50 28
38 37
39 36
39 34
38 27
28 41
33 35
39 39
32 60
62 52
34 48
55 39
48 26
43 56
44 59
38 30
31 46
33 56
41 37
45 38
56 48
40 35
38 36
32 55
39 57
45 57
27 50
58 28
46 27
47 31
29 52
34 35
46 34
48 52
31 39
38 50
30 41
33 31
25 35
28 26
62 41
52 32
43 53
47 41
41 39
54 42
25 59
45 43
43 50
47 40
33 34
54 53
52 62
43 28
41 40
44 47
44 55
44 55
41 38
42 44
34 29
62 39
49 52
44 50
55 31
48 53
52 28
42 30
48 37
56 51
52 54
37 46
29 44
44 47
30 48
52 36
47 62
34 29
51 59
30 53
49 54
55 56
56 37
27 34
48 44
59 43
44 47
49 29
33 38
27 30
43 36
60 35
49 59
45 29
34 34
25 45
26 51
52 48
45 45
51 56
42 44
37 54
32 34
35 40
40 60
39 50
42 34
54 55
33 46
50 43
53 46
49 51
40 52
37 53
34 28
42 32
63 33
49 51
35 62
43 34
32 42
42 59
62 33
43 52
46 43
41 46
47 42
43 41
36 37
36 45
43 37
33 54
47 63
37 36
48 55
45 32
43 40
55 63
48 36
48 26
54 44
45 32
61 38
45 31
54 46
53 42
58 39
41 35
57 35
48 26
59 42
50 63
52 40
34 55
41 51
54 53
37 51
44 41
36 44
35 49
39 56
49 26
45 56
58 54
43 39
45 35
61 35
43 57
48 27
36 42
45 39
45 40
56 56
47 38
57 45
62 60
37 58
52 50
45 38
32 41
37 47
27 43
35 59
45 38
60 39
60 43
28 25
49 46
56 39
36 30
43 30
39 46
51 25
25 27
30 53
36 52
53 35
41 39
41 48
33 33
26 46
49 44
41 58
45 49
43 34
27 45
30 51
59 47
29 56
56 50
53 43
36 33
37 38
37 45
43 41
43 40
55 46
35 34
43 37
40 30
49 48
59 44
49 34
47 46
47 57
43 44
58 42
31 39
38 35
36 29
61 33
41 57
39 43
38 42
58 26
29 28
31 50
36 41
39 37
62 49
52 35
49 38
29 54
27 38
42 56
46 41
36 62
58 62
25 33
48 46
45 38
53 44
59 42
36 32
48 44
50 29
43 54
34 37
47 58
29 34
35 59
50 57
43 56
55 50
32 58
51 50
38 43
26 35
54 50
41 37
60 27
48 43
33 38
45 38
35 53
47 40
42 60
41 48
45 38
32 29
52 53
55 45
60 48
37 51
61 59
39 37
29 36
52 44
50 44
47 41
47 40
61 32
41 39
33 30
50 56
33 27
42 43
34 56
50 49
46 45
48 51
32 45
45 40
26 26
45 49
33 36
36 34
25 37
28 25
53 42
62 58
35 34
50 41
51 45
26 42
37 37
57 55
54 26
60 25
47 52
39 59
48 35
42 40
55 43
42 38
42 37
50 49
33 37
31 63
51 34
47 59
60 58
44 31
36 47
56 31
60 44
50 46
35 50
36 25
46 46
39 29
38 59
25 37
42 30
54 38
35 44
28 52
59 31
46 33
42 43
33 61
34 46
61 38
51 39
39 30
47 41
49 46
49 49
54 36
30 35
56 33
30 42
58 52
50 54
38 53
36 40
51 51
41 62
47 43
52 61
41 57
37 42
55 27
39 59
55 41
26 42
57 38
32 55
40 47
38 40
46 63
38 36
48 39
46 54
40 38
39 57
45 55
40 42
52 54
55 57
49 46
54 31
40 48
42 35
41 49
42 33
34 51
28 56
39 46
33 38
55 37
52 53
53 50
53 28
55 43
36 62
27 52
55 43
38 62
43 25
46 54
40 37
39 33
45 34
46 55
32 41
32 37
40 50
47 55
42 40
40 51
32 36
43 50
37 47
31 35
46 44
35 53
52 27
47 40
36 50
35 32
44 44
50 52
58 32
57 56
34 27
41 32
48 44
48 33
41 39
31 29
44 41
50 51
38 63
56 44
28 63
52 27
32 48
41 33
55 49
46 53
46 25
31 53
40 44
44 51
35 54
48 37
42 63
35 45
33 45
51 31
42 31
25 60
40 32
29 59
56 40
42 42
36 50
37 47
41 40
33 53
26 45
40 26
41 35
50 48
28 62
52 38
51 39
37 32
55 40
46 41
58 27
49 51
48 34
37 45
39 52
56 50
40 44
39 39
33 27
46 48
32 51
47 52
42 50
30 60
60 39
36 41
34 50
40 27
36 45
28 38
31 47
29 35
35 50
45 44
60 38
55 36
61 41
27 60
44 27
48 28
62 59
34 46
34 63
34 60
29 45
49 41
43 32
36 31
30 54
54 44
31 43
58 53
48 40
53 35
62 39
47 28
63 62
40 25
28 45
54 41
43 55
36 56
48 46
39 63
51 44
57 38
58 54
50 45
31 35
28 43
49 39
45 43
56 52
54 62
37 46
29 30
41 54
45 62
26 48
47 46
34 32
53 50
43 38
49 35
27 54
43 34
35 34
25 44
33 53
60 50
35 50
49 39
40 31
41 31
56 35
49 44
40 57
35 57
28 50
49 36
47 44
46 45
45 51
39 38
51 36
42 32
35 27
25 26
42 35
48 33
30 52
40 32
44 41
47 46
36 32
36 41
53 45
35 41
28 37
39 30
38 40
43 35
45 54
61 31
34 50
44 59
34 29
46 25
45 31
41 49
35 47
34 56
32 34
30 53
37 37
33 57
60 48
41 47
28 27
35 52
51 48
63 43
51 42
54 27
37 48
59 59
54 40
39 29
40 54
48 57
56 38
28 51
51 35
58 28
45 27
59 26
43 44
51 30
50 33
31 40
48 38
60 28
44 39
40 59
44 52
35 42
40 62
48 28
35 56
45 38
60 36
30 44
33 51
36 32
50 26
63 51
45 51
38 52
62 46
45 49
50 40
42 44
40 32
35 32
41 33
29 34
38 53
31 30
39 47
42 45
61 34
37 36
50 36
37 62
43 50
32 45
46 51
47 48
30 46
50 62
43 26
30 55
50 42
56 48
53 53
28 45
30 28
27 26
52 57
54 35
51 27
38 48
40 39
45 36
46 37
33 51
26 52
51 26
39 49
44 27
46 62
62 41
29 28
38 46
31 35
26 54
33 43
60 50
39 51
42 33
25 50
42 51
36 29
47 41
63 29
42 25
31 40
28 37
37 50
32 44
26 61
38 42
62 26
45 27
39 39
60 48
36 38
39 46
38 54
49 40
28 34
53 49
33 34
32 57
35 27
53 35
52 29
37 60
37 38
31 48
50 38
41 38
39 38
57 30
61 32
53 42
43 32
35 45
44 58
34 55
48 41
37 58
45 30
40 35
43 38
51 44
29 30
43 34
63 62
53 38
50 33
30 38
29 57
58 29
56 32
56 43
38 53
33 51
30 51
50 61
37 47
49 31
56 40
48 60
54 44
45 35
41 32
33 50
50 39
33 37
32 44
48 34
37 41
26 48
41 51
48 42
40 56
33 43
53 61
43 49
38 26
33 39
57 28
41 47
44 53
52 29
51 27
33 43
42 45
62 52
33 47
52 52
56 30
40 54
41 37
59 28
40 46
40 42
25 44
37 55
39 46
35 32
57 58
62 54
54 29
42 47
34 35
52 52
58 46
39 32
27 51
60 43
35 36
31 29
45 42
62 34
59 55
38 52
42 31
45 37
39 55
52 44
32 51
34 26
37 43
38 40
52 37
57 50
40 37
46 44
42 27
38 39
40 34
50 43
47 43
41 50
44 53
57 51
36 42
40 31
32 42
58 49
44 61
42 33
55 39
47 39
51 32
49 30
36 46
48 58
41 32
54 28
33 40
45 38
30 55
29 37
37 37
48 40
44 58
39 33
46 63
45 38
35 35
47 39
47 42
59 45
43 56
53 46
58 31
63 27
55 48
38 41
44 56
52 35
56 42
33 46
28 48
36 49
32 48
43 48
41 32
31 37
47 34
28 31
31 48
45 37
37 29
59 27
57 32
32 25
38 28
52 29
55 38
31 52
47 41
29 39
25 57
39 55
39 46
46 55
61 34
59 60
33 46
41 53
54 50
44 40
37 45
53 27
37 45
57 37
31 33
32 34
31 31
31 29
32 40
52 45
33 50
62 55
44 54
34 51
40 54
50 50
44 55
51 57
29 43
39 40
47 33
53 54
36 58
47 52
49 51
52 60
56 37
56 54
51 34
53 31
51 36
35 39
42 26
34 50
54 48
39 53
56 40
43 28
58 40
40 42
36 37
34 59
36 46
29 49
39 58
30 38
58 30
57 26
43 52
52 35
44 42
55 55
28 44
51 34
49 34
61 26
34 43
57 38
44 30
55 57
40 35
46 56
41 42
35 39
34 41
47 48
58 36
28 44
38 39
38 52
33 34
37 60
54 44
47 34
31 47
49 34
57 36
63 37
38 40
40 37
27 48
26 57
42 28
58 52
43 34
48 52
38 32
47 59
37 39
40 30
25 50
45 55
28 54
47 45
43 37
46 61
59 36
46 28
47 33
31 48
29 50
29 46
48 55
36 59
53 33
41 28
38 35
44 32
46 50
27 44
46 27
48 42
54 40
44 52
50 30
34 52
44 40
43 35
36 38
34 26
40 58
50 44
29 52
55 36
53 40
55 49
40 49
49 59
52 38
61 49
36 33
59 45
43 43
35 45
47 55
31 41
45 60
38 49
49 62
44 51
56 48
58 47
37 49
41 35
48 46
52 32
40 49
58 61
43 39
57 42
34 63
61 41
55 51
26 38
63 35
31 53
35 30
32 40
27 38
43 58
47 61
41 31
59 44
46 49
50 39
37 35
38 32
41 34
45 43
34 53
38 43
29 44
31 40
30 52
34 46
46 29
52 42
39 43
36 41
57 33
25 45
49 34
36 49
51 41
30 40
48 53
39 44
29 59
43 31
34 35
25 37
54 45
36 41
38 27
40 48
33 44
31 44
44 55
44 29
41 32
47 55
44 44
42 31
47 36
29 48
34 53
47 57
40 42
42 38
35 32
33 53
41 52
46 47
40 44
53 40
54 55
54 40
43 31
54 63
32 49
36 38
55 51
58 27
54 34
25 45
31 48
35 35
37 52
54 34
48 40
37 51
61 58
52 42
39 49
44 47
51 56
36 42
35 37
39 60
59 25
56 51
54 34
50 39
27 55
40 48
46 48
61 35
56 40
42 43
48 40
29 44
47 39
39 51
41 61
45 56
49 32
55 45
56 50
39 56
37 43
35 38
37 48
39 54
37 36
37 44
35 37
61 33
47 57
42 42
62 53
36 38
53 60
43 46
26 40
45 47
44 54
39 43
49 53
51 37
39 38
52 52
46 32
33 47
39 41
34 39
41 39
42 31
53 55
44 42
38 43
52 61
36 63
48 31
47 51
40 33
28 48
28 42
44 47
41 30
46 32
47 33
33 52
52 61
52 35
40 30
39 53
30 53
40 40
32 44
25 41
44 26
39 32
55 33
48 55
39 58
42 31
60 53
32 61
51 46
51 60
41 33
43 41
49 31
39 39
55 56
43 43
43 46
39 32
35 49
45 55
41 58
47 39
58 37
30 57
39 43
31 35
61 54
33 53
43 39
32 46
58 25
36 39
46 36
36 61
42 47
61 57
58 40
35 34
58 47
34 34
37 35
50 40
45 58
58 26
35 46
46 35
56 60
56 50
41 43
34 33
34 47
47 48
33 41
42 34
33 41
33 55
60 47
42 29
37 43
30 47
42 61
39 35
63 40
44 46
48 54
38 36
38 31
43 30
29 49
47 55
37 48
28 29
46 52
39 62
63 56
49 54
58 37
47 29
58 34
55 62
54 60
45 39
49 63
52 28
46 61
50 46
26 61
49 47
42 44
54 46
35 49
25 29
56 43
54 49
45 54
44 25
34 35
30 60
32 40
51 60
39 47
34 36
37 43
46 30
50 41
47 34
51 47
34 49
33 53
36 36
54 51
43 57
36 51
55 51
54 50
33 57
32 44
55 39
45 45
36 28
45 53
51 30
37 56
33 50
43 30
41 57
60 39
60 42
55 47
42 57
45 48
40 39
29 40
51 61
41 39
25 42
56 49
34 53
34 32
43 34
31 29
56 52
45 34
31 39
56 27
44 37
45 28
42 39
34 38
35 54
34 55
51 44
44 53
38 41
45 52
48 45
53 29
39 40
44 56
40 39
63 42
36 44
38 28
55 44
36 38
34 54
43 50
54 34
51 57
37 30
31 34
59 40
43 54
56 55
50 39
45 50
51 63
38 37
36 26
26 30
42 35
39 46
40 33
53 47
37 58
41 42
40 28
30 37
33 43
53 48
56 43
29 55
29 29
53 55
47 42
42 61
33 50
41 45
59 63
44 29
43 54
35 43
49 37
42 33
33 35
62 36
44 27
54 36
58 36
42 33
35 48
31 50
43 56
46 36
44 25
53 62
37 54
56 59
58 30
48 47
51 36
28 30
41 31
61 35
26 45
41 55
41 40
52 49
37 38
28 55
47 46
43 38
26 29
56 44
59 47
42 34
57 61
45 38
62 28
49 31
50 45
45 36
53 25
46 52
46 41
32 50
61 56
59 31
30 43
35 49
40 34
26 31
42 44
31 47
39 52
32 41
47 47
40 25
44 54
32 58
35 47
30 63
39 25
56 44
33 51
42 45
41 52
39 35
30 61
40 47
43 33
55 53
37 30
37 49
36 61
42 56
35 40
39 54
41 37
31 35
31 54
52 36
41 45
53 45
61 31
28 37
37 42
48 45
44 29
34 45
39 47
35 46
47 25
53 28
36 37
25 40
27 40
34 58
56 25
47 48
39 55
31 53
46 41
56 34
43 63
30 38
42 25
36 49
40 56
32 62
49 50
39 47
51 61
55 57
42 46
52 36
38 44
37 62
29 28
35 35
42 44
49 32
41 42
36 45
44 48
42 36
38 34
47 29
41 42
31 49
27 59
48 42
36 48
58 27
54 53
56 35
25 45
54 40
38 43
50 62
48 40
44 49
52 52
38 40
41 40
46 46
35 44
26 29
31 61
41 54
56 46
40 38
38 39
41 42
40 62
38 42
33 45
61 32
52 41
46 43
46 49
43 38
47 35
55 44
26 34
33 43
27 41
40 33
33 56
37 37
31 38
40 37
47 53
53 48
33 33
32 27
45 39
53 38
25 52
49 47
29 48
48 45
43 41
38 33
34 28
43 27
50 33
55 38
34 47
48 43
61 45
37 45
30 31
32 43
26 40
36 48
36 53
61 61
49 46
47 52
54 45
33 40
57 44
39 25
35 57
39 37
49 47
40 53
44 53
49 34
39 45
32 43
49 43
53 31
28 39
48 37
48 48
50 55
55 43
48 39
36 31
46 41
41 59
35 44
61 48
25 35
39 54
49 42
39 62
50 57
42 42
40 55
55 48
40 53
33 35
45 52
32 36
54 54
36 54
63 40
45 32
48 34
29 53
46 51
43 43
47 61
61 26
47 31
51 43
55 48
50 45
61 46
55 55
28 35
55 50
45 42
54 36
44 41
58 40
49 30
54 47
34 53
40 43
46 37
50 52
27 40
28 55
48 44
46 40
55 28
56 34
29 43
44 26
39 45
39 47
34 46
30 34
46 41
43 41
32 52
41 42
48 42
49 57
51 30
29 60
46 58
30 43
49 41
27 31
51 27
43 34
33 48
39 38
49 40
44 40
36 38
33 47
43 61
43 42
46 43
27 29
50 52
25 49
41 41
43 44
41 44
44 25
32 33
56 27
45 47
33 61
27 38
46 39
54 50
29 37
60 57
54 34
49 46
49 29
40 43
38 42
51 46
56 50
47 57
38 56
31 59
48 50
52 44
53 30
53 52
39 54
37 42
45 42
45 61
26 29
40 55
56 32
32 49
42 39
55 60
36 40
49 32
45 52
35 36
40 28
43 49
36 38
40 52
53 56
46 38
61 46
31 53
34 44
27 44
35 45
42 32
62 59
51 57
36 50
61 46
40 27
57 52
39 61
36 53
33 29
40 55
58 35
37 56
33 51
41 40
40 34
31 50
44 35
42 35
33 41
31 45
33 44
53 50
41 53
46 38
47 58
61 39
48 38
34 60
46 49
35 39
56 34
31 46
51 27
46 40
26 43
58 50
41 52
38 34
51 45
38 47
45 50
39 42
50 40
29 51
46 36
53 42
34 29
32 39
55 27
50 49
48 56
48 41
52 45
40 45
51 46
51 34
53 44
51 34
50 30
44 49
58 36
47 26
35 42
58 55
51 27
53 40
59 43
55 44
55 34
36 51
30 33
25 49
54 45
50 59
38 50
34 31
27 33
54 53
49 28
39 39
53 45
61 42
42 31
45 28
37 38
36 43
59 60
44 38
41 44
51 41
46 38
53 45
58 50
41 42
41 42
56 28
43 57
27 35
54 40
31 46
53 38
34 40
43 50
33 57
54 55
40 38
48 41
54 38
59 46
58 39
39 42
51 56
39 45
30 40
25 42
34 36
54 44
27 33
35 41
48 48
48 25
62 40
46 46
50 48
51 55
45 43
39 45
48 48
25 54
58 26
38 59
45 54
38 26
43 25
46 33
54 56
27 51
53 52
55 62
31 41
38 32
31 41
34 47
45 52
31 36
52 40
34 55
29 25
40 44
52 41
44 26
45 46
59 34
54 29
43 46
57 53
56 45
45 49
35 60
33 52
38 36
34 56
31 49
60 63
47 43
47 49
48 54
49 56
37 53
43 35
53 60
49 42
58 37
39 34
36 29
46 48
44 48
55 31
59 56
47 29
48 60
44 29
38 37
51 37
28 61
42 49
40 48
51 37
47 55
46 48
44 44
58 44
50 38
35 56
32 33
36 35
38 50
30 29
30 48
42 30
39 47
46 39
58 33
46 54
32 62
34 38
45 27
58 38
35 49
50 35
38 38
38 39
43 29
50 49
44 52
32 53
47 56
45 46
33 46
53 55
42 27
32 50
44 27
49 49
44 30
30 43
52 53
40 54
30 63
57 45
47 31
35 55
39 63
39 37
30 46
31 33
48 33
28 35
29 25
49 33
44 42
53 46
46 56
46 57
45 50
43 43
55 31
43 28
32 50
35 40
57 50
41 39
62 39
42 36
61 31
63 46
39 51
54 33
28 40
50 32
31 58
28 35
42 28
48 34
46 32
52 42
60 31
58 30
37 32
40 50
47 46
46 48
30 42
40 44
31 27
36 31
34 60
49 42
37 44
46 50
25 29
47 42
55 60
56 25
51 42
43 44
58 46
55 26
50 32
27 56
38 53
54 41
42 52
37 38
50 29
38 48
62 35
45 50
36 39
40 57
43 38
38 43
41 55
51 45
26 55
35 48
51 47
28 50
58 39
39 44
40 31
48 42
38 28
63 43
27 28
40 36
34 50
44 42
43 38
57 33
42 60
33 34
56 54
39 59
38 57
28 44
59 52
37 29
58 30
52 55
39 48
25 45
41 49
42 57
34 37
60 40
25 36
36 45
31 37
55 43
39 28
49 38
51 36
40 34
46 40
44 41
42 57
53 34
33 52
39 58
30 58
36 31
37 45
49 49
55 42
48 55
46 48
33 54
45 35
42 47
49 27
25 33
26 39
61 40
33 54
42 44
44 58
39 44
33 28
32 33
43 58
62 42
46 47
41 55
55 41
45 53
51 36
37 43
36 40
30 38
42 43
46 43
62 41
38 52
35 48
57 58
39 29
37 28
44 51
57 61
59 44
53 26
31 62
41 36
37 44
56 42
36 43
49 51
41 35
37 56
59 33
41 31
42 32
37 61
33 60
54 55
40 42
50 40
29 32
63 39
40 41
47 35
30 43
26 38
33 39
63 48
45 45
26 31
35 36
54 25
40 40
51 43
43 56
43 45
40 52
35 32
39 56
63 48
46 28
27 53
43 52
34 51
59 39
30 49
36 29
37 29
30 42
35 47
63 48
39 40
61 41
39 44
58 27
56 35
34 45
55 36
40 51
50 28
43 53
40 40
55 42
62 54
55 57
45 40
56 41
32 44
33 30
59 51
36 52
58 32
43 36
45 41
58 36
40 25
52 51
40 38
44 33
46 36
59 25
55 35
34 31
48 36
38 49
53 49
55 41
33 49
43 32
43 36
26 53
29 45
46 30
36 59
32 27
27 30
42 27
49 57
48 53
55 31
44 44
37 33
38 49
49 38
40 43
34 49
29 53
55 39
50 46
54 54
26 57
28 49
61 40
31 31
39 33
41 37
42 53
43 57
36 45
50 37
53 42
56 37
26 51
34 31
51 38
37 46
59 51
43 50
40 40
32 54
53 54
46 41
31 38
42 40
49 48
52 33
41 51
30 52
55 28
31 48
54 39
36 46
41 48
42 55
39 35
47 62
59 37
48 51
33 35
40 35
37 47
42 35
51 28
56 40
48 35
38 56
40 44
56 30
63 46
50 41
27 40
49 40
27 53
43 32
62 62
50 36
43 57
30 48
33 63
39 45
50 30
41 34
46 46
52 32
57 42
61 62
45 60
29 34
50 63
59 60
62 48
51 47
34 27
42 34
31 50
32 40
32 32
63 46
25 48
36 38
37 32
30 47
41 42
38 27
51 61
62 25
35 36
42 39
47 48
43 43
35 47
55 27
39 35
37 53
42 43
41 48
53 48
46 38
48 40
51 45
38 39
55 60
42 59
43 36
41 59
40 46
34 27
35 37
44 36
45 40
52 38
46 32
43 57
56 57
28 48
63 26
39 42
38 36
57 39
37 52
45 44
57 37
46 59
39 52
35 57
58 44
45 59
50 55
56 49
39 42
51 27
40 43
42 48
43 51
49 45
56 40
36 39
50 38
50 43
43 27
49 56
37 44
44 35
47 59
41 58
57 49
49 29
32 38
45 51
47 45
52 34
53 49
40 26
51 60
48 45
50 29
53 33
32 49
30 35
53 46
35 35
28 32
48 36
62 51
56 26
36 39
55 53
50 42
32 58
51 30
41 33
60 56
37 36
40 54
61 58
31 48
45 58
45 43
38 56
32 56
43 38
48 29
50 38
59 27
33 50
41 26
38 41
47 27
36 47
28 38
48 49
41 34
27 29
40 36
59 42
32 51
47 53
50 58
36 52
28 30
32 35
58 55
26 41
42 49
25 58
47 41
36 43
42 51
56 36
39 36
49 32
45 58
45 48
46 45
41 29
30 56
44 61
36 44
40 53
47 46
55 49
40 38
44 33
61 35
42 57
36 53
34 28
46 42
42 52
53 43
32 39
52 46
47 35
36 38
41 46
54 39
60 28
56 37
36 43
49 51
58 33
46 39
57 35
54 26
57 39
33 40
44 40
53 43
45 51
46 42
35 40
47 43
41 58
27 28
39 44
30 34
30 59
46 36
43 37
63 25
38 43
48 39
61 38
57 52
34 40
36 45
35 42
46 52
46 59
38 51
26 34
44 46
41 63
32 59
52 29
30 38
60 41
44 50
38 37
31 30
36 30
37 36
30 32
53 32
45 28
50 35
42 31
39 42
35 53
49 46
50 27
33 49
43 46
53 56
42 50
37 33
42 59
58 53
35 55
56 27
51 51
56 33
33 35
54 34
30 50
45 46
33 38
38 54
51 36
46 42
59 42
53 34
43 35
35 53
57 41
46 36
36 54
45 34
26 50
38 36
26 43
43 63
49 41
43 62
39 41
46 53
46 36
39 42
46 39
34 47
31 31
46 63
37 57
28 44
43 40
53 55
49 61
38 40
43 47
34 42
40 27
37 39
32 52
48 50
45 35
52 33
36 43
53 26
30 58
49 46
56 47
36 62
49 33
63 37
48 43
32 35
44 26
61 48
40 58
55 41
47 41
35 61
31 44
53 49
39 41
58 41
27 51
51 31
45 51
29 47
57 58
48 34
57 38
32 58
47 45
56 48
30 47
62 47
40 49
46 53
41 29
33 27
33 45
48 26
45 44
58 60
33 41
30 51
53 60
46 52
39 56
50 33
51 49
47 25
62 37
43 42
47 43
47 40
59 42
57 41
49 61
36 36
46 37
55 34
35 38
33 52
37 38
41 39
31 44
52 35
41 51
41 34
58 38
32 44
57 42
58 42
63 33
46 60
27 59
37 35
53 51
49 62
31 31
41 43
57 57
39 50
37 26
48 40
47 51
39 39
31 28
44 31
45 32
58 49
48 50
43 38
31 32
37 25
31 37
46 43
54 34
33 53
42 40
44 32
56 32
48 46
52 51
41 51
56 51
37 60
41 48
44 33
44 26
41 30
57 45
43 36
36 41
42 34
44 26
32 34
35 34
55 25
45 46
63 50
45 40
37 58
30 51
35 54
47 31
50 55
43 46
59 43
36 57
34 40
38 29
31 47
32 54
45 46
53 43
45 49
43 45
35 53
55 37
25 29
51 37
30 43
51 26
54 53
25 60
54 55
59 56
49 41
34 43
55 30
53 34
32 41
34 47
32 52
30 49
30 49
57 38
26 51
27 39
33 46
34 45
29 53
59 56
44 56
44 52
49 49
37 36
36 36
47 47
25 50
35 47
54 47
34 57
49 34
43 29
45 37
36 37
49 45
62 40
29 40
62 47
37 36
42 46
43 54
34 51
37 38
37 54
48 39
25 43
27 30
47 43
37 43
46 41
25 27
49 60
52 30
50 55
37 34
34 53
36 34
45 33
59 33
60 46
31 31
40 34
33 56
49 37
35 37
25 28
56 62
55 27
51 45
40 48
53 63
30 61
37 45
36 61
27 31
58 26
44 42
63 37
60 40
47 36
46 38
45 60
42 49
38 45
41 32
39 33
30 62
44 43
60 52
27 38
35 59
47 38
38 28
36 58
42 49
29 54
40 30
39 45
37 61
55 36
32 44
37 53
31 40
60 52
63 32
46 50
43 51
50 30
39 48
36 46
34 44
39 50
42 42
42 35
58 34
32 58
38 39
39 46
33 38
33 55
52 42
44 33
26 58
27 47
40 42
39 30
47 47
39 46
30 35
37 34
47 31
36 46
54 57
42 42
40 49
42 43
29 55
36 43
39 56
45 55
48 34
36 46
37 39
49 26
53 33
59 60
30 41
39 55
43 59
57 63
37 63
29 50
51 41
44 48
32 53
47 35
44 26
55 34
40 31
47 36
34 30
48 49
55 29
55 38
48 27
41 33
42 35
25 42
34 39
54 36
50 41
36 48
38 55
31 50
29 42
29 31
41 34
42 40
46 36
33 46
39 31
44 58
62 42
36 48
63 52
33 39
37 51
48 61
41 33
50 34
51 58
40 53
37 53
31 59
45 62
41 61
30 30
38 54
57 36
38 33
28 42
55 45
61 37
45 58
50 34
53 44
53 37
37 39
35 52
40 50
43 39
31 57
41 56
60 45
46 34
44 35
59 42
58 26
50 47
46 55
38 54
47 39
47 40
44 49
58 40
57 35
29 52
56 50
54 44
48 50
26 39
38 39
40 56
55 41
55 41
45 32
37 53
41 52
40 58
29 53
52 60
45 61
55 51
61 26
30 40
32 50
47 57
41 45
46 40
37 48
47 53
39 39
52 44
38 58
45 38
52 56
54 54
33 48
56 26
52 27
43 60
38 48
39 54
56 45
32 57
56 38
27 39
35 48
52 54
47 46
27 49
38 33
43 51
27 34
57 56
43 41
50 44
48 32
60 47
47 52
53 25
57 28
56 40
31 40
39 40
34 58
54 32
35 53
42 31
54 59
29 29
33 44
46 53
61 54
50 57
61 43
39 48
52 49
36 39
54 36
43 40
31 54
40 52
59 50
33 32
39 48
39 45
34 54
47 55
38 54
31 42
55 49
46 51
39 31
56 51
40 36
31 29
54 51
43 57
48 51
51 43
54 34
59 41
58 62
47 52
29 39
47 62
30 34
52 51
55 38
25 32
62 36
35 44
37 33
39 41
51 28
47 39
27 44
35 37
31 34
43 53
25 33
51 42
30 25
49 55
45 60
51 45
31 57
46 47
33 42
33 35
53 44
37 58
46 31
43 49
31 63
35 29
27 28
31 52
31 37
44 39
60 31
41 52
56 57
40 29
29 26
26 30
39 33
31 52
52 42
45 46
52 50
51 54
41 34
39 39
48 36
51 36
35 28
47 60
50 48
51 47
49 48
46 51
44 28
56 47
35 39
52 32
43 44
37 34
34 55
38 30
51 51
38 38
37 36
33 49
52 50
45 46
41 42
31 36
61 45
48 41
50 53
38 53
41 34
47 41
39 34
30 49
44 44
36 47
26 44
44 35
39 28
33 45
32 48
55 48
26 38
43 54
36 45
26 46
46 37
37 30
44 59
35 44
48 63
36 58
48 63
52 36
45 28
49 62
43 48
41 57
49 56
29 40
43 32
54 37
38 48
28 57
36 42
47 40
34 37
42 47
40 42
44 43
37 57
51 40
36 38
38 36
40 39
53 57
40 50
53 50
57 46
50 39
36 32
28 41
33 57
45 62
35 57
53 27
27 41
48 51
50 63
59 43
27 56
43 37
54 34
35 48
43 48
57 48
57 53
56 54
41 55
48 51
61 52
40 59
52 46
29 38
52 53
32 39
33 56
49 33
40 54
34 33
46 56
38 55
46 30
52 43
29 38
35 37
44 44
44 56
45 54
39 49
48 39
31 37
44 59
61 31
43 35
30 46
25 44
53 54
46 25
41 33
35 34
37 28
56 48
25 43
34 54
41 57
35 52
57 51
49 41
35 42
41 30
59 28
53 37
42 30
46 59
53 43
40 48
36 41
30 41
36 42
26 53
40 36
48 42
49 42
50 29
55 47
35 49
36 39
35 36
36 50
52 55
42 28
38 49
38 43
37 51
34 43
42 51
47 54
63 47
40 62
53 34
42 53
62 60
33 27
29 40
35 42
34 29
40 51
35 31
31 55
42 25
43 30
33 30
52 43
49 40
39 35
56 29
47 41
54 47
46 38
45 44
60 50
51 35
62 42
51 57
44 34
53 31
30 47
32 51
58 47
51 39
54 35
63 52
44 29
55 63
45 44
48 49
30 38
63 37
30 28
34 37
62 42
27 30
34 43
34 48
63 55
52 36
53 30
40 29
51 48
32 42
45 40
37 41
40 44
34 40
41 45
40 49
53 60
46 55
31 40
34 35
54 45
28 46
31 56
49 51
58 48
41 41
50 31
36 25
58 37
62 35
40 47
44 33
54 32
55 59
48 45
41 49
52 30
44 49
52 47
48 47
42 55
27 51
50 43
54 46
43 53
55 38
47 53
42 31
38 35
47 39
40 48
56 36
40 39
29 32
41 44
54 58
26 42
33 38
50 50
39 45
40 25
44 42
59 43
54 31
29 37
53 34
37 36
35 33
54 42
41 36
38 52
42 33
52 44
32 44
37 53
31 41
49 41
36 42
41 48
61 32
47 51
30 28
44 49
28 58
39 48
34 46
31 49
29 27
28 31
38 48
59 37
58 28
27 37
57 51
45 39
49 50
36 44
32 25
45 44
38 54
29 44
61 58
35 39
35 46
26 47
51 57
55 36
34 38
48 53
35 59
58 34
36 30
30 30
60 50
47 54
57 27
40 49
42 47
46 39
44 53
40 49
63 62
50 46
48 41
44 44
43 38
37 53
28 44
61 28
52 53
53 54
34 37
55 44
62 62
43 37
39 52
42 40
37 39
38 37
52 33
49 51
48 29
35 61
45 53
33 36
48 37
54 42
58 40
52 38
60 52
30 53
33 53
58 29
41 58
51 42
39 48
29 54
49 45
41 30
29 43
40 35
43 56
36 63
33 44
58 50
49 26
30 49
38 42
43 48
41 48
56 51
36 49
39 26
52 44
41 53
51 39
32 33
45 30
39 47
41 44
54 48
25 48
35 60
63 37
40 36
52 26
47 30
59 37
43 34
56 44
42 46
33 44
27 43
53 31
61 37
47 34
55 56
47 29
60 30
38 57
41 47
47 40
42 28
44 33
46 28
53 31
46 38
37 49
38 42
58 51
53 45
39 57
40 61
50 39
63 33
56 40
38 44
48 30
62 45
52 31
49 26
25 36
63 46
44 56
36 55
41 38
28 35
56 34
38 33
45 49
42 47
28 49
43 44
54 47
28 44
46 52
47 52
53 34
53 51
45 50
63 30
47 47
44 29
47 26
47 31
42 33
52 50
37 44
38 56
44 39
56 48
32 34
30 31
51 37
37 27
46 28
38 59
44 42
30 58
36 57
43 30
40 44
47 55
32 37
48 31
57 48
53 39
48 26
41 35
51 43
39 33
40 36
40 40
38 34
35 35
35 47
40 30
39 37
30 41
34 49
48 59
53 60
31 32
45 50
57 32
51 62
39 41
42 34
32 42
28 57
53 28
51 51
28 36
51 41
28 50
43 40
58 31
37 46
38 58
49 46
31 35
55 40
37 33
46 31
53 41
30 37
62 50
25 42
42 27
55 49
56 46
61 48
47 29
56 42
48 38
50 43
29 36
34 26
33 61
40 29
51 33
35 28
51 55
49 56
49 58
37 42
29 42
57 61
35 58
50 32
63 58
56 35
53 28
40 40
40 39
54 35
55 54
37 38
42 38
26 36
44 47
53 46
41 47
32 50
33 27
48 28
48 59
40 35
58 27
37 34
44 42
33 32
38 41
45 29
54 25
33 35
30 39
50 43
49 35
48 43
57 27
32 39
38 51
52 55
46 43
45 39
42 41
29 39
52 28
29 40
57 58
53 51
50 34
55 34
29 28
45 58
49 41
41 39
41 62
61 41
60 50
55 54
32 56
61 35
56 46
57 62
54 41
33 36
48 52
43 34
30 52
49 45
33 45
39 39
46 29
54 37
44 37
42 53
42 37
62 38
55 31
58 40
36 59
42 27
39 30
45 54
50 49
37 56
36 39
62 54
35 52
45 40
40 39
44 34
46 45
34 27
33 41
36 28
58 50
53 37
30 37
47 54
31 38
31 50
53 26
34 42
61 47
43 31
34 36
54 53
53 38
42 39
50 34
49 42
47 56
40 27
47 57
48 58
30 40
43 58
42 41
48 37
40 30
51 45
48 52
40 33
54 52
51 44
44 47
25 31
43 49
50 38
58 40
54 33
40 41
43 52
45 28
51 28
56 26
53 39
26 45
34 30
42 48
40 39
59 27
48 48
53 47
38 36
44 50
59 37
42 63
33 40
43 62
40 42
39 33
62 31
49 32
37 34
58 39
33 42
49 41
54 56
58 41
49 50
33 50
47 55
46 38
36 49
48 61
58 38
35 28
50 60
52 46
36 42
30 45
55 53
32 33
36 32
59 44
41 41
50 38
44 55
34 28
50 37
40 45
39 49
51 44
55 48
43 45
56 27
47 41
51 55
43 49
39 48
49 46
25 52
36 39
43 50
53 41
54 52
38 47
48 27
51 58
28 36
44 25
44 38
46 37
46 42
40 37
55 49
38 51
52 32
26 37
39 33
39 29
29 46
54 47
39 43
30 32
38 52
56 51
36 35
47 26
51 52
43 49
33 40
53 27
29 58
58 36
48 51
28 51
27 53
38 50
35 46
55 36
42 47
25 27
33 28
40 34
25 60
26 41
46 39
53 42
42 43
57 53
32 40
41 47
36 38
40 35
31 54
35 35
52 41
30 36
28 32
58 36
32 36
33 56
38 27
56 31
50 57
53 44
43 27
30 56
43 36
37 33
44 26
61 37
32 60
58 48
29 53
37 38
53 53
25 35
41 61
44 45
42 34
32 52
43 45
37 43
41 37
51 46
47 58
30 38
30 28
59 43
59 57
40 35
30 50
51 58
28 51
62 47
46 38
59 54
28 28
32 32
44 43
43 51
30 58
56 57
36 62
39 49
51 61
55 25
47 43
50 30
51 32
34 53
55 48
58 55
52 50
57 25
55 45
49 32
56 44
40 36
40 50
42 33
46 46
54 38
41 48
58 38
45 27
43 35
43 53
42 30
39 55
31 27
28 32
39 43
42 41
31 46
31 54
45 51
33 28
29 53
39 58
42 27
62 38
55 38
53 41
41 61
41 62
36 31
52 56
53 49
40 34
34 42
32 40
41 46
25 43
29 59
35 43
51 42
53 48
29 45
57 52
61 47
29 28
41 33
43 57
39 37
29 54
46 43
32 32
25 36
39 46
54 46
33 45
60 59
41 50
28 60
59 44
63 44
28 30
39 60
37 61
55 37
33 41
37 38
51 55
44 37
32 41
41 35
34 26
48 36
48 57
53 47
57 59
37 59
61 32
33 50
60 40
54 58
47 36
28 61
52 50
27 32
42 35
38 34
33 51
44 57
62 36
42 31
44 45
54 41
45 62
38 63
48 57
52 45
44 27
37 44
36 36
58 51
33 45
51 45
48 29
42 27
46 43
40 25
35 49
37 61
51 30
26 46
62 37
36 26
40 42
54 30
46 51
55 51
43 57
50 31
53 48
52 37
37 46
42 25
39 27
30 46
39 25
46 50
43 53
58 48
62 28
38 41
44 43
47 35
57 33
36 36
34 52
41 32
42 43
49 31
36 37
39 32
49 40
45 42
54 34
47 45
53 55
59 27
32 52
35 46
26 58
63 34
50 25
50 54
35 60
27 30
51 29
33 62
50 49
28 34
38 30
50 31
58 36
55 60
55 46
43 40
34 29
53 31
48 37
27 41
48 44
51 47
55 59
51 42
61 59
46 45
36 40
42 49
45 44
54 44
47 48
41 26
38 35
37 42
43 46
34 42
46 32
44 62
46 54
62 51
61 28
42 35
48 61
32 59
30 46
37 59
31 25
27 43
42 42
52 63
54 43
39 61
44 50
60 51
49 52
37 40
31 25
44 44
42 48
52 32
49 57
50 54
50 46
33 44
47 48
32 35
33 30
29 48
40 29
37 61
31 51
31 30
34 51
35 43
62 32
63 34
30 38
47 36
49 48
45 26
34 45
41 59
29 55
53 40
45 42
41 49
57 36
43 46
63 45
63 49
63 46
27 36
28 48
47 52
31 34
41 58
37 40
27 59
50 48
59 48
39 49
48 48
39 34
30 45
42 49
34 48
45 63
44 40
43 55
49 30
37 54
38 61
50 36
43 30
30 42
51 35
25 29
63 25
41 29
33 56
34 61
55 32
33 41
40 34
46 40
30 55
45 37
48 39
49 32
31 55
51 52
29 44
39 36
39 41
56 47
41 35
55 63
36 54
47 26
34 41
32 49
63 38
59 47
38 38
32 33
39 42
41 49
34 39
61 55
50 27
40 28
32 49
45 30
51 41
35 38
35 53
49 42
48 53
39 32
40 27
47 46
34 43
46 54
58 37
35 60
41 54
27 43
54 28
54 55
36 41
49 34
44 31
62 48
50 50
56 29
62 63
31 50
48 58
35 52
51 33
51 34
56 35
45 31
29 48
56 37
49 55
53 42
39 54
58 44
29 61
35 52
32 36
59 39
34 55
35 47
59 32
29 61
33 47
31 37
55 48
37 43
44 46
30 43
40 40
53 42
38 39
51 49
29 61
51 44
46 51
40 37
35 39
62 50
61 50
58 44
49 44
60 29
45 43
34 41
42 44
55 46
43 43
32 44
59 52
47 25
26 29
46 50
50 49
57 29
61 49
36 31
52 51
48 39
33 34
45 35
43 50
61 46
44 52
29 34
48 38
51 39
49 32
37 43
49 44
63 31
34 63
27 48
49 29
59 58
57 41
25 49
40 54
47 33
25 33
53 61
55 58
37 56
40 27
47 38
46 53
43 53
59 42
49 33
48 40
40 43
35 37
34 28
47 51
32 36
51 40
38 30
38 32
53 47
60 31
33 61
41 42
45 54
29 50
33 44
42 59
34 47
37 43
34 62
36 30
52 27
52 35
44 48
63 55
42 59
27 48
47 51
43 55
48 54
55 34
55 35
40 40
54 31
30 52
42 42
54 46
37 53
58 56
36 28
40 51
36 44
31 51
43 39
50 63
33 30
28 38
41 50
36 54
42 44
46 25
57 37
44 32
26 62
43 39
38 58
34 33
42 32
44 48
41 37
42 50
43 39
48 35
34 37
60 34
52 26
36 48
40 44
54 63
34 53
55 47
41 35
43 33
35 31
47 56
41 45
26 55
45 38
42 36
41 46
61 40
47 50
36 37
50 48
31 45
50 41
27 60
59 30
46 30
45 37
54 44
30 43
54 45
35 57
38 40
39 48
43 52
31 61
37 47
43 54
40 36
27 39
37 58
45 48
25 35
52 50
33 43
34 39
58 37
38 46
44 50
57 48
48 44
48 30
34 34
26 40
39 43
33 51
38 33
41 45
52 46
35 41
58 43
36 62
48 30
53 39
39 63
36 34
34 59
50 56
52 30
33 36
47 58
30 39
32 50
35 55
47 47
49 41
47 43
40 43
58 35
39 47
40 38
48 52
52 33
46 31
32 61
49 58
44 60
63 50
41 53
46 48
30 48
40 32
41 55
51 49
32 42
49 39
32 54
57 62
47 60
53 30
46 33
33 43
48 42
38 48
40 45
48 49
48 61
49 40
49 44
29 44
40 59
45 44
43 25
43 33
45 33
43 34
56 43
39 40
30 38
45 43
52 43
46 52
57 41
45 49
28 35
34 37
35 60
37 27
36 43
55 58
30 34
39 29
25 58
61 44
41 46
50 33
33 35
36 30
26 42
38 48
52 43
33 35
35 42
56 60
55 62
26 43
45 46
56 50
50 41
52 45
53 34
54 34
27 62
30 34
57 42
47 33
38 52
32 49
26 33
54 50
28 34
52 59
41 31
46 50
32 35
43 54
34 40
40 51
60 39
43 47
38 26
38 43
58 62
30 37
52 39
54 58
44 43
60 55
54 49
35 43
40 54
61 47
54 44
39 40
40 46
47 32
43 35
50 53
55 53
55 50
33 36
40 34
36 51
27 37
52 57
38 40
34 44
43 38
29 47
48 37
61 38
46 60
31 30
51 58
40 33
63 50
42 35
34 53
54 26
56 48
50 54
41 30
27 50
27 47
31 25
44 56
59 35
51 47
58 35
48 28
28 35
41 39
50 30
52 46
28 45
42 39
56 39
46 34
32 34
41 46
33 49
41 30
48 25
49 29
47 40
55 29
62 38
31 37
59 53
40 50
29 60
26 40
26 41
54 27
25 41
39 50
56 35
42 38
43 51
43 36
38 29
57 41
40 56
44 45
50 34
36 29
30 45
40 56
49 41
44 40
26 47
51 27
34 55
48 59
60 51
29 42
42 34
32 37
44 50
63 54
28 50
49 52
30 47
38 47
40 52
50 47
54 43
55 46
46 29
32 30
33 39
56 46
58 28
29 60
53 51
50 54
31 31
58 27
48 47
32 47
42 49
33 58
29 39
51 41
59 40
40 47
52 41
62 25
53 49
37 48
48 46
35 33
40 36
55 56
49 42
48 59
41 38
50 52
40 49
44 46
42 31
57 43
34 52
55 41
58 25
50 52
46 45
26 30
38 27
38 60
44 43
47 29
59 35
43 34
28 43
48 29
51 42
36 51
59 54
26 47
43 26
42 38
45 43
36 26
45 62
38 43
36 47
39 43
54 52
39 42
35 33
54 44
36 49
36 51
47 36
30 48
47 55
47 50
60 49
28 32
53 47
36 58
57 34
31 42
37 58
44 47
51 26
55 53
33 38
41 43
35 46
55 42
40 56
34 48
41 39
51 46
38 58
42 44
39 26
44 40
47 43
50 26
56 36
33 53
58 49
52 31
36 38
41 46
37 26
45 51
45 35
53 44
38 40
46 48
52 56
47 59
25 37
36 44
49 62
50 58
50 44
45 54
48 26
61 44
26 32
26 39
45 37
32 38
42 54
46 38
33 51
39 25
43 49
50 33
38 38
32 47
48 42
45 49
45 33
48 31
42 46
58 63
42 47
37 42
56 56
39 36
35 36
27 48
50 34
61 42
43 62
55 50
29 39
26 28
29 52
59 33
42 34
39 41
31 53
33 63
50 39
46 56
52 36
32 42
43 57
40 48
57 59
51 57
30 62
33 40
34 62
51 53
47 60
46 30
47 49
41 40
35 30
40 45
40 50
50 29
41 38
31 31
50 47
26 32
36 54
37 51
31 50
26 51
41 50
38 41
46 53
41 36
26 45
41 36
38 56
58 33
40 48
39 51
35 46
37 51
47 62
36 35
47 43
49 58
44 61
30 56
34 34
51 44
48 45
39 46
53 46
44 38
33 38
26 47
48 40
38 33
37 27
53 38
44 48
40 57
41 55
32 56
55 42
57 35
36 45
47 47
33 45
44 43
31 30
39 37
38 45
30 41
52 50
41 54
39 38
35 34
29 59
32 51
28 62
33 38
47 31
51 46
33 42
45 41
47 55
34 46
35 33
29 42
41 52
33 40
27 50
35 63
35 39
36 48
31 38
47 32
49 45
62 44
45 56
47 38
45 35
44 35
26 50
37 43
29 37
48 55
28 51
27 38
36 34
38 37
32 45
32 39
39 37
50 37
57 34
47 45
60 51
53 50
49 28
45 45
30 43
35 41
44 51
58 61
51 36
41 48
42 31
45 58
46 53
39 46
25 50
39 51
45 48
49 33
44 53
49 51
51 27
49 45
26 41
49 59
35 46
41 39
32 57
61 45
44 36
33 39
52 46
43 39
45 26
45 53
41 51
35 62
48 30
32 53
59 33
46 41
44 35
44 46
62 50
46 36
35 40
43 46
62 37
53 47
63 33
38 43
37 36
38 46
36 53
33 32
39 25
54 35
29 56
38 51
32 40
60 45
52 47
49 25
58 28
49 30
52 52
49 51
48 40
63 26
37 30
36 31
55 44
62 45
56 41
27 49
31 40
33 58
53 49
46 27
26 33
55 54
27 49
36 57
43 38
43 44
36 56
44 33
41 40
57 42
49 30
26 51
37 32
27 40
48 51
42 29
48 28
58 53
53 42
36 55
44 58
48 38
57 55
43 29
51 62
39 43
37 42
52 34
37 39
34 30
25 40
30 40
40 31
51 50
54 31
49 50
42 63
27 63
45 54
43 49
32 43
62 55
60 35
30 46
30 44
59 53
40 48
62 32
29 31
46 42
33 57
50 52
26 28
47 58
35 37
31 34
40 31
43 48
58 39
45 38
59 36
28 38
46 48
49 53
32 40
39 36
42 41
42 61
33 37
36 58
40 29
43 33
53 56
43 25
39 34
31 59
41 31
52 50
45 59
33 40
32 49
33 61
28 51
54 26
46 55
39 30
57 40
39 57
56 27
30 39
42 38
29 56
56 33
44 37
43 54
48 41
30 54
46 34
46 37
32 52
39 54
49 55
61 52
50 43
40 26
31 28
38 41
39 45
46 26
44 33
49 33
35 34
35 37
28 37
37 42
45 37
28 44
35 50
48 34
53 55
25 59
37 37
54 43
42 30
52 61
32 34
43 57
49 39
63 29
27 35
57 49
50 47
29 43
63 54
44 55
49 34
44 63
32 44
37 27
40 41
38 43
43 44
41 44
33 58
61 32
55 32
29 53
52 39
44 37
43 43
49 32
44 41
25 45
49 43
42 55
51 36
37 38
25 41
31 34
58 51
52 35
48 32
44 35
30 32
27 56
50 42
51 36
40 42
40 55
35 61
59 39
55 45
48 34
40 38
56 46
28 35
49 56
59 41
42 32
61 30
57 46
27 46
48 33
37 38
55 29
49 30
36 41
48 43
31 41
61 54
46 47
26 34
40 61
46 53
29 41
44 31
59 44
42 55
46 35
46 35
53 41
38 47
43 32
56 31
38 43
34 31
53 31
29 43
34 41
43 33
34 51
59 39
43 34
34 40
34 30
42 43
31 63
44 61
38 49
42 61
56 58
53 43
25 30
46 41
42 43
30 40
43 43
28 40
47 30
44 36
42 45
48 63
61 26
35 39
50 55
45 60
57 38
49 49
45 25
31 36
52 44
45 38
53 42
33 35
50 63
35 46
46 40
41 40
59 58
63 56
51 62
53 38
34 42
42 34
27 58
27 56
45 45
41 49
51 61
48 47
40 45
30 42
30 44
39 41
42 55
46 49
44 28
27 54
30 27
39 53
47 44
43 47
44 37
54 53
59 57
30 45
25 27
33 60
47 51
28 31
40 53
51 45
30 50
48 33
51 42
54 32
38 36
27 39
51 45
31 57
39 55
59 25
46 44
41 25
31 53
57 36
47 47
51 35
37 45
50 44
35 59
59 41
34 51
45 46
42 56
36 55
26 46
33 35
31 57
40 27
48 27
46 41
63 40
47 46
35 46
57 56
51 44
53 51
52 50
31 47
61 42
26 60
45 36
37 56
47 26
48 32
45 54
37 31
50 46
36 43
42 32
40 30
60 41
53 56
37 49
37 33
35 62
43 54
47 44
45 45
42 44
46 45
61 42
35 60
46 48
44 35
40 48
34 36
51 45
52 37
34 35
35 34
26 33
40 58
49 59
50 55
51 37
33 57
31 39
48 51
46 51
46 59
42 25
48 45
42 44
44 37
62 34
63 49
49 62
37 61
54 53
35 38
29 39
53 49
63 46
37 41
37 46
35 57
35 52
53 34
63 33
31 40
54 57
26 38
52 35
27 41
49 55
55 37
42 43
52 30
45 33
36 53
47 44
35 46
32 43
52 46
41 36
38 45
37 41
35 30
26 50
34 29
41 46
59 49
41 45
36 38
58 49
47 28
29 31
45 50
44 53
49 42
42 38
38 47
61 46
40 39
36 52
57 38
29 34
41 40
52 37
27 29
34 58
36 37
38 63
28 49
51 42
33 34
54 40
25 37
28 50
38 37
42 43
28 36
46 37
42 53
42 27
41 58
52 29
53 32
29 50
56 40
50 41
38 63
27 36
48 42
61 39
28 36
48 29
40 49
48 25
46 39
37 34
47 35
49 57
56 51
53 53
43 55
38 60
44 46
46 40
54 46
54 59
42 46
52 40
44 39
50 26
36 49
41 32
34 58
41 38
46 40
45 34
35 43
31 47
43 54
42 47
43 63
41 48
31 32
46 28
48 52
29 37
45 30
35 27
27 58
59 32
41 40
43 33
46 50
45 57
60 33
50 40
58 56
48 37
39 34
41 47
28 59
37 46
31 52
36 38
43 53
54 42
63 42
45 26
33 52
38 39
34 38
61 48
51 52
29 39
47 44
49 51
30 33
45 62
38 34
41 38
35 54
50 31
53 33
63 38
26 55
41 48
48 37
48 46
61 31
37 43
40 33
39 36
32 63
43 48
46 43
49 53
35 50
46 28
46 44
54 50
39 29
37 30
36 39
42 52
36 54
43 30
45 63
43 43
34 43
27 33
44 54
29 37
30 38
45 42
62 45
45 28
48 50
30 54
30 35
47 28
36 33
54 31
51 59
31 33
43 29
35 54
48 32
32 33
49 50
38 38
41 41
33 30
43 52
33 54
58 33
51 43
57 49
53 38
36 39
52 45
45 62
43 49
28 34
46 62
55 28
61 54
53 41
54 37
33 30
39 57
34 58
28 32
35 37
39 38
55 48
35 55
27 46
42 50
48 41
48 35
30 39
58 40
45 35
46 29
28 52
61 61
47 44
50 26
31 57
31 38
35 53
51 44
59 36
37 29
36 56
51 25
57 30
59 43
51 37
62 60
62 31
35 33
32 36
41 37
47 36
28 36
37 56
44 59
41 53
26 50
63 37
48 42
45 43
36 41
62 45
48 42
39 58
33 40
45 35
43 35
28 29
32 63
26 63
37 50
33 37
61 60
38 47
45 37
42 57
62 50
46 45
63 62
50 50
48 44
47 49
46 30
39 52
41 62
31 27
42 59
55 43
28 61
43 41
44 54
40 31
31 45
42 36
28 51
41 29
25 47
40 49
28 42
52 45
40 39
44 38
58 40
42 36
38 35
38 43
29 60
39 33
37 42
33 49
54 53
49 52
61 37
39 57
57 40
30 37
30 41
26 48
30 43
36 42
62 30
35 47
34 29
54 50
39 48
43 41
52 29
47 25
31 38
47 38
54 35
44 45
35 41
49 49
43 48
38 57
47 48
34 54
53 50
53 59
49 38
32 49
49 38
38 34
52 38
49 59
44 47
55 53
31 42
43 25
49 45
42 56
40 59
48 36
31 46
40 39
48 41
55 42
30 26
51 31
49 48
46 31
44 53
48 25
37 36
35 48
37 48
41 28
39 32
52 57
43 50
30 41
46 57
41 49
42 61
45 31
38 40
58 59
47 48
55 27
62 39
51 47
27 53
38 39
36 30
56 50
45 35
50 60
44 43
50 42
42 55
41 46
40 42
44 35
25 28
49 61
32 49
45 56
41 56
34 47
29 51
35 51
42 26
56 52
25 41
42 40
43 31
60 43
40 63
41 45
46 39
30 43
32 44
36 52
57 27
53 37
48 60
57 55
45 31
49 43
40 43
41 44
38 37
27 59
40 45
46 37
56 47
27 42
48 28
43 34
40 52
55 62
48 25
32 35
39 45
48 41
38 35
49 55
39 43
61 51
42 25
33 46
61 44
46 34
45 47
55 28
41 27
45 31
45 57
45 27
54 36
59 47
34 53
41 36
46 54
51 60
32 38
55 50
36 28
53 42
48 38
50 29
63 31
58 40
39 50
45 37
49 55
59 58
26 25
31 46
49 47
58 48
60 38
43 58
36 35
40 33
34 57
25 33
52 41
48 42
25 49
37 37
54 35
35 56
35 39
58 54
43 41
28 45
47 44
46 36
28 48
26 27
28 41
50 43
32 32
31 46
55 57
42 35
57 43
31 42
29 25
37 31
53 30
46 63
47 56
43 53
50 31
36 54
46 47
46 45
53 40
57 41
45 57
25 47
43 32
63 32
48 49
25 28
39 39
40 59
29 28
58 25
42 40
39 46
60 40
50 62
43 58
30 53
39 37
48 47
51 46
50 57
47 44
30 49
61 37
52 42
28 31
30 56
37 35
41 28
35 47
42 33
59 44
59 40
63 39
42 42
42 36
46 37
60 35
44 43
63 41
39 48
38 48
56 44
48 61
37 39
45 50
26 51
36 39
51 32
51 63
57 58
43 43
45 45
58 38
37 52
61 60
33 59
44 47
39 47
37 30
26 27
41 33
40 45
46 50
40 59
34 28
35 28
61 32
33 44
49 63
34 50
48 38
37 27
38 34
33 28
35 28
29 36
60 41
46 36
43 38
39 42
59 44
40 28
44 43
51 48
52 38
60 54
47 46
46 31
42 60
46 52
47 48
40 51
46 44
51 39
43 44
35 29
41 61
37 54
52 58
41 48
53 25
39 50
54 43
40 28
31 44
48 42
28 49
41 28
41 32
61 61
39 56
42 61
38 37
63 59
47 40
50 58
44 44
42 32
43 53
32 48
59 32
51 37
45 40
50 39
54 48
53 47
40 29
45 39
41 32
44 62
47 37
39 51
48 28
36 41
43 34
48 31
48 41
40 37
42 40
45 29
35 37
43 27
35 58
38 57
54 56
51 32
57 33
38 52
40 31
40 54
46 33
31 55
43 38
31 49
39 60
33 46
59 45
48 44
31 52
30 44
45 47
40 29
51 46
46 26
43 62
49 50
48 54
25 48
26 41
40 47
48 39
51 35
62 38
41 57
46 42
44 49
44 54
41 32
49 54
31 39
51 55
37 36
51 36
55 43
47 37
58 51
56 48
57 54
39 60
55 32
63 46
36 42
36 44
32 40
46 41
52 45
54 46
28 44
27 46
46 47
41 49
43 32
34 27
42 44
37 41
47 31
43 51
61 63
39 55
61 36
44 47
33 45
51 40
37 27
63 51
46 46
40 44
38 36
30 42
41 37
46 46
55 52
43 33
41 46
27 51
50 38
37 33
60 43
37 33
41 27
35 33
52 37
27 30
39 26
41 49
47 31
49 56
40 31
37 58
26 40
45 54
32 27
63 50
35 50
50 51
46 40
33 42
27 35
40 42
52 33
45 57
25 36
30 49
37 40
42 57
46 25
33 35
37 45
57 53
47 41
43 32
53 52
30 46
37 30
28 59
33 49
54 31
52 27
39 42
39 34
55 61
39 44
51 40
38 61
56 31
32 41
35 34
49 28
33 37
42 40
44 41
38 33
51 40
48 30
51 42
45 47
59 45
47 50
50 54
29 38
33 42
50 38
44 49
51 40
39 37
46 51
56 49
52 27
48 58
49 40
32 45
38 44
51 54
29 41
47 49
28 33
29 60
63 30
57 61
34 36
31 48
36 29
31 60
51 37
61 47
32 47
38 33
53 27
62 37
63 31
46 50
26 52
37 32
48 50
25 34
41 28
56 39
44 35
26 36
25 30
49 62
40 49
42 41
55 43
46 48
33 39
59 51
41 47
43 62
35 33
33 42
54 43
28 50
45 44
42 42
58 44
63 45
44 44
40 45
25 39
31 62
35 40
36 40
38 50
55 39
46 35
46 39
35 51
42 53
45 52
48 52
25 52
54 48
51 32
40 38
37 41
47 29
44 41
33 40
30 31
49 39
46 42
45 56
38 25
48 47
54 47
60 46
27 42
39 29
43 48
49 48
41 47
35 33
45 41
30 33
26 46
52 45
42 53
49 36
50 47
34 43
53 32
44 46
27 40
41 51
36 44
47 35
59 44
29 50
45 41
60 39
36 47
38 48
40 44
42 32
39 41
41 35
26 44
35 48
33 33
30 36
46 49
48 25
39 39
52 50
40 51
51 27
63 57
39 36
62 28
36 59
32 41
50 44
54 52
47 33
37 38
55 40
55 40
50 30
42 44
53 25
36 34
51 34
59 39
57 56
57 38
51 41
39 53
44 48
30 63
42 28
32 43
54 45
62 44
45 38
31 40
40 59
35 53
40 47
47 34
55 49
46 29
42 50
54 39
43 43
48 38
43 45
60 42
37 44
48 45
40 36
50 47
36 34
46 62
33 33
62 57
48 46
39 25
36 40
55 50
31 63
39 53
55 53
61 42
32 46
46 47
46 38
48 47
48 35
31 45
52 38
46 42
52 63
34 44
46 41
51 25
31 35
27 31
36 40
48 38
46 29
32 27
33 58
40 61
60 41
52 43
32 47
41 25
37 54
59 56
40 41
35 43
52 56
56 37
44 40
50 51
51 56
49 50
37 29
48 49
37 31
29 53
45 50
50 48
53 32
42 47
36 46
55 57
52 59
40 52
33 25
40 31
38 49
40 35
35 31
28 38
41 40
61 32
37 63
48 51
57 56
48 44
48 38
39 59
54 42
28 46
38 60
60 57
59 43
42 35
57 29
41 57
36 43
49 56
37 42
46 30
48 42
60 26
46 39
51 62
46 58
40 61
40 45
55 36
53 34
28 41
55 54
37 30
30 38
38 44
62 29
51 34
54 50
60 30
62 38
51 40
30 53
59 37
53 44
42 39
47 43
37 30
52 30
34 44
35 30
53 31
51 29
30 29
44 32
37 35
38 45
63 40
60 30
45 35
58 53
38 53
53 56
46 28
41 44
46 28
58 46
35 26
33 35
38 38
48 35
42 45
42 31
46 52
44 31
30 42
39 33
44 59
38 33
59 50
49 35
41 61
43 39
54 49
43 48
26 52
46 56
46 56
40 40
44 54
48 51
39 28
59 60
27 25
58 52
52 41
51 46
43 31
60 32
43 26
50 47
28 33
41 41
46 41
40 44
46 41
41 31
33 31
50 49
56 39
36 37
46 48
43 54
54 46
52 59
50 31
41 47
39 25
52 39
62 59
54 51
60 30
39 61
57 40
34 39
45 27
34 43
48 52
49 42
54 30
50 43
37 26
39 57
30 35
43 37
43 26
58 52
41 44
48 36
63 38
59 37
58 32
36 57
56 54
55 43
34 54
48 40
43 26
51 30
49 55
57 44
42 48
36 58
57 37
36 27
27 49
34 41
46 41
37 35
37 25
48 56
54 60
32 56
40 43
34 44
44 60
38 50
34 56
58 49
28 46
42 35
44 31
31 27
59 41
29 42
37 53
37 56
63 33
25 37
39 37
34 27
49 50
38 35
58 40
52 51
46 26
46 29
40 61
61 53
48 32
41 38
62 45
51 48
46 42
30 60
31 56
46 44
54 36
36 43
44 55
25 41
41 45
51 56
37 41
42 32
29 32
38 34
48 53
54 50
49 59
46 39
53 61
48 55
42 61
33 40
35 51
35 32
36 56
54 45
61 45
41 30
38 40
38 31
33 42
54 33
41 39
38 62
34 39
29 29
61 63
41 47
44 34
27 26
55 39
52 43
43 29
29 28
33 37
28 57
31 52
43 58
48 37
40 51
37 44
36 33
38 61
48 40
61 38
38 49
35 51
39 44
44 54
28 50
40 57
43 40
37 46
40 36
34 37
44 46
35 31
40 38
31 25
39 42
61 41
42 52
44 36
62 62
39 50
43 44
38 34
53 38
50 29
27 35
49 36
47 28
48 55
44 57
32 49
48 28
51 36
45 55
33 26
42 45
41 50
41 41
26 56
42 48
46 30
57 37
30 48
52 52
37 32
50 51
37 54
26 26
38 48
53 29
43 40
45 63
32 28
25 60
41 54
31 40
34 38
58 51
49 37
35 36
48 42
30 44
52 33
56 40
56 44
39 55
43 53
40 35
37 48
55 43
59 31
44 36
45 32
38 28
45 46
53 38
33 46
46 61
43 56
35 43
39 33
62 51
54 31
49 47
47 35
38 44
61 46
46 47
45 29
33 29
43 50
39 29
40 48
59 41
32 46
38 55
60 51
42 63
40 36
60 38
45 29
41 36
30 34
40 62
49 32
48 35
32 45
42 57
37 41
37 43
58 54
40 43
31 56
37 49
42 57
62 43
56 30
45 63
45 32
33 53
42 26
38 55
55 48
34 32
39 45
53 37
41 45
46 55
63 41
31 46
57 50
28 36
38 51
47 44
55 29
25 38
55 42
52 30
43 41
34 42
40 52
26 51
35 48
45 55
56 35
37 38
53 60
47 51
54 46
42 51
35 41
36 44
42 47
42 32
49 59
59 46
49 58
50 40
43 29
61 57
41 32
27 47
26 46
47 54
31 38
52 46
52 49
34 61
41 37
42 51
37 54
33 60
58 46
45 37
25 40
56 60
49 37
29 31
37 28
33 43
34 37
36 54
39 39
59 32
59 49
52 50
30 43
58 51
40 48
63 44
37 39
51 60
41 26
60 29
40 41
53 54
28 31
39 36
61 51
36 28
55 48
37 35
47 45
25 41
39 52
28 61
50 39
49 33
44 34
30 55
48 30
56 29
36 50
37 62
39 36
38 35
41 30
36 63
54 40
36 41
38 35
45 57
44 45
41 45
59 52
53 37
56 62
32 55
58 56
29 30
38 41
48 51
50 49
50 54
49 45
46 26
42 46
33 40
35 60
32 51
38 56
49 48
46 38
46 54
46 37
50 56
43 56
38 61
38 48
46 25
40 51
56 42
26 61
48 58
63 43
45 61
44 35
41 46
63 50
61 33
37 57
50 43
50 41
49 48
39 58
62 34
48 59
35 62
57 48
37 42
50 37
54 34
33 48
42 31
46 34
48 54
32 36
40 36
36 47
28 29
44 36
43 58
36 25
49 49
35 40
41 47
40 52
49 47
41 63
34 31
42 41
30 27
43 28
55 32
32 31
50 35
44 52
61 55
61 37
57 32
39 62
55 54
58 40
57 47
37 52
50 61
40 40
54 43
50 34
46 34
51 32
48 41
47 52
36 36
57 61
50 58
45 41
44 34
44 45
34 48
40 36
44 41
29 48
49 62
42 28
40 58
52 56
47 51
31 28
53 39
45 62
40 51
44 51
32 40
32 53
47 36
49 44
49 51
44 48
45 28
33 42
58 59
41 36
29 39
59 39
40 29
57 47
28 47
36 42
35 55
36 36
34 46
45 35
48 37
34 56
51 49
40 31
31 61
61 35
49 39
25 46
59 32
42 59
48 25
38 27
28 29
35 29
35 51
54 49
39 51
42 29
52 40
41 37
39 40
50 26
28 35
46 27
59 40
39 48
28 48
31 46
41 45
40 61
56 52
47 35
42 48
35 37
38 35
54 49
37 48
40 39
38 39
49 52
25 35
61 33
30 30
50 46
42 50
41 53
40 53
36 45
28 41
48 50
49 45
50 56
35 43
63 56
29 43
35 44
34 56
31 34
46 34
52 29
25 31
48 46
33 36
27 52
28 25
52 45
50 43
35 52
50 32
54 62
34 39
40 63
48 39
47 63
60 28
41 58
63 49
43 29
30 38
49 32
43 43
55 43
50 39
62 43
56 45
35 36
43 43
54 37
47 54
47 41
37 37
34 45
27 42
45 30
38 55
39 52
54 34
49 63
48 40
45 50
49 60
46 60
37 39
28 53
51 35
37 35
60 46
29 47
36 57
61 47
28 36
39 41
43 32
51 34
29 41
55 60
35 53
29 57
39 58
36 54
48 36
37 40
43 32
27 42
36 62
27 54
52 41
59 27
51 49
39 51
46 42
51 30
30 48
57 53
61 30
37 37
29 37
25 53
39 35
36 40
26 43
35 47
41 44
38 34
32 39
45 50
46 31
46 48
35 63
53 60
55 25
46 32
48 28
36 40
35 53
45 48
43 53
32 51
25 46
56 52
59 30
45 47
40 56
32 31
56 50
42 32
35 50
43 28
43 34
51 46
35 40
30 38
35 31
53 44
58 51
42 60
33 43
63 37
34 38
59 26
40 39
45 58
41 43
59 35
49 39
40 39
48 42
33 29
39 28
54 47
53 28
46 27
50 43
54 46
36 54
46 42
43 31
40 57
32 52
53 28
45 59
37 47
34 41
60 27
40 28
54 40
35 36
38 45
32 50
28 55
38 33
39 32
49 41
36 42
36 29
43 40
58 28
30 39
60 34
39 29
57 56
31 33
47 54
38 29
60 47
30 28
41 41
38 40
40 53
39 46
36 42
44 32
38 28
40 39
39 35
53 33
38 41
51 43
34 50
54 40
27 29
37 42
45 28
51 43
27 42
34 31
44 27
50 31
46 51
25 49
41 41
50 40
55 46
38 51
34 59
42 60
34 57
33 26
49 55
35 49
43 36
41 52
54 62
56 63
34 45
50 48
31 51
53 41
26 45
50 34
59 53
45 41
47 37
48 48
39 45
43 32
35 42
43 42
48 48
53 44
56 44
41 42
58 41
56 44
47 41
48 27
35 61
32 40
43 27
44 27
35 52
40 40
35 35
48 45
58 51
50 26
42 55
45 58
32 30
63 43
50 50
55 48
42 55
26 48
43 43
39 45
46 35
33 45
27 56
33 42
43 35
32 44
47 35
29 62
46 40
28 47
38 43
52 59
61 42
44 38
34 48
44 32
56 45
35 38
56 56
44 49
53 42
40 51
38 45
32 44
39 46
47 38
54 49
50 28
42 57
43 62
56 33
46 28
53 28
60 55
37 27
44 37
39 33
36 34
33 36
38 54
44 53
51 34
43 32
42 31
35 56
28 52
47 39
49 57
42 54
47 40
33 52
38 37
62 52
31 62
37 43
44 44
34 29
42 47
48 54
52 42
29 46
48 49
63 40
51 36
48 26
63 39
34 33
31 40
49 45
34 36
40 30
53 61
43 40
38 56
60 55
30 47
48 30
61 63
42 34
34 46
49 36
44 38
54 55
44 34
36 58
50 38
36 55
57 53
46 41
30 44
47 59
35 43
54 42
46 48
45 46
35 49
52 60
48 39
33 55
35 27
47 49
51 27
62 55
48 29
45 48
47 27
25 63
33 50
32 57
54 41
46 30
50 61
31 44
48 40
46 47
55 50
52 45
36 34
62 43
49 28
46 54
48 32
26 30
46 45
38 58
44 30
42 50
28 48
47 62
39 38
35 48
43 42
26 43
35 40
45 36
58 57
42 28
41 47
25 25
35 38
48 58
37 49
40 40
42 34
29 55
39 52
45 42
45 30
56 40
52 54
47 53
45 31
38 35
51 51
50 56
42 34
41 60
55 31
30 28
45 43
46 44
52 38
35 39
38 39
54 40
40 51
26 58
30 54
31 35
30 46
40 40
33 35
58 56
53 44
38 39
31 62
57 53
33 39
59 54
42 43
25 51
31 60
42 27
39 57
50 63
51 37
44 51
29 53
34 39
28 47
37 51
43 44
53 61
27 49
42 41
38 38
42 61
59 54
55 40
25 56
48 58
32 44
52 39
53 31
62 33
32 31
52 59
34 40
62 37
44 47
51 39
50 61
30 45
27 54
48 60
38 45
44 41
34 38
52 59
59 62
27 48
53 61
35 40
38 34
40 57
42 45
49 52
37 42
26 34
43 38
56 26
31 30
34 33
49 47
51 40
26 49
40 53
39 62
29 63
36 27
42 48
32 37
62 44
56 59
51 32
39 47
38 36
46 42
45 27
39 32
58 58
41 30
55 39
55 44
38 48
45 49
51 30
41 43
50 48
29 37
47 61
44 41
27 31
45 35
59 36
52 39
48 55
27 59
50 42
38 55
35 28
40 44
55 57
41 42
40 43
60 58
39 43
50 37
37 46
49 60
62 56
56 49
39 43
28 49
59 34
31 39
40 55
33 42
63 40
42 32
38 44
43 35
36 62
61 25
39 52
44 43
48 34
41 59
44 35
54 61
40 51
55 38
39 40
36 42
31 48
57 35
53 35
31 45
26 37
37 40
32 53
46 45
57 43
46 49
45 52
38 37
40 29
41 46
42 30
51 48
32 40
40 41
48 32
36 38
52 44
27 53
50 52
40 34
44 55
43 27
55 31
25 36
44 51
42 58
59 55
44 44
45 35
46 31
58 55
60 48
34 60
47 34
29 49
44 54
32 40
34 53
49 44
63 61
36 48
41 61
60 26
53 46
55 40
44 39
47 47
54 36
49 52
44 40
62 34
29 33
33 32
42 35
41 43
60 43
35 42
37 48
49 34
51 44
50 40
44 26
57 34
44 35
48 43
27 46
35 36
50 30
60 31
48 38
40 43
53 47
57 44
30 39
31 25
53 55
51 30
32 46
46 33
37 45
29 26
62 51
33 27
43 50
54 28
30 46
50 40
51 52
42 34
34 55
48 45
38 25
53 49
46 53
34 43
53 57
31 62
60 48
46 62
58 48
34 54
45 40
49 25
40 62
62 60
34 47
45 39
54 33
38 34
26 38
53 45
33 50
39 46
33 48
36 34
55 42
41 44
36 31
32 43
54 39
56 52
40 39
26 26
42 40
63 31
37 45
39 43
61 39
45 34
28 62
40 40
41 36
59 42
45 51
44 40
56 54
41 38
37 33
51 32
62 57
34 35
41 43
44 38
60 36
26 40
45 46
56 35
34 38
61 47
40 41
43 33
29 40
55 56
31 33
52 56
60 47
29 29
43 55
44 34
47 31
43 47
50 50
40 32
34 25
62 29
46 34
42 31
39 56
53 26
37 53
51 44
61 42
39 31
47 34
33 39
62 35
44 48
51 47
45 34
40 33
46 57
36 42
44 46
63 36
31 43
62 40
58 30
52 50
42 54
63 52
41 33
58 44
42 31
33 41
38 42
40 51
46 35
46 37
45 37
63 53
38 40
43 58
43 56
33 47
26 56
58 41
46 50
43 58
44 45
36 36
36 62
29 50
45 42
51 25
31 44
37 56
44 34
52 27
39 61
44 59
46 51
59 37
43 41
42 35
47 62
49 48
36 38
48 61
46 49
44 43
41 60
39 35
42 36
49 30
30 32
39 53
35 51
45 39
35 45
47 60
48 41
40 44
44 42
57 42
49 30
37 48
26 50
51 52
56 30
43 35
55 46
27 36
46 49
45 47
52 29
39 45
25 29
39 54
49 27
58 42
27 60
40 58
43 55
52 32
41 38
60 33
51 44
29 36
54 53
37 57
55 59
41 55
53 62
48 48
37 46
57 34
40 27
27 39
53 36
33 54
56 44
31 37
47 43
54 44
52 43
47 47
52 41
39 42
33 39
57 54
30 42
38 37
62 38
40 45
42 34
56 57
49 50
43 42
42 41
32 38
25 29
26 62
54 44
38 58
46 41
34 40
37 36
40 47
40 40
34 52
32 57
63 42
56 41
53 54
41 44
31 38
43 48
33 33
46 26
42 41
48 40
48 56
37 28
25 57
48 48
39 41
36 55
49 39
26 53
52 56
29 38
36 52
40 51
50 55
48 37
47 41
26 50
36 35
49 35
55 31
44 38
34 26
42 39
56 39
49 63
37 51
58 32
52 49
59 58
59 62
49 35
33 44
43 46
38 54
55 52
34 39
49 56
32 39
42 38
28 62
59 53
42 50
45 26
48 30
48 57
40 44
37 50
44 60
30 44
34 38
31 45
53 55
49 26
43 29
28 34
57 46
31 43
46 30
48 28
46 45
53 46
57 61
58 58
30 40
35 61
57 43
35 57
53 32
46 38
35 38
54 50
48 37
57 41
38 41
37 44
52 41
27 37
52 44
40 57
49 34
53 54
45 60
59 45
35 43
50 29
41 43
46 54
28 50
47 44
34 44
51 28
48 47
43 62
57 43
45 47
58 57
44 35
34 51
31 33
33 54
62 51
51 54
48 39
43 45
41 45
50 42
31 31
49 63
58 52
42 50
46 43
44 32
45 35
43 37
39 43
45 41
40 55
43 63
45 34
50 44
63 43
36 48
37 52
41 42
56 39
44 51
47 39
56 45
35 40
49 58
48 44
59 62
31 43
39 48
54 45
34 38
41 46
57 44
34 50
54 53
48 59
46 50
52 59
55 48
36 58
28 38
37 34
56 34
39 30
31 32
42 58
54 32
56 39
29 34
58 49
50 29
28 58
44 43
59 31
39 44
30 37
42 36
46 39
43 42
43 40
30 52
50 32
47 37
26 36
27 26
50 36
59 42
43 51
34 37
58 40
52 55
52 41
54 63
35 55
48 63
54 41
38 59
31 40
52 41
31 25
48 39
53 31
36 35
44 37
39 44
29 35
28 29
34 35
41 56
51 49
38 44
48 38
51 41
58 49
26 49
35 30
37 43
41 30
45 35
31 47
47 46
62 47
57 31
45 37
49 58
26 43
60 47
48 45
40 40
40 32
40 37
34 46
43 39
41 57
51 39
63 39
38 38
48 45
47 51
49 47
37 50
61 60
63 55
47 52
35 26
41 59
35 53
55 44
42 31
47 35
53 62
49 39
54 57
43 43
60 54
31 47
30 33
32 41
33 40
45 27
38 36
29 56
43 30
33 50
46 49
39 42
56 28
41 52
32 37
40 50
30 47
41 42
36 62
39 50
31 43
28 42
51 63
37 49
31 28
33 49
40 39
35 40
39 42
60 37
29 57
50 61
36 50
49 32
45 45
56 45
50 43
28 28
56 62
28 45
52 32
58 58
38 45
50 53
43 61
32 38
35 59
48 62
39 53
35 42
34 36
39 34
32 44
51 30
52 42
43 40
47 41
44 31
36 49
44 41
26 27
34 36
42 33
54 36
28 48
40 29
53 56
43 51
27 39
37 45
44 32
63 58
51 42
34 47
37 36
34 44
39 29
45 38
53 48
62 46
33 38
36 45
51 48
36 29
47 40
40 35
34 57
62 50
63 35
47 30
51 30
43 43
35 30
36 47
43 28
35 56
42 46
42 35
40 45
54 46
57 43
37 41
60 38
38 48
58 44
39 56
43 47
42 32
29 28
29 49
40 31
37 34
59 43
31 34
47 36
49 46
56 30
59 33
56 33
45 41
54 46
63 52
38 34
51 50
46 57
48 38
56 42
45 39
63 56
30 36
58 53
27 37
41 38
57 52
49 60
47 40
37 49
52 53
44 60
49 49
60 34
48 33
36 37
40 37
35 41
54 61
32 52
39 44
49 47
42 26
30 59
35 35
48 60
52 41
61 54
38 61
51 61
36 33
54 44
51 45
48 47
59 47
27 53
28 46
42 42
41 54
41 39
25 39
45 32
45 51
45 44
51 46
43 52
59 53
58 44
57 36
34 46
43 45
44 50
46 27
45 56
39 25
36 25
27 40
43 31
45 60
59 27
26 36
38 43
48 47
42 46
45 53
39 40
45 29
47 31
50 28
33 49
57 56
39 44
41 55
46 34
57 50
48 36
32 31
38 44
47 62
48 40
48 46
60 42
35 49
45 49
53 35
35 42
49 30
31 48
33 41
26 41
43 34
31 32
34 52
55 37
43 40
49 32
52 38
46 40
59 47
32 37
28 50
38 39
33 39
46 52
48 41
42 43
37 57
35 39
43 34
43 42
47 55
46 36
40 59
51 40
47 26
51 52
38 26
58 43
58 56
57 47
51 44
37 45
27 31
29 26
42 57
36 43
34 43
41 28
55 46
38 60
46 42
52 62
29 47
40 44
46 51
50 28
34 27
60 43
58 47
27 36
36 47
45 39
36 37
55 46
37 53
40 49
52 29
35 44
49 56
43 33
30 33
42 43
40 35
51 30
47 31
29 46
28 29
43 37
27 29
61 42
35 25
34 38
31 37
53 48
43 26
44 51
49 62
46 30
38 54
51 36
28 51
57 38
33 30
38 36
58 42
43 59
59 44
43 52
39 34
33 37
29 49
57 49
46 46
36 38
49 45
29 59
54 42
40 59
36 28
39 51
48 36
43 32
43 48
38 36
38 50
32 52
53 53
45 34
36 54
36 32
50 30
56 48
50 50
26 31
44 43
46 33
32 42
57 36
54 48
36 34
45 38
44 32
35 45
39 26
54 40
45 53
45 35
25 54
39 40
55 40
44 53
38 31
42 55
45 55
58 34
47 51
52 46
49 52
58 50
27 48
60 48
36 57
46 54
39 35
42 60
51 40
40 35
37 28
39 52
49 30
34 42
60 33
62 38
46 58
52 41
46 40
54 36
37 51
48 40
52 40
56 31
44 42
45 63
41 38
47 38
42 37
39 32
58 48
27 44
59 57
35 36
39 43
54 52
60 38
45 44
35 34
45 44
32 43
28 48
46 32
30 46
58 54
29 46
50 53
48 41
42 45
43 35
41 39
29 40
57 40
54 45
47 60
61 36
37 39
34 50
37 38
27 62
46 31
45 47
36 49
31 48
29 49
46 41
27 40
56 46
33 42
46 31
53 34
61 47
48 59
50 34
53 53
35 60
31 46
43 52
49 60
40 41
62 41
41 60
53 38
49 39
33 28
30 57
40 40
49 33
29 34
40 48
36 50
43 40
45 48
36 25
37 26
57 40
44 58
43 31
44 53
33 47
38 49
55 30
48 40
55 55
34 36
25 48
43 36
36 59
57 40
36 38
48 32
45 40
50 38
49 33
50 47
32 63
44 50
26 33
61 39
49 43
62 44
42 43
41 45
51 53
40 46
29 33
62 49
41 49
37 46
59 32
58 37
38 39
49 38
49 51
53 36
55 42
42 28
43 51
46 37
45 45
45 42
40 32
42 31
32 26
35 39
47 45
54 50
31 51
39 63
36 45
36 33
43 41
52 53
51 46
51 57
33 44
33 57
38 41
46 38
42 36
59 42
56 30
57 51
44 60
38 46
62 50
44 33
41 35
44 43
41 28
53 41
36 44
27 33
38 48
49 59
54 37
39 47
46 31
42 33
51 38
31 44
31 39
43 46
43 50
45 59
50 51
42 35
31 37
46 59
27 35
38 47
32 47
41 55
49 55
36 63
49 44
37 44
45 45
44 53
43 42
46 37
47 30
39 49
27 26
43 60
33 46
32 42
47 37
41 38
57 53
30 61
60 53
32 47
39 45
45 47
47 48
55 36
42 32
54 31
53 31
31 44
26 39
47 45
55 41
45 53
31 53
29 49
32 56
62 41
37 35
50 38
60 42
45 46
35 32
41 36
45 39
47 58
36 33
26 31
59 48
52 32
36 57
27 35
59 52
26 53
37 30
43 48
26 62
46 52
37 44
26 43
54 58
58 29
33 35
45 59
35 35
43 33
62 58
41 53
56 54
42 60
26 53
34 45
34 35
41 62
34 53
39 45
60 45
31 33
42 40
47 45
54 58
56 46
28 33
53 37
26 31
54 40
63 49
62 34
58 34
35 31
30 36
56 52
40 38
37 46
58 32
50 53
43 60
34 40
35 38
44 32
37 49
25 57
55 53
62 39
62 51
54 30
33 48
26 56
53 49
56 39
29 30
51 41
40 45
41 50
31 37
53 40
48 45
25 35
34 45
42 50
36 44
42 42
37 50
33 48
32 38
48 40
44 33
45 31
27 58
51 38
49 53
56 49
58 33
50 46
44 43
56 33
51 54
46 49
53 58
39 47
36 53
38 34
40 33
63 62
28 38
36 48
50 46
34 46
43 33
36 53
61 43
57 37
30 31
29 51
49 49
51 49
42 44
26 48
44 46
34 52
34 42
38 31
55 44
54 42
35 56
54 35
50 60
54 36
54 56
49 39
53 51
45 36
60 38
51 44
52 44
31 59
44 39
60 39
50 44
46 52
43 53
36 39
41 37
35 63
41 45
25 56
63 63
42 57
45 36
32 34
39 62
56 48
45 43
48 33
53 49
55 51
45 31
42 40
39 47
47 58
28 51
29 38
34 52
28 40
50 38
37 59
56 39
26 40
40 44
58 48
56 41
28 42
49 57
47 51
40 45
32 41
47 48
48 48
28 45
50 47
48 42
30 52
51 43
47 38
62 45
38 51
43 54
58 48
51 38
39 41
29 30
25 37
42 38
45 28
54 34
52 48
58 50
59 37
26 56
54 48
40 53
54 26
32 51
40 39
40 42
37 57
37 45
52 49
61 36
57 36
41 57
32 34
60 52
49 35
48 31
54 53
26 38
54 39
38 51
55 43
37 38
42 47
51 59
41 35
48 47
60 36
59 33
44 38
41 45
45 44
59 46
40 49
46 49
49 60
46 62
54 43
52 51
44 48
32 38
56 42
46 29
62 38
30 51
49 63
58 32
39 38
44 51
39 44
42 38
49 46
50 52
49 57
52 26
38 40
27 63
45 35
53 48
41 60
61 39
57 59
34 26
47 34
40 41
43 44
39 33
39 38
51 46
55 36
37 57
48 43
28 33
52 44
40 49
48 44
55 51
62 41
37 62
61 35
45 43
33 38
31 48
39 33
36 34
25 50
32 49
42 47
32 40
27 34
38 41
36 43
28 49
40 55
37 50
48 56
50 32
29 60
48 27
52 45
49 54
45 50
48 54
48 50
43 42
54 52
36 34
35 25
40 39
46 39
58 55
30 37
48 39
61 44
51 32
38 47
50 37
43 31
32 48
48 62
39 63
37 49
55 59
30 60
54 52
38 40
40 53
42 54
53 31
55 48
34 28
49 31
55 48
37 31
30 60
35 57
47 42
42 60
47 50
53 49
41 50
42 34
50 57
37 27
42 50
35 45
58 31
55 58
35 49
61 25
52 28
41 46
52 29
38 35
38 40
54 33
40 49
27 37
50 45
40 39
54 28
35 56
25 34
41 35
59 44
42 56
39 56
53 56
27 44
43 56
32 34
40 43
34 44
51 43
49 33
35 42
56 53
34 34
35 34
55 39
39 37
40 40
41 54
49 44
40 43
50 25
31 45
51 45
28 47
38 44
28 33
60 39
49 25
36 26
46 25
26 51
42 56
56 61
57 51
56 37
58 36
38 42
58 45
43 40
36 43
35 53
40 57
52 55
31 42
31 41
40 37
55 37
26 46
34 30
32 42
38 59
43 52
47 47
36 56
57 51
30 36
50 46
31 34
53 61
52 48
55 42
42 36
37 50
62 55
57 37
40 62
61 28
46 33
41 36
54 42
45 62
44 41
44 45
52 37
28 45
48 39
42 25
45 56
50 45
56 48
38 38
54 30
32 50
41 30
42 47
36 39
39 42
47 33
35 40
30 52
47 29
44 42
43 44
33 47
54 43
40 27
47 41
43 50
28 60
47 49
58 30
26 37
27 32
58 43
43 47
35 45
54 29
53 50
32 39
36 45
35 35
45 43
58 47
52 31
54 49
58 51
62 44
62 45
51 55
47 39
37 35
50 27
58 49
45 37
50 36
33 45
45 39
32 45
32 44
40 33
51 42
59 47
46 36
29 50
45 52
36 43
60 30
54 54
30 46
52 50
59 49
26 38
41 50
46 56
36 51
58 42
44 54
51 61
40 32
38 25
48 36
38 28
45 48
33 63
26 34
57 51
57 42
34 43
51 52
35 43
43 27
46 62
51 31
37 28
40 48
63 43
32 51
43 35
51 63
49 47
53 41
40 63
49 51
26 26
45 51
30 47
38 29
25 55
34 44
39 50
42 43
34 45
41 41
29 42
59 48
43 40
58 35
40 47
44 45
54 44
44 31
31 28
47 63
40 43
41 26
46 57
49 45
49 51
42 46
39 57
29 40
41 53
45 40
38 38
48 35
38 38
52 49
38 40
37 43
54 39
37 46
36 37
49 40
43 59
43 59
31 29
43 25
61 46
52 36
41 51
40 53
41 32
57 32
42 29
39 37
60 61
45 43
38 39
56 60
38 58
51 31
39 39
33 47
44 52
44 47
28 41
35 49
53 30
52 51
50 49
52 35
58 45
51 55
38 26
41 55
39 42
50 41
44 37
34 31
33 63
33 54
49 43
27 47
52 39
55 29
41 36
58 58
40 43
40 54
44 25
39 58
52 44
41 43
34 34
56 30
31 48
54 51
37 39
62 33
44 55
54 30
31 38
47 39
41 37
38 53
50 56
45 31
40 41
49 26
35 44
49 39
58 38
43 43
26 45
49 45
42 32
60 36
59 33
35 57
43 35
33 62
38 58
49 33
30 50
34 40
33 50
48 50
49 27
62 39
26 39
40 49
49 35
32 47
44 40
56 54
39 35
47 46
54 38
50 61
41 44
45 27
41 39
26 58
32 43
34 50
51 32
38 31
47 60
34 40
39 34
52 32
45 45
43 36
38 58
38 50
41 47
59 42
57 60
41 49
55 51
33 27
56 54
34 46
39 39
41 58
48 44
38 34
32 36
61 58
37 44
40 31
37 33
42 32
45 59
39 39
41 47
33 54
27 32
61 57
34 35
58 53
25 27
38 31
29 47
30 44
48 31
30 51
49 41
49 45
44 45
48 29
54 55
52 39
36 38
62 33
32 29
51 40
52 32
42 31
43 34
59 62
27 41
51 35
54 55
52 49
52 51
55 50
58 53
43 47
47 58
32 61
34 33
60 38
42 56
37 44
41 40
34 57
43 43
43 55
46 36
47 51
55 57
61 49
51 47
58 35
36 27
51 46
32 35
57 32
45 32
53 51
46 48
38 45
38 51
44 30
43 39
57 40
56 54
38 43
34 39
55 51
45 63
44 52
46 30
44 53
40 58
60 61
33 36
51 52
40 38
56 50
54 52
51 63
37 39
45 34
37 61
47 43
32 34
44 29
52 34
56 37
36 35
35 59
28 39
51 29
49 52
55 33
36 27
53 43
29 29
61 39
53 26
32 47
28 51
32 58
47 37
29 57
25 37
51 56
36 27
37 41
60 58
57 43
39 27
41 31
33 52
34 62
29 55
59 46
57 36
30 52
46 38
43 59
33 25
42 46
47 53
54 53
45 43
60 28
31 40
29 53
42 30
39 31
34 30
42 42
42 34
39 45
49 40
44 48
54 37
62 52
45 56
36 34
37 53
30 38
40 34
47 43
45 40
31 42
60 61
36 55
63 48
42 45
44 56
40 45
42 43
48 32
43 37
49 58
52 37
46 58
62 50
36 34
31 45
46 56
59 25
45 38
44 31
62 45
59 42
39 52
56 50
40 43
47 51
32 49
62 50
33 39
40 60
56 36
48 34
35 52
51 44
49 51
38 52
33 41
56 36
41 48
36 58
38 39
41 53
42 43
47 55
48 32
46 46
40 40
45 37
57 32
48 32
39 48
44 41
63 55
47 45
32 56
51 61
58 37
38 33
37 33
43 29
42 37
28 37
56 53
42 40
58 31
39 57
52 39
55 32
43 30
41 62
57 41
33 53
29 49
48 43
52 40
39 47
51 38
48 30
52 30
48 59
53 53
46 38
27 57
51 58
38 31
52 31
43 33
47 32
49 46
44 43
52 46
31 46
40 55
46 49
46 39
26 39
46 35
49 53
43 44
36 56
52 53
31 29
55 46
44 41
43 57
56 47
46 37
37 52
61 55
26 62
43 41
31 44
54 42
35 41
51 44
58 37
46 46
48 38
61 39
41 46
55 51
49 58
44 42
39 38
38 56
32 63
41 39
30 55
63 25
42 55
29 25
47 58
42 56
52 61
52 52
44 35
44 34
42 50
32 35
42 35
44 30
54 48
55 61
39 48
47 35
28 46
44 49
58 48
36 55
30 35
59 58
34 34
56 47
30 56
42 26
29 32
62 38
34 33
32 45
39 32
39 44
37 62
29 61
38 38
61 52
46 42
45 32
40 51
48 34
30 35
29 49
39 46
43 33
47 31
43 41
42 31
43 36
61 30
42 50
31 51
30 53
47 57
45 41
52 63
56 29
55 50
51 48
58 45
52 34
48 58
38 51
34 26
42 42
55 34
50 38
56 47
36 40
52 39
60 34
49 52
49 33
49 38
43 36
51 36
43 25
27 26
35 49
53 47
34 43
29 45
34 58
33 36
51 50
47 46
60 43
36 43
50 58
63 40
44 29
53 51
60 46
26 43
27 37
44 53
33 32
32 42
55 52
58 26
48 34
48 34
44 54
38 46
57 43
28 54
47 48
34 61
29 55
54 34
29 36
41 60
41 34
26 27
51 35
30 42
47 52
60 55
53 26
49 41
42 27
35 58
54 36
44 58
34 33
25 56
40 36
48 37
40 52
51 37
54 54
28 59
50 35
51 40
58 34
49 54
40 47
46 43
33 50
57 55
26 60
34 31
55 54
44 39
32 31
46 53
43 51
28 32
32 38
55 49
35 38
36 43
43 59
36 44
56 26
39 56
26 35
51 57
38 39
26 49
63 59
41 30
44 35
46 46
45 40
44 34
30 47
54 49
60 51
38 46
41 41
48 37
59 33
43 42
34 55
39 27
31 29
28 47
56 43
39 50
41 39
33 28
46 51
50 43
40 42
37 30
37 48
48 28
44 44
56 43
43 49
50 39
30 51
30 35
49 50
35 49
54 59
54 40
60 31
34 42
41 49
27 54
36 43
25 42
49 34
42 31
29 49
40 33
37 56
37 46
35 48
40 45
33 52
29 57
43 51
28 45
32 28
47 45
30 37
47 54
49 27
41 38
53 39
45 56
44 31
54 39
62 39
52 26
40 30
34 43
32 38
47 43
31 37
34 52
51 35
41 52
42 44
36 50
59 47
33 61
49 29
47 43
31 26
51 60
49 47
49 26
42 63
47 42
50 46
42 41
52 60
50 29
48 55
39 55
57 50
32 50
53 42
43 40
45 54
29 51
47 36
46 47
37 57
45 41
29 48
48 44
32 28
52 54
56 57
44 61
37 37
45 43
60 30
35 35
56 46
35 58
33 41
40 27
30 60
27 60
61 51
60 34
38 59
56 37
33 29
44 25
34 43
43 43
49 48
60 30
46 30
46 54
43 36
48 58
60 39
51 45
48 41
31 43
54 41
52 48
39 59
40 55
51 41
51 26
48 48
48 43
40 47
44 47
60 48
58 41
53 31
54 54
28 44
26 51
43 44
47 48
62 46
46 40
27 56
56 58
56 40
58 29
42 44
29 42
38 46
49 29
53 40
39 40
51 46
42 39
38 37
39 28
32 52
32 38
53 49
43 44
42 39
45 60
30 28
42 48
56 48
52 60
52 42
45 40
51 39
31 26
33 38
54 61
32 37
52 39
26 56
43 40
38 35
28 41
49 49
41 44
41 39
43 38
56 41
48 36
45 53
36 62
55 54
39 36
54 45
37 34
61 52
36 45
25 46
32 48
49 61
36 51
41 39
31 56
58 31
41 29
43 50
29 27
41 47
41 27
44 53
30 30
43 40
55 43
52 34
33 41
43 41
28 41
42 42
54 37
34 44
60 25
40 37
45 54
34 37
59 38
52 31
61 34
38 39
40 50
51 53
53 42
27 33
54 61
26 39
49 60
49 25
53 41
50 47
43 28
25 52
52 45
51 35
47 63
51 33
62 38
46 58
38 33
56 45
37 53
48 62
43 50
51 50
52 39
30 49
26 53
25 42
30 36
35 46
51 37
61 48
28 43
47 47
42 56
27 42
41 50
56 56
39 59
47 43
27 50
56 34
33 33
41 31
48 36
29 50
34 53
36 49
56 61
42 58
39 44
44 29
34 43
39 42
53 53
32 61
27 48
49 33
55 58
39 28
26 37
52 30
43 60
49 47
58 40
36 39
48 51
60 31
27 30
56 36
51 61
44 52
27 51
41 31
31 34
37 26
37 30
57 53
27 52
47 34
63 34
34 55
34 41
59 32
40 34
28 33
36 40
38 55
61 42
54 53
31 48
55 63
29 34
37 39
53 41
49 37
39 59
40 27
47 26
41 35
29 33
46 56
43 63
41 35
44 25
42 51
43 56
52 38
48 47
46 45
58 36
39 37
49 39
26 36
52 55
32 35
38 34
45 32
33 26
40 43
32 37
53 29
43 39
47 60
48 26
51 48
47 59
33 47
46 46
35 63
58 52
43 44
33 39
53 43
45 35
38 47
49 51
52 54
32 56
46 41
52 42
41 49
33 56
50 47
58 45
44 49
56 49
30 40
36 36
43 49
32 32
60 52
40 48
55 37
26 52
48 49
43 36
55 35
31 54
34 63
26 57
26 53
48 49
47 44
32 48
28 38
40 35
63 43
39 29
42 36
48 39
44 47
38 33
31 44
35 59
30 55
28 25
33 34
54 59
49 41
43 51
56 31
45 43
56 62
40 48
40 34
58 32
36 36
31 33
46 42
48 27
43 35
35 33
61 32
59 39
44 42
37 30
46 56
55 48
34 45
45 35
26 28
26 56
40 40
27 45
42 45
46 38
31 40
54 49
44 56
48 28
40 37
56 33
47 43
62 50
31 44
32 37
28 56
33 25
39 42
38 45
33 39
26 31
36 46
40 61
41 49
38 27
32 47
50 35
40 54
39 29
39 26
55 43
34 49
26 47
28 39
39 54
34 45
62 49
34 33
50 46
30 47
30 47
57 46
56 37
44 41
38 40
33 62
43 42
51 48
37 32
46 45
47 39
57 52
37 44
39 37
29 45
48 56
35 44
26 28
31 41
62 46
54 40
48 33
38 52
31 47
48 38
54 51
48 62
44 57
37 42
43 57
36 63
56 29
40 29
42 49
29 62
36 35
46 36
33 58
57 40
47 41
50 34
47 53
58 62
32 45
29 57
29 47
46 37
43 29
47 36
56 48
44 47
38 39
45 49
40 32
41 38
48 62
30 45
57 46
31 48
53 35
54 33
57 58
37 58
29 50
38 25
41 49
45 30
27 34
52 46
26 39
38 45
59 41
31 37
55 44
45 45
63 47
44 53
45 38
34 41
48 58
52 61
62 46
34 51
43 40
29 27
34 57
30 43
32 33
50 40
45 40
35 41
51 54
43 29
46 49
36 60
58 41
26 37
50 52
62 39
43 52
47 32
31 44
41 39
37 30
32 47
38 35
35 37
54 30
63 42
52 52
48 60
35 37
49 40
51 56
54 42
28 51
40 54
30 50
27 51
52 57
30 59
32 46
53 57
30 45
45 39
46 39
32 37
53 40
42 29
47 52
26 55
52 25
50 40
42 44
59 41
26 63
46 38
62 26
44 42
41 39
44 34
37 26
42 44
46 49
32 35
39 38
49 51
44 31
34 33
60 26
61 42
34 31
29 32
36 38
41 36
36 41
28 35
61 53
63 55
37 44
46 52
39 43
61 33
55 31
48 46
34 52
40 33
33 40
43 36
39 36
26 38
45 34
34 43
35 58
42 43
44 45
39 27
30 33
45 27
49 39
46 36
46 29
43 57
27 31
38 47
43 48
49 39
37 52
36 38
45 34
43 30
44 31
52 32
52 47
55 36
50 44
36 32
47 45
40 46
31 37
31 43
35 44
44 58
54 36
39 46
40 38
56 55
32 42
48 42
29 45
25 59
42 38
39 52
29 35
42 50
44 58
30 37
40 36
27 54
43 35
59 48
37 27
52 49
44 45
52 45
44 41
47 39
26 48
50 45
26 40
26 53
43 35
45 44
28 45
46 60
41 39
41 53
49 57
46 43
59 38
31 41
36 39
25 32
63 25
63 61
37 49
33 31
45 52
47 41
31 38
62 54
34 55
27 42
43 35
44 29
55 37
51 36
41 27
41 48
62 41
32 30
49 50
40 44
46 38
25 30
31 44
34 59
34 39
41 50
58 42
52 49
41 47
45 52
33 57
37 39
28 36
58 48
35 37
34 31
38 26
29 43
58 46
46 26
34 38
47 41
43 35
34 29
26 28
49 41
39 54
51 48
31 42
36 40
52 32
53 45
26 35
36 56
32 31
42 33
43 53
60 26
34 43
36 37
58 43
52 46
42 37
39 34
35 31
43 57
41 31
39 32
48 36
52 30
52 51
45 40
25 53
58 52
62 40
44 59
59 43
35 49
29 39
53 32
59 54
30 57
36 31
26 30
31 40
56 40
31 30
33 36
58 61
43 41
44 44
40 36
48 53
43 39
30 29
37 45
35 30
41 55
35 32
37 49
31 29
52 39
25 26
59 49
41 60
56 46
38 63
47 42
41 55
32 38
43 52
48 61
38 28
31 50
47 52
57 37
47 50
36 43
44 47
36 40
54 59
44 32
43 49
53 35
53 36
37 57
54 30
57 56
33 53
35 48
34 41
54 26
51 31
57 33
26 27
55 47
34 48
34 25
48 29
42 37
61 49
27 36
59 29
35 39
38 27
31 42
57 44
53 35
42 27
33 42
45 53
29 51
33 36
43 46
51 34
44 40
37 43
59 36
47 57
37 35
42 37
31 42
47 43
37 57
48 39
42 49
41 25
58 39
34 33
32 31
37 49
32 30
38 39
31 47
47 48
37 32
51 35
41 39
26 25
43 34
40 44
32 57
48 55
31 28
55 50
45 45
53 47
34 48
54 41
36 48
49 49
38 57
33 47
49 41
48 37
33 41
53 44
42 60
39 47
44 46
29 44
33 30
53 40
39 25
35 60
53 32
31 42
59 34
45 63
36 61
39 49
46 43
43 40
44 37
44 42
28 43
44 42
45 56
60 44
50 27
50 48
36 34
55 52
32 40
30 39
36 40
49 48
56 49
38 37
52 61
51 55
52 37
28 49
31 45
38 31
50 34
57 58
35 26
35 43
52 33
25 62
31 29
54 50
30 31
47 63
35 32
36 27
57 60
34 61
37 51
48 62
46 38
29 37
46 31
49 52
58 56
48 52
56 31
35 45
40 40
47 45
58 40
36 29
34 40
47 59
32 42
47 40
28 53
38 26
36 26
39 33
37 47
50 47
41 44
51 37
36 29
34 40
33 52
56 28
45 54
28 51
56 44
40 59
37 35
54 46
37 60
38 30
41 39
59 43
37 46
54 31
45 48
46 43
52 41
39 58
56 40
46 31
55 40
47 25
59 42
63 57
48 36
35 25
31 44
37 55
52 41
58 39
41 44
57 31
51 46
30 38
43 35
43 49
56 40
32 58
39 40
34 44
39 34
52 50
37 42
47 41
33 60
59 38
37 37
51 39
44 47
29 59
56 43
30 33
49 52
39 62
52 32
42 25
38 33
41 47
45 54
60 46
60 38
52 48
48 60
57 37
39 49
33 31
37 28
42 40
52 34
51 54
59 53
29 42
25 27
25 37
40 36
35 56
61 61
53 48
33 39
50 54
31 46
41 57
48 43
39 41
35 56
62 51
33 55
56 35
49 43
33 35
37 51
38 42
37 50
44 57
55 46
34 34
32 48
39 31
35 52
33 36
37 36
50 37
40 26
39 32
30 39
38 37
55 39
40 58
49 50
52 30
56 50
58 48
30 31
32 51
44 37
36 26
58 55
40 41
59 50
39 52
50 44
36 51
42 50
47 60
47 43
34 53
32 43
50 49
35 52
53 48
49 48
44 46
37 50
58 33
37 34
27 45
59 62
55 46
39 48
35 38
33 57
43 36
46 39
45 50
49 52
49 33
41 44
36 39
37 63
37 47
49 48
33 40
50 41
48 38
28 52
59 55
55 27
42 49
51 52
48 58
43 58
35 62
42 33
49 46
39 47
48 62
40 46
40 50
33 33
51 37
60 31
43 52
34 53
39 31
51 45
56 55
33 51
43 44
31 57
37 35
38 48
54 49
42 58
50 27
42 55
57 32
36 63
41 42
42 60
52 62
49 40
43 44
49 50
30 55
62 36
37 41
25 34
37 37
61 29
51 61
51 52
47 52
30 48
50 51
42 38
41 44
48 46
25 33
39 30
39 43
29 53
61 38
49 43
52 47
35 32
30 33
34 46
37 41
47 49
43 38
52 57
57 48
31 47
39 62
39 32
44 54
42 43
43 52
54 52
27 34
60 53
50 44
51 47
38 39
43 51
46 25
52 60
53 48
40 42
33 36
37 41
33 38
34 48
51 28
51 34
62 36
52 28
47 31
43 57
43 45
27 54
45 42
42 42
31 60
38 39
54 37
37 47
42 38
59 33
61 41
38 50
50 48
37 41
33 53
