2 4 15 1000
197 933 1426
741 1265
348
515 772 1815 2252
587 898 1655 1915
27 37 50 30
26 45 35 49
8 32 5 12
20 11 16 17
19 22 15 15
6 21 7 13
14 18 10 19
12 9 25 6
12 18 20 21
22 16 19 16
10 19 7 24
15 20 17 19
14 14 12 17
21 18 11 12
25 21 11 20
11 16 15 15
17 14 8 10
17 17 17 16
14 14 18 12
10 19 14 13
16 14 15 19
12 13 11 14
11 13 9 11
14 9 17 13
9 14 14 10
10 22 24 11
8 22 13 16
13 15 11 22
11 11 12 18
11 14 9 13
6 13 17 14
14 19 16 16
20 14 16 17
8 10 23 12
15 21 13 10
26 9 17 17
21 18 16 9
21 25 15 16
12 26 18 15
21 15 23 19
15 11 18 19
18 9 19 6
14 9 16 18
14 16 15 13
18 19 17 21
22 19 8 21
10 20 8 15
17 21 15 6
6 21 23 19
9 10 18 20
16 17 14 14
10 11 7 20
17 16 12 14
10 8 24 23
13 10 11 14
16 9 13 8
26 9 17 20
18 19 16 8
12 15 13 18
10 12 15 17
15 22 11 25
14 10 9 24
26 11 13 16
11 11 11 21
20 21 12 19
17 16 22 10
16 13 9 12
16 14 13 8
11 14 10 15
23 17 14 11
24 11 9 18
15 18 12 9
13 22 17 10
20 19 14 11
14 20 26 13
10 12 8 11
14 13 17 20
14 15 9 9
10 14 22 15
16 12 23 9
8 16 15 8
15 21 17 23
7 23 13 22
9 12 10 16
11 14 9 20
14 18 18 12
22 12 9 22
11 24 15 21
12 15 17 12
26 19 15 19
13 13 13 18
21 10 10 13
10 16 12 9
9 17 12 11
12 12 10 14
17 25 15 14
5 24 20 16
20 20 13 9
11 7 13 23
19 14 10 17
16 13 17 9
10 16 5 17
15 13 19 8
19 13 14 22
11 19 21 5
11 8 17 13
20 26 12 18
10 13 18 14
17 10 24 7
26 8 19 16
20 15 7 20
7 15 12 10
8 18 10 13
21 14 12 11
16 11 9 15
26 7 13 11
13 14 9 16
14 17 14 7
12 24 18 8
11 12 13 11
10 11 19 10
26 14 9 11
12 14 18 6
16 14 17 17
25 11 15 11
17 16 19 13
21 12 16 21
17 21 22 18
18 20 18 19
16 10 7 15
12 15 11 17
17 10 13 15
10 21 18 9
18 16 12 11
18 8 16 23
17 22 19 9
23 18 18 12
8 23 22 16
18 6 17 15
11 16 23 26
18 12 23 14
22 9 11 10
25 10 8 22
13 25 16 11
26 24 14 24
9 13 21 7
11 7 22 10
24 22 20 11
22 7 12 15
23 15 16 16
19 12 16 12
13 19 13 19
24 15 12 14
16 18 11 10
16 12 25 11
20 20 10 11
22 6 11 17
9 7 9 12
13 21 9 9
19 18 8 15
16 10 19 10
21 11 12 15
15 15 10 15
23 14 11 12
7 16 17 8
17 18 13 8
7 16 14 19
7 15 5 20
14 26 8 9
7 17 17 11
10 12 14 17
13 14 11 10
17 20 15 8
10 14 16 24
20 18 8 21
13 11 10 24
9 17 10 10
13 12 23 13
16 22 17 9
15 14 18 23
11 10 18 17
10 12 7 12
8 13 8 7
14 15 16 10
16 9 19 13
13 14 6 22
19 21 12 15
20 14 22 11
18 12 14 23
11 19 18 10
18 8 15 11
17 17 11 7
16 25 10 8
7 14 14 21
19 14 8 11
16 5 11 18
13 21 13 14
11 16 17 15
15 21 21 25
22 19 20 15
15 10 6 10
18 15 11 11
10 9 16 24
18 17 10 19
16 9 6 13
21 24 22 12
16 14 13 14
11 19 25 6
14 19 12 17
11 8 16 17
8 13 20 11
18 10 13 14
21 10 8 15
7 17 21 19
17 14 19 6
15 18 16 15
8 18 19 24
18 14 14 14
18 10 12 22
19 26 15 14
21 14 17 17
15 13 5 15
6 9 12 16
23 13 6 21
19 16 21 14
16 10 13 19
22 13 6 6
13 21 23 18
15 15 23 19
16 7 16 16
18 13 14 22
18 12 16 10
12 13 15 13
10 15 17 16
10 23 19 16
12 11 19 8
12 16 11 19
14 12 23 16
18 7 12 17
21 16 7 15
15 19 12 22
21 11 9 11
15 5 17 21
18 11 18 22
17 23 26 17
10 14 20 6
8 17 19 8
12 15 26 8
21 12 8 13
10 13 20 14
17 15 26 8
15 17 23 23
15 13 8 20
13 12 20 24
25 15 10 18
13 16 25 26
18 17 21 16
14 8 12 16
18 6 24 9
16 9 19 21
16 16 16 21
12 16 20 13
7 26 15 12
14 12 10 24
23 7 15 15
15 14 20 10
21 8 11 18
7 16 8 18
23 17 19 13
10 14 13 21
13 17 8 15
24 16 14 9
13 16 11 13
22 26 10 23
12 10 7 16
22 12 13 9
13 24 19 17
17 22 20 13
25 13 11 13
19 10 11 12
5 11 16 12
13 14 18 10
18 10 13 9
13 11 14 10
7 14 18 12
14 26 16 10
18 13 15 11
17 14 18 17
15 14 19 11
18 21 18 9
22 11 16 14
11 17 17 17
21 23 19 15
9 5 15 5
21 12 11 15
21 16 7 6
16 18 19 21
18 7 20 20
23 26 16 13
20 16 13 12
17 7 11 23
12 17 9 6
17 24 18 18
25 16 15 12
9 10 21 17
12 25 21 18
10 18 21 13
26 23 11 23
18 20 20 10
11 14 17 14
15 11 12 21
12 12 19 22
8 14 21 18
12 14 11 5
5 26 11 21
14 11 19 21
16 11 16 14
14 19 9 6
22 12 19 14
8 8 15 12
16 13 5 11
12 20 10 15
26 18 17 15
10 17 14 21
12 9 13 5
19 25 16 14
19 18 14 10
18 16 11 12
12 9 14 19
10 19 16 19
9 19 15 10
19 20 11 22
16 10 20 7
15 11 16 12
19 9 10 17
12 7 24 10
8 24 17 19
15 12 13 12
19 16 5 18
10 19 7 18
10 23 12 9
11 21 7 15
17 9 23 12
21 14 18 5
8 9 15 9
19 9 13 20
14 15 14 25
8 22 24 7
21 6 6 15
11 18 13 21
13 20 10 26
25 10 20 18
17 24 15 20
20 13 11 16
15 8 10 16
20 9 13 5
14 22 23 11
14 15 18 13
14 7 23 13
12 11 16 9
18 16 15 9
15 17 16 10
24 22 10 14
20 7 25 10
12 14 11 20
20 21 20 8
16 16 26 15
16 12 18 10
19 13 14 14
16 8 20 17
14 12 23 19
15 13 11 12
11 24 22 21
14 14 12 12
5 18 15 24
9 13 9 11
23 21 11 13
22 20 25 11
11 18 14 13
23 15 15 9
22 25 22 14
16 9 17 10
22 15 17 10
12 22 19 19
21 11 16 16
19 9 10 15
14 17 19 17
19 20 25 12
5 9 10 6
17 19 11 15
15 10 9 24
10 11 25 9
19 10 13 11
18 13 12 15
18 11 10 12
15 19 11 15
18 7 9 17
12 8 19 22
15 10 24 13
20 15 19 5
22 10 11 7
17 17 13 19
19 25 21 24
5 15 11 9
19 16 16 11
13 22 14 20
18 15 17 15
13 15 19 10
18 9 8 13
25 20 11 7
24 17 5 19
13 14 25 7
18 19 12 14
9 23 14 21
18 14 9 11
15 18 17 9
16 15 14 23
20 17 15 19
19 26 14 22
15 10 12 16
16 22 13 12
8 16 7 5
8 10 24 16
23 17 17 18
18 9 10 10
23 15 7 22
15 14 20 14
11 13 12 8
17 19 11 17
24 20 14 24
16 13 13 22
8 13 9 26
12 12 10 6
11 17 7 13
14 19 16 18
23 20 18 9
12 16 13 26
11 16 15 18
9 16 17 12
11 12 13 17
9 20 20 24
13 18 24 14
6 15 11 17
13 13 18 11
20 17 10 14
5 13 11 10
15 20 10 11
11 8 14 21
11 15 19 17
23 13 11 11
21 18 9 22
10 20 12 15
12 20 11 18
15 17 22 14
15 16 12 7
21 11 17 17
15 9 24 12
13 14 15 9
11 17 13 12
18 20 11 17
13 15 9 10
7 13 12 18
12 21 12 17
9 16 19 11
11 13 12 12
20 20 13 16
13 21 17 10
21 15 8 10
13 17 15 14
25 17 13 8
14 17 9 11
12 12 9 10
18 19 17 5
9 25 10 16
16 13 22 11
16 19 26 10
8 10 14 10
9 9 16 11
20 12 11 15
13 11 11 24
17 7 12 7
20 17 18 19
6 17 12 17
23 11 20 6
14 17 20 19
8 12 16 7
17 20 5 9
13 11 14 16
14 12 22 9
6 12 23 9
14 26 16 15
11 24 10 10
11 21 19 15
16 8 13 19
16 12 17 19
15 11 12 16
13 17 11 15
15 10 12 8
17 11 15 15
18 24 11 9
11 12 14 12
12 19 20 14
15 20 17 9
12 21 26 20
7 9 8 17
12 12 17 13
21 11 12 14
20 14 11 8
21 13 10 14
13 23 15 16
18 16 15 12
13 17 16 23
13 15 21 9
24 8 7 9
14 12 9 15
20 15 13 15
13 12 13 16
17 8 17 16
18 24 22 26
17 15 12 14
14 14 8 19
13 15 8 14
22 10 18 10
10 15 9 13
11 22 18 16
18 12 7 19
25 7 25 12
8 10 14 23
15 10 14 22
12 14 16 16
14 13 20 12
10 13 20 9
11 17 13 9
22 12 15 18
7 14 15 13
14 12 10 14
8 23 13 17
23 12 11 12
15 12 8 9
11 8 15 7
13 17 11 18
13 17 20 12
15 11 11 16
10 19 20 11
16 17 10 12
10 11 17 17
10 17 25 10
17 19 11 17
11 11 18 10
19 17 11 19
15 15 12 17
20 19 12 11
17 18 24 14
13 14 13 15
8 11 11 24
14 5 17 22
11 11 15 23
21 10 18 13
15 10 17 17
17 21 11 10
16 21 15 11
15 11 20 23
12 12 14 17
8 15 11 21
23 5 18 14
14 15 16 16
5 24 22 16
14 14 16 22
12 18 19 9
18 9 17 18
18 18 23 15
17 13 12 18
20 14 13 13
7 22 15 12
16 8 16 9
14 14 17 11
14 10 23 12
14 14 16 8
17 8 15 22
23 11 12 5
20 17 7 8
18 12 9 12
9 15 16 16
16 10 16 10
24 12 15 5
15 15 14 22
14 13 16 7
24 13 17 13
17 17 17 20
7 16 12 6
11 11 18 13
8 18 12 18
11 15 15 17
16 24 11 14
14 22 13 9
25 13 14 14
20 13 9 11
10 12 5 11
11 16 8 9
16 15 16 11
16 10 6 22
17 23 20 10
16 20 17 11
22 16 11 9
15 11 20 9
21 14 20 18
15 11 21 22
12 10 17 15
10 20 18 15
10 5 13 9
20 20 21 11
21 16 15 15
12 19 18 9
23 5 25 16
15 24 14 13
10 19 12 12
9 7 9 15
14 10 14 8
24 16 17 14
17 25 13 17
13 20 21 15
13 11 13 13
8 16 9 16
23 10 20 10
9 14 14 7
20 6 19 20
25 11 20 10
10 15 7 13
13 14 25 22
22 13 16 13
9 9 8 11
17 10 14 6
19 18 15 23
19 6 11 17
10 20 12 10
21 16 18 12
9 9 20 14
22 11 18 15
12 10 21 9
13 17 7 13
8 8 17 16
8 16 10 18
20 14 7 12
10 7 21 23
18 11 12 20
9 7 12 10
23 17 24 19
15 12 7 26
14 25 18 7
17 8 14 20
20 26 13 12
21 22 15 18
10 17 18 19
14 6 15 18
14 15 14 12
20 9 17 17
25 13 13 14
25 8 13 16
26 22 14 13
18 13 14 22
13 16 9 14
11 11 7 11
12 16 25 14
10 6 24 17
15 15 11 12
15 18 6 15
8 21 13 5
14 9 24 14
9 15 8 22
18 8 21 15
13 14 16 11
11 14 17 17
12 10 19 14
8 7 13 11
14 22 9 6
14 24 25 13
14 16 17 19
9 10 23 16
21 15 16 19
12 21 14 13
13 17 18 24
13 25 6 14
16 22 21 16
16 20 14 11
9 14 19 7
18 15 13 20
14 13 10 6
13 22 23 22
12 17 16 11
22 17 23 13
11 19 13 12
12 8 20 18
14 16 6 16
13 8 15 9
14 16 11 8
11 13 15 16
18 12 16 23
24 19 13 14
16 11 7 11
18 16 19 12
10 19 12 12
21 12 16 16
21 14 17 17
20 18 15 15
11 13 16 21
10 12 10 16
16 15 16 14
12 17 17 14
11 11 11 13
15 15 6 21
22 19 22 16
24 18 8 20
15 11 8 17
17 16 20 17
18 16 17 15
19 15 13 13
13 14 10 12
14 22 9 17
14 17 18 7
25 11 9 22
20 8 9 7
16 13 19 10
15 17 14 25
18 20 22 19
18 21 14 13
16 17 7 14
25 21 23 14
15 6 14 11
19 5 19 23
14 18 18 11
20 19 17 13
6 14 18 11
11 10 13 12
20 18 15 11
16 13 24 16
8 13 18 26
9 13 15 15
15 13 17 11
21 9 15 21
11 16 14 21
11 16 17 13
10 11 25 18
20 15 20 20
15 21 11 13
11 13 16 15
12 15 5 19
6 17 12 10
6 8 25 15
8 13 12 19
22 17 11 22
21 16 9 11
20 15 9 14
10 9 18 20
18 19 6 18
13 26 18 10
11 10 18 23
12 17 21 10
9 25 19 10
18 12 14 14
7 10 24 11
12 12 10 25
15 16 24 23
9 15 25 8
18 9 16 10
20 19 14 11
14 17 15 18
7 15 18 5
15 16 13 10
12 13 16 12
16 13 9 14
18 16 11 20
11 6 15 20
14 18 23 12
25 17 7 14
21 20 16 13
12 11 16 11
23 14 15 25
10 12 14 17
18 18 16 15
19 19 17 8
15 8 10 19
14 20 18 24
21 17 14 14
20 15 24 18
16 18 15 12
12 5 9 5
18 15 19 13
8 11 25 19
14 11 10 16
11 18 16 17
9 18 15 11
7 24 11 23
13 18 15 8
12 16 18 11
15 17 5 17
22 8 8 12
13 22 5 19
14 12 9 19
12 19 21 16
20 11 16 11
14 12 10 6
8 16 11 18
12 10 20 12
24 16 9 14
11 14 7 11
17 10 16 15
13 10 20 18
15 13 14 18
7 14 13 9
9 21 15 14
5 7 17 10
15 17 15 14
26 15 15 15
16 16 12 13
14 17 17 16
18 14 13 20
10 12 19 25
11 13 12 16
12 11 10 21
10 14 7 14
13 11 12 14
14 13 16 20
7 14 15 13
9 14 6 11
24 14 14 5
17 8 23 18
8 18 14 14
14 13 15 17
12 19 10 7
13 18 13 16
17 9 15 10
18 18 14 16
17 20 8 15
14 20 15 15
5 18 12 11
8 18 12 18
20 18 19 19
21 11 15 18
17 18 9 19
13 7 17 19
24 17 5 18
9 18 17 23
15 11 10 9
18 22 11 7
14 11 6 11
14 11 14 13
8 12 26 16
11 17 23 12
11 17 19 15
13 10 17 19
12 12 14 12
22 10 18 10
15 18 19 13
14 14 17 9
19 13 21 19
17 21 14 22
13 14 16 12
20 18 24 13
18 22 13 14
13 24 13 16
16 14 18 20
12 9 22 19
6 17 15 13
19 17 12 23
14 20 14 14
8 16 15 14
13 19 18 12
9 9 15 23
15 12 12 18
8 11 20 9
12 14 8 10
15 12 14 15
17 9 16 10
14 18 16 14
10 10 15 12
21 12 15 14
17 8 11 16
14 25 12 21
19 10 16 12
16 16 24 6
14 11 18 10
13 11 20 13
23 11 19 22
12 22 16 6
9 11 9 12
16 24 12 13
13 12 14 24
22 19 11 15
10 10 19 24
7 15 10 7
12 10 21 16
25 7 12 8
14 19 12 16
13 10 11 15
15 10 14 9
12 21 17 12
10 12 7 12
13 14 16 13
15 5 8 5
9 13 15 17
17 15 19 18
15 21 13 15
12 8 6 15
26 19 17 20
14 19 14 21
10 12 24 10
17 20 11 13
16 19 8 11
18 11 18 9
12 18 21 23
6 12 22 14
14 15 14 16
19 18 8 25
13 22 14 11
16 15 12 25
17 20 14 21
11 21 10 16
14 19 15 17
25 14 25 16
10 20 15 13
7 18 16 18
22 19 13 10
14 14 19 23
8 18 13 18
11 6 12 20
13 14 14 17
14 13 21 11
12 13 8 13
15 22 10 15
13 20 14 25
18 18 16 8
12 18 14 19
12 18 26 13
12 13 16 20
19 18 9 18
21 17 11 18
15 16 9 16
21 20 14 24
20 17 9 14
10 14 18 20
8 13 24 14
14 11 9 9
19 22 24 8
12 14 9 17
19 15 19 25
13 13 13 6
17 8 10 12
10 18 10 12
10 10 11 22
11 10 16 19
14 21 16 9
7 10 19 18
20 18 13 9
12 14 12 20
11 10 12 7
15 20 17 21
12 18 13 11
8 20 11 11
13 12 13 18
12 23 17 20
13 12 22 18
16 23 18 20
14 14 9 12
10 12 23 14
20 6 13 26
19 11 17 13
16 21 5 26
18 17 16 16
16 16 15 13
10 15 12 5
10 15 10 11
15 8 10 13
17 14 14 19
15 8 24 8
11 24 11 8
25 16 21 11
7 17 21 9
19 9 26 20
17 8 11 16
22 8 24 17
10 16 12 24
14 10 12 15
13 16 14 17
16 15 10 14
8 11 11 20
15 20 10 11
20 14 14 14
24 21 11 20
9 9 13 21
13 14 17 14
14 6 14 14
13 18 19 15
19 15 15 17
19 16 18 26
15 13 6 13
15 16 8 24
11 16 8 8
11 21 7 12
16 9 19 14
11 12 15 15
21 13 7 18
15 6 15 11
14 16 19 18
25 16 9 15
18 8 12 20
13 17 7 16
18 16 15 13
19 11 12 24
19 16 17 18
16 14 15 16
20 16 22 10
13 6 21 13
11 17 18 8
21 14 21 13
11 7 15 17
9 21 14 21
15 11 14 23
10 13 11 26
11 9 12 12
10 15 8 16
22 10 12 14
12 18 10 14
11 17 13 14
12 15 20 14
14 15 10 11
16 9 10 9
5 16 23 16
13 15 12 20
19 22 18 8
10 11 20 12
6 15 13 13
13 16 16 21
16 14 11 26
7 22 18 14
16 20 11 10
9 15 16 15
10 18 12 19
12 14 14 21
11 7 9 22
16 16 11 12
13 12 26 17
8 14 11 17
13 23 8 25
19 15 12 16
14 10 23 18
10 21 16 8
24 12 12 24
18 14 12 14
16 15 11 17
16 25 11 8
11 10 9 14
20 18 9 6
17 12 13 9
7 6 16 23
13 14 16 18
13 6 22 16
15 10 10 15
15 9 8 20
5 15 15 16
24 19 11 15
17 22 19 25
10 20 19 22
20 7 15 18
13 14 18 12
18 8 25 12
18 7 11 24
15 16 10 18
15 11 9 8
11 5 9 14
16 8 7 12
16 24 15 19
12 7 8 16
9 15 13 16
5 13 23 10
8 24 8 11
6 9 14 22
11 13 25 13
18 14 12 12
13 19 16 15
22 14 23 12
13 11 8 14
7 19 11 22
7 11 12 12
12 13 20 12
17 25 14 15
10 9 19 16
9 10 15 16
5 14 13 14
26 9 17 17
14 10 10 13
17 11 12 12
22 13 8 17
6 12 21 18
14 7 19 18
15 15 10 10
14 6 10 24
21 20 10 13
9 19 13 26
18 14 10 9
20 21 15 13
15 5 23 11
23 22 16 15
8 8 8 25
20 19 13 13
12 18 7 13
10 17 9 19
11 11 14 11
16 20 12 8
11 11 24 6
17 16 14 19
6 18 16 14
21 9 19 19
16 12 13 20
15 12 21 10
12 11 15 15
11 19 20 8
13 17 12 14
18 9 9 17
18 14 21 16
25 7 11 21
24 17 20 11
15 9 16 18
19 8 14 16
21 10 19 18
15 14 15 9
9 15 9 12
16 11 11 14
11 14 16 18
9 5 16 19
26 15 14 9
15 12 9 25
11 12 13 18
19 16 15 5
9 10 10 19
15 24 11 8
10 10 16 18
15 6 22 16
10 14 15 11
13 16 22 11
16 21 10 22
12 20 19 17
9 18 22 11
14 21 25 7
14 23 10 14
15 19 19 15
9 15 17 17
14 6 10 18
20 13 14 16
16 15 11 13
17 13 22 13
18 18 6 25
23 25 21 6
18 19 19 10
17 14 14 13
21 10 12 26
13 19 16 15
6 15 10 12
19 11 25 11
25 14 19 12
18 7 7 16
17 18 17 17
7 12 22 16
12 8 15 23
22 25 9 12
18 6 17 26
17 13 23 18
15 12 11 21
8 10 18 15
5 17 20 13
18 13 18 15
9 26 17 15
12 19 10 14
10 9 10 13
25 9 17 9
18 11 18 22
12 7 11 17
15 16 13 13
16 16 15 15
20 26 14 18
12 8 21 15
17 17 10 18
15 13 17 15
12 23 9 11
11 21 8 8
16 9 21 14
14 6 21 26
10 15 18 11
12 15 20 20
18 14 17 8
17 17 12 20
20 13 8 19
9 19 13 18
14 15 14 22
21 19 13 17
9 21 15 23
15 14 19 17
9 10 13 22
23 12 20 9
14 11 20 15
16 8 8 13
26 16 12 19
21 22 9 22
12 14 14 21
19 10 12 11
14 11 11 21
15 25 9 22
14 17 15 10
14 13 18 11
17 23 17 11
16 10 18 19
11 26 26 15
17 5 11 8
7 15 17 8
10 16 18 16
17 14 8 7
26 17 26 16
14 20 18 20
14 23 18 13
12 5 19 21
18 14 22 13
10 14 8 9
12 12 26 16
16 17 24 19
12 12 8 16
13 16 11 12
8 9 16 11
5 15 16 12
9 24 23 21
9 5 18 14
11 20 19 13
15 19 11 13
22 13 11 23
19 8 10 12
23 6 7 11
16 10 13 17
13 18 20 22
19 13 13 20
11 17 23 12
19 9 14 20
18 12 16 25
19 11 17 12
16 24 13 20
11 19 13 20
11 15 19 23
13 17 11 17
15 18 16 23
12 11 12 5
11 18 18 9
10 25 6 17
10 10 14 18
13 23 17 12
15 19 10 17
10 19 18 15
12 14 21 14
12 17 5 22
25 20 20 9
18 14 12 11
11 9 15 23
13 10 13 9
18 10 9 16
15 11 24 14
17 12 5 8
21 8 17 18
14 11 14 14
22 23 11 13
17 23 16 8
17 10 20 8
18 15 26 18
17 15 14 24
14 21 21 15
8 21 14 26
23 16 15 13
10 7 15 25
13 12 23 22
13 20 23 18
11 7 20 17
15 16 22 20
17 17 18 15
13 12 15 10
22 19 7 16
11 16 21 23
8 13 8 14
6 21 8 13
6 7 17 15
16 15 13 13
12 16 20 14
20 22 19 9
9 18 12 19
12 21 15 11
18 9 7 13
5 22 12 7
16 8 20 5
18 25 11 19
5 10 19 9
9 18 24 24
16 16 22 12
10 19 15 10
5 21 14 21
14 17 8 18
12 9 15 24
9 24 13 21
18 6 26 11
8 11 15 22
25 15 16 14
19 14 9 9
19 15 15 6
26 19 10 18
10 17 10 13
20 12 16 11
11 15 8 12
13 15 17 9
14 16 14 21
12 18 19 17
7 11 19 8
16 15 9 19
10 22 14 13
23 6 6 18
11 11 13 7
16 22 15 16
15 11 15 19
11 21 12 9
19 18 15 13
13 14 15 10
13 13 12 12
18 22 10 21
16 14 8 18
21 19 9 22
17 22 20 22
19 24 17 18
13 6 19 14
14 11 12 16
25 11 19 10
21 14 16 18
9 11 10 11
14 10 17 15
13 20 14 16
9 8 9 19
12 18 12 12
9 8 12 17
12 10 5 16
11 26 18 15
21 21 17 14
6 14 20 6
14 9 19 11
13 23 21 23
24 18 19 13
15 20 19 7
17 20 11 15
16 8 15 18
14 16 11 12
22 15 12 12
11 13 14 10
9 26 17 12
18 9 12 17
15 12 13 8
13 19 9 13
8 12 9 21
15 14 19 10
14 10 16 15
17 14 25 9
20 22 18 17
18 14 17 12
9 24 12 16
20 12 20 23
17 19 15 19
18 26 15 15
12 13 12 19
13 18 16 20
19 20 20 16
11 15 11 18
11 11 19 12
15 19 11 18
8 10 12 7
11 12 16 24
21 14 9 7
7 21 9 18
20 12 11 22
16 11 14 17
23 15 20 19
13 14 15 9
19 15 6 8
11 24 16 19
7 18 18 20
8 17 19 20
16 11 15 18
14 9 17 10
12 6 5 18
18 9 13 9
13 16 22 16
14 13 13 23
19 8 16 16
16 19 18 16
12 18 13 15
5 12 18 19
24 14 11 18
9 12 21 23
9 18 15 19
15 19 13 17
10 23 10 15
18 14 19 23
15 10 14 10
15 12 8 14
10 16 15 25
11 18 18 9
7 14 15 8
14 16 11 15
9 11 8 13
8 14 14 11
15 11 16 6
16 19 12 14
19 19 16 15
23 24 26 11
17 16 16 9
12 21 15 13
15 22 18 14
9 17 10 13
14 18 24 6
16 17 13 13
19 9 25 19
8 7 6 19
15 6 15 20
11 15 11 17
20 7 19 15
14 9 13 6
6 19 12 15
23 9 9 8
8 8 15 14
22 20 15 11
16 12 13 5
13 18 19 10
9 18 11 8
24 11 10 8
12 19 14 10
11 14 20 19
19 22 21 14
17 18 20 17
16 12 17 22
15 17 16 10
16 15 14 12
18 9 19 16
17 16 14 13
15 11 23 14
10 21 8 20
11 16 16 25
10 22 8 26
11 10 12 20
20 20 11 21
19 9 12 20
13 23 25 12
11 20 17 26
7 17 15 10
14 14 18 19
19 21 14 9
14 16 13 16
24 9 21 16
10 5 20 18
23 7 8 19
17 17 20 10
12 12 20 17
12 20 19 17
19 19 20 12
17 12 12 10
14 9 16 18
13 16 10 18
13 23 19 21
9 9 6 8
11 22 14 14
13 10 8 15
13 13 16 12
17 14 7 16
16 18 22 13
13 19 13 19
13 8 10 15
13 10 12 16
10 17 12 11
17 13 11 23
17 16 13 23
9 20 25 23
12 16 13 17
13 13 8 12
12 21 14 5
8 7 19 11
12 22 23 12
18 9 10 25
15 17 9 10
12 20 13 9
19 20 18 14
12 9 15 12
7 11 20 15
22 9 21 21
7 10 23 12
10 13 13 8
12 13 14 17
12 15 14 11
17 19 19 18
9 15 13 14
20 13 22 8
19 11 15 20
19 12 23 8
15 17 15 12
6 9 14 22
12 15 10 22
17 20 16 13
8 13 9 15
13 11 20 7
20 16 25 17
17 14 17 14
13 10 11 13
12 20 18 8
15 10 8 7
17 19 10 19
18 16 14 13
19 9 20 14
17 15 13 10
8 16 12 22
12 11 16 24
20 10 10 15
15 12 13 18
17 20 15 19
18 23 12 5
16 13 20 8
24 11 20 25
25 14 14 19
16 10 10 10
22 20 5 13
10 14 17 19
11 19 7 20
14 15 6 18
14 13 23 8
19 15 11 17
18 13 9 11
9 19 13 12
12 24 19 11
13 15 14 12
8 22 17 11
18 8 14 14
13 21 16 16
16 8 13 14
7 9 16 10
12 12 11 6
12 20 19 6
19 13 24 21
15 16 7 9
21 12 5 12
12 7 11 18
14 20 19 20
19 13 9 13
7 15 17 22
10 9 11 19
5 13 13 18
14 19 10 22
22 7 7 9
19 20 15 12
19 22 21 14
22 15 15 12
5 13 22 9
15 12 10 24
16 23 18 15
18 10 11 13
10 24 18 12
9 14 14 15
8 8 23 9
17 16 10 13
15 22 20 19
11 14 13 17
15 11 17 17
19 8 25 6
15 11 18 15
14 18 22 12
18 8 14 22
16 17 7 24
13 14 20 20
12 20 13 11
15 24 11 25
11 16 16 18
12 13 17 12
12 17 12 13
23 14 22 15
10 21 15 11
10 23 16 12
20 18 18 17
17 7 11 12
15 18 13 8
16 8 8 18
23 10 23 16
17 15 18 16
22 13 19 10
15 13 7 21
13 9 10 7
17 23 24 11
15 11 12 22
24 21 11 10
14 10 13 16
15 12 19 11
13 26 8 5
19 16 11 13
15 23 11 12
14 13 19 14
11 17 11 18
12 11 23 16
15 17 13 21
18 6 17 17
14 11 18 19
17 16 21 20
15 22 13 21
6 8 12 13
7 15 14 11
17 11 19 16
15 15 8 11
19 19 18 14
6 23 18 13
18 10 12 20
11 16 18 7
18 10 15 12
16 7 14 8
16 18 24 20
16 10 6 15
14 15 12 15
10 18 25 13
16 20 10 19
14 23 20 16
19 25 11 11
21 13 16 18
11 22 21 12
15 22 7 23
14 13 15 15
9 20 19 8
10 17 16 20
19 14 10 15
11 21 14 18
12 13 24 8
11 15 8 11
8 22 5 16
6 14 15 11
16 17 16 13
15 15 26 26
9 13 12 24
17 7 16 9
7 18 11 9
10 18 16 23
16 7 17 19
9 12 17 12
8 17 9 14
15 13 20 20
17 17 13 10
19 21 16 9
15 14 11 7
11 20 16 11
6 15 6 14
13 13 23 18
13 12 6 24
24 19 12 9
10 15 16 7
24 9 8 10
26 17 12 14
19 12 10 17
25 26 8 10
17 15 13 14
20 10 11 19
24 10 10 16
7 6 18 12
19 16 17 5
17 12 7 12
8 22 15 15
19 11 13 11
18 11 16 17
17 8 8 8
14 11 15 13
23 9 11 10
12 22 18 7
10 25 18 7
26 16 18 18
16 25 12 11
12 22 13 12
14 7 19 12
12 14 5 10
13 11 12 17
18 19 13 12
8 21 18 21
11 13 13 10
13 15 11 10
13 12 13 6
11 13 12 14
11 12 16 18
6 12 18 16
15 16 16 20
20 8 13 13
13 10 17 19
7 17 20 21
15 7 15 13
15 11 6 8
6 9 10 11
22 21 18 23
24 12 17 11
6 20 22 15
11 11 13 15
26 16 10 8
6 11 17 16
19 14 20 11
12 8 22 17
22 23 19 11
18 9 18 14
21 12 7 14
16 15 8 13
7 20 16 13
18 7 18 16
18 10 19 22
13 13 18 19
15 22 12 20
22 12 8 12
14 19 20 16
11 17 15 18
17 23 18 13
7 8 19 20
9 14 14 9
10 17 14 19
21 11 12 12
15 16 15 16
19 14 21 22
16 18 12 19
10 14 16 20
15 10 20 14
10 17 11 15
20 7 13 10
15 12 21 20
19 11 9 16
15 11 22 16
26 19 17 12
13 9 12 8
26 8 14 24
14 12 20 15
9 10 7 8
18 18 13 17
18 20 18 6
18 11 12 11
10 17 11 7
25 14 11 23
19 13 12 15
16 19 23 6
13 23 15 10
18 19 13 14
16 14 18 13
17 10 17 13
25 17 10 15
12 11 13 18
14 25 8 21
19 25 6 20
12 12 12 22
14 18 26 7
5 17 16 9
20 5 25 19
14 24 17 10
7 13 14 15
16 9 17 15
11 20 17 20
24 16 17 16
16 24 8 24
9 15 18 13
9 17 19 19
10 7 26 17
9 11 8 10
19 16 7 19
22 21 6 13
15 16 15 11
10 11 11 17
8 25 19 20
13 25 10 24
15 18 10 19
13 21 15 12
15 13 9 13
14 19 16 22
15 24 14 9
7 10 11 9
11 14 13 12
24 16 23 9
14 24 11 9
17 10 16 23
16 7 13 17
19 12 16 18
12 23 13 7
18 15 11 19
17 16 24 12
13 16 19 10
9 6 15 26
19 6 9 12
11 24 10 17
12 16 8 21
14 15 14 14
20 11 16 17
14 13 11 15
7 17 13 12
12 9 23 19
14 8 18 8
20 13 12 15
15 10 20 25
12 18 23 10
21 10 20 16
14 22 20 14
24 6 18 10
11 16 11 8
18 17 22 18
9 8 16 12
14 14 17 7
22 25 19 19
13 10 20 12
17 8 15 19
15 22 10 12
17 15 17 16
14 20 13 9
12 11 12 16
15 20 11 14
18 13 10 21
16 24 22 15
13 16 19 19
16 7 11 11
14 22 8 12
17 7 20 10
21 5 5 12
9 19 18 9
25 17 13 6
16 14 9 14
7 10 15 21
19 11 21 14
17 23 9 21
18 17 14 14
12 22 21 6
11 14 20 11
11 6 8 13
26 13 16 18
17 11 7 7
9 11 13 9
17 23 14 16
13 19 12 15
19 9 21 18
13 6 16 22
14 17 18 18
13 16 17 16
9 10 16 14
23 12 14 7
10 26 24 6
22 12 17 16
22 19 19 22
12 10 22 19
24 16 11 15
11 15 12 11
12 15 9 15
15 10 11 13
21 23 8 14
16 16 8 10
23 17 13 12
16 6 20 16
7 21 24 11
17 14 15 13
9 18 15 16
19 16 14 21
19 15 22 12
14 20 6 9
22 16 15 13
11 18 20 20
12 16 13 18
15 10 19 19
16 20 11 14
16 17 11 11
19 13 17 16
13 26 18 7
12 19 9 20
15 22 18 15
14 7 13 17
23 12 12 10
13 12 13 16
9 15 17 12
17 17 10 13
16 13 15 15
9 13 6 25
18 16 8 9
12 14 19 24
22 10 11 14
9 16 12 15
16 17 21 19
20 20 12 12
13 19 14 10
9 12 12 14
13 12 16 17
23 23 20 13
18 12 6 12
17 18 25 14
20 16 12 17
20 10 11 17
6 21 26 11
14 6 15 9
14 17 10 24
14 16 19 14
8 5 5 9
15 12 23 14
11 13 17 15
25 17 8 22
16 13 9 21
18 11 14 26
9 18 16 23
8 17 16 23
6 18 8 17
16 18 15 10
17 18 17 15
13 5 23 10
17 6 7 18
14 6 8 14
21 22 12 16
12 15 10 8
19 19 10 26
15 8 24 17
10 10 17 16
16 12 13 20
10 16 12 18
9 13 16 8
15 10 7 17
11 15 12 15
13 8 19 14
18 15 17 22
22 10 11 11
17 11 12 14
10 10 14 18
20 14 14 9
11 20 16 17
23 18 10 12
15 12 14 14
14 16 20 8
11 19 26 16
23 22 24 11
16 19 11 14
6 13 10 16
11 25 12 19
13 14 13 11
20 13 14 16
14 15 16 8
20 9 20 16
10 23 12 23
12 15 12 21
20 18 22 7
9 20 15 8
10 10 21 18
10 18 11 13
18 17 17 13
13 23 20 12
16 16 8 20
25 7 14 9
16 8 21 14
11 17 12 10
11 10 13 16
13 23 10 19
7 10 18 22
7 12 7 9
21 16 11 9
18 17 10 7
18 9 17 23
15 24 11 18
13 12 13 9
22 26 13 23
19 14 18 17
14 7 11 15
16 10 11 19
25 18 9 21
9 17 8 17
5 9 10 12
13 19 17 15
12 12 10 14
17 15 18 23
15 10 12 9
22 19 10 8
11 10 17 14
17 13 14 13
16 12 13 15
13 16 15 16
22 9 9 15
17 23 10 18
7 13 23 14
12 10 16 23
19 18 11 15
15 13 18 10
15 26 13 19
19 26 13 12
22 14 13 17
20 10 12 15
18 12 13 20
13 23 15 19
11 21 18 16
9 19 9 10
8 16 8 11
12 8 17 13
17 17 17 19
25 20 8 16
25 19 17 20
11 8 9 8
11 10 18 15
14 18 21 10
20 16 9 5
15 15 16 12
10 23 13 15
16 15 16 20
9 17 25 14
20 7 18 20
17 12 10 17
15 22 19 12
8 14 18 13
