14 3 10
573 884
449
832 1453 1953
826 1551 2180
847 1345 2000
851 1533 1983
857 1502 2237
734 1496 2173
786 1574 1957
791 1374 1868
837 1365 2224
810 1465 2121
783 1610 1936
880 1555 1956
744 1377 1993
764 1563 2098
130 194 120
175 136 161
136 165 139
163 135 200
141 177 139
154 140 112
167 174 165
178 145 195
100 179 126
197 170 182
166 140 138
159 102 135
192 136 110
110 137 143
49 86 9
12 10 8
8 10 15
8 20 18
9 8 13
13 5 12
7 14 11
4 20 3
11 19 12
23 3 13
8 9 9
7 8 14
6 5 12
13 15 9
13 11 11
