14 3 10
419 1181
653
916 1464 2168
855 1620 2240
803 1463 2025
946 1551 2190
790 1399 2305
937 1546 2202
796 1670 2338
879 1605 2166
912 1690 2150
837 1601 2287
931 1654 2170
886 1681 2234
846 1414 2258
907 1697 1994
175 114 116
170 167 103
199 122 100
171 189 159
172 164 123
122 171 161
170 102 169
135 113 170
135 154 156
122 178 121
169 193 162
195 184 177
187 134 187
171 179 146
33 39 67
12 4 11
3 8 10
9 7 16
14 9 10
20 16 8
11 11 7
20 13 5
17 6 11
11 11 8
12 3 15
6 15 9
6 10 8
12 8 10
12 4 9
