14 3 10
536 1551
884
930 1528 2609
829 1452 2433
802 1468 2627
801 1561 2374
874 1602 2193
786 1525 2444
782 1521 2410
829 1507 2293
888 1607 2192
869 1441 2450
843 1564 2435
945 1596 2622
910 1583 2408
873 1513 2342
109 130 199
122 149 159
156 172 130
124 114 154
133 163 200
144 190 145
168 168 189
129 119 115
145 167 123
174 199 185
176 149 189
115 176 127
110 176 179
133 187 126
141 23 97
5 13 10
18 15 9
15 17 4
13 9 14
9 4 8
16 12 16
7 9 9
12 12 10
10 14 4
13 9 16
4 6 14
8 5 12
18 5 11
5 4 13
