14 3 10
616 926
362
849 1660 2157
862 1653 1859
845 1477 2147
881 1648 2193
847 1435 1865
807 1552 2204
880 1499 1919
900 1462 2162
859 1380 1867
895 1593 2192
823 1562 2140
838 1597 2246
870 1481 2043
792 1377 2238
189 110 177
176 120 180
116 123 136
171 120 156
132 197 141
137 178 178
181 116 180
141 193 156
141 131 169
188 116 160
137 111 181
141 175 137
187 184 150
148 194 179
87 112 36
12 19 11
13 10 20
8 7 19
10 9 21
6 10 13
4 6 9
7 17 12
12 10 7
10 6 10
11 6 11
8 7 10
6 13 14
10 13 11
6 3 10
