14 3 10
396 1050
506
647 1163 1794
723 1265 1995
745 1268 1894
730 1085 1716
706 1246 1816
734 1212 1865
776 1198 1737
765 1168 1814
733 1224 1937
651 1244 1726
649 1187 1923
647 1230 1826
648 1176 1762
717 1221 1764
195 135 138
197 155 138
170 143 130
178 119 171
191 170 166
163 169 110
139 191 115
112 196 154
178 177 168
179 160 136
107 101 168
175 180 115
161 147 193
153 103 132
65 71 108
9 12 10
18 14 13
15 7 10
11 15 8
2 5 5
7 8 8
18 14 2
8 3 7
6 11 18
7 2 11
11 12 7
10 11 7
12 10 11
19 4 9
