14 5 5
486 805 1586 2030
289 1009 1366
850 1255
528
614 1179 1567 2525 3107
635 1138 1662 2575 2956
623 987 1810 2252 3188
633 1192 1720 2257 3167
662 1055 1538 2518 3139
656 987 1624 2342 2753
595 1054 1638 2468 3274
623 1110 1526 2605 2975
621 1094 1662 2369 3282
629 1114 1685 2332 3227
678 1015 1766 2416 3159
633 1154 1825 2578 3121
595 1167 1761 2260 2951
592 1118 1514 2478 3218
143 159 144 131 172
132 157 105 166 182
118 164 135 106 161
155 112 163 191 180
163 195 158 112 168
123 158 190 183 197
136 186 110 128 110
158 154 124 145 148
138 199 156 112 186
173 178 131 123 158
151 179 148 120 143
186 193 161 134 185
141 180 106 155 159
131 145 123 188 176
231 48 160 10 88
2 2 6 1 8
3 4 14 4 6
0 5 5 4 1
5 6 2 7 6
9 1 3 6 5
5 2 1 5 6
2 3 2 2 10
4 2 4 7 4
11 7 5 8 8
3 6 6 2 7
3 1 7 1 4
3 4 2 5 5
9 2 6 6 0
7 7 5 8 3
