14 5 5
535 1281 2269 3365
735 1479 2187
828 1878
957
867 1605 2385 3295 4410
854 1694 2192 3244 4615
843 1510 2265 3212 4122
820 1558 2390 3003 4319
864 1656 2491 3143 4117
959 1725 2214 3393 4590
825 1794 2157 3072 4414
965 1557 2413 3468 4063
953 1688 2270 3460 4627
811 1614 2426 3458 4188
986 1516 2135 2996 4252
975 1595 2446 3391 4356
877 1726 2559 3218 3859
988 1583 2129 3566 4060
135 145 200 167 116
185 117 141 101 182
175 191 115 159 102
198 103 153 194 120
128 149 134 142 145
137 129 124 177 105
113 161 109 116 181
187 124 167 131 135
186 185 181 108 122
103 197 189 146 126
194 189 132 125 150
198 138 133 169 190
112 168 155 179 120
124 100 200 199 199
89 121 108 9 8
7 11 3 4 8
0 4 6 7 2
5 1 2 2 7
8 6 0 5 4
5 3 5 5 4
5 6 2 9 1
2 4 2 11 3
7 1 2 5 6
6 8 3 4 4
0 4 6 3 3
4 3 4 7 8
6 5 5 5 2
5 9 8 6 11
3 2 5 9 3
