14 5 5
419 707 1704 1757
365 1332 1212
737 1085
234
650 1121 1517 2540 2827
568 1057 1436 2389 2892
560 1166 1632 2389 2880
582 1216 1448 2188 2948
609 1223 1409 2162 2864
581 1124 1546 2271 2558
634 1263 1446 2550 2487
604 1257 1448 2240 2872
561 1207 1660 2180 2983
546 1088 1473 2418 2476
574 1273 1389 2592 2537
579 1172 1443 2580 2448
564 1123 1483 2499 2553
609 1143 1514 2241 2823
158 169 118 160 125
178 186 144 194 114
200 170 195 125 148
120 128 165 140 151
124 111 159 163 131
143 102 146 122 112
102 131 171 132 114
103 196 132 155 186
195 167 183 198 112
199 170 172 120 139
181 166 114 120 120
178 121 158 163 137
108 121 109 126 128
135 190 177 169 156
217 25 46 85 99
7 6 2 2 6
12 1 4 2 5
9 10 4 16 8
7 4 6 3 1
10 6 1 5 3
6 2 3 7 1
10 2 2 8 14
7 6 2 1 9
1 9 3 6 2
2 5 6 5 11
4 3 4 1 0
6 4 7 6 6
2 17 0 5 4
3 4 2 3 5
