14 5 5
285 911 1237 1553
541 857 1510
376 882
462
532 902 1567 1986 2501
492 870 1387 1902 2386
487 820 1483 2112 2673
503 851 1396 1966 2321
520 845 1591 1816 2395
489 844 1498 2049 2489
490 979 1623 1935 2231
523 870 1455 1917 2289
510 936 1627 2145 2374
486 951 1543 1948 2379
541 974 1504 1810 2675
580 981 1357 2064 2272
503 978 1391 2043 2486
554 930 1549 1924 2282
128 107 152 180 178
186 163 174 200 138
125 175 198 142 124
106 116 149 108 178
179 170 120 114 160
175 196 104 163 192
188 155 106 126 118
126 145 134 129 196
106 197 188 189 190
116 187 116 180 199
101 101 177 112 198
196 198 104 183 143
165 156 199 191 142
177 139 199 159 119
17 128 144 97 14
6 13 8 4 3
5 5 4 9 4
7 3 4 6 5
4 3 8 7 2
2 1 5 9 7
13 7 9 3 5
4 1 3 10 0
4 3 12 3 10
1 6 2 6 5
6 5 4 0 1
1 6 2 3 5
6 2 7 7 16
1 2 5 11 10
0 8 4 0 0
