14 5 5
442 1039 1418 2767
699 1314 2474
570 1779
940
736 1206 2011 2639 3953
817 1152 2330 2911 3804
739 1251 2053 2557 3659
721 1146 2297 2646 3802
838 1129 2109 2640 3939
798 1152 2049 2503 4015
825 1196 2311 2475 3970
838 1148 2100 2961 3866
707 1318 2125 2858 4028
693 1227 2337 2894 3794
702 1355 2150 2671 4014
701 1220 2369 2671 3986
841 1379 2193 2549 3627
699 1372 2002 2607 4022
165 135 133 186 179
147 121 150 165 136
163 181 131 100 168
191 177 139 158 159
170 169 156 173 116
200 113 181 194 192
107 165 182 167 133
157 194 171 181 149
128 144 110 131 121
175 155 191 183 191
173 197 162 155 120
129 169 178 150 117
108 157 131 194 115
188 106 154 178 169
36 33 235 71 14
7 10 4 5 4
9 5 5 3 10
9 3 4 10 5
8 3 6 4 7
5 0 4 6 7
7 1 5 3 3
1 1 15 10 2
7 3 8 3 6
3 6 3 1 1
2 3 6 8 11
5 3 4 3 1
0 2 5 2 4
4 0 4 4 2
1 7 5 3 4
