14 5 5
711 950 1663 1905
367 1409 1470
819 1125
154
780 1614 2100 3139 3313
743 1634 2393 2988 3599
844 1566 2015 3345 3762
754 1618 2218 2889 3313
843 1436 2140 3002 3609
787 1372 2016 3298 3676
738 1430 2144 3038 3980
788 1507 2075 3344 3323
864 1623 2141 2790 3312
869 1375 2352 2839 3431
742 1383 2077 2884 3391
849 1612 2360 2833 4029
773 1562 2302 3050 3375
835 1644 2157 3159 3957
186 173 147 163 172
121 182 134 132 152
112 179 169 106 180
158 199 153 158 189
105 168 176 101 171
158 107 153 172 137
125 106 176 121 182
166 180 188 102 132
191 160 130 139 128
149 192 178 143 189
126 149 163 192 165
199 152 172 174 156
132 131 181 195 164
185 108 149 196 196
162 226 43 32 21
9 7 3 9 3
0 5 11 1 2
13 13 3 10 1
3 0 6 1 14
1 5 2 11 8
5 5 1 6 2
7 6 19 5 5
3 8 10 5 5
1 2 5 4 3
6 6 8 9 7
4 1 12 6 3
1 4 0 4 5
0 7 2 3 3
5 4 5 5 8
