14 5 5
340 1054 1087 1836
595 854 1491
343 1035
693
656 1118 1769 2141 3050
699 1264 1770 2314 3251
710 1270 1746 2392 2975
663 1239 1903 2534 3084
713 1249 1776 2417 2980
646 1277 1940 2301 2940
699 1250 1823 2283 3251
707 1190 1644 2315 2735
683 1226 1907 2326 3100
660 1133 1714 2164 3281
706 1114 1989 2549 3227
690 1280 1828 2086 2983
718 1084 1665 2222 2962
719 1076 1882 2132 2855
155 169 189 186 158
136 120 196 161 120
200 152 119 119 191
200 134 127 136 196
149 186 162 156 151
162 162 147 196 124
107 119 148 133 117
161 130 104 182 118
128 186 120 173 112
191 165 136 129 185
159 177 125 124 188
126 102 101 162 194
197 191 198 167 151
143 126 147 164 170
35 75 54 65 98
2 12 2 5 3
6 5 5 10 6
2 5 2 2 4
7 10 3 6 10
7 5 3 2 5
4 4 8 8 6
1 6 6 7 1
13 3 2 4 4
9 7 9 3 5
2 7 6 3 1
6 3 5 7 1
1 6 4 6 3
3 2 8 4 3
5 4 4 8 7
