14 5 5
385 831 1539 2064
602 1292 1356
651 898
234
643 1056 1756 2619 2886
573 996 1928 2367 2796
653 1053 1749 2275 3155
608 1096 1992 2220 3131
580 1087 1998 2436 3080
646 972 1699 2536 2778
632 994 1691 2301 2893
573 1035 1809 2505 3074
646 966 1776 2211 2908
639 968 1938 2337 2732
638 1026 1706 2177 3054
557 1129 1681 2352 2968
614 1134 1722 2425 2730
586 1117 1697 2464 2899
110 153 199 154 151
148 158 166 198 100
143 158 124 176 192
173 127 124 155 114
129 195 165 183 198
111 158 179 194 135
183 115 188 127 127
187 200 183 126 123
186 104 112 195 107
160 158 108 122 166
189 122 156 126 129
139 124 102 120 102
167 162 187 142 121
193 107 120 170 183
231 17 178 66 10
5 5 2 1 6
6 8 8 2 2
11 3 4 6 2
4 4 2 3 3
11 3 3 2 9
5 2 6 0 1
1 6 1 3 13
15 7 12 9 1
5 9 3 3 4
13 3 2 8 10
2 4 5 4 3
5 6 6 2 2
3 2 0 8 6
6 3 1 4 13
