14 5 5
552 1237 1655 2144
506 1454 1401
696 898
144
727 1430 2109 3049 3240
708 1195 2255 2912 3633
717 1236 2057 2776 3228
772 1393 2116 3168 3850
723 1450 2197 2860 3681
789 1418 2289 2831 3633
784 1260 2155 2749 3460
782 1300 2242 3072 3634
805 1355 2267 3113 3434
780 1268 2375 3108 3524
769 1368 2335 2919 3923
843 1224 2139 3173 3798
758 1397 2063 3228 3780
778 1268 2160 2983 3582
138 140 167 162 115
188 142 116 197 192
166 179 188 140 118
125 154 141 182 191
181 152 140 121 118
170 109 188 179 193
165 119 159 110 180
149 176 192 130 176
188 175 140 191 171
195 113 167 118 179
149 184 199 184 164
126 114 108 118 138
195 178 183 146 118
191 127 194 172 199
136 252 88 36 50
5 7 6 5 5
5 3 9 6 2
13 2 4 2 2
3 3 4 3 3
5 12 9 3 5
8 3 5 4 4
3 6 3 4 2
5 2 9 9 6
9 0 9 7 6
7 10 1 4 7
1 7 1 12 0
1 3 2 6 0
5 13 2 4 7
9 4 3 1 2
