14 5 5
609 1781 1925 2538
1211 1389 1998
443 918
475
961 1671 3025 3494 4050
891 1538 3022 3563 4377
1055 1752 2720 3699 4248
1019 1586 3008 3960 4083
900 1551 2927 3382 4159
967 1608 2938 3822 4602
1062 1468 2898 3666 4348
922 1678 2791 3509 4391
977 1721 2505 3357 4505
1040 1703 2640 3328 4125
961 1584 2932 3747 4089
940 1466 2514 3307 4771
909 1474 2499 3354 4527
1044 1762 2577 3706 4850
156 195 188 104 163
124 138 146 134 142
168 113 132 142 185
198 169 152 126 123
164 112 191 177 105
161 143 115 174 182
151 123 120 135 187
137 197 183 171 191
189 110 137 143 105
185 176 195 133 107
174 124 171 130 197
159 148 185 159 182
183 182 163 116 101
184 199 127 140 127
141 53 151 11 87
3 4 6 7 2
9 2 2 3 5
9 11 6 2 4
4 6 4 3 3
0 7 6 3 3
2 3 0 3 4
2 7 6 6 6
11 3 7 4 6
1 0 3 3 9
5 7 1 8 4
3 4 4 7 5
8 2 1 1 6
4 4 5 6 9
10 2 3 6 10
