7 4 2 1000
250 1357 1730
1140 1305
208
800 1149 2453 2714
835 1147 2182 2908
735 1162 2255 3134
806 1311 2169 3040
862 1117 2245 2651
778 1136 2416 2875
863 1185 2071 2868
36 44 41 50
39 25 46 44
31 43 37 25
38 38 35 37
29 29 32 38
46 42 25 25
25 26 40 27
41 10 4 19
2 0 3 0
0 2 0 3
0 0 0 0
0 1 0 0
1 0 1 4
1 0 0 0
2 1 0 2
0 1 1 1
3 1 1 1
2 0 0 1
1 0 0 1
1 0 0 1
1 1 0 0
0 0 2 1
2 0 2 0
2 1 3 0
0 0 0 0
1 1 0 0
0 0 0 0
2 0 0 1
0 1 0 0
0 2 0 0
0 0 0 1
1 1 2 2
0 1 0 0
0 0 0 1
1 0 3 1
0 0 0 2
0 0 1 0
0 0 2 4
0 0 1 2
2 0 2 1
0 0 1 0
1 1 1 1
0 0 1 1
0 0 0 0
1 0 0 0
2 1 1 0
2 2 0 1
1 1 0 0
2 2 1 1
1 4 0 0
0 1 1 0
0 2 0 0
0 2 2 0
2 0 3 0
0 0 3 0
0 0 1 0
0 0 0 0
0 0 1 1
0 0 2 0
0 1 0 2
0 0 1 0
0 2 0 0
0 2 0 2
0 0 1 0
0 0 0 0
1 0 1 0
0 0 0 1
0 0 0 0
0 0 0 0
1 1 0 0
2 0 0 3
0 0 0 0
0 1 0 0
4 1 1 1
2 0 0 0
1 1 2 0
0 0 4 4
0 0 0 0
1 1 2 1
0 0 1 0
0 0 0 0
0 0 0 2
0 1 0 4
1 0 0 0
0 0 0 1
0 0 2 2
2 1 0 0
0 0 1 1
0 0 3 0
1 1 0 0
0 0 0 1
0 0 0 0
0 1 0 0
0 1 0 1
1 2 3 1
0 1 0 4
0 0 2 0
0 1 0 0
3 0 0 0
0 0 2 1
1 0 2 0
0 0 0 0
0 1 2 2
2 1 1 2
2 3 1 1
0 0 1 2
0 0 0 2
1 0 1 0
1 0 0 0
1 0 0 1
2 0 0 1
2 0 1 0
0 0 0 2
2 0 0 0
0 0 0 0
1 0 0 1
0 0 2 1
0 0 0 1
1 0 0 1
0 1 0 0
1 0 1 1
2 2 1 1
0 0 1 0
0 0 1 0
1 0 0 0
3 0 1 0
1 0 1 1
0 0 1 2
1 1 1 0
1 1 0 1
0 0 0 0
0 0 1 1
1 1 0 0
0 1 0 0
0 0 1 2
1 0 3 0
0 0 0 1
2 1 0 1
0 4 1 1
2 2 0 0
0 0 1 0
0 2 0 1
1 2 3 1
2 3 0 1
0 1 0 1
0 4 1 1
0 0 0 0
1 2 2 1
0 0 0 0
1 0 1 0
0 0 3 0
1 2 1 1
1 0 0 0
0 0 1 0
0 1 1 0
1 0 0 1
1 0 3 0
0 0 0 1
1 0 0 0
0 0 0 1
0 0 0 0
1 0 0 0
0 1 1 1
0 0 1 0
0 0 0 1
0 0 0 1
0 0 0 2
0 0 0 0
0 1 0 2
0 0 2 1
0 0 2 0
1 0 1 2
2 2 0 1
3 0 1 0
0 0 0 0
0 2 0 1
1 0 0 0
0 0 2 0
0 0 1 0
0 0 0 0
1 0 2 0
0 1 1 0
0 1 0 0
1 0 1 0
0 1 0 0
0 0 0 1
0 0 0 1
0 0 3 1
0 0 2 0
1 0 0 1
0 1 0 0
0 0 3 0
1 0 1 0
0 0 0 0
1 1 1 0
0 2 2 0
0 0 0 0
0 0 0 0
0 0 0 0
0 1 0 2
1 0 0 1
0 0 1 0
0 1 2 0
0 0 1 1
0 3 0 0
1 2 0 1
0 1 0 0
0 1 0 0
0 3 0 0
1 1 0 2
0 1 0 1
1 2 1 0
1 1 1 0
1 1 1 0
1 0 0 1
0 4 0 0
0 0 0 0
0 0 0 2
1 1 1 0
0 0 0 2
1 1 0 2
0 0 1 0
1 0 0 0
0 1 0 0
0 0 2 1
0 0 1 1
0 0 0 0
0 0 0 2
0 0 0 0
2 1 2 0
0 3 1 0
2 1 0 0
1 0 1 2
0 0 0 0
0 2 1 0
0 3 0 0
0 0 0 0
1 1 0 0
0 1 1 0
0 0 0 0
0 0 1 1
2 1 0 0
0 1 1 0
0 1 0 0
1 1 0 0
1 4 0 0
1 1 0 2
0 0 0 3
0 0 0 2
0 2 0 1
0 0 1 0
0 0 0 3
2 0 1 0
1 0 0 0
0 0 2 1
2 0 0 0
0 0 0 0
0 1 0 0
0 0 0 0
0 0 2 1
1 1 0 0
0 2 1 0
1 1 1 2
0 1 0 2
0 1 0 0
2 0 1 1
0 0 1 2
1 0 1 0
0 0 0 0
2 1 0 2
0 2 0 0
1 0 1 1
0 1 0 1
2 0 0 0
1 1 2 0
0 2 0 1
0 1 1 0
0 0 0 1
1 0 3 0
0 1 3 0
0 1 0 0
4 1 2 1
2 1 0 1
0 0 0 1
2 1 0 2
0 0 2 3
0 0 0 4
1 1 0 0
0 1 1 0
1 0 2 2
1 0 1 1
0 0 0 0
0 0 0 0
2 1 0 1
1 0 1 0
0 1 0 0
1 0 2 1
0 0 1 0
1 0 0 0
1 0 3 0
0 0 0 1
0 2 1 2
0 1 0 1
1 0 0 0
0 0 0 1
0 0 1 0
2 0 0 0
1 0 3 1
2 0 0 1
0 2 0 2
0 2 2 2
0 0 1 1
1 0 1 0
0 0 0 1
0 1 0 0
0 1 0 1
0 0 0 1
0 1 0 3
1 1 0 0
1 3 1 0
0 2 0 2
0 1 2 1
1 0 0 1
0 0 3 0
1 0 0 1
0 3 1 2
0 0 0 0
2 0 1 0
1 0 0 0
1 2 1 1
1 1 0 1
3 1 3 1
0 0 0 0
0 0 0 1
0 1 0 0
1 0 1 2
1 0 1 1
2 1 0 0
0 0 1 0
1 2 0 1
1 1 0 0
0 1 0 1
2 0 0 1
0 1 2 1
0 3 1 1
0 0 0 1
0 1 0 0
0 0 0 0
1 0 0 0
0 0 0 0
0 1 0 0
0 0 0 0
1 0 0 3
0 0 1 0
1 0 0 0
1 0 0 0
0 0 0 0
0 0 2 0
2 3 1 0
1 0 1 0
0 1 0 2
0 0 0 2
2 1 1 1
0 1 0 1
0 0 0 2
1 1 0 0
0 0 0 0
0 1 0 2
1 0 2 1
0 2 0 0
1 0 1 0
3 0 0 1
0 0 0 0
0 1 0 0
0 2 1 0
0 0 1 0
0 1 1 0
0 1 1 3
2 2 0 0
0 0 1 0
0 0 0 0
2 0 4 0
0 1 0 0
0 1 1 2
0 0 0 0
2 0 2 0
1 0 1 0
0 0 0 0
0 0 0 1
1 1 1 0
0 0 0 1
0 0 3 0
0 0 3 0
1 1 1 1
0 0 0 1
0 1 0 0
0 0 1 1
0 1 0 0
0 2 0 4
0 2 0 1
0 0 0 1
0 3 0 0
0 2 1 0
0 1 0 0
0 0 2 1
0 0 0 1
0 0 0 0
0 0 0 0
2 0 0 0
1 0 1 0
1 1 1 1
0 0 0 0
1 0 0 0
0 1 0 0
0 0 0 1
0 0 0 0
0 2 0 0
0 0 0 0
0 0 1 0
1 0 0 0
0 0 3 1
4 1 1 0
1 0 0 0
2 0 0 2
2 2 2 0
1 1 1 4
0 1 0 0
2 0 2 0
2 0 0 0
0 0 0 0
1 0 2 3
2 1 0 0
0 1 2 2
1 2 2 0
0 1 3 1
0 1 1 0
1 1 0 0
1 0 4 0
0 0 0 0
0 2 4 0
1 1 0 0
0 0 1 0
0 0 0 2
0 1 0 0
1 2 1 1
0 1 0 0
1 0 3 1
0 0 1 0
0 0 0 0
1 1 1 0
1 1 2 1
0 0 0 1
0 0 0 1
0 1 0 1
1 0 1 0
0 0 1 0
2 1 2 0
0 3 0 4
0 1 1 0
0 3 0 0
0 1 0 0
0 0 0 2
1 0 0 2
1 0 0 2
0 0 0 0
1 1 0 0
0 0 0 1
4 0 0 0
0 0 0 2
4 0 0 0
1 0 2 1
1 0 2 2
0 3 1 0
0 1 1 1
0 0 0 2
0 0 1 2
0 0 0 2
0 0 1 0
1 2 0 0
1 2 0 0
0 0 0 0
2 0 0 1
2 0 1 0
1 3 1 0
1 0 1 2
0 0 3 3
0 0 0 1
0 0 1 0
0 0 0 2
0 0 1 2
1 2 0 0
1 0 1 0
2 0 1 0
0 1 1 1
0 0 1 0
2 1 1 1
2 1 0 1
0 2 0 0
0 0 1 0
0 0 1 2
1 2 3 2
1 1 2 1
1 0 0 0
0 2 0 1
0 0 0 1
3 2 0 3
1 0 1 0
0 0 1 0
1 1 0 1
1 0 0 0
0 1 0 0
1 2 1 1
0 1 0 1
0 3 1 1
3 0 2 1
3 1 3 1
0 0 0 1
0 0 0 0
0 2 4 0
0 0 1 0
0 0 0 1
0 1 1 0
0 0 2 0
1 1 0 1
0 0 2 0
0 0 1 1
0 1 1 1
1 0 2 0
0 0 1 1
1 0 0 0
0 0 0 1
1 2 0 0
1 1 0 0
1 1 0 0
0 1 0 0
0 0 0 0
0 1 1 0
1 2 0 1
0 0 0 0
0 1 3 0
0 0 2 0
2 0 0 1
3 1 0 1
0 0 0 0
1 2 1 0
0 0 0 0
1 0 0 3
0 0 0 0
0 2 0 2
0 3 1 0
1 3 1 0
0 2 0 2
2 0 0 2
1 3 0 2
1 0 0 1
0 0 0 0
0 0 0 1
0 0 0 0
0 1 0 0
1 0 1 0
0 2 0 0
0 0 0 0
0 2 1 0
0 0 0 0
3 0 1 0
0 2 1 0
0 0 0 0
0 0 0 0
0 2 0 1
1 0 0 1
0 0 1 0
1 1 0 1
3 2 2 1
1 1 2 1
0 3 0 0
4 0 2 0
1 0 0 2
0 0 0 0
2 1 1 0
0 0 2 0
0 1 2 0
1 0 1 0
2 0 4 1
1 0 0 0
0 0 1 0
1 1 0 0
3 0 0 1
0 0 1 0
0 1 3 1
0 0 1 2
0 0 3 2
0 0 0 1
0 0 0 0
0 2 0 0
1 0 0 0
0 0 1 0
0 2 1 0
0 0 1 2
2 1 1 1
1 4 1 0
0 1 0 2
0 1 0 0
1 0 1 2
1 1 1 0
0 0 0 0
1 0 0 0
0 0 1 0
2 1 0 1
3 1 2 0
0 2 1 2
0 0 0 0
1 1 0 2
0 0 2 3
0 0 0 2
0 0 0 1
0 1 0 1
2 1 3 1
0 1 1 1
2 0 1 0
0 0 1 1
3 0 0 0
1 0 1 1
0 0 0 3
0 0 1 0
1 0 2 0
3 0 0 1
0 1 0 1
0 1 0 0
0 0 0 0
2 0 1 2
0 2 1 0
1 0 0 1
0 3 0 1
1 0 1 1
2 1 0 0
1 3 0 2
0 0 0 0
0 0 0 0
1 1 0 0
0 0 2 0
1 1 0 2
1 0 2 2
0 0 1 2
1 0 1 0
2 0 0 1
0 0 0 3
4 0 0 0
1 0 1 2
2 0 1 0
0 2 1 1
0 1 0 0
1 1 2 0
0 0 0 0
3 0 0 0
3 1 1 0
0 0 0 1
1 0 0 0
0 0 0 1
2 1 0 0
0 3 0 0
1 0 2 2
1 1 0 3
0 0 0 2
1 0 1 0
0 1 1 0
0 0 2 0
0 0 0 1
0 1 0 1
2 0 1 0
0 0 0 1
0 0 0 2
0 0 0 0
0 0 0 1
1 0 1 0
0 2 1 0
1 0 0 0
1 0 1 0
2 1 2 0
0 2 1 0
0 0 0 0
4 0 1 0
1 0 0 0
0 1 0 1
2 1 2 0
0 0 0 2
4 1 1 2
0 0 0 0
1 1 0 0
1 0 3 0
0 0 0 1
2 0 0 0
0 0 1 0
0 0 0 1
0 0 3 0
0 4 1 0
0 3 0 0
1 4 1 1
0 1 1 0
3 0 1 2
0 0 1 1
0 0 2 1
0 0 0 0
3 0 0 0
0 1 0 0
0 0 0 0
1 3 1 1
0 0 1 1
3 1 1 0
0 2 0 1
0 1 0 0
0 0 0 0
0 1 1 0
1 0 0 0
0 0 0 2
0 0 1 1
0 1 1 1
1 1 1 1
0 0 1 1
0 1 0 1
2 2 0 0
0 1 1 2
2 2 0 2
0 0 1 2
0 0 0 1
2 1 0 1
0 1 0 2
0 0 1 0
1 0 0 0
1 1 3 0
2 0 1 2
0 0 0 1
1 2 0 2
2 1 1 0
0 0 1 0
1 0 1 0
0 2 0 1
0 1 0 0
1 2 1 1
0 1 0 2
1 0 4 0
0 1 0 0
0 1 0 3
2 0 1 2
0 0 0 2
1 1 0 0
2 1 2 0
0 0 0 0
4 0 0 1
0 0 0 1
1 0 0 1
0 0 0 1
2 1 1 2
1 0 0 0
0 2 0 1
1 2 0 1
1 0 1 3
0 0 0 0
0 3 2 0
0 0 0 1
0 1 1 0
0 0 0 0
1 2 2 1
0 0 0 0
1 1 0 0
0 2 1 1
0 0 0 1
1 0 1 0
0 0 1 1
2 0 1 3
1 1 1 0
1 1 1 1
0 2 2 0
0 0 1 2
0 0 1 0
0 1 1 0
0 1 1 1
0 0 1 1
0 0 0 0
2 1 0 0
0 1 1 1
0 1 0 1
1 0 1 0
0 2 0 4
0 0 0 4
0 1 2 1
2 0 0 1
1 0 2 0
0 1 0 1
0 1 1 0
0 1 0 1
0 2 0 0
1 0 4 4
0 0 0 0
0 0 1 0
0 0 2 0
2 0 0 0
0 1 0 0
1 0 0 0
0 1 1 1
1 0 2 0
1 1 1 0
1 0 2 0
0 3 3 1
2 1 0 0
3 1 0 1
0 4 0 1
0 0 0 0
2 0 0 0
0 2 0 1
0 1 2 0
2 0 0 2
0 0 0 0
0 1 0 0
1 0 0 0
0 0 0 1
2 0 0 0
2 0 1 0
0 1 2 2
0 0 1 0
0 0 0 0
0 2 0 0
2 0 3 0
1 0 0 0
0 1 3 0
0 1 0 0
0 2 0 2
0 1 1 0
1 0 0 1
1 0 3 0
0 0 2 1
2 0 0 0
0 0 2 0
0 1 1 0
0 0 0 2
1 1 0 0
0 1 0 1
0 0 1 0
0 1 0 2
1 4 0 0
0 0 1 1
2 1 0 0
1 0 0 0
0 0 1 0
0 0 0 0
1 0 0 0
0 2 0 0
1 1 0 1
0 2 0 1
0 1 0 0
0 0 4 0
1 2 0 0
1 1 0 0
2 0 0 0
0 0 2 0
0 1 1 1
0 1 1 1
0 1 0 1
0 2 0 0
0 0 1 1
0 1 0 0
0 0 0 0
1 0 2 2
1 0 0 0
0 2 1 2
0 1 0 2
0 3 0 0
0 3 0 0
0 0 0 2
0 0 0 0
2 0 0 1
0 0 1 1
1 0 2 0
1 0 0 1
2 0 0 1
0 0 1 1
0 0 0 1
0 3 0 1
1 1 4 0
1 2 0 0
0 1 0 0
0 0 0 0
0 0 0 1
1 0 0 0
0 0 0 3
0 1 1 0
0 0 0 0
0 2 1 0
1 0 0 1
0 3 0 0
0 0 1 0
0 0 1 0
0 0 2 0
1 2 0 0
0 2 0 2
0 0 1 0
1 0 0 0
1 1 1 0
2 0 1 1
2 2 0 0
0 1 0 1
0 1 1 2
0 1 1 0
1 3 1 1
0 1 0 2
0 0 0 0
0 0 2 0
1 0 1 0
0 2 0 1
0 3 0 0
1 1 1 0
1 0 0 0
1 1 1 1
1 0 0 0
0 0 1 0
3 0 1 3
1 1 0 1
0 0 0 0
1 1 1 0
2 1 0 0
0 2 0 1
0 2 1 1
1 1 0 0
2 1 0 2
0 0 0 0
0 4 0 0
2 0 3 0
1 0 0 0
0 0 1 1
4 1 0 0
0 0 0 2
0 0 1 2
0 0 1 1
2 2 0 0
1 1 1 0
1 0 0 3
1 1 2 0
0 0 0 1
4 2 1 0
0 0 1 0
0 0 0 0
1 2 0 1
0 1 0 2
0 1 1 1
2 0 2 0
0 0 2 2
2 0 1 2
1 1 3 1
0 1 0 2
0 0 0 0
0 2 1 1
1 0 1 2
0 1 0 0
0 0 2 1
2 0 0 0
0 0 0 3
2 0 0 1
1 0 0 1
0 0 1 1
1 1 0 1
0 0 1 1
2 1 1 1
0 0 0 1
0 0 1 2
0 0 2 0
1 0 2 0
1 0 0 0
0 0 2 0
1 0 0 0
1 0 1 1
0 0 0 1
2 1 1 0
0 0 2 0
1 0 0 1
0 0 4 0
2 0 0 2
0 0 0 0
0 0 0 2
0 0 1 0
0 2 0 1
0 2 1 0
0 1 2 0
1 0 0 2
0 3 0 0
1 2 2 0
1 3 1 0
0 1 1 0
1 0 1 0
0 2 1 0
0 1 0 0
3 0 0 0
0 3 0 1
0 0 0 1
0 1 0 0
0 3 0 0
2 0 1 3
0 0 0 0
0 2 1 0
0 0 2 0
4 2 2 1
1 0 1 0
0 0 2 0
0 0 0 0
0 1 0 2
0 2 0 2
0 3 2 0
0 2 1 0
0 0 1 0
3 0 2 2
3 1 1 0
0 1 0 0
1 0 1 0
1 0 1 0
1 1 0 1
2 1 0 1
1 1 3 3
0 0 0 0
0 3 0 0
0 2 0 1
0 0 0 1
1 0 0 1
2 0 0 0
0 2 0 2
0 1 1 0
0 1 1 0
0 0 0 0
1 0 0 0
0 0 1 2
0 1 0 0
3 1 0 0
1 2 0 0
2 1 0 0
0 0 1 0
0 2 1 2
0 3 1 1
2 1 2 0
0 0 0 1
2 0 0 1
1 1 0 2
0 0 2 0
2 1 2 4
0 0 0 1
0 0 0 1
0 0 0 0
1 1 1 2
0 1 1 1
0 1 1 0
1 1 1 0
0 1 0 0
1 0 0 0
0 0 1 3
1 2 0 2
2 0 1 1
1 0 1 4
0 2 0 0
0 1 2 1
0 1 0 0
0 2 1 4
1 0 1 0
0 0 1 1
2 1 1 2
1 1 2 0
3 1 1 1
0 0 3 2
0 0 1 1
1 0 2 0
0 1 2 3
0 0 0 2
1 0 0 1
1 1 1 0
2 1 1 0
0 3 1 2
0 0 0 0
0 0 0 1
0 0 0 0
0 1 1 1
0 1 0 0
1 0 0 0
0 1 2 1
0 0 0 0
2 1 0 0
0 1 1 0
0 1 1 1
0 0 0 0
0 1 0 1
0 0 1 2
0 1 0 1
0 0 0 1
0 0 0 0
1 0 0 2
0 1 1 0
2 0 0 0
0 0 1 1
0 0 0 1
1 0 1 0
1 0 0 1
2 0 0 0
0 1 1 0
2 0 1 0
0 0 0 0
0 0 0 2
1 0 1 0
0 0 2 1
1 0 0 0
0 1 2 1
0 2 0 1
0 1 1 0
1 0 2 1
1 1 1 0
0 0 0 1
0 1 1 0
0 0 0 0
1 0 0 1
1 3 1 1
0 0 0 1
0 0 0 1
0 0 0 0
0 0 1 0
1 0 2 0
2 0 2 1
0 2 1 1
0 1 1 0
1 0 0 0
0 1 1 0
0 0 3 0
1 1 0 0
0 2 0 1
1 2 1 0
0 0 0 0
3 0 1 1
0 1 0 0
0 0 0 2
1 0 0 0
2 1 0 0
1 0 0 2
1 0 0 0
2 0 2 0
1 0 0 0
0 1 1 0
0 0 0 0
0 0 0 0
0 0 0 2
0 1 1 2
0 0 1 1
0 0 1 2
0 1 0 1
0 0 1 0
3 0 0 0
2 0 1 3
1 0 1 0
2 2 0 3
0 1 1 0
1 0 0 0
1 0 1 0
0 0 0 1
2 0 2 1
2 0 2 1
1 0 0 1
0 1 0 1
0 0 0 2
0 0 0 0
0 0 0 2
0 0 0 1
1 1 0 1
0 2 0 1
0 1 0 0
0 0 1 1
1 1 0 0
0 0 0 1
0 0 0 3
0 1 0 1
2 0 0 0
1 0 2 0
0 0 1 0
0 0 2 1
0 2 0 1
0 0 0 1
1 3 0 1
0 1 0 0
1 0 0 2
0 1 2 0
1 0 1 1
2 1 3 0
0 1 2 1
1 0 0 1
0 0 1 1
0 1 1 0
0 0 1 2
0 0 0 1
0 0 1 1
4 1 0 1
1 0 1 0
1 0 0 1
1 0 0 0
0 0 3 0
2 1 0 0
0 0 0 3
4 0 1 0
1 0 3 3
0 0 0 0
1 0 0 1
2 0 0 0
0 0 3 0
0 0 0 1
1 0 1 1
0 1 0 0
0 0 0 0
1 0 0 0
1 0 4 1
0 0 1 1
1 1 1 0
0 1 0 0
0 1 1 0
0 1 0 2
0 1 1 1
0 0 1 2
0 0 2 1
0 1 0 0
0 1 0 0
1 0 1 0
0 2 0 0
0 1 1 1
0 1 1 0
0 0 1 0
0 0 0 1
0 0 2 1
0 0 1 0
1 1 0 2
0 3 0 0
0 0 0 0
0 0 1 2
0 2 0 0
1 3 0 1
0 3 0 1
0 0 1 0
0 2 0 1
2 0 1 0
0 2 1 1
0 0 1 2
0 0 0 0
0 1 0 2
0 0 0 1
1 0 0 0
0 0 0 0
0 1 0 0
1 3 2 1
0 1 0 1
1 3 2 1
1 1 0 0
0 1 0 1
1 0 0 0
1 3 0 0
1 1 1 0
1 3 0 0
1 3 0 0
0 0 0 0
0 3 1 1
0 3 0 0
0 0 0 0
0 0 0 1
0 1 0 0
0 0 0 0
1 1 0 0
0 0 2 0
0 0 1 2
0 1 1 1
0 2 1 0
0 0 0 0
0 0 1 0
0 0 0 0
4 0 1 1
0 1 1 0
1 0 0 1
1 0 0 0
0 0 1 1
3 0 2 0
0 0 0 1
1 1 1 0
0 0 3 0
0 1 0 0
0 1 0 0
0 0 0 0
3 0 4 0
0 0 1 1
3 0 0 0
0 1 0 2
0 0 0 1
1 1 0 0
0 0 1 0
0 1 0 0
0 2 3 0
1 0 2 0
0 2 2 1
0 0 0 0
0 0 2 0
1 0 2 0
2 0 0 0
1 1 0 0
0 3 2 1
0 0 0 0
1 2 2 1
1 0 1 0
1 1 1 0
0 1 0 1
1 2 3 1
0 0 3 1
0 1 2 0
0 0 0 1
2 0 1 2
0 0 0 0
1 1 0 0
0 1 0 1
2 3 1 0
0 1 2 0
1 4 0 1
0 1 0 0
0 2 0 1
1 0 0 0
1 2 0 0
0 2 1 3
1 1 1 0
0 1 0 1
0 0 1 0
1 0 0 0
0 0 0 1
0 2 0 0
0 0 1 1
0 0 1 0
0 2 0 0
1 1 0 0
0 0 0 1
1 3 0 1
1 0 1 0
1 0 1 0
1 1 0 0
0 1 4 0
0 2 0 1
0 0 0 0
3 4 0 0
0 0 1 0
0 1 0 1
1 1 3 0
2 0 1 0
2 1 1 0
0 0 0 1
0 1 1 0
3 0 0 0
0 0 0 0
0 1 0 1
0 1 1 0
0 0 0 0
0 0 0 0
0 0 1 0
0 0 0 2
0 0 0 0
1 0 1 0
0 0 1 0
0 0 0 1
0 2 1 1
0 0 0 0
0 0 0 0
3 1 0 1
0 0 0 0
1 2 4 0
2 1 0 0
0 0 0 0
1 1 0 1
0 0 0 2
0 3 2 0
0 0 0 1
0 1 1 0
1 1 0 0
1 2 1 0
0 0 2 1
0 0 1 1
2 0 0 0
0 0 1 1
0 1 0 1
3 3 0 0
1 0 1 0
0 0 0 1
2 3 0 0
4 1 0 1
1 0 0 0
1 2 1 0
1 0 0 1
2 0 1 0
0 0 2 0
0 1 1 0
2 0 1 0
1 0 3 0
0 1 0 3
1 1 1 0
1 0 0 3
0 1 0 2
0 0 0 2
0 2 2 3
0 0 1 3
1 0 3 0
0 0 1 0
0 2 0 0
0 2 0 0
0 2 0 1
0 0 0 0
1 0 1 0
0 0 0 0
0 1 1 3
0 2 0 0
0 0 1 1
4 3 0 2
1 0 0 0
1 0 2 2
0 2 1 1
1 0 0 0
0 0 2 0
0 0 2 0
0 1 0 1
1 0 0 0
0 1 0 0
1 0 1 0
0 0 0 0
0 1 0 0
0 0 2 2
0 0 1 2
0 0 0 1
2 0 0 0
0 0 3 1
0 0 0 0
1 0 0 0
3 1 1 2
1 4 0 1
0 0 0 0
0 1 2 2
0 0 2 0
2 0 2 0
1 1 0 0
0 0 1 0
0 1 0 0
0 0 0 0
0 1 2 2
0 0 0 1
0 0 0 2
0 0 2 0
1 0 0 0
0 3 0 1
1 0 1 0
2 2 0 2
2 1 0 0
0 2 0 2
1 0 2 0
2 1 0 2
0 0 0 0
0 2 0 1
0 0 0 1
1 0 1 0
1 2 0 1
1 0 0 0
4 0 0 0
0 0 0 2
1 0 3 0
0 0 0 0
0 0 0 0
1 1 1 1
0 1 1 0
1 2 0 0
0 0 1 0
0 0 0 1
0 2 0 0
1 0 1 0
0 0 0 0
3 0 0 2
0 0 0 2
0 1 0 0
0 4 0 3
1 1 0 0
1 1 0 2
1 1 1 1
0 0 0 1
0 1 0 2
1 1 0 1
0 1 1 1
0 0 3 0
2 0 1 0
3 1 0 1
0 0 0 0
2 0 2 0
0 0 1 1
0 0 0 0
0 2 2 0
0 4 0 4
1 1 2 0
0 0 0 0
0 1 0 2
2 0 0 0
1 1 2 1
1 1 0 0
1 0 0 0
2 1 3 1
0 2 1 0
2 0 0 1
2 0 3 1
0 0 2 1
0 0 0 1
2 0 0 0
0 1 0 0
1 0 1 1
0 1 1 0
3 0 1 0
0 3 0 1
0 1 0 1
0 0 0 0
0 2 0 1
2 0 0 2
1 0 1 0
1 3 0 0
0 0 2 2
2 1 2 0
0 1 0 1
0 0 0 0
0 0 1 1
3 0 0 0
0 0 1 1
0 0 0 0
0 0 0 1
1 1 0 1
0 3 0 1
1 0 2 0
2 1 0 1
1 0 0 1
0 0 0 1
1 0 2 1
0 0 0 0
0 2 0 0
3 0 0 0
0 1 1 1
1 1 3 4
2 0 0 1
0 0 0 0
0 1 2 0
1 0 3 1
0 0 1 0
0 0 1 1
1 1 1 3
4 1 2 0
0 3 0 2
4 1 1 0
0 0 1 2
1 0 0 2
2 2 1 0
0 0 1 1
0 0 1 4
1 0 0 0
0 0 0 2
0 0 0 0
1 2 1 0
0 0 1 0
1 1 3 0
0 1 2 2
0 0 0 0
1 0 0 3
0 3 0 1
3 0 1 0
0 2 0 0
1 0 0 0
0 2 0 0
1 0 0 1
3 0 1 1
1 0 0 0
1 0 2 0
0 0 0 1
3 1 0 0
0 0 2 0
0 0 1 0
1 0 0 0
0 1 0 2
0 0 1 0
0 0 2 1
0 0 1 0
1 1 0 0
0 0 0 0
1 0 1 0
0 1 2 0
0 1 1 1
0 1 0 0
2 1 0 0
3 0 3 1
0 1 0 0
0 1 0 0
0 1 0 0
1 1 1 0
0 2 1 1
0 0 0 0
1 0 0 0
0 0 0 0
2 0 0 1
2 0 0 0
1 1 1 1
0 1 2 0
0 1 0 0
0 0 0 0
0 0 0 1
0 1 1 1
0 1 1 1
0 0 0 0
0 2 1 0
1 0 1 0
1 1 1 0
0 0 1 1
0 0 0 0
0 0 1 0
2 0 1 0
0 0 0 2
2 1 3 2
0 0 3 0
1 0 2 0
0 2 0 1
1 0 4 0
2 1 0 0
0 0 1 0
0 1 0 0
1 2 2 2
0 0 0 0
2 0 0 1
0 1 1 0
2 1 1 1
1 0 1 3
1 0 0 1
0 0 0 0
0 0 2 0
0 0 0 1
0 0 0 0
0 2 1 1
0 0 0 1
0 0 2 3
1 0 1 0
1 1 1 0
0 0 0 0
0 1 2 1
2 0 0 0
0 0 1 0
1 1 0 0
0 0 0 0
0 1 0 0
1 1 0 0
0 1 0 0
2 1 1 0
0 0 1 0
0 3 4 2
0 0 4 1
0 0 2 1
1 0 1 1
0 0 0 0
0 3 2 2
3 0 2 0
1 2 1 0
2 0 3 0
0 1 0 0
0 0 0 0
0 0 1 0
0 0 0 3
0 1 1 3
1 1 0 0
0 3 0 0
0 0 0 1
0 1 0 0
2 0 1 0
0 0 0 2
0 0 3 0
1 1 0 1
0 1 1 0
0 0 1 2
0 0 2 0
1 0 0 0
1 0 1 2
0 0 0 0
0 3 0 0
0 0 1 1
1 0 0 3
2 1 2 0
0 0 2 0
1 1 0 0
1 3 1 0
0 0 0 0
0 1 0 0
0 0 1 1
0 1 0 0
0 0 2 0
0 0 0 0
0 0 1 1
1 1 3 0
1 0 0 0
1 0 1 1
0 0 0 1
0 0 2 0
0 1 2 0
0 0 0 0
0 0 0 1
2 0 0 0
0 0 3 1
0 0 0 0
0 0 0 1
1 0 3 0
0 0 0 0
0 3 0 1
1 1 3 1
0 0 1 1
0 1 0 3
0 0 1 0
0 0 2 0
0 1 0 0
0 2 4 1
0 2 2 1
0 1 1 2
1 0 1 0
0 0 1 1
1 1 0 0
1 0 0 0
1 1 2 0
2 0 1 0
0 1 1 0
0 2 0 0
3 0 0 0
0 0 4 0
0 2 0 1
0 0 0 0
1 0 1 0
0 2 0 2
0 2 0 1
0 0 0 1
0 2 0 0
1 1 0 0
1 1 1 0
0 1 1 0
0 1 0 1
0 1 1 1
1 0 2 2
0 0 0 0
1 0 0 1
3 0 0 0
2 0 0 2
0 2 0 2
0 1 1 1
2 0 0 0
1 1 0 2
2 1 0 1
0 0 0 0
3 1 0 4
0 0 0 2
1 1 0 0
1 0 1 3
0 3 0 0
0 0 0 0
0 0 1 0
1 0 1 0
2 0 0 0
1 4 1 0
0 0 0 0
1 1 0 0
2 0 0 1
2 1 0 0
0 1 0 0
0 0 0 0
1 0 0 0
0 1 0 1
1 1 0 0
0 0 1 0
4 1 0 0
0 1 0 0
0 0 2 0
1 2 0 0
2 1 0 0
1 1 1 1
0 0 2 0
1 1 1 1
1 0 2 0
0 0 1 2
1 1 0 2
1 1 0 0
0 1 3 0
0 0 1 0
0 0 0 0
0 2 2 0
0 0 0 2
0 1 0 0
2 0 1 0
0 1 2 0
0 1 0 0
0 0 0 0
0 0 1 0
0 1 1 0
0 0 0 4
0 2 0 0
3 0 0 2
1 0 2 2
1 1 0 1
3 0 1 2
0 0 0 1
0 0 0 0
2 1 0 1
0 1 1 3
1 0 1 0
0 2 1 0
0 0 0 3
0 0 0 0
0 0 3 0
0 0 0 0
0 0 1 0
3 1 0 1
0 0 0 1
0 1 0 0
0 0 3 3
0 3 0 1
0 0 2 3
0 0 0 0
0 1 0 2
0 0 1 0
2 2 1 0
0 0 1 0
0 0 0 0
1 1 0 0
0 2 1 0
0 0 1 2
0 0 0 0
2 1 1 0
0 3 2 1
0 1 0 1
0 2 0 1
1 0 1 0
0 0 1 3
0 1 2 1
0 0 0 0
0 0 1 0
1 1 1 3
0 0 0 0
0 0 0 1
0 0 1 0
0 1 0 1
0 1 0 1
2 3 0 0
0 1 0 0
0 1 1 0
1 1 0 1
0 2 0 0
2 2 0 1
0 1 1 0
1 1 1 1
0 0 0 0
1 0 0 1
0 0 0 0
0 1 0 0
1 0 0 0
0 0 0 2
0 1 0 2
0 0 0 2
0 0 1 0
1 0 1 1
0 2 0 0
1 0 0 3
1 0 2 0
0 1 0 0
0 0 1 2
0 0 1 0
1 1 4 0
1 1 0 0
0 0 0 0
2 2 1 0
0 0 1 0
0 0 0 1
0 1 0 4
0 0 1 0
0 0 2 0
0 1 0 0
2 1 0 1
3 2 0 1
0 0 0 0
0 0 1 0
2 3 0 0
0 0 1 0
0 2 1 0
0 0 0 0
1 0 1 3
0 0 1 1
0 0 1 1
0 0 0 0
0 0 2 0
2 0 1 2
1 1 0 0
0 0 1 0
1 1 0 0
2 1 2 1
1 0 4 0
2 2 0 2
0 2 2 1
0 0 0 0
0 0 0 0
1 1 1 1
2 1 1 0
0 1 0 1
1 1 0 0
0 0 2 1
0 0 0 1
0 1 0 0
0 0 1 0
0 0 0 1
1 1 1 0
0 1 1 0
0 3 0 0
0 4 0 0
0 4 0 0
1 0 0 2
0 2 1 0
0 0 1 0
1 0 0 0
2 1 1 0
0 0 0 0
0 0 0 0
1 1 1 3
1 1 0 3
0 2 0 2
2 0 0 0
1 4 2 0
2 0 0 4
0 1 0 0
0 0 0 0
1 1 0 0
0 1 0 0
1 0 2 2
0 2 0 0
0 0 0 0
0 0 0 0
0 0 2 1
0 1 0 0
0 1 1 0
0 2 0 0
0 0 1 0
0 1 2 0
2 1 2 2
0 0 1 3
0 0 2 0
0 0 0 0
0 0 0 0
0 0 1 0
0 0 0 0
0 2 0 1
0 3 0 0
0 1 0 1
1 1 1 1
1 0 2 0
0 0 0 0
0 0 0 1
1 0 0 0
2 1 1 0
2 3 0 0
0 0 0 1
1 1 0 0
0 0 0 2
1 1 0 0
3 0 0 0
0 1 0 0
0 0 0 0
0 1 1 1
0 1 0 0
0 0 0 1
1 1 1 0
1 0 0 1
0 0 3 0
2 0 1 1
1 2 0 1
0 0 0 1
1 0 0 0
0 0 0 0
0 4 1 0
0 1 0 1
0 2 1 1
0 0 1 0
3 2 2 2
0 1 0 0
1 0 1 0
2 0 1 2
1 3 0 1
3 0 1 1
0 0 0 0
0 1 0 0
0 0 0 0
1 2 0 0
1 0 0 2
1 1 0 0
0 0 1 0
1 1 0 0
0 1 1 0
0 1 0 1
0 1 2 1
0 0 0 0
0 0 0 1
1 1 1 1
0 0 0 0
0 3 0 2
3 1 0 1
1 0 0 1
0 0 1 0
1 0 1 0
3 1 1 1
1 0 1 1
1 0 0 1
0 0 1 2
4 0 1 0
3 0 0 0
2 0 2 0
1 0 0 0
1 0 0 1
3 0 1 0
0 0 0 0
1 1 0 0
2 0 2 0
1 1 0 2
1 0 2 1
1 1 2 0
2 0 0 2
0 0 2 1
1 1 0 0
0 1 0 0
1 1 0 0
4 0 1 4
0 0 1 1
0 1 1 0
2 1 0 0
1 0 0 0
0 1 0 0
3 0 2 0
0 1 4 2
0 0 0 0
1 0 1 0
2 0 0 0
0 0 0 1
1 2 1 0
0 3 0 0
0 0 0 0
4 1 0 1
0 0 0 0
1 0 0 0
1 3 1 4
1 0 0 1
0 0 2 0
0 0 0 0
1 0 1 0
0 0 1 0
2 0 0 0
0 2 0 0
0 1 0 1
1 1 1 0
0 3 0 1
0 1 0 0
0 0 0 0
0 3 0 0
1 0 1 0
0 0 2 1
0 1 3 0
0 3 2 0
0 0 1 0
0 1 1 1
3 0 0 0
1 1 3 1
0 0 0 0
0 1 1 0
0 0 1 0
0 1 0 0
0 0 0 1
0 0 1 0
1 0 0 0
0 0 0 0
1 4 3 0
1 0 0 0
3 0 2 0
0 0 0 0
0 0 0 0
0 0 2 0
2 0 0 1
0 1 0 0
2 1 0 1
0 2 1 1
3 2 1 2
0 0 4 0
0 0 1 1
1 2 0 1
2 0 2 0
0 0 2 0
0 0 1 0
0 0 0 0
1 1 0 0
0 0 2 2
4 1 0 0
0 0 1 1
1 0 0 0
0 0 0 0
0 1 4 1
0 0 0 3
1 0 1 0
0 0 0 0
1 0 1 0
0 1 1 0
0 1 0 2
0 0 0 1
2 1 0 0
1 0 3 0
1 0 0 0
3 0 0 2
0 1 0 2
2 0 0 0
0 3 1 2
1 0 0 0
0 0 3 0
0 0 1 1
1 0 2 0
1 0 0 0
0 0 0 0
2 1 2 1
4 0 1 1
1 0 0 0
0 0 0 1
0 0 0 0
2 0 2 0
0 1 2 0
0 0 0 1
1 0 0 0
0 0 2 2
0 2 0 0
0 1 1 2
0 0 0 0
0 1 0 2
0 0 3 0
4 0 0 0
1 4 1 0
1 0 1 2
0 1 0 1
1 0 0 0
0 0 1 0
3 0 1 0
0 0 1 0
0 0 0 2
0 0 0 0
2 0 2 1
2 0 0 0
0 1 0 1
1 0 1 1
1 0 0 0
0 0 2 1
0 1 1 0
0 0 1 1
1 1 1 0
2 0 2 1
3 1 3 0
0 1 4 0
0 0 0 2
0 1 1 1
0 0 2 0
1 0 3 0
3 0 1 0
0 0 1 4
3 1 0 1
0 0 0 1
0 2 0 2
1 2 0 0
1 0 1 0
0 0 0 1
1 0 1 0
0 2 1 1
2 0 0 0
0 1 1 0
0 0 0 2
0 0 0 0
0 0 0 1
2 1 0 0
1 2 0 2
1 1 0 0
2 0 1 1
1 0 1 0
1 0 3 0
0 1 1 4
0 0 1 1
2 1 0 1
1 0 0 0
0 1 0 0
0 1 2 1
2 1 1 1
1 0 2 0
1 0 0 1
2 0 0 0
1 0 1 2
1 2 1 2
0 1 3 3
0 0 0 0
2 2 1 2
0 0 0 3
0 4 0 1
0 2 1 0
1 1 0 0
1 0 1 0
1 1 0 2
3 0 0 1
1 0 0 0
1 1 1 0
2 2 2 0
0 2 0 3
0 0 0 2
0 0 0 1
1 0 0 0
0 1 1 1
0 0 2 0
0 0 2 1
1 0 0 0
0 0 1 2
4 0 2 0
0 3 2 1
1 0 0 0
0 1 0 1
0 4 1 0
0 0 1 1
0 0 2 4
0 1 2 1
2 0 0 1
1 2 0 0
1 1 1 2
2 0 1 0
2 1 0 0
0 1 1 2
2 0 0 1
2 0 0 2
2 0 1 1
1 0 1 2
0 3 0 0
1 0 1 3
0 0 0 0
2 3 2 2
1 0 0 0
1 2 0 0
0 1 1 2
1 1 0 0
0 0 1 1
0 1 3 0
0 1 0 2
0 1 0 0
2 0 0 2
0 0 1 0
1 0 0 0
1 1 0 0
0 1 0 1
0 1 0 1
0 0 0 0
0 0 1 0
0 1 0 1
0 0 0 0
1 1 0 0
0 1 1 1
1 0 0 0
1 0 1 0
1 0 0 1
1 2 1 1
0 0 3 0
1 0 0 1
1 1 0 0
1 0 1 0
0 1 0 1
2 0 1 1
0 0 1 0
0 2 1 1
0 0 0 0
1 2 3 0
2 0 0 0
1 0 0 0
4 0 1 1
0 0 0 0
1 0 1 0
0 0 0 0
0 1 0 0
0 2 0 1
1 0 1 0
1 3 0 0
0 0 0 1
0 0 0 0
3 0 0 1
0 1 2 0
1 0 2 4
0 2 1 0
1 1 0 0
0 0 0 1
2 0 0 0
2 0 0 0
0 1 0 0
2 0 1 0
0 2 0 0
0 1 0 0
0 0 0 2
0 0 0 0
0 0 0 0
0 2 0 1
1 1 1 1
0 0 1 0
1 1 1 0
3 1 0 3
1 0 0 0
0 0 0 3
0 1 1 0
0 1 2 2
1 0 0 0
0 0 0 0
1 0 0 0
0 1 0 0
0 0 2 0
1 1 2 2
0 0 1 1
2 0 0 1
0 0 0 0
0 4 0 1
2 1 0 0
0 0 0 1
0 0 0 0
1 0 0 1
0 1 0 0
0 0 0 1
1 0 0 1
1 1 0 0
1 1 0 2
0 0 2 0
0 0 3 1
1 0 0 0
0 0 0 1
0 1 2 0
1 1 0 0
3 0 0 0
2 0 1 0
0 1 0 1
0 0 0 0
1 1 0 1
0 0 0 0
2 1 0 0
1 1 1 0
0 0 1 1
0 0 1 1
1 3 1 1
0 0 1 0
3 1 0 0
0 0 0 2
1 0 0 1
0 1 1 1
0 0 0 0
1 0 0 2
0 0 0 0
1 3 1 2
0 0 0 0
0 0 0 0
0 2 1 0
0 0 0 0
0 1 1 1
1 2 1 0
1 1 0 0
1 0 1 1
0 0 1 0
0 0 0 0
1 0 1 1
0 1 1 1
2 2 0 0
1 0 1 0
1 1 0 0
1 0 0 0
2 0 1 0
0 1 0 0
1 0 1 0
0 3 2 2
2 1 0 1
0 1 2 0
0 0 1 0
0 1 0 0
1 2 0 1
1 3 1 0
1 0 3 0
0 1 1 1
0 2 0 1
0 1 0 0
1 0 2 1
2 1 1 2
1 0 0 2
0 0 0 1
1 0 0 3
0 0 0 0
0 0 0 3
1 1 2 1
0 1 0 1
0 1 0 0
1 1 0 1
1 0 0 2
0 1 0 0
0 1 1 0
2 0 1 2
0 0 1 0
1 1 0 2
1 0 2 0
1 0 1 0
0 0 0 0
0 0 0 1
0 0 0 0
0 0 0 0
3 0 2 1
4 0 1 0
2 1 1 0
0 0 0 1
0 2 2 1
0 0 0 0
3 2 1 0
0 0 2 0
0 1 0 0
1 0 1 1
0 1 1 0
0 2 0 2
2 1 1 0
0 0 1 1
1 0 0 0
1 0 1 1
3 0 1 0
2 3 0 0
0 4 0 0
1 1 0 0
0 0 1 2
1 0 0 0
1 0 3 0
0 1 0 0
3 1 2 0
1 2 0 0
1 2 1 0
0 0 1 1
0 1 0 1
1 0 0 0
2 0 0 0
0 0 2 1
0 0 0 1
0 0 0 1
2 0 1 0
1 0 0 0
1 0 0 1
1 3 1 2
0 0 0 1
1 0 2 0
0 0 2 0
3 0 1 1
0 0 0 2
1 0 0 0
1 2 1 0
1 1 1 0
0 0 0 0
0 0 1 2
0 1 0 2
0 0 1 1
2 0 1 1
0 1 0 0
0 0 0 1
3 0 0 1
2 0 1 0
0 0 0 0
0 0 1 1
1 0 1 1
0 1 0 0
0 0 1 1
0 0 0 0
1 1 2 0
0 0 0 0
1 1 0 0
0 0 0 0
0 1 0 0
0 0 0 0
1 0 2 0
0 1 0 0
1 0 1 2
0 0 1 1
0 1 3 0
0 1 0 0
2 2 2 0
0 1 0 1
1 0 0 0
0 0 1 0
1 0 0 0
0 0 0 0
3 0 2 0
1 0 0 0
0 0 0 0
1 0 1 0
0 2 0 1
2 1 0 1
0 2 0 0
1 1 1 0
0 1 0 0
0 0 0 0
1 0 1 0
0 0 0 1
0 0 0 0
0 0 0 0
0 1 0 0
0 0 0 2
0 0 2 0
1 2 1 0
0 0 0 3
0 0 1 1
0 0 0 0
1 0 0 2
1 0 0 1
0 1 0 1
0 0 1 1
0 0 1 0
0 0 1 0
1 0 0 0
0 0 3 0
0 0 0 0
0 0 0 0
0 1 0 2
0 0 0 0
1 0 1 0
1 0 2 1
1 2 0 1
0 1 0 1
1 0 2 0
1 0 0 1
0 2 2 1
3 0 1 0
0 1 1 2
2 2 1 0
3 0 2 0
0 0 1 0
1 0 1 1
0 0 2 0
0 0 1 0
1 3 1 0
0 0 1 3
2 1 2 0
0 3 0 0
0 2 0 4
0 0 1 1
1 0 1 0
0 1 3 0
0 3 0 2
2 0 2 2
1 4 0 1
3 1 2 0
1 0 0 1
1 0 3 1
0 4 1 0
3 0 1 0
2 2 1 1
0 0 1 3
1 1 1 0
0 0 1 1
1 0 2 0
2 0 1 4
2 3 0 4
0 2 0 3
1 1 0 0
1 1 4 2
0 1 0 0
0 0 0 0
0 2 0 0
0 0 0 0
1 0 4 1
1 0 0 1
3 2 0 0
0 0 0 4
1 0 0 1
0 0 0 0
0 0 1 1
4 2 0 1
0 3 0 0
1 0 1 0
2 1 0 0
1 1 0 0
0 1 0 0
4 1 1 0
0 1 0 0
1 0 0 0
1 0 1 0
0 0 0 1
2 2 0 0
0 0 2 0
1 1 1 0
0 2 0 1
1 1 0 0
0 0 0 0
0 3 3 2
1 0 4 0
1 1 0 1
0 1 0 0
1 2 0 1
1 1 2 0
0 2 0 1
0 0 1 1
1 1 0 3
2 0 1 2
0 1 1 1
0 0 1 0
0 0 0 0
1 0 0 0
0 0 0 0
1 2 0 0
0 1 1 0
0 0 0 0
0 0 1 2
0 0 1 0
1 1 2 0
0 1 2 2
2 1 3 1
1 0 0 0
3 1 0 0
1 0 2 0
0 0 2 1
2 2 0 0
0 0 1 1
1 0 0 0
1 1 0 1
2 1 0 1
1 0 2 0
0 0 0 0
2 1 2 0
0 1 2 0
1 0 2 3
0 0 0 0
1 0 0 1
0 2 0 0
0 2 0 0
0 0 1 1
0 0 1 0
1 2 2 0
1 0 0 1
0 0 0 2
1 1 0 3
0 2 2 0
0 0 0 0
0 0 0 0
0 2 1 0
0 0 0 1
4 2 2 0
1 0 0 0
0 1 3 0
2 0 0 1
1 0 0 0
0 1 0 0
0 2 3 0
1 0 0 1
1 1 1 0
0 1 0 2
0 1 0 0
0 0 1 0
1 1 2 0
3 0 0 0
0 0 0 1
1 0 0 0
2 0 0 0
0 0 0 0
2 0 0 0
1 0 0 0
2 2 1 0
1 2 0 0
0 0 0 0
0 0 0 1
0 0 1 0
0 1 1 1
0 0 0 2
1 0 0 0
1 2 0 1
1 1 0 0
1 2 0 0
2 1 1 1
1 1 2 2
0 2 0 0
0 1 1 0
0 0 4 1
0 0 2 0
0 1 1 1
0 1 0 0
1 0 1 1
0 0 0 1
0 0 2 0
0 0 1 0
0 1 0 0
1 0 0 2
0 0 1 0
1 0 0 0
0 1 0 0
0 1 0 2
0 1 1 1
1 1 0 0
2 2 3 1
0 1 2 1
1 1 0 0
1 2 1 1
0 0 0 0
1 3 0 1
0 0 1 1
0 1 0 0
1 0 1 2
0 1 0 0
2 1 1 0
0 1 1 2
0 1 1 1
0 1 3 1
2 0 0 1
0 0 0 2
3 0 3 0
4 0 1 0
0 1 2 0
1 0 0 1
0 0 0 0
0 0 0 2
1 0 1 3
1 2 0 0
0 3 4 0
1 0 2 0
0 1 0 1
0 0 1 0
1 0 0 1
1 1 0 0
1 3 0 0
1 0 0 0
1 0 0 1
1 1 0 0
2 1 4 1
2 1 2 0
1 0 1 0
0 1 2 0
0 4 2 0
0 2 1 0
1 0 1 3
1 2 0 1
2 0 2 0
1 0 0 0
3 1 3 0
0 0 0 0
2 0 0 1
1 0 0 1
0 0 1 2
0 1 1 0
1 0 0 1
1 1 2 1
2 0 0 0
1 0 0 1
0 0 1 0
1 0 1 0
2 0 0 1
0 0 0 3
0 0 0 1
0 0 1 0
0 0 0 0
0 2 0 2
1 0 3 0
0 1 0 1
1 1 1 0
0 0 2 1
0 0 1 0
1 0 0 0
0 0 0 0
1 1 1 0
3 0 0 0
0 1 0 1
0 1 0 1
0 0 0 0
0 1 1 2
2 0 0 0
0 0 0 1
0 3 0 0
1 0 1 1
0 0 2 2
2 1 0 0
0 0 0 0
4 3 1 0
0 0 0 2
2 0 0 0
0 0 0 2
1 3 2 0
1 0 0 0
0 0 0 0
2 3 2 2
0 0 0 0
0 0 1 0
1 1 0 1
0 0 0 0
1 0 2 0
1 1 2 1
0 2 1 0
0 0 0 2
1 2 1 0
0 1 1 1
0 0 0 3
0 0 0 2
0 0 1 1
0 1 0 1
0 0 1 0
2 0 1 0
0 0 0 1
1 0 0 1
1 2 0 0
2 0 1 1
1 4 1 0
0 2 1 0
0 1 0 2
0 0 1 1
0 0 0 1
1 0 2 0
0 0 1 0
1 2 1 0
0 0 3 0
0 0 0 1
1 3 1 1
0 0 0 2
0 1 1 0
0 0 0 0
0 1 0 0
0 1 1 0
0 3 0 0
0 0 3 0
0 0 0 0
0 4 0 0
0 0 1 1
1 1 0 0
0 2 1 1
0 1 3 0
0 0 1 1
1 0 0 1
0 1 0 2
0 0 0 0
0 0 0 1
0 0 3 1
0 0 1 1
1 1 2 0
0 1 1 0
0 0 3 2
1 1 1 2
1 1 1 0
0 1 1 0
1 2 1 1
2 1 0 0
0 0 0 1
0 0 1 2
1 0 1 1
1 0 0 0
4 0 0 0
1 0 0 0
4 0 0 1
0 3 0 0
3 1 1 1
0 1 0 2
0 0 0 2
1 0 0 3
0 0 2 0
2 0 2 1
0 2 0 2
1 0 2 0
2 0 0 0
0 1 3 1
1 0 2 2
0 0 1 0
2 1 1 2
0 0 0 4
0 0 0 0
0 1 0 1
1 0 0 2
0 1 1 1
0 0 0 1
0 0 1 0
0 1 2 0
0 3 0 2
1 1 1 1
0 0 0 0
0 1 0 3
2 4 0 1
2 1 2 0
0 0 0 3
1 0 0 0
1 0 0 0
0 0 0 0
3 1 0 2
1 1 0 0
1 0 2 2
1 1 1 0
0 1 0 0
0 1 2 1
1 0 0 2
0 0 2 2
0 0 1 0
1 0 0 0
2 2 0 1
0 1 0 0
0 0 0 0
0 0 0 0
0 0 1 0
1 3 1 1
1 0 0 2
0 0 2 0
2 0 1 0
0 0 1 1
0 0 0 0
1 1 1 0
0 1 2 0
0 1 0 0
2 0 0 2
0 1 0 2
0 1 0 0
0 0 0 0
1 1 1 4
2 0 2 0
3 0 2 0
1 1 0 0
0 0 0 1
2 1 0 2
0 0 0 0
0 0 0 2
0 0 1 1
0 0 2 2
1 0 0 0
0 0 1 1
0 1 0 0
1 0 0 0
0 0 0 1
0 1 2 0
0 1 1 3
0 0 1 0
0 0 3 0
1 0 0 0
0 1 0 1
0 2 1 0
0 1 0 1
0 0 0 0
0 0 1 0
0 2 0 0
0 2 0 0
0 3 0 2
2 0 1 0
0 1 2 1
0 1 2 0
1 2 0 0
0 0 1 0
0 1 2 0
0 0 1 1
0 1 0 0
0 0 0 0
1 0 0 1
0 0 2 0
2 0 0 1
2 0 0 1
0 0 0 1
1 1 0 2
1 2 0 0
2 1 2 2
0 0 0 1
1 0 0 0
3 0 0 1
1 0 0 0
1 1 1 1
0 0 0 0
3 0 0 1
2 0 0 0
0 1 1 0
0 0 0 0
0 0 0 0
1 1 0 0
0 0 0 0
0 2 0 0
0 2 0 3
0 1 0 0
1 0 2 0
3 0 2 3
2 0 0 4
0 1 0 1
2 0 0 1
2 0 0 0
0 0 1 0
0 2 0 0
1 3 0 0
0 2 0 0
0 1 3 0
0 0 2 1
0 1 0 0
0 0 0 0
2 0 2 0
2 1 1 0
0 0 0 0
2 0 0 0
1 0 0 0
2 0 4 0
0 3 0 3
1 1 0 0
0 1 0 1
0 0 3 0
2 1 0 0
0 0 0 0
1 0 0 1
0 0 0 0
0 1 0 0
2 0 0 2
0 0 1 0
0 0 1 0
3 3 1 0
0 0 0 0
1 1 1 1
0 3 0 0
1 1 1 0
0 0 0 0
2 0 1 0
0 0 0 3
3 0 1 1
0 0 3 2
0 0 1 0
1 1 0 0
0 0 2 0
1 0 1 0
0 0 1 2
0 0 1 0
0 2 1 0
2 1 0 2
0 0 0 0
0 0 0 2
1 0 0 0
0 2 0 1
0 2 0 0
0 0 0 0
2 0 0 0
0 0 0 1
0 0 2 2
0 0 0 0
0 0 0 0
0 1 0 1
0 2 1 0
0 2 4 1
0 0 0 2
0 0 2 0
0 0 0 2
0 0 0 0
0 0 1 0
0 1 0 0
2 1 0 1
0 0 1 1
2 0 0 1
2 0 0 1
3 0 1 3
1 0 0 1
0 2 1 0
0 0 1 1
0 3 0 0
0 0 1 1
0 1 0 0
1 0 0 0
0 0 3 0
0 0 3 2
0 0 2 1
1 1 0 1
0 0 1 1
0 1 3 1
1 1 0 0
0 0 1 1
0 0 0 0
0 1 0 0
0 0 0 0
0 0 0 0
0 0 0 0
0 1 0 0
0 1 0 0
1 1 0 1
1 0 1 1
1 0 0 0
1 0 0 1
1 0 0 0
0 0 0 0
0 0 0 0
0 0 1 1
0 0 1 1
1 1 0 4
0 2 1 3
0 0 0 0
0 0 1 0
0 1 1 1
0 0 1 0
0 2 1 0
0 0 0 1
0 0 1 3
0 0 1 1
1 1 0 1
0 1 0 0
0 1 1 0
1 1 3 1
0 0 1 2
1 3 0 1
0 0 0 1
1 2 0 1
0 0 0 0
1 1 0 1
0 0 4 2
0 1 0 1
0 2 1 3
0 0 1 0
0 1 0 0
0 0 1 2
2 0 0 0
0 0 1 0
1 2 3 1
1 2 2 0
2 1 0 0
0 0 0 1
0 2 2 0
0 0 0 0
0 0 0 4
2 0 0 0
0 0 2 3
1 1 0 0
0 0 0 0
0 1 0 2
0 0 1 0
0 2 0 0
0 2 1 0
0 0 0 0
2 1 1 0
0 0 0 1
1 1 1 0
1 0 2 0
0 0 0 0
0 0 1 1
1 3 0 0
1 0 0 0
1 0 0 2
0 1 0 0
0 0 2 0
2 0 3 1
2 1 2 0
0 2 0 0
2 2 0 0
2 0 0 2
1 3 0 2
3 0 1 0
1 0 0 1
4 0 0 2
2 1 2 1
2 2 0 3
0 0 0 1
0 0 3 0
1 0 0 2
1 2 1 0
2 0 0 0
0 0 0 2
0 3 1 1
0 2 0 0
1 1 1 0
1 1 1 1
0 1 0 0
2 1 0 0
0 0 3 1
0 0 0 0
2 0 1 1
1 0 0 1
0 0 0 1
1 2 1 0
1 1 1 0
2 2 2 0
0 0 1 3
1 3 0 0
2 0 1 1
0 0 0 0
2 0 1 3
1 1 0 0
0 0 1 0
0 0 1 1
0 0 1 0
0 1 0 0
0 3 0 1
0 0 0 1
0 2 1 1
0 0 0 0
0 1 2 1
2 0 0 1
2 0 0 0
0 0 0 0
1 2 0 1
0 0 0 0
1 0 0 0
1 0 0 0
0 3 0 0
1 2 0 0
0 1 1 0
3 1 0 1
1 0 0 0
0 0 0 1
1 1 1 0
0 3 0 0
0 0 0 0
0 1 0 1
0 1 0 0
1 0 2 1
0 0 0 0
0 1 0 0
0 0 0 0
0 0 0 0
2 1 2 0
1 1 0 0
3 0 3 0
4 0 0 1
1 0 0 1
1 1 0 0
1 1 2 0
1 4 0 1
0 1 0 1
2 0 3 0
0 0 4 2
1 2 2 0
0 0 1 3
0 2 0 0
0 0 1 0
1 1 2 0
1 1 0 2
0 1 0 0
0 1 0 3
1 0 0 1
0 1 0 0
2 0 0 1
1 1 0 1
1 0 0 0
0 0 2 0
0 0 0 1
0 1 0 0
0 0 0 0
0 0 0 1
0 1 0 0
0 0 0 0
0 0 1 1
0 0 0 0
0 2 4 0
0 1 0 0
0 1 0 1
0 1 1 1
1 0 1 1
1 1 1 0
1 2 0 1
0 0 0 0
0 0 1 0
0 1 1 1
0 0 0 1
0 0 2 1
1 0 0 0
2 0 1 0
2 1 1 3
2 0 2 0
3 0 0 1
3 0 0 0
2 0 0 0
0 1 2 0
0 2 0 1
0 0 2 1
0 2 0 0
3 0 0 0
0 1 1 0
1 1 1 0
1 0 0 0
0 1 1 1
0 0 1 1
1 4 1 3
2 0 4 0
1 4 0 0
0 2 0 0
0 0 0 1
0 0 0 1
0 1 1 1
2 0 0 0
1 1 2 0
1 2 0 0
2 3 0 0
3 1 0 1
0 1 0 3
0 3 0 0
1 0 4 0
0 2 1 2
1 2 0 2
0 0 0 0
2 0 0 0
0 0 0 1
0 1 1 2
2 2 1 0
1 2 0 0
0 0 0 0
1 0 2 0
1 3 0 0
0 0 2 1
1 0 1 1
0 1 0 0
0 1 0 1
1 0 2 0
0 0 0 0
1 0 3 0
0 1 0 0
1 1 0 0
0 0 2 2
0 0 0 2
0 0 1 2
0 0 0 0
0 0 2 2
0 0 0 1
0 1 0 3
0 0 1 3
0 3 0 1
0 0 0 0
0 0 0 2
0 0 0 0
1 0 0 0
0 3 0 0
1 0 0 0
3 1 1 0
0 0 3 1
0 0 0 0
1 0 2 0
2 0 0 0
1 1 0 0
0 1 1 0
0 2 2 0
0 2 0 0
1 1 0 1
1 0 0 1
0 0 2 2
0 0 1 0
0 0 0 0
0 0 0 0
0 0 2 2
1 1 0 0
1 0 0 0
3 0 0 0
2 1 1 0
0 1 0 0
0 0 0 0
0 1 1 1
1 0 0 1
1 0 0 0
2 0 0 0
0 1 3 0
0 0 1 1
0 0 1 0
0 0 1 0
0 0 0 0
0 1 1 1
2 0 0 0
2 1 0 0
0 1 0 0
2 0 1 1
0 0 0 0
0 0 0 1
1 0 0 2
0 1 1 4
3 1 0 0
1 1 1 1
0 0 1 0
0 1 0 0
2 1 0 2
0 1 1 2
0 0 0 0
2 0 0 1
0 0 0 1
0 1 0 1
2 0 0 0
0 0 1 1
0 2 0 0
2 2 0 0
0 0 1 0
2 0 3 2
0 0 0 0
0 1 2 1
0 0 1 0
1 0 0 1
1 0 1 1
0 0 1 0
1 0 1 0
0 2 1 1
2 0 0 0
0 0 0 1
1 1 0 1
0 0 3 0
0 0 1 0
1 1 0 2
1 1 1 1
0 0 0 0
1 0 0 1
1 3 0 2
0 0 0 3
0 2 0 0
1 0 1 0
2 0 1 0
1 2 0 0
0 0 0 0
2 0 0 0
2 1 2 0
0 0 0 2
0 3 0 0
0 2 1 1
1 0 1 1
2 2 1 0
0 0 0 1
2 2 2 0
2 0 0 0
0 0 1 0
0 0 2 1
0 0 0 0
0 2 2 0
1 0 0 0
0 1 0 0
0 0 0 0
0 0 1 0
1 0 0 1
0 0 1 0
0 0 0 2
3 1 1 3
1 1 0 0
2 0 1 0
0 1 0 0
0 0 0 0
1 0 1 2
1 1 2 1
0 4 1 0
1 1 3 0
0 0 0 0
1 0 1 3
1 0 1 0
1 2 0 0
0 0 0 3
0 1 0 1
0 2 1 2
1 1 0 0
0 0 1 1
0 1 0 0
1 0 1 1
2 1 1 3
1 0 0 0
0 3 2 0
1 0 0 0
1 1 0 1
0 0 1 0
0 0 1 0
1 2 2 2
1 1 1 2
1 2 0 0
0 3 1 1
0 1 1 0
0 1 1 0
0 2 0 0
1 0 0 0
1 0 0 1
0 1 1 1
0 0 0 0
0 1 0 2
2 0 0 3
0 1 1 1
0 0 0 1
0 0 2 0
3 3 0 3
0 2 0 0
1 0 0 2
1 1 0 0
1 0 0 1
0 2 1 1
1 0 1 0
2 0 0 2
0 1 0 0
1 0 0 0
0 0 0 0
1 1 0 0
0 0 1 0
0 0 0 0
0 1 0 3
2 2 2 1
3 0 0 0
1 0 1 2
0 1 2 2
1 1 1 0
0 0 0 0
2 1 2 0
1 0 1 1
1 1 2 1
3 1 0 1
0 1 0 1
3 2 0 0
0 0 0 1
0 0 0 1
2 1 0 1
1 1 1 2
0 0 0 0
0 0 0 0
0 0 0 3
0 1 0 0
3 0 0 0
0 0 0 0
3 0 0 4
0 1 1 1
1 1 2 1
1 3 0 0
1 2 0 1
0 0 2 1
0 1 1 0
1 1 0 0
1 1 2 0
0 1 2 1
0 0 2 0
0 0 2 1
1 1 0 0
2 0 3 1
0 0 0 0
1 0 0 0
2 1 0 2
1 3 0 1
0 1 1 0
2 1 0 1
0 0 2 2
2 0 0 0
1 3 0 1
0 0 0 0
1 0 0 2
2 0 3 0
0 0 0 0
1 2 0 1
0 3 2 3
0 0 0 1
0 0 0 1
1 1 0 2
0 0 0 1
2 0 0 0
1 0 2 0
0 0 0 4
0 0 1 1
1 0 0 0
0 1 2 1
0 1 1 0
0 0 2 0
1 1 0 1
0 0 1 0
1 1 0 1
0 0 0 0
1 2 0 0
0 0 3 1
0 1 1 0
1 0 0 0
1 4 0 0
0 4 0 0
1 1 1 0
0 0 3 0
0 0 0 0
0 0 0 0
0 1 1 1
0 2 1 1
2 0 0 0
0 1 0 0
1 0 1 0
0 0 0 2
2 0 3 0
0 0 0 0
0 2 0 2
0 1 1 0
1 1 1 1
1 0 0 1
2 0 3 0
0 1 0 0
1 1 0 0
0 1 0 0
1 0 0 2
2 0 1 2
1 0 0 0
0 1 2 0
0 0 0 0
2 0 0 1
0 2 0 0
2 3 0 0
0 3 0 2
0 0 0 0
0 0 0 0
0 0 0 1
1 0 0 1
1 0 0 1
1 1 0 0
0 0 0 0
1 0 0 0
0 0 1 3
0 0 1 1
2 0 0 0
0 2 0 0
0 0 0 1
2 0 0 0
0 2 1 0
0 1 0 0
1 3 0 0
0 0 1 0
0 4 2 1
1 2 0 1
1 1 0 0
0 0 0 0
0 0 0 1
1 0 1 3
0 0 0 0
1 1 0 1
0 0 0 2
0 4 2 0
0 2 0 1
0 0 0 0
1 0 0 0
2 0 1 0
2 0 1 0
0 1 0 1
1 0 1 0
0 2 1 2
0 1 0 1
0 0 0 1
1 1 0 1
0 1 0 0
0 0 1 0
0 2 2 0
0 0 0 1
0 0 0 0
2 0 0 3
0 0 2 0
0 0 2 0
0 1 0 1
1 0 1 0
0 4 0 0
1 0 0 0
1 2 1 2
3 0 2 1
0 0 0 1
2 0 0 1
4 0 1 0
2 1 0 0
1 1 1 2
2 0 0 1
0 2 0 1
1 1 1 0
3 3 0 0
0 1 1 0
2 0 1 0
1 0 0 0
0 2 0 0
1 0 1 1
2 0 0 1
0 0 1 0
1 3 2 0
0 0 0 0
1 1 0 0
0 2 0 0
1 0 0 0
1 2 0 0
1 1 2 2
2 1 2 2
0 0 1 0
0 0 0 0
2 1 1 0
0 0 0 2
1 3 1 0
0 1 0 0
0 1 0 0
0 0 1 0
1 2 0 0
0 0 1 0
2 0 2 0
1 0 1 1
0 1 1 0
1 0 0 1
0 0 0 0
1 1 2 0
0 1 0 1
1 1 0 0
0 0 1 1
0 1 1 0
2 1 0 1
0 3 1 0
1 0 4 0
0 3 0 0
1 2 1 1
0 2 1 0
0 1 2 3
1 1 0 0
1 0 0 2
0 1 0 2
0 0 0 1
0 3 0 2
0 0 2 0
0 1 1 1
1 1 0 0
1 0 2 0
4 0 0 2
1 1 0 1
0 1 0 0
1 0 1 0
0 0 0 0
1 0 0 0
1 1 1 0
0 1 2 0
0 0 0 3
0 0 1 0
0 0 1 0
1 0 0 1
1 0 2 1
1 0 1 0
0 0 0 0
0 2 0 0
0 1 0 0
0 0 0 0
0 1 2 4
0 0 0 0
0 0 0 0
2 0 1 1
0 0 1 0
0 0 0 0
0 3 0 1
0 0 1 0
1 0 0 0
0 2 0 0
0 1 0 3
1 1 0 0
0 0 0 0
0 1 0 2
1 1 1 2
1 1 0 3
0 1 0 3
1 0 0 1
0 0 1 1
0 0 0 2
1 0 1 1
0 2 0 1
0 0 2 0
2 1 3 0
1 1 1 0
0 2 0 0
0 0 0 0
0 0 0 4
2 0 2 0
0 1 0 0
0 0 0 0
0 2 0 0
0 1 0 1
3 0 0 0
0 0 2 1
0 1 2 0
2 0 1 2
0 0 0 1
0 1 0 0
0 0 0 1
2 0 0 1
1 1 1 1
1 0 0 2
1 1 0 0
3 0 1 0
1 2 1 0
0 0 0 0
2 0 0 1
0 1 0 1
1 0 0 0
1 0 1 1
2 0 3 0
1 0 0 0
0 0 1 0
1 0 0 2
0 0 1 0
1 0 0 0
0 1 1 0
0 0 0 1
0 0 0 0
0 0 0 0
2 0 1 0
1 0 0 0
0 1 0 0
0 2 0 1
1 1 0 3
0 1 1 0
3 0 1 1
0 0 0 2
0 0 1 2
1 0 0 4
0 1 0 0
4 3 0 0
0 0 4 1
0 0 1 1
1 3 1 0
1 2 1 1
0 1 1 0
1 1 1 2
0 0 0 2
0 1 1 0
0 0 0 0
0 0 1 1
1 0 0 0
0 1 0 1
1 1 0 2
0 0 3 1
1 0 0 2
3 0 2 2
3 0 0 0
1 0 1 0
0 1 0 0
4 3 1 0
1 0 2 0
1 0 1 0
2 0 1 0
0 1 0 1
0 0 0 3
0 0 2 1
1 0 0 1
3 0 0 1
0 0 1 2
0 1 1 1
4 3 3 1
1 0 1 0
1 2 0 0
2 0 0 1
0 0 2 0
0 1 0 0
2 0 1 0
1 0 1 1
0 0 0 0
1 4 0 1
0 0 0 0
1 0 1 0
0 0 1 1
0 0 0 0
0 1 1 2
0 0 1 0
1 2 0 2
0 0 0 2
0 2 0 0
0 0 0 1
1 2 0 0
0 0 1 0
0 0 0 0
0 1 0 0
0 2 1 0
0 1 0 0
0 1 2 2
1 0 1 3
1 1 1 1
0 0 1 0
0 0 1 0
0 0 2 0
4 0 1 1
0 4 0 2
0 2 0 1
0 1 1 3
1 1 1 2
0 2 2 0
0 2 2 0
1 1 1 0
0 3 0 1
2 1 1 0
0 0 0 0
0 1 0 1
0 1 3 1
0 0 0 2
0 0 2 1
0 0 0 1
0 1 1 1
0 0 0 0
0 1 0 0
2 0 0 0
0 1 1 0
1 0 0 1
1 0 0 0
0 1 1 0
0 4 0 0
0 0 0 4
0 2 0 1
0 0 2 0
3 1 0 0
0 0 0 0
1 0 2 1
0 2 0 1
0 0 2 0
0 0 2 0
1 2 0 0
1 0 0 0
3 0 1 0
0 1 0 0
0 1 0 0
0 0 2 0
0 1 0 1
0 4 3 1
1 2 0 3
1 0 0 0
0 0 0 0
0 0 0 2
0 0 0 0
0 0 1 0
0 1 0 3
0 1 0 0
0 0 0 1
1 0 1 0
0 0 0 1
0 0 0 2
0 0 0 1
1 0 0 0
1 0 1 1
0 0 0 0
1 1 1 0
1 2 0 0
0 0 0 0
2 0 2 0
0 0 0 1
0 1 0 0
0 1 0 1
0 3 1 0
0 0 0 0
1 0 2 2
0 0 0 0
1 1 1 0
0 1 2 3
0 0 0 0
0 0 0 0
0 0 1 2
2 0 0 0
0 0 0 1
0 0 0 0
2 0 1 1
0 0 0 0
2 0 0 0
0 1 1 0
1 2 2 0
0 2 2 1
0 0 2 1
2 0 1 1
3 0 1 0
0 1 0 1
2 2 0 2
0 1 0 1
2 0 4 3
0 0 0 1
2 0 0 2
3 0 0 0
1 0 1 0
0 1 2 0
0 2 2 1
0 1 0 1
2 1 1 0
1 1 0 1
0 1 2 4
0 1 1 0
0 0 0 2
1 1 0 0
1 1 0 0
0 2 1 0
4 0 2 0
0 0 1 0
0 0 1 0
3 0 2 0
1 1 1 0
1 0 0 1
2 2 1 0
0 0 0 1
0 0 0 3
0 1 0 0
0 1 0 2
1 0 0 0
1 1 0 0
0 1 0 0
0 0 0 2
0 2 1 0
0 0 0 1
3 1 0 0
2 0 0 0
0 0 1 0
2 2 0 0
0 0 0 3
1 0 1 0
0 0 0 1
1 1 0 0
1 0 0 2
0 0 0 0
0 0 1 2
1 1 0 0
1 1 0 0
1 2 1 0
0 2 0 1
0 0 1 1
0 3 0 0
2 0 1 3
1 3 2 0
3 1 1 2
0 0 0 0
1 0 1 0
0 1 2 1
1 0 1 0
0 1 0 0
1 1 1 0
0 3 0 0
0 0 0 1
0 3 3 1
0 2 0 0
0 4 1 1
0 0 0 1
1 1 1 0
0 0 0 2
1 2 0 0
3 0 1 1
0 2 2 2
1 1 3 0
0 0 1 1
0 1 1 0
3 2 0 0
0 1 2 0
0 0 2 1
2 0 2 0
0 0 0 0
1 0 2 1
1 0 1 0
2 1 0 1
2 0 1 0
0 1 2 0
1 1 3 1
0 1 0 0
1 1 3 2
1 0 0 1
2 0 0 0
0 1 0 1
0 1 3 2
1 1 0 1
0 1 1 1
2 0 0 2
3 0 0 0
0 1 1 0
1 1 0 1
0 3 0 3
2 1 1 0
0 0 0 0
0 0 1 0
0 0 0 1
1 0 0 1
0 0 4 0
3 0 0 1
3 1 0 3
0 0 0 0
0 0 0 0
0 2 0 0
0 0 0 0
2 1 1 1
0 0 0 3
0 1 1 0
1 2 2 1
0 0 1 1
2 0 0 0
1 0 3 0
0 0 0 0
0 0 0 3
0 0 0 1
1 0 0 0
0 2 0 3
1 3 4 2
0 0 0 0
0 0 0 1
3 1 0 1
0 0 1 1
1 1 0 0
0 0 0 0
0 0 0 1
1 2 1 0
0 0 0 2
0 1 0 1
0 2 1 0
0 0 0 2
1 0 1 0
0 0 0 1
1 1 2 0
0 1 0 0
0 1 1 1
0 0 0 0
0 1 0 0
0 0 0 1
1 1 1 0
0 0 0 1
0 0 0 1
2 0 0 3
0 0 0 1
1 0 0 0
0 0 3 2
2 1 2 0
0 1 4 1
0 0 3 0
0 0 2 2
1 0 1 0
1 1 0 0
2 1 0 0
1 2 0 0
2 0 0 1
0 0 0 0
1 0 0 0
1 0 0 2
1 2 0 0
0 0 1 0
1 1 2 0
1 2 0 1
1 1 1 0
1 0 0 1
0 0 0 0
0 0 0 1
1 2 2 0
0 1 0 0
1 0 0 0
0 0 0 0
0 0 0 0
0 2 1 0
0 0 0 1
0 0 0 0
2 0 1 0
0 1 2 1
0 1 3 0
0 1 0 0
1 0 0 0
0 0 0 1
2 0 2 0
1 0 0 1
2 0 0 0
1 1 1 0
0 1 0 0
2 2 0 0
0 0 0 2
1 0 1 1
0 0 2 0
0 2 0 3
2 1 1 3
0 0 0 0
0 2 1 1
1 0 1 0
0 1 0 2
1 0 1 0
1 1 0 0
0 0 0 0
0 1 0 2
0 0 1 2
0 0 0 2
1 1 0 0
0 0 1 1
0 0 0 1
2 3 1 2
0 1 1 0
1 0 0 3
0 1 0 0
1 3 1 1
0 0 0 2
0 3 1 0
1 0 1 0
0 0 4 0
0 0 1 1
0 1 0 0
3 0 0 1
0 1 1 0
1 0 0 2
1 2 2 1
0 1 0 0
3 1 0 0
1 0 1 2
0 1 0 0
1 1 1 0
0 1 1 1
2 1 0 0
0 4 3 0
0 0 0 0
2 2 1 1
1 1 1 0
3 1 1 0
0 1 0 0
0 0 1 0
0 1 1 2
0 1 0 1
1 0 2 0
0 0 1 0
0 0 0 1
2 0 2 0
2 3 2 1
0 0 1 1
3 4 1 1
1 0 4 0
1 0 0 0
0 2 1 1
2 1 1 0
1 0 0 0
0 0 0 0
0 1 1 3
1 0 0 1
1 0 1 1
0 0 1 0
0 2 1 0
1 0 0 0
3 1 1 0
1 0 0 0
1 0 0 0
0 0 1 0
0 0 0 0
1 1 0 0
1 0 0 0
0 0 1 0
0 0 1 2
0 0 0 0
0 2 0 1
1 0 0 0
1 3 0 1
0 0 1 0
0 0 2 1
0 3 0 0
1 1 1 1
0 0 0 0
0 0 0 3
0 1 1 1
0 1 1 0
0 0 1 2
0 1 0 0
1 0 0 0
0 0 0 2
1 0 0 1
0 2 0 0
1 0 0 2
0 1 1 0
0 0 0 3
1 3 0 3
0 0 0 1
0 1 1 0
0 1 0 1
2 0 0 2
0 1 0 1
0 0 0 1
0 0 2 1
1 0 2 1
0 1 1 1
1 2 2 0
1 2 0 3
0 1 0 0
0 1 1 1
0 0 0 0
0 0 0 0
1 1 1 0
2 0 2 0
0 1 1 2
0 0 1 0
0 0 0 0
4 0 0 4
0 1 2 1
1 0 1 0
0 0 0 0
0 0 0 1
0 0 3 0
1 1 0 0
1 1 1 0
0 3 0 0
0 1 0 1
1 0 1 0
0 1 0 4
0 0 0 0
0 0 1 2
3 0 0 0
0 2 0 0
1 2 2 0
1 1 1 0
0 1 0 0
0 2 0 0
2 0 0 1
3 0 0 1
4 2 0 0
0 0 1 0
0 1 0 0
0 0 0 3
1 0 1 0
0 0 1 0
0 0 0 0
0 0 0 0
0 1 0 3
1 1 0 0
0 0 0 0
0 0 3 3
1 0 0 0
1 0 2 1
0 0 1 1
0 1 0 0
1 2 0 1
0 1 0 0
1 0 0 0
0 3 0 0
0 0 0 1
1 0 0 1
0 1 0 1
2 0 2 0
0 1 0 1
1 0 0 1
0 0 0 0
0 0 0 2
0 0 0 2
2 2 0 1
0 0 1 0
0 0 0 0
0 0 1 0
0 1 1 1
0 0 3 0
0 3 0 0
2 1 2 0
0 0 0 1
1 0 0 0
3 1 1 0
1 0 1 1
0 0 1 0
0 0 0 3
0 0 0 0
0 0 0 1
0 2 0 3
2 1 0 0
0 0 0 3
1 0 3 0
0 2 1 0
2 1 0 2
0 0 1 1
0 0 0 1
0 0 0 0
0 0 0 0
0 0 0 0
0 1 0 0
0 0 0 1
0 0 0 1
0 2 3 1
0 0 1 0
1 2 0 0
0 0 1 1
1 0 1 0
0 0 1 1
0 0 0 2
1 0 4 1
0 0 1 0
1 0 3 0
0 2 1 0
0 1 2 0
1 0 0 0
1 2 1 4
0 1 0 0
0 1 0 0
1 0 1 1
0 0 0 0
0 0 1 2
2 0 3 0
0 2 0 1
0 2 1 0
0 0 1 1
0 0 0 0
1 0 1 1
2 2 1 1
0 2 0 0
1 0 0 0
0 0 1 0
2 0 1 2
0 1 0 0
0 1 0 1
0 3 0 0
0 0 1 0
0 0 0 0
0 0 0 0
3 2 0 1
0 1 0 0
0 0 0 0
1 1 0 0
1 0 0 0
0 1 3 2
0 3 0 1
0 2 1 0
0 2 0 0
2 0 3 2
0 0 1 0
1 1 1 1
3 0 1 2
0 0 1 0
0 2 0 1
0 0 0 0
1 1 2 1
1 1 0 0
0 1 2 1
1 0 0 2
3 1 0 3
0 2 1 0
0 1 0 1
1 0 0 0
0 0 0 0
2 2 1 2
3 0 0 0
0 0 1 1
0 0 0 0
0 3 2 0
0 0 0 0
0 0 0 1
0 0 0 3
0 0 0 1
0 0 0 0
1 2 0 0
1 0 1 0
0 0 0 0
2 0 0 0
0 0 0 1
0 0 1 0
0 1 1 1
0 1 2 0
0 0 0 0
1 0 0 0
0 1 1 2
1 0 1 0
1 0 1 0
2 0 0 0
2 0 0 1
0 1 0 3
0 0 4 0
0 1 0 0
2 0 3 2
0 0 0 0
0 3 0 0
2 1 0 1
0 0 0 0
0 0 0 3
0 1 0 0
1 1 0 2
0 1 0 1
2 2 1 2
0 0 1 0
0 0 2 2
1 1 3 1
0 1 2 0
1 0 1 1
0 1 1 0
2 1 1 0
1 1 0 0
1 0 1 0
1 0 0 1
0 0 2 0
2 0 0 0
0 1 1 0
2 0 0 0
0 0 0 2
2 0 0 1
0 1 0 1
1 0 0 0
0 0 1 2
1 0 1 0
1 1 1 1
2 0 0 1
2 0 0 0
0 0 0 2
0 1 0 2
0 0 0 1
0 0 0 0
0 0 1 1
0 1 0 1
0 0 1 0
0 1 0 0
0 1 2 0
1 2 3 0
0 1 2 0
0 0 1 0
0 0 1 1
0 0 1 3
0 0 0 0
0 1 0 0
0 0 1 0
0 0 0 0
0 1 0 1
0 1 2 1
1 0 1 0
0 1 0 0
0 0 0 0
1 0 1 1
0 1 0 0
1 0 0 0
1 1 0 0
0 1 0 0
0 0 0 0
1 1 0 0
0 2 0 0
1 1 0 1
0 1 2 0
0 1 0 0
0 0 2 1
2 3 0 1
1 0 0 0
0 1 0 0
0 2 1 1
1 1 3 0
0 0 0 1
1 1 0 2
0 0 0 0
1 0 2 2
0 2 2 0
0 0 0 0
0 1 0 0
1 1 0 0
0 1 0 0
0 1 1 0
0 1 0 0
1 0 0 0
0 0 0 1
1 0 4 0
0 3 0 0
1 1 0 0
0 0 1 0
0 0 1 0
0 0 0 0
1 0 0 0
3 2 1 0
0 1 1 1
2 1 0 0
0 1 1 0
0 1 2 0
0 0 0 2
0 0 0 0
0 0 1 0
1 1 1 1
0 0 0 0
1 1 0 0
0 4 0 0
0 0 1 1
3 0 0 3
3 1 0 0
0 0 2 0
0 2 0 0
1 0 0 0
0 0 0 0
1 0 0 1
0 0 0 0
0 0 0 1
0 0 2 0
2 1 0 0
0 1 2 0
1 1 0 0
1 0 1 0
0 1 0 0
0 0 0 0
0 1 0 0
1 0 1 2
1 0 0 1
0 1 0 0
1 0 1 0
1 1 0 0
0 0 0 0
1 0 1 1
0 2 0 1
0 0 0 1
0 0 0 1
0 0 1 1
1 1 0 0
4 1 1 0
2 0 1 0
0 2 0 0
1 1 0 0
2 2 0 1
1 0 0 1
1 3 1 0
1 0 0 0
1 0 0 1
0 1 0 1
0 2 0 0
1 0 0 1
1 0 0 0
1 3 0 0
0 0 0 0
0 1 0 2
0 1 1 4
2 0 2 1
1 1 0 0
0 0 1 1
0 0 1 0
1 0 1 0
1 0 0 1
0 1 2 0
0 1 2 1
1 1 2 0
2 0 0 0
0 1 0 0
0 0 0 2
0 2 2 1
1 1 0 0
0 0 1 0
1 0 0 2
1 0 0 0
0 0 1 0
1 0 1 0
2 1 1 2
0 0 0 1
0 0 1 0
3 2 0 0
0 2 0 0
2 0 1 0
0 1 2 0
0 1 0 0
0 0 4 0
3 2 0 0
0 0 0 0
1 0 0 0
0 0 0 0
0 1 1 1
0 0 0 1
0 1 2 0
0 2 1 0
0 0 1 0
1 1 1 0
0 0 0 1
0 0 0 0
0 0 1 2
1 0 0 0
0 1 0 0
2 0 0 1
1 0 0 0
3 1 2 0
1 1 0 1
2 4 1 0
0 0 0 1
0 4 0 0
0 0 1 0
0 0 0 0
1 0 0 0
1 0 0 1
1 2 0 1
0 2 1 1
1 1 3 1
1 0 0 1
0 0 0 1
1 0 0 0
0 0 1 3
0 1 2 0
1 0 0 0
0 0 1 2
1 0 2 0
1 0 1 0
2 0 0 2
0 0 1 1
0 1 0 1
3 0 1 1
1 1 0 1
0 0 0 0
1 0 1 1
0 1 0 0
1 0 1 0
0 2 1 0
0 2 1 0
1 1 1 0
0 1 0 0
2 1 1 0
2 0 0 1
1 1 1 2
1 1 1 2
1 2 0 0
1 2 1 0
0 0 0 1
0 2 1 0
1 0 0 1
2 0 1 0
1 1 0 0
0 0 0 0
0 1 0 0
0 0 0 2
0 0 0 3
0 1 1 0
0 1 3 1
0 1 1 0
0 1 0 0
1 0 0 2
2 0 0 1
0 0 2 0
0 2 0 0
0 0 0 3
1 0 2 3
3 0 1 2
0 2 0 0
1 1 1 0
0 0 0 0
0 1 1 0
3 0 1 1
0 2 0 0
1 1 2 1
1 0 0 3
1 0 1 0
2 0 0 1
0 0 1 1
0 0 0 0
0 2 0 1
2 0 0 0
2 0 0 1
1 0 0 0
0 0 0 1
3 0 0 0
0 1 0 0
1 0 0 1
2 1 1 0
0 0 1 0
1 1 0 0
0 0 2 0
0 0 1 2
0 0 0 1
2 0 2 2
0 1 1 0
0 1 0 0
0 0 0 0
0 0 0 1
0 0 1 0
3 1 0 1
0 1 0 1
1 1 0 0
1 2 0 0
1 1 1 0
1 0 0 0
0 4 3 0
1 0 1 1
1 1 1 1
0 0 1 0
0 0 2 0
0 0 0 1
1 0 3 0
0 0 1 1
0 0 1 1
0 0 0 0
0 1 1 2
3 0 0 0
1 0 2 0
2 1 0 0
2 2 0 0
1 0 0 1
0 2 0 1
0 0 0 1
0 1 0 1
0 0 1 0
3 0 1 2
0 2 0 0
0 1 0 0
2 0 1 1
0 1 0 2
4 0 0 0
0 0 0 0
0 0 3 0
0 0 0 0
1 2 0 1
4 0 0 1
1 1 1 0
0 2 1 1
1 0 0 0
4 0 0 2
0 0 2 1
0 0 1 1
1 2 0 0
0 0 0 0
0 0 0 4
0 1 0 0
2 1 1 0
0 0 1 0
3 0 0 0
0 0 0 0
0 2 3 0
0 0 2 1
0 0 0 0
0 0 0 0
0 0 0 0
1 0 2 0
0 1 0 0
0 0 2 0
3 1 1 0
0 0 1 1
0 2 1 0
1 0 1 0
2 0 1 2
0 0 0 0
0 1 0 1
0 0 1 0
0 1 0 0
2 0 0 0
1 1 0 2
0 1 0 0
0 0 1 4
1 1 1 0
0 0 2 0
1 0 0 0
2 0 4 2
0 1 0 1
1 0 4 1
0 1 0 1
0 0 2 0
0 2 2 0
1 1 1 0
1 0 1 1
1 0 1 1
0 0 0 1
1 1 0 0
0 1 4 0
0 0 0 1
0 0 0 0
1 1 0 0
1 0 1 0
0 3 0 2
2 0 0 0
0 1 0 0
1 0 0 0
1 2 0 2
0 0 1 0
0 0 2 1
0 0 0 0
0 0 0 1
0 0 0 2
1 1 1 0
0 1 2 0
0 0 1 1
1 0 0 3
2 0 0 0
1 0 0 0
0 1 0 0
0 1 1 0
0 3 0 1
1 0 0 0
4 3 1 0
0 0 0 0
1 0 0 1
2 1 1 0
0 2 0 1
1 3 0 0
0 0 1 1
0 1 1 1
0 0 1 0
0 1 0 1
2 0 1 2
2 0 0 0
1 1 0 0
1 0 2 1
0 0 0 0
0 0 1 0
0 1 1 0
0 1 0 0
0 0 0 0
1 0 1 1
0 0 0 2
0 0 0 1
1 0 4 0
4 0 1 0
0 0 0 0
3 1 1 0
0 0 3 0
0 0 0 0
0 1 1 0
0 0 0 0
0 0 1 0
0 0 1 0
1 1 1 0
2 2 1 0
2 0 1 1
0 0 0 0
2 1 0 2
0 0 0 0
0 0 1 1
1 0 0 0
1 0 0 1
0 0 0 1
2 1 0 0
0 1 1 2
0 1 0 0
0 1 0 1
2 0 2 2
1 2 1 0
1 0 0 1
0 0 0 2
0 1 0 0
2 1 1 0
0 0 1 0
2 2 0 0
1 0 1 1
0 0 2 0
1 3 0 2
1 1 2 2
1 2 0 0
1 2 1 1
0 2 0 0
0 0 1 0
1 0 0 1
1 3 0 0
0 1 4 0
1 0 1 0
0 1 3 1
0 1 0 0
1 0 0 1
0 0 1 1
2 0 0 0
0 0 0 3
0 2 2 0
1 0 0 0
1 0 0 1
0 2 0 0
1 1 1 1
3 3 3 3
0 0 0 1
1 0 0 2
0 0 0 1
0 1 0 2
2 0 0 0
0 1 0 1
0 2 1 3
0 0 0 0
0 0 0 0
1 0 0 0
0 0 0 1
3 1 0 0
1 0 2 2
1 3 0 0
0 2 1 1
1 0 0 1
0 2 0 0
1 0 4 0
1 3 1 0
1 0 0 3
1 0 0 2
2 0 0 0
0 2 1 0
0 2 0 1
0 1 0 1
2 1 0 1
1 1 1 1
1 1 0 2
1 0 0 1
0 0 0 3
0 3 0 0
1 1 1 0
1 1 2 0
0 1 3 1
2 3 0 1
0 2 0 2
1 0 0 1
1 0 1 1
2 0 1 1
3 3 1 0
0 2 0 2
0 1 2 1
1 1 0 0
0 0 0 1
3 1 0 0
0 0 1 0
1 0 1 0
1 0 1 1
0 0 2 2
1 1 0 0
1 0 2 1
1 1 2 3
1 1 0 0
0 0 0 1
0 0 1 1
0 1 1 1
1 1 1 0
1 0 1 0
1 2 0 0
1 0 0 0
1 2 1 4
0 0 0 1
0 1 0 0
0 0 1 0
2 1 1 0
0 3 0 3
0 0 0 0
0 0 1 0
0 0 1 1
1 2 1 1
1 1 0 2
0 2 0 0
0 0 0 3
0 0 1 2
0 3 1 1
0 1 0 0
1 0 1 2
0 0 2 2
0 1 1 1
2 1 0 1
0 0 1 1
1 0 1 0
1 0 0 3
0 0 1 2
1 2 1 4
0 0 3 0
0 0 3 0
0 0 1 0
0 1 1 0
0 1 2 1
2 0 0 1
1 0 0 0
0 1 1 0
0 1 1 2
2 0 0 1
0 1 0 1
2 0 0 1
1 0 1 0
0 2 1 0
2 0 1 0
0 0 0 0
0 1 1 0
0 1 0 0
2 0 0 0
1 0 1 0
0 0 1 1
0 1 0 1
1 0 0 0
0 0 0 1
0 2 0 2
1 0 0 0
0 0 0 0
0 0 0 0
0 0 0 1
0 1 0 1
0 0 0 3
0 0 1 1
1 2 0 0
0 1 1 0
2 0 1 2
0 0 1 0
0 0 0 2
2 0 2 0
0 2 2 4
1 1 0 0
2 0 0 0
2 1 3 2
1 0 0 0
1 1 2 2
0 0 1 0
3 2 1 1
0 0 0 1
2 0 1 0
0 0 0 0
2 0 0 0
1 0 0 0
2 0 0 1
0 1 1 1
0 0 1 0
0 0 1 3
4 0 0 1
1 0 0 0
0 0 1 1
1 0 4 0
0 0 1 1
1 1 1 0
1 1 1 1
0 2 0 0
0 0 1 0
1 0 1 0
0 2 0 1
0 0 0 0
0 0 0 1
3 0 0 0
1 1 0 0
1 1 0 0
0 2 0 2
0 2 2 0
0 1 0 0
0 0 0 1
1 2 1 0
1 0 0 0
0 0 0 0
1 0 0 1
0 0 0 1
0 0 0 0
0 0 2 0
3 0 0 3
0 3 1 1
0 1 0 1
0 1 2 2
2 0 0 0
1 1 0 1
1 0 2 1
1 0 0 2
0 0 1 0
0 1 0 0
0 0 0 2
2 1 0 0
0 0 1 0
0 0 0 0
1 1 0 0
0 2 0 1
2 0 0 0
1 0 1 0
0 0 0 3
1 1 0 3
0 1 0 3
0 0 0 4
2 0 0 0
2 0 1 0
0 1 1 0
1 1 1 1
1 0 0 1
0 0 0 0
0 2 0 1
0 0 0 0
0 1 0 1
0 4 1 1
0 1 0 1
0 1 0 0
0 0 0 2
0 1 0 2
0 1 1 0
0 0 0 0
0 1 1 0
0 0 0 1
0 0 0 1
1 0 0 3
2 1 1 0
0 1 0 1
1 2 1 0
1 0 0 3
0 0 0 2
1 0 3 0
0 0 3 1
0 2 1 2
1 0 0 0
1 1 0 0
0 1 0 1
0 0 1 0
0 3 0 0
3 0 0 0
2 1 3 1
0 1 1 0
2 0 0 1
0 1 4 2
0 0 0 0
0 0 3 1
4 2 0 1
2 0 1 0
0 0 2 0
0 1 0 0
0 0 1 0
1 3 1 0
1 1 1 0
0 2 1 1
2 1 2 1
2 3 0 0
1 1 0 1
1 1 0 1
2 1 0 0
1 1 0 0
0 0 0 0
1 0 3 0
0 0 0 0
1 3 2 2
1 1 0 1
0 4 1 0
0 0 0 1
1 0 0 0
1 1 0 0
0 0 0 0
2 0 0 1
0 0 1 0
1 1 4 1
0 2 0 1
2 1 2 0
2 0 0 0
2 0 2 2
0 1 2 0
1 1 0 0
0 0 0 0
1 1 0 0
0 0 1 0
1 3 3 1
2 1 0 0
0 1 1 3
0 0 1 3
0 0 0 1
0 0 1 1
0 0 0 0
2 1 0 1
0 0 0 0
0 0 0 1
0 0 0 0
1 3 0 1
1 0 1 1
0 1 1 0
1 1 0 1
1 0 0 0
0 2 0 0
1 1 1 1
0 2 0 3
3 1 0 1
0 1 1 0
2 0 1 0
0 0 1 0
0 0 1 1
1 3 1 0
1 0 0 1
0 0 1 2
1 1 1 0
0 0 0 0
1 0 1 0
0 2 1 0
0 2 1 3
2 2 1 2
0 2 1 0
0 0 1 1
1 2 0 1
2 1 0 0
0 0 0 0
0 2 1 0
1 0 3 0
0 1 2 0
0 0 1 0
2 0 0 0
0 0 0 1
0 1 0 1
1 2 0 0
0 1 1 0
1 0 1 0
0 1 0 1
1 0 0 0
0 0 1 2
0 1 0 1
2 3 2 1
2 1 1 1
1 0 0 2
0 1 0 2
0 0 1 0
0 1 0 0
0 0 1 1
1 1 0 0
3 0 1 0
0 1 1 2
1 0 1 2
2 1 3 0
1 0 1 0
1 2 0 1
0 1 0 1
2 0 0 0
0 0 0 0
0 1 0 0
0 0 0 0
1 1 0 1
0 0 3 0
1 1 1 1
0 2 0 0
2 0 0 1
0 1 1 0
2 0 0 0
0 0 1 1
1 0 0 0
0 1 1 1
1 1 2 0
2 1 0 1
2 0 1 1
2 1 0 1
2 2 0 1
0 1 2 0
1 0 1 0
0 0 0 0
0 0 0 0
1 3 0 0
0 1 0 4
1 1 0 2
2 0 0 2
0 0 0 4
0 0 0 2
1 0 2 1
0 0 1 0
3 0 2 0
0 0 0 2
0 0 1 0
1 0 1 0
0 0 1 0
0 3 1 2
0 0 2 1
0 1 1 1
4 0 0 0
1 3 0 0
0 0 1 0
1 2 0 1
0 0 0 0
2 0 0 0
1 0 1 3
1 2 0 0
0 0 0 0
0 0 0 3
0 2 0 2
1 0 2 1
0 2 0 0
0 2 1 0
0 1 1 1
0 1 0 0
1 1 1 0
0 0 0 1
3 2 1 0
1 0 0 2
1 0 1 0
0 1 0 1
2 0 0 0
0 0 0 0
1 1 1 1
0 1 0 0
0 0 0 2
0 0 0 1
0 0 0 0
1 1 2 2
0 0 2 0
0 0 1 4
0 0 1 1
0 0 0 1
1 0 2 2
0 0 1 1
0 0 0 0
1 1 0 3
0 0 0 0
3 1 2 0
0 1 0 1
1 0 0 0
0 3 1 0
0 1 0 0
1 1 1 0
0 0 0 0
1 0 0 0
1 0 0 1
1 0 2 0
1 1 1 0
1 0 3 2
1 1 2 1
0 1 0 1
0 0 1 1
1 0 2 0
4 0 0 0
0 1 0 1
1 0 3 0
2 1 0 0
0 0 2 0
1 0 0 0
0 1 0 0
1 2 1 0
0 1 3 1
1 0 2 1
0 0 0 0
0 0 1 2
0 0 0 3
0 0 3 2
1 0 0 1
0 0 1 0
1 1 2 0
0 1 1 1
0 0 0 0
0 1 0 2
0 1 0 0
0 0 2 2
0 0 1 0
0 0 0 0
1 1 0 0
0 0 0 0
0 0 3 0
0 3 0 1
1 0 0 0
0 1 1 0
1 0 1 3
2 0 0 0
1 2 1 1
0 1 0 0
0 0 0 0
0 0 0 1
2 1 0 0
0 1 0 0
0 2 1 0
0 0 0 0
0 0 1 0
0 1 0 1
0 1 0 3
3 0 0 0
1 1 1 0
0 0 2 0
0 1 1 1
3 0 1 2
0 0 1 0
1 1 0 0
0 0 0 3
2 1 0 0
0 0 3 0
0 1 1 1
0 0 0 1
0 0 0 0
0 1 0 0
0 0 0 2
0 2 3 0
0 1 1 0
1 0 1 0
0 0 1 3
0 0 2 0
0 0 1 0
0 0 0 3
1 1 0 0
1 0 0 0
2 2 1 0
1 0 0 2
1 0 1 0
0 0 0 0
0 0 0 4
0 0 1 1
2 4 1 0
0 0 0 1
1 0 0 2
0 0 1 0
0 1 2 0
0 0 3 1
0 0 2 0
0 2 2 0
0 0 0 0
0 0 2 2
0 2 0 1
0 1 0 1
0 1 0 0
0 0 0 0
0 0 1 1
1 1 0 1
1 0 2 1
2 1 2 0
1 1 0 1
0 1 0 0
1 3 2 1
0 0 0 0
0 1 0 0
1 0 0 0
1 1 1 3
2 0 2 0
0 0 0 0
0 0 0 1
0 0 1 2
3 0 1 0
1 0 0 0
0 0 0 0
2 0 0 2
0 0 0 0
1 0 3 0
0 1 1 0
2 1 1 1
1 2 1 0
1 1 1 0
0 0 0 0
0 3 1 1
0 1 0 0
0 1 0 0
2 0 3 0
0 0 1 1
0 2 0 2
1 0 2 0
1 2 0 1
0 0 0 0
1 0 1 1
0 0 2 2
0 0 0 0
1 1 2 0
0 0 3 0
0 0 0 0
4 0 3 0
2 1 0 0
0 1 1 1
0 1 0 2
1 1 0 0
0 0 4 1
1 0 1 0
0 2 2 0
0 0 4 0
0 1 0 0
1 4 0 0
0 1 0 0
0 0 0 0
0 0 0 0
3 0 1 0
1 0 1 1
0 1 2 0
1 1 0 1
0 0 0 0
0 2 0 0
0 1 0 0
0 2 0 0
0 0 2 1
3 2 0 2
1 0 0 1
1 0 1 1
0 1 0 0
0 0 0 2
0 1 0 0
0 0 3 1
0 0 2 2
2 0 2 0
1 1 0 0
0 0 0 1
1 0 0 2
0 1 0 2
1 1 0 0
0 1 0 0
0 0 2 3
0 1 1 1
2 2 0 0
1 1 2 1
1 1 0 1
0 0 1 1
0 0 2 1
0 1 0 0
0 1 0 0
0 1 0 0
0 0 1 0
1 0 0 1
0 0 1 2
0 2 0 0
0 1 0 0
0 0 0 1
1 0 1 1
0 0 0 0
1 1 0 2
0 0 1 2
2 1 0 0
3 0 0 0
1 0 0 2
0 0 0 0
0 0 0 1
0 1 1 0
0 0 1 2
0 0 0 1
0 1 0 0
1 2 1 2
0 0 1 2
1 0 0 0
0 1 1 0
2 0 0 0
0 1 0 0
0 0 1 0
0 0 0 2
1 1 1 0
0 0 2 0
3 0 0 1
1 0 0 1
0 0 0 1
1 0 0 1
0 0 0 0
2 0 2 0
0 0 0 1
0 0 0 0
1 0 0 0
0 0 0 0
0 1 0 1
0 1 0 2
1 1 1 1
1 1 0 1
2 0 1 2
1 0 1 1
0 0 0 2
1 4 3 1
0 2 1 0
0 0 0 0
0 0 1 1
1 3 0 3
0 0 0 1
0 1 0 0
0 0 0 0
0 0 0 0
2 0 4 1
0 1 1 0
0 1 0 2
2 1 0 1
0 1 0 1
1 0 0 1
1 0 1 1
0 0 1 0
0 1 0 0
2 0 2 0
2 1 0 0
0 1 0 0
1 1 0 0
0 0 0 0
0 3 0 0
2 0 0 0
1 0 0 2
0 2 0 1
3 0 0 1
0 3 0 1
4 2 0 1
0 1 1 0
1 0 1 1
1 2 0 1
0 4 1 0
0 0 0 1
2 0 1 2
0 0 0 1
3 0 1 0
2 0 0 0
0 2 0 0
0 0 1 1
1 0 3 0
0 1 0 0
2 0 0 0
0 1 0 0
0 0 0 3
1 0 0 0
3 0 1 0
1 0 3 0
0 0 0 1
1 1 1 0
1 1 0 0
0 0 1 1
0 1 0 0
1 1 2 0
0 0 1 0
0 0 2 1
1 1 0 0
0 2 1 0
0 2 1 0
1 0 0 0
0 1 0 3
0 2 0 0
2 1 1 1
3 0 0 0
2 2 1 1
0 0 1 0
0 0 3 1
1 1 0 2
0 0 3 2
1 3 0 0
0 0 0 3
1 1 2 1
1 0 1 1
2 1 2 2
2 1 1 0
1 2 0 1
0 1 0 0
0 2 0 0
0 0 1 1
1 0 0 0
1 3 3 1
1 1 2 3
0 1 1 2
2 0 0 0
1 3 0 0
0 0 1 0
0 0 0 1
1 0 0 2
0 0 0 0
0 0 0 0
1 0 0 2
0 0 0 4
1 3 0 0
0 0 0 1
0 3 0 0
0 1 0 0
0 0 0 1
3 0 0 0
2 2 3 1
2 0 0 1
0 2 0 2
2 3 1 1
1 2 1 0
0 0 1 0
1 1 0 0
2 1 1 1
1 0 1 0
0 0 1 1
2 0 1 0
0 3 1 2
2 2 1 0
0 1 0 0
1 0 2 1
0 0 1 0
1 1 2 0
0 0 1 0
2 2 1 1
1 0 0 0
3 0 1 4
1 0 0 0
0 2 0 1
2 0 0 3
1 0 1 0
1 1 2 3
2 0 0 0
3 0 1 0
0 1 1 0
1 1 0 0
0 1 2 0
4 3 0 0
0 0 4 0
3 0 0 2
0 0 0 0
0 0 2 0
0 1 0 0
2 2 0 2
0 0 1 1
3 1 0 0
0 1 1 2
4 0 1 2
2 0 1 1
0 0 3 0
1 0 1 0
0 1 0 4
0 0 0 1
0 0 1 1
0 0 0 0
0 2 1 0
1 0 0 0
0 0 0 2
2 1 1 0
0 0 0 0
2 2 1 0
0 1 1 0
0 1 3 1
1 1 1 0
1 0 0 0
1 0 3 1
1 1 3 0
0 0 0 1
0 1 2 1
0 0 0 0
1 1 0 0
0 0 1 0
1 1 1 0
0 0 1 1
0 0 0 0
2 0 0 2
1 0 0 0
0 0 1 1
2 0 0 2
0 1 0 1
0 1 1 2
0 0 1 1
0 0 0 0
0 1 0 1
0 0 0 1
1 1 2 0
3 0 0 0
0 1 2 0
0 1 0 2
1 0 0 0
0 0 3 0
0 0 2 1
1 0 1 0
0 1 0 0
3 1 0 1
2 1 0 0
2 1 1 4
1 1 1 0
0 0 0 0
1 0 2 1
0 1 0 0
1 0 0 0
0 1 0 0
0 0 0 2
0 0 0 1
0 0 1 0
3 0 0 0
2 1 1 0
0 1 0 0
2 2 4 0
0 0 1 0
2 2 0 2
0 0 0 1
3 1 0 0
0 0 0 0
0 1 1 0
0 0 0 0
1 2 1 0
1 1 0 0
4 1 0 2
0 1 1 0
0 0 0 0
1 1 0 1
1 3 2 0
1 3 0 0
2 0 1 0
0 0 0 0
0 0 2 0
0 1 0 1
0 0 2 0
0 1 1 0
0 1 1 0
1 0 0 0
1 1 1 0
1 1 1 0
1 0 1 0
1 3 0 4
0 2 0 0
0 0 0 0
0 1 1 1
0 0 0 1
4 2 0 0
0 0 0 0
0 0 0 2
1 0 1 0
0 1 1 0
0 2 0 0
0 0 0 1
0 0 0 0
0 0 1 0
0 2 0 0
0 0 3 1
0 1 0 1
1 1 1 3
2 1 1 1
0 1 0 0
2 1 0 1
0 0 2 0
0 0 1 0
0 0 0 2
0 0 0 1
1 0 2 1
1 1 1 0
0 1 0 1
0 3 0 2
1 0 1 0
0 1 0 0
1 0 0 3
0 1 1 0
1 2 0 1
1 1 0 0
1 0 0 0
1 0 0 0
0 0 1 1
1 0 0 1
0 0 0 1
2 0 1 0
0 1 2 1
0 0 1 0
0 0 1 0
0 0 1 0
0 1 0 1
0 0 1 0
0 1 0 0
0 1 1 0
0 1 1 0
1 0 2 1
2 1 1 0
0 1 0 0
0 0 0 1
0 0 0 0
0 1 1 2
0 1 1 0
0 0 1 0
1 1 0 1
0 0 1 1
2 2 0 0
0 0 0 0
4 1 0 2
0 0 1 0
1 0 2 0
0 1 1 0
0 3 0 0
0 1 2 0
0 3 2 1
0 1 2 3
1 0 1 2
0 0 1 1
3 1 2 0
0 1 0 0
1 0 1 0
0 0 1 0
0 1 1 1
0 1 1 1
0 0 0 0
2 2 0 0
2 2 1 0
0 0 3 2
0 1 0 0
1 1 0 0
0 1 0 0
0 0 1 2
0 1 1 0
2 0 0 1
0 0 0 0
0 3 0 2
0 0 0 0
0 0 2 1
0 1 1 2
0 1 1 0
0 2 0 0
0 3 4 3
3 2 0 0
0 0 2 1
2 1 0 0
1 0 1 2
1 0 1 3
0 2 1 0
0 2 2 0
0 1 0 1
0 2 0 0
0 0 0 1
0 1 1 1
1 0 0 0
0 1 0 0
1 1 0 2
1 0 1 1
0 0 0 0
0 0 1 1
1 1 0 0
1 2 0 1
0 0 3 3
1 0 1 0
0 0 1 0
1 1 4 0
1 0 0 0
0 1 0 0
1 2 0 1
0 0 4 1
3 0 0 0
0 0 3 1
0 0 0 0
0 3 0 1
0 0 1 1
0 1 0 0
0 2 0 0
1 2 1 3
1 2 0 0
0 1 1 2
2 0 0 2
1 0 1 0
0 0 1 0
0 1 0 1
1 0 2 0
0 0 1 1
0 1 1 1
1 0 0 0
1 1 0 1
0 0 0 1
0 0 0 0
0 0 0 0
0 0 1 0
0 0 1 0
2 1 0 1
0 0 0 0
1 2 0 1
0 0 1 0
0 0 2 1
1 0 0 0
0 1 2 1
0 1 0 1
1 0 1 0
0 0 0 0
0 0 1 2
2 0 1 1
3 1 0 0
0 0 0 0
0 1 0 0
0 0 1 0
1 1 1 0
1 0 2 0
0 1 2 0
1 1 2 2
1 1 1 0
0 2 3 1
0 0 0 4
0 0 1 0
1 1 1 0
1 0 0 1
2 0 0 2
3 1 2 0
0 0 1 0
0 1 0 2
0 0 0 0
0 0 0 0
1 0 0 0
2 2 0 0
1 0 0 2
0 2 0 2
1 1 0 3
0 0 0 1
1 1 1 0
2 1 0 0
1 1 0 1
1 0 2 0
1 2 1 2
1 0 1 0
0 0 0 1
0 2 0 1
1 0 1 0
1 0 0 0
1 0 0 0
1 0 1 0
1 1 0 1
2 1 1 1
0 0 0 2
0 1 0 1
0 0 1 0
0 0 0 1
0 1 0 0
0 0 0 1
0 1 3 0
4 1 1 0
1 1 0 0
2 2 0 1
0 0 0 4
1 0 1 1
0 3 0 0
1 0 0 0
1 3 4 3
1 1 1 0
0 4 1 0
0 0 0 3
0 1 0 2
0 2 0 1
0 0 0 3
1 1 0 2
0 0 0 1
0 2 4 0
2 1 1 1
1 0 0 0
2 1 0 0
1 0 0 1
0 4 1 1
1 0 2 0
0 1 0 2
0 1 0 3
1 1 0 1
1 0 1 1
0 0 1 0
1 2 3 0
0 0 2 1
0 0 1 3
0 2 0 2
1 1 0 0
0 0 1 1
0 1 0 0
0 3 0 0
1 0 0 0
3 3 1 0
1 3 0 1
3 0 0 1
0 0 0 2
0 0 3 0
1 1 2 0
0 2 0 1
0 0 0 2
0 2 1 0
0 0 0 0
0 0 0 2
0 0 1 0
0 0 0 0
0 0 0 1
0 0 0 0
0 0 1 3
1 2 0 1
1 1 0 1
1 1 0 0
1 1 0 0
0 1 1 0
0 2 0 0
1 0 0 0
0 0 2 0
0 1 3 1
2 1 0 1
0 3 0 0
0 0 0 0
0 2 0 0
1 0 0 0
0 0 1 0
1 1 0 0
0 1 1 1
1 0 0 2
3 1 0 1
0 1 0 1
0 0 0 0
0 3 0 0
1 0 0 0
3 0 0 0
3 0 0 1
0 0 0 1
0 0 0 0
1 0 0 1
1 2 0 0
2 0 1 2
1 0 0 4
0 0 0 1
1 0 1 1
0 2 0 2
0 0 0 1
0 2 0 0
2 1 0 0
0 0 1 1
0 0 1 0
3 1 0 1
4 0 0 0
1 1 3 2
2 0 0 1
1 0 0 0
1 4 0 0
0 0 0 0
0 1 0 0
1 0 0 0
0 0 0 0
0 1 0 0
0 0 1 0
0 1 0 0
1 0 0 1
1 0 0 0
0 1 0 1
0 0 1 1
0 1 1 0
0 0 1 0
0 0 0 0
0 0 1 0
0 0 4 0
0 1 2 0
1 1 1 1
0 0 1 0
1 0 0 1
0 2 1 1
0 4 0 1
1 0 1 0
0 1 0 0
0 1 1 1
3 0 0 0
1 0 0 0
0 2 0 1
0 0 0 0
0 0 4 2
1 1 0 0
0 1 1 2
2 0 1 0
0 1 1 0
0 0 1 1
0 1 0 1
0 0 0 0
1 0 0 3
3 0 0 2
0 3 0 1
1 0 0 0
1 0 2 1
0 0 0 2
2 0 0 0
0 2 0 0
1 2 1 0
0 1 1 2
3 2 1 0
0 0 3 0
2 1 1 1
1 0 0 3
0 1 0 0
1 0 2 0
1 0 0 0
2 1 0 0
1 1 0 1
1 3 0 1
1 1 1 0
0 0 1 2
0 4 0 1
0 1 0 2
0 0 0 0
0 0 0 1
1 0 0 0
0 1 1 0
0 1 1 1
2 0 2 1
0 0 2 0
0 2 0 0
0 1 2 1
1 0 0 0
2 0 0 0
1 1 0 0
0 3 1 1
3 0 0 3
1 2 0 0
1 1 1 1
0 1 2 1
0 1 0 0
1 0 0 0
0 0 0 1
0 2 0 0
0 0 0 2
1 0 3 1
0 0 0 0
1 1 0 0
2 0 0 0
1 0 1 2
3 1 3 0
0 1 0 1
0 0 0 3
0 3 2 0
0 1 0 2
4 0 0 0
0 0 0 0
0 0 0 0
1 0 2 0
1 0 0 1
0 0 0 1
0 3 1 2
1 1 0 1
3 0 1 1
0 1 0 3
2 1 0 0
0 0 2 0
2 3 1 2
0 1 4 1
1 2 0 2
1 1 1 0
0 0 0 0
1 0 1 2
0 1 0 0
0 2 0 0
0 0 0 1
1 0 1 0
1 0 2 0
0 1 0 1
0 1 0 2
1 1 1 0
1 2 0 1
0 1 0 3
0 1 0 0
0 0 0 0
0 1 1 0
0 2 1 0
2 1 0 0
2 1 0 0
1 4 0 0
0 2 3 0
0 3 0 0
3 1 1 1
1 0 1 1
0 0 1 0
2 1 1 0
1 0 0 0
1 1 1 1
1 0 0 2
1 0 0 2
0 0 0 1
1 0 1 0
2 0 0 0
3 0 1 3
1 1 0 1
0 0 0 0
1 0 4 1
1 2 1 1
0 2 0 1
0 0 2 1
0 1 0 1
0 1 0 0
2 0 1 0
0 0 0 0
0 0 3 0
0 0 3 2
0 0 1 0
1 1 1 1
1 2 0 0
2 2 0 1
1 0 0 0
1 2 1 1
0 0 0 1
0 0 1 2
1 0 0 0
0 1 0 0
0 0 0 0
0 1 1 2
0 0 0 2
1 1 2 0
1 0 0 0
2 0 4 0
1 1 1 0
0 2 1 0
2 0 0 0
0 0 1 0
1 1 1 3
0 2 0 0
2 0 1 0
0 0 0 2
0 0 1 0
0 2 0 0
1 1 4 2
3 0 1 0
0 0 0 0
2 0 3 2
0 1 0 0
0 0 0 2
3 0 0 0
0 0 0 1
0 1 0 0
0 0 0 0
0 0 0 0
0 0 1 0
2 0 0 0
0 3 1 0
0 0 0 0
0 1 2 0
2 1 0 1
1 0 0 1
0 0 0 0
1 0 0 1
1 0 0 0
2 0 0 0
0 0 0 0
2 3 1 1
4 0 0 0
1 1 0 0
0 0 0 0
1 0 0 0
1 1 0 1
0 0 0 0
0 0 0 2
3 1 1 0
0 0 0 0
0 0 0 0
0 0 0 0
1 1 0 0
1 0 0 1
1 0 2 0
0 0 0 2
0 0 2 1
1 0 2 0
0 2 1 0
0 0 1 0
0 0 0 0
0 1 0 0
0 1 1 1
0 2 1 0
0 0 1 0
1 1 0 1
1 0 0 0
4 0 0 0
0 3 1 2
0 3 0 2
1 0 1 1
0 2 1 2
2 0 0 0
0 2 0 0
1 0 0 3
0 0 2 0
1 0 1 0
0 0 0 1
1 1 2 1
0 1 2 1
0 2 1 0
0 2 0 0
0 0 0 4
1 1 1 2
3 0 0 0
1 0 1 3
0 1 0 3
0 3 0 0
0 2 0 1
1 0 0 2
0 0 1 1
0 1 0 1
3 0 0 0
1 1 1 0
1 0 1 1
0 0 0 1
1 0 0 0
0 1 0 0
0 0 0 0
0 0 0 1
3 0 1 1
0 0 0 0
1 0 0 0
0 1 0 0
0 1 0 0
1 0 0 0
2 1 1 0
0 3 1 0
1 0 2 3
0 2 2 0
1 0 2 0
1 1 0 1
0 1 0 0
0 1 0 0
2 2 1 0
0 0 1 0
0 0 1 1
0 3 0 0
1 1 1 1
0 0 0 1
4 1 2 1
0 0 0 0
0 1 0 1
4 0 0 0
0 3 0 0
0 0 0 0
1 2 0 0
0 1 0 1
0 0 0 0
0 0 0 2
2 0 2 0
0 2 0 1
0 1 2 0
1 2 1 1
0 0 0 1
0 0 1 1
1 1 0 0
1 0 0 1
1 0 0 0
0 0 1 2
0 1 0 2
0 0 0 0
0 1 0 0
0 0 1 0
0 0 0 0
1 3 0 0
0 0 0 1
0 0 4 0
1 1 0 1
0 0 3 0
0 0 1 4
0 3 1 0
1 1 0 2
2 0 1 3
0 0 0 0
1 0 1 0
2 2 1 2
0 1 0 0
0 2 1 0
0 0 0 1
0 2 2 0
1 2 0 2
0 0 1 0
1 0 0 0
0 2 0 0
0 2 0 0
4 0 0 2
1 1 0 0
3 1 0 0
1 0 0 3
1 0 0 1
0 0 0 1
0 1 2 0
0 1 0 0
0 1 0 2
0 2 0 1
1 1 0 0
2 1 2 2
1 1 0 0
0 1 2 1
1 0 1 0
0 1 2 0
0 0 0 0
0 1 0 1
0 0 0 0
3 0 1 2
0 2 1 0
2 1 0 0
0 0 0 0
0 1 0 2
0 3 0 0
0 0 1 1
1 0 0 0
2 0 0 0
0 2 0 0
0 0 0 0
1 0 0 0
1 3 1 0
0 1 0 0
0 0 0 1
1 1 0 1
0 1 0 0
1 1 4 2
2 1 0 0
1 0 0 0
0 0 0 0
0 2 1 2
0 0 1 0
2 1 0 1
0 0 1 0
1 0 1 0
2 0 3 0
0 1 1 3
0 1 1 0
1 0 0 0
1 0 0 1
0 1 1 1
0 0 1 0
0 0 0 2
2 0 0 0
0 2 0 0
1 0 1 2
2 0 0 0
0 0 3 1
0 3 1 1
0 0 0 0
1 0 0 2
0 1 1 0
0 0 0 0
0 0 1 3
0 1 3 1
0 0 2 1
2 0 1 0
0 2 0 0
1 0 0 1
0 2 0 0
0 1 0 3
0 2 0 0
0 1 0 0
3 1 0 0
4 1 1 1
1 0 0 0
0 0 1 1
0 1 1 0
0 0 1 1
3 0 0 0
1 0 1 0
0 0 1 0
1 0 0 0
0 0 0 1
1 0 1 1
1 0 3 0
0 0 1 1
0 0 0 0
1 1 0 0
0 1 2 1
0 0 0 0
2 1 3 0
0 2 0 0
0 2 2 0
1 0 0 0
0 0 1 1
2 0 1 0
1 1 0 0
3 0 0 0
0 1 1 0
0 1 1 0
1 4 0 0
0 0 0 1
0 0 0 0
0 0 0 0
0 0 0 2
0 2 2 2
0 0 0 1
0 2 0 0
1 1 0 2
0 0 0 1
1 0 1 1
1 1 0 2
0 2 1 1
0 2 0 0
0 3 1 1
1 0 1 1
1 0 0 0
0 0 2 1
2 1 1 0
1 1 2 0
0 1 2 0
0 2 1 1
0 0 1 0
0 1 0 1
2 0 0 3
0 0 1 3
2 0 0 0
0 1 2 1
1 0 0 0
0 0 0 0
0 0 0 1
0 0 0 1
0 1 1 1
2 0 0 1
0 0 0 0
3 1 0 1
1 2 0 1
0 1 1 1
4 1 0 1
1 0 0 1
1 0 1 1
1 0 0 4
0 0 0 2
0 1 1 0
0 1 2 0
0 0 0 1
3 0 0 1
0 0 1 1
1 2 0 1
0 0 1 0
0 0 1 0
0 1 0 0
1 0 1 0
1 0 0 1
1 1 1 1
0 0 0 1
1 0 0 1
1 0 0 0
1 0 1 3
0 1 0 0
0 1 2 0
0 0 1 0
0 0 0 1
0 0 1 1
1 0 0 1
2 0 0 1
0 1 1 0
0 2 0 0
0 0 0 1
0 0 0 1
1 0 1 0
0 0 0 0
0 0 0 0
0 0 0 0
2 3 1 1
1 1 0 0
0 0 1 1
1 2 1 1
1 3 2 2
2 0 1 1
0 0 2 0
2 0 0 0
1 2 1 0
0 0 0 1
0 2 1 2
1 2 0 0
1 0 1 1
1 0 0 1
1 2 0 0
0 0 1 0
2 0 0 0
1 0 0 0
0 1 1 0
1 1 0 2
0 1 1 2
0 0 0 1
1 0 1 0
0 2 3 0
0 1 1 2
0 0 1 0
1 0 1 1
0 0 0 0
0 0 1 0
1 1 2 1
0 1 0 0
1 0 2 0
1 1 0 0
1 0 0 0
0 1 0 1
2 0 0 0
0 2 1 1
1 0 0 0
0 3 0 2
0 1 0 1
1 3 2 1
1 0 0 1
2 1 1 0
0 1 0 2
0 0 0 2
1 1 0 0
0 3 0 2
2 0 1 0
1 0 1 1
1 1 1 1
0 0 2 0
0 0 2 1
0 0 1 0
0 0 1 0
0 0 0 1
2 1 2 0
0 1 1 1
1 1 0 0
0 0 0 2
1 1 0 0
0 0 0 1
0 1 1 0
0 2 1 1
3 4 0 2
2 1 0 2
1 0 0 0
3 1 1 1
3 0 0 0
0 0 1 0
1 2 0 0
1 0 0 0
0 0 0 0
1 0 0 2
0 0 4 0
1 1 2 0
0 0 0 2
0 1 1 0
0 2 1 2
0 0 0 1
1 4 3 1
1 1 1 0
0 1 1 0
1 1 1 2
1 0 2 2
0 1 0 1
1 1 3 0
0 0 0 2
1 0 2 1
2 0 1 0
1 0 0 1
0 0 0 0
3 1 2 0
0 1 1 1
0 1 0 0
2 0 0 0
1 2 1 0
0 0 1 0
4 0 0 0
1 1 2 1
1 1 1 1
1 0 0 1
0 0 0 0
1 1 2 1
0 1 1 0
1 2 1 1
0 2 0 0
0 0 0 2
1 0 0 1
0 0 0 1
3 0 1 1
0 0 0 0
0 0 2 2
0 1 0 3
0 0 1 1
2 1 0 0
0 3 2 0
0 0 0 0
0 0 1 0
0 0 0 0
0 1 0 0
1 0 0 0
0 0 0 0
1 0 1 1
0 1 0 0
1 0 0 0
0 0 0 0
1 1 0 0
0 0 0 0
0 1 0 1
0 0 1 0
1 0 0 0
1 0 0 1
0 0 2 1
0 1 0 1
0 1 2 0
0 0 0 0
0 0 1 0
0 0 0 2
1 0 0 0
2 1 3 0
2 2 0 1
0 3 1 0
0 0 0 0
0 0 1 0
1 2 0 0
0 0 1 1
0 0 1 1
0 2 0 0
3 1 0 1
2 0 0 2
1 0 0 3
0 0 1 1
0 0 1 0
0 1 1 0
0 1 0 1
4 0 0 0
0 0 0 1
1 1 0 0
3 0 0 0
1 0 0 0
0 0 1 1
0 0 0 1
0 0 0 1
0 1 0 0
1 0 1 0
1 0 1 0
0 0 2 0
0 2 0 1
0 1 0 1
1 0 0 1
0 0 1 2
0 0 1 0
1 0 3 0
0 0 0 0
0 0 1 3
0 0 0 0
0 0 0 2
1 1 1 0
2 0 2 1
0 0 0 0
0 1 3 1
0 2 2 1
0 0 3 0
0 0 0 0
1 0 0 0
1 0 0 0
0 0 0 1
0 0 1 1
0 0 0 0
2 0 0 1
0 0 0 0
1 2 0 2
0 0 0 0
1 1 0 1
1 0 0 2
0 0 2 0
1 1 0 0
0 0 2 1
2 0 0 0
2 1 0 1
0 0 0 0
1 0 1 2
0 0 1 1
0 0 1 1
0 0 0 0
0 3 0 2
0 0 1 0
0 0 1 0
0 1 1 1
0 0 1 0
0 0 1 2
0 0 0 0
0 0 0 0
1 0 1 0
0 0 0 0
0 0 2 2
0 0 0 4
1 2 0 0
0 1 2 1
0 0 0 0
1 3 0 1
2 1 0 4
0 0 2 1
0 0 1 0
1 0 0 0
2 1 0 0
0 0 2 1
0 0 1 1
0 0 1 0
0 0 2 1
0 0 1 2
0 1 0 0
0 0 0 0
0 0 0 1
1 1 0 1
0 1 0 0
0 0 0 0
1 0 0 0
0 0 0 1
1 0 0 0
1 0 2 0
0 0 0 0
0 0 0 2
2 0 1 0
0 1 0 0
0 1 0 0
0 1 1 2
1 0 1 0
0 0 1 0
0 0 1 0
0 0 0 0
0 3 0 0
2 0 0 1
1 0 0 1
0 0 1 0
1 0 2 2
2 0 0 1
0 1 0 1
1 1 1 1
3 0 1 0
2 0 2 0
0 0 1 2
0 0 0 0
1 0 0 0
0 0 0 0
2 0 0 0
2 0 2 0
2 0 0 1
0 2 0 0
1 1 0 0
0 0 0 0
1 0 0 0
0 0 1 0
0 2 2 1
0 0 0 0
2 0 0 0
0 0 1 0
0 0 2 0
2 0 1 0
1 0 0 1
1 1 1 2
1 0 0 0
2 1 0 0
0 0 0 0
2 0 1 3
1 2 0 0
1 0 1 0
1 2 0 0
0 1 0 0
0 0 1 3
0 0 0 0
1 1 1 1
0 0 0 0
0 0 2 0
0 2 0 0
0 0 0 1
0 0 0 0
1 1 0 1
3 0 1 0
0 1 0 2
0 0 0 1
1 1 0 0
0 1 4 0
0 0 0 0
1 1 1 1
2 2 0 0
3 0 1 1
1 0 0 0
1 1 0 0
1 0 1 0
0 1 2 0
1 0 0 0
0 0 0 1
0 0 0 1
1 1 2 0
0 0 0 0
0 0 1 1
0 0 1 0
1 1 1 0
1 1 0 0
0 0 0 0
1 0 0 1
2 0 0 0
1 0 1 1
0 0 0 2
1 0 0 0
1 1 0 0
0 0 1 2
1 1 1 0
0 0 0 0
0 1 0 0
1 1 0 0
0 0 1 2
0 4 0 1
0 0 0 0
0 1 0 0
0 1 0 0
4 1 1 0
0 2 0 0
0 0 2 1
2 0 1 0
1 2 0 1
4 0 1 0
0 0 2 1
1 0 0 0
0 1 1 1
0 1 2 0
0 2 0 1
0 0 0 0
0 0 2 3
0 0 2 1
0 1 0 1
0 0 2 0
0 0 1 0
0 0 1 2
2 2 0 1
1 0 0 2
0 2 1 0
0 1 0 0
0 2 2 0
2 0 0 0
0 0 0 0
0 1 2 1
0 0 1 0
0 2 0 0
0 0 0 1
1 0 2 0
1 0 0 0
2 1 0 2
3 2 1 3
1 2 0 1
1 1 0 1
0 0 0 0
1 0 0 2
1 0 0 1
2 1 0 0
0 0 1 0
0 1 0 0
1 0 0 0
0 0 1 1
0 1 1 1
0 0 0 1
1 0 0 1
0 0 1 2
0 1 1 0
0 1 0 0
0 4 0 0
2 0 2 2
0 0 0 0
0 1 0 0
2 0 1 2
0 2 3 0
2 1 0 1
4 1 0 0
3 0 1 0
2 0 0 1
1 1 1 0
1 1 1 0
0 1 0 1
1 0 0 1
0 2 0 1
0 2 0 0
0 2 1 0
0 0 2 1
0 0 0 1
1 2 0 2
1 0 0 0
0 1 0 0
0 0 0 1
0 0 0 0
1 1 0 1
0 3 0 1
0 0 3 0
0 3 0 0
2 0 2 1
1 0 1 1
1 0 0 0
0 1 2 0
0 3 0 0
0 0 1 1
0 0 0 0
0 4 0 0
0 0 1 0
1 0 1 0
0 0 0 3
0 0 0 1
2 3 0 1
0 1 0 1
0 0 0 0
1 2 1 0
0 0 1 0
1 0 1 1
0 0 0 1
0 0 0 0
0 0 1 1
0 1 2 0
0 0 2 0
0 1 0 1
0 0 1 0
1 1 0 0
2 1 1 1
2 0 0 1
0 1 0 2
0 1 0 0
0 0 0 1
2 0 0 0
2 0 0 0
0 2 0 0
