2 5 15 1000
253 1087 1763 1928
851 1352 2082
277 1083
688
686 1026 2195 2565 3402
678 1194 2247 2644 3089
166 111 119 134 194
134 153 197 127 118
128 178 14 149 84
45 44 49 28 46
34 35 53 28 55
53 39 56 47 36
58 49 49 44 27
39 25 37 50 43
58 27 47 38 55
45 52 50 37 57
51 39 35 46 36
46 35 62 42 55
45 48 41 46 41
27 47 29 32 51
59 50 28 40 41
37 44 34 34 40
47 50 55 45 30
41 46 31 41 54
36 38 56 33 48
44 38 29 38 51
40 55 34 49 41
34 27 40 49 43
60 30 62 44 57
44 50 39 36 49
60 42 40 41 61
36 47 35 40 47
40 52 56 37 30
40 38 39 39 48
37 51 27 35 49
35 47 37 56 25
51 52 36 52 51
36 54 50 44 57
42 61 57 33 39
47 45 26 52 27
44 36 56 54 25
39 59 42 41 31
55 52 62 47 36
35 35 46 58 52
40 57 39 51 61
55 62 55 46 51
44 55 49 31 32
31 34 60 31 39
30 41 35 34 57
42 39 30 43 34
36 58 51 27 54
52 59 27 63 46
44 40 34 52 37
26 28 63 62 29
38 29 44 48 59
39 60 54 36 43
62 55 36 50 55
33 40 45 51 54
59 55 45 33 49
41 33 26 61 34
59 42 53 43 44
28 36 58 58 51
55 59 63 30 44
33 36 58 46 44
47 27 38 39 28
31 52 55 41 38
35 50 43 36 61
32 35 52 26 61
56 48 45 42 36
29 32 56 38 37
53 54 53 49 45
34 41 35 25 55
46 52 37 52 39
48 36 45 34 44
31 43 40 44 57
61 56 30 26 39
50 35 43 61 44
27 45 25 54 55
48 50 40 38 62
30 34 36 52 40
43 53 35 28 26
55 36 61 44 50
42 52 35 36 42
42 62 56 27 28
56 44 53 35 40
49 52 26 48 54
42 45 51 40 31
48 59 28 55 30
28 51 49 28 53
50 51 50 32 41
59 40 50 38 51
54 30 37 44 43
36 40 36 30 36
55 59 52 28 30
26 42 49 49 54
45 39 54 29 45
44 41 29 44 50
59 31 41 39 53
58 51 42 33 35
47 48 29 39 54
46 56 31 33 42
32 51 41 48 50
53 32 48 54 53
49 42 29 47 40
43 28 28 42 39
40 46 60 39 34
55 58 37 32 52
31 63 52 44 51
57 56 42 51 45
57 50 60 47 49
41 44 34 29 31
35 40 43 47 47
49 46 26 47 41
42 62 44 44 49
44 45 55 56 32
43 44 25 30 26
38 51 41 41 42
35 51 36 31 54
51 38 38 38 42
62 60 33 42 36
54 51 35 48 38
31 35 39 48 32
52 28 28 38 34
27 35 58 49 58
38 35 40 45 36
38 47 40 58 50
52 37 43 34 43
29 54 48 39 27
60 29 35 44 43
43 36 30 32 44
27 40 37 48 43
46 41 46 40 49
50 43 39 54 51
42 54 53 47 49
26 48 49 49 30
63 60 43 29 34
52 45 49 47 42
29 46 53 44 46
60 33 41 35 31
38 58 55 32 62
51 55 39 47 26
43 56 43 31 50
29 42 60 30 29
49 50 51 62 49
47 53 46 42 42
41 50 45 38 49
40 54 62 47 36
48 36 33 49 55
40 33 43 31 28
33 46 40 30 51
55 41 39 37 37
54 44 53 43 50
30 53 25 51 38
50 56 27 57 39
44 47 44 29 39
53 37 44 28 55
29 38 53 33 46
40 35 49 40 44
61 45 34 44 29
57 41 50 60 54
38 47 33 45 47
29 28 55 37 47
56 41 63 36 38
46 35 36 33 50
40 53 44 58 46
35 31 50 36 48
47 54 28 49 47
43 53 53 52 28
37 34 41 31 39
42 57 55 28 49
28 41 62 51 53
41 40 41 44 35
48 48 46 55 50
32 32 38 41 59
35 35 39 56 55
53 44 36 40 50
38 33 43 37 25
52 60 33 46 54
26 31 28 42 29
32 53 38 53 53
35 44 51 45 46
38 37 38 36 42
37 41 32 55 38
54 43 55 36 41
45 34 60 34 58
49 44 41 49 41
34 55 55 49 55
42 33 40 46 43
38 46 43 45 33
47 34 39 62 36
43 61 48 54 44
31 55 39 51 55
51 38 42 50 31
31 52 46 38 58
43 48 55 61 36
30 45 38 62 36
39 32 29 42 36
38 61 38 56 45
62 54 32 56 60
30 34 42 50 31
45 52 63 26 44
49 56 35 46 58
41 55 32 42 53
43 40 53 28 60
34 38 40 63 46
61 37 50 51 63
49 30 36 38 28
42 52 60 51 31
44 33 39 56 34
61 39 54 37 49
32 51 34 41 52
59 42 49 31 35
58 47 61 49 42
34 29 44 60 48
37 58 39 42 40
61 46 50 38 29
39 55 44 42 42
31 49 53 48 35
32 60 30 27 45
61 39 41 48 28
45 58 54 30 31
28 45 49 35 44
58 35 38 51 42
42 41 49 54 31
40 47 53 42 34
37 50 32 39 37
53 34 51 44 40
36 61 42 38 39
50 57 41 56 47
50 56 48 27 49
45 51 58 43 53
50 47 33 47 55
49 36 47 41 35
44 59 46 42 54
61 62 50 43 30
56 40 37 55 35
32 31 41 43 44
49 28 54 39 32
50 44 49 52 38
39 46 29 37 33
25 42 38 33 44
29 33 39 42 57
53 37 28 43 48
43 31 28 60 54
25 29 60 37 61
39 27 30 50 56
50 46 50 63 45
45 58 48 50 47
28 44 31 43 44
44 51 37 56 38
62 30 43 42 60
45 36 31 43 29
52 26 30 57 29
42 47 39 38 31
26 52 45 54 30
63 37 36 54 41
60 41 45 51 40
34 31 40 37 56
46 31 42 43 32
40 35 54 47 43
54 55 59 28 55
39 40 54 51 27
59 59 38 45 30
44 39 39 53 35
48 60 45 57 34
57 29 42 42 38
51 41 28 30 29
48 54 43 60 38
47 59 45 42 37
49 49 38 46 34
57 31 55 33 52
44 42 53 63 57
55 49 35 41 59
61 44 38 50 54
46 53 49 36 49
52 58 44 33 52
49 42 49 37 42
51 32 57 41 37
58 25 27 48 37
43 56 33 48 38
31 42 45 38 42
52 48 31 40 39
40 51 49 43 51
51 25 42 38 51
52 40 36 26 47
54 27 42 55 52
39 56 54 33 28
54 49 60 57 62
31 62 42 42 54
36 33 25 58 49
30 31 46 43 49
45 41 40 50 58
53 28 32 43 29
43 45 57 38 52
38 43 37 50 45
44 46 28 45 37
59 51 50 35 48
35 37 55 44 49
52 50 43 45 34
41 50 46 46 42
48 32 39 45 57
48 58 51 37 53
41 44 35 42 30
27 52 46 39 48
45 40 62 35 53
37 46 54 59 34
38 45 50 57 62
38 57 37 37 43
43 46 50 30 38
53 51 50 61 52
35 61 50 37 43
35 60 63 45 59
53 57 33 36 49
37 34 31 31 49
46 47 28 29 46
41 59 47 60 39
30 49 47 36 56
30 48 55 37 35
42 58 62 47 54
46 55 40 45 39
27 35 47 49 40
35 49 52 40 40
41 42 45 34 51
40 56 33 47 45
40 42 41 45 56
31 39 44 31 31
55 35 37 33 46
29 35 49 37 36
55 60 34 61 35
35 45 35 36 41
46 54 48 46 31
36 59 51 36 28
37 35 53 36 35
39 38 36 61 35
25 39 37 25 32
52 38 33 25 32
33 46 34 41 40
27 25 46 29 51
59 35 56 27 29
41 41 49 38 44
42 48 43 42 27
48 37 26 38 58
30 45 63 50 48
41 58 54 53 37
43 35 62 43 37
41 49 43 37 40
30 47 52 40 38
50 41 39 46 46
44 38 56 63 43
50 33 36 59 42
29 32 46 34 45
31 36 32 32 44
43 45 47 55 44
26 47 38 47 29
35 53 34 44 53
36 54 49 36 51
29 44 36 62 59
40 48 31 43 41
57 26 58 49 37
42 36 26 33 47
57 59 37 49 26
28 39 37 40 49
32 36 38 52 50
45 31 49 63 53
46 60 39 40 48
40 40 55 35 44
46 25 48 34 48
49 42 39 37 61
41 45 40 63 43
41 60 38 39 27
35 54 25 26 53
55 30 40 46 59
36 30 42 26 32
52 30 46 37 55
33 44 53 46 35
47 54 25 40 46
35 39 56 40 56
39 59 55 51 34
50 55 51 46 32
51 41 40 40 27
60 49 44 55 43
33 34 51 38 44
31 58 56 43 48
44 40 38 31 46
34 52 41 56 63
31 38 39 26 40
49 56 48 26 47
54 41 34 36 50
60 43 50 53 56
44 55 53 47 36
51 27 49 43 48
45 39 46 52 29
58 30 54 36 40
45 43 52 54 59
44 46 35 32 33
39 44 39 41 42
38 27 62 25 34
40 31 41 29 41
32 42 58 30 61
44 56 27 39 35
40 54 36 29 56
45 29 40 45 36
29 61 58 35 38
31 53 52 27 44
34 60 43 58 63
40 39 53 38 41
46 54 55 30 63
41 51 39 52 38
44 43 45 26 31
42 27 40 47 39
32 35 60 28 40
57 32 37 47 31
29 47 44 29 60
49 54 49 49 39
48 46 25 40 57
39 48 37 42 44
34 50 52 32 52
57 56 29 29 33
57 42 51 57 53
39 52 49 52 41
55 49 47 59 48
61 55 40 50 34
28 50 36 33 36
43 32 47 39 44
39 55 46 48 39
46 34 41 59 36
41 47 37 48 41
45 28 34 49 28
47 35 39 47 52
47 45 52 46 30
43 54 55 28 31
32 35 55 46 47
47 45 49 27 57
40 30 29 33 36
61 58 31 33 36
63 53 45 34 29
42 48 57 62 43
58 48 49 49 48
59 44 59 29 43
51 42 37 50 26
32 41 34 47 43
53 34 34 54 59
41 26 42 39 40
40 30 48 27 49
50 39 36 56 52
25 38 52 31 46
54 51 38 41 32
61 54 30 61 32
45 46 38 51 57
44 53 55 27 37
26 37 46 32 47
45 37 49 30 63
50 25 35 43 27
35 38 51 54 43
55 58 26 32 36
46 54 52 41 46
40 54 36 27 45
44 52 55 36 35
42 25 29 54 38
50 53 60 32 38
55 63 42 47 51
29 30 46 55 25
36 51 29 48 43
49 41 34 31 34
37 39 35 56 58
33 47 54 44 36
36 55 32 54 46
36 42 35 39 47
30 50 44 55 26
44 38 35 49 46
43 30 49 39 60
49 37 61 28 54
63 40 55 45 52
61 25 48 27 39
43 50 62 36 58
49 46 41 35 53
26 40 36 29 49
45 36 29 36 34
37 39 26 56 43
45 51 48 41 31
53 42 48 31 46
60 50 48 49 41
40 49 34 34 46
62 27 47 45 53
52 35 39 57 53
48 41 44 42 48
32 39 35 45 28
37 52 60 63 43
52 44 37 44 34
45 50 42 28 44
47 48 29 47 41
38 27 42 40 42
59 42 43 58 42
56 44 27 25 48
34 53 29 55 30
47 48 38 29 34
26 57 38 52 53
53 52 27 35 29
27 34 51 27 58
57 37 44 35 49
53 27 28 36 49
60 41 54 45 47
37 30 31 51 40
36 32 28 61 45
52 50 28 38 37
36 58 56 58 47
38 56 37 42 28
32 47 37 45 62
58 61 27 38 43
62 59 32 59 58
48 50 34 27 43
38 45 49 36 54
28 38 33 50 43
35 35 52 59 52
41 38 43 57 39
48 37 54 37 53
42 59 55 50 56
52 46 42 44 58
43 55 32 48 37
45 42 36 49 28
28 30 63 42 53
46 40 62 40 35
42 49 36 53 52
47 43 48 57 40
50 54 41 55 34
37 43 39 54 52
54 28 51 53 39
52 53 57 36 38
52 26 42 30 41
44 57 27 49 50
38 29 47 35 37
41 38 52 37 34
32 26 31 41 40
39 35 58 35 34
46 41 28 31 28
57 54 52 46 38
44 36 57 37 55
40 47 33 32 62
32 48 41 48 29
47 48 50 36 35
36 61 40 28 39
52 55 42 41 42
50 50 44 51 41
55 30 51 41 32
42 46 35 47 38
26 49 44 34 53
27 57 42 42 35
53 40 52 55 40
35 30 28 36 58
53 28 28 55 56
26 45 43 38 45
29 49 46 47 44
60 30 36 60 47
57 46 39 35 34
40 34 61 62 27
51 40 62 41 48
28 61 48 50 53
26 38 26 40 35
26 38 51 41 36
26 43 47 49 39
49 28 56 44 41
29 29 45 52 54
36 49 44 34 37
30 32 26 27 37
37 36 62 51 25
28 53 39 35 43
30 26 50 33 50
51 52 62 39 54
35 35 42 34 59
41 31 57 34 58
56 51 32 39 44
39 57 40 38 50
44 28 58 31 40
53 37 49 45 60
32 50 46 60 40
25 50 38 29 45
42 44 26 52 44
35 52 57 54 57
44 31 41 41 44
37 51 56 57 58
47 43 37 42 38
43 35 43 31 41
44 40 50 34 54
28 41 37 58 54
48 28 37 43 41
43 39 52 47 53
50 34 26 41 34
52 39 38 48 38
26 54 53 48 26
59 31 36 32 27
41 44 55 45 50
49 34 55 60 40
35 47 59 39 56
50 45 27 33 40
52 38 31 41 47
36 53 49 45 61
59 34 62 40 46
38 40 41 28 38
39 34 52 48 59
51 46 47 49 41
32 35 52 32 47
53 46 63 56 48
46 35 58 45 34
55 52 37 44 47
50 46 34 39 51
37 59 35 31 51
63 32 49 35 28
34 41 50 51 51
30 49 37 28 55
32 41 39 31 40
40 45 51 54 50
28 50 60 49 44
42 37 45 45 34
42 35 61 37 39
42 48 52 33 59
37 50 32 38 42
57 58 63 42 40
48 38 35 25 31
29 41 28 37 32
38 52 41 36 54
52 40 44 31 50
40 59 48 45 49
25 45 54 39 42
51 40 39 31 61
44 54 34 39 31
62 51 37 40 54
58 49 31 60 35
55 32 34 36 41
44 41 42 41 54
45 52 28 36 36
28 29 33 44 55
62 48 36 52 29
56 62 31 52 40
62 54 30 40 31
28 53 37 60 49
45 55 44 27 50
38 37 28 27 30
60 29 43 35 35
35 26 44 45 45
37 35 62 58 39
32 50 52 59 55
33 45 63 56 34
35 29 30 38 27
53 35 58 32 41
42 31 43 63 50
49 56 56 40 53
54 27 36 60 41
34 35 27 39 60
53 52 41 46 52
56 57 45 43 45
26 52 39 42 35
54 57 45 62 25
56 59 40 43 56
40 51 51 49 49
50 43 41 52 56
34 30 30 45 56
27 61 37 63 44
31 28 30 37 38
53 37 31 59 25
43 40 39 53 31
54 35 45 63 54
42 61 35 47 47
52 27 55 40 43
32 33 45 36 56
38 36 59 40 51
37 35 50 42 47
51 41 60 36 57
47 44 37 44 40
48 37 36 39 43
44 45 41 27 44
56 43 26 44 42
34 44 38 43 41
38 42 36 32 25
47 37 51 29 44
39 38 50 37 35
30 58 41 45 38
27 32 25 51 39
49 44 41 29 38
29 42 59 38 45
39 38 45 25 30
61 44 43 39 49
61 58 35 48 50
48 26 30 36 30
59 53 28 48 52
27 63 49 47 39
46 46 38 32 38
31 49 26 60 60
29 58 51 53 32
31 38 59 50 37
36 62 33 39 63
48 53 60 41 52
43 61 35 49 26
41 29 36 25 40
33 52 37 30 54
48 27 40 39 29
29 49 56 61 52
44 43 51 32 37
37 41 45 38 54
47 36 42 43 38
43 48 41 46 31
37 31 59 53 45
26 42 36 41 30
27 41 46 43 42
37 39 55 43 38
29 42 54 56 45
42 53 52 50 26
63 56 46 41 51
57 32 28 50 33
55 26 35 53 58
45 49 40 25 42
47 57 43 63 53
48 53 39 37 48
60 44 58 52 30
31 49 40 28 41
46 53 46 48 33
28 39 46 44 52
39 58 57 57 46
43 28 36 56 35
50 55 62 33 56
48 36 51 54 50
56 39 46 42 60
50 57 47 41 58
42 29 45 40 45
27 32 61 62 40
35 41 34 30 59
29 37 49 59 33
35 41 34 53 31
33 56 47 50 41
52 59 36 40 56
47 58 53 39 39
33 43 43 30 44
53 41 31 36 36
40 45 41 47 35
49 40 39 50 59
49 39 40 47 56
58 44 49 54 61
45 37 56 38 54
54 47 39 57 27
45 26 41 32 29
42 46 31 42 32
55 42 42 51 49
39 32 52 45 40
26 34 43 37 33
60 56 39 51 42
28 32 54 30 43
46 48 45 43 28
51 34 39 45 48
38 28 39 43 45
48 57 53 60 51
40 55 28 47 54
41 55 38 62 52
49 51 60 39 56
27 30 45 60 49
53 43 40 49 48
36 44 44 28 55
41 44 33 43 60
42 59 60 50 53
31 51 26 52 48
42 43 58 25 39
36 40 39 30 45
34 52 35 54 52
36 50 46 32 28
39 40 43 61 53
63 36 47 37 26
44 38 41 38 45
25 27 54 50 56
33 46 29 47 37
36 47 54 45 50
50 30 54 48 49
44 58 52 34 55
43 34 35 37 35
32 44 33 41 43
31 49 36 29 47
42 52 28 36 37
31 33 50 33 28
38 37 39 54 52
39 59 35 41 50
45 33 59 44 37
30 43 28 49 32
37 39 45 53 31
56 36 57 33 60
36 39 59 42 51
34 29 50 43 37
40 48 37 56 31
52 35 42 59 38
47 32 39 56 49
42 61 43 51 49
46 43 28 32 32
61 42 33 37 43
58 48 37 56 58
37 46 50 39 35
38 56 48 28 31
28 41 53 41 41
59 60 28 55 42
53 48 32 56 27
39 53 39 44 39
58 54 35 25 30
49 31 54 32 39
41 50 45 58 49
58 54 35 37 59
51 59 38 50 41
36 34 52 38 38
39 61 53 48 52
58 39 54 55 33
31 39 54 35 44
33 28 30 37 44
49 39 52 30 47
39 26 46 29 40
61 49 46 31 41
50 54 41 47 38
47 39 37 35 57
37 55 55 45 63
32 45 33 44 50
41 50 52 48 53
39 40 54 50 61
41 43 43 30 35
30 47 55 38 40
33 55 30 57 37
60 44 33 52 49
45 50 40 43 46
55 62 55 34 38
36 43 55 36 47
50 25 33 53 58
31 51 57 27 52
27 37 31 35 37
30 45 37 49 35
49 26 62 44 27
36 30 49 36 60
25 55 41 61 43
47 34 60 47 57
40 52 36 46 62
36 32 31 49 46
34 49 33 44 48
38 35 34 42 47
57 30 34 51 43
62 47 36 46 36
29 44 53 33 27
48 52 45 42 31
31 40 49 41 44
40 27 54 43 51
50 48 48 35 45
38 40 47 43 59
29 27 40 43 31
35 50 33 45 54
52 57 62 37 25
54 42 58 35 58
59 51 55 29 60
31 33 43 50 31
45 33 49 56 31
36 45 25 37 50
41 54 47 49 39
47 55 42 49 31
30 41 61 31 53
33 30 37 53 35
49 32 35 56 58
49 25 33 39 26
63 62 36 48 25
52 39 38 49 46
57 49 57 44 31
55 33 46 31 36
39 29 62 47 33
37 47 49 30 60
31 32 36 52 37
35 31 41 27 34
58 45 46 42 45
62 48 48 39 30
42 52 32 39 35
33 40 43 51 30
48 45 38 59 38
52 56 44 40 33
59 42 34 54 42
50 44 36 31 44
45 27 51 28 58
51 44 60 45 63
45 36 30 30 32
26 29 39 62 45
41 55 50 27 53
42 45 32 53 39
41 58 45 33 52
37 33 46 53 49
37 36 42 44 40
59 46 58 29 33
48 61 37 53 26
62 30 36 49 49
54 46 62 41 49
33 41 43 35 57
45 58 38 42 40
46 40 29 55 40
61 30 39 37 48
58 46 54 37 35
46 42 46 45 54
47 62 52 33 51
27 55 39 43 47
27 46 44 33 32
38 51 39 49 60
59 45 35 44 40
36 34 49 59 27
56 57 50 57 51
35 54 41 45 47
50 36 36 28 44
25 52 53 32 55
62 33 59 41 36
62 59 27 42 60
36 47 47 41 40
42 44 25 25 44
46 33 42 46 35
33 50 49 52 35
27 51 41 39 26
31 37 40 55 42
52 43 25 27 53
55 47 53 41 47
25 25 47 38 53
46 47 33 56 32
56 39 58 35 43
60 37 63 38 46
41 55 28 46 38
43 40 48 46 43
35 43 32 36 59
38 43 44 28 31
40 58 52 29 40
37 45 46 51 54
43 38 58 38 46
36 54 41 39 38
56 56 28 28 58
36 32 57 45 45
54 45 53 50 35
39 41 57 46 55
33 63 44 46 41
52 30 29 48 31
43 34 39 52 51
54 27 40 61 56
53 35 51 35 56
50 44 51 50 55
38 51 32 46 42
56 37 59 39 29
43 44 57 49 42
50 39 36 32 46
49 40 37 41 50
46 41 43 51 49
27 25 27 38 59
39 41 63 54 47
38 29 50 32 43
38 49 49 52 35
45 42 40 43 62
53 57 52 52 51
44 26 39 50 45
43 53 48 37 45
49 34 58 34 29
39 46 41 34 25
38 54 40 39 28
56 60 30 57 30
42 58 40 30 56
31 37 41 27 56
46 53 32 47 51
62 28 55 57 51
45 45 57 55 42
49 30 48 36 39
53 58 50 46 43
44 32 55 45 59
45 50 45 57 53
36 59 48 37 35
29 34 50 38 38
55 38 50 28 43
46 42 62 44 42
41 45 26 27 41
31 59 38 32 60
56 28 25 60 41
34 27 40 34 27
55 46 25 35 43
34 31 55 53 51
29 49 47 63 60
44 48 61 59 46
50 27 32 44 40
41 40 44 42 29
46 54 60 49 30
42 46 36 42 28
38 53 41 38 55
36 61 33 37 51
36 37 55 33 36
45 46 30 62 45
36 61 39 50 37
46 31 53 57 41
54 52 35 52 50
47 54 47 48 62
46 48 43 30 35
55 40 32 53 55
36 61 50 38 49
55 52 35 60 63
29 39 46 44 42
40 41 42 63 39
56 40 46 53 28
38 42 51 55 39
42 42 31 41 44
38 33 56 48 38
38 54 57 31 49
44 43 48 36 33
34 28 32 26 56
42 44 30 38 48
51 55 55 41 40
35 38 46 53 46
40 43 32 56 46
62 62 40 41 36
33 29 35 48 38
29 59 41 58 58
60 38 31 32 34
42 37 32 59 29
40 34 40 43 39
41 46 51 25 48
34 45 41 43 53
25 58 59 38 32
55 27 50 43 33
37 46 47 31 31
58 36 38 26 51
48 45 55 48 46
41 32 37 52 47
58 33 37 53 41
52 37 51 26 38
52 60 40 41 41
42 29 49 42 63
45 46 44 31 50
32 30 34 31 32
48 47 38 54 27
36 38 35 26 62
39 31 45 45 41
35 55 44 34 47
38 60 42 38 38
49 31 48 38 48
37 54 35 43 31
32 52 47 41 44
42 45 58 41 50
56 42 29 33 28
45 50 42 61 41
55 34 27 34 60
36 54 41 49 32
26 51 39 38 37
52 60 62 35 45
62 39 45 50 32
44 45 52 40 45
60 50 45 46 39
47 38 59 54 43
59 40 61 45 37
46 54 43 33 43
44 50 47 26 35
58 50 31 42 58
53 32 36 41 36
29 31 33 43 41
52 33 43 43 30
46 61 58 35 34
27 26 53 41 46
52 37 36 35 44
40 35 44 52 28
46 42 39 48 61
40 45 36 55 52
51 40 59 47 48
36 26 61 40 51
60 50 47 49 28
37 26 39 44 48
52 44 58 28 25
42 56 47 42 33
35 44 48 47 50
29 55 34 36 37
48 32 63 45 43
48 56 61 62 49
44 59 43 37 62
42 49 29 54 44
35 40 31 31 41
49 56 49 44 45
39 29 26 53 44
39 39 41 43 58
35 45 45 48 25
48 45 27 41 46
29 42 29 49 46
52 46 51 36 31
53 48 31 28 48
57 25 37 46 56
54 46 47 53 34
29 38 31 54 34
49 31 52 62 54
30 42 35 47 37
31 26 31 27 47
44 25 38 62 63
36 33 29 47 31
28 36 35 33 52
33 58 32 38 47
39 45 56 53 28
61 44 60 45 27
42 44 28 34 34
55 49 42 43 40
38 62 27 36 45
59 47 29 37 44
61 61 51 42 46
40 44 41 45 45
50 41 38 34 47
63 44 32 60 49
40 42 35 35 31
44 25 40 51 43
46 30 45 30 44
56 48 34 42 42
41 45 53 34 47
31 51 38 48 40
58 46 32 47 41
42 44 59 25 28
34 42 45 33 59
48 49 53 48 60
48 50 43 34 46
44 38 61 61 46
59 53 56 34 37
31 48 46 51 63
27 31 35 49 51
60 45 42 34 49
55 41 61 60 40
57 41 27 32 43
47 39 49 47 40
58 37 55 37 48
46 37 36 27 27
51 38 26 35 63
41 55 34 50 45
56 43 47 47 45
31 51 40 50 36
58 47 52 47 31
35 35 37 38 30
54 41 46 52 62
48 37 41 52 49
48 43 27 53 59
39 49 63 52 45
42 45 41 46 45
56 59 40 28 34
57 54 29 63 42
41 28 43 49 31
29 44 50 48 44
50 40 29 59 40
57 58 26 60 43
56 29 44 37 42
31 47 54 36 48
45 32 43 41 37
37 62 34 37 25
47 63 29 50 40
37 46 49 53 63
36 59 61 33 37
37 45 26 48 26
52 54 49 52 41
31 39 38 32 57
34 47 48 51 26
34 35 37 34 46
26 30 49 41 39
40 52 53 55 31
30 48 43 48 58
44 35 51 47 39
34 52 33 30 49
46 43 43 57 42
56 31 30 31 31
53 37 44 39 42
44 60 38 58 44
33 55 62 32 53
45 52 46 51 56
49 30 41 25 38
55 56 40 39 46
48 49 58 45 56
50 38 30 48 44
44 31 33 52 41
37 50 53 30 54
46 46 38 44 61
40 55 33 60 41
59 33 50 38 62
45 25 54 36 58
41 32 45 36 45
37 36 51 41 27
56 49 62 32 40
29 39 51 26 30
49 41 33 44 40
45 52 45 50 52
54 61 58 42 56
47 59 25 41 28
32 59 51 53 28
63 56 44 43 26
60 59 36 37 32
36 58 37 49 52
49 49 34 25 47
26 39 43 34 45
36 38 45 43 51
36 50 31 34 58
33 59 57 61 54
46 57 31 44 47
38 40 57 38 30
38 35 42 55 54
40 51 61 42 49
60 46 56 50 54
57 44 48 62 41
41 27 26 47 29
46 32 33 41 42
60 52 41 28 38
36 49 45 47 56
51 62 60 45 45
52 39 57 46 43
37 37 47 54 61
39 52 48 48 36
34 59 42 31 37
37 26 30 55 57
36 37 43 54 36
52 53 51 38 39
43 30 43 56 38
39 50 39 29 47
49 38 36 36 45
27 42 34 37 42
41 36 33 54 34
47 56 46 54 29
41 47 46 47 47
59 47 40 49 30
42 31 48 37 43
52 55 42 34 34
40 33 63 28 61
48 49 26 41 35
37 37 27 52 25
58 55 60 58 58
58 56 54 44 46
33 48 57 41 58
34 28 51 32 38
37 43 52 28 44
56 44 53 46 50
53 51 43 58 62
47 57 37 33 52
41 26 42 61 45
33 32 25 61 62
41 28 40 48 56
37 42 45 39 52
38 41 40 30 30
32 61 48 33 57
38 62 58 39 55
40 48 57 38 57
55 42 29 38 53
27 49 43 45 57
47 50 30 28 42
49 29 63 41 34
53 42 29 56 27
47 63 37 31 26
38 33 52 35 48
35 55 27 42 56
42 34 32 60 56
49 51 32 45 31
32 39 52 59 47
48 39 29 25 55
32 50 49 45 55
49 34 34 49 41
42 35 35 50 41
33 59 34 34 46
46 44 30 42 54
48 30 44 31 42
57 25 50 44 41
34 28 43 58 35
53 32 35 56 56
42 27 40 58 35
36 46 27 55 54
53 57 31 51 53
43 36 36 32 26
59 48 58 48 31
51 49 37 40 47
47 50 30 36 60
30 29 47 38 41
30 52 26 37 38
58 46 47 52 33
31 62 32 49 42
63 55 56 58 27
36 48 54 35 51
50 43 28 44 39
43 49 37 49 44
61 46 35 50 43
41 35 40 47 31
56 34 28 47 43
60 46 44 36 42
30 44 56 53 34
43 50 55 46 51
30 46 47 50 61
54 36 41 43 29
47 36 57 61 36
36 37 38 38 47
26 30 39 39 31
57 46 42 47 46
55 26 52 33 36
28 38 62 33 37
28 59 47 44 43
60 34 43 53 27
31 25 46 39 27
46 30 39 56 58
29 49 35 26 31
46 38 50 33 44
37 48 27 28 50
34 52 50 47 51
38 27 44 37 34
32 37 28 45 36
52 55 43 56 32
36 41 46 31 46
28 45 56 26 52
62 38 44 55 48
40 58 47 33 60
32 49 45 45 58
44 56 45 39 38
53 60 26 35 43
48 47 53 46 55
43 26 34 53 43
33 56 38 50 47
41 30 41 53 51
56 31 44 35 34
42 57 41 57 52
36 59 29 40 46
30 47 42 26 28
46 33 25 34 36
42 54 44 48 60
41 42 55 48 28
47 45 26 47 33
41 44 31 56 39
51 33 60 49 52
35 52 38 35 52
34 51 47 32 31
55 25 40 38 38
39 53 30 41 44
42 51 61 61 28
51 41 46 44 34
27 49 38 60 30
45 30 26 32 41
30 44 42 31 33
50 47 61 55 43
51 54 50 40 41
57 41 45 59 37
56 28 39 38 47
37 41 31 63 51
55 32 32 44 41
47 54 62 49 40
36 48 58 45 39
50 40 55 32 55
42 47 36 51 40
25 42 45 34 36
41 53 43 25 51
36 49 36 36 58
46 51 40 29 40
43 35 51 34 40
37 52 41 48 44
40 59 55 40 55
27 45 41 41 32
42 39 37 29 54
32 50 41 60 52
27 37 33 45 39
25 37 39 34 46
41 30 36 56 33
42 33 40 40 44
37 33 52 37 36
35 39 40 34 51
28 56 45 62 41
50 61 44 31 41
37 39 59 34 34
45 61 53 39 57
48 57 52 26 46
45 35 39 52 51
59 44 59 43 41
33 38 58 45 48
52 27 40 55 62
51 35 50 51 44
37 47 38 60 43
60 61 44 46 52
44 62 44 42 37
60 40 48 32 39
50 52 39 41 42
51 38 33 32 46
41 29 55 44 41
48 43 59 30 33
50 60 62 51 31
42 45 47 37 42
42 46 42 55 31
29 50 27 27 25
40 48 37 32 48
45 25 55 25 50
32 33 53 31 56
45 43 40 31 44
38 49 52 36 63
48 31 35 53 36
42 28 40 33 33
45 51 46 38 33
50 27 35 30 40
38 47 62 31 58
38 51 61 47 50
48 35 53 58 54
26 45 34 28 38
48 49 46 48 45
49 49 58 31 50
31 51 52 57 61
29 63 54 29 36
36 43 51 58 28
36 51 28 32 53
55 34 26 27 59
34 40 39 30 60
40 52 51 43 29
33 27 36 54 48
47 36 52 45 42
44 35 55 60 35
47 35 32 49 42
31 58 38 57 52
63 36 25 47 37
60 26 38 30 35
34 42 30 42 31
47 48 52 46 30
28 37 30 30 44
27 44 38 51 56
37 48 61 48 47
35 38 55 57 47
51 59 47 33 49
61 47 41 47 53
42 28 62 43 55
40 26 35 58 42
55 60 36 40 48
29 57 45 49 42
38 37 45 36 49
34 45 37 53 60
47 36 48 42 46
29 39 37 26 55
45 39 40 38 25
34 54 53 54 52
63 46 46 39 40
41 42 40 46 58
25 39 42 31 36
37 61 46 46 26
57 40 35 37 27
36 32 37 30 37
29 46 52 26 40
40 44 46 47 57
60 35 49 52 39
41 46 48 54 35
40 41 54 51 37
26 43 34 35 42
47 39 32 42 33
35 28 52 40 35
37 48 59 56 48
42 42 47 41 46
39 61 43 40 34
27 44 41 33 56
34 49 30 32 36
34 34 27 46 29
51 56 32 34 62
57 30 27 43 25
40 48 54 51 48
37 30 40 41 59
32 29 45 49 54
54 34 45 53 46
33 44 63 63 33
36 33 34 37 36
48 40 57 37 42
43 34 52 59 27
63 36 44 38 36
42 39 46 32 51
33 49 30 28 47
30 47 52 35 36
45 53 37 42 38
38 62 41 30 52
39 36 54 40 41
49 59 51 25 35
38 40 45 42 54
63 27 32 32 33
39 62 31 29 63
45 40 48 29 31
33 31 27 58 46
26 43 34 36 50
41 48 42 36 48
28 45 58 31 34
36 45 58 42 55
50 37 51 26 40
36 26 53 53 45
31 35 27 26 45
46 42 41 58 60
44 48 48 61 49
62 34 52 46 46
40 35 62 49 54
42 52 50 36 30
34 43 63 34 36
26 40 46 39 49
60 60 56 54 62
40 35 43 40 50
43 36 57 33 58
33 58 27 54 47
49 56 43 46 27
57 41 27 39 47
44 34 36 35 34
45 39 40 46 49
42 32 49 54 55
32 34 55 54 50
56 51 29 53 58
41 37 34 51 29
33 31 33 50 51
42 46 32 54 33
37 53 51 41 39
37 33 39 45 51
38 39 35 41 48
53 46 39 47 48
33 41 35 37 62
31 51 40 50 42
44 47 26 47 36
26 33 51 59 33
57 30 57 35 46
48 58 42 45 42
40 42 34 63 47
47 44 38 49 45
42 46 43 35 63
27 37 41 30 57
51 48 35 36 35
45 49 46 44 40
58 52 54 39 33
36 48 62 36 38
54 58 46 39 51
28 33 30 31 53
36 36 60 39 34
42 44 53 30 60
32 45 29 52 35
41 45 50 25 41
43 57 30 35 45
40 49 49 38 33
50 46 43 51 42
45 39 35 42 41
28 31 49 33 63
46 34 44 48 45
28 52 51 31 60
47 42 47 42 29
42 46 44 40 42
50 46 29 53 42
38 34 38 37 31
43 50 45 45 32
27 35 29 60 45
40 36 52 37 59
61 55 44 58 48
41 44 35 30 39
55 63 56 43 40
32 55 39 59 39
61 57 33 34 42
39 53 37 59 58
42 33 45 25 44
57 49 43 47 32
33 48 53 40 42
29 32 60 37 36
38 30 35 54 42
31 37 36 50 54
28 36 58 60 32
48 42 32 60 35
30 44 58 30 39
38 32 42 28 28
36 37 32 41 30
38 51 29 41 41
43 48 43 30 38
46 41 35 54 34
35 27 34 47 26
55 62 44 29 55
62 29 53 49 49
58 59 33 42 38
46 60 44 39 46
49 34 53 58 42
34 52 41 57 26
38 38 46 48 52
62 60 40 47 37
51 60 41 43 45
43 41 50 54 48
43 35 39 48 36
42 47 38 50 38
29 38 37 39 39
46 54 54 56 41
50 33 35 43 54
45 50 50 52 30
62 29 37 45 49
36 50 47 29 38
55 42 52 56 43
57 57 41 45 38
34 43 49 38 32
34 38 32 34 46
42 62 27 48 41
44 33 60 34 39
27 59 55 42 43
41 42 42 45 35
52 36 57 35 31
36 42 44 55 50
57 46 58 50 43
55 57 54 60 56
45 49 54 50 34
32 44 36 51 38
33 41 27 41 46
49 43 45 52 44
28 60 59 52 53
43 31 51 35 36
39 55 56 56 28
33 39 30 30 35
36 45 49 46 29
32 55 38 58 43
32 53 57 60 38
45 36 47 58 50
38 52 40 41 31
50 28 61 31 62
36 36 34 62 57
43 44 52 46 27
60 45 44 61 55
56 50 50 32 46
56 27 48 45 31
29 57 34 43 31
31 62 47 53 32
50 31 30 45 45
56 57 30 57 45
55 27 40 34 58
44 29 33 40 33
29 56 56 46 63
53 33 42 35 58
46 47 57 58 42
37 40 55 30 44
41 46 58 33 36
55 45 48 59 50
43 43 26 51 41
41 42 51 44 43
39 35 29 53 58
43 44 54 59 37
56 50 48 41 29
36 55 29 60 29
49 34 53 40 36
58 41 36 50 26
34 54 52 40 49
30 43 53 34 61
45 47 29 30 31
43 36 41 31 41
35 34 27 36 54
51 45 36 46 40
54 45 47 25 40
41 31 30 45 56
39 58 31 46 58
35 31 42 30 39
25 38 40 49 34
42 44 58 31 48
44 27 36 44 38
41 59 48 49 45
57 51 54 54 53
43 33 38 38 42
40 49 54 60 60
56 38 42 26 42
42 60 55 37 44
40 34 42 59 36
34 37 31 55 56
49 51 43 37 47
41 41 41 41 46
37 50 33 52 61
45 63 38 54 45
49 45 58 27 60
33 27 38 53 39
52 51 51 38 62
38 56 43 31 49
52 61 58 51 34
50 48 30 45 28
41 42 27 50 59
53 49 33 61 36
36 26 41 49 40
52 53 32 32 62
31 52 43 51 30
32 32 40 40 44
57 62 58 51 32
46 56 59 53 63
39 58 36 53 43
33 33 44 44 30
34 50 36 35 43
55 33 49 50 45
25 32 47 26 42
37 43 44 42 52
42 48 31 53 46
49 38 54 39 58
35 27 34 26 42
43 53 48 33 44
41 54 36 27 50
48 46 59 47 39
33 42 59 41 43
36 40 38 51 34
47 63 35 50 44
53 52 39 44 39
39 31 37 44 41
48 35 45 42 26
58 53 53 56 52
35 43 29 26 49
43 51 35 45 44
36 30 49 49 35
42 46 34 51 37
56 51 42 60 39
32 34 37 44 46
56 63 36 47 51
38 53 37 51 63
54 44 59 38 55
32 49 27 30 44
63 50 31 62 43
27 42 49 57 50
38 63 32 52 41
49 51 52 34 43
34 52 49 32 44
33 47 49 34 30
57 47 36 42 45
52 37 41 45 39
36 58 52 31 39
51 52 34 40 63
61 46 49 42 48
48 45 43 33 38
44 39 28 54 33
54 57 29 52 50
53 45 42 57 34
50 37 25 43 57
59 40 34 41 54
48 29 44 35 56
44 45 49 27 47
33 39 30 38 50
63 31 43 38 34
28 45 34 31 39
39 29 35 45 40
41 43 38 36 60
40 40 40 53 45
37 48 54 56 54
38 36 46 39 27
34 51 49 25 46
39 39 42 31 46
35 32 58 50 30
45 29 29 52 56
31 45 42 49 32
49 60 60 37 57
57 30 57 28 33
50 46 50 46 61
42 39 49 44 48
45 40 54 40 46
38 52 41 33 46
44 55 47 29 42
30 46 48 63 33
45 59 29 46 34
29 34 37 27 41
32 32 58 42 44
42 30 50 56 49
42 63 40 40 50
49 38 43 55 47
35 62 48 50 37
51 61 45 41 36
34 54 61 25 51
44 36 55 38 36
36 34 26 45 51
47 60 51 47 32
51 36 29 44 28
43 28 41 59 47
36 34 27 53 63
48 40 25 30 29
54 59 51 62 30
42 44 43 43 35
44 49 42 43 42
42 55 26 49 45
47 34 40 40 31
42 28 59 46 50
53 51 47 62 45
41 47 35 40 34
62 48 39 40 50
62 55 35 46 35
62 38 40 47 57
44 47 46 36 45
45 37 39 55 40
48 34 26 40 56
40 46 51 38 48
35 37 49 44 61
38 38 32 58 33
25 41 50 60 32
44 50 41 28 47
37 53 25 47 51
51 46 43 33 38
41 58 49 36 38
46 37 37 37 57
32 55 32 36 37
32 37 46 29 38
50 48 32 56 40
41 62 35 45 36
51 46 36 38 41
40 61 38 45 57
31 39 32 47 32
45 31 42 42 54
63 42 38 51 39
42 49 37 43 59
42 56 27 59 62
31 43 34 39 37
48 45 47 44 40
59 35 52 33 49
38 47 34 41 56
33 29 61 50 54
50 46 42 34 54
43 50 48 46 43
52 25 61 52 51
45 37 41 46 27
32 40 30 57 26
36 32 40 44 50
49 54 25 40 50
48 42 40 57 41
45 53 30 52 41
45 47 26 47 32
54 57 40 41 52
44 42 50 37 51
26 41 34 48 40
47 48 52 48 31
57 47 50 61 30
60 42 31 25 63
55 25 46 54 34
45 46 52 49 50
36 58 46 25 55
53 46 54 34 53
53 62 49 30 40
44 39 45 47 58
36 40 42 37 42
33 41 46 30 58
54 36 42 46 25
37 40 53 33 59
47 42 41 31 59
47 53 37 39 36
51 48 40 63 43
50 39 37 29 43
44 47 42 56 31
40 50 35 46 47
34 45 30 57 47
41 54 55 51 54
34 50 49 46 54
38 50 56 48 33
28 55 42 51 48
35 49 58 30 43
53 58 38 63 39
43 39 63 56 38
44 61 32 36 31
27 42 63 39 42
49 34 37 32 39
44 27 55 49 51
41 28 36 48 33
55 48 29 31 45
54 41 41 53 37
48 41 54 63 44
42 35 59 59 38
51 62 37 44 47
62 42 46 50 39
40 42 35 50 45
38 42 40 52 29
40 33 48 34 46
37 35 43 42 32
58 35 35 40 35
37 44 44 45 38
37 57 40 58 37
31 26 60 51 47
42 41 50 35 59
41 36 32 59 39
29 52 60 51 59
31 36 31 39 31
50 52 32 25 35
61 34 61 28 55
26 30 26 25 39
50 33 55 43 29
52 38 53 30 53
30 33 46 40 28
34 46 46 39 47
33 42 34 30 50
35 37 32 43 54
59 61 51 39 57
53 37 35 49 49
40 32 47 56 38
43 36 39 47 39
42 38 61 55 62
42 28 37 31 30
33 51 49 56 54
38 25 56 56 43
42 48 41 40 50
40 35 29 62 56
30 35 51 49 56
40 37 50 46 32
40 29 43 47 32
41 46 45 57 47
62 28 29 60 51
57 40 39 47 27
39 42 48 61 57
37 44 44 58 54
44 33 33 42 28
44 34 45 48 37
32 25 57 30 36
40 34 28 47 58
34 49 57 61 53
41 63 57 41 63
61 40 34 59 55
57 37 34 52 40
40 46 58 40 35
31 46 34 40 39
55 40 36 59 27
63 47 47 36 29
36 34 40 41 31
55 37 33 33 55
47 54 47 50 32
53 49 39 49 63
40 43 43 55 28
33 51 28 38 60
41 48 32 41 30
48 39 50 47 47
62 34 45 42 59
61 35 47 44 29
35 39 56 61 32
33 42 32 57 39
38 30 61 30 35
51 51 60 51 38
51 54 55 28 61
44 48 57 31 54
47 47 35 39 38
59 50 36 32 52
55 44 56 34 58
46 41 39 60 31
41 26 38 47 27
52 45 25 49 27
44 41 38 34 38
48 44 46 46 35
46 59 28 34 38
46 30 33 43 35
36 43 40 36 38
36 47 46 32 27
47 48 29 38 36
51 31 40 39 33
61 43 26 39 50
30 50 46 62 41
30 56 47 25 56
37 33 42 51 35
33 28 45 40 34
47 60 46 55 27
39 43 42 39 57
49 32 49 58 52
43 56 56 30 62
52 53 55 51 31
48 49 53 39 25
49 52 45 35 53
40 55 47 51 41
26 40 53 26 43
48 34 48 33 36
53 51 43 46 37
45 45 30 44 36
41 56 44 55 45
57 57 61 54 54
39 56 37 51 57
59 37 62 36 59
41 43 49 36 35
44 40 47 60 56
60 51 48 40 57
43 33 50 44 45
26 48 59 38 50
38 37 57 53 48
51 47 25 57 37
45 44 53 47 36
47 36 46 26 45
40 57 42 44 63
36 38 28 44 57
36 59 27 46 46
40 41 34 40 49
45 27 37 32 59
40 38 61 55 36
52 45 44 36 53
47 40 40 34 54
36 48 47 38 29
58 43 36 59 26
55 54 42 26 51
45 62 39 55 37
54 36 38 47 41
28 29 47 35 39
32 44 31 58 55
39 39 60 32 29
39 37 56 39 49
50 31 60 53 42
42 40 28 36 55
48 53 59 33 41
33 63 27 43 38
45 54 40 37 58
39 36 63 28 49
54 44 38 42 45
45 51 30 57 36
56 52 33 54 30
31 44 42 26 56
58 39 51 58 34
58 39 58 39 40
48 46 40 54 36
48 42 47 55 56
26 47 50 39 39
54 63 38 26 51
47 25 52 33 47
33 57 37 29 54
36 37 45 60 35
57 39 42 32 49
36 50 49 47 44
35 51 38 50 35
31 34 36 56 60
50 45 26 47 49
50 33 49 49 52
43 38 31 42 44
50 41 27 46 59
48 50 62 44 31
58 27 28 47 38
60 47 52 54 39
32 54 49 43 26
45 41 28 46 55
48 51 40 43 54
40 60 44 62 44
49 55 50 32 28
54 27 48 57 28
38 41 32 62 37
26 29 45 35 40
31 30 63 47 35
63 36 39 37 63
60 45 50 32 37
63 41 61 40 32
34 44 56 35 59
54 45 54 56 46
51 54 56 48 46
45 54 40 54 56
28 50 43 42 43
29 40 56 27 34
49 41 34 43 44
63 41 59 32 47
33 53 38 58 32
40 49 30 46 45
42 46 48 63 39
