14 4 5
493 877 2295
420 1366
1218
759 1379 1917 3228
815 1407 2128 2721
786 1230 2171 2821
773 1295 2083 3107
772 1360 2004 3081
793 1221 1988 2868
727 1189 1829 2789
692 1369 2152 3142
817 1310 2094 2935
764 1198 1960 2743
751 1295 1964 2747
743 1324 1924 2893
806 1176 2129 3230
727 1245 2053 3164
117 147 103 121
165 110 161 135
150 180 134 164
123 105 111 168
100 117 162 116
159 137 122 119
166 185 135 115
193 175 145 137
116 139 140 125
135 140 129 134
109 115 163 128
142 163 193 118
186 165 161 181
150 131 102 101
7 68 52 6
7 2 5 2
5 7 3 6
2 1 14 1
9 2 5 8
3 5 5 6
7 5 5 2
5 5 1 6
2 7 3 8
3 1 2 2
11 3 4 11
5 6 4 6
4 3 14 7
2 4 6 4
8 5 3 9
