14 4 5
383 876 1117
602 983
341
550 1024 1676 2145
643 1068 1623 2361
658 1004 1505 2132
600 1131 1595 2253
598 1140 1600 2334
607 1057 1565 2132
617 1017 1595 2028
639 999 1472 2369
632 989 1437 1994
565 1159 1629 1944
555 1047 1498 2051
590 1165 1682 2337
593 1085 1437 1964
598 1021 1648 1972
184 179 142 166
105 107 158 200
127 132 149 136
132 140 153 167
170 129 189 200
139 126 161 139
122 178 164 164
199 185 125 154
153 160 158 140
191 163 163 142
157 186 107 191
133 145 173 132
183 103 113 113
176 121 186 193
16 130 75 87
4 3 3 8
4 5 7 7
6 13 4 14
15 1 5 6
1 2 5 6
5 1 6 4
1 6 3 2
3 8 4 6
5 2 4 4
3 12 2 4
6 6 9 3
4 5 9 6
7 10 13 6
4 1 2 4
