14 4 5
514 1413 2250
707 1680
926
987 1709 2527 3594
875 1765 2562 3601
896 1629 2903 3694
903 1661 2662 3292
870 1641 2810 3211
964 1679 2406 3202
846 1906 2885 3440
837 1865 2867 3788
936 1617 2786 3678
914 1706 2591 3545
970 1837 2616 3292
866 1906 2483 3589
934 1888 2739 3165
988 1944 2751 3516
177 187 127 143
116 110 107 162
131 121 143 200
101 196 179 133
175 190 150 105
196 139 197 125
132 187 106 184
115 113 198 151
107 183 192 141
186 126 134 153
186 127 167 137
178 138 164 177
143 152 121 142
145 174 111 121
93 48 27 4
3 6 9 5
14 13 4 4
5 9 3 4
8 8 10 3
17 3 4 6
4 5 5 6
4 2 2 9
1 3 5 4
6 5 3 11
8 8 3 7
2 10 2 4
4 12 4 2
9 7 8 2
6 9 8 3
