14 4 5
450 1327 1848
764 1107
448
660 1144 2100 2715
747 1127 1910 2646
655 1015 2107 2797
769 1005 2144 2644
713 988 1925 2794
774 1120 1920 2612
718 1058 1918 2598
672 1084 2100 2978
689 1140 2207 2708
743 1040 2020 2646
771 1095 2203 2458
668 1052 1974 2525
718 969 1987 2909
690 1087 2153 2650
139 114 156 143
117 190 167 186
173 134 172 139
141 161 143 175
163 182 181 127
191 133 117 141
187 105 143 147
108 198 158 156
173 197 164 108
181 174 120 188
186 180 198 122
106 151 153 155
104 124 171 150
150 156 200 115
104 107 129 94
4 1 7 6
8 6 1 3
13 6 5 2
7 13 5 2
2 11 3 5
4 5 1 2
2 3 6 5
10 5 11 1
5 1 10 5
2 4 2 7
5 5 8 4
3 1 9 4
5 7 4 3
6 11 0 8
