14 4 5
450 610 1347
274 807
588
600 1133 1443 2070
561 1188 1655 1983
598 1023 1482 2135
514 1158 1524 2109
542 1005 1670 2373
545 1193 1569 2096
552 1005 1658 2213
621 1039 1625 2011
519 1119 1532 2159
545 983 1443 2184
623 1076 1692 2378
570 1112 1700 2183
523 997 1572 2346
548 1104 1472 2368
199 121 155 161
119 135 137 122
133 194 125 123
153 168 130 156
182 171 102 145
124 162 116 143
161 132 155 147
178 190 107 157
156 195 190 136
169 134 159 157
101 196 106 121
192 103 110 199
184 180 117 112
109 198 187 105
69 128 143 15
3 1 8 4
5 1 8 3
6 2 11 3
3 9 5 7
6 2 4 5
2 4 7 1
3 1 5 3
5 6 3 5
8 8 7 11
1 7 7 1
4 1 4 5
5 3 5 2
6 6 3 5
1 4 0 7
