14 4 5
424 1153 1830
727 1293
724
833 1406 2288 3099
789 1324 2079 2760
738 1290 1925 3064
761 1401 2282 3006
781 1355 2003 3221
710 1444 2282 3245
832 1379 2117 2886
839 1270 1947 3250
728 1372 2178 2874
841 1368 2254 2744
716 1233 2199 3190
795 1387 2027 2894
730 1200 2045 2746
729 1294 1909 3158
193 115 162 159
179 186 157 156
164 166 108 165
117 157 109 147
154 154 162 149
161 200 166 134
183 169 143 141
159 102 121 128
182 119 100 128
104 135 183 126
104 114 155 164
195 154 187 122
161 193 115 122
179 174 106 122
99 93 102 107
4 1 7 9
0 6 4 0
4 1 5 3
5 0 0 6
2 2 6 2
14 7 6 8
6 1 6 3
2 8 8 1
3 6 2 3
1 5 7 3
3 7 4 5
12 6 4 1
1 8 5 3
0 5 2 8
