14 4 5
474 1204 1912
820 1164
498
811 1349 2280 2988
876 1389 2369 3107
907 1462 2083 3036
836 1465 2482 3013
811 1447 2282 3164
855 1391 2500 3068
886 1365 2283 3249
929 1512 2319 3000
972 1274 2398 3369
828 1469 2354 2978
901 1491 2375 2909
882 1487 2293 3162
916 1541 2116 3107
876 1508 2357 2968
100 158 155 187
165 158 158 108
127 126 192 189
113 121 155 116
148 176 116 130
104 168 125 194
102 186 165 163
190 164 119 100
100 182 119 200
196 149 190 144
154 169 178 138
179 118 162 183
169 149 148 146
124 134 143 100
180 102 103 43
6 10 5 4
5 11 5 2
6 4 1 7
4 1 4 6
1 2 2 4
3 4 11 5
5 7 4 5
4 1 3 5
1 2 6 6
5 5 1 8
9 4 4 7
3 8 0 9
6 8 7 4
9 9 2 8
