14 4 5
470 1125 1259
615 932
363
821 1469 2124 2614
774 1463 2087 3082
712 1360 2133 2817
767 1421 2111 2977
713 1449 2016 2966
759 1307 2000 2570
724 1544 1769 2878
790 1322 2047 2771
713 1355 1914 3042
752 1382 2100 2864
758 1530 2044 2794
688 1391 1783 2987
699 1417 1929 2790
698 1325 1861 2553
159 186 154 142
131 147 156 119
177 100 198 188
162 110 123 121
120 102 109 155
185 119 128 166
122 158 154 136
119 185 124 183
143 112 128 180
123 192 119 140
142 127 167 126
149 132 139 113
151 187 158 114
148 172 146 133
220 42 125 7
5 3 2 8
5 6 13 8
12 1 8 13
11 2 11 2
5 5 1 7
2 3 3 0
4 3 7 5
3 5 3 2
7 15 10 4
3 2 3 5
6 2 5 6
2 8 8 5
2 3 3 8
7 1 3 6
