14 4 5
518 843 1757
433 1159
754
804 1453 1978 2836
804 1298 1944 3243
737 1478 2103 2742
839 1249 2219 2777
823 1485 1991 2877
790 1393 2224 3184
872 1300 2000 2733
794 1349 2213 2856
760 1367 2191 2728
892 1319 2111 3272
854 1415 2183 3057
882 1464 2031 2720
735 1369 2189 3057
794 1386 1955 3008
157 131 167 178
115 137 159 177
183 199 136 196
130 121 184 100
101 195 183 100
113 190 108 123
121 167 159 125
163 175 145 131
136 192 153 118
177 135 140 158
178 178 126 173
146 128 110 140
101 199 155 190
149 171 107 141
124 220 21 62
7 8 7 5
8 6 9 6
7 7 12 1
5 9 2 2
4 8 3 5
2 2 5 9
2 4 7 5
4 3 4 4
5 4 0 7
5 7 4 4
1 8 1 1
5 4 3 5
7 9 4 1
12 6 1 8
