14 4 5
447 994 1383
396 947
546
651 1184 1724 2337
572 1218 1600 2155
555 1139 1560 2166
564 1130 1611 2514
547 1064 1694 2482
620 1084 1502 2286
560 1098 1483 2151
588 1159 1614 2178
599 1109 1462 2121
624 1088 1665 2351
611 1199 1755 2376
592 1149 1696 2349
572 1041 1651 2284
659 1178 1537 2495
195 117 151 177
165 118 137 152
192 172 192 122
148 127 109 131
130 100 165 200
112 151 180 135
183 151 105 130
109 139 101 198
133 133 110 133
128 120 114 177
182 108 183 135
171 158 186 131
126 144 127 161
101 110 140 148
14 161 70 78
6 1 6 2
7 4 2 0
5 8 1 6
4 5 11 1
10 8 6 5
6 5 2 1
6 10 7 10
5 9 1 9
2 9 6 6
3 14 3 9
0 10 4 5
10 6 6 8
5 5 8 2
14 4 3 1
