14 4 5
733 1128 2194
524 1383
825
992 1882 2591 3690
884 1949 2647 3737
1031 1629 2982 3472
885 1708 2744 3210
999 1814 2906 3370
1013 1822 2730 3753
871 1921 2652 3190
973 1737 3058 3691
968 1612 2646 3711
960 1855 2595 3270
942 1717 2873 3539
1005 1920 2857 3411
927 1689 3074 3753
976 1665 2898 3167
197 104 128 197
191 147 109 167
143 141 194 119
163 175 164 165
154 170 164 161
112 141 146 157
126 114 182 135
192 132 101 153
125 164 191 194
191 123 117 117
107 181 135 158
106 184 101 113
167 144 180 110
163 123 162 174
73 138 68 86
4 5 5 8
1 5 10 5
6 3 2 3
0 7 4 4
12 0 8 0
4 11 7 5
5 10 12 4
6 11 3 2
3 6 9 1
6 6 5 4
6 7 2 6
4 3 13 9
5 5 3 8
7 1 7 11
