14 4 5
418 1100 2050
524 1496
1035
833 1376 2112 3244
734 1415 2131 3319
699 1327 2092 2805
720 1300 2306 2923
795 1432 2353 2981
824 1285 2252 3036
761 1332 2213 3303
801 1272 2067 2818
752 1509 1980 3197
736 1293 2144 3292
729 1316 2097 3078
774 1434 2392 2737
804 1496 2236 3259
804 1334 2325 3015
191 183 195 142
183 177 156 108
169 143 115 119
178 113 186 196
181 178 188 101
184 147 170 199
150 178 189 100
167 165 145 157
179 165 128 123
143 110 160 143
128 113 136 136
179 105 102 172
108 166 192 200
108 169 152 183
170 78 63 17
4 5 8 11
1 6 1 5
3 2 6 7
3 4 11 4
3 3 11 4
5 11 7 6
1 2 3 1
7 14 9 7
6 5 4 2
8 1 3 5
5 9 2 4
7 4 0 10
4 4 6 8
5 7 6 10
