14 4 5
573 820 1594
267 995
791
841 1601 1888 2961
863 1647 1968 2911
833 1568 1972 3236
858 1684 2183 3232
762 1716 2226 2734
791 1522 2092 3141
749 1560 2172 3195
863 1717 2177 3070
826 1593 2146 2876
873 1552 1901 3180
874 1646 2070 2753
844 1603 2032 3155
853 1614 2153 2916
736 1741 2160 2681
149 159 141 199
108 133 109 129
173 187 194 133
100 194 103 109
173 114 132 173
176 200 146 151
115 163 130 196
145 120 112 177
164 142 140 193
157 164 171 119
185 197 113 173
145 130 157 106
120 123 200 130
191 175 183 170
150 38 80 84
2 5 0 5
0 4 6 4
7 2 0 5
4 5 2 7
3 4 7 12
0 1 2 3
6 11 6 5
5 5 6 2
1 12 9 7
6 4 5 3
5 6 2 3
7 4 0 10
5 4 5 8
3 7 5 6
