14 4 5
422 821 1516
264 835
590
527 1115 1430 2137
562 950 1453 1970
514 1025 1442 2275
603 1086 1483 2214
522 1073 1670 1984
504 989 1478 2106
550 1025 1684 2168
541 1117 1540 2143
565 1030 1615 2078
522 948 1649 1936
551 1001 1563 2232
585 957 1594 2204
600 927 1437 1913
546 1068 1616 2274
198 140 184 121
179 190 150 101
106 134 191 139
111 117 130 137
110 108 170 197
187 114 172 174
150 162 121 113
194 130 195 131
169 189 151 181
120 161 177 135
186 179 122 173
155 190 146 170
105 154 137 114
107 192 106 116
170 99 66 24
1 1 0 5
7 6 2 2
1 13 3 2
4 1 6 2
4 3 5 1
6 11 1 3
4 8 10 4
9 6 3 2
9 2 4 3
3 2 4 5
2 0 9 1
6 3 3 4
5 14 1 7
6 8 9 7
