14 5 15
527 1079 1752 2433
427 1247 1821
767 1277
666
849 1583 2167 3003 3829
930 1647 2100 3094 3917
882 1550 2101 3310 3867
792 1515 2289 3342 4399
841 1455 2429 2982 3908
925 1557 2231 3282 4496
910 1393 2335 3184 4069
799 1404 2511 2909 3774
895 1541 2203 2902 4237
888 1511 2108 3191 4244
873 1600 2392 3090 3816
937 1675 2268 2850 3857
947 1430 2300 2904 3771
805 1637 2300 2932 4450
27 37 26 38 28
37 41 25 38 48
42 32 40 42 42
43 29 31 43 40
30 35 37 27 41
36 27 36 30 48
46 46 36 26 35
37 40 28 50 44
28 32 28 44 32
32 49 42 43 49
45 37 50 29 49
41 40 42 41 48
45 28 27 32 25
44 33 30 44 43
48 40 8 19 12
1 3 7 7 7
4 10 3 2 3
8 5 2 10 3
6 9 10 2 3
8 5 5 2 2
11 9 4 2 6
4 4 11 8 2
2 7 11 5 6
3 6 8 14 4
6 2 3 9 12
6 12 7 2 4
5 2 1 2 10
5 7 8 4 5
3 7 5 1 6
