14 5 15
321 1079 1336 1713
833 1017 1685
357 768
411
663 1052 1958 2335 2838
644 1002 1802 2471 3008
595 1185 2028 2622 2970
602 1013 1914 2376 3181
612 1096 1715 2419 3253
693 1044 1848 2448 2718
661 1157 1810 2537 2858
610 1106 1688 2553 2889
621 1078 1717 2559 3111
666 1078 1902 2229 3267
653 987 1897 2246 3145
648 999 1767 2300 2815
613 1036 1984 2534 2982
593 1117 1875 2440 2910
37 33 35 37 28
49 25 39 44 38
32 39 43 49 34
37 25 29 34 44
43 25 41 32 50
41 30 25 47 35
34 47 40 40 39
42 26 44 25 32
43 42 26 31 46
40 43 46 25 49
29 42 36 46 42
42 38 42 33 37
37 43 46 35 45
39 33 33 48 42
39 28 41 6 14
7 7 5 5 4
8 4 5 9 6
1 3 6 4 4
5 5 3 4 7
4 4 3 7 5
10 5 7 3 5
4 5 4 6 10
4 8 9 6 9
4 5 4 9 5
5 9 15 4 6
4 1 5 5 6
3 9 3 5 1
5 10 5 3 6
3 7 5 3 2
