14 5 15
637 1516 1985 3104
840 1178 2162
436 1521
765
896 1685 2725 3303 4363
857 1410 2331 3534 4297
999 1508 2334 3779 4392
872 1685 2617 3906 3987
923 1566 2709 3441 4623
984 1447 2547 3526 4614
952 1442 2644 3456 4378
941 1562 2333 3386 4254
855 1649 2596 3843 4063
879 1437 2437 3496 4146
946 1538 2573 3855 4010
819 1671 2700 3314 3894
868 1547 2826 3716 4643
912 1536 2763 3434 3993
50 45 32 46 46
35 37 32 50 43
43 39 40 35 28
45 48 34 45 40
46 25 38 49 30
44 42 38 42 30
32 45 37 48 33
38 41 41 34 37
48 25 42 40 44
39 48 38 32 41
45 49 48 26 40
41 35 30 44 42
35 34 37 49 43
32 26 44 37 31
56 34 2 26 19
3 8 4 7 10
2 7 2 5 6
2 7 2 7 3
12 7 5 9 6
5 4 7 4 2
8 7 5 4 2
5 5 2 2 10
8 5 5 4 9
6 4 10 7 5
8 7 12 3 7
5 2 10 12 7
3 1 1 3 8
7 2 3 5 3
3 6 6 4 4
