14 5 15
544 1129 2104 2371
818 1656 1839
812 1102
360
824 1413 2387 3244 3689
782 1347 2484 3188 3926
874 1361 2369 3600 3928
776 1172 2620 3258 3581
790 1308 2343 3445 3995
884 1360 2664 3379 3978
829 1409 2390 3350 4034
798 1173 2659 3591 3892
827 1300 2344 3380 3619
777 1211 2399 3019 3533
916 1244 2534 3299 3668
768 1263 2449 3346 4142
886 1259 2459 3502 3457
912 1411 2489 3507 3973
42 40 30 33 43
31 36 46 31 29
49 46 41 41 36
38 37 46 46 46
44 29 49 37 28
48 48 43 43 27
49 50 37 43 49
25 35 42 46 31
35 28 30 39 46
45 26 30 41 28
50 50 43 29 31
27 45 34 29 32
49 49 43 37 45
45 38 32 48 28
73 3 6 36 8
5 5 4 4 2
3 8 8 4 1
1 9 6 2 3
14 5 6 5 6
6 3 2 5 6
4 4 5 4 6
6 4 7 2 5
7 8 7 11 3
13 4 5 5 2
8 6 4 10 12
3 6 6 4 8
11 4 2 5 3
4 6 4 2 4
10 3 6 3 8
