14 5 15
815 1199 1775 3347
526 1214 2886
557 2291
1497
953 1864 2490 3160 5089
959 2009 2290 3526 4275
969 1866 2237 3272 4988
986 1929 2374 3222 4321
1035 1909 2553 3274 4432
938 1790 2499 3319 4767
935 1733 2533 3349 4961
1043 1928 2558 3598 4789
1042 1941 2400 3356 4307
1029 1997 2431 3576 4453
931 1732 2505 3488 4277
994 1905 2546 3728 4993
951 1980 2396 3532 4826
874 1990 2545 3101 4794
25 28 40 35 26
41 48 30 33 46
37 27 44 39 45
41 39 30 43 36
33 44 25 41 50
29 41 41 38 36
39 46 43 28 45
28 45 35 42 50
42 46 29 43 28
32 50 28 31 35
28 34 34 38 33
50 43 26 40 34
45 29 26 36 38
41 45 26 50 25
1 90 0 10 0
6 2 6 6 4
7 4 2 3 6
3 7 6 14 5
11 2 5 7 3
4 7 9 4 5
4 8 4 3 4
4 3 7 3 7
3 8 4 5 3
7 10 5 0 6
5 6 7 3 8
5 5 6 4 9
3 12 3 2 9
8 3 4 4 4
3 1 1 5 6
