14 5 15
420 787 1510 2228
436 812 1527
525 1260
585
631 1153 1621 2282 3008
691 1186 1746 2459 3080
618 1215 1787 2586 2871
688 1250 1603 2449 2966
640 1252 1595 2724 3322
609 1147 1533 2704 3108
615 1298 1656 2686 3370
582 1154 1559 2365 2852
668 1305 1501 2521 3073
661 1179 1604 2659 2847
616 1321 1597 2494 2943
636 1238 1763 2298 3152
584 1165 1715 2480 3430
652 1149 1545 2270 2955
34 38 45 41 43
27 49 29 43 28
38 33 46 40 31
32 41 45 37 37
50 40 39 49 25
27 50 36 38 47
38 29 30 30 27
37 41 50 28 39
33 30 33 32 48
41 29 42 38 38
44 45 38 36 49
46 25 41 36 45
33 33 46 45 46
45 30 46 46 49
18 19 12 37 16
2 7 6 1 4
9 9 4 6 2
10 6 5 4 5
11 5 6 2 7
4 6 5 6 3
5 4 3 4 6
2 2 5 6 4
2 5 9 7 2
3 9 2 10 5
7 2 3 8 3
5 5 3 3 4
6 6 6 4 5
5 7 5 2 5
4 3 1 7 5
