14 5 15
426 1138 1888 2307
557 1070 1914
647 1419
686
714 1304 2024 2796 3608
654 1518 1865 2605 3733
657 1472 1902 2569 3540
697 1515 1874 3039 3499
676 1507 1872 2744 3282
729 1403 1879 2492 3252
774 1399 2026 2750 3487
752 1295 2047 2525 3377
652 1520 1854 2839 3438
652 1478 1814 2633 3432
717 1387 2010 2627 3578
759 1282 1766 3019 3765
772 1454 2015 2968 3242
678 1275 1728 2886 3478
36 29 30 43 29
34 50 45 40 31
43 36 33 27 39
29 44 47 40 39
35 37 36 28 41
25 25 26 49 41
31 48 31 43 42
30 47 30 45 36
43 32 27 27 26
46 33 29 48 32
42 44 25 30 44
42 25 30 47 27
38 39 26 36 50
45 26 48 31 39
24 23 40 32 6
5 6 10 7 6
5 5 7 3 7
4 5 6 7 4
2 1 2 2 4
4 3 2 8 7
5 5 6 9 4
0 5 2 5 1
6 6 6 3 6
5 4 1 4 4
1 2 2 7 5
10 4 2 8 4
11 2 7 7 3
4 3 7 6 0
4 5 4 10 5
