14 5 15
631 1075 2248 3359
522 1173 2857
887 1935
1059
998 1824 2464 3486 4972
1029 1583 2789 3778 4364
951 1769 2827 3733 4883
970 1613 2434 3764 4280
913 1628 2510 3715 4927
946 1616 2377 3426 4122
1013 1753 2569 3691 4740
1039 1554 2574 3384 4451
927 1630 2413 3949 4463
907 1528 2640 4045 4122
982 1547 2684 3581 4204
924 1734 2438 3852 4615
1010 1795 2865 3501 4352
887 1779 2738 3996 4214
48 37 34 28 42
42 29 35 50 45
42 33 36 45 42
50 34 30 39 25
42 25 34 25 34
30 32 36 29 28
28 29 46 47 48
39 37 38 27 27
44 48 28 40 47
34 40 50 26 34
43 35 32 33 32
27 39 44 34 41
34 32 44 45 30
37 40 37 34 38
35 52 26 9 2
5 3 9 7 9
1 2 2 7 4
2 9 5 4 5
6 7 7 7 9
8 2 6 8 1
2 5 8 6 6
2 2 6 1 14
4 2 4 2 4
4 9 6 8 6
3 6 4 8 2
2 2 8 5 2
7 1 9 3 3
4 6 1 6 0
7 9 8 6 8
