14 5 15
310 768 1160 1656
501 865 1124
168 692
431
513 850 1545 1771 2354
517 919 1418 2054 2334
594 805 1425 1758 2642
595 827 1376 2004 2697
599 952 1418 1861 2526
509 858 1340 2032 2332
593 946 1394 1804 2622
511 913 1397 1823 2418
502 831 1411 1767 2304
502 867 1420 1751 2477
565 837 1393 1776 2283
591 809 1333 1901 2652
537 857 1375 2029 2589
591 916 1510 2114 2364
44 40 30 37 46
42 50 35 47 31
45 41 36 28 31
47 35 42 35 27
45 41 33 30 25
39 28 28 46 41
47 31 27 49 26
45 42 30 38 35
44 38 47 25 43
41 25 48 49 49
50 50 37 41 38
39 49 25 42 29
34 44 25 44 44
28 25 41 34 40
52 33 17 8 10
5 1 5 8 6
10 4 6 4 4
2 2 12 8 5
2 4 5 6 9
7 3 3 10 4
4 3 2 4 2
4 3 9 4 3
11 4 6 6 6
12 4 8 3 4
0 8 7 6 8
8 6 3 1 5
2 6 2 3 2
5 4 6 4 4
5 3 7 2 4
