14 5 15
442 792 1281 1822
251 989 1384
715 1174
521
699 1193 1549 2454 3073
654 1183 1593 2558 3086
598 1134 1768 2349 3239
697 1079 1667 2482 3123
690 1137 1663 2196 3317
631 1169 1582 2187 3321
709 1199 1518 2535 3028
710 1112 1564 2267 3167
626 1057 1553 2279 3309
632 1201 1553 2564 3213
661 1123 1596 2241 2980
690 1047 1617 2330 3328
667 1238 1602 2169 2886
694 1144 1728 2352 3272
32 39 39 41 40
34 25 50 48 32
37 39 45 35 39
46 29 47 34 40
49 48 39 25 43
34 27 33 38 34
42 26 50 35 33
45 40 48 45 32
38 35 25 50 29
35 42 50 27 32
50 25 48 47 25
48 50 36 48 39
29 42 43 27 42
44 44 28 29 29
23 3 53 7 1
6 5 9 7 5
6 4 8 6 3
9 2 11 5 3
6 8 3 4 2
9 9 2 8 3
2 4 5 7 7
5 7 2 5 10
3 6 4 7 10
4 4 3 5 4
4 4 4 6 7
2 4 2 4 4
2 2 3 4 3
6 8 6 7 8
1 4 7 6 7
