14 5 15
477 1057 1971 2135
361 1111 1352
734 1075
152
653 1332 1769 2772 2949
657 1313 1894 2422 3266
611 1117 1848 2294 3355
654 1248 1966 2581 2994
628 1266 1908 2796 2997
656 1242 1708 2532 2932
623 1107 2028 2511 2991
678 1229 1975 2390 3256
685 1151 1770 2483 3062
623 1238 1910 2329 3194
620 1132 1958 2558 3299
618 1244 1713 2750 3267
618 1268 1710 2539 3077
664 1230 1843 2688 3362
41 49 31 38 27
44 27 47 41 45
49 34 42 42 47
35 46 33 47 35
26 41 36 31 29
40 39 47 36 36
33 29 42 45 29
46 45 32 32 27
32 42 27 28 50
26 49 35 37 32
35 28 30 48 36
45 43 48 42 47
31 35 46 35 32
43 28 42 42 27
1 18 50 0 19
13 6 10 2 7
8 5 3 3 1
7 6 8 2 4
3 7 5 8 4
10 3 5 6 6
3 3 1 5 4
4 4 3 6 2
7 4 4 6 8
5 3 4 6 1
9 1 7 4 5
4 11 7 9 3
6 1 10 9 2
7 4 6 6 2
3 3 6 4 3
