14 5 15
393 1238 1827 2599
838 1621 1818
484 1088
618
829 1322 2426 3041 3752
770 1414 2197 2792 4308
872 1375 2336 3002 3823
852 1415 2397 2964 3673
862 1296 2290 3053 4128
859 1462 2185 3046 4365
783 1359 2090 3152 3828
863 1297 2276 2817 4362
884 1276 2302 2686 4127
739 1480 2253 3118 3864
775 1442 2038 2682 3802
811 1411 2207 2960 4150
733 1396 2096 2901 3636
787 1361 2197 2702 4147
34 43 45 34 44
38 31 31 33 45
38 31 41 30 44
27 33 27 47 38
31 31 31 28 47
37 35 45 41 42
49 50 33 48 45
29 36 45 27 42
44 44 48 31 45
31 37 30 35 36
46 38 29 42 31
31 49 45 44 25
49 50 42 42 28
45 28 30 35 25
32 65 2 23 12
0 0 14 5 11
5 4 4 3 6
4 6 3 3 4
3 8 2 7 7
5 4 5 4 5
2 5 5 13 11
4 3 5 6 9
6 2 6 1 3
0 3 5 1 3
3 3 5 8 6
4 5 3 8 4
3 3 6 3 7
5 3 5 3 6
4 6 2 6 11
