2 5 10 1000
383 1353 1781 2748
708 1455 2762
521 1931
1107
894 1438 2431 3149 4481
840 1669 2440 3591 3835
136 196 114 121 121
193 191 179 158 144
76 125 163 65 113
32 35 29 21 34
37 43 28 32 43
26 13 26 38 46
35 16 14 39 40
18 14 36 30 36
29 18 22 33 21
14 34 16 17 20
23 37 44 34 35
31 36 40 25 31
43 19 42 17 44
30 25 31 35 15
23 27 25 39 27
15 24 26 23 21
34 24 24 20 34
23 28 19 33 41
41 32 15 21 33
16 26 46 31 23
19 29 24 25 16
27 32 19 27 28
27 18 24 23 27
41 33 22 27 22
32 44 18 27 36
28 30 25 27 18
13 21 22 46 27
45 35 25 18 18
17 42 31 38 43
33 21 24 28 17
39 21 40 17 19
41 42 36 38 28
28 35 26 26 29
15 21 22 30 25
24 32 24 38 33
32 24 39 32 19
24 22 36 36 40
23 43 27 18 39
41 16 31 18 39
21 34 16 25 45
24 27 25 23 33
30 29 17 37 31
22 25 46 31 22
21 37 32 17 26
18 45 40 17 34
32 41 27 30 29
33 31 16 19 31
36 40 39 46 39
35 26 25 34 37
17 36 36 39 13
20 14 22 26 13
25 24 19 46 24
23 33 41 34 36
30 39 21 28 23
43 16 44 36 26
27 19 17 23 30
19 30 30 22 41
16 27 20 37 25
31 19 46 44 22
24 21 33 42 40
28 45 25 17 40
43 17 22 19 28
21 21 23 36 27
24 36 27 20 27
21 26 29 37 14
21 45 40 18 33
18 20 23 24 23
35 30 36 38 28
38 35 19 23 15
34 18 29 38 35
17 24 19 18 42
13 27 37 25 42
37 30 21 19 21
38 32 24 31 30
14 27 36 22 27
23 21 18 43 17
26 36 32 25 19
29 17 45 27 23
27 18 31 45 27
32 42 38 18 33
31 39 34 24 28
38 26 31 29 28
31 41 28 18 27
44 37 20 24 39
20 18 39 43 25
22 30 18 23 13
38 26 37 17 21
35 25 31 24 25
29 40 23 31 39
13 21 25 27 34
42 45 26 36 23
35 16 24 22 43
13 19 20 45 28
31 14 27 14 26
14 38 21 40 24
41 15 30 22 33
37 28 18 25 30
37 34 16 19 25
28 25 34 38 22
29 27 40 28 15
18 41 32 23 39
23 38 37 39 17
28 30 42 28 26
36 46 23 41 35
25 26 27 18 27
24 33 21 25 23
29 27 21 31 29
14 27 13 23 22
42 38 27 27 36
26 28 34 42 37
30 39 24 28 18
38 32 30 40 28
24 26 21 25 31
22 33 16 30 30
37 34 32 39 30
21 20 18 30 17
19 30 25 31 33
35 40 38 32 40
24 30 25 37 34
23 41 31 32 17
20 28 24 23 38
18 44 29 31 45
18 38 41 30 33
13 21 27 24 37
19 31 25 29 33
29 38 43 32 24
35 35 29 45 25
27 31 24 31 36
37 25 13 28 25
17 24 20 26 32
43 30 30 41 27
31 29 27 20 38
40 39 15 25 36
34 38 39 28 18
38 37 22 16 24
20 38 23 39 36
42 40 35 26 38
25 46 28 35 31
29 23 14 19 35
17 32 36 34 39
18 24 24 29 31
27 24 28 41 38
39 29 36 40 36
32 32 23 20 24
26 37 18 27 20
39 31 17 33 18
28 27 19 17 36
33 35 44 24 31
26 26 23 23 46
21 20 32 33 22
25 36 29 44 22
30 38 13 27 19
38 33 32 20 41
40 36 25 27 30
31 36 38 23 31
33 40 30 23 22
16 28 27 33 14
24 33 18 15 35
30 31 16 29 21
29 21 32 30 32
17 17 22 32 19
26 25 25 21 22
22 19 46 25 29
34 24 21 44 13
21 18 45 29 16
23 24 17 39 38
16 27 27 30 31
28 21 41 27 38
43 30 20 28 23
41 21 30 37 36
32 26 37 34 19
37 23 21 32 35
23 24 25 26 42
29 30 34 27 18
36 21 27 23 28
15 41 26 35 33
24 16 32 45 32
24 25 45 23 33
36 31 27 33 34
17 24 29 22 16
42 26 25 24 27
42 34 41 33 43
40 24 44 26 36
21 33 46 24 17
16 25 32 40 39
29 38 25 39 22
33 24 13 28 30
13 31 35 35 18
13 38 18 21 31
35 16 37 31 34
23 27 34 30 28
16 24 26 26 35
33 29 30 19 22
33 32 33 36 17
30 41 33 23 42
46 21 13 42 38
21 39 41 30 34
41 19 26 23 37
29 41 37 34 33
21 34 20 37 16
18 26 16 20 22
32 24 26 37 22
21 21 28 28 16
16 24 35 25 16
27 28 38 23 34
34 33 19 36 18
36 41 36 27 22
23 35 27 19 39
44 24 27 17 39
46 28 20 23 27
27 29 25 29 18
16 35 28 25 24
45 39 26 39 28
23 35 29 22 33
41 42 41 20 45
27 23 19 35 25
38 29 28 26 19
45 32 23 39 31
32 37 34 27 17
38 34 28 43 25
28 40 27 43 28
29 22 26 24 26
16 23 43 17 37
22 39 33 39 24
20 30 35 26 38
26 34 33 36 33
15 23 43 42 34
20 22 42 42 28
32 26 23 19 24
29 36 36 24 39
20 28 28 33 33
31 17 27 17 25
20 46 40 18 41
34 21 23 45 38
27 13 27 34 18
35 30 29 30 25
14 31 40 26 43
33 37 30 24 31
30 25 40 20 18
20 18 34 34 36
29 29 34 44 35
19 18 17 41 17
38 21 35 30 31
23 27 30 36 40
26 23 29 40 18
25 28 38 22 32
25 37 37 22 39
33 35 24 20 31
34 29 34 15 21
30 31 28 26 24
14 38 22 28 28
27 23 29 25 26
14 35 27 36 19
16 28 29 25 38
25 29 32 35 29
44 39 37 28 15
27 30 38 27 38
26 16 17 20 14
27 28 43 37 21
28 22 33 23 27
26 31 21 21 45
22 22 15 26 24
33 33 15 38 33
41 23 16 37 25
24 41 35 25 24
22 15 13 30 25
40 33 35 25 43
40 22 42 38 29
17 14 25 31 18
33 13 42 22 29
46 14 29 27 31
40 39 30 34 34
34 29 36 22 36
25 35 23 20 23
25 40 13 42 30
23 20 40 36 23
24 33 25 24 15
37 28 17 17 26
25 24 24 31 24
28 31 30 39 28
23 31 25 45 23
25 40 34 18 17
19 38 29 36 42
35 41 29 27 34
32 32 27 28 19
22 25 19 13 44
29 36 13 40 38
16 18 23 35 24
40 22 28 22 43
24 21 22 24 37
31 22 17 23 45
23 21 38 32 27
17 24 26 29 38
23 40 46 24 37
27 28 25 29 24
19 31 26 37 22
36 25 27 24 34
40 38 19 40 23
25 34 19 17 30
30 38 22 19 26
31 45 44 16 40
46 42 36 23 42
34 21 32 18 34
31 15 36 31 23
39 29 26 36 36
20 27 18 38 40
22 31 37 24 28
21 16 19 35 18
15 27 35 21 19
32 34 30 25 38
21 40 21 28 26
24 34 39 43 44
32 25 41 24 20
45 34 43 37 24
31 27 30 32 19
41 26 45 19 34
31 42 14 25 42
35 43 22 35 21
25 26 46 27 23
40 23 46 44 24
17 18 24 39 18
32 25 25 26 31
45 33 26 43 31
15 28 42 46 38
29 26 34 27 35
40 27 29 27 27
30 35 37 14 30
25 18 38 20 29
39 34 14 19 21
30 28 20 31 21
28 33 33 27 23
24 23 21 30 23
28 44 21 16 25
17 22 33 19 23
30 22 24 31 31
45 25 33 23 23
28 41 14 29 36
37 21 35 30 30
24 18 20 34 30
20 34 38 36 32
35 18 33 30 27
25 36 31 32 30
44 18 21 22 24
31 29 29 27 34
28 30 40 22 25
17 42 25 30 21
25 44 37 33 44
24 35 28 33 19
24 41 21 23 40
23 33 41 39 40
31 25 33 21 30
18 28 14 22 28
41 35 21 40 45
24 22 20 43 13
27 42 35 23 28
20 26 31 23 31
16 28 44 30 26
31 17 37 42 27
19 40 39 28 44
18 14 30 25 26
39 13 24 31 43
34 22 32 20 19
38 20 27 21 28
32 44 34 17 33
26 13 17 34 46
32 27 18 29 33
38 38 36 23 21
26 19 35 31 18
44 15 15 19 19
17 26 30 40 33
18 21 20 27 25
38 26 26 28 41
18 34 35 37 37
44 18 26 36 35
37 36 31 38 18
27 26 30 23 15
16 19 40 39 29
24 41 23 34 34
30 20 41 26 39
31 46 31 30 23
28 21 25 32 40
31 27 22 40 31
44 24 24 18 29
42 24 32 17 26
35 34 28 18 22
37 32 30 20 26
24 34 29 26 24
37 32 36 18 36
23 30 38 31 33
19 20 25 29 39
39 19 17 32 29
35 26 30 28 25
30 32 36 40 28
40 29 42 19 22
27 39 38 24 22
31 24 19 33 23
22 19 26 30 18
38 20 15 32 20
34 31 25 28 26
27 25 24 33 20
19 33 39 16 23
36 36 29 24 34
19 46 25 21 33
25 33 21 29 37
30 34 33 25 35
31 25 27 33 41
30 16 27 21 19
44 30 28 26 38
32 33 23 26 27
19 41 38 13 43
20 39 34 45 27
27 20 32 42 33
36 15 34 22 31
30 26 33 28 17
23 21 20 35 36
34 26 18 38 21
28 22 16 35 26
28 21 22 31 26
36 38 23 25 23
27 25 34 27 30
45 25 20 23 38
30 18 21 27 25
30 24 17 18 14
28 44 25 17 24
22 22 23 27 30
43 21 17 30 46
33 28 27 28 22
14 33 20 25 28
20 13 40 37 42
36 31 24 16 36
20 29 20 43 16
34 23 40 41 31
29 24 19 32 19
44 45 29 29 39
44 15 24 35 23
34 37 23 26 30
15 21 32 14 14
27 25 24 36 34
27 29 46 21 33
31 30 41 37 28
32 41 20 41 26
38 21 27 21 25
22 23 23 16 29
43 20 18 29 28
35 30 16 25 15
20 28 17 45 17
45 26 26 20 25
36 23 24 36 37
21 32 32 34 21
43 19 13 38 45
33 21 22 28 29
32 32 15 20 40
35 25 42 13 22
21 30 29 30 44
42 31 22 23 37
32 23 25 34 40
29 26 14 22 21
37 13 32 16 26
18 34 15 23 21
37 30 23 15 16
33 20 35 30 34
26 29 24 29 38
14 42 18 22 30
40 31 28 25 36
41 20 41 32 25
22 33 25 39 24
46 41 21 38 24
25 45 26 24 25
38 41 31 24 25
40 34 40 30 17
40 28 14 16 32
22 16 32 36 33
26 29 24 35 14
26 39 24 20 24
36 28 21 45 15
17 44 34 31 37
38 32 28 37 23
29 17 43 29 30
38 25 21 19 21
20 26 26 42 23
32 29 14 21 22
37 31 33 27 32
25 37 24 22 16
26 46 44 42 20
18 22 37 36 44
26 24 44 23 13
33 43 22 33 40
29 32 41 27 40
17 21 16 14 17
32 19 38 26 29
19 22 30 27 37
27 22 41 25 15
43 40 15 26 23
23 16 41 25 32
37 23 21 23 37
24 25 24 38 32
31 22 26 41 35
29 25 37 25 16
41 41 31 39 43
22 45 33 25 25
25 35 29 46 30
22 40 18 13 19
17 25 16 25 27
32 21 34 21 31
19 34 39 40 26
34 46 16 31 31
32 35 20 18 35
30 42 38 18 25
38 31 39 37 27
25 20 18 27 31
31 33 17 42 27
35 29 31 18 36
33 35 19 32 16
27 23 34 17 21
41 20 39 13 17
19 31 33 39 22
31 22 23 39 27
31 32 31 26 40
38 30 35 22 24
31 26 23 14 30
13 33 18 38 31
24 21 42 20 29
19 18 36 25 43
32 28 29 40 22
37 26 38 35 30
26 18 15 17 17
37 18 23 21 30
15 30 34 41 42
13 23 16 46 19
23 24 23 25 37
19 36 17 30 39
18 36 36 19 39
17 27 36 20 40
23 44 14 33 21
21 33 16 26 42
23 43 29 29 31
41 40 18 29 31
25 28 32 45 18
23 13 26 13 18
41 27 23 23 15
37 21 22 30 29
35 35 37 33 34
25 38 33 18 27
24 17 41 40 45
19 17 37 23 37
27 34 25 30 27
25 28 36 38 38
27 23 33 22 25
23 33 34 35 35
26 21 45 27 26
28 27 38 19 32
36 27 14 21 34
25 29 31 34 18
28 18 23 28 25
16 32 33 39 22
24 33 37 15 30
46 40 36 37 35
44 35 29 18 15
20 16 34 35 44
20 26 14 19 23
26 27 28 18 23
33 25 42 19 30
20 22 31 38 32
20 19 24 33 19
20 30 17 23 27
32 32 30 28 24
28 21 24 19 21
18 29 27 29 24
32 30 41 23 24
28 33 33 26 21
44 27 20 41 23
16 14 20 29 44
34 34 19 33 14
26 37 33 40 20
43 37 15 27 26
28 25 28 23 29
14 19 23 18 29
19 30 28 44 14
25 33 29 33 44
38 13 32 16 28
32 23 32 24 33
28 21 33 27 13
28 34 32 23 33
22 36 21 26 23
13 31 21 41 39
37 32 26 42 19
31 46 21 40 25
30 27 16 33 15
18 46 17 20 20
44 22 27 18 34
36 37 25 20 29
43 35 28 29 29
16 20 31 44 28
36 21 30 37 23
17 21 40 28 30
34 31 30 43 21
28 25 23 38 23
20 18 22 18 26
17 34 33 21 27
26 13 34 24 31
14 13 38 29 30
29 32 37 41 26
25 23 27 27 22
23 27 21 16 41
35 17 33 31 23
44 20 35 30 14
32 27 23 21 21
19 27 20 35 34
37 30 19 36 23
28 16 30 44 23
42 24 21 17 39
44 26 40 38 41
31 31 31 26 31
32 30 24 26 45
40 31 41 25 39
30 18 32 31 33
36 26 42 22 26
18 41 41 27 33
45 38 26 33 24
41 23 32 28 18
29 35 34 24 13
27 38 43 46 18
43 23 32 17 31
17 27 39 43 27
31 19 36 28 34
29 33 27 15 22
29 28 33 42 24
19 44 18 41 30
13 45 28 35 27
22 39 15 24 29
26 32 31 38 21
20 33 37 45 39
24 18 23 37 33
23 30 27 24 25
39 23 31 39 36
39 18 14 43 25
46 33 25 33 32
41 28 24 42 27
38 40 27 35 18
25 37 43 24 44
31 41 43 28 24
33 39 35 30 31
31 30 45 37 31
37 38 33 37 24
41 22 21 25 23
28 22 18 19 23
26 40 23 32 15
23 34 29 20 20
15 40 24 27 19
39 18 40 27 23
37 14 28 33 33
33 22 31 22 27
32 24 34 13 43
36 36 32 30 33
25 37 29 27 45
34 41 19 14 19
19 17 40 32 41
24 32 35 25 41
41 24 18 17 38
43 31 25 46 46
20 44 25 20 14
13 23 21 29 34
19 26 39 35 32
40 19 37 26 21
28 24 25 37 23
36 20 36 22 34
30 34 29 42 34
26 23 21 42 29
33 19 29 40 24
16 28 35 15 32
28 33 27 27 42
15 19 23 34 36
25 45 28 32 32
32 33 36 20 24
44 28 25 31 21
21 25 14 13 36
23 17 45 26 24
36 26 25 32 31
24 28 20 36 20
31 34 31 38 26
29 21 15 25 15
42 43 41 34 25
21 19 16 27 40
39 29 28 36 28
18 16 21 15 43
30 21 44 31 21
40 35 19 27 26
21 42 26 33 37
22 15 28 29 38
20 24 39 24 29
24 46 18 26 25
46 37 22 42 15
21 36 37 36 27
13 41 44 46 29
34 20 44 17 38
26 18 46 40 29
17 43 46 15 24
30 35 39 14 23
15 35 29 29 16
38 35 26 22 30
23 20 34 33 39
33 42 30 25 27
16 26 31 33 38
16 36 19 23 26
21 20 43 33 46
27 24 44 19 31
45 29 28 38 22
38 20 27 39 35
22 24 29 14 25
34 26 26 17 35
25 21 32 20 39
30 31 42 23 21
31 19 28 24 29
28 36 18 35 46
35 14 35 26 29
23 36 18 35 27
22 41 19 30 28
37 40 25 42 24
39 40 26 31 24
28 25 32 30 36
30 19 13 23 16
33 35 36 18 44
17 18 33 33 31
20 38 18 17 46
28 17 21 22 35
38 40 25 21 27
28 46 14 18 33
25 35 36 32 35
19 27 38 28 36
34 23 14 13 23
26 38 33 35 20
29 29 36 22 29
35 28 22 29 28
33 17 29 28 22
16 27 38 24 28
39 15 27 25 22
37 22 30 25 31
24 33 21 25 17
13 25 18 13 36
24 29 15 28 29
33 40 44 29 41
40 22 25 27 26
18 36 41 28 17
14 21 45 27 27
19 22 33 25 28
19 20 15 21 21
19 46 13 28 45
37 35 41 36 27
28 17 32 16 23
14 24 27 36 23
37 25 17 26 43
29 16 28 25 44
30 35 21 32 35
17 24 13 22 25
27 25 36 29 46
45 13 18 30 41
13 34 23 43 32
32 28 44 35 20
29 17 32 16 29
36 28 24 23 31
30 25 29 23 45
44 17 21 24 42
20 34 20 16 18
35 41 25 27 19
28 46 22 32 26
19 13 43 32 21
26 36 34 33 28
43 43 39 35 25
41 14 23 21 45
38 34 32 44 26
32 17 30 22 39
23 42 35 35 22
33 40 34 28 35
32 30 29 40 17
33 36 46 34 20
27 26 29 46 14
23 30 43 22 28
45 17 44 23 44
25 44 26 23 23
28 30 25 44 38
34 45 25 31 30
29 37 29 30 24
23 32 36 24 27
31 24 28 33 41
24 20 22 38 34
32 31 26 41 45
15 44 29 40 18
15 19 16 40 37
27 34 38 28 25
23 33 35 19 38
18 28 25 14 14
32 35 24 22 29
17 21 42 16 18
26 42 22 19 40
21 26 27 24 39
19 29 27 20 26
38 31 22 38 25
40 28 39 30 30
31 38 33 31 40
24 23 20 26 18
17 19 23 26 33
20 32 18 45 39
25 25 26 21 31
37 32 28 34 36
31 27 26 19 27
34 35 16 25 24
25 39 30 38 34
15 31 28 26 32
20 20 36 39 40
36 32 26 29 24
20 44 35 24 22
27 39 35 20 35
26 35 23 22 20
39 43 21 30 28
21 16 33 28 31
22 29 40 32 26
38 22 34 25 31
20 23 30 28 34
30 27 18 25 15
43 26 24 14 26
32 46 42 41 34
30 26 44 18 34
22 26 24 20 25
39 32 38 43 21
23 37 34 30 34
26 22 35 25 34
24 31 39 19 22
24 20 32 40 41
25 27 13 19 13
27 23 42 26 24
42 13 22 28 38
45 43 36 14 19
31 22 25 46 27
24 28 27 19 35
32 19 24 28 23
33 31 16 27 28
26 30 28 39 14
29 33 33 31 31
32 37 16 28 30
22 35 30 23 17
34 41 36 34 32
41 38 44 40 20
38 16 29 34 15
37 23 22 32 23
20 41 33 35 22
13 30 29 38 32
16 37 34 35 38
30 18 18 36 25
22 20 30 16 27
14 28 32 32 26
42 31 24 28 31
28 33 40 41 28
23 40 26 13 31
20 30 37 30 22
26 15 25 31 31
24 20 31 26 18
34 31 29 31 46
28 34 25 21 29
30 28 43 25 23
22 21 29 20 29
34 20 28 18 20
28 29 46 25 20
14 21 22 31 23
19 24 15 38 20
21 46 27 40 33
22 42 28 34 37
38 25 21 42 23
41 29 32 19 31
24 29 39 32 15
25 33 21 46 26
45 26 30 40 39
26 33 26 19 18
37 27 28 23 17
44 35 40 26 27
43 39 42 38 27
41 23 26 28 31
31 19 15 24 21
29 21 17 32 17
40 18 21 26 27
22 32 46 24 42
16 14 14 32 21
37 23 30 31 25
27 34 39 30 27
18 36 31 38 20
15 24 41 33 38
15 42 24 21 35
35 30 13 15 32
20 24 29 27 32
25 28 40 28 27
31 38 24 26 31
39 30 27 37 14
43 34 20 26 32
33 26 25 26 29
30 29 14 28 25
31 18 29 30 30
46 22 23 35 16
29 22 22 33 23
19 23 42 21 30
36 18 45 19 42
24 30 22 20 27
16 23 27 27 22
35 22 26 18 35
30 42 17 17 23
20 26 27 28 18
44 27 34 40 15
28 41 28 27 36
27 34 13 20 13
45 25 28 35 37
39 38 21 29 16
27 35 26 35 22
29 25 46 27 30
32 17 31 19 34
43 38 45 19 28
34 29 29 36 14
27 26 17 34 46
34 40 32 21 22
38 35 34 46 16
31 21 24 22 38
17 15 39 22 13
36 23 19 31 21
15 36 43 33 42
45 28 26 40 24
31 23 25 16 22
39 19 46 43 27
23 27 32 36 24
26 15 38 39 23
13 24 28 28 21
27 25 34 19 13
31 24 26 27 19
34 26 35 29 37
18 28 32 33 40
16 33 28 38 42
26 13 43 35 16
27 28 21 33 23
32 41 35 31 27
38 25 32 44 27
27 38 19 24 32
43 28 29 18 41
22 38 42 29 32
30 30 42 18 24
15 26 38 36 16
28 29 46 39 28
19 16 24 25 26
27 40 33 41 33
23 25 36 32 17
36 20 28 25 38
19 46 28 22 24
45 22 26 42 36
27 17 15 32 29
29 40 24 38 34
37 23 18 36 18
33 33 31 18 26
45 39 27 27 26
33 27 30 23 32
42 25 36 40 13
29 30 30 16 29
18 25 22 33 30
26 31 22 30 40
15 43 38 15 46
21 21 25 26 20
30 33 33 18 35
29 41 17 21 20
21 28 43 23 31
16 15 20 39 16
27 40 21 19 26
27 22 31 23 23
28 32 35 15 38
31 19 17 18 21
14 30 26 27 26
38 33 14 30 31
24 14 19 33 36
31 25 24 31 31
21 24 31 24 27
29 19 32 42 23
22 18 35 36 24
26 16 39 23 30
37 33 21 27 22
41 29 24 33 32
18 26 34 29 35
26 34 30 21 42
31 23 36 37 14
18 24 40 34 23
43 39 32 45 37
33 34 23 27 41
19 36 45 33 40
28 35 19 37 16
36 28 46 42 38
39 26 40 28 28
33 24 19 22 31
30 37 27 14 13
13 34 18 33 34
13 19 32 43 24
29 34 31 20 35
46 27 16 15 21
28 28 27 20 16
26 20 19 33 18
25 43 40 26 22
28 37 25 29 14
33 36 20 33 24
32 29 40 17 30
33 23 23 39 30
45 23 34 21 29
34 37 46 39 24
32 41 31 45 24
45 23 19 22 26
28 18 37 17 17
24 19 33 22 39
41 26 43 19 38
34 29 36 31 35
17 26 13 34 31
35 23 33 39 29
27 32 25 31 23
28 25 38 37 32
45 29 32 30 34
15 26 31 35 24
32 22 30 28 45
27 30 15 32 21
24 33 17 36 29
22 36 13 39 23
21 22 36 22 22
37 44 29 26 25
31 21 35 38 30
35 21 22 42 20
19 33 29 21 22
32 27 42 28 23
20 31 36 32 23
27 44 19 32 20
29 16 37 15 23
14 23 32 22 30
22 32 30 24 22
26 16 17 19 21
42 35 44 44 34
39 30 36 28 34
23 22 16 40 43
24 17 13 17 27
22 33 28 21 22
35 30 36 21 32
32 31 15 21 27
21 29 25 31 34
42 40 31 44 36
38 35 26 35 32
26 36 39 28 34
33 34 31 30 33
21 32 31 17 27
40 44 44 22 17
42 22 37 25 34
30 23 40 42 18
31 25 24 18 42
43 27 39 36 23
22 20 37 41 21
31 34 23 36 22
28 35 25 33 15
28 25 29 34 39
27 37 31 28 27
44 22 28 33 19
44 39 30 25 41
16 25 41 41 19
28 34 23 29 21
25 20 38 21 44
38 31 45 15 42
33 38 20 28 26
29 35 19 32 19
33 29 31 30 21
28 21 45 33 16
24 32 27 29 35
44 34 27 42 29
42 42 16 27 30
43 25 23 44 20
24 16 35 26 31
28 17 22 21 22
20 25 22 29 45
21 24 23 33 17
36 37 37 21 38
29 32 37 20 34
22 27 29 29 28
20 19 26 27 39
23 36 31 24 36
22 28 15 38 28
21 42 29 31 28
18 26 31 24 20
19 30 13 24 40
29 26 45 21 25
19 27 17 43 15
16 30 28 27 22
40 34 29 33 24
45 13 19 17 28
28 28 21 24 32
24 33 24 31 19
20 15 21 20 16
28 45 27 30 30
38 24 19 27 21
16 34 27 19 28
30 46 27 32 21
41 25 38 26 23
36 41 14 35 19
25 26 18 31 39
29 16 43 30 39
17 29 21 34 23
27 38 20 18 44
19 14 32 31 13
26 26 13 32 27
26 20 29 33 19
16 23 42 45 25
43 20 32 33 23
24 37 17 34 28
27 35 46 21 18
27 23 25 27 21
24 19 29 21 33
41 41 44 38 30
30 16 24 18 33
22 24 14 31 13
41 42 21 32 18
17 27 30 46 34
22 22 25 41 40
33 27 29 24 30
27 30 30 20 19
13 36 22 28 32
44 19 34 18 18
20 26 38 35 32
18 34 25 16 20
22 34 21 33 25
20 26 24 28 19
34 42 37 27 42
23 38 14 24 38
31 30 45 46 38
18 31 33 22 16
23 44 23 24 19
24 38 13 29 25
23 37 33 44 23
27 32 33 29 13
35 41 37 33 33
36 35 39 29 13
27 28 33 32 21
38 26 30 25 33
43 37 27 31 29
30 22 45 24 27
32 17 34 43 43
40 21 30 32 40
22 19 37 34 42
37 19 30 20 26
16 17 24 35 31
43 19 25 42 42
19 24 27 19 29
20 43 23 19 37
44 44 26 26 26
13 43 21 22 36
29 21 34 30 38
24 17 18 28 26
34 21 21 19 26
23 36 27 30 22
19 28 16 17 41
43 31 22 25 18
28 28 27 23 27
20 42 30 25 30
24 24 19 36 34
33 25 33 15 19
15 33 38 36 27
24 26 37 45 27
24 34 27 13 41
32 21 24 39 31
29 32 25 41 16
14 45 15 25 33
28 40 32 29 22
24 42 22 44 30
28 27 26 35 21
31 41 28 29 29
40 26 24 14 27
32 23 34 33 21
45 38 30 39 33
41 29 35 19 40
35 30 24 16 45
17 33 20 27 42
22 25 36 40 33
30 28 24 40 17
22 14 28 18 32
35 40 20 30 29
33 45 41 21 26
35 26 34 28 28
34 35 18 43 28
33 27 20 23 28
31 18 34 24 29
38 20 30 31 20
23 26 19 38 28
17 24 15 36 44
45 23 29 38 20
22 33 14 26 39
26 27 20 25 29
27 26 35 43 30
15 29 24 20 38
22 26 45 33 26
14 32 28 31 20
42 40 32 30 28
31 28 36 31 45
17 38 28 41 36
33 29 34 27 44
31 16 39 29 23
22 27 22 33 29
29 17 22 31 28
41 38 39 32 33
44 46 34 28 21
27 15 38 42 21
25 30 34 26 46
17 31 33 34 36
24 44 19 28 25
45 18 45 28 28
34 45 21 38 15
33 39 42 38 36
17 22 29 35 20
44 36 29 31 45
23 24 32 39 39
30 18 44 38 24
28 17 35 21 20
17 25 18 15 29
46 20 39 42 30
30 27 30 22 20
40 27 38 31 40
46 24 29 33 24
32 34 29 46 29
29 28 20 18 27
22 27 29 29 30
36 37 44 19 32
27 28 41 27 34
26 39 25 16 26
19 27 23 20 18
24 28 35 31 27
36 20 13 25 30
24 22 38 25 40
32 29 28 32 23
29 36 36 16 32
41 30 36 31 34
30 23 36 39 32
32 27 21 28 24
37 21 30 42 19
46 21 13 36 15
22 30 36 28 26
13 36 42 38 35
32 31 28 23 28
17 16 14 40 14
24 30 26 25 29
26 35 28 27 15
30 34 38 13 28
19 22 20 44 30
22 25 31 20 37
27 28 35 41 35
32 18 41 24 31
34 22 20 42 27
21 33 46 37 31
24 31 22 38 19
29 28 24 39 16
28 28 32 23 29
43 21 19 35 25
28 32 21 43 25
32 38 44 18 17
36 26 15 31 26
32 26 31 37 35
24 32 24 36 39
27 37 25 30 33
23 30 35 30 34
40 17 34 30 14
38 22 36 30 26
44 43 36 18 41
22 13 41 17 30
40 23 27 32 25
17 25 30 21 32
36 23 20 22 34
26 33 25 39 25
22 20 39 34 15
26 26 26 43 42
23 31 15 33 31
25 21 31 22 22
42 32 46 26 27
32 29 18 22 25
30 18 31 41 46
29 16 27 23 27
42 34 30 31 43
23 29 35 33 17
28 26 25 34 24
16 33 19 32 15
25 38 22 39 31
25 17 13 36 24
15 36 29 17 18
30 21 14 42 27
21 19 24 26 23
24 33 33 16 17
14 27 38 25 40
28 25 40 31 15
27 17 20 16 28
31 32 18 40 26
31 16 14 38 31
23 32 19 29 15
39 38 21 17 25
44 45 25 17 18
22 18 25 23 27
36 30 41 23 23
28 30 34 46 30
25 24 32 18 18
33 42 22 31 26
21 44 30 36 17
39 27 36 26 37
36 22 28 31 21
19 29 19 16 14
41 34 17 21 18
32 45 30 27 23
15 27 38 37 44
35 20 28 15 42
25 41 16 19 40
23 37 34 34 24
26 25 20 34 20
33 20 24 38 38
43 26 22 42 43
30 29 21 38 41
29 18 32 33 18
19 26 36 46 40
30 41 20 33 36
36 18 17 34 40
25 19 24 33 28
20 36 46 16 36
41 26 37 44 20
30 33 28 35 18
24 26 32 28 20
17 16 34 17 36
30 28 16 34 27
18 31 43 43 32
27 24 27 18 23
20 37 14 28 38
32 37 31 27 46
18 27 31 15 27
40 39 44 32 36
13 33 21 32 37
32 20 23 29 30
25 27 43 21 31
28 23 25 29 24
37 24 38 22 22
18 17 31 30 24
24 33 28 43 28
15 21 26 32 25
34 34 31 35 38
26 17 26 19 27
15 36 30 21 31
18 33 46 29 34
36 19 32 38 37
21 29 42 25 29
21 36 18 26 39
26 27 29 37 33
32 26 46 40 35
33 27 38 30 33
29 22 20 30 29
36 31 20 19 16
33 15 42 39 31
38 20 34 17 28
28 25 46 46 27
22 40 39 32 41
27 34 31 27 17
39 31 39 20 38
31 31 34 21 20
26 35 25 20 37
40 28 20 24 18
22 23 14 30 35
37 43 27 28 23
30 25 14 43 28
46 21 29 36 37
29 39 28 37 21
46 34 29 37 27
25 41 31 15 21
41 40 20 37 26
28 23 19 24 25
38 29 25 28 23
15 40 27 29 28
22 16 31 25 33
22 26 43 35 27
42 34 44 38 36
43 45 15 25 27
35 19 30 32 30
23 34 27 27 27
16 23 34 31 38
27 21 23 23 32
31 27 26 39 21
36 25 24 16 28
27 23 27 45 13
16 39 15 18 40
36 33 22 46 37
27 40 24 30 25
22 33 30 20 21
39 29 38 37 34
37 22 27 17 38
32 20 19 20 46
37 33 38 27 28
30 27 17 30 15
17 33 26 31 17
21 22 42 32 44
36 40 42 28 34
17 21 24 20 27
19 36 30 32 24
38 27 21 32 26
35 42 22 42 39
27 29 18 31 22
24 14 18 31 18
25 19 19 24 38
34 30 21 32 13
28 40 26 34 20
30 35 22 36 26
21 23 29 42 15
26 38 41 42 32
41 28 24 21 30
33 30 24 20 26
26 23 19 45 40
33 23 15 24 29
28 32 40 21 27
32 25 20 31 25
42 24 19 31 16
18 33 23 23 34
31 26 14 21 21
41 18 25 20 25
24 22 21 25 28
22 18 16 35 24
22 32 30 44 30
27 17 30 44 20
14 17 36 22 21
26 18 16 24 40
14 25 40 19 30
28 25 34 28 22
30 23 35 34 38
36 22 16 25 16
26 39 30 34 35
26 15 21 34 29
26 25 38 29 37
28 40 35 20 19
28 45 34 23 25
30 32 39 42 31
23 32 23 21 42
23 13 24 27 35
26 17 32 38 29
34 23 26 24 34
24 36 13 16 39
37 14 23 36 30
27 32 22 33 28
24 36 33 23 24
27 24 28 26 19
35 27 26 22 25
42 43 25 34 19
40 19 46 22 16
24 22 18 40 25
31 28 26 32 23
25 26 31 20 33
38 13 16 31 42
45 40 22 45 38
22 30 15 31 17
45 26 27 27 21
41 31 27 40 22
24 39 28 33 28
40 24 16 32 33
18 37 18 26 39
27 38 16 37 13
19 31 21 18 28
22 32 39 14 26
42 41 23 32 28
35 37 25 31 34
17 28 41 15 15
26 14 25 20 23
26 21 31 43 36
31 39 29 24 29
32 30 31 41 30
30 45 19 34 31
46 27 36 26 29
23 16 24 30 22
44 29 16 42 21
38 13 27 27 30
17 18 45 25 36
32 22 24 32 34
27 25 42 33 42
42 27 27 30 29
20 27 30 31 28
19 39 30 32 17
30 16 38 18 31
18 13 29 33 18
40 37 18 30 24
20 32 27 37 13
20 33 26 36 32
36 18 41 27 30
32 28 18 42 24
36 35 31 19 23
30 25 24 28 33
16 29 22 45 32
34 36 38 21 33
19 29 32 37 37
21 27 41 29 26
18 31 37 42 25
22 25 31 43 29
26 46 31 32 22
25 26 24 45 18
13 28 21 27 13
29 33 13 31 18
14 26 29 34 40
24 45 40 23 23
23 44 28 20 24
28 36 29 17 25
18 30 34 37 18
32 25 26 36 43
29 32 23 18 36
30 30 24 18 14
14 31 22 20 19
39 26 18 16 33
27 20 45 38 16
39 35 24 22 30
29 22 37 33 13
21 25 41 16 38
36 19 25 35 23
37 32 30 39 31
19 38 33 46 25
27 46 40 27 44
43 16 30 42 24
20 41 20 21 22
22 33 42 29 14
38 29 30 29 27
21 27 29 26 17
17 29 34 38 44
34 38 32 26 21
26 29 30 37 23
16 35 42 40 33
39 15 20 36 45
43 18 31 42 34
27 31 25 42 43
22 23 24 19 30
26 33 33 21 42
17 23 31 25 43
41 34 43 45 21
13 37 37 37 32
27 32 19 16 26
18 24 18 34 24
44 21 18 14 29
25 27 31 20 43
35 22 46 35 29
24 43 31 38 23
29 13 36 39 17
35 42 13 29 31
31 21 44 28 25
17 26 26 33 17
21 30 27 25 26
38 32 35 31 26
23 44 33 32 23
29 24 26 28 35
26 37 26 25 38
22 46 25 21 15
23 32 19 27 42
41 38 33 29 36
24 18 24 34 25
33 26 20 16 20
37 22 23 32 20
30 22 22 33 21
32 33 23 45 26
39 24 36 23 17
34 29 37 32 35
38 22 25 27 29
22 31 40 26 33
38 22 34 44 25
36 30 32 19 35
22 26 34 34 24
21 39 25 19 27
25 44 24 27 13
31 32 27 44 30
20 34 21 19 46
15 22 36 32 26
31 33 37 24 28
41 36 21 28 28
39 19 41 18 40
25 24 22 25 34
34 28 36 24 28
40 25 24 33 29
32 38 36 16 38
31 21 23 44 25
43 30 25 24 34
19 21 27 30 22
34 19 26 20 35
44 19 41 45 34
15 39 17 37 23
23 31 22 17 22
26 28 35 42 21
14 23 28 17 24
46 20 30 35 44
40 29 38 23 32
40 36 36 42 27
15 38 21 35 27
40 14 46 31 33
20 15 20 26 33
26 30 26 14 23
15 24 25 24 26
17 30 34 20 19
31 24 13 16 24
25 26 45 37 45
35 29 41 16 16
26 24 30 20 26
36 21 29 21 29
30 22 26 32 22
24 28 25 34 35
21 13 13 36 32
24 36 24 29 37
13 24 30 32 16
22 37 28 29 46
32 25 32 34 42
34 15 21 24 32
29 36 30 20 25
41 43 44 30 30
22 45 39 27 24
23 14 17 26 25
31 26 36 19 21
32 43 37 27 45
36 28 14 26 13
25 25 25 26 37
40 18 24 41 22
18 38 15 41 26
36 28 22 32 44
35 34 26 24 20
33 20 16 22 45
13 17 46 26 30
41 13 27 32 40
22 32 36 30 23
13 38 33 45 23
15 30 29 33 20
14 34 22 23 34
37 30 43 29 13
16 19 24 31 39
19 14 38 41 16
44 21 13 29 37
31 26 18 45 32
17 31 17 45 33
39 14 37 18 23
30 38 34 24 34
15 40 38 13 22
28 33 23 30 37
24 27 21 31 37
39 28 25 35 28
23 42 32 23 25
43 35 36 30 25
46 18 32 18 18
13 21 20 27 29
20 15 34 42 38
34 18 31 36 16
30 26 33 22 27
27 29 45 20 17
29 31 24 19 29
45 16 31 17 31
32 23 42 20 44
45 21 24 19 32
36 19 23 21 21
13 30 24 37 38
13 23 29 29 35
36 19 42 29 35
23 32 19 25 16
37 31 41 32 22
26 23 23 13 31
34 31 35 32 32
35 17 20 38 20
24 29 35 20 20
38 33 39 40 39
37 26 38 36 41
29 15 36 27 23
33 31 42 41 22
34 28 37 39 40
17 19 17 41 28
42 32 30 36 14
16 18 26 23 28
27 40 45 28 29
27 31 18 32 29
38 22 20 35 32
20 21 22 35 43
15 19 41 30 42
31 24 16 32 19
26 20 37 40 45
20 31 28 23 44
26 35 33 38 28
19 15 24 33 27
37 40 23 23 40
29 25 45 24 45
32 23 33 30 27
31 37 25 27 24
30 27 29 20 16
33 36 19 17 40
18 46 32 42 38
15 29 27 30 32
17 18 27 31 40
24 29 17 27 25
31 21 22 25 36
22 41 34 25 14
30 35 40 23 22
40 27 24 27 41
32 22 30 42 33
27 21 21 27 32
40 27 38 40 35
37 42 28 21 45
32 31 25 33 15
37 19 21 44 28
24 23 17 27 18
13 29 40 34 42
24 25 26 22 35
32 20 22 19 37
21 17 27 45 28
16 21 26 14 43
20 21 17 17 35
35 39 35 18 19
31 45 18 29 31
20 30 13 13 26
34 46 34 28 16
18 46 36 36 44
30 20 46 29 24
30 20 32 28 33
43 34 31 39 22
22 32 16 16 38
24 21 21 18 40
29 16 31 22 19
21 31 26 28 26
25 29 33 35 31
23 22 38 38 18
28 23 32 29 41
29 44 38 20 37
25 26 35 24 24
44 28 21 33 32
36 39 34 28 19
34 36 24 25 33
30 14 38 22 22
20 20 28 28 23
46 46 23 33 21
39 28 20 38 40
25 21 25 26 17
33 26 40 22 29
34 29 33 27 36
36 20 29 20 40
31 14 27 31 33
24 37 25 37 17
30 18 32 35 35
28 17 13 32 19
36 45 27 27 16
15 30 44 28 32
30 25 23 28 40
32 33 22 34 33
26 43 25 41 21
20 41 33 45 41
19 33 27 25 30
44 20 22 30 33
25 28 38 29 27
43 33 15 31 34
20 27 26 36 35
44 14 22 30 20
28 43 42 28 44
16 17 19 33 35
30 23 15 25 36
14 37 42 24 44
34 35 16 25 40
44 24 28 21 39
25 43 29 23 30
20 44 36 21 31
24 28 15 32 39
34 13 26 39 39
28 37 31 19 21
36 31 36 31 37
23 36 32 23 26
23 30 38 31 21
19 31 13 22 43
26 37 30 27 26
30 13 40 25 38
22 22 26 30 16
31 35 22 24 34
34 21 21 27 29
21 30 35 33 36
20 31 19 29 24
43 23 41 45 19
29 20 14 33 40
20 14 23 32 24
32 31 22 20 29
34 33 33 13 34
13 23 27 34 24
24 14 44 21 20
37 27 25 39 46
32 32 25 24 34
19 17 36 30 27
26 21 33 39 33
20 24 19 38 25
38 29 38 31 28
35 23 29 27 34
24 23 34 39 29
33 30 32 39 36
34 34 33 19 17
22 31 22 29 29
31 20 24 17 24
15 31 24 18 17
17 20 23 26 29
30 16 27 38 34
27 26 31 23 26
35 21 45 27 29
19 26 23 36 39
19 27 13 37 22
36 33 26 23 25
37 22 27 25 38
39 28 28 32 39
44 23 33 41 37
38 28 22 19 42
31 25 40 30 17
40 43 23 28 25
43 25 39 27 15
27 43 41 21 17
32 35 34 24 15
34 29 45 18 42
29 33 30 24 46
34 26 33 25 32
29 14 27 35 30
31 29 16 27 24
33 41 40 26 34
31 20 13 23 26
15 37 38 36 37
30 30 14 43 31
41 16 30 22 28
19 23 42 44 33
32 27 22 14 42
21 23 35 31 36
45 45 43 22 18
22 44 39 37 26
45 28 25 32 20
18 44 30 22 29
21 37 27 24 30
24 45 17 40 16
37 17 36 34 15
28 25 19 31 41
26 32 43 32 21
37 30 29 37 16
25 26 24 19 19
38 35 37 15 23
42 27 26 26 35
30 44 14 34 18
22 30 26 41 28
23 36 25 18 22
17 38 14 35 29
40 42 46 30 23
25 40 36 28 23
34 15 25 23 33
27 24 30 22 17
16 19 35 40 13
18 17 33 16 25
25 38 32 38 29
21 31 33 36 27
28 39 29 44 22
20 29 26 33 28
27 38 16 18 17
19 30 45 22 37
32 29 45 32 27
39 24 32 40 29
34 19 28 19 32
22 44 19 36 22
19 19 30 23 43
28 15 29 27 44
16 39 37 44 25
31 40 26 44 27
29 40 21 35 33
34 31 26 26 34
27 33 30 23 19
24 26 26 33 25
42 34 33 26 31
23 27 28 26 37
27 37 20 45 20
27 40 41 30 28
32 27 18 38 27
13 39 20 13 20
26 20 37 26 42
30 41 13 33 23
40 17 18 15 32
41 34 27 27 19
32 44 20 37 25
21 23 30 13 26
28 28 21 16 38
28 29 26 45 29
26 29 13 20 26
41 28 25 26 37
44 34 18 18 31
22 45 18 27 27
25 29 29 17 37
19 19 24 29 25
29 38 37 23 37
45 21 19 37 33
27 36 31 26 23
44 39 16 38 17
46 18 31 40 27
33 32 14 36 33
28 18 15 28 32
13 18 23 25 30
18 30 35 20 21
37 18 22 18 24
32 32 17 21 20
24 42 17 23 33
34 24 18 26 24
36 21 25 26 34
30 14 36 46 18
16 18 28 27 30
36 30 29 42 23
35 23 29 33 28
32 40 18 24 24
20 33 31 24 22
27 27 24 32 21
40 27 17 41 18
40 22 16 20 30
34 28 22 34 44
36 33 19 38 34
25 36 33 28 36
22 35 41 16 26
13 40 22 19 38
18 17 43 45 33
39 17 20 35 23
37 36 35 26 19
19 37 36 17 29
18 21 24 32 28
22 34 22 32 30
38 28 42 18 23
46 31 29 35 37
27 20 32 23 20
29 45 30 29 32
36 28 38 37 24
31 25 40 20 36
15 24 14 24 27
38 29 31 23 36
17 42 39 18 17
25 26 34 27 43
17 28 14 33 29
40 22 24 31 29
14 33 43 43 26
20 37 31 13 31
35 16 26 36 29
18 30 42 17 26
28 22 26 37 18
24 19 36 23 30
14 46 38 30 33
30 18 40 29 18
25 39 35 24 13
22 20 30 36 24
30 25 36 21 17
27 30 23 32 39
41 36 41 25 28
13 15 28 44 28
35 18 37 38 33
38 17 33 21 15
32 28 25 30 27
22 24 45 28 26
28 32 31 32 15
31 18 30 24 20
15 37 46 25 30
25 23 17 31 15
28 33 45 27 16
16 15 16 37 32
20 35 24 25 29
21 35 40 33 16
35 26 15 40 32
38 29 38 21 25
34 23 25 35 27
23 34 25 33 17
37 20 25 22 43
41 21 38 24 28
36 31 44 21 32
27 36 28 13 31
38 18 24 34 26
40 33 29 18 33
38 21 46 39 32
35 28 29 41 23
18 29 14 22 41
30 41 28 18 38
21 22 28 31 34
45 28 42 33 19
23 20 14 30 24
25 21 28 43 30
29 28 30 40 40
42 18 27 34 19
29 32 34 25 42
37 25 29 22 23
25 29 31 33 37
23 46 34 18 28
19 16 37 30 23
28 43 35 21 21
22 37 19 28 22
24 18 25 19 35
23 32 43 31 23
22 36 42 28 26
29 22 18 28 43
16 20 32 36 18
16 21 38 30 18
13 22 40 34 14
25 21 22 32 38
26 36 32 38 33
29 27 32 39 23
17 39 36 38 31
22 31 27 41 46
20 38 19 31 26
31 35 34 37 25
37 30 42 42 13
16 31 31 29 30
38 28 25 42 41
34 24 15 28 21
31 31 45 41 36
30 28 31 23 33
40 30 30 31 38
44 22 23 36 28
32 16 41 35 32
17 19 23 18 20
14 32 28 28 35
33 34 22 33 24
31 41 21 45 33
19 21 24 21 37
32 31 34 36 37
44 19 28 18 23
