14 5 10
489 877 1433 1943
435 1001 1204
473 757
343
692 1301 1900 2497 2886
700 1247 1747 2372 3287
637 1349 1826 2448 2763
582 1322 1664 2476 3157
582 1214 1825 2262 3082
652 1123 1782 2466 3122
636 1165 1905 2118 3176
607 1223 1798 2180 2853
604 1123 1956 2328 3092
628 1259 1908 2277 3004
597 1281 1855 2190 2877
657 1347 1736 2292 2769
614 1327 1681 2474 2821
670 1113 1844 2289 3219
28 36 46 40 40
26 31 48 26 31
27 33 49 46 39
35 33 42 36 35
47 42 29 42 44
28 37 40 39 38
36 35 46 31 28
26 50 42 45 47
34 44 40 32 44
35 42 28 38 28
41 34 42 46 41
47 28 25 39 27
28 25 46 33 31
41 50 27 40 38
4 9 48 14 8
30 35 46 19 18
18 34 33 34 46
21 12 9 16 16
36 47 35 47 23
30 32 44 26 34
25 23 39 39 27
10 18 15 32 32
34 23 31 33 24
13 36 16 15 22
35 38 45 40 20
32 25 15 47 19
44 27 32 35 31
29 24 41 51 18
37 25 27 19 44
