14 5 10
522 1581 2163 3114
798 1846 2102
739 1463
533
771 1514 2627 3630 4275
804 1613 2383 3277 3957
786 1657 2461 3176 4053
843 1583 2392 3235 4133
804 1439 2220 3042 4503
804 1648 2198 3620 4429
920 1431 2565 3570 3985
910 1498 2420 3274 4212
831 1617 2399 3614 4557
919 1481 2646 3618 4255
921 1674 2485 2982 4478
861 1563 2638 2988 3881
782 1399 2429 3026 4518
797 1408 2578 3414 4559
30 47 45 40 36
33 48 28 25 44
36 29 45 32 28
40 31 33 36 26
37 26 27 45 26
25 40 27 45 31
46 37 29 26 34
26 25 40 41 50
41 39 37 43 36
38 29 37 49 35
33 40 45 34 40
50 31 39 45 42
49 39 46 49 50
45 50 41 40 30
22 69 3 6 22
27 32 23 29 24
31 24 34 42 26
29 30 29 29 19
14 35 41 11 44
37 17 24 19 36
17 19 20 29 37
26 49 8 14 28
25 18 6 31 21
42 30 42 22 28
20 38 18 31 48
37 30 12 44 12
27 27 46 14 42
22 33 42 22 38
25 29 31 28 35
