14 5 10
445 1001 1826 1854
482 1097 1762
826 1231
360
727 1333 1908 2806 3298
686 1413 1910 2383 3003
693 1191 2034 2447 3610
739 1376 1795 2731 3182
772 1399 1900 2802 3060
704 1184 1945 2776 3128
717 1252 1745 2347 3495
701 1229 1739 2433 3253
724 1363 1743 2635 3139
661 1207 1790 2441 3224
693 1433 1763 2730 3609
653 1324 1908 2708 3197
730 1204 1837 2373 3514
662 1259 1955 2354 3557
31 26 50 30 36
45 49 25 33 42
26 43 33 28 47
42 36 36 37 28
45 43 38 40 28
30 29 38 35 30
38 44 30 50 32
50 38 36 46 44
42 38 38 33 47
41 25 25 37 33
40 30 35 48 49
31 50 32 30 45
41 27 35 40 42
36 31 34 37 27
49 23 20 38 0
30 37 28 32 30
41 48 11 51 9
35 30 13 30 41
23 16 29 25 31
9 12 41 21 25
19 40 26 31 13
24 29 45 48 15
23 34 17 31 40
25 61 44 27 24
16 42 40 40 29
22 35 29 22 49
17 18 33 30 28
19 32 27 50 20
17 24 44 29 22
