14 5 10
718 1901 1953 3046
1139 1633 2399
435 1384
776
936 1745 3032 3498 4544
880 1733 3041 3610 4936
1060 1693 2839 3724 4377
966 1494 2745 3467 4559
909 1626 2786 3782 5027
887 1564 2713 3279 4485
1053 1724 2721 3839 5032
945 1689 2727 3908 4405
1045 1563 2649 3403 4542
1048 1623 2733 3598 4814
1063 1582 2777 3376 5267
876 1769 2727 3331 5247
918 1532 3132 3790 4870
949 1637 2793 3842 4336
49 31 39 39 30
34 35 35 36 46
42 38 27 50 34
27 36 34 45 42
36 30 44 29 40
37 35 32 33 35
31 50 44 46 28
36 38 45 32 32
50 43 45 47 28
31 41 26 26 29
43 31 30 31 31
28 50 48 45 46
32 49 27 34 30
38 25 34 42 30
14 43 15 25 2
57 28 26 42 24
41 48 28 54 26
33 44 31 49 43
48 35 46 25 34
15 58 52 21 16
41 31 50 24 23
27 31 22 22 24
26 27 25 37 26
26 24 17 13 25
13 12 52 28 45
30 25 40 20 14
41 20 34 49 31
38 14 24 21 17
46 46 33 20 33
