14 5 10
895 1344 1720 2914
563 788 2012
321 1331
1131
789 1739 2434 2864 4163
900 1612 2605 3181 3624
832 1616 2269 3283 3579
906 1546 2418 3205 3941
915 1479 2688 2844 3768
911 1470 2481 2819 4191
818 1692 2307 2976 3556
816 1469 2732 2918 3912
786 1723 2439 2803 4068
811 1550 2277 2934 3607
879 1557 2401 3346 3899
790 1456 2715 3230 3996
859 1756 2297 2913 3622
895 1719 2259 2889 3563
45 31 38 25 46
27 39 33 47 31
43 48 32 26 38
26 46 28 42 34
34 35 35 28 46
39 38 46 39 43
29 28 26 44 34
29 35 28 34 48
33 27 38 37 37
42 25 33 44 30
25 38 26 46 38
34 32 38 44 27
44 49 44 29 50
28 33 39 36 30
19 32 30 20 16
14 52 29 10 22
37 30 35 18 20
23 21 28 38 43
21 44 25 17 31
36 17 35 25 19
33 33 6 20 29
27 25 40 19 22
58 52 24 41 35
22 29 41 24 38
33 32 19 34 35
16 8 32 32 25
15 25 16 30 31
70 22 12 35 47
27 25 30 46 31
