14 5 10
375 691 1182 1737
310 838 1301
427 986
431
597 1036 1434 1998 2551
607 1000 1444 2220 2562
566 1104 1396 2048 2785
538 1089 1504 2247 2631
591 1090 1389 2253 2716
505 994 1481 2386 2833
610 1122 1384 2243 2866
576 1027 1294 2018 2627
520 1005 1422 2088 2391
579 1105 1334 2364 2896
527 990 1458 2252 2643
572 1098 1417 2316 2396
601 1116 1538 2366 2546
557 1098 1488 1970 2898
41 49 30 48 33
38 26 38 30 36
45 45 40 26 48
40 41 44 50 44
49 46 46 30 27
40 34 31 40 32
45 30 42 40 38
43 50 49 49 46
43 50 34 28 26
47 26 35 49 47
29 44 39 44 36
46 32 43 44 38
45 28 47 38 25
27 27 44 33 44
36 15 61 10 4
54 20 38 29 21
36 26 23 30 32
24 36 13 33 67
36 26 14 27 25
19 33 31 46 26
44 13 18 21 22
57 38 27 30 33
36 33 27 41 33
36 33 45 37 25
31 17 34 15 13
28 12 24 35 31
19 42 24 14 53
54 36 21 36 31
36 40 26 21 25
