14 5 10
401 885 1357 1732
437 952 1170
453 793
442
451 899 1453 1972 2530
452 816 1287 1988 2404
483 884 1319 1867 2364
504 881 1416 1984 2185
486 921 1330 2001 2469
459 880 1451 2001 2339
505 883 1303 2131 2301
463 856 1366 1789 2402
547 779 1230 1947 2229
460 882 1434 1983 2396
525 808 1345 1871 2413
549 918 1382 1815 2491
527 887 1314 1911 2501
454 938 1424 2013 2291
48 37 48 30 30
34 38 47 44 41
33 29 50 27 29
39 31 38 30 34
38 32 27 49 47
34 37 32 26 47
38 27 39 34 38
26 35 49 27 48
44 34 46 40 28
25 45 29 26 29
41 38 29 39 29
48 49 40 28 46
34 29 48 49 32
50 46 31 33 27
41 3 30 31 2
15 30 20 31 40
17 38 34 24 15
23 26 19 32 50
45 37 44 36 40
35 8 26 13 32
32 41 39 26 18
20 51 22 16 29
38 29 31 38 15
33 27 38 27 25
39 23 10 38 32
25 41 33 12 25
37 15 27 18 25
33 27 42 20 21
25 37 21 24 34
