14 5 10
476 875 1236 2117
271 834 1312
430 985
732
693 1280 1664 2191 3044
620 1127 1846 2234 2950
700 1361 1989 2451 2988
703 1239 1765 2615 3309
668 1348 1702 2228 2887
703 1286 1762 2363 3066
611 1219 1670 2164 2950
647 1174 1708 2483 3453
662 1308 1810 2182 3179
648 1196 1754 2220 3268
676 1295 1659 2329 3409
698 1358 1860 2383 3336
688 1350 1895 2339 3300
722 1299 1985 2183 3225
28 48 28 25 28
36 30 33 33 38
31 38 38 25 40
48 25 41 26 30
34 30 27 39 40
27 41 48 44 29
34 41 35 38 46
48 27 38 49 45
37 43 37 48 32
41 33 40 26 33
41 36 44 41 40
36 44 47 25 25
42 46 25 33 44
29 37 40 48 39
7 27 24 28 19
32 22 21 23 49
31 18 42 24 21
16 43 34 29 20
40 21 20 33 42
24 29 36 19 48
19 57 34 17 10
33 33 26 33 49
10 49 47 25 22
37 20 19 29 35
34 36 37 20 25
15 22 30 33 35
44 24 28 12 31
22 35 49 38 21
30 36 23 59 12
