14 5 10
470 813 1565 1972
435 1145 1446
715 1108
500
616 1144 1612 2484 3133
659 1113 1541 2269 2796
578 1118 1600 2459 3180
663 1295 1619 2599 2731
633 1278 1676 2590 3138
685 1123 1565 2581 3130
593 1175 1652 2490 3162
577 1154 1596 2515 2773
658 1228 1595 2525 2748
663 1243 1614 2424 3142
571 1182 1445 2296 3206
660 1278 1734 2492 3222
602 1191 1579 2185 3280
682 1155 1448 2549 3017
49 37 40 28 30
28 29 34 33 38
28 44 41 37 30
46 45 27 31 27
35 44 48 30 47
38 34 47 30 41
33 28 34 29 34
34 39 31 26 32
31 40 48 41 42
26 31 31 43 44
38 48 34 29 49
35 40 26 37 39
46 46 25 35 37
42 44 32 47 48
24 32 26 22 26
31 41 40 25 37
21 27 23 12 51
26 19 26 13 23
32 15 26 36 25
21 21 36 37 36
24 42 30 40 30
17 44 34 9 24
14 20 28 37 40
31 24 26 41 31
33 41 31 35 44
48 25 14 34 31
55 32 41 21 31
30 20 46 25 14
25 50 21 17 37
