2 3 10 1000
347 1166
874
886 1364 2450
817 1444 2372
130 144 105
197 111 100
91 175 12
19 18 37
40 38 21
24 18 34
41 37 36
17 24 33
20 18 32
25 26 16
41 36 25
35 46 19
25 31 35
14 19 22
40 16 35
32 38 36
23 26 40
37 22 22
20 22 23
46 33 27
28 32 29
24 26 45
24 29 28
26 34 33
26 34 34
44 23 17
18 21 43
34 24 41
23 23 29
36 18 29
19 23 43
27 30 32
21 33 16
44 31 28
40 45 38
31 23 32
33 24 38
40 31 33
27 36 23
44 43 23
32 30 46
33 33 19
38 35 20
32 32 30
40 36 32
24 26 28
28 31 24
40 22 27
29 28 20
33 24 29
25 32 16
27 20 19
36 32 25
19 42 31
23 33 32
37 42 23
28 24 25
27 17 33
29 36 35
30 32 35
24 18 19
36 25 27
33 19 27
25 46 22
27 19 17
30 24 29
36 36 31
39 28 31
32 23 18
30 22 33
30 35 32
28 39 35
22 27 24
35 33 36
22 20 38
36 26 29
23 18 29
26 22 37
30 18 25
42 30 15
37 37 41
24 22 28
17 29 32
25 36 20
46 22 36
30 38 25
28 34 29
22 29 31
13 19 30
26 21 42
28 43 43
31 27 20
31 33 30
33 24 23
28 27 24
16 32 40
25 20 21
26 40 13
39 37 21
29 30 34
41 43 34
38 17 31
24 15 34
36 15 21
36 15 20
25 27 36
20 31 42
36 31 23
25 17 34
19 29 19
29 30 17
37 30 40
30 30 39
41 19 26
40 19 15
43 36 25
36 24 28
43 28 37
13 40 24
19 26 29
28 32 45
25 38 20
24 21 22
26 27 15
36 35 20
25 21 25
23 44 42
26 25 29
41 20 31
27 22 32
19 26 37
24 37 32
30 26 24
33 18 31
30 26 25
32 25 31
26 19 31
21 32 20
20 37 33
18 38 45
27 34 43
26 42 18
36 16 33
39 27 34
26 16 35
23 21 29
25 27 34
25 33 36
27 24 31
17 31 26
26 38 29
32 23 18
26 20 35
34 27 29
32 35 19
45 21 35
46 32 25
24 33 31
21 24 39
24 16 27
30 41 42
22 19 32
38 40 26
32 30 24
35 26 19
15 30 32
45 27 33
28 13 26
37 21 31
30 33 34
39 23 31
30 26 23
38 42 27
23 31 21
42 30 36
25 23 17
17 14 19
28 16 30
24 22 18
35 23 23
32 28 15
24 22 32
38 31 28
28 35 28
16 26 25
31 21 26
29 39 22
21 22 18
20 29 40
24 41 29
30 23 30
36 37 22
38 32 16
24 13 29
19 39 23
19 24 29
27 29 32
32 35 16
28 21 29
30 32 38
24 21 40
26 16 18
27 31 39
19 38 32
28 33 25
32 28 24
27 31 27
28 16 27
34 21 22
29 17 35
13 40 32
45 36 23
35 18 41
33 25 25
40 36 41
21 29 37
25 35 30
35 22 23
36 24 23
17 42 23
35 21 43
21 33 15
27 17 26
35 36 18
25 46 26
32 36 23
14 46 42
28 17 18
31 25 40
19 27 42
40 17 36
31 41 35
29 39 28
15 36 22
18 17 27
24 20 33
22 20 37
34 21 15
34 19 45
40 23 27
43 22 35
26 28 18
35 24 35
22 23 22
25 26 36
29 25 25
17 26 21
27 35 39
37 23 26
26 42 20
35 46 28
37 26 39
33 32 22
34 24 26
28 14 23
36 30 37
27 34 24
30 45 23
28 27 17
17 29 32
41 25 27
27 19 45
20 43 26
28 23 37
39 26 26
29 26 18
22 27 33
29 38 35
19 38 30
35 19 27
14 19 30
29 35 17
27 24 34
46 19 41
16 18 23
24 42 32
27 25 16
24 21 29
26 20 19
21 21 44
18 35 16
25 35 18
19 22 41
20 16 30
36 24 18
23 23 29
36 44 28
32 26 26
22 36 20
33 31 31
14 18 21
30 24 28
31 15 14
25 40 18
30 23 31
27 28 22
36 25 32
26 39 31
33 25 38
13 28 15
37 30 32
25 13 20
37 43 27
37 33 28
34 21 44
22 23 18
31 18 31
21 38 20
39 39 18
28 23 15
15 16 35
26 20 25
39 25 26
39 35 39
31 28 31
24 33 22
20 36 28
22 37 28
33 35 26
38 26 40
31 31 44
24 18 32
36 39 36
13 28 21
41 29 41
38 38 21
27 34 29
26 22 27
23 17 18
46 29 27
21 28 22
15 33 24
28 22 35
35 28 20
13 23 28
21 28 31
31 33 25
23 15 25
22 19 14
28 29 26
46 31 30
32 33 19
21 34 37
16 18 18
21 31 30
28 31 27
29 46 19
32 26 26
34 24 29
18 26 14
43 31 23
46 24 28
36 30 15
19 37 22
43 19 29
29 17 21
39 31 41
29 38 23
31 38 26
29 36 34
31 35 40
38 42 27
33 25 41
16 19 21
28 32 43
26 23 26
23 20 28
19 34 31
22 37 30
33 24 36
29 30 20
33 34 33
22 26 25
36 33 39
18 27 16
39 23 42
34 13 42
25 46 38
23 26 32
18 42 28
26 40 34
37 15 25
26 27 31
35 26 20
38 43 43
25 30 25
20 45 27
20 31 42
40 30 24
32 31 14
30 36 26
16 28 41
14 23 26
21 15 41
26 18 25
19 25 27
42 19 19
27 37 33
13 35 20
38 18 31
26 36 28
24 38 46
34 18 29
33 28 33
43 33 22
21 41 21
41 36 41
37 36 23
21 23 23
34 26 19
42 18 32
20 19 29
30 24 23
15 27 21
33 27 17
28 29 15
26 40 22
25 33 39
22 27 16
34 44 33
23 28 37
20 18 26
19 19 16
35 43 25
30 35 38
35 32 29
26 26 31
31 15 15
36 25 13
40 20 25
28 25 29
37 33 22
21 34 39
40 33 17
25 34 28
24 15 24
37 26 40
32 17 45
20 39 28
36 14 27
16 37 45
32 40 28
19 24 22
22 24 35
22 30 21
27 38 17
21 20 40
19 30 36
32 25 17
15 28 22
29 25 35
23 29 26
28 35 19
25 29 42
15 29 38
24 24 43
26 28 23
30 45 16
46 25 42
27 25 23
15 28 37
30 17 36
32 33 19
25 26 45
43 23 28
24 19 24
46 24 25
43 41 35
23 38 31
30 31 31
31 35 25
39 35 34
35 34 39
24 28 23
38 30 18
38 21 25
34 45 40
37 34 29
18 27 17
26 26 21
24 16 36
21 40 18
28 23 26
38 27 34
42 38 21
36 18 14
34 35 16
26 36 24
15 14 43
21 18 42
29 30 22
36 14 16
33 29 18
23 34 40
22 15 44
30 16 30
33 33 41
27 14 23
27 15 36
20 15 14
14 30 34
24 39 28
46 29 18
33 44 28
20 34 25
26 28 38
33 33 20
22 35 30
18 26 23
28 31 28
41 27 15
21 35 20
17 35 37
17 17 45
25 19 30
35 24 19
32 33 20
19 38 34
41 46 16
23 37 31
24 22 30
18 30 46
37 44 36
37 22 34
14 32 39
29 34 28
18 43 34
38 39 22
22 15 28
24 18 35
32 40 41
20 28 30
40 35 29
18 33 27
17 27 34
29 27 25
29 23 18
22 37 14
23 32 28
21 37 19
14 44 31
22 33 23
17 16 20
41 20 34
28 29 15
32 36 15
28 20 27
22 16 33
22 29 43
42 30 21
21 30 18
30 30 29
38 23 32
26 32 26
42 42 29
21 27 42
35 42 15
38 14 31
21 23 27
26 28 44
25 45 43
44 18 29
33 21 31
34 29 37
29 25 24
40 29 16
17 25 25
21 26 15
33 37 32
32 35 25
29 32 31
30 36 45
36 23 25
13 23 42
21 20 29
41 18 28
44 38 29
18 26 29
21 22 14
43 22 18
36 21 22
17 41 33
15 22 20
27 41 39
43 44 19
40 16 17
23 35 29
29 20 16
23 41 32
16 38 40
18 27 30
22 35 23
17 19 14
31 30 22
36 29 34
33 22 36
28 29 33
27 22 42
17 32 18
28 16 30
25 20 20
43 37 27
27 15 14
45 27 38
44 34 23
17 23 28
21 37 30
42 45 27
30 27 25
13 24 33
14 24 20
27 40 36
28 39 15
23 19 26
36 23 39
23 42 30
25 26 37
38 28 17
36 24 40
42 21 36
25 29 20
25 17 28
23 31 26
40 19 41
36 16 30
24 27 39
22 34 27
32 19 30
34 20 19
25 20 21
27 28 36
24 43 21
25 31 35
17 15 17
16 41 31
26 17 17
29 28 24
15 30 26
35 26 39
46 30 19
39 30 43
20 45 33
46 13 42
37 20 44
26 15 31
22 25 26
34 41 23
32 25 33
40 38 26
28 17 20
23 39 26
39 23 28
27 43 13
30 24 30
32 43 29
20 20 23
16 32 41
31 34 36
18 25 43
36 40 28
34 23 21
34 44 18
40 34 38
35 35 21
21 22 28
34 21 25
40 17 36
14 36 33
34 21 42
42 30 37
30 23 32
33 28 34
36 15 24
40 21 34
24 23 25
39 33 40
37 36 26
20 44 45
23 30 13
33 18 25
30 31 26
16 23 25
42 30 35
31 19 30
21 17 25
46 40 17
27 37 16
20 35 25
21 22 19
27 44 23
35 39 14
39 38 37
39 23 18
27 30 44
26 28 32
37 27 31
36 21 29
16 17 35
45 25 37
19 19 20
18 31 38
19 29 21
22 19 29
21 38 14
36 32 27
20 41 31
27 20 40
25 41 40
17 42 37
40 31 35
39 36 35
22 22 29
23 17 19
22 35 24
33 28 22
27 40 43
21 26 37
37 23 21
20 20 18
16 31 17
33 36 13
34 26 40
34 32 36
15 24 30
43 27 24
29 26 14
15 23 33
21 42 27
21 18 40
23 20 37
31 32 43
15 24 39
30 24 23
25 17 28
32 20 15
29 20 18
26 15 35
40 27 28
17 38 19
34 15 17
22 28 33
16 15 21
43 32 21
45 18 36
20 28 32
39 29 45
36 32 38
36 31 26
42 20 27
37 19 27
31 42 37
33 32 34
38 46 20
34 17 38
20 28 29
24 35 23
31 23 22
19 23 34
29 41 28
17 37 23
36 27 24
34 20 23
21 21 23
19 33 15
22 29 23
33 28 13
27 25 15
13 42 18
29 20 13
27 41 30
28 25 33
31 35 30
38 19 21
43 23 19
34 24 24
26 14 16
19 32 23
29 27 46
34 36 29
31 29 36
20 29 19
17 35 45
17 17 45
20 25 17
45 30 39
34 27 16
31 30 24
38 29 18
29 30 21
23 29 13
24 34 32
21 14 33
16 35 33
34 33 32
39 23 25
27 16 21
27 28 25
34 26 43
17 37 42
31 38 28
40 36 26
23 28 22
26 32 24
16 46 30
31 27 19
25 37 35
32 34 42
42 28 14
18 24 41
35 23 27
21 27 41
45 33 31
42 17 45
41 15 17
40 34 28
25 25 28
32 17 14
44 44 38
22 37 36
36 33 24
25 42 22
15 25 33
15 26 35
37 35 42
31 29 21
27 30 24
14 21 32
25 37 25
23 35 26
18 41 46
20 16 27
25 30 27
30 43 34
22 27 23
13 29 25
24 22 23
34 20 35
25 24 38
28 15 37
32 22 13
13 34 15
30 16 23
38 36 43
43 28 37
31 33 24
27 25 21
25 30 31
24 42 26
31 45 32
30 17 37
24 29 32
25 33 23
26 27 41
33 43 16
33 21 24
22 30 22
40 38 24
27 19 31
21 28 39
33 27 32
24 23 18
28 19 22
18 25 34
17 46 20
27 28 17
21 25 21
41 21 36
23 45 20
27 26 31
17 24 38
27 28 41
31 38 23
34 32 26
34 38 41
30 29 32
25 28 37
32 19 43
37 18 26
22 34 34
22 35 29
19 38 29
35 24 21
29 14 35
29 33 35
20 33 23
25 32 15
30 22 46
25 26 31
13 31 24
35 24 20
22 27 30
43 38 25
24 31 23
15 13 39
38 32 28
26 32 39
32 30 33
32 23 32
28 28 30
16 39 32
30 22 19
34 19 40
31 16 19
41 14 26
33 23 29
30 32 23
39 29 43
39 24 24
31 32 20
33 22 38
42 13 32
32 13 25
35 31 36
22 45 36
24 13 27
27 19 25
39 32 25
24 30 16
24 25 24
20 38 36
30 18 44
15 42 44
32 39 27
16 25 18
35 43 21
17 18 34
44 42 19
34 36 39
37 35 15
24 32 31
23 23 30
25 17 18
36 25 43
16 45 22
36 30 25
23 30 28
28 34 27
34 34 34
26 20 26
29 37 28
26 35 27
25 27 44
40 46 31
25 18 39
34 27 32
19 23 34
30 32 16
19 30 44
24 30 46
15 31 39
35 40 23
27 30 34
18 46 24
26 42 32
13 23 39
36 23 24
26 17 28
21 25 28
27 15 22
24 40 33
30 18 22
39 22 40
21 21 23
34 23 18
17 33 30
24 22 35
20 42 21
37 19 34
23 23 26
36 20 28
34 32 17
28 25 24
33 22 35
27 13 20
24 27 17
33 40 22
25 34 18
22 38 16
26 42 13
18 30 22
41 21 27
32 22 32
33 13 31
35 29 18
15 20 46
16 29 27
25 46 43
24 16 30
39 25 31
19 38 38
34 35 35
26 26 34
25 30 31
31 27 31
29 42 32
24 35 40
37 44 17
23 19 20
24 18 27
33 36 20
22 24 30
21 39 20
21 25 32
27 20 32
19 14 26
26 30 21
22 30 19
14 30 24
37 30 26
39 21 26
33 46 36
31 31 39
39 19 33
25 36 35
30 16 18
33 17 43
36 30 31
22 37 41
23 39 22
28 27 25
28 28 34
21 30 17
43 20 22
34 43 43
27 36 36
35 20 29
32 18 34
30 45 37
31 30 20
33 46 41
14 27 25
19 34 37
25 17 31
34 13 27
37 26 35
39 34 27
23 27 26
20 38 20
29 23 29
23 18 30
27 19 21
21 36 25
28 39 28
18 37 34
18 23 46
43 30 33
40 20 33
46 22 36
17 21 18
19 28 23
32 15 33
23 20 33
28 26 37
23 20 24
29 46 39
16 41 32
34 36 25
32 23 14
24 29 26
26 23 32
23 31 33
26 16 45
27 23 44
43 19 30
24 42 17
42 36 34
24 22 42
25 20 29
42 35 27
24 35 15
37 31 27
27 25 38
20 17 17
42 18 35
36 32 17
41 34 26
39 23 36
25 27 27
15 46 16
34 37 24
23 39 21
28 13 26
21 18 30
38 37 37
38 37 19
33 32 46
19 33 41
19 40 37
44 26 27
35 25 35
20 40 19
17 27 25
25 16 37
31 31 16
27 22 28
22 13 41
33 34 27
26 14 24
44 18 18
43 39 24
31 15 21
21 25 40
19 22 46
17 25 17
22 25 24
37 33 17
33 33 24
31 45 24
22 24 38
18 17 23
28 41 30
31 25 29
28 43 40
23 41 34
18 26 26
27 36 35
32 34 39
20 24 20
24 45 22
18 20 30
40 31 19
17 20 42
22 16 35
28 35 13
20 34 30
32 35 19
31 34 22
28 41 25
35 32 29
21 23 37
16 36 19
34 13 22
21 33 24
35 39 42
18 45 25
25 19 26
37 20 32
34 34 31
30 30 28
25 15 13
37 35 31
17 34 39
27 23 23
29 44 20
25 13 24
16 36 35
16 36 39
28 42 27
34 27 38
27 43 19
18 35 35
24 39 21
21 39 31
29 27 45
31 23 41
27 27 20
41 26 14
43 22 34
25 30 24
38 27 31
37 25 16
19 23 29
31 41 33
37 38 21
30 26 44
34 22 39
39 34 25
24 25 14
28 33 35
30 35 24
16 27 21
24 30 24
34 20 31
35 34 24
24 28 34
31 36 28
33 22 40
31 22 43
25 34 16
46 45 25
39 30 30
31 39 18
29 28 40
14 39 45
24 33 42
26 41 40
34 35 42
16 28 31
18 41 19
42 44 33
30 21 31
29 35 26
25 26 24
25 22 18
35 26 38
32 44 21
29 42 37
22 34 37
33 32 27
41 33 41
18 18 20
25 24 33
27 19 26
23 36 27
26 29 14
36 24 25
15 25 32
28 21 39
32 22 23
39 23 36
13 34 18
45 31 18
15 38 30
27 25 22
34 33 34
23 25 41
27 20 25
15 18 18
22 43 31
37 24 16
31 43 30
42 28 37
19 18 24
32 33 30
28 39 28
15 38 31
34 38 39
36 24 37
22 33 37
19 32 38
16 38 13
27 30 21
28 22 23
16 28 24
23 34 30
24 26 15
23 39 18
31 35 14
21 39 31
20 27 45
20 15 40
36 40 39
30 22 28
14 38 46
22 17 17
26 42 41
25 27 27
43 37 46
36 19 15
38 25 13
32 32 25
27 18 27
26 41 17
17 24 23
24 30 36
28 15 13
27 46 32
27 26 15
19 25 18
24 14 39
41 26 18
13 27 36
22 29 37
19 17 24
40 24 44
30 42 37
36 18 27
21 41 33
26 43 39
35 37 28
39 38 31
19 37 30
42 42 20
26 33 19
22 35 31
33 24 26
28 18 35
24 39 17
25 35 39
24 27 25
37 42 34
17 18 28
28 43 33
24 19 24
27 34 15
27 26 31
30 27 33
26 32 24
22 27 20
28 32 33
46 37 24
31 19 17
17 21 29
22 23 35
40 26 23
38 25 22
17 27 18
43 23 33
25 21 45
26 26 32
34 25 42
27 15 39
32 24 18
27 22 38
25 18 27
38 21 24
41 38 37
21 24 30
17 14 32
16 33 34
31 20 35
20 30 23
38 32 20
30 25 27
16 28 24
33 29 24
30 36 45
38 29 30
18 22 22
32 28 24
25 19 13
35 28 23
32 31 21
31 36 20
22 27 42
14 28 41
37 23 25
38 23 45
42 16 35
18 31 39
32 30 19
38 32 22
32 24 32
45 38 19
26 28 38
41 31 29
24 32 20
20 26 37
28 31 18
36 35 21
31 26 27
17 34 45
30 21 27
28 36 37
27 24 35
23 26 34
18 25 22
24 24 16
38 41 36
35 17 39
42 27 31
41 43 13
22 25 35
23 46 29
34 40 26
23 35 46
25 17 45
14 13 25
22 16 28
24 29 25
23 31 22
42 26 39
23 37 13
31 19 28
20 18 14
26 40 28
15 42 34
32 28 40
38 26 18
42 20 28
26 31 16
31 39 15
26 33 25
21 42 26
45 32 25
25 29 39
26 31 26
24 22 28
22 23 21
38 20 46
23 23 29
42 28 42
25 30 30
21 32 30
43 40 37
24 29 24
27 39 24
23 26 38
25 42 38
26 22 39
17 22 43
30 17 43
42 32 30
17 17 30
18 25 23
30 35 23
15 25 29
25 31 32
31 27 39
22 34 34
26 32 32
34 27 28
36 31 23
27 15 43
40 23 29
36 25 29
25 33 24
20 35 33
33 24 31
20 22 29
15 21 20
29 36 24
22 39 24
17 36 20
28 32 13
15 36 29
27 27 24
28 32 44
27 31 39
22 23 18
28 38 28
25 31 23
31 23 31
26 44 27
30 25 20
24 30 33
17 25 26
37 26 40
25 31 25
22 37 35
43 28 27
20 34 17
27 18 21
35 16 18
23 34 18
21 36 23
28 16 26
17 41 32
25 42 34
27 30 30
23 29 38
26 28 23
25 20 22
21 16 22
20 20 24
41 24 17
29 40 15
36 34 33
22 31 33
36 31 36
20 21 34
34 13 21
38 23 44
42 29 19
35 31 40
21 27 35
34 28 22
24 14 31
30 31 16
38 17 37
20 24 43
22 41 40
24 34 15
28 33 41
22 19 15
33 25 34
28 27 22
22 24 25
25 24 39
33 23 27
44 42 19
15 28 27
34 26 25
31 19 22
39 44 41
38 16 16
18 32 24
22 31 22
44 46 14
22 26 43
39 33 37
36 20 22
25 31 28
38 38 43
25 25 33
46 37 30
23 33 20
35 35 20
15 34 24
21 20 40
23 19 34
40 30 21
18 27 22
35 30 25
24 16 34
19 20 30
13 28 20
39 41 36
24 44 20
18 27 45
41 23 37
39 20 35
24 15 33
30 21 34
15 24 32
39 29 22
20 46 43
40 37 34
44 20 27
20 24 24
15 28 24
17 28 33
29 43 25
28 43 24
35 28 32
25 29 37
30 38 31
42 30 32
20 30 28
21 42 23
23 44 13
34 35 38
39 40 32
38 28 29
28 23 42
30 28 41
30 26 40
45 40 18
20 21 27
22 20 18
41 45 26
22 15 26
21 31 29
25 14 40
46 14 14
26 31 25
28 28 32
26 24 22
25 34 34
28 19 23
43 36 42
30 14 20
17 15 26
36 27 30
42 41 27
33 27 36
21 28 23
31 24 31
31 26 31
43 24 13
28 16 36
18 40 39
25 25 21
35 23 23
34 23 44
35 45 33
41 25 29
33 25 46
46 20 19
27 40 34
31 28 33
46 35 21
20 45 23
24 18 36
15 25 24
43 20 39
15 39 27
17 46 36
31 33 32
25 15 28
26 18 36
23 35 24
19 25 13
42 46 33
29 33 14
34 16 29
31 36 34
32 40 34
17 20 20
30 23 35
25 33 14
39 28 35
22 26 46
44 37 16
25 14 26
21 20 26
34 42 24
13 30 29
33 33 43
37 27 39
29 32 18
36 33 38
30 36 14
23 39 18
24 36 30
22 22 26
23 14 45
32 41 32
26 24 23
23 14 41
20 33 17
45 27 37
14 27 17
26 19 20
25 40 23
15 26 39
30 29 31
31 19 33
21 45 42
37 24 36
30 27 29
25 30 28
28 28 39
34 40 35
33 19 21
22 21 21
25 22 24
34 35 38
27 15 21
33 16 36
32 21 36
23 15 19
33 23 29
42 25 21
28 21 33
28 34 38
32 36 22
21 25 41
43 32 33
15 41 16
29 42 29
25 43 25
19 33 32
27 13 24
33 32 24
37 17 27
29 25 32
14 22 31
40 43 19
21 31 16
30 27 18
35 31 34
40 40 28
36 15 27
28 22 25
44 37 22
20 41 15
21 17 26
26 16 33
34 26 31
23 46 30
25 20 29
28 27 35
26 28 26
20 25 15
26 45 18
35 44 21
19 34 30
23 35 23
33 27 30
28 21 32
33 46 29
29 38 36
29 22 27
19 31 44
35 37 34
43 18 31
40 22 17
27 20 18
16 38 23
29 33 21
22 25 43
16 37 36
14 27 22
31 30 43
31 14 22
25 29 27
24 19 28
29 28 23
29 42 19
26 30 27
13 33 37
34 15 31
31 28 38
25 37 30
40 26 18
24 24 33
23 34 24
27 43 31
22 13 24
22 13 31
41 15 34
25 29 17
14 27 31
42 37 36
37 15 46
18 22 25
28 30 35
37 32 24
27 24 25
20 31 37
32 27 36
37 17 25
18 41 37
18 42 19
27 22 31
35 16 34
19 21 24
16 14 25
26 27 46
38 39 13
31 21 34
27 32 34
32 25 29
27 24 36
44 34 33
45 22 35
36 22 25
22 18 41
18 21 41
20 25 19
39 23 36
45 40 15
46 36 32
17 26 40
19 36 29
31 18 36
33 25 21
24 22 21
31 39 38
33 13 41
38 15 31
29 29 27
29 18 25
29 35 26
33 31 29
21 25 27
43 38 38
28 30 20
23 17 34
35 26 32
22 30 42
18 30 33
17 14 13
29 25 19
21 21 37
13 15 17
31 32 20
35 23 23
33 18 35
32 30 44
35 35 36
32 41 24
22 22 19
18 30 29
35 22 22
30 32 39
41 29 43
40 31 40
20 39 28
34 24 31
26 28 43
15 40 30
23 42 36
17 19 20
23 38 21
21 35 17
28 21 20
27 27 16
34 35 30
27 20 24
40 13 31
24 22 36
25 20 41
46 43 24
22 35 36
23 18 23
20 31 29
20 25 27
23 18 24
34 45 20
39 17 27
30 22 22
38 41 30
18 23 32
26 32 36
23 24 27
23 24 21
15 28 34
31 17 28
22 38 24
22 23 13
37 28 30
43 25 25
44 28 14
20 16 30
15 17 37
40 37 17
19 41 32
29 32 42
35 15 25
41 28 28
31 30 31
34 27 19
23 22 38
23 31 17
42 34 27
27 27 26
20 20 21
29 40 17
13 23 20
39 27 30
30 17 32
46 31 15
29 35 34
36 35 21
35 41 27
35 24 21
21 23 25
21 23 24
28 20 36
21 42 34
25 27 42
40 23 29
30 29 17
24 33 42
15 28 30
25 28 40
16 20 26
20 42 23
28 24 40
17 16 22
35 28 29
15 36 22
28 28 44
32 22 29
20 27 28
31 43 31
25 20 35
25 28 44
26 29 28
38 25 30
29 35 23
18 31 22
35 30 17
20 25 35
14 36 34
31 33 36
23 44 43
42 39 45
17 38 25
20 18 38
46 22 27
34 41 40
27 32 24
38 24 30
26 20 19
27 20 24
35 21 38
23 32 26
26 43 29
31 20 32
35 33 27
25 21 31
18 33 27
26 21 32
26 24 16
14 22 20
25 35 22
29 13 15
26 31 23
25 25 20
13 20 36
20 44 34
15 35 27
34 38 33
21 19 28
19 23 26
30 37 29
44 30 19
30 38 19
26 23 42
44 21 45
28 31 17
26 35 25
39 34 29
17 30 27
34 29 23
19 29 25
28 28 27
32 32 21
23 15 20
27 18 42
33 39 20
30 24 38
33 28 31
25 23 40
17 21 17
34 31 26
19 28 28
17 43 20
40 26 45
45 25 29
17 24 35
31 31 28
25 23 22
33 43 21
41 26 23
30 29 23
37 39 38
38 21 26
36 22 26
27 41 27
24 27 27
25 40 20
14 26 23
43 19 19
31 26 26
34 21 14
31 16 21
25 38 33
19 41 19
35 24 36
19 46 39
24 43 25
32 26 39
31 44 23
32 41 29
31 22 22
30 27 20
33 34 39
36 25 20
40 43 33
45 21 39
30 19 35
22 14 25
33 19 23
35 35 23
34 25 45
35 27 25
31 33 22
32 31 13
22 27 24
19 31 25
21 37 34
26 21 23
46 14 44
21 21 26
38 38 18
19 31 22
42 33 27
16 31 24
42 34 19
26 33 26
33 39 36
37 38 34
26 39 43
33 38 26
20 30 17
39 40 43
25 22 27
30 32 36
40 35 35
37 32 34
30 29 24
17 29 35
33 14 41
27 19 23
38 44 33
19 29 29
38 23 20
24 23 13
19 19 18
24 19 18
22 42 43
39 28 18
17 28 18
28 19 40
17 42 13
42 27 44
32 32 31
23 22 38
21 35 13
35 40 17
42 32 43
35 17 30
32 15 21
26 40 18
42 39 23
30 31 33
38 16 23
45 21 30
27 42 17
32 31 37
20 20 31
27 36 32
25 16 39
31 29 29
21 35 40
29 41 36
29 18 22
35 31 44
33 32 42
