14 4 10
528 998 1828
536 1664
1081
847 1440 2149 3385
828 1487 2325 3324
809 1452 2443 3347
815 1536 2250 2792
847 1542 2170 3134
847 1534 2446 3240
897 1611 2205 3248
937 1416 2368 2983
871 1562 2395 2816
834 1590 2114 2815
934 1558 2228 3244
951 1586 2281 3070
869 1536 2193 2848
955 1629 2313 3089
135 156 103 193
166 141 122 199
174 115 143 108
109 142 157 169
114 120 143 103
128 163 146 156
113 157 148 122
136 197 179 158
103 185 180 102
177 113 100 181
102 113 118 131
129 103 190 144
114 122 123 161
126 119 124 182
191 138 6 21
3 1 5 1
4 4 2 3
7 0 3 4
3 0 5 11
2 2 4 3
5 1 2 2
5 2 5 2
3 0 7 1
1 2 2 0
4 9 1 2
7 5 3 2
3 3 2 2
2 6 0 1
3 1 5 6
