14 4 10
775 1073 2069
527 1632
1152
968 1808 2480 3694
991 1752 2562 4070
879 1743 2884 3977
1031 1831 2501 3926
897 1819 2859 3752
1013 1847 2643 3792
896 1846 2580 3915
930 1885 2723 3752
959 1824 2595 3808
1059 1922 2975 3773
1050 1637 2668 3784
971 1921 2832 3813
999 1780 2577 3629
933 1769 2620 3955
147 167 196 140
122 116 194 105
200 146 121 199
144 196 188 185
117 190 200 134
168 143 168 186
106 144 143 116
183 154 183 162
142 173 104 119
179 197 200 124
130 151 195 121
121 112 155 128
132 166 111 157
108 127 111 113
42 10 59 91
2 3 5 6
1 0 3 0
1 3 0 5
1 3 4 6
5 3 3 3
1 4 3 2
7 5 3 4
3 3 4 2
2 2 3 2
5 2 7 1
4 3 2 2
2 4 0 0
4 1 3 3
0 4 2 2
