14 4 10
486 1174 1591
696 1186
622
747 1261 2206 2872
821 1408 2450 2724
756 1482 2365 2578
829 1356 2200 2903
835 1405 2445 2719
741 1345 2396 3059
810 1370 2248 3026
706 1284 2198 2937
719 1439 2222 2617
702 1240 2455 2532
722 1325 2342 3006
826 1510 2477 2655
716 1454 2356 2628
787 1412 2094 2916
160 113 125 107
104 172 169 189
157 112 125 198
199 200 194 114
164 164 138 160
110 182 168 125
101 118 162 182
140 125 170 121
195 164 131 107
180 189 182 125
156 197 173 166
143 122 110 140
120 126 166 136
171 104 162 172
135 109 7 64
8 2 5 2
1 2 2 4
2 0 3 2
2 0 4 2
1 2 3 3
5 6 4 4
5 2 3 13
5 1 5 0
3 1 2 2
5 8 6 3
9 3 3 2
1 0 0 0
3 12 2 2
3 0 1 5
