14 4 10
748 969 1499
352 878
519
748 1556 1940 2568
721 1345 1911 2848
734 1597 2228 3016
693 1614 1890 2492
733 1469 1824 2834
717 1397 1887 2660
788 1525 1838 2841
686 1591 2161 2608
684 1409 2033 2814
704 1609 2020 2838
695 1546 1908 2518
706 1415 2179 2959
815 1555 2103 2886
803 1444 1940 2833
171 190 155 171
134 119 184 133
145 127 117 119
157 196 151 108
160 167 137 125
172 192 105 101
186 186 148 149
117 186 162 133
181 197 102 154
142 162 179 188
169 132 160 136
133 182 112 134
146 189 167 109
148 102 156 185
136 90 39 97
2 5 0 4
8 7 6 2
4 5 3 2
3 1 4 4
4 7 3 6
2 3 1 7
2 10 4 2
4 2 0 4
4 1 2 5
5 2 3 1
5 6 2 3
0 2 1 2
3 0 2 2
2 1 7 5
