14 4 10
317 898 1454
508 1012
467
683 1071 1760 2282
641 1050 1878 2384
716 1125 1780 2401
745 1021 1541 2538
659 1067 1843 2313
730 1196 1753 2473
728 1197 1627 2712
691 1075 1628 2422
683 1017 1624 2701
677 1211 1552 2690
710 1018 1786 2307
729 1029 1669 2586
647 1207 1553 2481
703 1033 1602 2460
193 164 157 158
111 116 174 119
177 104 173 167
113 171 104 178
157 159 187 173
183 164 164 197
116 162 129 184
160 166 176 161
191 114 180 118
108 172 138 173
170 167 194 177
149 182 149 188
129 100 120 151
175 127 119 167
104 22 140 79
2 2 6 4
3 0 2 2
3 1 2 4
4 3 6 1
4 1 3 5
2 2 4 2
1 1 4 2
5 3 6 4
5 1 1 5
3 1 3 1
5 1 3 2
2 4 3 7
1 1 1 5
5 5 1 3
