14 4 10
478 928 1680
581 1268
546
700 1255 2001 2632
599 1040 2093 2824
666 1200 1745 2801
658 1183 1914 2709
672 1226 1889 2483
606 1124 1925 2799
689 1087 1816 2764
703 1177 1777 2452
655 1223 1865 2751
658 1076 1969 2748
659 1082 1838 2527
707 1062 1846 2623
676 1114 1881 2461
697 1052 1853 2658
126 172 158 122
108 148 184 196
199 110 138 116
197 165 101 179
107 159 117 161
145 116 183 138
113 113 185 112
124 149 114 111
168 178 154 186
146 103 109 168
108 103 156 160
182 171 136 147
108 107 117 165
148 133 100 140
130 104 108 60
7 4 5 7
4 7 2 4
5 2 2 6
2 0 4 4
4 9 4 4
2 2 2 2
0 0 3 5
3 3 4 3
3 9 3 2
5 1 1 0
2 1 3 8
3 2 1 2
3 4 5 4
4 4 3 3
