14 4 10
481 804 1540
246 1067
758
713 1274 1616 2436
605 1198 1790 2477
605 1328 1771 2593
698 1156 1889 2651
678 1291 1927 2554
703 1158 1907 2677
613 1310 1886 2769
694 1335 1786 2450
662 1113 1712 2424
733 1158 1892 2491
725 1170 1841 2376
733 1306 1797 2780
645 1120 1598 2410
670 1176 1782 2717
121 187 163 163
176 195 178 117
185 193 161 192
184 129 104 114
113 121 155 162
123 101 110 178
120 108 108 138
163 152 125 178
195 146 139 180
188 135 142 129
135 142 155 172
180 178 179 135
173 112 148 189
107 174 122 144
67 0 103 105
3 0 0 3
3 2 5 6
2 4 2 6
3 1 2 6
1 4 0 3
4 1 1 1
1 1 2 1
3 7 6 4
2 3 9 3
1 3 3 4
7 1 6 2
1 2 10 3
7 0 1 1
3 6 3 1
