14 4 10
789 1232 2050
456 1389
803
804 1651 2219 3134
942 1691 2051 2987
940 1855 2305 3412
883 1767 2400 3409
891 1562 2115 2969
940 1726 2430 3358
953 1839 2118 3356
840 1627 2116 2846
911 1591 2086 3263
900 1553 2374 3172
856 1769 2413 3375
842 1661 2133 2903
876 1680 2050 3421
939 1795 2431 3372
158 199 116 181
188 197 110 177
124 117 106 169
161 141 123 117
177 107 138 118
181 137 137 191
126 112 187 127
131 188 126 165
150 159 100 185
170 117 183 105
197 109 140 131
145 152 118 179
129 146 104 198
197 101 173 182
92 99 90 105
8 5 2 3
6 2 4 2
1 3 3 5
6 2 2 2
4 3 2 2
2 3 6 5
4 0 2 2
4 6 7 5
5 5 2 2
3 2 3 4
6 0 4 4
2 7 2 2
1 3 6 4
4 4 10 7
