14 4 10
761 2023 2354
971 1157
329
834 1774 3000 3377
944 1798 2574 3817
834 1693 2875 3781
960 1915 2902 3583
919 1933 2871 3654
928 1621 2735 3935
899 1677 2693 3521
1006 1799 2493 3926
971 1771 2605 3434
855 1899 2953 3984
976 1715 2631 3466
920 1880 2637 3471
1003 1958 2900 3464
839 1902 2731 3658
181 129 108 135
185 191 192 116
163 196 156 137
154 125 154 176
178 135 198 142
188 113 137 109
191 105 198 114
159 174 160 176
141 135 200 150
200 199 168 100
137 115 103 142
144 184 187 167
147 123 199 148
197 172 193 167
121 196 51 38
2 6 4 2
6 2 5 8
6 0 1 1
5 0 3 10
3 3 1 11
1 3 7 2
2 1 1 5
3 4 1 6
1 6 3 3
6 3 2 1
3 9 4 2
4 6 4 1
2 6 2 4
0 3 1 2
