14 4 10
460 1118 1496
642 1446
559
789 1302 2136 2852
687 1367 1908 2993
696 1288 1963 3113
788 1331 2108 2797
745 1486 2180 2652
745 1421 2213 3087
676 1486 2027 3013
660 1519 2081 2910
701 1429 2001 2991
788 1274 1933 2891
778 1340 1883 2787
779 1508 1975 2722
782 1472 2149 3165
683 1338 1945 2686
106 139 200 125
106 170 158 104
134 102 117 113
119 168 199 126
174 163 177 195
145 152 128 190
154 151 150 196
142 151 104 156
168 147 192 184
196 154 174 151
145 112 121 167
115 160 181 184
157 112 157 137
100 160 127 151
235 65 7 28
5 2 7 3
2 2 2 1
4 0 11 2
1 2 2 2
4 1 2 3
7 3 3 7
0 1 0 8
5 8 3 2
4 2 2 2
3 2 4 0
5 0 4 2
5 2 5 10
4 4 0 5
3 2 3 3
