14 4 10
366 816 1439
327 973
564
538 952 1417 2217
512 910 1510 2063
485 915 1421 2261
475 934 1473 2008
544 976 1504 2034
529 1004 1413 2250
488 971 1479 2012
555 975 1345 2156
513 1026 1333 2068
523 938 1423 2267
540 974 1552 2169
544 866 1400 1900
467 889 1365 2217
465 931 1290 2059
124 132 198 152
172 137 196 183
138 152 199 182
200 189 116 149
198 176 171 119
143 167 187 187
100 173 125 150
153 146 148 176
192 144 135 178
143 106 176 150
110 182 110 100
194 102 199 187
110 187 138 148
156 180 124 189
122 158 34 37
1 3 3 2
1 4 5 7
1 6 5 1
2 3 1 1
1 3 4 6
1 2 3 4
2 1 9 4
6 5 4 2
0 2 2 8
1 3 3 3
1 2 4 1
4 4 7 5
3 3 1 5
0 3 1 0
