14 4 10
349 919 1455
630 841
369
649 1111 1786 2223
600 1115 1672 2147
630 1237 1661 2190
617 1181 1751 2293
580 1167 1641 2242
625 1100 1744 2197
596 1183 1590 2334
557 1241 1636 2301
613 1084 1780 2521
577 1182 1794 2202
652 1296 1897 2467
654 1184 1630 2326
617 1264 1895 2316
598 1284 1850 2389
127 131 145 171
173 139 162 125
162 104 118 141
103 181 151 167
182 130 163 137
171 123 185 178
141 159 182 197
188 126 108 169
165 132 135 140
148 100 127 192
131 190 187 182
158 180 184 165
146 115 122 100
109 160 132 182
125 79 4 21
4 5 3 2
1 2 3 2
7 4 2 1
8 7 2 3
5 6 4 0
1 1 1 5
2 8 1 2
1 1 3 3
2 4 5 4
8 2 2 3
6 3 6 2
3 3 2 3
3 1 6 2
6 3 5 5
