14 4 10
381 1098 1741
925 1568
663
812 1217 2259 2968
807 1122 2321 2961
815 1171 2101 3140
704 1203 2350 2800
799 1251 2095 3015
744 1322 2298 2730
685 1165 2270 2966
682 1170 2067 3001
755 1181 2339 2939
783 1168 2263 2710
800 1196 2050 2880
790 1329 2352 2780
699 1269 2421 3133
677 1123 2200 2928
151 104 172 124
133 185 105 149
158 176 169 188
177 141 123 168
166 137 123 178
143 139 160 120
103 180 152 163
158 134 194 172
157 174 156 132
191 198 104 143
115 167 162 176
200 120 174 156
166 121 107 190
138 158 129 158
32 100 164 6
5 4 3 1
0 1 1 5
1 4 4 5
6 7 6 2
3 3 3 4
3 2 2 3
3 5 2 5
5 3 7 5
3 3 2 6
5 4 4 7
1 1 2 2
4 3 1 10
5 4 2 1
7 6 7 2
