14 5 2
447 787 1355 1701
543 1128 1459
490 1026
443
671 1174 1778 2380 2947
639 1142 1813 2754 3062
667 1172 1616 2753 2995
701 1105 1757 2526 2877
672 1114 1685 2319 3062
607 1182 1737 2567 3046
667 1240 1755 2415 2892
681 1233 1843 2637 2935
711 1067 1831 2608 2859
695 1082 1640 2567 3287
630 1204 1746 2477 3029
626 1145 1832 2522 2980
671 1159 1655 2734 2927
635 1254 1660 2396 2903
109 123 105 181 111
182 116 106 120 104
197 188 170 194 121
124 136 129 192 193
141 170 164 109 142
158 152 116 100 111
104 165 166 121 178
179 114 114 167 173
145 131 121 161 160
110 190 122 160 161
151 118 113 190 193
199 104 108 107 177
155 193 146 176 131
151 164 134 138 141
80 18 58 46 90
5 15 6 8 8
7 4 2 3 4
16 2 14 10 5
7 3 13 6 7
6 4 10 15 3
8 12 1 19 0
8 21 0 3 1
4 0 0 6 1
1 13 5 5 18
5 3 2 4 13
6 3 2 6 3
7 19 11 1 13
1 0 0 6 3
0 3 4 9 6
