14 5 2
493 1123 1639 2557
676 1328 2074
577 970
529
697 1349 2265 2888 3613
797 1200 2194 3001 3812
772 1183 2226 2787 4029
823 1213 2224 2946 3714
746 1386 2290 3024 3700
733 1221 1944 3021 3783
803 1401 2158 2952 4026
734 1213 1988 2825 3519
734 1367 1993 2677 3735
738 1164 2331 2833 3680
710 1199 2305 3052 3606
693 1386 2092 2866 3689
790 1234 2177 2672 3943
729 1407 2333 2703 3686
155 135 153 190 198
135 126 140 135 140
168 151 145 193 167
141 133 115 113 137
159 108 123 109 126
142 181 106 167 163
118 128 153 145 188
122 168 157 152 179
163 157 118 164 134
162 189 185 187 152
169 158 193 148 153
169 166 172 173 193
141 118 103 145 128
159 154 134 156 105
119 120 175 46 29
5 8 13 3 5
10 2 2 9 2
4 6 9 5 5
1 0 9 1 8
0 3 4 1 1
5 23 3 1 1
1 5 11 14 10
14 4 0 6 1
6 0 1 7 11
4 8 2 18 6
2 4 5 9 7
8 2 8 2 5
4 4 5 11 0
0 4 1 10 5
