14 5 2
665 1169 1702 2490
589 1019 1612
701 1293
502
802 1573 2226 2977 3641
867 1508 2025 3359 3995
800 1658 2194 3223 3886
732 1425 2063 3233 3732
818 1575 2246 3059 4188
736 1546 2023 3308 3854
745 1627 1849 3240 4184
741 1450 2133 2860 3699
849 1622 2047 3356 3867
770 1513 2006 2833 3968
809 1573 2187 3291 3535
772 1446 2082 2858 4173
744 1656 2112 2797 4249
833 1419 2240 3137 3859
120 173 163 138 183
110 173 103 111 152
138 191 131 116 136
114 166 183 175 111
153 163 150 148 156
149 184 168 133 191
192 154 186 100 174
134 111 200 196 149
154 121 148 114 194
154 146 165 181 159
200 134 158 193 108
167 122 197 136 156
196 109 175 114 122
125 124 177 145 148
253 5 51 158 14
0 2 16 3 1
5 2 6 2 7
6 4 1 0 0
11 6 3 5 11
12 9 2 10 14
2 2 5 8 8
2 5 15 2 7
8 14 15 3 1
7 9 11 12 1
4 20 2 1 2
7 4 2 4 9
0 2 7 2 5
13 0 4 1 1
1 6 1 10 19
