14 5 2
465 908 1060 1802
533 690 1041
156 577
371
507 1064 1787 2005 2453
527 1016 1581 2099 2802
572 1033 1598 1976 2819
500 1180 1558 2038 2800
574 1146 1576 1815 2473
569 1043 1764 1754 2575
562 1037 1629 1985 2609
503 1010 1620 1943 2606
503 1101 1496 1791 2490
588 1119 1731 1914 2405
515 1097 1678 2044 2616
581 1088 1617 1821 2740
540 1041 1687 1856 2563
494 998 1732 2030 2733
142 186 186 174 158
114 161 164 117 191
158 141 108 105 187
182 159 135 109 145
123 123 129 126 106
146 156 185 177 144
179 129 174 198 105
160 200 108 196 139
178 198 175 188 181
110 178 116 149 116
138 117 192 121 114
163 108 179 148 102
113 119 106 176 122
169 152 166 200 128
4 57 100 161 46
1 7 5 1 2
7 1 1 11 5
11 5 10 5 8
2 0 4 8 7
0 5 4 4 5
1 5 4 4 6
16 7 5 8 3
9 3 8 6 19
10 4 4 0 0
4 3 3 8 0
7 1 1 3 15
6 27 7 9 4
7 1 3 9 11
11 6 11 5 0
