14 5 2
287 997 1849 1653
706 1453 1701
545 682
116
601 908 1849 2578 2729
663 936 2024 2643 2713
713 958 1764 2503 3040
647 915 1884 2607 3215
592 1031 2098 2373 2767
712 928 2013 2464 3217
697 947 2041 2757 2898
620 1072 1826 2542 2999
616 1014 1796 2338 2878
701 992 1916 2600 2748
716 911 2064 2637 2705
642 918 2003 2742 2909
593 994 1908 2477 2881
638 1084 1909 2485 2828
102 103 181 177 123
169 108 145 160 100
166 101 157 163 146
198 138 182 145 158
149 151 122 136 154
159 193 124 186 150
139 127 123 175 163
167 109 143 182 134
140 200 118 125 181
137 100 106 134 185
176 133 124 177 148
178 107 102 106 113
115 102 153 165 188
150 164 112 192 200
6 78 18 148 51
1 8 6 3 6
12 5 13 11 1
4 4 8 12 3
2 12 15 11 5
6 9 6 0 9
9 5 7 1 5
2 12 12 28 2
3 4 3 4 5
13 0 2 11 7
1 4 7 10 1
9 2 12 10 0
5 0 8 3 2
4 4 4 14 0
12 4 7 8 6
