14 5 2
257 1017 1509 2073
624 1277 1621
514 929
563
639 953 1750 2382 3067
552 957 1632 2436 2785
560 1017 1764 2280 2712
647 952 1955 2503 2787
627 946 1885 2304 2974
626 1009 1683 2250 3091
617 959 1894 2435 3101
664 956 1928 2328 3158
614 956 1936 2451 3102
561 918 1751 2221 2820
557 994 1946 2445 3047
649 904 1984 2546 2665
656 985 1939 2444 2935
664 945 1632 2348 3130
200 109 118 171 150
149 136 159 162 181
198 165 119 104 137
150 160 122 190 145
146 168 141 181 185
169 159 182 176 188
142 183 178 155 196
151 176 164 142 101
184 196 143 180 146
189 105 200 116 150
148 178 119 155 174
155 113 111 107 164
132 134 183 123 200
113 111 153 130 148
234 105 48 46 74
13 4 10 3 7
0 5 3 0 4
8 4 12 4 10
7 2 3 5 2
5 2 1 16 2
5 3 7 5 8
5 5 8 7 3
16 6 1 16 0
12 6 3 3 2
16 5 1 4 7
8 17 3 7 1
15 9 6 8 15
3 13 6 5 0
10 8 9 6 0
