14 5 2
326 1581 1713 2639
1107 1852 1964
593 924
495
826 1230 2551 3211 3737
793 1409 2482 2801 4360
807 1218 2359 3026 3694
762 1237 2245 2938 4306
834 1324 2233 2769 3728
837 1273 2337 3120 3759
896 1334 2255 2899 4181
797 1321 2200 3047 3778
796 1388 2244 3093 4018
824 1304 2503 2982 3948
795 1222 2312 3130 3708
775 1330 2230 3076 3633
810 1284 2192 2958 4339
802 1422 2529 2938 4118
130 130 130 165 130
141 177 139 122 125
109 112 108 148 122
131 147 175 194 180
174 171 101 189 132
114 147 186 159 137
174 170 170 102 109
104 188 165 159 147
148 127 119 132 151
137 156 144 176 113
143 153 108 188 115
178 140 122 119 114
200 114 194 177 101
190 128 170 191 168
87 75 192 27 6
3 3 5 8 4
12 9 16 13 1
5 6 1 8 2
7 22 10 12 1
10 1 5 4 9
6 3 12 3 8
4 3 9 1 2
7 0 0 2 6
12 9 8 6 11
1 9 14 2 0
1 11 12 10 1
4 6 5 3 6
15 1 2 0 3
7 8 5 6 1
