14 5 2
408 633 902 1899
283 566 1273
371 1129
847
485 938 1244 1670 2563
469 933 1445 1748 2556
480 1054 1267 1959 2370
467 968 1469 1819 2504
457 1003 1356 1685 2496
474 909 1350 1848 2521
509 993 1508 1710 2157
480 890 1376 1708 2339
476 1000 1375 1678 2367
550 1012 1466 1925 2198
469 960 1300 1679 2180
535 894 1418 1958 2442
541 1043 1487 1959 2313
539 998 1366 1697 2250
195 127 176 164 187
182 106 132 127 131
138 164 144 118 122
163 196 112 122 176
132 119 166 144 104
188 167 160 118 104
152 173 134 163 144
165 187 147 124 108
170 129 105 124 173
123 134 132 161 172
173 182 151 152 126
169 131 144 131 197
148 170 121 174 144
170 180 113 165 155
216 39 12 127 81
3 9 1 0 7
17 11 7 4 10
9 10 19 1 0
2 3 2 4 4
10 5 1 20 3
16 2 3 3 6
1 1 3 4 7
7 9 5 1 4
0 0 0 11 3
11 16 3 2 6
10 1 6 22 10
5 4 2 3 11
7 3 13 2 8
4 4 2 1 8
