7 2 10 1000
367
574 985
579 1074
552 998
580 1051
519 987
534 1030
559 996
42 29
39 43
39 26
30 45
39 39
37 36
31 43
23 4
34 29
15 17
19 19
30 39
39 29
18 15
30 37
37 29
28 29
28 26
21 42
29 19
29 31
31 27
35 25
38 19
31 26
23 38
32 25
20 25
22 21
34 29
27 29
34 26
22 42
21 35
37 21
19 39
42 27
19 25
22 24
30 33
24 39
23 22
31 23
41 26
30 33
38 26
15 23
17 38
26 36
26 28
25 29
39 30
30 22
30 45
39 39
20 29
31 27
38 29
30 23
17 26
30 34
36 20
37 18
31 29
27 29
39 37
31 20
20 13
39 25
35 25
24 38
21 26
27 26
39 26
28 16
14 32
23 23
29 19
29 29
13 41
30 23
30 24
25 37
18 21
29 27
36 21
28 27
39 24
30 32
18 29
37 31
19 43
28 20
23 28
33 26
19 36
29 28
22 21
16 25
33 27
22 35
14 24
30 37
16 25
30 19
31 22
28 29
20 40
19 16
17 22
39 28
30 30
23 22
30 29
37 22
23 26
21 20
15 38
19 22
25 24
38 25
30 21
24 17
30 16
37 19
24 36
21 40
24 28
23 43
24 26
30 29
32 28
37 27
18 27
39 29
31 38
37 26
30 29
18 18
30 25
31 19
32 27
14 18
26 26
18 33
39 20
27 36
25 35
34 29
28 25
24 15
15 26
30 28
19 25
31 39
25 19
39 18
29 23
30 20
21 24
21 14
31 35
16 18
26 26
39 17
30 41
30 35
19 19
31 36
39 28
31 31
19 24
27 19
23 36
18 36
17 19
18 24
36 23
26 14
18 18
36 15
37 30
27 25
31 17
35 34
26 26
30 20
26 31
21 23
31 17
33 29
38 43
33 26
28 20
31 20
37 27
31 27
23 28
37 41
17 26
26 16
23 21
37 36
31 43
30 20
39 40
35 21
25 24
38 23
15 36
31 36
41 29
36 20
22 26
28 32
32 30
14 16
31 35
39 24
25 36
25 21
27 21
39 21
28 20
29 43
19 29
29 36
29 16
16 34
20 39
30 28
24 35
20 26
22 32
28 26
30 30
27 37
37 31
31 39
39 29
23 26
28 24
24 23
27 37
33 28
18 25
28 29
26 35
21 26
30 33
32 34
37 36
31 36
21 21
15 18
26 26
26 30
39 24
28 29
16 15
33 29
22 32
25 26
13 23
36 39
36 14
31 28
27 29
37 32
27 24
17 39
31 30
14 23
31 26
42 29
27 23
25 26
30 19
30 38
37 36
31 19
25 29
38 36
23 26
25 28
39 21
21 25
31 31
35 29
28 19
39 21
27 25
31 19
35 16
20 27
42 29
19 26
33 24
23 42
31 34
32 32
31 24
33 29
30 35
38 26
14 26
34 39
23 32
31 32
41 23
39 29
36 23
30 23
29 39
17 36
26 24
30 23
13 17
28 24
20 16
17 37
30 27
29 34
25 25
37 27
13 17
26 44
30 22
26 35
26 20
21 29
32 36
15 26
27 22
39 35
29 22
31 37
16 28
35 23
15 26
28 45
29 14
36 29
21 37
42 29
39 18
19 26
30 44
32 27
27 36
29 26
20 29
17 27
32 26
22 45
25 23
37 32
17 30
31 25
39 35
13 14
30 17
19 39
17 29
31 25
39 29
23 15
27 19
27 24
39 39
22 15
17 17
36 26
29 28
33 26
22 35
27 39
19 16
27 37
29 29
21 31
38 18
30 29
15 19
23 31
31 42
42 19
30 17
22 26
30 15
38 39
37 36
16 30
14 29
24 13
33 26
16 23
30 35
23 18
16 37
27 29
17 32
21 24
20 16
15 37
34 36
27 23
36 29
27 33
23 26
30 22
26 33
28 18
31 43
42 25
34 28
18 22
23 30
31 36
28 27
21 20
15 29
27 20
13 26
30 16
17 39
37 36
31 24
27 13
22 30
37 26
30 18
22 20
37 33
31 14
42 23
33 38
15 26
22 38
39 35
28 26
31 27
40 22
16 14
24 26
23 27
29 34
28 36
25 42
19 29
34 20
26 21
30 41
20 23
27 33
31 20
39 29
27 43
27 23
28 24
25 23
26 32
16 22
21 29
14 30
28 20
16 31
38 38
37 35
31 33
33 27
26 33
21 26
30 17
21 27
28 29
25 29
42 29
36 43
21 26
30 22
20 20
30 22
28 28
42 29
39 35
25 26
28 19
37 37
13 25
31 14
21 29
31 23
21 13
30 36
20 22
24 15
21 42
31 21
18 27
26 25
19 24
36 26
37 36
24 28
32 29
37 33
25 26
24 22
24 28
25 19
31 27
31 25
35 36
25 21
24 26
14 28
29 36
25 39
41 18
32 33
20 26
30 31
21 31
17 13
31 27
20 29
24 22
33 26
29 34
15 25
18 28
31 29
18 29
26 22
33 21
30 34
28 17
31 36
31 34
27 20
23 40
39 26
21 14
20 33
15 32
31 36
29 29
39 43
33 26
20 28
19 30
17 31
22 43
29 25
26 26
30 26
28 36
39 25
15 36
20 16
17 23
24 43
39 26
20 31
15 36
16 25
31 31
24 29
19 26
26 26
19 30
26 22
37 24
21 24
14 18
33 41
31 26
30 26
25 24
14 31
31 43
14 29
39 43
18 21
30 27
22 34
22 32
31 22
16 29
23 42
23 26
30 29
19 35
25 36
17 21
33 29
35 37
18 26
28 40
25 35
14 36
27 31
27 21
33 22
39 16
30 35
39 34
30 32
31 30
41 27
39 38
25 14
30 37
24 28
17 36
23 24
28 29
39 28
25 26
30 35
26 29
25 15
17 33
20 25
39 36
18 26
30 21
39 39
23 20
23 36
22 29
25 40
29 26
30 30
22 29
31 21
21 16
23 29
26 24
20 26
25 35
19 37
26 36
17 19
25 17
29 26
28 26
30 18
33 30
31 36
28 43
16 29
14 38
27 26
18 27
25 23
37 36
31 26
42 27
36 29
39 18
29 34
16 24
37 22
15 35
38 29
29 32
39 26
14 26
24 31
21 20
31 33
35 16
31 38
26 26
25 22
15 32
23 24
29 22
23 22
35 23
32 21
30 30
25 13
23 21
19 28
18 22
31 23
34 26
15 33
27 34
35 33
16 36
23 29
30 27
32 22
30 29
31 24
18 36
31 41
19 29
31 43
21 26
15 27
31 28
34 36
23 19
35 29
21 28
24 26
30 18
39 24
36 36
22 28
22 29
19 41
39 19
28 33
39 20
16 36
25 39
16 26
29 22
13 26
29 27
35 36
18 25
31 31
42 29
26 28
25 26
21 26
18 27
21 31
19 25
20 29
24 25
21 17
24 29
21 19
22 26
24 38
40 22
17 13
32 26
16 16
27 19
26 29
23 26
19 26
22 15
25 23
29 28
25 38
30 32
24 39
19 29
24 43
30 26
25 22
39 14
37 27
26 30
37 17
32 43
24 26
22 27
27 33
32 21
16 34
36 29
25 23
25 26
30 44
30 39
21 36
25 16
19 29
39 25
25 26
23 18
27 24
37 22
20 28
16 29
20 26
19 18
22 29
27 24
24 36
27 34
35 29
23 37
39 26
30 39
26 39
35 34
27 27
28 19
38 29
13 26
23 45
34 39
36 23
31 15
41 22
26 30
26 26
27 34
28 39
28 33
31 21
28 29
28 41
14 26
18 33
21 32
37 33
31 25
14 29
33 17
31 18
30 33
28 23
28 36
31 32
42 29
29 23
39 26
26 31
23 32
21 33
31 24
30 29
24 22
19 26
30 25
19 37
25 13
25 28
15 22
19 43
18 25
17 35
23 39
30 36
22 15
22 22
34 19
18 15
29 16
17 24
24 36
18 35
16 23
39 22
13 26
14 14
30 37
15 36
31 39
38 29
39 33
31 26
30 41
22 29
23 35
28 30
20 22
29 30
20 24
30 23
37 39
24 16
31 27
22 14
31 41
39 26
26 16
39 39
33 31
21 30
24 29
27 35
23 23
22 27
26 26
29 36
31 33
21 29
32 37
22 24
30 22
17 35
27 28
31 20
30 29
39 37
39 21
21 23
20 33
32 33
25 20
37 17
18 27
39 26
30 40
35 36
32 36
31 32
14 27
39 29
18 26
19 20
21 39
19 19
21 24
28 22
33 19
30 26
19 43
39 27
23 16
31 31
30 22
37 42
24 26
21 16
39 39
30 21
30 23
42 27
22 40
28 22
29 30
29 33
23 36
31 25
23 21
30 16
39 21
21 27
18 20
37 36
31 18
25 15
21 21
27 26
21 23
35 39
28 30
18 32
13 22
26 30
14 26
30 24
39 17
15 18
28 38
21 21
17 33
22 26
13 40
39 31
34 29
27 24
22 24
19 31
35 22
20 41
15 39
37 23
31 37
31 27
32 29
30 26
30 19
14 25
13 30
20 41
25 28
39 24
22 26
14 38
22 23
23 26
25 22
30 27
27 15
39 25
28 14
20 32
30 16
31 25
31 21
14 26
35 26
28 26
27 18
24 36
30 30
24 23
16 33
24 26
30 38
36 21
29 16
31 17
15 27
19 14
39 25
29 45
33 37
20 27
23 22
34 22
25 27
28 19
30 33
39 17
22 19
31 35
20 29
26 25
24 26
14 39
25 39
13 26
17 28
30 29
19 35
33 22
29 23
22 19
28 16
21 25
30 29
39 18
26 26
30 41
14 39
24 30
31 26
39 20
29 38
27 26
26 34
27 30
34 33
31 37
27 27
34 36
30 26
30 28
28 39
19 29
18 35
31 22
30 22
36 26
30 32
31 34
33 26
16 28
19 29
15 23
34 22
30 19
24 39
13 14
31 16
36 20
23 34
39 26
30 31
29 22
37 22
19 43
40 29
25 13
30 26
30 23
17 20
30 36
31 22
42 19
28 24
18 26
30 38
20 25
26 33
31 38
13 25
23 39
36 25
25 40
20 14
37 36
24 25
17 29
35 18
25 26
13 36
27 16
29 14
25 22
30 29
36 20
39 23
21 24
25 25
33 23
19 27
13 29
31 26
24 16
30 32
30 20
30 36
20 38
36 19
26 37
21 18
30 39
25 39
34 16
30 37
42 29
33 15
39 26
17 45
26 20
22 28
28 22
18 25
33 42
21 26
30 45
26 34
17 34
31 30
30 21
24 23
29 22
30 27
39 26
28 21
30 34
25 15
39 30
35 22
22 28
26 18
35 36
25 43
41 18
31 41
33 25
30 33
13 25
27 29
17 41
42 21
17 31
35 26
13 35
13 39
26 32
28 21
42 17
20 27
39 26
24 43
32 35
20 34
31 17
17 29
39 19
15 26
17 25
26 26
22 34
31 28
19 29
15 23
38 24
26 37
30 15
18 36
28 38
30 29
24 21
14 26
27 19
39 26
29 24
29 33
22 29
39 29
28 21
30 28
19 38
37 35
24 18
28 18
36 22
17 22
30 19
21 23
27 36
17 43
37 29
20 16
23 26
14 36
16 17
31 21
31 20
24 25
39 33
31 21
18 25
23 26
23 32
24 43
33 22
28 40
22 26
30 24
19 25
26 31
22 19
20 29
21 33
14 17
30 35
32 26
37 13
31 22
22 26
36 32
39 26
30 32
29 28
32 26
31 26
34 22
39 42
26 21
30 13
37 22
29 20
31 26
27 28
39 23
14 26
30 18
24 38
20 24
21 21
30 17
20 19
19 21
15 24
29 33
29 23
31 18
33 16
22 30
35 24
19 43
24 19
30 25
31 18
35 26
21 41
39 26
29 43
33 37
18 35
24 14
19 29
34 27
39 19
30 36
27 39
26 36
31 21
15 22
33 36
30 21
29 24
39 28
14 36
24 22
23 22
34 39
25 26
21 20
22 39
18 14
31 34
38 29
24 35
32 24
17 32
32 37
23 33
31 22
22 29
13 22
27 26
20 41
23 29
33 36
30 20
16 29
29 41
19 26
30 21
39 23
32 24
30 32
24 16
18 25
22 26
22 21
32 39
37 18
31 36
20 23
39 34
39 26
26 20
36 20
37 20
31 31
33 18
28 26
21 26
30 30
19 35
16 20
31 35
14 19
23 43
32 26
21 23
37 28
22 14
23 32
19 29
36 29
39 26
30 30
21 30
18 36
31 27
28 24
31 31
17 26
29 36
20 30
16 25
31 30
13 23
32 34
35 20
30 13
39 31
34 31
31 36
23 20
34 20
30 26
20 40
37 35
32 17
27 30
23 22
39 21
28 20
16 30
29 33
28 36
25 20
29 18
39 40
18 21
30 41
33 17
20 25
25 28
28 29
17 30
26 26
30 31
39 33
23 22
31 38
19 29
39 42
22 26
26 25
32 39
20 21
18 27
42 29
23 28
19 26
25 35
21 32
24 36
28 25
18 19
23 33
22 26
24 18
30 35
22 31
21 25
29 29
33 27
29 26
28 28
20 19
35 23
31 35
36 23
29 20
31 26
15 44
26 19
17 36
17 24
24 29
27 19
39 26
25 31
34 22
29 28
24 16
42 29
31 29
15 26
30 19
39 24
35 31
31 29
42 29
26 19
15 14
24 23
39 20
28 33
19 25
26 13
27 26
36 26
30 14
39 21
30 31
31 27
37 29
24 37
34 26
30 30
20 27
32 36
31 37
30 29
21 15
33 24
19 28
31 39
25 35
24 41
27 13
22 22
30 26
27 28
27 39
31 31
31 16
24 21
17 29
39 26
20 13
33 21
31 36
31 29
40 29
25 26
28 26
30 35
14 19
35 31
29 27
16 27
24 30
36 16
25 38
18 23
29 36
22 19
36 19
27 43
23 26
30 31
27 39
31 33
31 13
20 17
26 26
33 26
30 32
20 26
32 36
24 26
16 16
39 32
33 26
30 25
33 19
17 36
31 28
38 24
32 24
31 26
16 19
36 35
27 36
31 33
26 29
33 16
24 22
30 26
34 27
30 21
25 21
17 29
24 32
38 17
30 16
20 39
37 36
31 38
25 29
19 21
24 25
30 19
20 25
30 36
29 14
33 16
34 25
39 26
16 34
26 39
28 33
31 17
37 25
35 20
29 26
30 41
39 22
37 25
31 19
23 29
39 40
23 20
22 37
28 28
23 30
29 26
42 29
37 34
16 26
30 27
34 29
26 33
31 17
25 29
34 43
33 26
14 32
39 25
34 36
22 20
38 29
31 35
28 23
30 16
34 16
26 13
21 33
22 18
20 14
15 26
30 27
28 39
35 28
31 35
40 19
26 43
39 26
17 30
33 33
22 33
31 32
32 16
38 24
23 16
30 18
26 33
17 36
31 21
19 17
19 38
39 15
20 29
33 29
37 35
14 35
38 24
39 18
39 26
30 16
36 28
24 22
31 22
14 28
22 43
25 26
20 36
30 31
22 19
23 34
42 29
17 32
30 18
27 28
14 34
28 23
27 34
25 13
24 16
23 26
16 34
25 28
25 36
31 33
31 29
39 35
21 26
15 25
18 16
37 35
20 32
42 26
18 20
36 26
15 32
29 39
25 36
31 24
29 23
27 26
28 26
30 38
34 37
32 26
18 37
25 29
35 20
17 26
29 31
35 22
25 15
31 23
27 29
39 43
25 26
30 15
36 21
37 32
23 36
26 29
25 31
37 19
30 38
19 35
13 14
15 25
28 29
19 27
39 14
17 24
39 39
24 34
24 42
20 29
23 23
39 18
25 21
33 21
27 17
31 34
29 28
33 38
24 18
25 33
30 18
32 27
26 37
34 28
16 22
22 26
30 35
15 17
20 20
13 30
24 25
20 33
38 26
25 35
19 34
22 24
25 27
42 29
38 29
33 26
15 33
37 15
34 19
29 25
21 17
16 17
28 24
27 39
26 16
33 26
31 28
27 29
18 18
31 26
20 29
39 28
27 36
19 32
26 27
30 41
36 20
30 24
25 17
29 22
31 28
20 25
38 21
21 26
29 26
33 31
37 34
25 40
18 29
29 30
39 25
30 40
33 23
22 18
22 42
26 29
23 23
22 26
23 19
17 34
26 29
21 17
34 15
36 36
39 26
30 42
39 28
25 29
31 22
19 29
39 29
26 17
30 44
29 20
17 34
29 37
35 18
39 30
39 26
27 31
25 22
35 36
30 14
23 28
25 28
39 26
19 13
16 39
27 36
31 25
42 29
25 31
14 26
30 17
26 39
26 23
22 37
22 19
34 27
33 26
18 36
20 32
37 27
20 35
22 29
37 29
27 26
22 24
21 24
34 31
19 26
33 29
21 29
29 26
23 25
23 22
22 26
24 29
14 21
23 27
33 23
15 37
16 27
37 36
20 16
23 29
21 40
13 26
30 26
20 28
36 36
25 24
37 21
27 22
28 26
29 17
24 30
29 26
31 43
19 29
19 35
31 26
30 40
31 14
37 17
31 28
30 29
22 18
31 14
30 22
16 29
22 17
31 14
13 21
24 43
36 26
30 30
23 38
25 34
31 35
28 20
32 35
26 26
30 22
16 14
31 36
20 19
33 22
20 27
39 26
30 38
31 29
16 28
31 19
29 25
31 20
37 26
30 30
17 36
36 20
26 38
33 24
23 28
32 20
29 25
37 18
32 33
22 27
42 29
28 37
26 26
30 14
29 18
19 30
31 30
36 24
26 24
23 26
30 18
24 21
37 34
31 43
37 29
21 43
35 26
23 30
37 39
27 23
17 37
24 29
38 30
25 23
25 14
39 27
20 16
25 19
22 29
33 18
26 21
28 15
39 36
22 23
31 15
39 23
25 21
38 26
16 25
25 34
33 17
23 31
40 29
39 43
22 24
30 43
17 21
37 30
31 36
19 29
32 27
30 26
30 27
18 17
37 26
17 19
36 27
14 38
39 26
22 20
19 39
23 32
16 27
32 17
22 34
39 26
30 21
22 30
24 16
28 18
31 27
25 23
26 19
14 22
17 39
19 25
31 20
25 23
28 38
18 26
30 35
23 28
33 24
30 42
22 29
13 25
26 26
30 45
39 14
23 32
29 20
32 29
17 22
13 26
27 25
13 15
37 36
31 30
29 27
29 23
13 26
30 22
32 26
21 28
26 22
25 19
39 33
29 23
26 28
28 27
14 19
31 31
24 24
28 30
20 14
19 26
32 37
30 36
27 43
18 29
25 31
24 26
14 20
23 31
29 28
31 36
42 16
39 22
26 26
25 27
16 24
31 23
17 30
27 29
24 33
33 23
30 22
23 23
25 36
23 17
13 27
38 21
27 23
30 40
30 29
37 31
24 20
23 18
29 40
32 22
28 16
39 27
26 35
24 14
28 29
34 24
33 16
30 36
30 38
30 36
19 29
27 16
16 26
22 25
22 21
15 35
30 36
24 30
31 23
39 32
27 26
28 18
39 19
37 32
23 27
13 22
16 42
24 26
30 30
23 23
32 25
17 19
24 21
33 30
29 26
30 31
19 19
15 36
20 19
34 14
26 25
14 26
27 39
19 39
29 26
31 18
20 27
29 39
29 26
17 25
34 29
36 23
22 41
33 28
29 34
28 26
30 16
32 26
21 31
25 27
38 27
16 29
22 14
30 35
23 29
24 31
18 21
17 29
18 15
34 18
16 22
22 26
29 36
23 23
37 29
20 20
37 25
30 42
26 39
32 19
22 19
15 29
29 42
39 25
23 18
27 25
26 36
31 29
37 29
26 23
28 26
30 17
28 15
37 15
15 35
35 29
31 24
30 25
30 39
28 30
24 25
31 36
34 25
36 23
18 26
19 23
39 31
26 19
23 19
30 29
27 34
13 26
19 18
17 32
17 29
27 39
42 28
27 25
14 26
22 16
26 23
18 31
21 31
29 15
26 31
37 21
30 28
13 27
37 34
24 43
34 29
20 37
25 16
26 29
35 33
37 21
14 18
26 29
17 17
38 26
30 27
23 19
33 34
27 22
33 29
32 34
21 26
30 42
23 35
17 26
23 30
35 29
18 28
25 24
30 37
28 20
24 25
31 21
13 29
27 20
33 20
30 38
39 34
31 24
31 19
30 27
30 39
30 26
29 21
39 31
22 31
25 13
23 29
14 38
20 22
23 24
23 21
34 26
18 23
31 29
24 18
15 26
30 17
39 38
23 30
22 21
20 24
15 24
30 24
19 27
21 30
35 20
18 30
16 18
39 29
15 26
30 40
26 16
37 13
27 27
42 25
18 19
39 26
26 34
30 39
35 16
25 36
42 28
33 26
34 26
30 25
27 21
37 35
21 43
32 29
39 21
20 26
19 41
26 13
33 16
19 36
21 29
30 43
26 26
30 31
38 20
24 36
22 43
28 27
27 18
39 26
30 30
26 26
25 27
31 42
30 29
19 22
27 16
30 25
18 18
15 28
31 28
24 29
17 13
39 26
23 32
39 39
18 36
30 22
33 29
33 34
24 26
25 28
29 35
28 22
27 28
35 23
27 23
30 26
30 21
15 25
20 26
31 20
30 29
30 18
33 22
26 23
21 14
33 36
31 41
38 26
27 30
27 21
30 21
24 39
32 22
31 31
22 29
19 19
22 26
16 30
36 23
20 28
28 35
42 24
19 33
28 26
30 22
37 20
27 35
28 23
16 18
35 22
17 26
30 31
14 29
33 30
31 43
30 29
34 14
28 26
30 21
19 37
37 36
27 35
29 24
28 16
25 15
30 17
20 34
24 36
30 34
29 29
38 33
25 21
22 18
30 24
13 22
31 21
30 18
24 42
24 23
30 41
35 35
26 28
15 37
26 27
39 34
34 26
30 23
23 19
30 14
31 21
38 19
22 29
38 26
30 45
19 26
27 24
23 18
37 18
29 20
25 26
23 25
16 34
16 27
30 19
35 29
28 37
18 26
24 37
25 23
27 32
15 26
40 29
17 29
32 26
23 36
29 17
20 29
31 43
24 29
37 25
29 22
19 36
39 30
37 36
31 17
32 29
25 17
24 17
22 16
21 22
24 20
31 21
29 17
24 40
23 26
25 14
39 33
33 23
22 29
26 29
27 25
29 20
16 31
36 17
34 29
31 26
17 29
25 18
31 26
24 30
32 26
28 36
24 34
33 29
19 28
33 26
21 40
33 20
37 36
31 40
15 29
27 43
39 18
30 34
29 31
28 29
31 15
22 21
32 18
23 21
28 18
17 38
28 34
31 30
27 23
19 37
39 26
26 34
20 29
36 28
31 31
25 29
30 43
24 26
20 26
19 39
37 26
29 43
28 25
25 23
13 26
14 34
35 37
30 31
31 31
35 29
19 34
28 18
16 18
35 31
35 36
31 17
29 27
37 39
39 19
30 22
18 29
30 15
31 23
24 24
31 35
31 26
23 18
28 24
28 19
31 32
31 29
24 23
24 20
30 27
36 25
27 20
31 43
37 29
32 18
27 26
20 22
21 27
36 36
21 36
25 29
28 32
32 26
30 18
39 39
35 36
31 18
19 29
23 33
30 26
19 30
15 31
37 35
31 28
31 21
27 30
39 26
30 30
29 27
37 36
20 26
23 29
31 28
25 26
29 14
32 23
28 28
31 39
22 29
39 15
26 22
30 31
39 36
28 22
29 25
21 29
25 37
32 20
27 19
28 29
37 19
31 43
30 24
30 18
27 26
28 26
24 39
16 23
27 31
35 29
39 43
18 22
30 27
16 16
37 30
20 16
40 19
23 31
39 17
14 32
31 37
37 36
31 15
36 27
22 28
24 20
30 36
39 26
13 25
31 19
21 24
28 30
22 19
13 16
27 23
37 28
27 19
26 29
25 33
16 19
29 36
16 34
37 30
22 37
20 29
35 30
17 21
30 14
25 32
19 23
23 20
36 29
39 40
25 26
23 38
13 24
16 35
29 43
25 29
13 43
26 25
27 40
35 27
34 27
23 43
24 24
17 13
19 26
29 18
16 14
23 24
18 23
16 21
29 34
33 17
17 26
21 21
20 31
27 26
29 14
23 26
39 26
27 40
18 18
16 28
23 19
13 29
36 38
22 20
24 20
24 29
29 28
29 36
26 20
39 43
35 26
18 33
22 18
29 24
22 38
18 29
28 39
18 26
24 18
39 22
14 20
31 31
26 29
22 19
32 26
30 41
22 32
31 35
29 40
27 29
29 17
24 15
30 44
25 31
21 27
22 23
36 20
26 30
39 26
30 32
17 23
37 18
31 33
33 29
33 31
35 24
30 17
32 29
31 21
31 23
26 15
31 14
17 26
25 31
35 26
37 25
28 27
33 27
26 22
29 26
26 28
22 30
33 24
31 16
34 29
29 43
22 26
30 30
39 36
26 24
15 25
31 29
28 21
39 26
30 27
19 31
22 34
31 23
39 13
24 43
37 22
30 42
22 15
17 24
28 38
29 22
28 40
38 26
30 45
30 20
28 28
15 21
25 20
31 35
34 26
29 36
26 29
22 36
28 16
42 29
17 22
16 26
30 39
30 27
27 18
23 27
40 29
27 43
37 26
17 34
23 36
29 33
18 39
32 29
30 22
31 26
19 24
28 24
23 36
15 32
22 28
19 39
29 26
14 29
25 39
33 34
31 23
14 26
13 32
21 26
30 15
36 26
16 36
23 23
23 29
17 22
17 26
30 37
27 21
30 30
31 24
21 29
31 23
39 25
14 34
33 22
32 23
31 19
37 29
39 24
33 26
30 29
19 30
17 34
16 19
32 29
26 24
39 13
30 25
38 30
30 21
22 40
41 29
32 15
20 26
29 40
36 19
37 27
23 31
15 26
37 34
13 26
30 38
27 34
37 23
23 42
31 29
39 43
24 26
24 39
32 27
21 31
31 37
31 22
21 37
38 26
22 43
39 30
32 34
23 15
24 18
32 20
30 26
30 24
35 32
37 25
13 25
30 27
37 24
39 26
30 31
39 17
37 27
31 43
42 23
16 23
27 22
24 35
19 34
37 25
30 25
42 29
18 21
18 26
30 19
17 39
37 24
30 25
20 29
24 20
37 24
30 21
31 18
26 20
31 28
34 27
16 35
25 16
16 23
34 16
37 32
27 42
17 29
39 28
29 26
30 21
32 20
33 36
15 43
29 27
23 16
23 21
30 45
34 25
23 23
31 35
22 29
18 31
20 26
30 17
29 23
37 36
31 19
38 29
27 27
21 15
30 39
36 23
13 17
31 22
20 26
25 30
32 26
21 27
20 34
24 23
20 21
36 29
39 19
39 15
23 25
29 23
34 36
13 20
24 29
20 32
39 15
24 16
33 26
37 36
20 43
42 29
25 14
39 23
15 32
39 17
37 36
19 43
23 29
39 34
34 26
16 34
26 27
27 36
22 43
29 29
23 42
29 26
30 23
29 16
23 22
25 16
15 22
34 37
21 26
30 21
31 39
31 36
26 24
14 26
28 28
19 26
30 30
39 35
37 28
31 27
25 29
38 15
29 26
30 36
39 35
18 27
31 23
27 21
28 32
26 26
28 34
34 35
33 28
20 26
35 20
39 21
31 18
30 40
32 29
27 25
13 35
13 29
25 29
25 26
30 32
14 28
31 36
31 33
28 29
33 16
37 26
30 32
39 39
29 25
29 19
32 27
37 33
26 22
21 34
15 14
37 20
28 40
41 17
20 16
33 26
30 25
25 28
20 36
31 29
34 29
33 17
31 26
30 22
39 39
26 36
24 31
37 29
31 16
13 23
21 29
21 39
28 29
31 37
29 29
18 24
20 26
20 29
29 13
37 27
23 38
25 29
17 42
22 26
21 25
24 27
15 30
31 43
29 29
28 28
26 26
30 26
21 37
25 33
26 36
36 29
29 20
35 26
22 19
27 36
30 26
28 26
42 29
18 25
34 26
30 19
24 20
24 36
31 13
18 29
20 32
30 26
30 34
24 29
34 18
26 35
42 22
26 22
29 17
29 36
30 23
26 24
31 25
36 28
16 24
14 18
28 20
39 18
27 15
31 21
25 29
30 24
39 26
22 42
31 32
37 13
15 30
21 29
16 33
22 26
29 44
39 37
24 20
31 38
28 29
22 19
35 21
30 24
28 31
22 17
31 15
35 24
29 21
35 26
21 32
39 24
33 24
31 14
22 29
13 15
23 26
25 20
24 30
32 18
31 16
27 29
36 26
38 24
24 27
19 39
19 23
31 20
41 29
39 40
33 26
25 33
25 24
37 26
30 14
37 21
36 20
22 13
30 23
14 39
14 21
23 34
41 18
18 25
39 19
30 28
19 39
34 31
22 35
27 16
32 33
39 26
22 45
38 39
20 32
19 39
14 26
36 28
24 26
23 32
31 37
23 31
31 13
29 25
36 20
38 13
19 32
23 32
24 33
22 33
34 29
22 18
24 19
30 23
33 39
32 33
31 23
33 29
22 22
18 26
30 18
33 39
37 28
31 16
42 20
32 29
34 26
27 25
26 39
33 28
21 15
23 26
21 37
21 23
30 41
14 39
37 31
31 23
18 28
25 15
13 26
30 28
39 19
19 35
29 35
37 26
36 33
14 23
23 35
28 24
36 30
18 28
40 29
39 27
26 26
18 18
39 39
33 36
20 20
33 27
36 23
39 26
30 14
30 39
32 26
26 18
19 29
38 23
32 26
26 30
23 24
37 36
23 34
42 29
20 43
19 14
26 29
17 27
22 35
31 29
29 29
15 20
26 26
30 27
39 16
20 34
28 41
27 22
23 15
14 18
30 27
39 13
25 31
25 22
42 29
24 18
24 25
29 19
28 19
28 36
22 32
26 17
39 24
29 26
23 28
25 22
29 36
25 26
13 27
31 27
27 15
30 44
39 34
21 23
31 32
22 14
30 30
28 26
26 31
20 28
28 30
25 19
29 29
38 38
18 25
30 40
19 21
29 17
24 29
16 27
17 18
39 26
27 45
36 20
20 16
31 34
22 15
39 26
25 25
30 28
23 32
37 36
31 26
19 29
27 41
25 26
25 31
30 29
15 30
28 29
26 29
27 19
36 26
22 26
28 29
33 27
22 29
31 24
16 15
28 26
20 19
13 39
21 23
31 29
27 24
36 28
32 26
26 17
22 23
35 33
31 23
20 27
39 33
37 16
30 28
39 39
22 26
27 13
25 26
15 19
20 26
21 17
25 37
19 31
31 43
39 29
27 38
39 26
18 25
15 24
35 20
31 37
28 27
27 32
38 26
30 22
25 31
23 28
16 35
23 28
31 31
36 23
14 34
19 35
21 29
22 18
29 29
39 24
39 24
24 20
20 23
37 18
31 19
23 24
34 33
28 22
14 37
39 26
26 34
19 36
36 23
30 21
38 26
25 23
36 18
33 27
20 20
28 29
27 25
35 26
20 22
28 25
34 14
18 34
24 13
32 14
37 21
21 36
26 33
29 30
31 43
28 29
20 29
28 26
14 22
27 39
30 31
28 36
37 23
31 22
35 23
22 24
39 33
32 36
29 18
22 25
22 32
32 26
30 27
32 22
37 36
28 38
34 29
36 27
23 26
22 29
23 26
32 23
29 30
21 14
35 17
21 26
28 22
26 21
21 36
20 30
40 17
37 24
37 26
26 30
39 27
29 34
23 32
29 29
17 29
34 24
30 37
21 28
24 32
31 21
40 29
23 20
24 26
30 22
23 32
37 21
31 40
22 22
37 41
25 25
20 22
21 35
23 25
22 39
32 29
37 21
24 21
25 16
25 13
30 36
27 32
25 17
18 37
25 26
17 40
35 14
28 22
20 19
38 28
39 32
34 26
30 45
33 39
30 18
29 36
21 16
21 32
23 26
30 24
22 24
20 31
31 24
25 29
20 33
32 15
30 16
23 34
34 34
31 21
42 29
29 26
28 26
29 19
37 38
17 36
31 28
42 28
39 19
24 26
29 37
29 38
21 36
19 22
28 29
34 29
34 26
18 33
35 27
30 34
24 21
24 20
32 32
16 26
16 24
33 31
18 36
18 42
30 29
16 24
29 24
30 33
29 21
37 34
31 16
28 29
23 26
19 26
19 34
39 28
23 17
21 25
27 29
37 24
39 21
30 24
39 23
16 16
18 37
26 29
23 28
36 26
30 30
20 33
37 36
14 43
30 29
29 33
19 22
30 29
31 28
19 13
18 17
24 21
30 16
26 26
17 23
28 39
37 20
21 39
40 17
31 16
22 26
30 33
27 26
19 32
20 21
32 21
13 27
14 26
14 45
36 24
29 25
24 43
25 29
38 13
16 14
30 37
28 27
20 13
31 36
28 29
14 26
33 26
30 29
33 31
37 33
31 29
17 29
39 15
23 26
15 18
39 16
37 20
31 41
16 19
30 23
26 25
30 35
39 39
37 36
16 22
24 13
33 28
28 26
25 23
33 28
31 20
18 17
18 29
39 36
30 23
19 37
29 30
35 29
27 16
33 22
28 33
20 26
30 41
21 17
29 16
31 35
26 19
26 14
39 23
29 30
18 23
37 26
20 13
23 29
39 15
28 26
30 19
24 25
30 36
31 18
26 27
39 38
19 16
13 23
23 28
28 36
28 31
29 29
31 18
26 26
22 22
13 19
14 21
21 20
42 29
16 43
39 16
30 18
26 26
21 32
28 14
25 25
30 20
36 26
18 22
24 24
33 26
19 38
30 29
25 26
33 13
23 35
23 24
23 34
30 25
42 29
37 38
28 26
30 28
37 26
24 22
19 25
15 29
22 23
28 26
19 38
19 28
18 28
31 39
30 26
24 31
26 26
21 21
20 27
37 25
13 24
26 29
17 26
38 14
22 40
34 24
30 19
31 43
37 25
19 25
19 20
30 27
30 26
20 33
27 43
24 29
29 22
21 15
27 13
27 28
33 36
31 22
16 29
18 19
30 26
21 25
30 27
30 36
19 28
34 17
34 41
29 26
18 30
39 38
26 33
26 24
26 26
28 35
31 26
26 26
30 21
37 33
31 37
15 20
31 34
27 20
30 25
24 26
24 34
18 27
24 22
32 27
39 23
16 18
39 19
32 28
31 26
25 29
39 22
39 26
16 31
39 13
19 22
20 23
21 29
23 22
14 18
30 27
39 22
29 24
15 30
27 29
20 26
32 26
30 17
16 31
35 36
31 28
29 29
30 14
19 25
22 19
35 19
34 34
31 25
38 29
39 18
23 13
28 42
39 19
35 36
31 17
42 20
35 27
39 20
19 38
34 22
37 24
31 40
37 29
20 30
39 26
30 22
27 39
33 14
31 29
23 22
30 19
39 15
19 21
24 37
32 34
23 26
18 24
17 18
39 26
30 27
22 37
28 23
28 43
27 19
39 31
39 18
30 19
34 30
37 26
18 20
35 22
18 34
33 26
30 32
27 23
35 36
31 31
40 29
28 31
28 26
28 25
34 24
37 36
22 27
35 29
15 14
25 19
17 39
21 26
20 36
29 18
29 29
26 22
36 26
30 42
28 29
28 14
31 40
42 29
25 25
38 19
23 34
30 33
27 36
31 23
36 27
31 28
39 19
29 31
31 32
30 17
31 21
31 29
13 35
39 15
26 33
24 39
18 25
31 13
32 29
37 39
24 26
18 18
39 15
37 36
31 21
14 17
37 43
35 26
14 35
15 32
29 26
29 33
34 19
36 31
30 26
30 39
25 39
29 22
22 37
36 29
34 16
39 26
22 28
20 15
26 16
31 30
29 16
30 20
39 26
20 27
16 25
21 36
19 24
17 29
39 32
33 26
30 27
20 25
22 22
28 29
33 29
24 36
25 14
30 35
33 35
33 29
21 36
17 17
39 15
23 24
30 24
30 35
20 25
21 27
27 22
39 28
24 26
25 22
22 30
37 32
30 15
31 18
22 30
39 26
15 20
22 32
35 36
21 27
33 29
28 23
17 26
27 23
38 29
37 31
27 34
17 29
21 17
28 26
30 27
27 31
37 36
31 23
28 29
25 19
25 26
14 25
14 32
35 31
24 39
38 29
15 25
27 16
30 37
39 32
37 36
29 23
42 19
16 23
24 26
24 22
29 25
26 19
31 30
23 25
21 15
19 24
27 32
24 33
33 33
29 36
29 29
30 31
37 26
13 16
24 24
37 32
31 25
38 29
36 36
26 26
30 16
37 19
35 33
31 27
32 23
24 22
33 26
30 20
39 26
18 32
27 22
42 17
29 19
27 25
30 43
39 38
37 23
29 29
31 26
19 35
36 26
25 21
38 31
22 36
27 33
24 24
37 23
19 26
27 41
28 21
37 22
31 27
39 29
30 34
30 26
22 17
34 28
27 19
22 41
29 25
39 42
30 26
30 15
18 29
34 36
31 28
13 27
26 29
25 22
17 39
14 19
35 31
31 22
25 18
37 41
39 26
29 20
27 30
32 35
31 27
15 29
39 34
19 26
30 27
39 28
30 36
28 40
25 29
20 29
34 23
14 35
28 28
33 21
31 33
40 29
16 42
35 26
22 44
26 25
15 21
16 25
34 18
25 43
35 26
24 34
20 27
15 18
31 24
42 20
31 34
29 26
30 32
25 39
37 29
26 28
39 17
39 43
29 23
29 37
22 27
20 36
31 42
42 20
36 17
24 18
30 25
28 39
15 18
30 39
29 24
30 43
13 26
23 19
39 17
30 18
31 22
42 15
26 30
37 18
23 21
19 39
31 19
22 39
17 13
19 25
17 26
30 31
31 22
37 13
17 38
32 25
34 32
34 18
30 36
28 27
21 22
31 33
16 29
37 43
18 25
28 41
24 36
30 34
17 25
16 15
25 38
39 26
30 20
24 39
25 23
31 19
26 14
39 36
39 16
30 28
22 26
27 36
24 16
14 29
22 37
33 26
30 32
16 34
33 20
31 31
25 21
19 41
27 26
20 23
39 24
21 27
23 14
36 27
16 27
39 26
30 28
31 14
37 20
23 16
34 21
25 21
25 26
30 36
37 25
15 21
21 20
29 20
17 39
39 26
30 20
39 31
14 28
31 37
24 25
28 29
29 26
30 41
34 25
36 20
24 21
25 21
35 33
36 26
26 23
17 39
37 28
19 30
27 29
25 23
20 26
27 43
31 38
23 19
25 36
38 29
23 36
20 26
30 18
32 23
27 16
27 39
18 21
35 24
27 26
19 20
15 37
16 14
31 26
35 21
23 36
33 26
27 33
29 24
32 31
23 32
23 27
29 23
23 26
30 37
16 39
26 25
31 21
37 29
26 22
22 23
25 44
29 31
33 28
31 43
42 29
14 22
24 26
30 40
32 23
37 18
31 37
32 17
23 31
38 26
15 25
20 20
30 36
31 28
21 29
32 24
20 24
29 31
16 26
29 36
23 35
25 29
18 33
20 26
28 45
22 20
37 23
27 18
16 26
37 32
21 26
16 36
39 34
30 18
25 37
40 29
39 40
21 26
30 24
32 21
20 34
21 17
36 29
39 20
36 26
30 22
29 21
14 19
31 41
29 20
27 43
35 26
30 29
32 27
37 25
31 25
35 29
39 26
19 18
30 44
25 23
20 36
28 32
15 20
27 33
22 19
30 17
20 20
22 18
25 18
31 29
37 27
22 22
28 23
34 30
36 31
15 23
16 29
26 28
25 26
30 13
32 38
18 28
31 37
14 29
30 25
14 26
30 43
39 37
24 18
31 13
18 20
16 29
35 18
30 26
32 22
24 36
29 25
37 29
31 20
37 25
30 25
25 30
37 36
14 23
26 29
35 22
19 26
30 24
38 33
27 27
31 25
35 29
23 30
36 26
14 30
23 35
26 29
20 38
26 29
39 17
20 22
30 22
39 26
37 36
30 16
28 29
26 25
36 14
30 20
22 27
35 24
31 40
37 15
31 21
29 26
28 42
27 39
15 34
26 43
18 29
24 17
38 26
24 35
33 23
22 36
31 18
40 29
21 31
17 18
22 30
35 26
18 29
31 27
42 29
33 29
25 19
22 21
39 28
37 31
31 24
31 29
35 33
17 21
30 34
24 36
34 30
15 33
21 29
21 38
35 26
18 14
30 39
37 22
31 24
14 24
30 19
34 19
30 32
19 39
17 24
20 24
23 29
37 36
24 26
23 22
29 31
21 26
21 28
34 19
32 42
25 19
15 27
29 16
31 36
22 43
40 24
39 26
35 25
27 17
20 18
37 26
21 30
22 21
36 43
33 26
13 15
15 13
37 20
31 36
31 29
39 28
20 26
30 32
28 27
37 28
26 42
32 29
39 30
33 26
27 30
25 39
34 36
28 29
33 29
34 32
26 26
21 26
36 27
16 25
30 24
18 23
39 25
26 26
30 18
24 28
33 36
20 26
42 29
31 34
28 26
30 27
28 39
37 36
25 35
33 23
30 35
34 24
27 16
33 17
24 18
31 14
35 29
39 24
33 26
24 37
32 16
37 16
31 20
15 23
27 31
27 21
24 36
25 19
33 36
25 21
32 29
32 17
37 14
21 35
22 34
29 35
31 17
31 29
39 40
39 22
19 35
36 38
25 27
24 43
32 17
22 38
33 25
30 19
19 21
26 36
24 20
21 23
37 22
21 18
25 14
30 30
19 20
26 26
25 21
39 43
28 26
18 37
31 39
34 14
27 16
39 29
20 24
39 26
28 28
39 22
25 34
31 43
41 29
33 43
36 22
30 30
25 30
23 36
22 26
38 29
39 39
23 22
22 35
33 34
32 31
31 43
38 29
20 29
17 26
30 38
18 36
30 35
13 14
29 28
27 38
29 26
14 27
25 29
37 13
31 20
15 29
14 19
21 26
15 28
33 16
27 27
30 37
24 28
32 36
25 26
30 44
39 25
30 31
26 39
28 22
31 42
20 26
30 29
35 33
23 36
21 24
23 29
39 29
25 26
23 26
27 31
20 20
17 21
35 27
20 26
33 26
30 14
34 33
37 35
24 15
34 27
37 36
17 22
30 30
16 23
29 21
28 35
21 29
35 20
21 26
30 31
32 29
31 36
31 15
22 29
21 28
20 26
30 28
39 39
36 18
31 34
13 29
39 43
21 18
17 15
24 29
24 36
31 42
28 29
38 33
30 20
23 28
26 30
35 32
31 28
17 29
15 27
28 26
30 20
26 17
25 32
27 22
23 29
21 31
26 26
23 29
30 33
35 34
17 34
36 29
32 27
30 21
29 30
30 22
28 36
24 40
19 29
17 26
39 26
18 32
25 36
37 35
22 26
33 18
33 16
20 26
17 26
20 39
24 34
31 26
23 18
39 29
25 25
30 22
31 39
32 21
31 27
24 20
39 21
24 25
19 30
25 31
27 15
26 19
37 23
25 26
17 16
30 44
23 33
37 22
31 40
28 22
39 14
14 26
30 42
17 18
21 13
24 28
42 29
23 23
24 26
28 21
22 29
22 22
14 31
24 29
16 30
27 18
23 26
37 23
27 19
23 32
32 29
21 21
29 26
30 24
29 32
35 29
31 43
20 18
32 27
32 25
23 25
23 29
35 29
28 22
41 24
28 21
22 26
22 29
20 21
20 36
23 33
39 29
26 36
39 26
27 16
27 20
24 16
31 22
24 29
34 17
17 24
22 21
19 36
35 26
30 25
25 22
26 24
39 18
17 31
25 16
37 21
31 43
25 18
32 26
29 24
26 27
25 34
33 36
31 30
35 29
22 26
26 26
24 21
18 20
25 19
25 29
33 25
19 38
27 20
19 31
31 32
31 36
31 43
19 29
31 26
22 26
30 23
39 39
26 28
31 35
40 21
22 35
28 26
24 16
28 21
34 33
20 35
25 29
33 25
27 26
25 22
35 24
37 23
18 36
18 27
25 24
39 26
26 18
38 24
29 16
31 32
42 20
39 31
38 21
23 30
19 19
24 34
21 43
40 29
39 24
25 22
25 23
32 29
23 30
31 24
40 29
28 34
15 26
30 17
34 27
37 18
22 29
28 19
37 32
15 25
26 29
39 25
37 32
31 43
24 29
38 42
18 26
30 25
31 31
19 36
23 15
14 16
31 34
37 26
30 24
18 21
31 30
26 29
23 17
39 19
33 26
21 25
32 39
37 28
27 34
22 17
18 38
23 26
14 35
36 27
22 31
24 43
20 20
31 16
21 26
30 20
37 32
22 21
31 43
17 29
39 25
31 24
17 45
39 18
27 26
23 18
42 22
29 25
29 25
30 21
21 23
37 25
31 28
42 29
30 22
31 26
30 45
26 31
22 14
23 21
16 29
14 36
31 21
26 30
14 27
22 26
31 20
21 29
38 43
13 16
22 44
31 38
29 13
28 41
34 29
26 29
25 15
24 27
27 18
37 36
31 19
24 27
39 24
25 18
30 22
34 22
29 36
25 20
21 29
39 19
19 26
30 44
30 39
37 17
29 37
30 27
26 35
36 23
20 45
21 28
24 23
17 40
27 29
34 19
24 16
14 22
23 14
18 36
31 19
21 18
35 31
21 26
30 29
29 15
14 32
20 37
42 29
39 23
39 26
29 14
39 38
33 25
31 40
19 22
33 26
26 26
25 35
36 13
29 26
31 32
34 28
29 26
28 26
29 19
31 30
16 36
28 33
42 20
20 43
35 26
24 15
22 13
28 36
26 38
40 28
17 31
21 24
16 37
24 25
22 30
25 43
27 27
34 43
29 15
30 32
30 31
31 25
20 29
27 27
39 42
37 26
30 40
33 21
35 22
27 43
24 14
39 25
24 26
26 34
37 26
29 27
29 39
23 25
18 25
34 26
30 37
37 39
37 28
23 28
29 14
33 14
30 26
29 24
13 33
33 24
19 25
13 21
33 32
39 15
30 17
32 26
37 16
28 27
23 29
33 30
32 22
30 22
28 39
21 36
13 37
24 28
22 25
27 15
30 32
24 34
32 36
31 23
31 29
38 40
37 26
20 40
39 22
34 22
31 43
20 29
25 33
27 14
30 42
35 24
28 28
29 29
24 29
26 25
31 15
30 32
31 29
32 36
31 13
29 26
14 21
35 14
30 37
28 28
37 25
24 26
13 28
17 33
20 22
30 22
26 32
27 17
16 33
34 29
21 27
39 25
30 45
36 27
32 36
31 43
26 23
20 17
36 26
29 37
31 14
25 26
31 40
32 29
32 28
39 26
27 23
18 18
25 24
20 27
33 22
37 31
34 26
18 17
38 33
37 28
23 39
21 23
24 30
34 26
30 44
27 20
35 31
25 43
29 25
39 24
24 26
16 23
29 19
18 26
31 32
37 29
14 14
26 26
30 34
14 34
31 36
17 27
33 15
39 34
31 26
30 22
39 18
27 25
29 31
32 29
39 21
13 24
17 15
16 14
37 36
20 39
25 29
21 18
38 25
14 22
35 33
37 13
15 22
38 27
28 31
31 26
21 38
17 28
25 36
20 29
32 16
22 24
17 17
23 20
33 23
37 15
26 29
38 14
34 43
34 26
30 43
39 39
37 18
21 26
36 25
28 39
19 22
30 13
25 39
37 15
30 37
29 29
29 29
34 26
19 23
23 35
31 15
31 25
31 29
25 39
19 16
20 29
16 39
34 36
24 43
24 29
30 28
15 26
14 15
22 27
27 36
21 43
38 14
16 17
13 24
30 23
38 19
24 21
25 30
33 26
22 14
17 25
30 29
35 14
28 35
31 26
24 19
14 34
19 26
27 39
36 15
19 16
18 24
35 25
27 35
30 26
30 19
32 24
20 30
22 24
16 29
23 15
25 26
30 27
25 25
32 25
30 29
32 29
20 32
14 24
20 22
34 35
22 18
27 26
30 19
21 32
16 24
27 31
19 34
36 36
27 26
16 29
39 32
24 26
30 45
29 39
20 36
19 33
28 29
31 43
39 22
14 40
35 31
30 32
31 24
17 29
22 19
21 26
30 33
17 33
21 26
31 21
26 16
29 23
32 25
17 40
36 26
23 23
25 31
24 27
18 19
16 26
30 40
26 38
37 22
28 25
25 29
34 35
33 15
28 38
38 16
37 22
25 23
38 29
21 35
22 26
17 25
29 21
27 36
31 36
25 29
31 27
19 26
15 17
39 19
14 20
26 32
22 29
19 39
26 26
30 36
39 31
27 32
27 31
28 29
39 22
19 26
18 15
24 39
14 29
31 41
23 29
39 34
27 26
22 38
22 37
23 25
21 25
22 29
22 28
38 26
17 32
29 31
20 30
31 26
20 29
37 40
21 26
26 27
33 31
31 32
31 14
31 29
39 30
39 23
30 21
25 39
37 27
31 22
35 13
15 29
30 26
28 36
37 24
30 15
27 27
25 22
34 20
20 26
17 25
39 30
35 35
26 39
33 22
31 21
29 21
30 28
13 27
37 13
31 36
16 21
23 31
15 19
19 24
26 39
37 15
24 22
19 23
22 27
22 24
28 21
31 26
37 24
31 20
26 29
24 14
18 26
24 29
27 24
26 24
31 28
33 29
39 32
25 26
20 41
36 20
37 17
31 31
17 28
39 19
39 26
27 41
39 39
14 30
26 32
37 19
39 30
28 14
26 32
16 25
35 20
30 29
30 19
31 27
26 16
30 41
29 25
37 36
24 35
32 29
39 39
33 26
21 33
39 29
25 34
20 30
14 29
25 43
23 26
30 20
32 37
37 31
20 30
23 26
27 31
37 26
17 20
39 22
25 36
30 23
37 29
23 43
24 26
30 28
35 28
19 36
26 30
31 29
13 40
27 26
30 33
37 28
24 22
13 20
26 29
34 26
34 26
25 24
32 39
35 26
25 30
42 29
30 25
39 18
14 25
21 27
36 25
18 26
42 26
32 34
39 26
30 39
39 23
31 36
23 23
33 29
23 19
17 25
30 26
22 35
36 32
19 19
34 25
16 43
27 26
30 22
21 19
30 23
31 25
35 23
27 27
27 26
30 21
19 25
30 36
31 35
29 29
21 18
39 26
19 18
28 25
24 14
23 33
28 18
35 20
15 26
29 28
28 28
34 24
31 40
42 18
30 31
25 16
19 35
32 36
24 27
31 28
26 26
39 24
39 18
23 40
29 17
35 28
31 32
36 29
39 24
24 26
21 34
19 14
37 31
17 30
31 24
26 37
32 26
30 35
23 19
28 31
31 22
42 29
39 30
18 26
30 39
32 22
37 36
29 27
29 20
24 25
30 26
30 30
39 26
37 23
25 19
15 25
17 32
21 26
30 15
22 20
32 36
31 15
20 23
23 35
39 18
30 18
34 28
28 26
13 18
27 29
39 34
27 26
19 45
32 22
33 32
17 28
22 29
25 29
23 26
24 32
39 26
20 22
31 38
42 21
17 28
39 26
30 45
37 27
28 36
31 25
21 27
18 25
18 26
30 32
36 22
37 32
31 18
25 28
20 30
36 26
30 28
34 30
29 29
17 27
23 29
39 27
36 14
14 43
28 37
22 16
21 28
42 29
29 28
33 19
27 45
37 28
26 30
31 33
42 19
37 21
21 26
27 18
29 25
37 28
18 28
32 29
21 27
28 26
30 34
33 31
31 36
23 21
26 25
32 22
22 26
28 32
26 16
20 34
31 28
40 24
26 15
22 18
23 15
27 35
25 22
15 20
38 29
39 24
15 26
30 26
33 27
24 32
31 16
29 29
28 19
28 25
16 33
14 32
37 20
31 43
35 22
26 40
21 26
30 31
25 29
26 31
26 21
19 27
22 24
30 26
17 45
39 32
29 24
30 29
17 29
28 21
36 26
30 27
28 39
22 16
20 17
36 15
36 14
39 26
25 36
17 26
16 26
24 25
29 18
36 14
28 26
27 20
25 25
32 31
31 31
25 29
28 23
22 26
30 20
39 15
19 30
31 37
15 29
28 27
31 26
26 28
32 20
27 18
30 31
31 29
14 18
34 26
30 34
34 29
17 30
19 28
41 29
23 28
22 26
30 23
39 25
20 28
17 22
36 28
34 43
24 26
14 40
32 39
29 36
30 26
27 17
39 30
18 26
19 18
25 17
24 15
15 20
24 28
27 19
19 26
30 39
25 30
37 22
31 30
39 28
25 35
39 13
30 37
37 37
24 36
25 35
25 29
27 31
26 26
30 27
31 24
24 36
18 38
32 15
39 33
18 26
30 16
32 28
28 31
25 24
33 27
26 25
27 23
30 32
39 27
31 29
31 43
24 19
24 22
39 19
30 43
29 17
27 29
30 26
22 29
20 43
39 26
17 34
32 24
22 36
31 34
39 29
33 25
23 26
29 45
21 39
22 32
20 19
28 25
23 24
35 26
30 27
23 25
34 36
29 33
32 28
39 38
39 26
22 22
39 36
28 29
30 22
31 28
27 26
33 26
30 17
34 24
36 30
31 22
17 13
34 30
20 21
30 34
17 20
27 25
31 39
24 29
39 36
30 26
30 18
28 39
32 19
21 27
29 29
27 37
36 26
27 33
18 39
37 22
15 43
42 29
24 36
26 19
20 31
21 32
26 36
19 35
36 29
39 25
36 26
30 25
39 39
27 21
17 32
31 29
34 43
23 22
28 19
17 37
32 27
31 16
35 29
24 31
39 26
29 34
32 33
22 18
31 28
16 29
29 20
27 26
22 34
22 17
20 20
31 36
35 29
23 20
39 25
30 19
38 20
35 36
24 37
40 27
20 43
28 22
30 25
28 26
37 31
31 14
24 19
32 39
22 26
23 45
31 24
27 30
31 28
21 29
39 29
39 26
30 27
39 28
15 30
30 17
26 29
21 37
33 18
30 34
21 25
32 28
31 43
22 29
27 31
39 26
23 41
39 18
37 19
31 36
32 29
21 29
22 24
16 29
22 26
37 29
27 26
20 16
36 27
36 26
28 29
37 36
21 33
22 19
32 13
37 29
18 26
29 17
20 20
24 25
23 25
30 29
34 30
33 17
30 21
29 18
19 24
31 23
24 29
24 25
14 24
16 18
16 39
33 25
26 35
21 25
36 33
27 26
30 36
17 17
37 31
31 37
30 27
19 25
39 26
23 17
36 28
21 32
29 29
29 29
19 16
19 26
30 20
39 35
37 35
22 33
24 29
33 38
39 26
14 31
23 39
24 21
24 37
24 20
19 22
32 26
30 20
32 34
19 31
23 32
29 29
15 19
31 26
30 34
27 30
31 23
21 40
41 29
33 26
39 25
26 20
16 34
19 36
31 24
34 29
25 34
24 16
18 20
39 36
20 36
21 21
42 15
16 41
39 26
29 39
38 18
22 20
17 27
17 29
24 25
30 23
20 38
23 35
18 17
31 36
16 16
31 18
28 26
30 22
30 35
36 36
25 32
33 14
32 21
15 26
30 33
39 36
37 18
30 26
15 29
31 26
20 26
20 32
37 23
18 27
31 32
31 29
24 35
29 26
30 13
31 26
24 26
31 30
13 29
24 43
20 15
17 20
19 39
25 36
26 21
14 29
28 15
28 21
30 21
39 28
35 28
23 24
19 15
28 22
27 26
30 19
32 30
13 29
31 35
16 22
29 30
18 25
30 31
16 39
24 21
31 43
24 17
34 26
17 26
25 27
39 26
22 25
18 31
26 29
24 30
39 26
22 22
20 24
19 29
31 26
30 26
30 22
33 25
19 27
31 26
19 29
15 25
26 29
21 31
27 16
22 40
24 28
24 20
16 31
28 29
25 42
25 18
30 17
39 34
33 22
31 29
30 26
17 41
16 19
22 28
24 35
29 24
31 35
33 29
19 38
15 26
30 19
29 27
33 25
16 23
35 15
26 33
16 26
13 43
29 27
27 21
19 22
37 29
25 27
33 22
30 43
22 37
17 22
31 15
28 14
39 19
36 26
30 19
22 39
16 20
19 20
22 14
27 14
22 26
25 45
36 23
18 22
17 37
24 20
39 28
37 18
30 43
39 30
37 29
31 42
25 29
19 41
29 26
13 17
39 27
36 36
13 34
40 29
36 31
26 19
30 18
26 13
25 18
31 22
18 27
38 33
22 26
25 23
39 36
32 28
31 32
13 23
16 25
39 26
27 35
39 39
23 31
31 16
31 29
27 17
39 26
30 22
20 38
23 36
27 34
28 25
26 32
25 26
30 40
19 39
15 36
22 22
23 25
35 29
28 22
30 22
24 39
37 30
22 41
30 16
39 24
20 22
24 24
33 39
29 21
31 22
20 26
23 13
29 26
17 13
39 26
23 35
18 28
40 29
20 25
26 26
30 22
37 39
17 18
31 22
17 29
25 31
32 23
29 37
39 39
29 21
31 33
23 29
33 32
39 26
30 29
29 16
33 20
29 15
35 29
20 16
21 26
30 13
18 24
21 36
31 32
16 29
39 30
35 26
30 29
32 34
37 27
30 22
32 29
32 34
19 26
13 34
27 13
24 28
19 27
28 29
38 39
37 26
30 20
31 21
37 34
27 20
25 26
23 25
32 26
19 29
25 21
20 36
31 24
38 26
29 14
36 15
24 13
15 17
22 35
24 27
34 29
31 13
32 26
30 22
30 26
19 30
31 22
27 23
39 18
27 16
23 43
19 21
20 25
31 15
27 18
17 41
25 20
30 23
36 39
23 22
31 22
42 29
28 40
33 26
30 41
28 23
15 36
31 15
40 18
22 37
19 16
30 30
19 28
25 32
26 28
15 20
27 39
35 26
22 31
31 31
18 28
23 20
42 29
19 26
33 26
27 25
20 16
33 36
31 27
24 29
39 26
13 26
27 23
24 32
25 15
31 40
28 29
39 43
20 19
18 20
17 38
37 29
31 22
31 29
39 26
30 22
30 27
21 19
22 36
28 43
26 22
27 40
29 26
24 28
23 23
34 28
29 17
27 20
13 41
24 19
30 33
27 30
33 24
31 27
40 18
20 25
38 26
16 21
27 38
25 29
31 30
30 17
14 24
34 24
28 24
29 23
21 23
25 23
42 18
39 24
39 26
26 18
39 27
23 36
31 16
30 25
28 27
19 26
30 27
22 39
30 32
24 28
42 29
29 26
21 16
30 20
15 16
31 29
31 37
19 28
24 18
20 26
28 31
33 30
23 36
27 21
36 29
23 25
15 20
23 33
35 22
37 27
13 27
15 13
39 32
39 26
29 23
22 28
16 24
31 30
27 29
25 38
27 26
28 15
22 31
25 27
30 16
21 29
32 42
17 26
21 18
39 34
37 36
31 23
31 26
13 39
37 26
15 32
32 30
37 31
31 29
31 29
13 24
33 26
29 38
17 33
37 19
30 31
28 29
27 38
20 18
27 33
34 29
16 27
20 25
25 29
33 20
20 26
30 17
39 28
17 28
31 14
16 29
26 29
39 24
29 37
39 25
32 28
31 30
20 28
25 14
20 14
25 33
26 38
30 21
22 36
34 25
26 30
15 26
20 41
21 21
37 22
31 27
36 28
30 13
37 26
30 29
23 26
32 18
31 41
42 23
19 20
39 14
30 38
18 26
37 36
31 22
18 29
22 15
22 14
27 45
22 29
34 21
21 24
26 26
19 39
23 19
21 18
13 39
20 35
31 28
20 23
24 28
14 18
24 36
39 19
24 34
20 32
22 17
22 41
37 26
30 26
25 36
20 23
31 29
26 26
39 28
23 26
28 24
20 34
21 25
31 30
27 29
39 23
29 14
30 24
23 39
37 28
30 36
18 21
32 25
34 26
27 28
30 36
27 35
31 25
13 22
26 26
23 20
30 16
19 39
36 36
30 21
13 25
31 28
30 26
28 28
36 29
16 31
31 40
26 17
39 41
29 26
30 21
39 35
29 32
31 35
26 14
29 21
22 26
23 27
39 34
32 36
16 26
31 22
14 43
20 17
13 14
25 30
34 25
20 35
27 29
17 37
31 26
23 24
23 23
28 34
31 35
25 29
38 21
30 26
30 15
27 39
34 36
31 43
21 20
29 36
27 26
30 14
25 39
26 29
19 43
38 29
39 26
39 26
24 21
32 28
37 34
15 30
40 20
39 40
35 17
26 16
17 19
24 33
22 34
27 29
22 35
27 26
25 39
15 28
37 35
25 42
31 28
35 31
34 24
22 19
31 23
16 29
13 28
33 15
19 39
30 21
30 16
27 23
18 36
31 21
32 29
16 38
30 18
20 18
18 30
23 27
15 36
17 25
34 31
26 26
25 26
21 36
19 36
18 20
25 29
26 36
20 23
30 25
24 17
37 17
17 24
29 18
30 29
31 26
30 19
32 35
28 23
21 38
41 24
23 33
30 26
30 34
39 15
22 24
19 29
15 29
32 33
26 18
25 21
33 23
35 31
24 34
35 27
28 18
39 26
30 35
39 39
31 26
31 41
25 29
39 42
39 26
30 34
26 36
37 31
18 20
21 29
32 43
30 26
29 25
37 29
28 33
25 14
28 20
27 40
33 20
30 31
39 39
37 29
31 17
29 29
21 43
20 26
22 26
32 24
31 36
31 32
31 29
17 31
35 22
29 17
35 39
37 30
26 35
41 29
21 13
26 26
30 19
33 31
37 25
31 40
34 29
26 43
39 26
30 27
22 26
25 33
29 27
22 19
39 17
24 26
30 21
29 22
27 16
26 42
28 29
18 14
34 26
29 32
26 37
27 36
22 27
25 29
27 14
39 23
14 45
38 39
19 31
20 29
13 20
38 20
25 26
16 20
34 39
19 30
26 28
33 25
27 39
39 18
28 37
23 22
22 27
27 34
29 24
22 36
28 26
27 24
22 24
24 21
22 24
20 29
26 16
31 24
30 26
33 39
36 29
13 37
29 29
30 13
17 26
16 26
25 39
16 30
31 25
27 29
23 21
33 23
30 21
26 39
33 21
21 13
24 25
32 35
22 26
24 16
39 22
20 20
31 32
19 29
39 24
24 13
30 19
28 36
31 36
13 25
36 16
32 37
26 23
28 23
27 21
37 34
31 43
34 29
39 36
32 20
30 22
26 13
22 22
20 39
37 25
18 42
14 26
30 36
27 15
37 36
17 38
41 25
39 31
28 26
28 35
15 20
37 20
15 26
22 26
21 14
31 26
19 24
27 30
17 36
17 42
36 29
19 24
39 26
23 32
30 19
37 13
29 17
41 29
18 14
31 26
24 17
21 37
31 23
31 34
25 21
24 32
39 26
29 25
34 32
37 36
31 23
28 29
25 33
30 26
30 44
20 34
33 26
19 39
27 29
26 43
23 26
24 31
19 29
27 24
15 21
23 13
24 20
23 26
26 19
16 21
37 27
31 30
23 29
36 22
37 26
30 41
25 27
18 23
27 23
21 29
35 40
35 26
22 28
39 37
25 36
18 40
33 29
20 28
28 22
29 40
34 32
22 36
29 17
19 29
32 36
30 26
30 38
22 26
28 36
31 32
30 20
26 43
27 26
30 22
23 34
21 30
23 37
28 22
20 28
13 26
30 34
20 28
24 36
31 35
33 29
26 31
39 26
15 30
16 38
37 27
29 24
29 29
22 37
31 19
16 36
30 20
36 36
31 35
37 24
24 25
39 22
30 26
22 39
37 36
31 34
42 16
19 21
38 25
30 29
30 39
32 36
31 24
33 29
25 30
33 19
30 44
32 39
27 36
31 34
38 23
14 23
25 26
30 38
25 36
19 20
21 38
24 29
37 26
28 26
30 34
36 21
37 28
30 23
38 29
27 14
39 26
25 40
30 22
17 18
31 27
38 29
21 15
20 17
30 26
26 18
32 34
21 43
27 29
34 23
31 26
23 35
18 32
20 36
31 28
