2 3 2 1000
508 1069
490
601 1158 1840
607 1177 1734
8 5 10
8 7 9
8 3 9
0 0 2
0 0 0
0 0 0
2 2 0
2 0 0
3 0 2
2 1 1
0 2 0
1 0 0
1 0 0
1 0 1
2 0 0
1 1 0
0 0 0
0 1 0
1 0 2
0 2 0
1 1 0
0 2 2
0 0 2
0 2 0
0 0 2
0 0 1
1 0 0
0 2 1
1 0 1
0 0 0
1 0 0
0 1 1
0 1 0
0 0 0
1 1 1
1 1 4
1 0 0
1 0 1
2 0 2
0 0 0
0 0 1
0 0 0
0 0 0
1 2 0
1 1 1
1 1 0
2 0 0
1 0 1
0 0 0
1 1 3
2 0 0
0 0 0
0 1 1
1 0 1
0 0 1
2 1 0
0 0 0
1 1 1
0 1 0
2 0 2
2 0 1
1 1 2
0 0 1
0 0 1
1 3 2
1 1 0
0 0 1
0 0 1
1 2 1
2 0 0
0 0 0
0 0 1
0 0 2
1 1 0
1 0 0
1 3 0
0 1 1
1 2 0
1 1 0
0 2 0
0 0 0
1 0 1
0 0 2
0 0 1
0 0 1
0 0 1
0 0 0
0 1 1
1 0 0
1 0 0
0 3 0
1 1 0
0 0 0
2 2 2
1 0 0
1 0 0
2 0 0
0 3 0
2 0 0
0 0 1
2 0 1
2 0 0
0 0 1
1 0 0
0 1 0
0 1 1
0 2 2
1 1 1
0 1 0
0 0 1
0 0 0
2 0 2
0 3 0
0 2 1
0 0 0
0 0 0
1 1 0
1 2 0
0 1 1
0 0 0
1 0 0
1 1 0
1 1 0
1 0 1
0 1 0
1 1 0
0 3 0
0 0 0
1 0 0
0 1 0
1 3 0
1 1 0
1 0 0
0 0 0
2 0 1
1 0 0
0 0 0
0 0 1
1 3 0
0 2 1
1 0 0
2 0 0
4 0 1
0 2 0
1 0 3
1 0 0
0 2 1
0 1 1
0 2 0
2 0 1
3 0 2
1 1 1
1 0 0
1 0 2
1 0 0
0 1 2
1 1 0
0 0 2
1 1 2
1 1 0
0 0 1
2 0 0
0 0 0
2 2 0
0 3 0
1 1 2
1 1 2
0 0 0
0 2 2
1 0 0
0 0 0
0 1 1
0 0 0
2 1 1
1 1 2
1 0 0
1 2 0
0 0 2
1 1 0
0 1 1
1 0 0
1 0 0
0 2 0
4 0 0
1 0 2
3 1 0
0 0 0
1 0 1
0 1 0
0 0 0
0 0 0
0 0 0
1 2 2
2 1 0
1 0 2
0 0 1
0 0 0
1 1 0
0 0 0
0 2 2
1 0 1
1 0 1
1 1 1
0 0 2
0 2 1
1 2 0
0 0 0
0 2 1
2 1 0
1 0 1
0 2 0
0 2 1
1 0 0
1 0 0
1 0 0
1 2 2
0 0 1
0 0 2
0 0 3
2 0 0
1 0 0
1 2 1
0 1 0
0 1 0
1 2 0
0 0 0
2 0 0
1 0 1
1 2 0
0 0 0
1 1 0
1 0 0
2 1 1
0 0 0
1 1 0
1 1 2
1 1 0
1 0 1
0 1 0
2 1 1
1 2 0
0 2 0
0 0 1
2 2 0
1 0 1
0 0 3
0 1 2
0 0 0
0 0 3
0 0 1
0 1 1
0 1 0
2 0 0
0 0 2
1 1 0
1 0 0
1 0 2
2 1 0
3 4 0
1 0 0
0 0 1
0 2 0
0 0 1
0 1 0
1 0 0
1 0 1
1 2 0
0 0 0
1 2 0
1 0 1
0 0 0
0 0 0
1 2 0
1 0 0
1 0 0
0 2 0
0 0 0
0 0 3
0 0 4
2 4 1
0 0 0
0 2 1
1 1 0
0 1 0
1 1 1
2 4 1
0 0 0
0 1 0
0 0 1
0 1 0
0 0 0
1 1 0
0 1 0
1 0 0
0 1 1
0 0 2
2 1 0
2 0 0
0 2 2
1 1 0
0 0 0
0 1 0
2 0 0
1 0 3
0 0 1
1 0 0
0 1 2
1 0 4
0 1 1
1 0 0
0 1 0
0 4 0
0 0 0
1 1 0
0 2 1
4 0 0
0 0 3
0 0 0
0 0 0
0 1 1
0 1 0
0 1 4
1 3 2
0 2 0
0 1 1
0 1 0
0 0 2
0 1 1
0 0 0
2 1 1
0 0 1
1 1 1
0 0 1
1 1 0
0 1 2
0 2 3
0 0 2
0 1 0
0 1 0
3 1 2
1 0 1
2 2 0
3 0 0
0 0 3
0 0 1
0 2 0
1 1 2
0 2 0
1 0 1
0 1 0
0 0 2
0 0 0
0 0 1
1 0 1
0 0 0
2 0 0
2 0 1
0 0 1
1 0 1
0 0 0
2 0 1
0 0 0
1 1 1
1 1 0
0 0 1
0 0 0
0 0 0
0 0 0
2 0 0
1 0 0
0 0 1
1 2 2
1 0 0
1 1 0
0 0 0
4 0 0
0 2 0
0 0 0
0 1 0
0 3 0
2 0 0
0 0 0
1 1 0
3 1 0
0 1 0
0 1 1
0 0 0
2 0 0
0 0 0
1 0 0
2 0 0
1 0 1
1 0 0
0 2 0
1 0 4
0 1 1
0 0 1
1 0 1
2 0 1
0 0 1
0 3 0
0 0 0
1 1 2
0 0 0
0 1 1
0 3 2
0 0 1
3 2 1
0 1 0
0 0 0
1 2 0
0 2 0
2 0 0
0 0 1
1 0 2
2 0 1
1 0 0
2 0 0
1 1 0
0 0 0
0 3 1
0 1 0
0 0 0
0 0 0
0 0 1
2 3 3
0 3 2
0 0 1
0 0 0
2 0 0
1 0 1
0 0 1
0 0 0
0 1 0
2 0 0
1 2 0
2 0 0
0 0 0
0 1 1
0 0 2
0 1 0
2 0 1
0 1 3
0 0 0
0 0 2
0 0 1
0 4 0
0 0 1
0 0 1
0 0 0
0 0 0
0 3 2
0 1 0
0 1 0
0 0 0
0 1 1
1 0 1
1 1 1
0 1 0
0 0 1
1 0 1
0 2 3
0 1 1
0 1 0
0 3 0
0 0 0
0 0 1
0 1 1
0 0 0
1 0 2
1 0 2
1 3 1
1 1 0
1 1 0
0 1 0
1 3 1
4 2 0
0 0 0
0 0 0
1 0 0
0 1 0
0 0 1
1 1 0
1 0 0
0 0 0
0 1 2
0 1 0
0 0 0
1 4 0
0 0 3
0 2 2
0 0 2
0 0 0
0 0 0
0 0 1
0 1 0
0 0 2
0 0 0
1 1 1
0 0 0
0 1 0
0 2 0
0 1 0
0 1 0
0 0 1
0 1 0
1 1 1
0 0 1
1 0 0
1 1 0
0 0 3
0 0 0
0 2 0
1 1 1
0 0 0
0 0 0
0 0 0
2 2 0
1 0 0
1 1 1
0 0 0
0 2 1
0 1 0
0 0 1
1 1 0
2 3 0
0 0 0
1 0 0
1 1 0
0 1 2
3 0 1
1 1 0
1 0 0
0 0 3
1 1 1
0 2 3
3 0 2
0 3 1
0 1 1
0 4 0
2 0 1
0 0 1
0 0 0
0 0 2
0 2 1
0 2 0
1 0 0
0 1 0
1 2 0
1 0 4
1 1 1
0 0 1
0 1 0
0 1 2
1 1 0
2 0 0
0 0 0
0 1 1
0 0 1
0 0 1
4 0 0
1 1 0
1 0 1
2 0 0
1 0 2
0 0 0
1 0 0
0 1 0
0 2 0
2 2 0
1 0 0
1 1 3
0 0 2
1 0 1
0 0 0
0 1 2
4 2 0
2 0 3
1 0 1
0 1 1
2 0 0
0 0 0
0 0 0
0 1 1
1 1 0
1 0 1
1 0 1
0 0 1
1 0 0
0 2 1
2 0 3
1 0 1
0 0 0
1 3 2
0 1 1
0 0 0
0 1 1
1 1 0
1 0 1
1 0 0
1 0 2
2 0 1
1 1 3
0 1 1
1 1 0
2 2 1
2 1 0
0 0 0
0 1 0
1 0 2
1 0 0
0 0 0
0 0 0
0 1 0
2 4 2
1 1 3
0 0 1
0 0 1
0 1 0
2 1 0
0 0 0
3 1 4
2 0 1
1 0 0
0 0 0
0 0 0
1 2 1
0 0 0
1 1 1
0 0 0
3 1 2
0 0 0
2 0 0
2 0 0
0 0 1
0 0 0
1 0 0
0 0 0
1 0 0
1 0 1
0 1 0
2 0 1
0 1 0
0 0 0
0 0 1
1 0 0
1 3 2
1 1 1
0 1 0
0 0 1
0 1 0
2 0 0
2 0 0
0 0 2
1 1 1
0 0 1
0 4 0
0 1 2
0 1 2
2 0 0
0 0 0
0 0 2
0 0 1
0 0 1
2 2 0
0 1 0
2 0 1
0 0 1
0 0 1
0 0 0
0 0 0
1 2 1
0 2 0
1 1 1
1 2 0
0 1 0
2 0 1
0 0 1
1 0 0
2 0 0
3 0 1
0 0 2
0 2 1
0 0 1
1 2 0
0 2 0
2 0 0
0 1 0
0 0 2
0 1 0
0 0 2
0 0 1
0 1 3
2 0 0
1 0 0
0 1 0
2 0 0
0 0 1
2 2 0
1 0 2
2 0 0
0 0 0
3 0 1
0 0 0
1 1 0
0 0 0
0 3 0
1 0 0
0 1 2
0 0 0
0 2 0
1 0 2
0 0 0
0 0 4
1 0 1
0 0 0
1 2 2
0 0 0
1 0 0
0 2 0
0 4 2
1 1 1
2 0 0
0 0 1
0 1 0
0 0 1
1 0 0
3 1 2
2 0 0
0 0 1
1 0 0
1 1 1
3 0 0
0 0 1
0 1 1
0 0 0
0 2 0
0 0 1
0 0 1
0 3 0
0 3 0
1 1 0
0 2 0
1 0 1
1 0 3
1 0 1
3 1 0
0 0 0
1 2 1
0 0 0
0 1 1
0 2 0
4 0 1
2 0 2
0 0 0
0 0 0
2 0 0
0 0 0
1 0 0
1 0 0
2 1 0
0 0 2
0 1 0
0 0 0
0 0 2
0 0 0
2 1 1
2 0 0
3 0 1
0 1 1
1 1 1
0 0 0
0 3 0
0 1 1
0 1 1
0 0 0
0 1 1
1 0 0
0 1 1
0 0 0
0 2 1
0 0 0
1 2 1
1 2 0
0 1 0
3 0 0
1 0 0
0 0 0
1 1 4
2 2 0
1 0 0
3 1 1
0 0 3
3 0 0
2 0 1
0 1 0
0 2 1
1 0 0
1 1 1
0 0 0
0 2 0
2 0 1
1 0 0
2 0 0
2 0 0
1 0 1
0 2 2
0 0 0
0 1 0
1 2 0
1 1 2
0 1 0
1 0 0
0 0 4
0 1 0
0 1 1
1 0 0
1 1 0
1 0 1
1 1 1
1 0 1
3 3 1
0 0 2
0 0 0
1 0 0
1 1 0
0 0 1
0 1 1
1 0 0
0 0 0
1 1 0
0 0 0
0 0 1
0 1 0
1 0 1
1 1 0
0 2 2
0 0 1
0 0 0
0 1 0
0 0 0
0 1 0
0 3 0
1 0 0
0 1 0
0 2 1
1 0 1
0 1 2
0 1 0
0 0 0
1 0 0
0 1 0
0 1 1
0 1 1
2 0 0
0 1 1
2 3 1
0 0 0
0 0 0
2 0 0
1 3 4
1 0 2
0 0 2
0 1 0
0 1 0
0 0 0
0 1 1
0 1 0
2 1 2
0 0 0
2 1 0
0 0 0
1 0 0
2 0 0
0 0 0
0 0 0
1 0 0
0 0 1
0 0 0
1 0 0
0 0 0
1 0 0
0 0 0
0 1 1
1 2 1
0 3 0
0 1 0
0 2 1
2 2 2
1 0 0
0 1 0
1 1 0
1 0 2
0 3 0
0 4 0
1 0 0
0 0 0
2 2 1
0 0 0
1 0 0
1 0 3
0 1 0
1 0 1
1 0 2
1 1 1
1 1 0
0 1 2
0 0 0
1 0 1
0 0 0
0 0 1
0 0 1
1 0 0
0 0 1
0 0 0
0 2 0
0 1 0
0 2 0
1 0 1
0 1 0
0 0 1
0 0 0
1 0 0
0 1 0
1 0 1
1 1 1
1 0 0
1 1 0
0 1 0
0 0 1
0 0 1
0 2 0
0 0 0
0 0 1
2 0 0
0 0 0
1 2 3
0 1 0
0 1 0
1 0 3
1 0 0
1 0 0
0 1 4
0 0 0
0 1 2
2 0 3
3 0 2
0 0 0
0 0 2
1 0 0
0 3 1
0 3 0
0 0 0
2 0 0
0 0 2
1 0 1
0 1 0
0 1 0
0 0 4
2 2 0
0 1 0
0 2 0
1 0 0
0 0 0
3 1 0
1 0 0
3 0 0
0 0 0
0 0 0
1 0 0
0 0 0
0 1 0
0 1 0
0 1 1
1 0 1
2 0 0
0 1 0
0 1 0
0 1 1
1 0 1
1 2 0
0 1 2
1 1 0
2 2 2
1 2 0
0 3 0
1 0 0
0 0 2
0 0 0
0 2 0
0 0 0
0 2 0
0 0 1
1 1 0
0 0 3
0 0 0
4 1 1
0 0 0
0 2 0
0 0 3
0 0 0
0 0 0
0 1 1
2 0 2
0 0 0
0 1 0
0 1 1
0 0 0
0 1 1
2 0 0
1 1 0
3 0 0
0 0 1
3 0 2
0 1 1
1 0 0
0 0 0
0 0 0
3 1 0
1 0 2
0 1 0
1 0 0
0 1 0
0 1 0
0 0 1
0 1 0
0 0 1
0 2 1
0 0 4
0 1 0
0 2 1
0 0 0
0 0 1
1 0 0
0 1 2
0 0 1
1 1 0
1 2 0
0 1 0
0 0 1
0 1 0
0 2 0
2 0 0
1 0 0
0 1 2
0 0 0
1 1 1
0 0 0
0 1 3
0 0 1
0 0 0
0 3 1
2 2 0
0 1 0
0 1 1
1 0 1
0 0 0
0 1 1
1 1 0
0 2 0
1 1 0
0 1 0
0 0 1
2 2 0
0 1 0
0 2 0
0 3 1
0 1 0
2 0 0
0 1 1
0 0 0
0 0 2
0 1 1
2 1 0
0 1 2
0 2 1
1 0 0
1 1 0
0 1 0
1 0 0
1 1 3
0 1 0
0 0 0
1 2 2
3 0 0
1 0 0
0 2 1
0 0 1
0 0 1
0 2 1
3 0 2
0 1 0
0 0 0
1 1 1
1 0 1
1 0 2
3 0 0
0 0 0
0 2 0
1 3 1
1 0 0
0 0 0
0 0 0
0 0 0
2 1 1
1 1 0
1 1 1
0 1 2
0 3 0
0 2 0
0 1 2
1 0 2
0 2 1
0 1 0
0 0 1
1 1 0
0 1 1
0 1 0
2 1 1
0 2 1
1 0 2
1 1 1
3 0 2
0 0 2
0 1 0
1 0 1
0 0 2
2 1 1
1 1 0
1 2 2
0 0 0
2 1 0
0 1 0
2 0 1
1 1 0
0 0 0
1 0 2
1 1 2
0 1 1
0 0 1
1 1 1
1 0 0
2 1 0
0 1 0
1 1 4
1 1 0
0 0 2
1 0 0
0 0 1
0 1 1
0 0 1
1 1 0
0 1 1
0 2 0
2 0 1
1 0 2
0 0 2
0 0 0
0 1 0
1 1 1
1 0 2
2 0 0
0 1 0
0 0 0
1 2 0
1 0 1
0 0 0
1 0 1
1 2 1
0 0 0
2 0 0
0 0 0
0 0 0
0 0 2
2 1 0
0 0 0
0 1 0
0 1 0
1 1 1
1 3 0
1 0 2
0 0 0
0 1 1
1 0 0
0 0 0
0 0 0
3 0 1
0 0 1
0 1 1
0 0 1
2 1 0
1 0 0
0 1 0
0 3 0
2 1 0
0 1 2
0 0 0
0 0 0
0 0 1
1 0 1
0 1 0
1 1 1
0 0 1
1 0 1
0 1 1
1 0 1
0 1 1
0 0 0
1 0 2
0 1 0
1 0 0
0 1 0
0 3 1
0 0 0
1 0 1
1 1 1
0 0 1
1 1 0
0 0 2
1 1 0
0 0 0
0 1 1
0 0 0
1 1 0
0 0 0
0 1 1
1 0 1
2 4 1
0 0 0
0 0 0
1 2 1
1 2 0
1 1 0
0 2 2
1 0 0
1 0 1
2 0 0
0 0 0
1 0 0
0 1 1
1 0 0
2 0 0
1 0 0
2 1 1
0 2 3
0 0 0
2 2 0
0 1 1
0 0 0
1 1 0
0 2 1
1 0 0
0 1 0
1 1 1
4 2 0
0 1 1
1 0 0
0 0 0
3 0 1
0 0 0
2 3 0
0 1 1
0 1 0
1 0 0
2 0 0
0 1 0
1 0 0
0 0 0
1 1 0
0 1 1
0 0 0
0 0 1
0 0 3
0 2 0
0 2 3
2 0 0
1 3 0
1 0 0
2 1 3
0 2 1
2 1 0
0 3 0
0 0 1
1 1 0
1 0 0
0 1 1
0 2 0
1 2 0
0 0 1
1 1 0
0 1 0
0 1 1
1 0 0
2 1 1
0 2 0
0 0 1
1 0 0
1 0 0
0 0 2
0 1 0
1 0 1
1 2 0
4 0 1
0 0 1
0 0 1
0 0 0
0 1 0
0 1 1
0 0 1
1 0 1
1 0 1
1 0 1
3 0 1
0 0 2
2 1 0
0 1 1
1 0 0
2 1 3
1 3 0
0 0 0
1 0 0
1 0 1
0 0 2
0 0 1
1 1 2
0 1 1
0 1 0
0 0 1
0 0 0
1 0 0
0 1 3
0 0 1
0 1 1
1 1 1
2 0 1
2 0 1
0 1 0
2 0 1
0 2 1
1 0 0
1 0 2
1 3 0
4 0 1
1 0 0
1 2 2
1 0 0
0 3 0
0 0 2
1 0 0
0 0 1
1 0 0
1 2 0
0 0 0
2 1 1
0 2 1
0 0 0
1 2 0
1 2 1
3 1 1
0 4 4
0 0 1
0 3 1
0 0 0
0 0 0
0 2 1
0 1 0
0 1 0
2 0 1
0 2 0
0 0 0
0 1 2
0 0 0
0 0 0
0 0 0
0 0 0
0 0 2
1 0 0
1 0 1
0 1 0
0 0 1
1 2 2
0 0 0
0 0 0
1 1 2
1 3 3
1 0 0
0 0 0
1 0 0
0 0 0
3 1 0
0 2 0
0 1 0
0 1 1
1 1 0
1 0 0
0 0 0
1 1 1
2 0 1
1 2 0
0 0 0
0 0 0
0 0 1
3 1 0
0 0 2
0 1 0
1 2 1
0 0 1
0 1 0
2 1 0
0 2 2
1 1 0
1 0 2
1 0 1
0 0 2
2 1 0
0 0 4
2 0 0
0 0 0
0 3 0
0 0 1
0 0 0
0 1 3
0 1 1
0 2 1
0 0 0
0 0 0
2 0 2
0 0 1
0 2 0
0 2 0
0 0 1
0 1 1
1 0 0
2 2 0
0 0 0
0 0 2
1 1 4
1 0 0
1 0 1
0 1 1
2 0 0
1 0 0
0 1 2
0 1 0
0 2 0
0 1 0
2 0 1
0 2 1
1 1 2
2 1 2
1 0 0
1 0 0
0 2 0
2 1 0
2 2 1
1 1 1
0 1 0
0 0 1
0 0 0
0 0 0
0 0 2
1 1 1
1 0 2
0 2 1
0 0 1
0 0 0
0 1 1
1 0 3
3 0 1
1 0 0
0 2 0
0 0 0
0 0 0
1 0 0
0 1 0
3 0 0
0 0 0
1 1 1
0 1 1
0 0 1
1 1 0
0 1 1
0 0 0
1 2 3
3 0 1
0 0 2
0 2 1
3 0 0
0 0 1
0 0 1
1 0 1
2 0 0
0 1 0
0 1 0
0 0 0
2 0 1
0 2 0
1 1 0
0 0 0
0 0 1
0 2 0
0 2 3
0 0 4
0 0 1
0 0 2
2 0 0
1 0 1
0 0 1
0 0 2
2 0 1
0 0 3
0 0 0
1 1 1
0 2 2
0 0 1
0 0 0
1 2 0
0 1 0
1 0 0
1 0 1
0 0 0
1 0 0
1 1 0
1 0 0
2 3 1
1 2 0
0 0 0
0 0 0
0 0 0
0 2 2
0 1 1
0 1 1
1 1 1
2 2 1
0 1 0
2 0 0
0 1 0
0 2 0
1 0 0
0 0 3
1 1 0
0 1 0
0 2 2
0 0 0
2 0 4
2 0 0
1 1 0
1 0 0
0 1 1
0 1 0
1 2 1
0 1 0
2 2 0
0 0 0
2 0 1
0 0 1
0 0 1
0 2 0
0 0 3
0 1 0
0 1 1
0 2 1
1 0 0
0 0 0
1 0 0
3 0 0
0 0 0
0 0 1
1 1 0
0 1 0
0 2 0
0 2 1
0 2 1
0 0 1
0 1 1
1 3 2
0 0 2
0 1 0
0 2 1
1 2 0
0 0 0
0 4 0
0 1 0
1 0 1
0 1 1
2 1 0
1 1 2
0 1 2
0 0 1
0 0 0
1 0 0
3 0 2
0 0 0
0 1 0
2 0 0
0 0 2
0 0 2
0 1 0
1 0 3
1 0 1
0 0 0
1 2 0
2 0 0
2 1 2
0 0 0
2 0 0
1 2 1
0 2 0
0 0 1
0 1 3
2 2 2
0 0 0
0 1 0
0 0 0
0 0 0
0 0 0
0 0 1
0 0 0
0 1 4
3 1 1
0 2 3
0 0 1
0 1 4
0 0 0
0 1 1
0 0 0
2 2 0
1 1 1
0 0 1
0 1 1
0 1 0
0 1 1
0 0 0
2 0 0
2 0 0
0 0 1
0 0 0
0 1 1
0 0 0
0 0 0
2 0 2
0 1 1
0 0 0
2 0 0
1 0 0
0 1 0
0 0 1
1 2 0
0 2 1
0 0 0
0 0 2
1 2 1
0 0 1
2 0 0
0 0 0
1 0 0
4 0 0
0 0 0
0 1 1
1 1 3
3 4 0
0 0 1
1 1 1
1 0 0
1 0 0
0 0 0
1 3 1
0 0 2
1 0 0
0 1 0
0 0 0
1 0 0
2 2 2
1 1 1
0 1 0
1 0 0
1 2 0
0 0 2
0 3 1
0 0 2
0 0 1
0 2 0
0 0 0
0 0 3
0 0 1
0 0 0
2 0 1
1 3 1
0 0 0
0 0 0
0 0 0
0 1 0
2 0 1
0 1 0
0 0 1
0 0 1
2 0 2
1 2 2
2 0 0
0 1 0
0 0 2
0 2 0
0 0 0
0 1 0
0 0 0
0 2 1
0 0 1
0 2 0
1 0 0
0 0 0
0 2 0
1 0 0
0 0 1
1 0 0
1 1 1
2 0 0
1 1 2
0 1 1
1 0 0
0 1 0
0 0 1
1 0 0
3 2 0
4 0 2
0 0 0
0 2 1
0 0 1
0 0 0
1 0 1
0 0 0
0 1 1
0 0 0
0 1 0
0 1 1
2 0 1
1 0 0
2 0 0
1 0 0
0 0 1
0 0 0
0 1 0
0 0 0
0 1 1
0 1 3
3 2 1
0 0 0
0 0 0
0 1 0
1 0 1
1 2 1
0 0 0
0 0 3
2 1 2
1 2 0
0 0 1
0 0 0
0 3 0
1 1 0
1 0 0
0 0 2
0 1 0
0 0 2
0 1 0
0 0 0
1 0 0
1 1 0
1 0 3
0 0 2
0 0 0
0 2 0
1 0 0
1 2 0
0 0 2
0 0 0
0 1 0
0 1 0
0 0 0
2 1 1
1 1 0
0 0 1
1 0 1
0 1 0
1 2 2
0 0 0
1 0 0
0 0 0
0 0 1
0 0 0
0 0 0
1 1 0
1 0 1
0 0 1
1 0 0
0 0 0
4 1 0
2 0 0
3 0 0
1 0 0
1 0 0
1 0 0
0 0 0
0 1 0
0 1 0
0 1 0
1 0 1
0 0 0
0 0 0
0 0 3
1 1 3
1 0 2
0 0 0
2 1 0
1 0 0
1 0 1
0 1 0
1 3 0
0 3 0
1 1 3
0 1 0
1 0 0
1 0 1
0 0 1
1 0 0
0 0 0
0 0 3
2 0 0
1 1 2
1 0 0
0 0 0
0 0 1
0 1 3
2 0 0
1 0 0
0 0 0
2 1 0
1 1 0
0 0 0
0 0 1
0 0 3
0 1 0
0 0 0
2 1 2
1 1 3
0 4 0
0 0 0
1 0 0
3 0 1
0 0 0
0 0 1
0 1 0
2 1 0
2 0 0
0 0 0
2 1 0
3 0 1
0 1 0
0 2 0
1 1 0
1 0 0
3 0 0
1 0 2
1 0 0
1 2 2
1 1 1
1 0 0
1 0 3
0 1 0
0 4 0
2 2 1
2 2 1
0 0 0
2 0 3
0 1 0
0 0 1
1 0 0
0 0 1
1 0 0
0 0 2
0 1 3
1 1 0
0 1 1
0 2 0
0 0 1
0 1 1
0 0 0
0 2 0
1 0 2
1 1 4
0 1 0
0 0 2
0 0 1
0 0 4
2 2 2
0 0 0
1 3 0
1 1 0
1 2 0
0 0 0
2 1 0
0 0 2
4 1 0
0 2 1
0 1 0
1 0 0
0 0 0
0 0 3
1 1 0
1 1 0
0 0 3
0 1 1
0 0 0
0 0 1
0 0 0
0 0 1
3 0 0
0 0 0
0 2 1
0 0 0
0 0 0
3 1 1
0 0 1
1 0 1
1 2 0
0 0 2
1 0 0
0 0 1
1 4 2
0 0 4
1 0 1
1 0 0
0 0 0
0 0 3
0 1 1
0 3 0
0 1 3
0 1 0
0 0 0
1 1 1
0 0 0
1 1 0
4 0 3
0 0 0
0 0 0
1 1 0
0 2 0
0 0 1
0 1 1
2 1 1
0 0 1
2 2 0
1 2 0
1 0 1
3 2 0
0 0 0
0 0 0
2 0 1
1 0 1
0 0 2
1 0 0
0 1 0
0 1 2
1 1 1
1 1 1
0 0 0
0 1 0
0 0 0
0 0 0
0 1 1
0 0 0
4 0 0
1 2 2
0 2 0
0 1 3
2 0 2
1 1 0
1 0 0
1 1 0
1 1 0
0 2 1
1 0 0
1 1 0
0 0 0
0 1 0
2 0 0
1 0 0
1 0 3
0 0 0
1 1 1
0 1 2
0 3 1
1 0 1
0 0 0
2 3 0
1 0 2
0 0 0
0 2 2
0 1 0
0 0 0
0 2 1
1 2 3
1 1 1
2 0 0
0 3 0
