2 3 2 1000
292 646
269
612 992 1324
530 1120 1530
38 42 25
40 43 41
71 19 7
0 0 0
0 3 1
0 0 1
1 1 1
1 0 2
0 1 2
0 0 1
0 0 1
1 2 0
1 1 0
1 2 0
2 1 0
0 2 0
0 0 0
0 0 1
0 0 0
0 0 0
0 3 0
0 1 0
1 0 0
0 1 0
0 0 0
1 3 0
0 2 2
1 0 1
0 0 1
0 1 0
1 0 0
1 0 0
1 0 2
0 0 1
2 0 0
3 0 1
0 1 1
0 1 1
1 0 1
1 1 0
3 0 0
0 0 0
0 0 0
0 1 0
1 0 2
0 0 1
0 0 1
0 1 0
0 1 1
2 0 2
0 0 1
1 0 1
0 0 0
0 1 0
0 0 1
3 0 1
1 1 0
1 0 0
0 2 0
1 1 0
0 1 0
0 0 2
0 1 0
1 0 1
0 1 1
0 0 3
0 0 0
0 1 0
0 1 1
0 0 0
1 0 0
0 0 0
0 1 0
0 1 0
1 1 0
3 0 0
0 2 3
3 0 0
0 2 2
0 1 0
0 1 0
1 0 1
0 0 3
0 0 0
1 0 2
1 1 2
2 1 1
0 1 1
2 1 0
0 2 0
1 1 0
1 1 1
0 1 1
0 1 0
0 0 1
1 0 0
0 0 1
0 1 0
0 0 0
0 0 1
3 0 0
0 0 1
1 1 2
0 1 0
1 0 2
0 1 1
1 2 1
0 2 1
0 1 0
0 1 2
0 2 1
1 0 0
1 1 0
1 1 0
2 2 0
0 0 0
0 2 0
0 2 3
1 2 0
0 1 1
2 0 0
0 1 0
0 0 0
1 0 1
0 2 0
0 0 1
0 1 0
0 1 1
1 0 1
1 2 1
0 0 2
2 1 0
1 1 0
1 2 0
0 0 0
4 0 1
1 0 0
0 0 0
0 1 1
1 0 0
0 0 0
0 0 0
3 0 1
1 0 0
2 1 0
0 1 0
1 0 0
0 0 0
1 0 0
2 0 1
2 2 2
2 1 0
0 0 1
0 0 0
0 2 0
0 1 0
0 0 1
0 1 1
0 0 3
2 0 0
0 2 0
0 1 1
1 4 0
1 0 1
1 0 0
3 2 0
0 0 0
1 0 0
0 0 0
0 0 0
0 0 2
0 1 1
0 2 0
0 0 0
0 3 0
1 1 0
4 1 0
3 0 1
0 2 0
1 1 0
0 1 0
1 1 1
0 0 3
0 0 3
0 0 2
0 1 0
0 1 0
0 0 3
0 1 0
0 0 0
2 0 1
1 1 2
2 0 0
0 1 0
0 1 0
0 1 0
0 0 0
0 0 0
1 0 0
1 1 2
0 3 1
1 1 1
1 0 1
0 0 1
0 1 0
0 2 0
3 1 1
0 1 1
2 1 0
0 0 1
2 2 2
0 1 2
0 1 0
0 1 1
3 2 2
1 0 0
1 0 1
0 0 1
1 0 0
0 0 0
0 1 2
1 0 1
0 0 1
0 2 1
1 2 1
0 0 0
2 1 1
0 0 0
0 0 0
0 1 1
1 0 1
1 0 0
0 0 0
1 0 0
0 0 0
0 1 0
0 0 0
0 1 0
0 0 1
2 2 0
0 0 1
0 1 0
0 0 0
2 0 1
1 0 2
0 2 1
0 3 1
1 0 0
2 0 0
1 3 1
0 2 0
0 0 0
2 0 1
0 1 2
2 1 1
2 0 1
0 0 0
2 1 0
0 0 0
0 3 0
0 1 0
0 1 0
0 0 0
1 0 0
2 0 0
1 0 1
0 1 1
0 0 0
0 1 0
2 0 0
0 0 1
3 0 0
0 0 0
1 1 0
0 1 1
0 2 1
1 0 0
0 2 0
1 0 0
0 1 0
0 0 0
0 1 1
1 1 0
0 0 0
0 1 0
0 0 1
0 0 0
0 0 2
0 2 1
2 0 3
1 1 0
1 1 0
2 0 1
1 0 4
1 0 0
1 2 1
0 0 0
1 2 1
2 0 2
0 0 1
0 0 0
1 1 0
2 2 0
1 1 4
0 1 1
0 0 1
1 3 1
1 1 1
0 0 1
1 0 1
1 1 0
1 2 0
2 1 1
0 2 0
0 1 0
3 0 0
0 0 1
0 0 0
2 1 1
0 0 1
1 1 1
0 0 0
3 1 0
0 3 0
2 0 0
1 0 0
0 0 0
0 0 0
0 0 0
1 0 1
0 1 0
0 0 1
0 1 0
0 0 0
1 2 1
0 1 1
0 1 1
0 2 1
0 1 0
0 1 0
0 0 0
0 0 1
2 0 0
0 1 1
0 1 0
2 0 1
1 0 0
0 1 0
1 0 0
2 0 1
0 2 2
0 0 0
0 0 1
1 1 0
2 0 1
0 0 0
0 1 1
0 0 0
0 1 0
4 0 1
0 0 1
0 2 2
0 0 0
0 0 1
0 3 1
0 2 1
1 0 1
1 0 0
0 0 1
0 0 0
1 3 1
0 0 1
1 1 1
1 0 0
0 3 1
1 0 2
1 0 1
1 0 3
0 0 0
0 0 1
1 1 3
0 0 2
1 0 0
0 0 0
2 0 1
1 0 0
1 1 0
1 0 0
0 0 0
0 1 1
2 0 0
0 0 2
1 0 0
2 1 0
0 0 0
3 2 0
0 0 1
0 0 1
0 0 1
1 1 1
2 1 2
1 1 2
1 0 3
2 0 1
0 0 0
1 0 0
2 1 0
1 1 2
1 2 0
3 2 0
0 0 0
0 2 0
0 1 0
1 0 1
1 1 1
0 0 1
0 0 4
0 0 0
0 0 1
0 1 1
1 0 4
1 1 0
1 0 1
2 1 1
0 0 1
0 1 1
0 1 0
1 0 1
3 0 0
1 0 0
0 0 0
0 0 1
0 1 0
1 1 0
0 1 0
0 0 0
1 0 0
0 1 0
1 0 0
0 2 0
1 0 0
0 1 0
0 0 0
0 1 0
2 0 1
1 0 0
2 0 0
0 1 0
0 1 0
0 0 1
0 1 0
1 2 2
0 1 0
1 1 0
1 0 2
0 0 2
1 0 0
0 0 0
1 0 0
0 0 0
1 1 1
0 1 0
0 0 2
2 1 1
1 0 0
1 1 0
0 0 2
0 1 1
0 2 1
0 0 0
0 0 1
1 2 1
0 1 1
0 0 1
0 0 0
1 1 1
0 0 2
0 0 4
0 0 2
1 0 0
0 1 3
0 0 0
1 0 0
0 0 0
1 0 2
1 1 1
0 0 1
2 0 4
0 0 1
0 0 1
0 2 1
1 0 0
2 4 0
0 0 0
0 0 0
1 0 4
0 2 1
3 0 1
1 0 0
0 0 0
0 1 0
1 1 1
0 0 1
1 0 0
1 0 0
2 0 0
1 3 0
1 1 0
0 3 1
2 0 0
0 0 2
0 0 0
0 0 2
1 0 0
1 1 0
0 0 0
0 1 0
0 0 0
0 1 0
0 0 0
1 1 0
0 1 2
0 1 1
1 0 1
1 0 0
0 1 1
0 1 0
2 1 0
0 1 0
0 3 0
0 1 0
1 0 0
0 2 1
1 1 0
0 3 0
0 1 1
0 1 1
3 0 0
0 0 0
2 2 4
0 0 1
0 0 2
1 0 0
1 0 0
1 0 2
1 1 2
1 0 0
1 1 1
2 1 0
0 0 0
1 0 1
0 3 0
1 0 1
0 0 0
3 0 0
0 0 0
0 1 2
3 0 0
2 0 1
0 0 1
1 0 0
1 0 0
0 1 0
0 1 0
0 0 1
0 1 0
0 0 0
1 1 1
2 0 2
1 1 3
0 0 1
0 1 3
0 2 0
1 0 0
1 1 0
0 3 0
0 0 0
1 0 1
0 2 4
0 0 0
0 0 0
1 2 0
0 2 0
0 1 1
0 0 0
0 0 0
3 0 1
0 1 0
1 0 1
0 0 0
4 0 0
0 2 1
0 0 0
1 0 0
2 0 2
0 0 0
0 1 1
0 0 3
0 1 0
0 0 3
0 0 1
0 0 0
2 2 2
0 3 0
1 0 3
1 0 0
0 0 1
0 0 0
1 0 0
2 0 0
0 1 0
1 2 0
1 2 3
2 4 0
0 0 0
1 0 0
2 0 0
0 0 1
1 0 1
2 1 2
0 4 0
0 3 1
0 3 0
2 1 0
0 1 0
1 1 0
0 0 0
0 2 0
0 0 2
0 0 0
0 1 0
2 1 0
0 0 0
0 1 1
0 0 0
3 0 0
0 0 1
0 0 0
0 0 0
2 2 1
0 1 3
0 2 1
1 0 1
1 2 1
0 0 0
1 0 1
0 2 3
0 4 0
0 1 2
0 0 1
1 0 0
0 2 0
0 0 1
0 2 0
0 1 0
0 0 2
0 1 0
0 0 0
0 0 1
0 0 0
2 0 0
0 0 0
0 0 2
0 0 2
1 1 0
0 0 1
1 0 0
1 0 3
0 0 2
2 4 1
0 2 0
1 0 0
0 2 0
0 0 0
2 0 0
0 2 0
0 0 1
0 1 0
0 1 3
0 1 0
0 0 0
2 0 1
0 1 0
0 0 0
2 4 1
0 3 0
0 0 0
0 0 4
0 1 1
1 1 1
0 0 1
0 1 0
0 0 0
0 0 1
0 0 0
1 4 1
0 1 1
1 2 1
1 0 0
2 3 0
0 0 0
3 0 0
0 0 0
1 0 0
2 0 0
0 0 0
1 1 0
3 4 1
0 0 0
0 0 0
0 0 1
0 1 2
2 1 0
0 0 0
1 0 1
0 0 0
0 0 0
1 1 2
0 2 0
0 0 0
2 0 0
1 0 1
0 1 0
2 1 0
0 2 0
0 0 0
0 0 0
0 1 1
4 0 0
1 1 0
0 0 2
0 0 0
2 0 1
3 0 1
2 0 1
0 0 0
0 0 0
1 0 2
0 0 1
0 3 0
0 0 1
1 0 0
0 0 0
2 0 0
0 1 0
0 1 2
0 0 0
0 0 0
0 0 0
4 1 0
2 3 0
0 1 1
0 0 0
1 0 0
0 0 2
0 0 0
0 0 2
1 0 0
1 0 1
0 1 0
1 0 0
0 0 3
2 0 1
1 1 0
0 0 1
0 1 0
2 1 1
0 0 0
0 1 0
0 1 1
1 0 2
3 0 0
1 0 0
0 4 0
2 0 0
1 1 0
0 0 0
0 0 3
1 0 1
0 1 1
2 2 0
0 0 0
1 0 1
0 0 0
3 1 0
1 0 1
1 1 0
3 1 0
0 0 0
0 0 0
3 0 0
2 2 0
0 0 1
1 0 1
0 1 1
1 0 0
0 0 1
3 0 0
0 1 2
0 0 1
0 2 0
0 0 1
1 0 1
0 0 1
0 1 2
1 0 1
4 1 1
0 0 0
0 0 0
0 1 1
2 1 0
1 2 0
2 0 1
0 0 0
0 0 0
1 0 1
1 0 2
0 1 0
2 3 1
2 0 1
1 1 1
0 0 0
0 1 1
0 0 1
0 2 1
2 1 0
1 2 0
0 0 0
0 0 0
0 0 1
1 2 0
0 0 1
0 0 1
0 1 0
0 0 1
0 0 1
0 1 2
0 0 1
0 0 0
0 0 0
1 1 0
1 0 0
0 0 0
0 0 2
0 1 0
1 0 0
0 0 1
0 2 1
0 0 3
0 0 0
1 1 4
1 1 1
2 0 2
0 0 0
0 1 0
0 1 1
0 0 0
0 1 0
1 1 0
1 1 0
0 0 0
0 1 0
4 0 0
0 0 1
1 1 1
1 2 0
0 1 2
0 0 1
2 0 0
0 0 2
1 3 0
1 0 0
3 1 1
0 0 0
1 0 0
2 0 0
0 1 2
0 0 1
0 1 1
1 0 0
0 0 0
1 1 1
0 2 1
1 1 1
2 0 0
1 1 2
0 0 0
0 1 0
0 1 0
0 1 2
0 0 0
1 0 2
0 3 1
1 2 1
0 0 1
0 1 0
0 0 2
0 1 0
2 1 3
0 1 0
0 0 2
0 0 1
0 0 0
0 0 0
0 0 1
0 0 0
0 1 0
0 1 1
0 0 1
0 1 0
0 0 0
0 1 0
0 0 0
0 2 0
1 0 1
1 2 0
3 1 1
2 0 0
1 0 1
2 0 3
0 0 1
2 1 0
0 0 1
0 0 0
0 4 0
0 1 0
0 0 0
0 1 1
0 1 0
0 0 0
0 1 0
0 0 0
0 0 0
0 1 0
1 1 0
0 2 0
2 1 0
2 1 0
0 0 1
4 0 2
0 0 0
2 2 2
1 1 1
3 1 1
3 1 0
0 1 0
2 1 0
0 0 0
2 0 1
1 0 0
0 0 0
1 1 0
1 0 1
1 0 1
0 0 1
1 2 1
0 0 0
0 0 0
0 2 1
0 0 3
0 1 0
0 0 0
0 1 0
2 3 3
0 2 0
0 2 0
3 0 0
0 1 0
0 0 0
0 2 1
1 0 0
0 1 0
2 0 0
1 0 2
0 2 1
0 0 0
2 0 0
1 1 0
1 0 1
0 0 1
1 0 0
0 0 0
2 0 1
0 1 0
1 0 0
1 0 1
0 2 0
0 2 0
0 1 1
1 1 0
0 0 0
0 0 0
2 0 1
0 1 0
1 1 0
1 0 1
0 0 1
0 0 0
0 1 2
0 0 0
2 0 0
0 0 0
0 0 0
0 0 1
2 1 4
1 1 1
0 1 0
2 1 0
3 0 0
2 1 1
2 0 1
0 1 0
0 2 0
0 1 4
1 0 0
1 0 3
4 1 1
0 0 0
0 2 2
1 2 0
0 0 1
0 0 2
0 0 1
1 0 2
0 0 1
0 0 0
1 0 0
0 0 1
0 0 0
0 3 0
0 0 0
1 1 0
0 1 0
0 1 2
0 2 1
0 2 1
2 0 2
1 0 0
0 0 0
1 0 0
1 0 0
3 0 0
0 0 0
0 3 0
0 1 0
0 1 1
0 0 0
0 0 0
0 1 0
1 0 1
1 0 1
0 0 0
0 0 0
0 0 2
1 2 1
2 1 0
1 0 1
0 1 0
0 1 0
2 0 1
0 1 1
2 0 2
0 1 0
0 0 0
0 1 0
3 1 1
2 0 0
0 1 0
2 2 0
1 0 3
0 2 0
0 1 0
1 0 0
0 2 0
0 0 0
0 1 3
0 3 0
0 1 0
2 0 0
2 1 0
3 4 1
4 0 2
2 0 0
0 0 0
0 0 0
2 0 0
1 0 0
0 0 0
2 0 0
1 2 0
0 1 1
0 1 1
0 1 0
0 1 1
1 2 0
0 2 0
0 0 2
1 2 1
0 1 1
2 1 0
0 0 0
0 2 0
0 2 1
0 0 4
1 1 1
1 0 1
1 0 2
0 1 0
0 0 0
1 1 0
0 0 3
1 2 0
2 2 1
0 1 1
0 0 0
1 0 0
0 0 1
0 0 0
0 2 0
2 1 0
2 0 0
0 0 1
0 0 1
0 0 0
0 1 1
1 2 0
0 0 0
0 1 0
1 1 1
0 0 0
2 0 1
0 4 0
0 1 4
0 0 0
1 1 0
0 0 0
1 0 0
4 1 1
0 1 1
0 2 2
3 0 2
0 1 0
0 0 1
0 0 0
0 0 0
1 1 2
1 0 2
0 1 1
0 0 1
0 0 0
3 3 1
1 0 1
0 1 0
1 1 1
1 0 0
0 0 1
0 1 0
0 0 0
0 1 0
0 2 0
0 0 0
0 4 2
0 2 2
0 0 3
1 0 1
0 0 0
2 1 0
1 2 1
0 1 0
1 1 0
0 0 0
2 3 0
0 0 0
2 0 1
1 1 0
1 0 0
1 1 1
0 1 0
0 0 1
0 0 0
1 0 1
0 0 0
3 1 0
2 0 2
0 0 0
1 0 0
0 2 0
0 0 0
0 0 0
0 1 1
0 0 0
0 0 0
1 1 0
0 0 0
0 0 0
1 1 1
0 0 1
1 1 0
0 0 0
1 0 0
0 3 1
0 0 1
0 0 0
0 0 0
2 0 0
0 0 0
2 0 2
1 1 2
1 0 0
0 0 0
2 0 0
0 0 0
0 1 0
2 1 1
0 3 0
1 0 0
0 0 0
0 0 2
0 0 0
1 2 1
0 2 0
1 0 1
0 2 2
0 0 0
0 2 1
1 0 1
3 0 2
0 0 1
0 1 2
1 0 2
2 3 1
1 1 1
0 0 0
0 2 1
0 0 3
0 1 0
0 0 0
0 0 2
0 2 0
0 0 1
0 1 1
0 0 1
2 0 3
0 0 0
0 0 4
0 0 0
1 2 2
1 1 0
0 1 0
1 0 1
1 0 1
1 0 1
1 1 1
1 1 0
3 0 3
1 0 1
3 1 2
2 2 1
1 0 0
0 0 0
1 0 2
3 1 2
0 0 3
2 0 1
2 0 0
0 0 1
0 1 0
0 1 1
1 0 3
0 1 4
1 0 2
2 1 0
0 1 0
0 0 0
0 3 0
0 0 3
0 1 1
1 0 1
0 0 0
0 0 1
0 0 0
2 1 0
0 0 3
1 0 1
1 1 0
0 0 0
0 0 0
2 0 0
2 0 0
0 0 1
1 0 0
2 0 0
1 1 1
0 0 0
1 1 0
2 1 2
1 0 0
1 0 2
0 2 1
0 0 0
1 0 2
1 2 3
0 2 0
0 0 0
4 0 0
0 0 0
0 1 0
0 0 0
0 1 0
1 0 2
1 1 2
0 0 0
2 1 2
1 1 2
1 2 1
0 0 1
0 2 0
0 0 0
0 0 1
1 0 0
1 2 0
0 1 0
0 0 1
0 0 0
0 1 0
0 1 2
0 2 0
2 0 0
1 1 0
2 0 3
1 0 0
1 0 0
1 0 2
0 1 1
0 0 4
2 2 1
0 0 0
2 0 0
0 0 4
1 0 0
1 2 1
1 0 0
3 0 0
1 0 0
1 0 1
0 1 2
0 1 0
0 0 1
0 0 2
0 1 0
0 1 0
1 0 2
0 1 1
0 0 0
2 0 1
0 0 2
4 0 0
0 0 4
3 1 0
0 0 0
4 1 0
0 0 0
0 0 1
0 0 0
0 0 0
1 3 0
2 1 0
1 0 1
1 0 0
0 0 0
0 0 0
1 0 0
0 2 0
0 0 0
0 0 0
0 0 1
0 1 0
0 3 0
1 0 0
0 0 0
1 0 2
1 1 1
0 0 1
0 0 1
0 0 1
1 3 0
0 0 3
0 1 0
0 0 1
0 0 0
0 1 0
1 0 1
0 0 1
0 1 1
0 1 0
3 1 0
1 0 1
1 1 0
0 1 1
1 0 0
0 1 0
0 0 0
4 2 3
2 0 2
0 0 0
0 0 0
1 1 0
0 0 0
2 0 0
1 1 0
1 0 0
1 0 2
0 0 2
0 0 0
2 0 0
1 0 1
0 0 0
0 0 0
0 0 0
1 0 1
1 0 0
0 0 0
0 1 1
0 1 1
0 0 1
2 1 1
1 0 0
0 0 1
0 0 0
0 0 2
0 0 0
0 1 1
1 2 0
0 1 0
0 0 0
1 1 0
0 0 1
0 1 0
0 2 1
1 1 0
0 1 0
0 0 2
1 0 1
0 3 1
3 0 0
0 1 0
1 0 0
0 1 2
0 1 2
0 4 0
0 1 1
0 3 2
1 0 0
0 3 0
0 0 0
0 2 2
0 2 0
0 0 0
1 0 1
2 0 1
1 0 1
0 0 0
0 0 0
0 2 1
0 2 0
0 0 0
0 1 0
0 3 3
0 1 0
1 2 0
0 0 0
1 0 3
1 3 1
2 2 0
1 1 0
1 0 1
0 0 0
1 1 1
1 0 4
1 3 0
0 1 1
0 0 0
0 0 0
3 0 1
2 1 1
0 1 1
0 1 0
1 0 2
1 0 2
2 2 0
0 1 0
1 1 1
1 0 1
0 0 0
0 0 1
1 2 0
2 1 0
1 0 0
2 1 0
0 0 1
1 2 1
1 3 0
1 0 0
0 0 0
0 1 0
2 0 0
1 0 1
0 0 1
0 0 0
2 3 0
1 0 0
2 0 0
1 0 1
0 1 0
0 0 1
1 0 0
1 0 1
2 1 1
1 1 1
0 0 0
0 0 0
0 2 1
0 0 1
0 0 1
0 0 1
2 1 0
0 2 0
0 0 1
0 0 4
3 1 1
1 0 0
0 1 3
0 0 3
0 3 0
2 3 0
0 2 0
1 2 1
0 0 0
0 1 0
1 0 1
2 0 0
0 0 2
1 1 0
1 1 2
1 4 2
1 1 1
0 1 0
1 0 0
0 0 0
0 1 1
0 3 0
0 0 0
1 1 1
3 3 2
0 1 0
0 2 3
0 1 0
0 1 0
1 0 0
0 1 1
2 0 0
1 0 1
0 0 1
1 1 0
0 0 0
1 0 0
0 1 2
2 0 1
0 0 0
0 1 0
1 0 1
3 2 0
0 0 0
1 0 1
0 0 2
0 0 0
1 0 1
1 0 0
1 0 1
0 1 0
2 1 2
0 1 0
2 0 1
1 0 1
2 1 0
1 0 0
2 2 0
2 0 0
0 0 0
0 0 0
0 0 0
0 3 0
0 0 0
0 1 3
0 0 0
0 1 1
1 0 0
0 0 1
1 0 1
1 0 0
4 1 0
1 0 0
2 1 1
0 0 0
0 1 0
2 1 0
1 2 0
0 0 2
0 0 0
1 2 1
4 0 0
2 0 2
2 2 2
1 0 0
0 0 0
1 1 0
0 0 1
1 1 1
2 0 1
0 0 0
1 0 0
2 1 1
3 0 2
0 0 0
1 4 0
0 0 0
1 0 0
4 1 0
0 0 0
0 0 1
0 1 2
0 2 0
0 0 0
0 0 0
0 0 1
1 0 2
0 2 0
0 2 1
0 0 1
1 1 0
1 0 1
1 0 2
0 0 1
0 1 1
2 0 1
0 0 1
0 1 0
2 0 1
0 0 0
0 0 2
0 3 0
0 1 1
0 0 0
1 2 0
0 4 1
0 0 1
1 0 1
1 0 1
0 1 1
1 2 1
3 1 1
0 0 1
1 2 1
0 0 0
1 0 0
2 0 1
0 1 2
0 2 0
1 4 0
0 0 1
3 1 0
2 1 2
0 1 0
0 0 0
1 1 1
2 3 2
1 0 0
0 1 0
0 3 0
0 3 0
0 1 0
0 1 1
0 0 0
0 1 1
1 0 0
2 2 1
1 0 0
0 1 0
1 0 0
1 0 2
1 2 0
0 1 0
3 0 1
3 0 0
2 3 0
1 0 1
0 1 0
0 1 1
0 0 0
1 1 0
0 1 0
0 2 1
0 0 1
1 0 4
2 1 2
0 0 1
1 0 0
2 2 0
1 0 0
2 0 0
1 0 1
0 0 0
1 0 0
0 0 0
0 0 0
0 1 1
0 1 0
0 3 0
0 0 0
0 1 0
0 1 2
1 3 0
0 0 0
0 0 1
2 3 0
2 1 0
1 0 0
0 0 2
0 2 0
0 1 0
0 0 4
0 0 0
0 1 1
1 2 0
2 1 0
1 0 0
0 3 0
0 1 2
0 1 0
0 2 0
0 3 1
0 0 0
0 0 0
0 0 1
0 0 1
0 1 1
0 0 1
0 1 1
0 0 0
1 2 4
2 0 2
0 1 0
1 1 1
1 1 0
1 1 1
1 2 1
1 0 1
1 1 2
1 0 2
0 0 0
1 0 2
0 2 1
0 0 0
1 1 0
0 0 1
1 0 2
0 0 0
0 0 0
2 0 0
0 0 1
1 0 1
1 1 0
1 2 0
1 1 0
0 1 0
2 1 0
0 2 1
0 1 1
0 0 0
0 0 0
0 2 0
1 0 0
4 2 0
0 0 0
1 0 0
2 1 1
0 0 0
0 1 0
0 3 2
2 3 0
0 0 0
0 1 1
0 0 1
1 0 2
0 0 0
0 0 2
0 1 4
1 1 1
0 2 1
2 0 0
0 1 0
1 0 0
0 0 1
0 0 0
2 1 0
1 0 0
0 0 0
0 0 0
2 0 0
0 2 0
0 0 1
1 0 0
0 0 0
0 0 0
0 0 0
0 3 1
0 1 0
0 0 0
0 0 0
1 0 1
0 2 0
1 1 1
0 0 0
1 0 0
0 0 2
1 1 0
1 0 0
1 0 0
2 0 1
1 0 0
0 1 2
3 0 0
0 1 0
4 0 1
0 0 1
0 0 0
1 0 0
0 0 0
1 0 3
1 1 0
0 1 0
0 0 0
1 0 0
0 3 0
2 0 0
1 0 4
0 2 0
0 1 0
1 2 0
1 0 1
1 0 0
1 0 1
1 0 3
0 3 0
1 1 0
0 1 1
1 0 0
1 0 2
1 1 1
1 1 1
0 1 0
3 2 1
2 0 0
0 0 1
0 1 0
0 0 2
0 0 2
1 0 0
2 1 2
1 1 0
0 1 0
2 1 0
1 0 0
0 0 0
0 1 0
0 3 0
0 0 0
1 0 0
0 0 0
2 0 1
0 1 2
0 4 0
3 1 0
3 2 1
1 0 1
0 0 2
0 0 0
1 0 1
0 0 0
2 1 0
0 1 0
1 1 0
2 0 3
0 0 0
1 3 2
0 2 1
1 1 0
0 0 2
0 1 1
0 1 0
0 0 0
1 0 0
0 0 2
0 0 0
0 0 0
2 1 1
2 0 0
0 0 0
0 2 0
0 0 3
0 1 0
0 0 2
2 0 1
0 0 0
2 0 0
0 0 0
0 4 0
0 1 1
1 1 1
0 1 0
1 0 0
0 0 0
0 1 1
2 0 0
1 0 0
0 1 0
1 0 0
0 3 3
0 1 0
3 0 3
0 0 0
0 0 0
2 0 0
1 0 2
1 0 0
0 0 0
0 0 0
2 0 0
1 0 3
1 3 1
0 1 0
0 0 2
0 0 1
1 0 0
0 0 0
1 1 0
0 0 0
1 4 0
3 4 2
0 1 0
2 1 1
1 0 1
1 2 0
0 1 0
4 1 0
0 0 2
0 0 0
0 0 2
0 0 0
2 1 0
0 1 1
1 0 1
0 0 0
0 0 2
0 3 0
2 0 0
4 0 1
3 0 1
3 2 2
0 1 0
0 0 1
0 0 0
0 0 2
0 0 1
0 1 0
1 0 0
1 0 2
1 0 0
2 2 0
0 0 3
0 1 1
2 1 1
2 0 2
0 0 0
1 1 3
1 0 2
0 0 1
1 0 0
0 0 0
0 0 0
0 0 2
1 0 1
0 1 2
0 0 0
0 0 1
1 0 2
2 1 0
1 1 0
2 0 1
0 3 1
1 1 1
2 1 0
1 1 0
