14 5 5
363 790 1475 1683
484 1072 1323
560 1018
451
516 971 1629 2235 2808
530 902 1540 2350 2633
603 990 1812 2220 2781
601 937 1677 2220 2549
579 860 1817 2266 2784
538 1021 1630 2405 2598
606 988 1587 2098 2841
582 955 1719 2318 2567
576 1012 1737 2047 2625
571 928 1579 2415 2833
564 864 1750 2282 2761
572 944 1667 2315 2791
544 876 1718 2319 2580
511 909 1651 2074 2461
8 5 6 5 10
8 8 7 5 7
6 6 6 8 7
9 8 10 7 9
8 6 7 8 8
10 6 10 10 6
10 6 8 8 6
9 7 8 9 6
9 7 5 10 7
5 9 9 5 6
8 6 10 5 9
7 9 9 7 6
8 5 8 7 9
5 5 10 7 8
8 2 6 6 4
6 5 9 4 3
6 4 5 6 0
8 9 4 12 3
5 4 3 1 6
3 2 1 3 14
5 0 10 3 8
0 12 1 9 6
3 0 3 3 4
8 1 6 2 4
10 5 4 5 0
2 6 2 5 8
4 3 2 7 5
4 4 0 18 3
8 5 2 5 0
