14 5 5
652 1577 2471 2565
790 1841 2152
890 1207
401
881 1719 2728 3840 4346
935 1756 2600 3849 4361
1017 1745 2712 3408 4590
943 1645 2689 4022 4073
967 1841 2777 3931 4012
974 1578 2813 3852 4213
1045 1589 2765 3364 4021
889 1653 2749 3664 4786
1032 1695 2683 3378 4567
901 1564 2903 3637 4329
1018 1564 2769 4042 4218
961 1538 2587 3711 4323
1037 1773 2952 3936 4082
874 1635 2471 3845 4763
5 5 6 5 9
7 5 7 8 8
8 7 5 9 9
8 7 9 9 9
9 8 6 6 10
7 5 5 8 6
8 6 10 8 6
6 10 10 8 10
10 9 9 6 10
6 8 7 8 7
6 8 6 10 8
8 7 7 9 9
9 5 8 9 7
5 5 5 6 8
8 1 7 3 1
1 8 3 0 5
4 7 2 1 7
13 10 2 7 5
5 7 1 5 5
2 2 1 8 1
0 7 5 0 4
3 10 5 6 1
0 4 3 1 7
1 5 11 6 11
6 2 3 2 7
3 5 7 2 2
2 2 4 1 4
4 6 1 2 6
4 13 2 13 5
