14 5 5
360 890 1409 1856
531 964 1509
358 891
472
459 915 1509 2005 2567
460 909 1625 1956 2517
527 840 1487 2090 2612
479 817 1431 2208 2348
476 797 1404 1837 2715
482 909 1592 1819 2725
525 870 1455 2215 2594
482 802 1620 1840 2393
508 932 1504 1841 2252
548 913 1410 2014 2680
542 879 1360 2095 2716
483 919 1423 2127 2635
521 884 1455 2206 2297
494 918 1431 1880 2310
9 7 10 10 7
8 7 8 6 10
6 10 6 9 6
8 6 7 6 6
10 6 6 6 7
7 6 6 8 10
10 10 6 6 9
8 9 6 10 6
7 5 7 10 10
5 7 5 7 7
5 10 10 7 10
8 8 8 10 6
9 7 10 9 5
5 8 6 7 9
5 3 5 10 1
1 13 6 1 5
9 0 4 3 4
2 1 9 2 3
2 5 6 4 13
3 9 4 5 2
4 3 3 4 5
3 7 0 2 5
4 4 5 7 3
5 11 2 5 3
8 2 2 4 2
5 3 6 3 4
3 3 0 1 9
2 3 5 10 5
3 14 8 3 1
