14 5 5
623 1378 1791 2598
588 1114 2577
622 1835
1262
947 1690 2438 3102 4516
993 1670 2368 3325 4402
879 1783 2553 3019 4245
950 1821 2573 3075 4703
883 1752 2538 2913 4365
881 1774 2550 3205 4366
993 1570 2217 3207 4776
934 1713 2423 3016 4594
904 1663 2254 3510 4594
913 1654 2564 3158 4142
977 1832 2351 2917 4931
953 1643 2222 3467 4214
876 1717 2356 2937 4887
896 1792 2283 3356 4726
6 5 6 8 7
9 7 8 10 9
9 5 10 10 9
5 8 7 6 9
9 7 7 10 8
8 5 6 8 9
10 8 8 10 8
8 7 5 9 7
7 6 6 8 7
5 10 7 6 7
8 5 8 7 6
9 6 8 5 10
10 9 8 9 5
7 5 6 7 8
1 10 1 6 2
1 2 10 7 6
4 3 7 6 3
9 11 5 4 2
6 12 3 5 10
0 7 8 5 6
6 10 0 4 3
5 2 2 2 0
3 9 2 9 0
8 3 8 1 9
4 3 12 1 4
3 1 1 4 4
1 4 20 3 4
8 12 5 2 0
1 9 8 8 6
