14 5 5
355 910 1312 2062
433 835 1760
421 1254
977
629 1110 1587 2082 3146
633 1025 1565 2474 3232
661 1031 1759 2238 3185
616 1069 1655 2485 3108
612 1194 1584 2293 2974
675 1176 1710 2404 3414
666 1067 1581 2085 3096
627 1025 1782 2234 3150
615 1097 1624 2285 3361
672 1159 1877 2469 3205
695 1082 1807 2087 3256
633 1029 1797 2293 3389
612 997 1694 2412 2956
633 979 1724 2313 2887
5 6 6 6 8
8 6 6 8 6
6 9 7 10 10
5 5 5 9 5
6 7 6 9 6
7 10 5 5 9
9 8 9 5 9
5 7 5 8 10
5 6 10 6 6
9 5 8 9 5
8 7 9 5 9
10 10 9 6 6
10 9 7 10 10
5 6 9 9 10
8 0 1 0 5
0 2 6 3 7
9 6 1 4 7
6 3 10 4 6
2 7 6 1 7
9 1 8 8 4
2 7 8 3 2
9 4 4 4 2
12 13 6 5 3
3 5 2 3 3
7 6 11 1 3
4 7 0 0 4
1 5 8 3 5
2 5 2 5 4
7 8 4 2 6
