14 5 5
786 1213 2121 3203
529 1505 1740
923 1422
402
809 1885 2524 3819 4323
895 1623 2439 3477 4205
913 1640 2359 3403 3695
873 1566 2491 3736 4036
943 1839 2430 3347 4229
836 1558 2424 3442 4297
962 1598 2725 3519 4003
905 1654 2615 3575 4226
849 1709 2666 3487 4347
881 1667 2299 3663 3887
864 1651 2279 3854 4081
954 1843 2277 3714 4284
937 1844 2259 3351 3720
855 1566 2526 3336 4328
5 9 8 10 10
7 8 10 8 8
8 10 10 8 10
6 10 9 9 10
8 6 9 5 5
7 6 9 10 5
6 7 7 9 7
6 9 7 10 6
6 8 6 6 6
10 7 10 5 9
8 5 7 7 5
6 8 8 9 9
9 9 9 6 7
5 9 6 8 9
6 2 5 2 4
3 1 7 7 2
5 4 7 8 6
3 7 3 1 7
8 7 0 3 8
11 5 5 10 8
4 3 13 11 4
2 4 0 19 5
0 9 2 3 4
8 0 3 3 8
2 0 4 4 6
3 1 10 3 5
2 2 9 0 6
5 3 10 5 5
3 7 5 4 2
