14 5 5
421 1207 1387 2096
735 1066 2069
350 1062
951
679 1130 2156 2525 3578
697 1058 1989 2751 3464
746 1008 1929 2488 3462
759 1107 2133 2659 3564
740 1046 2026 2794 3169
717 1188 2139 2357 3173
655 1058 2196 2589 3636
657 1062 2030 2679 3542
633 1059 2120 2608 3516
674 1108 2004 2594 3221
724 1185 2214 2556 3050
700 1174 1982 2818 3231
654 1014 1885 2759 3446
675 1080 2180 2349 3234
7 6 6 8 10
7 7 5 9 5
8 5 8 6 6
8 7 7 9 5
6 8 9 10 6
5 5 10 5 7
5 6 9 5 6
7 5 10 7 8
9 10 10 6 9
9 7 10 5 6
9 6 8 10 7
8 10 5 7 8
8 10 9 9 7
6 10 7 7 10
0 0 7 2 5
10 5 4 10 3
5 7 2 6 8
1 0 7 5 1
6 8 3 5 5
9 10 2 6 8
4 0 6 7 4
10 2 4 4 7
11 6 3 7 4
6 12 8 7 5
2 4 16 5 1
7 5 5 3 17
9 7 10 1 3
0 6 4 11 4
1 2 11 9 4
