14 5 5
569 941 2150 2300
363 1512 1882
1023 1617
406
774 1400 1871 3193 3701
794 1604 2146 2954 4165
848 1626 1897 3427 4213
728 1629 1930 3239 3980
861 1355 2124 3160 3822
825 1409 2121 2887 3979
788 1508 2102 3064 3783
828 1416 2091 3058 3916
823 1410 2107 2999 3495
808 1482 1891 3261 3518
746 1468 2125 2906 3697
787 1519 2068 3068 3655
750 1500 2045 3326 3985
835 1558 1860 3203 4259
5 5 6 6 5
7 10 10 6 9
9 9 9 5 9
7 7 6 7 9
6 7 6 9 5
9 7 7 9 5
7 9 6 9 5
10 6 7 10 6
5 6 5 7 8
8 8 10 8 9
10 5 8 5 8
10 5 8 7 7
5 5 5 9 9
7 10 10 10 10
6 8 5 0 5
4 5 3 13 2
10 3 2 7 7
5 9 0 6 8
8 4 5 6 2
3 3 9 7 7
2 5 7 9 5
4 5 6 6 2
5 4 12 4 5
5 2 2 2 5
7 6 8 6 3
3 3 2 5 2
7 2 5 4 8
1 8 2 9 3
6 8 4 7 10
