14 5 5
330 1143 1478 1977
594 936 1836
254 1235
1052
634 1100 1894 2191 3324
621 1259 1852 2193 2927
633 1245 1931 2414 3170
650 1132 1912 2618 3208
667 1203 1775 2537 2997
630 1281 1735 2199 2801
590 1196 1816 2466 3065
590 1170 1652 2333 3117
634 1266 1903 2428 3155
604 1144 1810 2554 2820
674 1131 1945 2179 3113
584 1293 1936 2499 2821
667 1277 1853 2500 3369
663 1100 1930 2276 3099
5 10 10 6 10
9 10 10 6 6
5 5 8 10 7
9 9 7 8 10
10 7 10 9 5
5 8 10 5 9
9 10 5 5 7
6 8 6 5 7
6 5 10 8 6
10 7 8 6 7
8 10 7 8 10
7 7 5 8 9
5 7 7 9 8
5 6 6 5 8
0 1 3 8 1
0 6 6 4 5
10 8 1 6 5
4 4 9 5 5
3 4 6 0 8
5 2 4 3 9
1 7 10 8 5
6 6 1 4 6
2 7 4 10 4
2 3 6 8 7
3 4 3 4 9
2 0 8 0 0
6 7 11 5 9
11 2 6 2 4
13 6 9 7 7
