14 5 5
342 899 1851 2579
711 1440 2542
798 1693
841
732 1217 1998 3095 4112
803 1333 1923 2775 3866
803 1250 1836 3067 3422
702 1319 2046 2642 3374
809 1144 2184 2894 4004
809 1211 1839 2750 3858
810 1206 1925 2760 3669
740 1363 1881 2676 3568
741 1301 2184 2886 3836
828 1290 1927 2733 3669
701 1306 2153 2768 3563
758 1253 2027 2895 3622
833 1290 1983 3089 3554
704 1369 1904 3115 4043
8 10 9 9 9
5 7 9 7 6
5 9 9 8 6
6 5 7 9 6
7 9 7 7 9
10 10 10 10 5
6 10 7 5 10
7 10 5 10 10
8 5 5 6 7
9 7 7 9 9
10 10 8 8 5
6 9 5 8 8
10 10 8 7 10
5 6 7 8 9
6 6 4 8 0
8 6 1 2 0
5 8 1 3 5
4 11 2 4 8
6 7 12 9 3
7 6 7 9 6
6 7 3 4 2
1 7 12 7 7
6 12 11 6 5
8 4 3 5 5
10 6 2 1 9
3 12 3 6 8
8 10 12 8 8
10 7 3 5 1
6 1 6 4 7
