14 5 5
519 1239 1915 2651
1029 1816 2807
863 1416
910
1004 1580 2701 3692 4669
934 1444 2615 3872 4789
914 1675 2635 3784 4612
897 1548 2535 3434 4850
966 1631 2678 3833 5051
937 1620 2705 3660 4426
906 1565 2682 3646 4455
1049 1626 2627 3344 4857
975 1652 2740 3449 4465
934 1660 2576 3797 4699
873 1618 2644 3510 4999
961 1402 2504 3769 5021
921 1455 2851 3256 4833
1025 1439 2851 3733 5065
8 6 5 8 5
9 9 6 9 7
8 5 7 9 5
7 7 7 9 5
8 7 9 5 9
8 9 10 7 5
8 9 9 6 8
8 8 6 9 9
8 8 5 6 8
6 10 10 10 5
8 10 6 9 5
7 6 8 7 7
8 7 7 5 8
6 5 5 9 6
2 10 0 3 3
1 4 2 4 8
3 4 4 7 7
5 2 7 9 9
4 7 1 1 9
7 12 1 3 3
3 6 5 7 10
0 5 1 8 8
7 2 7 5 12
2 10 6 4 3
3 7 5 3 13
1 5 1 8 6
0 1 5 4 5
5 2 3 5 3
22 7 2 2 13
