14 5 5
291 755 1579 2058
520 929 1412
482 883
461
617 1020 1647 2280 2784
667 1013 1747 2196 3240
661 938 1736 2244 2893
640 936 1594 2213 2837
652 926 1772 2316 2922
586 1009 1680 2232 3075
621 1007 1777 2246 3261
610 943 1572 2165 2732
662 947 1692 2388 2932
654 925 1574 2133 3007
607 993 1629 2361 3298
573 987 1650 2287 2803
582 1039 1726 2097 3163
642 922 1485 2162 3172
5 10 8 8 10
6 8 7 8 10
7 6 9 8 7
5 6 8 9 8
8 9 9 10 10
8 5 8 5 8
10 9 9 5 9
8 6 6 8 6
8 10 6 5 10
6 6 6 10 5
5 8 5 10 10
10 8 6 8 7
6 8 7 10 10
7 8 5 6 6
0 8 10 2 0
9 3 3 1 4
5 6 0 4 3
12 1 3 4 8
6 8 7 3 9
1 11 5 2 7
4 2 2 1 3
4 2 5 2 6
4 1 10 7 3
0 8 1 9 6
1 4 2 1 4
7 3 3 7 1
6 7 5 9 7
2 3 3 6 2
6 5 2 1 3
