3 10 10 5
1 1
1 5
2 5
1 2
3 4
1 2
4 4
1 4
1 4
3 3
2 2 3
1 3
0 
15834 74447 63862 33589 26180 31332 13794 50051 56388 12703
1 428 891
2 429
3
1 434 908
2 408
3
1 435 934
2 408
3
1 376 851
2 454
3
1 388 813
2 473
3
1 436 838
2 469
3
1 372 788
2 420
3
1 391 794
2 490
3
1 363 883
2 471
3
1 433 921
2 481
3
8 6 5
15 4 3
10 6 3
13 5 3
9 3 4
10 5 4
11 6 2
11 5 2
13 3 4
9 4 3
25 25 25
1057 1906 2471
1030 1915 2850
1071 1835 2766
1047 1951 2651
1027 1732 2711
