14 5 2
477 898 1608 2106
401 1151 1590
585 1054
347
610 1206 1754 2447 2891
704 1237 1829 2376 2991
597 1187 1822 2332 2973
674 1347 1837 2444 3184
598 1250 1731 2378 2952
628 1325 1726 2509 2812
680 1373 1691 2402 2883
692 1136 1712 2765 3281
642 1146 1870 2444 2851
659 1210 1754 2650 3058
698 1343 1736 2557 3312
639 1335 1613 2644 2797
643 1308 1670 2395 3298
703 1255 1741 2691 2974
39 37 38 47 28
48 48 45 41 42
39 36 49 41 50
35 34 40 25 47
49 28 49 26 31
35 35 30 27 30
29 28 40 38 49
29 32 28 42 35
36 50 33 41 50
49 49 49 26 40
32 41 49 41 26
44 41 41 47 47
29 39 40 36 43
40 36 26 33 28
10 21 27 24 25
3 2 9 18 3
5 16 2 6 13
9 1 8 10 15
8 4 0 14 1
3 1 8 3 6
4 1 10 15 1
2 15 2 3 5
12 2 0 10 4
10 4 3 3 5
0 3 14 0 36
6 2 5 7 7
6 9 3 10 3
3 1 2 0 0
8 8 5 3 0
