14 5 2
396 1245 1712 2232
710 1285 1453
434 801
555
705 1153 2056 2559 3157
671 1031 2105 2515 2970
707 1191 1888 2218 2827
622 1180 1834 2460 2860
723 1164 2067 2308 2955
615 1191 2037 2128 3243
611 1089 2063 2547 2857
720 1032 1751 2569 3030
720 1186 1916 2336 3230
732 1137 2120 2448 2746
686 1052 1743 2499 3312
692 1058 1750 2373 2968
674 1196 1801 2228 2776
705 1221 1978 2534 2985
33 28 45 28 48
42 43 40 26 34
40 27 44 44 42
43 26 48 27 27
39 42 45 42 44
31 41 43 25 44
47 39 40 45 48
37 38 28 44 32
39 45 44 33 31
42 39 33 40 33
44 26 48 42 28
35 41 25 32 32
27 29 25 46 42
44 36 48 48 48
41 13 25 25 25
1 4 4 1 9
7 4 8 4 7
9 10 5 7 5
7 4 0 1 7
11 1 10 5 4
1 7 1 20 9
8 2 11 6 3
4 6 0 5 5
7 4 12 4 2
5 2 6 5 1
8 9 0 1 4
8 11 3 19 11
4 14 1 7 5
10 1 2 4 8
