14 5 2
490 908 1835 2407
470 995 1758
654 1236
717
635 1251 1779 2572 3389
698 1287 1799 2398 3301
751 1283 1848 2244 3318
717 1210 2059 2371 3435
628 1345 1822 2331 3732
654 1147 1784 2487 3442
722 1201 1880 2602 3704
749 1140 1926 2290 3413
678 1333 1701 2238 3283
702 1256 1965 2469 3574
747 1262 2058 2265 3363
681 1341 1857 2426 3056
647 1218 1964 2413 3511
645 1218 2029 2352 3278
38 37 30 26 31
37 29 25 38 35
45 50 36 36 36
37 37 26 47 48
29 48 37 48 45
31 36 45 34 48
25 47 41 34 37
31 34 31 41 39
30 38 34 43 49
27 26 44 35 48
31 46 44 44 32
45 37 31 40 42
36 27 43 37 25
42 45 49 26 42
89 5 4 24 4
3 7 7 8 10
7 2 13 5 5
13 7 6 2 6
3 0 7 11 8
6 3 3 5 6
6 6 3 7 10
2 3 1 8 5
1 6 7 10 3
3 0 4 17 2
0 3 16 10 17
6 21 7 0 1
2 16 2 5 1
6 9 6 12 2
7 26 0 6 3
