14 5 2
331 800 1259 1817
448 1065 1491
497 790
433
618 969 1551 2136 2603
615 915 1635 2194 2769
552 867 1711 2154 2970
606 961 1472 1918 2995
584 1014 1700 1933 2713
614 983 1530 2173 3007
550 953 1747 2238 2578
569 985 1660 2044 2749
556 881 1688 2083 2605
592 895 1447 2237 2723
635 909 1524 2249 2684
611 866 1612 1997 2561
628 1038 1557 2080 2797
559 946 1602 1891 2623
43 47 46 25 32
49 27 40 36 29
31 37 46 45 36
31 39 37 30 29
32 38 33 37 50
34 32 44 46 50
28 39 48 32 28
36 31 29 50 47
34 25 38 27 45
48 31 27 40 28
27 50 36 42 44
44 46 41 38 36
48 40 47 50 47
49 27 25 26 34
19 34 49 0 19
5 4 7 10 1
4 2 8 6 11
13 5 5 2 9
2 2 8 4 3
4 10 1 2 10
1 2 4 7 3
0 6 4 6 2
1 7 15 6 7
10 11 3 4 12
6 3 5 10 11
9 5 4 14 7
2 9 3 5 10
0 7 0 1 11
5 2 1 8 10
