14 5 2
346 796 946 1954
508 749 1704
276 885
763
684 1064 1677 2018 2878
605 1167 1810 2121 2831
628 1174 1660 2220 2650
638 1123 1831 2224 2640
569 1041 1913 2278 3208
675 1020 1765 2276 2703
668 1178 1757 2361 2955
665 1188 1919 2092 2901
579 1024 1821 2015 3147
664 1138 1887 2114 3164
575 1093 1887 2210 3063
610 1145 1780 2168 2657
686 984 1803 2412 3111
682 993 1692 2328 3103
45 34 36 31 37
29 39 35 46 42
35 27 45 25 32
44 44 41 45 29
25 29 49 27 28
32 36 27 26 28
42 46 47 28 47
47 43 45 50 32
37 37 48 35 27
42 47 49 48 45
39 38 29 32 29
43 34 25 38 27
30 46 37 26 29
39 36 47 27 30
2 6 25 27 23
1 7 4 5 19
5 8 2 12 3
1 17 14 14 1
4 4 3 16 2
3 3 3 7 7
12 10 0 2 1
4 3 4 9 3
7 4 2 1 6
3 1 5 5 3
2 9 2 4 7
11 4 8 3 4
5 1 4 3 2
11 0 4 13 0
21 7 9 7 1
