14 5 2
425 1584 1958 3199
995 1620 2208
712 1305
645
1023 1602 2825 3728 4438
969 1478 2970 3993 4630
1026 1678 2553 3657 4817
861 1442 2969 3408 4670
898 1404 2515 3586 4128
978 1555 2587 3338 4069
851 1430 2742 3959 4385
942 1682 2519 3840 4533
957 1635 2590 3382 4553
854 1600 2888 3657 4698
857 1419 2840 3752 4882
852 1538 2887 3593 4366
957 1615 2888 3551 4887
883 1647 2752 3500 4304
36 42 34 39 50
45 47 49 48 39
33 31 36 33 41
30 47 34 26 44
48 27 35 48 34
35 43 46 27 25
36 36 36 45 49
36 30 45 43 42
35 38 35 41 46
34 28 29 28 33
48 43 41 27 50
49 36 49 28 32
40 46 46 32 46
50 31 50 41 49
12 0 12 10 21
5 13 9 5 4
2 2 3 7 18
2 9 15 0 6
2 17 4 4 6
4 1 6 1 6
2 5 4 1 6
3 15 2 16 4
5 0 2 5 8
1 10 5 10 2
6 3 18 8 1
3 7 10 18 3
3 1 3 10 21
5 6 16 12 0
6 3 3 9 7
