14 5 2
284 1041 1234 1512
708 826 1332
236 563
309
550 857 1762 2016 2378
604 841 1640 2111 2863
564 857 1734 1942 2436
570 884 1588 2258 2568
570 806 1630 2262 2596
581 956 1693 2122 2821
574 855 1753 2100 2723
616 934 1583 2076 2466
611 976 1819 1949 2525
599 810 1756 2125 2802
540 823 1588 2040 2626
595 930 1858 1973 2845
621 925 1721 2044 2609
619 941 1823 2250 2664
45 30 45 33 38
27 50 36 29 33
50 27 35 40 41
46 49 38 48 38
43 42 25 25 42
39 48 48 32 48
25 28 50 31 25
36 41 28 44 30
34 39 50 50 47
44 49 27 30 39
33 36 33 49 25
42 47 30 33 47
50 26 34 38 27
44 44 46 31 42
20 42 3 36 14
4 7 5 5 0
5 13 1 12 4
2 3 3 0 12
2 2 6 0 7
2 8 3 0 3
1 13 13 2 3
4 7 2 2 4
5 6 7 1 3
6 7 4 10 14
11 1 10 2 15
4 10 12 9 12
5 1 5 2 10
5 2 5 9 5
1 12 14 11 5
