14 5 2
215 950 1405 1813
608 1449 1676
547 956
203
639 907 1753 2517 2778
597 999 1949 2507 2739
642 1031 1807 2430 2805
672 893 1713 2112 2724
662 1021 1658 2221 3051
635 940 1663 2248 3217
600 1079 1854 2425 2737
620 1082 1637 2149 2821
559 1058 1807 2518 3099
618 918 1973 2227 2648
682 967 1828 2409 2886
616 1011 1639 2185 2924
636 945 1784 2159 2803
649 999 1741 2114 3129
46 32 37 47 35
33 27 27 27 49
33 50 27 46 29
30 28 33 27 45
39 28 27 40 37
42 42 36 33 39
25 38 39 46 41
47 32 27 35 27
45 26 38 31 46
44 38 48 28 35
26 45 29 40 47
26 49 28 37 41
49 27 28 49 36
38 50 38 30 50
20 32 2 26 17
1 4 7 3 19
12 3 6 3 10
10 1 0 5 14
6 17 9 16 3
18 18 6 9 10
19 6 18 12 9
0 10 4 18 11
20 2 3 13 1
0 8 4 9 1
11 17 7 5 7
2 5 10 7 2
8 2 4 1 1
6 9 1 4 6
1 9 7 2 10
