14 5 2
321 1047 1968 2782
915 1440 2681
539 1285
1079
751 1116 2190 2859 4003
749 1178 2198 2860 3531
799 1063 2215 2963 3463
702 1254 2078 2877 3767
809 1076 2183 3013 3826
722 1086 1853 2801 3853
686 1235 1913 3119 4023
777 1132 1857 2595 3765
687 1229 1934 2861 3653
708 1257 1942 2680 3726
819 1248 2032 2782 3777
777 1241 2005 2906 3375
761 1183 2087 2762 3309
769 1091 1941 2688 3727
49 47 37 46 30
49 46 25 44 30
49 50 34 39 50
33 41 34 38 38
39 45 40 41 40
35 44 45 41 27
35 47 41 35 27
40 31 41 48 44
47 30 44 27 42
35 27 43 26 35
41 46 45 47 35
33 43 42 28 27
47 43 40 42 44
47 27 38 33 50
15 31 24 26 3
2 8 10 0 0
3 5 4 8 6
2 9 3 4 4
6 13 5 5 11
14 13 18 5 4
0 1 18 11 18
9 6 11 35 0
14 5 0 10 2
1 0 5 10 3
9 1 2 4 8
15 1 11 1 12
2 10 1 6 3
6 5 1 8 7
15 9 16 2 8
