14 5 2
685 1633 1999 2830
1047 1466 2264
374 1186
820
1035 1761 2883 3375 4258
924 1687 2848 3504 4035
955 1518 2831 3748 4337
928 1525 2798 3259 4022
987 1652 2516 3308 4192
979 1756 3009 3262 4729
925 1552 2776 3603 4714
1007 1655 2916 3518 4791
1028 1650 2587 3531 4569
921 1546 2751 3711 4669
1023 1478 2840 3152 4223
894 1499 2641 3147 3990
1001 1494 2793 3645 4073
962 1691 2988 3338 4211
45 25 39 43 38
42 37 35 31 34
48 46 38 34 28
29 49 45 29 40
40 50 39 25 32
31 42 44 42 47
38 29 46 33 44
25 35 39 25 49
36 37 32 44 31
37 44 28 34 32
48 36 41 30 35
45 26 45 45 27
42 29 49 46 49
40 31 33 35 41
37 29 11 25 5
2 0 10 8 7
7 3 2 4 13
4 0 5 8 2
6 2 9 1 1
12 6 4 2 3
3 3 8 26 11
18 1 3 20 1
3 12 2 1 1
6 3 3 13 5
7 5 1 9 7
7 1 11 1 23
4 9 2 16 8
6 7 8 1 5
4 3 2 7 1
