14 5 2
811 1649 2211 3245
736 1561 2762
1136 1653
728
848 1739 2619 3889 4769
949 1522 2530 3877 4667
980 1613 2314 3712 4622
940 1677 2237 3275 4769
872 1605 2453 3702 4028
929 1740 2261 3520 4707
895 1701 2237 3406 4594
914 1614 2340 3718 4197
882 1511 2302 3540 4602
837 1618 2635 3218 4469
871 1536 2260 3779 4071
824 1679 2553 3885 4638
851 1758 2383 3779 4218
857 1667 2327 3346 4386
41 27 39 33 47
39 45 31 43 42
33 45 30 34 36
48 37 46 48 28
41 43 48 38 39
33 34 43 50 25
27 44 44 45 38
36 44 49 29 47
48 36 34 33 31
44 46 50 47 42
34 49 33 31 37
44 48 36 50 44
45 42 39 31 40
47 34 44 31 43
31 15 36 17 7
1 7 10 0 0
13 0 3 0 1
15 1 7 1 5
7 3 9 2 7
0 1 0 10 14
6 4 6 4 4
1 2 4 12 8
2 10 6 8 8
4 6 12 2 12
1 4 6 9 7
5 1 6 2 12
5 6 0 3 10
5 2 6 7 2
9 12 7 11 4
