14 5 2
305 928 1419 1562
499 1088 1441
509 878
534
469 849 1480 2018 2679
474 933 1532 1931 2564
569 867 1445 1830 2547
566 849 1313 1832 2404
475 826 1443 1808 2493
486 900 1329 1848 2702
527 941 1473 1742 2473
532 844 1483 1723 2476
474 889 1363 1719 2613
526 916 1277 1889 2683
524 983 1289 1919 2312
479 837 1375 1799 2344
524 927 1366 1821 2693
560 866 1434 1766 2717
33 42 28 44 46
38 32 31 43 43
25 25 27 45 45
41 41 30 28 43
43 33 50 35 41
26 27 39 39 50
32 35 43 31 48
26 39 31 45 48
48 33 37 44 40
36 40 48 25 28
34 48 41 40 34
28 37 28 26 42
35 32 44 29 44
50 48 45 45 40
3 35 13 25 25
7 4 5 1 11
3 3 20 6 1
18 4 2 6 10
5 7 10 7 15
6 9 21 3 9
9 6 1 10 10
12 0 15 15 0
11 1 4 1 4
1 2 1 9 3
4 2 1 1 2
4 1 9 3 6
5 8 7 5 3
5 5 2 6 2
3 5 13 15 2
