2 4 5 1000
534 1489 2193
1090 1716
698
914 1488 2729 3535
949 1552 2494 3943
40 35 28 46
38 26 36 37
0 29 34 8
13 17 16 8
17 10 7 15
14 20 20 11
10 10 17 13
14 12 7 11
17 9 13 25
16 23 13 26
16 23 14 25
19 11 20 16
18 16 6 13
14 14 13 12
7 25 14 20
21 17 15 27
18 13 12 8
13 16 16 9
7 17 7 6
19 8 13 16
18 12 8 10
16 12 14 7
13 22 5 24
14 11 13 18
6 14 12 18
9 11 19 4
21 16 13 9
15 12 17 9
11 18 14 14
11 3 8 10
24 10 25 8
9 10 7 11
17 13 25 10
9 12 11 15
28 18 21 11
23 23 10 14
24 24 25 18
14 8 27 19
19 20 7 12
5 12 16 14
10 9 6 11
11 20 13 20
14 17 14 21
23 8 16 11
13 12 9 12
12 14 12 16
10 20 19 18
12 18 18 16
16 21 14 23
7 23 6 17
18 25 7 10
13 8 23 9
14 11 4 16
11 8 7 26
10 9 21 9
18 14 19 17
7 19 17 8
18 14 25 11
8 9 15 17
5 11 23 7
9 19 16 14
24 13 10 13
13 13 6 7
23 17 15 8
28 11 10 18
11 7 14 10
8 9 15 22
22 16 20 4
6 8 14 17
8 8 17 21
12 7 6 22
19 14 9 10
13 8 3 17
17 18 16 7
14 5 28 13
10 13 12 5
24 6 16 6
10 20 10 12
6 16 24 10
12 11 13 8
11 21 17 3
11 16 13 18
8 7 12 11
11 26 7 8
13 24 10 21
9 17 16 19
15 23 26 21
10 16 10 18
9 21 10 22
15 15 19 13
5 9 3 8
6 9 17 17
3 14 11 16
21 17 13 6
8 10 7 3
19 3 17 21
25 18 8 16
11 7 21 7
14 17 22 11
25 17 6 19
5 16 18 24
11 18 14 10
11 18 9 5
14 7 20 26
13 12 14 17
5 16 21 7
15 21 7 15
15 15 28 11
23 11 18 14
9 19 10 6
15 8 17 12
11 10 6 13
24 8 14 6
14 23 8 25
11 9 13 14
10 22 20 16
27 14 5 4
18 13 20 13
4 20 5 7
11 14 22 7
19 18 11 3
17 19 21 13
10 13 17 12
20 4 10 14
8 7 10 12
6 8 12 15
23 14 13 11
19 18 6 12
8 5 14 6
9 8 8 28
18 13 18 8
17 27 12 20
9 11 21 10
7 10 28 15
18 23 12 17
4 11 21 19
4 9 19 20
7 4 11 21
16 9 12 27
10 7 9 18
16 22 10 4
6 18 8 13
5 11 11 14
15 13 9 22
11 24 17 18
16 11 21 5
14 15 11 5
11 15 28 7
13 9 17 11
27 15 11 8
11 14 18 13
20 17 11 10
20 12 5 19
10 11 5 17
20 18 7 16
12 7 12 22
7 14 11 19
23 17 14 13
13 12 11 9
17 18 13 7
7 23 13 6
23 15 25 13
6 5 14 14
13 15 20 21
24 14 12 24
16 9 20 14
14 9 14 8
15 15 15 11
18 17 12 20
12 11 13 5
26 14 4 15
15 6 11 18
8 11 25 25
6 21 18 16
15 11 25 21
19 14 13 15
16 11 18 10
18 16 8 12
3 12 13 12
13 21 10 8
9 24 14 11
7 22 22 25
21 17 11 12
4 4 12 12
26 12 21 26
11 24 12 16
26 26 12 11
6 12 10 21
17 12 12 21
15 17 15 25
14 23 7 20
13 24 17 12
14 20 20 12
7 11 12 28
22 20 12 23
16 28 10 18
17 6 25 19
20 9 21 5
6 11 28 9
28 8 9 5
21 4 8 28
9 28 25 3
9 10 12 22
13 9 19 14
15 9 16 5
18 13 25 16
10 24 9 15
15 3 15 6
15 14 19 15
8 8 22 16
22 3 16 15
16 8 14 14
22 22 22 17
12 15 5 11
26 26 18 17
24 15 15 24
15 19 27 10
19 18 19 3
4 15 4 18
14 15 26 13
19 18 25 21
15 14 13 14
26 9 13 16
23 13 9 22
7 9 5 11
19 8 14 10
23 23 13 15
9 11 12 9
10 15 10 5
6 6 14 15
25 17 16 10
10 16 8 18
13 20 11 16
17 18 21 17
15 23 12 14
24 5 21 14
27 20 6 18
12 24 21 7
6 7 11 11
8 12 7 8
11 4 19 13
6 4 14 13
24 10 15 6
17 20 14 16
15 24 17 17
11 26 14 7
21 6 13 10
14 13 8 14
17 25 21 12
26 3 18 9
8 23 9 28
11 6 7 12
22 22 8 26
21 9 9 5
24 14 18 17
15 10 25 13
6 7 22 12
26 25 10 13
18 14 11 7
22 12 19 11
20 10 20 14
5 20 10 4
18 26 26 11
27 20 13 7
16 12 8 21
14 12 19 9
17 12 13 25
21 15 19 13
13 17 20 21
11 4 6 9
18 24 17 13
9 13 15 4
18 12 20 18
19 13 13 21
16 20 21 21
25 9 13 16
17 18 21 26
11 19 5 27
11 19 11 19
17 14 14 6
13 7 17 10
17 4 12 11
9 20 15 10
15 5 8 25
9 10 16 15
26 17 4 19
10 20 9 20
11 16 21 20
12 6 11 13
24 15 13 20
15 9 9 11
16 15 24 19
21 18 7 12
18 10 9 8
12 13 11 7
11 11 15 6
13 11 13 19
12 10 17 15
17 19 8 16
14 10 25 12
11 15 11 11
9 13 16 24
7 13 13 11
20 20 10 9
12 13 23 21
21 21 10 26
26 12 4 5
21 20 14 16
14 16 15 15
18 17 27 13
14 26 8 18
7 6 21 18
9 26 19 23
11 13 15 25
12 17 27 16
19 7 3 18
7 25 12 5
20 22 8 13
13 16 22 6
14 8 10 9
15 11 11 16
7 13 8 21
7 9 26 18
14 9 14 3
18 24 11 9
15 17 9 11
19 21 7 11
15 14 9 17
17 22 11 15
10 6 9 25
24 14 10 24
16 10 20 22
8 15 8 9
28 19 25 13
10 15 18 12
12 28 5 5
13 10 13 22
14 21 14 13
28 18 19 11
17 8 10 5
22 13 10 11
23 7 25 15
28 4 7 5
7 13 10 7
12 20 10 18
18 10 24 27
12 10 19 15
10 11 14 13
11 19 26 12
16 14 24 18
3 12 3 26
8 19 12 22
5 13 16 17
11 18 4 17
14 26 4 6
18 25 11 11
19 18 3 17
10 13 15 14
20 9 7 14
21 18 7 8
8 10 26 18
25 12 3 11
7 16 25 18
11 21 9 7
8 3 11 8
8 21 9 9
20 12 12 15
12 8 14 12
24 18 24 27
13 12 16 19
28 13 27 8
13 5 18 12
9 17 13 8
14 24 18 6
13 10 19 9
10 10 22 7
11 15 23 11
17 15 14 9
19 12 18 13
8 7 9 10
7 6 25 15
16 22 8 7
6 3 13 23
7 16 24 15
17 21 15 12
13 16 17 27
3 20 17 10
18 7 6 16
22 3 7 9
15 11 6 11
20 19 3 8
25 10 14 26
10 10 12 28
22 12 15 11
21 15 5 12
17 18 16 10
8 12 17 9
12 7 10 17
14 10 8 6
4 16 13 20
3 10 24 10
5 3 17 20
8 15 23 22
21 13 11 18
16 22 19 13
13 7 14 10
7 19 28 12
16 18 14 21
6 10 25 16
25 24 3 11
16 14 18 7
13 5 12 19
14 10 12 7
16 16 19 12
8 16 23 5
18 15 5 13
11 20 24 13
19 12 5 5
23 6 19 21
16 5 7 15
13 18 3 7
20 10 7 20
3 9 15 14
16 21 7 26
15 18 10 19
8 21 13 16
27 20 11 9
11 19 7 23
5 20 5 7
13 12 21 11
8 15 21 18
17 11 18 25
21 19 9 18
18 5 17 18
6 13 14 13
6 7 5 5
5 26 9 23
14 9 23 26
6 23 20 17
28 4 25 10
11 11 24 20
21 11 10 14
18 15 13 10
9 16 13 14
12 26 17 19
18 12 8 22
18 19 12 13
13 27 19 17
8 13 20 21
16 19 13 10
9 14 14 15
10 19 6 5
13 16 24 3
18 6 24 13
6 21 16 17
20 9 18 8
13 16 11 4
10 16 17 10
8 6 10 14
8 11 13 11
9 18 6 11
25 21 22 13
11 26 12 3
9 10 7 14
20 4 14 15
19 10 11 11
5 26 14 15
6 24 6 12
19 26 7 8
21 15 14 22
17 7 6 7
8 7 15 17
27 6 7 6
18 14 18 15
14 12 5 8
10 12 28 7
16 12 20 12
13 17 25 16
25 17 20 13
25 10 17 6
12 13 24 8
12 16 9 28
8 3 25 28
11 5 7 10
11 19 13 9
8 13 10 23
7 16 25 17
6 14 14 7
10 26 12 19
5 22 14 14
28 20 16 9
14 7 17 16
18 16 10 9
11 26 13 18
24 15 17 10
15 20 13 10
11 16 16 15
6 5 10 13
7 10 18 9
8 3 5 11
16 22 6 15
8 5 8 9
13 12 9 11
5 18 5 25
9 10 22 14
18 4 12 7
24 14 20 13
5 10 7 9
8 11 16 7
17 25 23 20
8 20 19 10
28 12 19 14
15 8 4 26
22 21 10 14
13 3 14 14
6 14 11 16
21 26 11 8
19 19 7 23
8 9 4 7
25 18 4 20
3 23 8 7
15 6 7 14
20 15 21 23
10 18 18 9
11 13 16 24
17 12 6 12
15 11 8 19
15 9 8 28
12 11 12 26
19 21 16 26
24 18 10 15
7 7 24 4
9 8 10 9
15 18 11 17
8 6 6 27
15 11 18 14
6 14 10 23
14 15 17 8
13 6 6 10
18 14 8 9
8 11 7 7
8 11 11 15
5 25 15 15
9 14 20 19
13 16 6 7
13 13 17 19
28 12 6 17
19 8 17 8
7 22 18 26
13 7 11 21
12 16 9 11
12 4 18 24
13 12 20 17
6 21 15 4
12 17 17 18
16 10 8 11
21 13 18 19
9 14 14 21
13 15 22 16
21 18 5 17
4 21 13 9
5 27 19 16
15 12 24 20
24 15 28 9
15 21 7 9
9 9 21 14
14 9 21 11
11 18 12 14
8 19 13 24
9 16 8 17
18 4 19 23
25 25 18 8
9 20 20 25
14 7 28 10
18 17 16 13
27 11 14 16
13 12 12 17
15 21 15 17
18 20 15 13
17 24 11 6
24 13 7 10
6 25 9 3
20 15 16 25
21 4 17 7
9 12 5 8
16 16 26 10
10 21 18 22
11 19 6 22
8 7 8 18
9 12 7 5
15 20 16 23
13 11 9 28
10 17 28 18
9 4 3 22
20 15 24 14
8 13 13 21
8 7 15 14
19 12 15 12
20 8 5 14
8 22 19 18
9 17 23 20
7 9 13 18
9 3 4 28
12 14 5 5
18 12 21 16
24 7 6 23
9 20 11 10
9 15 21 25
7 7 24 13
22 6 14 11
9 10 8 23
7 19 4 20
5 13 14 14
19 11 13 21
19 4 18 7
12 11 21 18
17 16 17 14
23 13 19 17
17 18 14 6
7 20 7 14
10 11 20 11
7 26 19 13
26 14 19 16
12 20 11 17
12 26 24 20
21 25 23 10
5 7 8 25
28 5 12 18
6 20 15 18
8 13 19 6
6 19 13 20
19 7 11 22
19 23 25 16
18 20 16 19
16 6 6 12
12 12 18 12
7 9 11 9
10 20 9 27
14 9 12 17
7 15 26 5
28 10 17 7
21 17 17 5
14 5 17 26
12 8 24 27
9 13 10 9
18 20 15 21
5 15 17 12
13 24 15 8
14 16 14 5
7 8 26 17
14 7 22 10
18 7 22 13
20 23 20 10
16 16 16 13
26 13 15 5
18 9 21 7
10 4 15 14
9 28 13 10
24 12 26 5
9 24 11 5
10 13 9 11
25 26 7 24
13 19 17 25
18 12 5 16
20 12 4 16
23 16 21 11
26 21 23 22
18 16 25 18
16 19 24 4
19 7 8 4
6 22 13 15
16 5 11 15
16 20 10 21
6 13 13 14
16 13 25 18
26 24 4 11
16 12 23 3
17 7 25 10
4 26 9 10
15 22 7 7
19 5 13 16
9 12 28 11
9 11 8 12
10 8 17 5
17 18 17 8
25 23 8 25
11 8 10 15
10 14 7 14
24 15 19 6
9 15 11 22
9 19 16 10
6 15 8 12
16 7 18 16
14 17 23 11
17 5 6 16
5 23 16 11
15 5 19 18
10 5 8 14
16 15 18 22
6 27 22 12
5 18 28 19
19 10 14 11
9 5 11 8
26 6 15 22
17 17 8 18
14 17 13 23
6 9 19 22
14 10 13 7
18 4 24 16
22 18 9 25
28 24 6 22
14 4 23 16
12 9 12 18
13 3 5 19
11 10 6 6
16 10 23 10
15 15 23 6
20 19 11 7
5 13 16 24
11 18 6 16
6 19 10 17
16 10 9 20
11 11 14 22
4 24 17 21
15 24 13 6
9 5 11 11
11 14 20 7
13 15 17 17
18 22 10 24
11 21 28 14
10 6 20 16
12 5 3 13
17 8 14 5
12 7 3 11
14 7 14 13
23 9 18 15
7 14 5 10
19 14 10 11
7 10 15 19
19 8 24 25
10 24 18 12
17 3 9 7
12 12 4 5
11 14 17 13
10 12 8 13
8 7 10 8
17 11 12 16
23 9 17 23
7 10 8 21
9 17 28 19
4 10 5 23
5 11 12 19
10 20 3 18
18 13 25 24
8 22 12 28
14 8 16 11
9 17 8 27
6 26 24 11
19 5 20 17
17 10 12 14
11 12 6 8
15 13 11 12
18 11 11 10
6 3 11 9
10 10 20 8
10 17 27 6
10 12 21 5
14 15 12 15
8 26 8 7
16 9 6 10
28 18 22 21
12 14 15 17
14 13 23 18
16 22 8 17
18 26 8 21
10 7 28 22
16 7 20 6
18 17 13 19
20 16 9 5
17 26 17 13
19 17 11 6
13 18 5 14
10 10 11 13
8 14 20 18
6 18 8 6
20 22 19 7
10 11 10 20
9 10 7 14
17 12 14 13
18 23 12 18
16 4 26 19
16 22 19 18
11 10 11 25
23 18 24 18
16 7 19 24
5 20 18 26
16 14 11 22
23 24 7 15
13 3 8 8
21 17 22 11
13 16 6 25
16 14 24 15
5 20 13 12
6 17 14 9
12 9 8 7
5 14 9 9
6 19 12 4
19 13 11 12
4 16 15 5
13 13 17 11
20 19 5 9
16 20 8 20
23 19 18 15
20 25 22 15
7 15 6 15
4 13 20 14
9 3 18 14
14 5 10 7
14 9 10 11
6 25 5 16
16 19 27 15
17 6 16 28
20 10 18 10
26 4 21 14
25 14 19 20
24 9 18 3
19 11 16 18
10 15 23 16
5 9 12 9
12 11 7 17
18 9 12 9
16 9 14 6
22 14 12 13
8 5 15 22
13 13 21 5
13 25 13 25
18 14 12 7
6 11 6 21
10 6 16 22
13 14 16 25
23 24 13 24
14 11 19 7
19 11 23 12
4 28 20 14
12 14 16 20
15 20 6 15
16 5 11 18
12 15 16 12
10 17 11 21
22 20 10 16
13 9 15 28
12 15 11 19
21 6 25 19
8 20 12 9
6 5 19 12
8 12 12 10
7 4 14 15
9 13 7 21
21 19 6 11
14 6 18 9
6 20 17 21
7 17 23 22
12 22 10 25
5 6 7 17
23 26 17 11
11 18 13 7
9 17 8 9
21 9 10 23
6 8 13 20
7 18 18 17
11 19 22 18
14 3 9 13
18 4 16 21
8 13 13 9
10 25 9 9
16 20 15 16
18 16 20 7
5 21 22 15
10 26 26 22
16 19 19 21
10 12 17 7
18 21 10 27
18 22 19 4
8 12 18 8
14 18 10 19
9 12 8 6
8 7 23 13
11 23 15 22
15 18 6 10
24 27 16 26
12 22 8 8
13 16 7 5
23 15 6 7
10 6 24 16
15 10 27 17
14 7 9 21
15 14 22 13
14 14 6 21
14 18 8 9
13 14 10 17
14 17 22 5
8 22 10 24
21 14 6 15
19 19 20 15
23 13 25 20
13 6 22 8
8 15 6 14
9 4 10 18
22 12 15 10
13 8 13 10
9 7 22 19
14 21 17 26
9 14 18 12
11 22 19 5
22 5 8 10
10 26 11 10
18 21 12 8
16 5 18 12
14 8 13 8
11 10 17 14
26 11 24 25
10 8 18 4
11 19 11 4
21 13 12 10
9 12 10 15
22 21 21 20
3 13 17 21
6 16 24 10
5 26 6 14
20 8 23 25
15 3 18 9
16 11 18 7
24 16 7 27
26 25 13 11
23 17 15 11
5 10 6 20
13 23 12 13
13 24 23 4
25 18 10 17
10 19 7 18
13 18 7 13
28 25 10 11
8 11 13 13
6 7 24 15
10 23 24 15
28 21 14 7
8 8 19 13
7 12 23 8
20 14 26 24
13 5 10 7
27 18 16 6
4 12 12 7
19 26 11 8
8 16 11 19
18 8 16 15
6 11 12 25
8 26 21 21
20 10 28 18
22 7 17 22
12 17 24 11
11 26 18 18
22 12 27 24
13 18 19 28
8 13 12 17
14 14 17 22
18 16 8 21
9 9 12 11
20 6 13 16
14 21 23 20
14 27 23 21
12 15 15 17
21 19 23 6
15 13 17 8
6 15 4 11
23 13 15 19
8 26 11 10
9 5 11 11
27 28 14 11
8 21 13 22
10 12 14 16
18 20 14 25
7 13 18 10
12 22 16 12
23 27 9 13
8 26 8 14
16 15 12 16
12 26 10 7
8 11 18 25
12 6 28 20
12 6 8 13
13 15 27 22
21 19 7 13
22 16 10 19
22 24 18 8
17 10 13 12
28 20 17 23
18 3 7 19
21 12 19 13
9 8 15 7
23 16 10 18
14 17 22 7
11 20 13 19
19 6 14 18
23 18 9 10
6 16 17 10
9 7 10 16
16 18 5 12
19 25 18 22
26 14 8 11
19 21 9 6
25 25 21 12
15 16 20 11
7 21 18 21
6 19 8 14
10 9 19 24
20 13 9 13
24 21 18 19
12 11 13 10
8 14 24 8
12 23 22 27
17 5 9 19
14 4 18 20
5 23 25 14
25 13 16 8
15 6 8 12
28 14 15 16
26 4 14 5
14 13 12 10
12 14 23 21
16 9 23 13
6 26 12 20
7 19 6 20
15 12 17 18
5 10 3 9
18 14 13 6
12 15 17 25
11 4 9 8
9 14 4 21
22 12 5 18
15 6 8 11
20 13 22 7
13 15 15 16
17 9 12 6
9 7 18 17
6 9 21 15
20 19 10 9
12 9 19 19
16 12 12 11
20 11 28 7
13 14 11 21
12 20 5 9
11 14 16 18
23 13 6 12
10 9 8 18
23 13 15 16
17 20 17 5
7 9 19 14
19 15 9 10
14 13 19 9
20 24 9 12
21 5 11 11
27 19 28 3
11 13 5 13
17 11 12 9
16 8 14 17
14 18 16 14
5 16 6 21
11 11 22 13
8 15 27 13
14 16 10 13
7 10 9 19
14 26 21 21
20 10 15 8
22 10 27 24
16 8 16 4
18 11 8 13
10 24 14 13
7 14 6 24
9 22 19 8
18 11 12 16
11 25 12 12
21 19 20 6
12 6 16 27
7 7 9 10
12 15 8 14
20 10 17 4
23 9 21 14
26 16 10 9
12 19 18 26
23 11 22 15
7 15 14 8
7 17 4 11
17 16 21 7
6 14 9 11
18 5 12 7
18 12 13 22
7 13 23 16
21 14 9 28
3 11 7 11
22 13 13 8
13 23 13 23
8 10 25 15
7 16 8 18
23 13 4 10
8 18 17 17
28 14 11 8
22 10 12 12
22 19 8 19
15 9 13 7
11 17 15 8
14 21 14 11
5 8 23 13
8 11 19 12
19 4 17 3
11 4 21 9
14 19 24 13
15 8 5 9
10 11 18 10
9 16 18 27
15 13 7 10
15 7 6 19
16 15 12 13
15 8 21 20
6 21 21 8
11 12 15 8
10 17 14 28
13 14 18 8
11 25 14 18
14 16 16 21
10 19 17 19
14 10 20 11
21 24 12 24
10 20 15 13
6 14 24 8
11 23 3 10
26 14 17 18
6 19 10 9
27 17 26 25
15 15 5 15
18 13 24 7
12 8 11 11
27 25 10 15
13 14 10 15
10 10 8 10
17 26 20 9
3 8 14 15
15 7 5 24
13 21 15 8
8 21 22 17
17 10 16 14
4 12 13 4
17 4 21 27
19 16 10 15
13 9 23 23
18 12 6 13
12 14 6 16
3 23 21 8
16 6 9 23
19 18 21 5
15 8 22 12
18 9 23 18
9 27 9 19
7 13 15 4
5 13 10 15
18 17 15 20
8 7 16 4
7 8 11 11
22 25 19 12
4 14 5 12
5 5 21 13
10 5 14 16
21 18 16 9
15 12 5 13
11 13 10 11
10 10 16 16
19 15 7 8
23 11 3 13
16 13 13 6
11 17 18 16
9 15 8 13
21 5 25 8
7 8 10 5
3 12 21 20
19 3 15 22
19 7 9 4
3 8 19 17
8 26 22 17
6 10 22 8
11 26 9 12
20 20 4 17
17 18 8 20
8 28 6 3
10 14 21 14
11 25 9 18
9 18 9 6
9 5 10 12
5 17 11 11
9 10 24 14
18 10 19 18
6 12 10 11
13 3 10 9
21 17 14 11
13 11 3 20
20 18 13 18
7 22 9 15
6 10 9 22
3 8 16 8
9 6 21 15
27 26 26 28
17 11 23 5
8 20 13 9
11 9 19 16
15 4 15 18
16 5 17 3
7 13 11 9
17 20 23 12
15 10 17 22
6 4 15 22
11 21 18 15
13 19 11 14
12 14 9 18
14 11 8 18
6 13 15 25
6 12 21 16
24 5 18 24
19 19 21 11
21 11 14 19
20 13 21 9
22 4 14 21
21 17 18 10
7 18 13 10
4 21 9 7
15 22 20 14
6 5 7 13
8 20 14 10
5 22 28 8
17 9 11 12
6 9 11 9
9 10 11 20
19 5 17 5
9 5 9 11
19 26 7 6
22 17 20 23
7 10 14 11
13 10 13 18
8 16 10 11
16 20 15 17
9 11 6 13
26 6 22 18
10 4 8 11
11 18 6 13
6 14 9 15
10 3 27 25
14 7 11 15
13 8 12 25
23 12 20 9
3 13 6 14
8 7 19 14
20 22 4 13
19 21 3 7
16 7 8 21
8 23 5 15
3 15 25 13
10 15 14 16
19 6 7 10
4 24 11 23
24 21 16 14
9 19 9 10
12 7 7 10
21 3 14 7
11 19 21 20
16 5 23 9
7 16 6 8
8 11 6 13
19 15 25 18
6 17 18 20
17 15 5 10
15 18 16 7
12 11 11 8
16 20 12 19
13 10 15 9
10 15 22 10
24 8 13 11
6 18 11 14
17 19 26 16
6 12 20 16
6 17 9 17
18 8 10 11
7 15 21 7
5 8 9 27
25 12 18 20
12 12 8 9
11 12 11 21
14 12 15 11
14 15 15 13
18 18 18 19
12 18 12 21
20 16 17 10
12 6 10 6
4 17 9 16
4 26 10 20
9 19 18 15
13 19 14 7
16 16 22 22
19 5 11 27
26 19 21 20
24 23 4 5
16 10 10 8
18 17 11 11
9 22 8 15
13 17 15 12
3 10 5 13
9 11 18 12
10 4 22 6
15 3 24 10
8 11 17 9
22 7 4 19
6 7 6 26
17 18 15 25
14 19 14 11
10 22 19 11
11 6 11 8
16 10 15 4
14 7 16 12
6 7 14 6
3 20 22 12
11 24 17 19
28 10 12 11
24 10 20 13
18 28 5 3
13 4 13 14
9 4 6 8
18 15 7 28
27 12 15 16
8 23 9 19
16 5 11 15
10 16 13 21
26 17 23 10
12 6 6 7
8 15 4 18
3 23 13 24
18 28 4 15
22 17 17 15
17 12 4 3
9 10 9 8
10 11 17 10
16 8 19 19
16 17 17 4
11 8 12 12
19 9 16 3
6 18 15 26
19 7 16 20
5 16 9 12
8 18 21 6
16 10 8 18
4 27 19 16
13 9 4 15
12 19 24 17
9 25 12 22
14 17 22 12
17 15 3 14
18 11 23 15
4 18 8 13
11 7 13 7
17 26 13 9
20 12 9 16
15 10 4 7
8 15 9 8
17 18 21 7
10 17 7 21
12 6 15 19
12 18 20 15
16 8 27 18
17 10 13 6
26 9 10 22
21 6 4 10
12 19 3 7
4 11 10 8
4 17 24 4
5 17 19 8
8 12 20 17
16 27 16 13
11 18 6 18
12 6 14 19
25 26 4 17
10 10 13 5
22 22 14 27
10 20 5 11
16 13 6 12
25 12 6 16
14 16 7 11
7 7 14 17
8 26 15 11
6 16 11 16
14 18 22 7
14 13 23 18
19 17 6 16
8 16 8 24
12 18 10 11
13 6 13 15
12 17 8 8
5 19 26 12
7 12 23 12
9 14 15 10
9 17 8 7
5 13 13 23
27 6 24 16
14 13 5 26
9 4 12 9
19 13 5 13
10 18 21 7
5 19 27 9
9 5 14 11
14 20 22 12
10 16 19 6
8 15 9 13
28 14 22 14
25 19 13 8
5 11 11 16
7 12 6 14
15 18 7 13
16 9 16 20
10 13 13 18
18 9 19 3
6 13 14 5
13 6 25 21
10 15 23 9
7 10 9 6
9 15 17 10
10 23 7 20
20 12 12 8
9 8 21 12
14 6 12 4
15 10 17 14
8 26 22 20
4 24 12 12
6 4 5 24
22 8 19 16
8 10 27 15
24 13 15 18
14 9 12 14
23 15 7 5
11 14 6 16
10 16 4 13
11 16 7 17
21 15 11 15
10 9 26 11
7 15 8 11
28 12 14 26
24 20 7 11
10 10 5 14
13 20 15 23
27 14 25 20
6 21 12 15
7 14 24 27
15 12 14 22
18 8 11 6
21 15 5 23
23 16 22 11
16 8 17 16
21 9 15 9
8 27 5 14
15 15 8 16
8 17 28 13
19 20 9 20
16 7 17 17
10 14 12 14
11 15 10 10
11 6 4 14
7 22 18 9
10 21 10 9
6 25 13 10
21 11 12 6
5 7 5 21
17 25 13 21
10 19 18 18
14 13 12 13
8 4 14 9
24 6 23 8
25 15 15 10
26 22 4 26
11 11 14 22
26 9 4 16
11 20 12 13
13 5 23 6
5 10 18 16
17 17 19 18
11 7 5 18
12 7 12 25
26 20 26 14
7 13 13 20
20 7 16 10
28 13 17 12
10 12 24 18
16 19 10 17
13 6 16 15
12 13 16 12
7 9 13 21
20 13 12 13
11 4 15 3
23 12 19 7
18 19 15 12
6 22 12 11
18 23 12 17
21 16 16 27
7 21 28 14
12 8 15 12
14 20 3 4
16 10 4 15
5 16 16 6
18 13 17 16
16 7 23 24
8 9 11 12
22 11 18 10
4 18 14 12
18 9 15 11
24 9 11 12
6 17 16 23
10 26 7 4
14 23 15 28
11 22 18 11
15 15 18 15
18 26 15 24
17 9 14 15
20 25 7 12
25 12 19 24
14 15 9 22
16 12 10 15
23 26 14 28
13 13 16 8
11 16 3 20
16 14 15 12
11 17 20 7
10 9 20 12
15 10 19 15
12 15 27 23
21 13 9 8
16 21 23 17
11 23 13 6
24 26 24 5
5 20 8 13
14 20 11 13
10 9 27 12
19 15 18 7
8 13 15 24
6 16 8 16
14 17 14 13
26 10 7 12
15 4 10 18
11 14 17 9
6 7 18 13
12 26 3 11
15 8 5 21
10 25 21 7
4 20 10 14
23 9 7 14
8 15 9 13
6 16 10 9
7 5 10 10
23 15 8 15
19 24 22 11
9 21 4 23
18 18 12 13
12 15 10 8
22 19 8 15
7 3 21 18
11 13 27 26
8 10 7 12
12 16 17 5
17 7 21 8
22 6 9 11
18 18 20 10
4 15 13 15
5 13 7 19
13 12 7 19
26 25 15 16
19 23 13 18
8 11 11 18
22 24 19 12
5 15 5 14
7 8 14 11
11 14 11 16
12 6 15 14
9 16 12 16
18 20 12 18
27 18 10 15
6 6 8 28
21 7 22 17
8 26 10 16
16 20 22 10
14 17 16 18
16 11 9 23
18 14 5 24
10 9 4 22
10 17 3 6
11 13 5 20
24 12 7 11
14 18 24 14
14 6 9 18
16 14 27 9
26 23 9 15
19 10 10 11
4 26 4 13
13 19 12 5
18 8 5 13
16 8 22 10
17 8 12 9
22 8 18 18
18 15 11 19
23 12 8 23
16 8 13 12
22 11 10 12
7 18 6 13
16 7 5 11
15 8 17 18
13 11 14 11
6 20 24 9
24 16 18 13
6 24 10 8
21 22 16 16
7 10 7 9
8 4 6 13
17 26 28 9
11 15 25 21
22 26 12 10
15 8 24 9
18 14 6 15
16 15 11 6
16 26 15 13
18 27 11 9
6 19 27 21
17 17 13 7
17 17 20 9
18 14 8 14
16 14 6 14
5 16 21 20
18 8 13 11
22 6 23 8
9 10 4 17
17 17 27 5
8 21 13 18
14 18 9 3
11 9 25 22
10 23 8 14
22 18 17 18
11 4 15 9
20 11 14 16
11 23 27 13
20 26 8 6
15 6 10 25
6 11 14 17
21 4 13 16
9 4 28 16
16 7 18 23
28 26 17 15
14 18 9 9
7 8 3 7
10 12 18 9
9 8 9 15
16 6 21 18
13 21 20 28
5 20 8 6
27 22 13 16
13 21 26 21
12 17 28 14
9 12 9 11
14 14 9 10
25 7 19 4
8 13 8 11
13 24 21 11
9 9 3 12
6 23 7 18
14 19 12 5
13 8 22 26
12 25 10 20
12 13 22 9
8 17 12 20
13 17 23 19
15 7 18 12
19 3 15 10
4 8 9 16
9 17 9 20
8 18 15 12
14 12 15 9
12 25 11 11
16 4 3 11
23 15 15 20
19 21 17 14
18 21 27 12
17 18 11 24
13 18 16 18
19 6 20 26
15 14 25 7
12 11 11 16
24 7 10 27
15 19 20 28
12 6 11 8
14 8 20 8
14 19 17 19
9 21 11 5
6 8 10 21
21 15 9 4
10 3 12 10
9 20 10 8
7 12 10 3
20 3 11 18
14 5 9 13
7 17 7 16
19 16 22 14
15 18 17 19
5 14 6 19
8 17 5 21
9 7 19 16
6 11 13 13
12 17 10 24
11 13 10 28
15 4 23 9
9 8 12 12
17 16 9 12
12 6 13 13
8 7 8 5
8 11 9 12
17 12 15 14
13 20 6 10
8 13 28 10
13 4 25 10
12 14 10 17
9 11 19 14
15 12 18 26
16 15 19 10
11 22 17 13
10 13 13 20
11 11 9 16
9 16 16 20
17 15 7 9
19 11 26 12
13 8 20 10
18 12 11 11
15 17 25 12
9 21 17 26
12 18 19 22
25 14 13 4
6 21 17 24
21 8 19 18
8 9 8 19
14 15 19 21
10 13 16 10
18 6 25 3
11 5 27 12
12 4 21 8
8 24 10 7
23 14 8 15
6 14 14 12
13 25 10 13
9 22 11 28
7 6 17 10
8 10 12 4
27 13 12 4
11 16 8 17
8 12 26 23
11 15 13 9
13 12 5 11
13 14 7 23
20 6 3 20
23 11 8 19
18 11 8 17
9 13 17 10
16 10 19 13
7 7 10 12
14 21 10 20
10 9 11 25
15 17 22 12
18 8 26 7
13 24 8 14
11 15 12 13
15 17 17 25
16 7 9 17
12 11 20 4
19 10 4 21
14 23 13 18
18 10 9 21
15 14 21 18
22 20 10 7
10 9 18 13
12 24 14 3
10 3 8 19
19 23 13 17
14 11 23 16
12 12 12 15
10 25 15 7
14 23 18 18
5 6 8 14
6 11 12 19
24 27 6 13
11 9 7 9
12 19 16 10
16 13 7 7
12 15 17 24
9 24 17 21
21 17 14 25
7 26 20 8
9 10 6 14
9 13 3 11
17 8 15 12
22 18 12 24
10 13 16 11
7 9 4 22
14 10 7 7
11 26 5 16
4 10 7 17
6 12 15 15
3 6 24 16
28 17 16 11
17 9 12 18
9 4 24 16
15 17 6 12
4 18 4 13
6 19 12 14
8 8 17 15
23 12 9 14
12 17 25 11
12 25 12 21
14 6 15 13
5 11 7 21
7 11 17 11
17 17 12 5
18 4 15 20
17 20 10 19
19 14 9 21
10 12 18 17
12 14 17 16
14 19 8 17
27 26 18 14
12 9 8 7
23 10 11 23
20 12 16 13
8 17 14 28
27 25 8 7
4 7 25 11
3 12 7 9
10 5 12 12
12 13 12 24
22 17 12 10
11 12 21 7
10 17 13 5
13 14 5 7
12 10 13 4
23 12 15 16
25 22 13 6
19 17 10 20
16 5 10 12
13 21 18 8
10 11 22 17
19 14 22 15
8 7 7 7
11 11 23 4
11 11 11 12
16 20 14 16
14 12 22 15
17 16 13 9
5 6 7 10
14 16 9 25
9 6 26 9
8 14 24 13
10 13 12 14
25 10 25 9
24 26 17 12
11 6 8 18
24 14 22 23
8 16 20 28
10 3 14 13
19 20 8 20
9 19 11 9
21 4 17 8
11 16 24 18
21 16 16 8
18 13 21 16
12 14 22 14
16 21 10 14
5 14 12 13
17 17 22 8
16 19 20 8
16 10 18 12
12 16 10 9
28 15 11 4
14 13 19 6
10 14 10 14
15 5 12 3
25 7 19 12
10 22 14 20
19 8 23 21
19 23 17 13
7 19 13 17
14 28 5 25
24 9 15 8
16 10 17 25
14 17 8 7
16 13 3 11
16 12 10 11
7 16 13 24
17 8 15 18
22 12 22 10
11 21 23 16
12 17 13 17
24 9 4 23
17 19 16 12
24 18 20 14
17 26 8 19
13 4 12 27
21 7 22 13
15 8 10 16
14 10 8 11
9 16 5 19
24 12 7 4
23 16 9 19
17 7 12 12
3 10 11 11
11 12 19 9
12 17 7 19
16 15 15 16
10 12 6 10
14 11 11 9
14 13 28 9
16 11 14 11
12 16 25 23
14 14 14 19
11 24 26 5
8 28 17 3
20 21 3 12
20 10 14 8
9 9 8 24
6 12 7 12
8 3 22 4
13 20 13 12
9 16 7 9
22 19 10 4
28 21 13 13
26 15 18 16
15 3 16 8
23 9 19 13
7 10 28 19
5 8 11 9
5 15 22 12
18 7 21 16
11 26 16 21
7 22 9 18
15 12 20 17
14 12 12 13
8 21 6 25
8 12 17 10
8 14 11 8
24 24 11 28
16 15 19 10
18 12 10 11
14 15 7 15
26 15 15 20
6 11 3 13
6 10 13 21
11 11 10 28
12 16 23 25
7 20 12 9
22 5 14 14
5 14 11 15
11 14 17 11
26 7 11 10
6 11 16 10
7 25 9 10
23 4 22 10
4 15 15 16
23 10 19 11
17 11 6 23
4 14 8 5
12 8 7 14
8 13 7 14
20 11 24 13
9 5 14 9
11 13 10 16
14 10 24 12
12 25 17 15
14 10 20 16
23 10 10 12
18 17 15 21
7 11 11 20
9 7 25 28
8 12 14 18
16 13 9 7
17 9 25 11
13 20 21 24
12 8 13 10
13 8 22 28
16 16 16 21
7 5 16 6
13 9 25 15
8 11 10 23
13 17 8 27
7 6 8 10
7 20 17 13
7 13 17 24
27 19 11 12
9 9 6 13
12 17 9 5
10 9 17 16
4 11 24 14
