14 5 2
545 1005 2398 2822
576 1743 1899
1006 1649
504
782 1495 2119 3361 4007
750 1269 2223 3207 4330
783 1489 2011 3338 3688
880 1447 2291 3284 4121
790 1350 2056 3267 4452
748 1469 2207 2908 3896
847 1411 2166 3217 4432
871 1314 2045 3369 3817
798 1469 2208 3282 4176
804 1272 2088 3089 3693
781 1482 2061 2944 3879
816 1460 2260 3008 3837
759 1373 2182 3107 3680
828 1400 2221 2915 3683
8 5 8 7 10
6 7 10 7 10
6 5 10 6 6
9 9 6 8 9
5 10 9 10 9
7 6 10 5 5
5 5 6 5 7
10 7 8 10 10
8 5 10 8 9
9 10 10 9 9
7 5 7 6 8
10 10 10 7 5
9 9 7 10 7
10 6 7 10 6
16 1 0 3 5
1 1 1 0 0
1 0 4 0 0
0 0 0 0 2
1 2 0 1 0
0 0 0 0 3
1 0 0 0 1
3 0 0 0 1
0 0 0 0 0
0 0 1 1 1
2 1 0 0 1
0 0 0 1 1
0 0 0 0 1
0 1 2 0 1
1 0 0 0 2
