14 5 2
774 1326 2381 3074
619 1283 2308
618 1328
762
873 1732 2610 3410 4424
893 2028 2606 3711 4559
990 2024 2823 3633 4433
1037 1908 2562 3461 4384
864 1732 2669 3663 5086
931 1899 2840 3491 4364
1052 1755 2474 3625 5230
874 2026 2665 3505 4780
969 1703 2511 4054 5190
886 1868 2522 3638 4692
983 1829 2770 3691 5206
951 1673 2767 4143 5225
1035 1719 2770 3708 4803
969 1829 2831 3444 5154
8 9 7 5 5
9 9 10 7 5
5 7 9 9 6
10 6 9 6 7
9 9 7 7 5
10 5 8 6 10
10 9 7 5 10
7 7 6 7 10
6 6 8 8 9
9 7 7 6 6
6 10 10 7 10
9 9 9 6 9
10 10 5 6 8
9 10 10 7 10
6 9 2 7 0
0 4 0 0 0
0 0 0 0 0
0 0 0 2 1
1 0 1 0 0
0 0 0 0 3
1 0 0 0 0
0 0 0 2 1
0 1 1 0 0
0 0 0 0 2
1 0 0 1 0
0 0 2 0 0
1 0 0 4 0
0 0 1 1 1
1 0 0 0 0
