14 5 2
590 1227 2129 2611
690 1673 1993
718 1610
768
819 1478 2337 3257 4073
900 1313 2153 3281 4238
906 1280 2176 3469 4627
919 1450 2184 3552 4204
848 1502 2335 3418 4289
801 1487 2424 3041 4359
885 1341 2145 3402 3985
845 1542 2085 3580 4535
857 1544 2463 3164 4504
875 1503 2493 3551 3824
799 1306 2461 3553 4522
830 1404 2398 3048 4313
790 1337 2404 3055 4160
836 1395 2497 3055 3906
9 10 9 9 10
10 7 10 5 6
6 6 10 8 10
9 8 8 10 10
10 9 5 9 6
6 8 9 6 7
8 10 6 9 9
6 10 5 8 6
10 8 10 5 9
9 9 5 7 9
10 8 9 8 10
9 7 6 8 7
10 7 9 7 7
10 7 7 5 10
12 0 4 2 5
0 0 0 0 1
2 0 1 2 0
0 0 1 0 0
2 0 1 1 0
1 0 0 1 1
0 2 1 1 4
1 0 0 0 0
1 0 1 0 0
0 0 4 3 0
1 1 1 0 0
1 0 1 0 3
0 1 1 0 1
0 4 0 0 0
1 0 1 0 0
