14 5 2
464 830 1307 2337
480 1046 1532
414 1189
902
711 1294 1861 2434 3464
690 1163 1756 2540 3480
613 1167 1765 2320 3572
636 1218 1786 2198 3476
627 1248 1629 2388 3432
663 1161 1609 2537 3209
649 1293 1743 2205 3566
620 1257 1854 2236 2928
645 1169 1802 2547 3281
684 1094 1654 2299 3025
625 1221 1813 2203 3339
627 1161 1652 2299 3046
671 1218 1536 2504 2935
716 1119 1840 2302 3226
9 10 6 10 8
9 7 5 6 6
6 9 5 6 9
6 7 10 5 8
5 5 5 6 10
7 5 8 6 10
9 5 7 10 8
6 7 9 9 10
8 7 6 8 8
7 9 10 8 5
7 5 5 10 7
9 5 10 5 7
9 10 8 7 7
9 8 6 10 6
2 5 5 5 5
0 0 0 3 0
1 1 0 0 0
0 0 0 1 1
0 1 2 1 0
0 1 1 0 0
2 0 1 0 0
1 0 0 1 0
0 0 0 0 0
1 1 1 0 3
0 1 0 0 0
0 0 0 1 1
0 0 3 0 0
1 0 1 0 1
0 1 2 0 0
