14 5 2
387 1031 1452 1870
530 966 1426
559 703
269
516 973 1721 2316 2660
500 955 1549 2153 2718
578 1060 1547 2330 2640
505 1010 1644 1960 2445
556 1010 1473 2027 2549
517 1086 1544 2236 2791
508 929 1696 2362 2318
578 922 1634 2071 2804
591 1011 1746 2019 2744
522 1031 1490 1949 2809
592 988 1744 2310 2555
594 961 1476 2179 2806
539 914 1588 2089 2597
557 1012 1631 1994 2504
10 6 8 7 9
7 8 7 7 5
7 8 5 10 6
10 9 7 7 7
10 8 6 7 7
8 10 5 7 8
9 5 7 8 7
10 6 5 5 8
8 7 10 9 7
9 10 9 9 10
6 8 9 5 9
7 7 5 6 6
6 10 9 8 10
10 8 10 6 8
15 1 0 1 1
0 0 0 0 0
0 2 0 0 1
1 0 0 0 1
1 1 0 2 0
0 1 0 1 0
1 1 2 1 0
3 1 1 0 0
1 0 0 0 0
2 0 0 0 0
2 1 2 0 0
1 0 0 1 2
0 0 3 1 0
1 1 0 0 1
0 0 1 0 0
