14 5 2
783 1369 2447 3904
697 1370 2856
767 2025
1038
968 1820 2633 3642 5115
968 2080 2533 3528 4875
1060 1945 2892 3391 4978
1033 1773 2802 3878 4760
1057 2025 2618 3292 4648
916 1992 2742 3957 4439
1028 2019 3016 3425 4922
923 1799 2815 3675 4931
1051 1768 2647 3444 5003
959 1864 3081 3273 5019
919 2023 2629 3479 5082
904 1957 2945 3342 4411
876 1817 3008 3386 4575
885 1958 2742 3444 5114
9 7 7 10 9
10 8 7 6 10
10 6 10 9 5
7 5 8 10 5
10 10 10 5 7
5 5 7 8 5
8 8 7 7 9
8 5 5 5 5
8 8 6 9 8
10 10 8 9 9
6 6 9 8 9
7 7 8 8 5
5 5 8 6 5
5 6 5 8 7
1 7 11 0 2
2 2 0 0 0
2 0 1 1 0
0 2 3 2 1
1 1 0 0 4
1 2 1 1 1
1 1 2 0 1
2 0 4 3 1
0 0 0 0 1
0 0 0 0 0
1 4 1 0 1
0 0 1 0 2
0 0 0 0 2
0 0 1 2 0
0 1 1 0 4
