14 5 2
592 1232 1558 2603
637 1331 1870
584 1411
650
775 1441 2163 2976 3684
823 1368 2126 2704 4090
863 1376 2209 3010 3855
814 1518 2236 2963 4163
766 1615 2001 2837 3674
808 1410 2186 3067 4246
736 1423 2247 2712 4270
875 1570 2091 3139 4158
725 1643 2289 2939 4264
728 1380 2132 2739 3886
762 1593 2129 2876 4304
774 1605 2343 2848 3946
819 1602 1935 2910 4191
739 1541 2061 2698 3803
9 7 10 9 5
7 9 10 7 10
10 8 10 7 8
5 7 9 10 7
10 5 5 5 7
8 5 10 10 10
5 7 6 9 6
6 9 5 6 7
8 5 6 6 8
10 5 5 6 7
9 8 7 7 5
7 8 8 7 7
6 7 9 10 9
5 7 8 8 8
8 12 5 0 0
0 3 0 0 2
2 1 0 0 1
0 0 1 0 1
2 3 1 0 0
0 0 0 0 1
0 0 2 0 0
2 0 2 0 1
1 0 0 0 0
0 0 0 0 2
3 1 2 0 0
0 0 1 1 0
0 1 0 1 0
2 0 1 0 0
0 0 2 1 1
