14 5 2
521 1104 1752 1893
668 1226 1306
495 784
235
595 1169 1909 2494 2793
673 1203 1775 2240 3322
713 1070 1727 2324 3242
699 1159 2011 2404 3017
706 1152 1722 2253 3258
600 1233 1864 2329 3049
695 1209 1998 2207 3247
706 1146 1927 2444 2881
656 1180 1813 2395 3183
658 1254 1943 2428 2818
636 1130 1794 2230 2952
617 1142 2023 2281 3209
693 1073 1966 2509 2835
612 1086 1772 2566 3222
6 7 9 10 10
10 5 5 8 6
5 10 8 8 5
10 10 9 10 7
10 6 8 6 7
7 10 5 5 9
6 8 10 7 7
8 5 10 9 9
8 10 9 8 5
5 5 9 7 6
6 8 6 10 9
5 7 10 9 7
8 7 6 7 10
7 7 5 9 8
10 4 2 4 2
1 0 0 1 1
0 0 0 0 0
1 0 3 0 1
1 3 0 0 2
0 0 1 0 3
1 2 2 0 1
0 0 1 0 1
2 0 0 0 0
1 0 2 1 0
0 1 3 2 0
3 3 0 1 0
0 0 0 0 0
0 1 0 1 1
0 0 0 0 0
