14 5 2
337 1362 1460 2377
1028 1319 2158
293 1615
1178
901 1339 2460 2871 4266
861 1374 2141 3085 3890
934 1376 2364 3123 4372
792 1402 2361 3034 4204
809 1321 2241 2814 4027
821 1314 2177 3310 3982
824 1179 2423 2996 3987
913 1365 2433 3232 4525
866 1271 2284 2952 4612
865 1210 2121 3363 4154
932 1208 2513 3189 4422
791 1275 2219 3116 3940
788 1302 2435 3189 4259
862 1298 2208 2795 4264
9 5 9 9 5
10 5 7 9 6
10 6 7 8 10
5 8 6 10 10
8 10 10 5 8
5 6 9 5 7
7 9 5 10 6
5 5 9 5 9
10 9 6 9 5
5 6 9 6 5
5 5 9 5 7
9 5 8 10 7
9 8 9 5 8
10 5 6 10 6
8 2 6 3 4
0 2 0 0 1
0 0 0 0 0
0 3 0 0 0
0 0 2 0 0
1 0 0 0 0
0 3 1 0 2
1 0 2 0 0
1 0 1 2 6
0 1 1 1 0
0 0 2 1 0
1 0 0 0 0
0 1 1 2 1
0 1 2 0 0
0 0 1 0 1
