14 5 2
244 787 1272 1827
637 1090 1607
594 987
305
600 875 1557 2324 2693
510 809 1718 2124 2380
509 912 1458 2143 2594
593 832 1719 2044 2386
501 812 1645 2290 2285
517 938 1614 2210 2580
543 943 1443 2243 2696
562 901 1551 1972 2592
508 868 1675 2173 2634
569 880 1682 2327 2679
601 919 1424 2204 2283
504 942 1586 1985 2535
533 827 1463 2271 2644
508 956 1467 2022 2303
5 7 7 6 10
5 9 9 5 5
5 9 9 10 5
6 7 7 6 8
8 5 9 9 10
10 6 5 9 6
7 10 8 10 10
8 5 9 6 10
10 6 9 6 5
7 6 8 9 10
8 5 10 10 5
5 8 10 9 9
7 9 8 9 7
7 9 7 6 9
9 0 2 3 4
2 0 1 0 0
1 0 1 2 3
1 0 1 1 0
0 0 0 1 0
0 1 2 0 2
2 0 1 1 1
0 0 0 1 3
0 0 0 0 0
1 0 0 1 0
1 0 0 0 0
2 1 1 0 0
0 1 1 1 0
0 3 1 1 0
1 0 0 0 0
