14 5 2
621 1207 1944 2759
682 1399 2534
579 1683
1201
819 1586 2456 3238 4638
859 1562 2083 2941 4046
798 1528 2283 3376 4391
959 1788 2433 3560 3957
797 1776 2295 3113 4471
827 1698 2483 3418 4578
874 1535 2418 3453 4172
879 1761 2310 3256 4489
869 1609 2136 3349 3864
815 1558 2280 3188 4149
904 1556 2408 3136 4140
812 1716 2290 3286 4244
881 1798 2140 2954 4614
852 1594 2450 3539 4422
9 6 10 5 6
7 5 5 9 6
6 5 9 8 5
8 8 8 6 6
5 5 9 7 7
7 8 6 9 8
10 10 9 10 9
8 10 9 8 10
7 5 5 5 6
6 5 8 7 8
6 6 5 10 9
10 5 8 9 10
9 8 10 5 7
7 6 10 9 6
1 5 6 4 0
1 0 2 2 1
0 0 1 2 1
4 0 0 0 1
0 0 0 0 2
0 1 1 0 0
0 0 0 1 2
1 1 2 0 0
0 1 0 1 0
0 0 0 1 1
2 0 1 0 0
1 1 0 0 0
0 0 2 1 0
0 0 2 0 0
0 1 1 1 0
