14 5 2
379 1387 2401 2622
987 2127 3016
868 1668
669
926 1381 2608 3648 4560
1078 1478 2796 4083 5009
1063 1578 3123 3625 4986
1007 1377 2933 3922 4999
996 1587 2854 3679 5237
904 1635 3097 4120 4734
947 1367 2641 4187 5149
1027 1635 2716 3861 5264
1073 1517 2939 3589 4942
1057 1413 2982 3743 5134
945 1579 2659 3777 4493
1015 1399 2969 4033 5241
1007 1581 2720 4053 4636
1021 1368 2615 3953 4507
9 6 6 10 7
6 10 10 8 8
6 8 10 6 8
10 9 7 8 9
9 7 7 9 8
7 8 9 8 5
5 9 9 6 5
8 7 9 9 5
8 10 10 5 10
9 8 7 7 10
9 7 9 7 10
10 10 7 9 5
7 8 10 9 5
5 9 5 5 6
8 4 5 3 2
0 0 1 0 0
0 2 1 1 1
0 0 1 0 2
0 0 0 0 0
3 1 1 0 2
1 0 1 2 1
3 0 1 1 1
0 1 2 0 1
0 0 0 2 1
1 0 3 1 0
1 0 0 0 1
0 1 1 1 0
0 0 0 1 0
1 1 1 0 0
