14 5 10
446 1291 2414 3410
620 2047 2200
984 1800
717
961 1534 2383 3761 4551
833 1458 2226 3316 3874
897 1636 2341 3258 3899
834 1497 2571 3447 3934
971 1493 2462 3672 4202
907 1652 2266 3174 4286
875 1654 2202 3554 4375
893 1657 2509 3189 4507
895 1653 2313 3113 4094
838 1451 2625 3541 4573
831 1442 2532 3702 4460
811 1631 2299 3245 4366
810 1569 2578 3747 4517
916 1487 2163 3243 4199
132 154 145 175 173
102 161 111 179 115
185 189 107 168 182
183 107 124 190 128
101 132 162 118 104
185 171 194 114 159
138 140 167 116 178
187 117 128 196 156
176 129 124 139 171
148 186 114 198 156
182 173 149 108 166
135 173 184 142 147
111 111 101 189 120
176 118 165 167 166
48 93 125 10 94
4 2 3 2 5
4 3 1 2 0
3 4 1 1 6
1 5 0 6 0
1 4 2 0 5
2 6 1 2 3
4 5 2 2 2
8 5 3 4 0
6 6 2 1 4
2 2 2 3 2
2 3 3 2 2
3 1 4 1 3
1 2 0 6 1
4 1 3 6 1
