14 5 10
349 813 1780 1827
448 1136 1871
803 1243
346
552 974 1464 2484 2950
557 1116 1495 2207 2556
576 935 1468 2605 2673
617 1017 1563 2400 2513
608 941 1496 2258 2908
575 1032 1450 2518 2938
605 971 1471 2378 2796
660 1113 1658 2492 2880
623 947 1658 2585 2848
655 1014 1429 2493 2619
617 944 1695 2596 2684
611 986 1551 2200 2697
631 1050 1446 2190 2637
556 1003 1573 2189 2921
121 131 180 185 181
103 171 146 191 134
199 183 110 144 100
108 100 177 193 155
121 168 186 106 112
112 116 130 130 167
193 193 147 146 172
125 100 199 184 152
122 197 134 135 121
155 151 139 102 145
144 117 146 158 199
194 132 102 126 180
128 101 166 124 127
127 178 114 107 136
60 231 42 85 18
2 1 3 2 6
3 5 3 8 5
5 3 3 3 3
4 4 2 2 1
4 4 1 7 2
3 3 1 3 7
5 4 2 4 2
1 1 3 2 5
2 7 1 2 5
3 5 1 6 3
7 4 6 1 8
3 0 2 3 3
3 1 2 1 2
2 8 1 5 3
