14 5 10
640 1180 2079 3002
694 1116 1828
516 1345
792
843 1671 2417 3120 4215
956 1579 2673 3347 4427
959 1547 2485 3526 4140
947 1637 2381 3108 4200
868 1742 2538 3229 4157
832 1622 2651 3155 4435
951 1648 2435 3177 4405
859 1702 2404 3551 4609
937 1511 2731 3228 4579
932 1705 2472 3121 4122
842 1521 2804 3362 4359
886 1751 2503 2932 4370
1003 1498 2798 2934 4608
825 1525 2676 3029 3845
182 113 123 130 151
136 155 154 185 112
109 146 142 177 128
107 109 140 134 101
182 169 196 107 102
128 165 182 118 172
177 198 174 190 188
153 107 200 151 133
185 136 103 155 135
123 180 185 129 174
122 196 160 111 178
186 138 121 197 189
135 111 101 157 157
129 143 159 166 174
114 120 173 33 13
3 3 5 7 3
2 3 4 3 1
1 8 1 2 3
2 3 4 6 2
2 4 4 2 1
2 1 6 5 5
6 2 4 3 1
1 0 3 3 3
4 4 4 2 2
6 3 8 2 4
2 5 3 7 4
3 2 5 3 2
3 5 8 0 3
5 2 3 2 3
