14 5 10
351 858 1683 1883
533 1055 1458
561 794
383
621 1095 1765 2419 2852
613 1058 1710 2310 3069
651 1154 1821 2163 2795
648 1063 1579 2230 2823
574 1112 1670 2425 3105
579 1150 1584 2333 2674
666 1152 1611 2406 2691
651 1178 1821 2209 3016
593 1087 1688 2282 2789
610 1070 1759 2382 2774
637 1014 1708 2172 3219
572 1047 1815 2190 3109
627 1002 1822 2503 3182
654 1147 1606 2446 2827
123 182 146 198 110
161 108 162 125 143
179 153 153 116 103
122 164 147 158 177
155 115 165 180 103
142 127 121 197 153
153 112 117 147 153
143 171 130 184 136
159 189 140 197 199
170 125 124 143 129
195 116 122 186 110
170 174 177 127 115
141 160 176 170 156
142 145 126 126 138
124 167 59 132 45
4 9 9 5 1
2 5 2 2 4
5 3 4 4 3
5 3 5 4 4
1 3 3 3 3
7 1 1 4 3
3 2 2 4 4
1 3 1 2 4
3 0 2 1 0
3 3 4 7 2
0 4 5 2 1
5 3 6 3 1
6 2 1 6 3
2 5 7 1 3
