14 5 10
425 1198 1874 2256
903 1475 2258
431 1224
714
967 1449 2635 3136 3927
1000 1334 2647 3427 4105
857 1329 2468 3180 4657
840 1377 2426 3783 3962
838 1432 2611 3270 4350
866 1386 2625 3740 4502
977 1421 2537 3240 3998
977 1386 2740 3542 3890
864 1450 2634 3214 4259
888 1581 2290 3243 3834
983 1533 2601 3616 4548
930 1586 2637 3150 4251
881 1308 2301 3338 4629
901 1375 2709 3750 4238
192 199 166 112 140
125 183 196 179 114
142 142 107 121 100
197 193 157 191 153
154 190 141 124 148
146 174 200 101 116
151 101 112 108 172
108 144 139 120 191
164 120 199 163 141
151 172 122 168 140
146 124 105 178 191
185 155 149 142 194
134 163 120 146 191
174 119 168 100 161
214 59 30 60 95
4 4 3 0 4
0 2 5 2 3
10 5 1 4 3
1 0 4 3 2
3 2 6 5 3
0 3 4 4 8
1 4 2 1 2
3 5 1 3 1
7 4 2 1 6
3 1 4 3 7
4 0 7 3 5
5 2 4 6 0
5 5 4 2 3
8 1 3 4 2
