14 5 10
229 936 1412 1392
579 987 1213
333 620
273
527 820 1586 2047 2353
491 894 1530 2007 2566
501 886 1538 1793 2466
457 861 1471 2090 2582
459 812 1577 1790 2239
543 851 1355 2078 2544
468 897 1546 1864 2516
470 825 1570 1917 2259
501 823 1542 2116 2285
496 788 1450 2072 2609
489 801 1422 2147 2414
541 783 1429 2093 2666
519 867 1572 2073 2617
544 759 1430 2051 2673
114 120 108 185 134
128 162 180 104 194
141 175 117 132 138
167 128 147 157 148
132 159 112 144 124
139 177 100 166 169
146 183 184 106 142
166 137 100 139 193
163 104 197 183 112
153 122 117 200 170
102 163 169 174 108
134 169 124 125 142
138 101 175 105 153
195 110 120 168 189
35 103 145 70 91
1 2 0 3 3
2 6 5 2 8
3 7 3 4 3
6 0 5 1 3
5 3 4 2 2
7 3 6 3 1
2 1 2 1 0
3 5 5 3 2
5 2 1 6 2
5 4 3 4 5
3 4 7 2 0
1 5 3 2 1
2 3 2 2 7
1 5 3 6 2
