14 5 10
417 1003 1005 1782
529 697 1210
257 566
385
565 1138 1698 2000 2483
531 988 1695 2078 2873
538 1119 1696 1854 2537
544 1121 1658 2130 2405
502 979 1514 2241 2869
585 1146 1540 2038 2778
586 1116 1540 2122 2394
600 1035 1577 1935 2444
552 1071 1536 1914 2407
520 1077 1550 1877 2641
575 1016 1431 2076 2562
530 1072 1480 2164 2439
514 984 1623 2125 2818
539 1185 1691 2074 2770
106 145 136 121 187
185 124 152 114 150
188 187 180 116 177
198 104 170 106 145
184 102 127 118 157
147 192 162 163 108
175 145 187 141 111
177 140 111 142 128
133 182 100 148 184
122 159 147 119 173
165 116 150 150 102
194 121 149 106 157
129 141 117 126 116
133 162 175 134 162
84 2 245 21 32
1 2 7 2 6
3 5 3 5 8
2 2 0 6 3
2 2 3 3 4
2 3 2 5 6
4 3 5 2 4
2 3 4 7 6
4 1 6 2 4
4 2 1 4 2
6 6 7 2 3
2 2 5 1 4
3 0 2 1 3
4 6 3 1 1
5 3 3 3 2
