14 5 10
516 1595 2154 2908
921 1673 2712
671 1477
637
833 1483 2678 3629 4344
965 1686 2283 3533 4464
836 1654 2590 3700 3945
900 1785 2470 3730 4319
920 1569 2581 3350 4489
819 1788 2254 3231 3879
987 1562 2691 3531 4480
872 1514 2324 3785 3855
954 1655 2336 3443 3702
939 1477 2696 3344 4307
930 1497 2332 3120 4436
921 1770 2488 3653 3890
951 1693 2596 3782 4109
877 1669 2284 3343 4018
154 196 200 171 156
107 140 197 156 125
117 124 200 132 100
113 124 179 200 146
110 179 168 108 161
111 114 192 135 172
179 175 145 180 190
181 156 109 159 182
128 119 135 113 151
176 141 106 169 101
188 154 118 132 121
186 141 156 123 128
109 132 102 109 200
146 183 180 160 173
51 70 107 130 53
3 3 1 4 4
6 9 2 4 4
3 3 6 2 6
5 1 0 3 6
2 4 3 4 0
4 5 5 3 1
1 4 1 2 7
6 2 2 2 3
3 2 5 4 2
5 3 2 4 1
1 0 8 5 5
0 1 6 2 0
3 4 1 0 0
2 1 1 2 1
