14 5 10
321 1039 1937 2265
579 1573 1799
917 1249
351
834 1276 1991 3096 3570
801 1296 2225 3258 3464
712 1120 1961 2861 3289
775 1164 2241 3089 3949
716 1079 2026 3294 3901
754 1087 1910 3053 3428
782 1076 1929 2843 3353
813 1260 2013 3071 3800
802 1261 2305 3081 3799
779 1108 2224 2987 3475
786 1089 2284 2871 3880
818 1282 2062 3057 3365
785 1267 2118 2780 3963
746 1149 1910 2999 3519
104 159 113 153 162
154 172 139 148 168
124 195 117 140 196
110 165 175 101 111
181 126 113 153 106
166 141 200 152 104
200 152 125 138 174
180 190 148 177 108
164 108 116 157 166
198 176 133 126 172
153 116 131 189 177
137 161 136 115 183
103 195 179 197 145
135 120 138 191 102
192 0 0 90 17
3 4 8 4 1
2 3 2 8 6
4 6 3 2 7
4 2 3 3 2
5 2 2 3 3
1 5 4 0 2
2 1 2 4 4
3 2 2 4 6
2 4 6 2 4
2 8 0 4 3
3 2 2 4 0
3 1 1 5 2
1 3 2 3 8
4 1 4 2 4
