14 4 10
649 1422 1747
472 1286
694
696 1588 2228 2968
805 1529 2052 2981
848 1352 2036 3031
705 1606 2152 2861
754 1546 2273 3092
714 1472 2362 2811
749 1518 2221 2713
738 1606 2337 2784
747 1336 2054 2884
726 1525 2037 2861
849 1360 2430 2830
820 1579 2324 2590
782 1387 2021 2622
754 1390 2257 2742
5 10 5 7
5 6 10 5
7 7 8 8
8 10 5 9
10 6 9 8
10 7 6 7
10 5 8 7
8 10 8 6
7 9 10 9
9 6 10 6
8 10 7 10
6 10 8 9
5 10 9 5
6 8 10 9
11 0 7 1
12 10 9 7
11 13 8 19
7 5 10 11
5 6 9 5
11 5 15 7
6 16 13 2
10 9 7 18
6 10 7 12
11 4 8 8
10 7 12 8
5 12 9 8
4 13 21 15
10 6 10 12
8 15 19 12
