14 4 10
472 1377 1653
802 1491
575
897 1494 2475 3091
866 1469 2277 3006
879 1425 2401 3253
841 1246 2521 2935
902 1408 2258 3269
788 1407 2393 3168
806 1395 2291 3007
847 1289 2205 3288
919 1276 2438 2977
840 1398 2547 3138
883 1475 2571 3215
927 1341 2409 3146
882 1499 2240 3012
904 1358 2180 3240
10 5 10 6
8 6 8 6
10 10 8 7
8 7 9 8
6 5 5 10
8 6 9 8
5 7 7 7
6 6 6 10
5 8 6 8
9 9 5 7
7 10 8 10
6 7 10 6
9 5 7 8
10 6 5 10
8 6 0 5
4 14 5 4
6 7 11 14
7 5 14 11
16 12 7 11
26 14 16 18
17 21 16 7
16 7 12 11
10 5 10 18
11 6 11 20
14 11 6 2
14 16 15 5
3 9 12 13
6 9 7 4
9 10 10 8
