14 4 10
380 1295 2062
894 1409
669
908 1333 2489 3210
933 1419 2356 3294
1026 1587 2800 3072
949 1491 2561 3550
852 1448 2383 3527
997 1394 2563 3559
956 1336 2827 3270
904 1457 2855 3366
1020 1455 2560 3033
897 1401 2408 3552
993 1525 2779 3463
1016 1391 2653 3638
966 1348 2578 3063
856 1434 2378 3571
9 10 10 7
6 10 7 7
8 9 7 8
9 10 9 6
10 6 10 8
8 6 10 6
8 8 9 9
9 10 6 6
5 9 10 6
7 10 8 7
7 5 6 7
9 6 10 8
5 9 6 8
8 8 7 6
6 0 8 3
7 6 11 9
7 16 11 7
6 12 22 6
11 8 16 8
5 11 6 15
11 17 7 5
8 19 15 12
7 9 8 6
13 14 5 13
5 9 9 10
7 14 6 17
6 10 11 7
17 16 3 8
5 17 9 15
