14 4 10
189 905 1219
838 979
233
650 852 1835 2101
616 931 1723 1977
568 877 1683 2027
587 967 1835 2080
621 861 1557 1960
655 929 1807 2005
559 832 1685 2148
648 981 1591 2275
579 858 1683 2363
574 912 1780 1984
541 936 1597 2313
613 901 1750 2166
605 882 1705 2256
550 835 1656 2081
6 9 10 10
6 8 10 7
10 8 7 7
5 6 10 10
8 9 8 8
8 5 10 5
7 10 10 8
7 7 5 5
10 6 9 8
10 5 9 7
6 8 5 6
6 10 8 8
7 7 10 8
9 5 9 8
4 10 5 0
10 7 10 10
11 11 16 11
16 3 6 11
11 13 5 17
13 5 12 4
12 8 1 13
11 13 13 7
12 13 18 6
6 9 11 14
15 17 10 4
9 10 9 11
11 8 13 4
9 15 6 6
7 4 10 5
