14 4 10
499 1114 2188
667 1393
687
1044 1634 2443 3390
1062 1682 2743 3754
947 1706 2660 3375
937 1689 2481 3802
950 1529 2585 3554
1056 1624 2665 3417
1012 1647 2619 3836
991 1519 2817 3514
977 1451 2853 3470
1007 1582 2788 3539
909 1755 2513 3888
883 1447 2807 3794
884 1457 2876 3718
897 1521 2792 3889
5 7 5 9
6 6 10 5
10 6 5 10
6 7 7 10
6 10 9 6
10 9 9 7
5 8 6 10
7 5 7 5
10 7 8 8
7 8 7 6
10 10 9 6
5 5 6 9
9 10 7 10
7 9 9 8
5 10 2 3
14 14 7 1
11 16 10 16
15 11 8 20
11 9 18 14
17 8 9 13
8 3 11 9
10 15 12 8
17 8 5 7
19 7 9 21
14 8 7 11
9 14 18 7
13 11 9 14
8 6 13 9
5 3 20 11
