14 4 10
725 1327 1897
490 1326
831
849 1711 2265 3185
811 1843 2610 3334
894 1564 2603 3237
945 1595 2487 3648
862 1789 2558 3185
834 1655 2337 3483
811 1834 2443 3157
855 1691 2331 3453
926 1846 2459 3220
847 1569 2355 3379
818 1738 2601 3369
860 1617 2384 3057
939 1825 2483 3703
880 1854 2281 3438
7 10 6 9
7 8 6 8
8 5 8 6
5 7 7 9
10 8 9 9
9 7 8 5
9 6 8 5
6 9 7 9
7 7 10 7
6 7 5 5
6 10 8 10
5 6 9 8
8 6 7 9
6 7 5 5
5 1 9 1
9 12 8 5
2 9 8 7
6 11 5 4
7 12 19 12
23 7 7 10
11 5 15 14
10 8 12 11
7 16 21 7
6 11 5 25
18 9 8 13
13 13 14 9
9 12 11 13
12 6 15 1
10 5 12 9
