14 4 10
458 954 1551
404 1136
695
769 1353 1825 2706
684 1244 1680 2962
782 1402 1800 2804
669 1292 1726 2895
655 1246 1902 2865
658 1287 1856 2958
783 1351 1743 2541
663 1350 1653 2733
655 1267 1780 2546
692 1291 1949 2900
742 1333 1654 2649
666 1345 1812 2938
697 1390 1813 2708
655 1393 1718 2563
10 10 6 5
9 7 7 10
9 9 10 5
10 7 5 8
10 6 6 8
10 5 8 9
7 7 10 10
7 9 6 8
8 10 8 8
8 10 7 6
10 5 8 6
5 10 8 10
10 9 7 5
10 5 9 5
5 11 0 3
2 9 9 6
14 5 8 11
8 9 10 10
11 25 9 15
7 8 10 8
14 9 9 5
10 12 9 7
11 8 10 11
4 10 18 2
9 4 12 15
7 9 7 4
8 6 5 14
20 8 6 10
0 13 4 17
