14 4 10
513 1160 1605
506 1146
632
774 1447 2031 2925
705 1410 2002 2991
765 1258 2152 2765
753 1417 2015 3167
740 1345 1831 2830
794 1492 1876 3058
761 1434 1969 3120
782 1385 1983 3110
748 1467 2139 2815
795 1339 1915 2834
739 1256 2091 2882
782 1265 1938 2664
805 1364 1842 2965
717 1266 1964 3133
7 9 5 10
9 10 10 6
5 6 5 7
8 10 9 7
6 5 5 5
7 7 6 8
8 7 5 8
7 10 9 5
8 7 10 8
9 5 9 8
8 6 8 6
10 6 5 10
5 9 9 6
7 6 7 7
4 4 3 4
8 7 20 11
9 13 7 13
5 5 10 4
11 7 16 14
8 13 8 17
10 11 21 4
16 14 12 11
8 14 5 9
12 7 5 10
10 10 12 3
10 27 13 11
5 12 7 11
7 8 10 5
6 13 7 9
