14 4 10
315 1161 1670
640 1105
413
647 1090 1997 2499
731 1201 2038 2406
721 1229 2200 2373
754 1120 2156 2839
643 1159 2080 2819
654 1209 1851 2564
715 1210 1926 2786
667 1067 1931 2815
644 1108 1963 2669
705 1053 1941 2451
773 1221 1949 2810
660 1147 2010 2702
695 1195 2015 2474
777 1153 2065 2659
7 5 10 9
8 7 5 10
5 10 7 8
5 7 6 9
6 5 9 9
6 5 8 5
7 6 7 6
9 10 10 8
5 10 8 9
6 7 7 9
8 9 9 7
7 9 7 7
9 5 10 10
5 10 6 10
0 0 10 0
5 11 13 20
5 8 4 10
8 14 30 14
7 17 9 10
11 13 9 15
18 3 12 11
12 8 7 13
5 8 9 11
9 6 11 6
8 18 17 8
12 9 9 17
8 9 7 18
9 10 4 9
16 15 17 13
