14 4 5
459 1020 1336
627 1113
370
705 1225 2038 2475
620 1348 1847 2758
710 1179 1817 2412
727 1290 1860 2775
611 1244 1796 2485
651 1188 1804 2869
690 1369 1979 2439
665 1296 1872 2499
739 1369 1765 2669
655 1240 1838 2429
670 1225 1823 2661
657 1249 1966 2913
663 1214 1718 2820
730 1282 1864 2447
139 194 150 135
197 118 123 107
150 119 131 177
153 133 105 133
173 175 120 167
195 187 137 164
196 169 183 183
111 164 138 164
173 103 122 188
185 150 199 181
112 105 197 161
183 131 167 144
148 106 129 185
134 158 140 172
91 8 110 69
0 0 3 3
1 3 1 4
1 3 5 0
7 0 0 3
0 2 0 1
4 3 2 0
3 2 1 2
2 1 2 2
0 4 2 2
2 4 0 2
1 0 1 1
1 3 3 0
2 3 3 2
2 0 0 2
