14 4 5
305 1453 1821
1089 1385
304
919 1276 2477 2865
820 1532 2329 3420
773 1282 2288 3198
918 1398 2339 2908
778 1377 2552 3081
855 1491 2262 3208
817 1513 2720 3179
862 1412 2614 3334
861 1518 2483 2959
794 1400 2725 2852
815 1497 2310 2987
882 1331 2322 3025
852 1525 2430 3096
930 1466 2413 3393
158 186 120 109
138 152 151 124
171 162 185 112
122 178 100 144
169 176 100 118
184 194 116 170
171 138 146 198
163 117 167 111
184 145 140 120
121 119 152 180
153 148 143 154
104 111 182 160
142 144 137 188
163 111 186 164
6 5 101 22
3 4 1 1
0 1 0 0
0 4 2 4
1 3 0 2
1 2 3 0
0 1 3 0
3 2 7 1
1 0 0 2
1 3 1 2
2 3 0 2
1 0 2 3
2 1 3 1
2 0 5 2
5 1 4 0
