14 4 5
311 899 1884
543 1448
807
829 1273 2035 2964
810 1192 2118 2699
735 1360 2272 3208
801 1128 2011 2957
761 1128 1969 2842
750 1211 2128 2918
785 1162 2245 3263
809 1177 2275 2901
762 1331 2155 3141
818 1336 1935 2704
782 1283 2131 2851
784 1283 2350 2940
755 1368 2131 3078
800 1269 1956 3189
138 146 159 114
199 148 172 120
152 181 177 197
108 134 157 134
173 134 132 162
163 167 119 162
194 129 141 194
191 143 134 170
195 147 139 133
110 105 121 149
153 108 188 185
142 155 135 150
169 134 192 178
187 196 132 133
37 20 26 78
1 3 0 2
1 1 0 0
2 1 1 2
1 2 2 1
0 2 3 0
0 0 1 1
0 0 0 2
0 4 1 1
1 1 1 2
1 2 0 3
0 3 0 1
2 1 1 1
0 1 2 0
0 3 1 2
