14 4 5
536 1452 1517
878 1301
312
921 1591 2640 3011
900 1775 2637 3651
793 1629 2272 3226
864 1706 2475 3407
819 1777 2314 3606
822 1600 2459 3210
842 1628 2281 3033
950 1555 2406 3032
933 1509 2445 3364
794 1544 2493 3130
922 1594 2243 3638
811 1659 2276 3378
855 1783 2452 3035
938 1531 2557 3388
135 199 180 166
100 117 114 175
107 116 176 146
133 167 177 129
122 156 147 149
109 154 196 107
142 180 192 156
103 106 119 113
134 140 116 122
192 169 144 122
176 140 147 191
151 147 138 131
132 145 170 145
186 195 123 197
123 116 148 18
1 0 1 0
3 0 2 1
3 2 1 0
4 1 3 2
3 0 1 0
0 0 1 1
2 1 2 1
1 1 1 1
2 1 0 2
2 3 0 0
1 1 3 1
0 1 3 6
3 1 2 1
1 1 1 0
