14 4 5
323 579 995
299 742
439
509 966 1300 1842
476 1016 1419 1963
474 992 1405 1985
558 969 1371 1992
531 951 1388 1909
545 940 1322 1898
511 940 1331 1739
543 1030 1357 2011
482 954 1415 1735
477 1094 1287 1859
534 1002 1398 1935
555 965 1285 1874
496 936 1490 1729
550 1038 1294 1942
105 160 190 178
130 121 196 200
136 194 179 125
152 154 170 174
153 122 153 147
161 162 162 196
100 146 187 110
166 177 101 107
142 148 149 131
138 188 120 162
103 126 196 188
146 117 177 103
168 140 138 177
131 115 123 147
238 57 59 0
0 0 0 1
1 3 0 0
2 3 1 0
1 2 0 1
0 2 0 0
2 2 0 1
0 4 1 4
0 2 1 3
2 0 2 2
0 1 2 1
1 2 0 0
2 3 3 1
1 3 1 2
1 6 3 4
