14 4 5
338 713 1483
386 1104
659
649 1115 1578 2440
597 1002 1807 2256
553 1135 1590 2442
651 1198 1649 2249
575 1120 1838 2404
542 1193 1607 2571
615 1218 1911 2395
649 1132 1761 2240
658 1065 1733 2148
555 1064 1753 2556
623 1102 1804 2354
645 1094 1788 2292
584 1120 1832 2410
647 1094 1613 2248
122 152 147 149
200 146 199 178
145 181 122 112
165 196 156 159
190 174 149 153
159 197 179 108
143 172 180 198
114 198 129 138
171 194 152 192
186 183 173 152
127 115 179 200
172 132 192 179
175 122 174 168
115 122 131 126
188 203 21 46
6 10 3 1
1 0 2 0
1 2 1 4
0 1 4 0
1 0 0 1
5 1 2 2
3 1 2 3
0 0 1 0
1 0 1 3
1 1 0 3
0 1 4 2
3 1 1 1
2 2 3 1
1 0 1 0
