14 4 5
373 1159 1545
739 1161
360
651 1092 1927 2346
673 1069 1939 2264
613 1030 1840 2511
594 1136 1738 2548
672 1102 1969 2271
629 1067 1862 2535
568 1165 1866 2554
596 995 1855 2531
624 1152 1752 2513
656 1135 1755 2278
604 1022 1958 2591
611 1061 1907 2389
597 1166 1758 2452
675 1165 1637 2609
185 173 174 132
127 193 136 129
156 127 162 110
102 193 129 146
188 186 134 195
136 143 125 124
139 145 148 111
155 127 165 156
121 110 169 130
137 162 185 122
141 126 123 160
180 177 144 165
183 150 172 110
139 139 133 114
104 172 36 98
1 0 2 1
1 1 0 0
0 2 2 1
2 3 2 0
0 3 4 1
0 0 2 6
2 0 1 3
0 0 2 2
1 1 0 4
1 3 3 0
1 2 2 1
0 0 2 3
5 5 0 2
1 2 1 2
