14 4 5
757 1175 2488
535 1680
1294
926 1789 2529 3955
979 1594 2569 3587
899 1703 2479 3760
993 1502 2753 3829
924 1810 2345 3818
940 1669 2304 3858
934 1783 2620 3730
925 1528 2711 3773
1010 1790 2295 4000
1010 1783 2499 3648
976 1653 2756 3543
1037 1648 2339 3979
1025 1642 2634 3981
1014 1537 2594 3704
173 147 133 107
163 187 200 197
123 176 192 129
140 163 145 146
137 172 135 197
111 137 148 160
108 135 127 100
102 162 188 132
162 174 129 120
200 111 170 148
150 105 174 166
131 110 129 182
110 124 129 134
138 115 197 117
21 22 143 80
1 3 1 1
0 0 1 0
1 2 0 1
2 1 1 0
0 2 1 3
0 2 0 4
2 5 1 2
1 4 4 6
2 1 4 1
0 3 0 1
3 8 1 1
5 1 2 1
0 1 1 1
0 1 1 1
