14 4 5
535 1568 2264
1153 1977
712
1011 1621 2870 3877
960 1466 2628 3589
1048 1508 2734 3658
970 1460 2712 3823
959 1612 2748 3682
1031 1483 2641 3946
999 1510 2606 3931
994 1554 2539 3811
960 1493 2408 4120
917 1448 2846 4334
1074 1586 2658 4060
1041 1551 2747 4349
1093 1553 2544 3689
1033 1561 2488 3923
145 177 111 105
191 164 141 172
104 110 198 187
152 187 183 161
110 116 138 194
199 181 183 174
163 131 187 161
188 172 123 186
150 168 192 110
152 151 136 113
145 178 145 141
144 150 188 141
135 164 117 139
138 158 154 123
67 175 60 22
3 0 0 0
3 2 2 5
1 3 3 1
1 0 2 3
1 1 2 4
0 6 2 1
4 3 5 3
3 0 1 1
2 4 1 2
0 2 4 0
1 3 4 1
0 0 1 0
1 1 3 2
0 1 1 5
