14 4 5
393 673 1427
352 973
864
567 1026 1452 2363
601 899 1627 2332
522 926 1411 2241
588 985 1419 2185
566 1016 1422 2319
508 929 1502 2102
583 1008 1574 2442
600 980 1517 2260
541 1033 1424 2412
583 995 1702 2120
589 932 1568 2414
577 935 1558 2072
609 903 1653 2321
554 1044 1574 2145
195 181 140 153
196 118 126 169
184 159 168 162
112 184 141 150
118 174 186 122
165 149 163 196
128 152 107 151
148 174 177 108
120 158 180 101
125 175 112 140
113 137 172 130
128 175 164 138
169 173 179 188
109 118 145 129
93 89 38 100
1 1 3 1
5 0 3 4
1 1 2 0
0 4 2 1
1 3 0 0
3 2 1 2
1 3 0 1
1 0 2 4
1 1 0 2
3 2 2 0
0 2 2 5
1 2 2 3
5 2 4 0
0 3 7 1
