14 4 5
572 965 1487
489 903
293
743 1495 2119 2453
643 1318 2036 2669
691 1250 1754 2641
727 1314 2087 2291
647 1328 2043 2693
758 1301 2038 2299
692 1254 1803 2695
756 1463 1743 2256
684 1483 2123 2329
720 1488 1857 2608
705 1509 1994 2693
739 1513 2051 2336
698 1509 1796 2682
680 1289 1803 2367
156 120 118 186
109 199 102 122
172 134 152 187
149 139 152 100
174 139 141 150
167 136 188 112
199 185 174 179
157 152 142 126
107 109 155 154
135 114 158 137
135 149 101 129
156 128 192 109
187 154 113 128
101 179 117 123
75 204 27 21
2 2 0 0
1 1 2 0
3 5 4 2
1 1 2 2
3 6 1 1
4 2 1 2
1 4 2 2
4 0 2 1
2 0 1 0
4 3 1 1
1 3 2 1
0 0 0 1
3 1 0 1
3 4 6 2
