14 4 5
571 729 1264
355 977
512
527 1141 1543 2203
552 1042 1645 1884
611 1022 1552 1879
628 1138 1486 1821
528 1109 1617 2023
524 1110 1596 1870
561 1202 1633 1923
547 1073 1746 2161
579 1074 1533 2020
624 1134 1644 2155
557 1003 1768 1903
619 1174 1768 1994
599 1176 1686 1823
538 1084 1513 2145
124 119 174 198
131 133 140 144
150 125 164 188
196 197 191 167
186 161 100 186
139 132 175 191
104 113 102 163
170 171 103 133
127 182 162 170
197 162 101 141
164 142 101 194
169 184 176 184
109 152 190 112
189 116 190 150
33 14 81 97
0 2 0 0
1 9 1 2
2 2 0 3
2 2 3 3
3 2 3 0
2 0 0 1
0 1 1 3
1 1 3 1
0 0 3 0
3 4 2 7
1 3 5 1
1 3 2 0
0 0 0 4
0 1 3 4
