14 5 10
351 868 1751 1694
488 1078 1343
692 863
166
610 1079 1594 2531 2749
601 1067 1570 2382 2878
578 1046 1694 2148 2500
565 1018 1870 2419 2604
578 1023 1684 2361 2966
624 1069 1685 2355 2585
556 1079 1771 2453 2903
619 1069 1601 2476 2953
654 1090 1796 2252 2754
611 958 1781 2561 2655
596 965 1740 2164 2866
576 960 1762 2119 2902
655 1094 1596 2408 2664
662 1039 1613 2193 2559
29 45 26 45 49
26 46 31 50 30
50 26 35 39 34
44 48 39 35 25
27 29 43 40 44
37 35 39 31 38
35 41 38 47 28
48 46 34 27 35
27 25 29 42 31
35 41 31 43 38
36 40 33 36 50
32 34 26 36 27
31 48 42 26 42
37 39 33 45 26
35 24 29 5 10
10 1 7 10 9
14 13 4 0 18
12 9 1 9 8
10 6 13 10 6
10 6 12 9 11
10 9 10 16 4
9 12 9 12 7
14 14 9 13 11
8 7 14 9 21
10 5 9 7 14
11 12 14 14 13
6 14 5 13 12
6 4 11 7 10
4 7 7 12 5
