14 5 10
372 1359 1642 1886
695 1369 1739
539 775
245
642 1157 2102 2834 3157
657 1116 1946 2442 3300
746 1221 1901 2556 3266
732 1218 2049 2746 3447
687 1265 1867 2709 3571
646 1194 1982 2638 2970
686 1212 1878 2605 3188
663 1286 2119 2717 3481
764 1197 1902 2852 3522
652 1082 2099 2909 3087
698 1211 2010 2740 3534
730 1173 2268 2554 2984
668 1184 2045 2761 3409
651 1158 2148 2646 3207
26 41 38 45 49
47 46 29 25 48
30 37 45 47 33
33 33 49 47 44
44 40 50 45 30
30 30 46 25 29
25 36 42 31 37
27 47 25 49 35
37 31 47 33 49
49 36 42 34 30
44 25 39 33 26
37 31 37 38 48
44 50 36 26 29
40 42 46 27 40
7 20 27 37 8
13 20 10 2 10
5 6 16 11 8
12 22 7 11 14
7 10 9 10 3
4 19 10 11 8
7 14 2 9 6
14 10 13 18 14
4 4 10 8 4
14 11 11 10 10
19 5 11 8 12
13 4 10 25 12
5 6 16 17 7
4 7 16 5 17
8 7 15 13 7
