14 5 10
375 988 1061 1587
475 749 1600
324 915
734
602 1115 1676 2052 2867
502 1062 1669 2110 2360
514 1134 1587 1968 2497
525 1135 1671 1988 2660
518 1082 1479 2031 2726
595 1106 1681 1895 2721
587 1097 1648 1877 2393
599 1043 1608 2167 2805
498 1024 1711 2003 2597
502 974 1668 2165 2660
601 1159 1623 2201 2668
598 1085 1530 2016 2744
602 1176 1624 1969 2575
558 1088 1663 2185 2688
30 50 47 43 46
37 33 49 29 27
42 49 42 38 33
42 43 46 38 31
32 31 48 49 33
30 25 28 27 49
44 30 29 31 25
44 50 32 39 32
41 46 39 40 45
34 27 40 29 25
31 45 48 25 28
41 37 33 28 39
45 35 29 26 30
34 44 41 48 28
34 41 40 2 4
10 10 6 10 7
2 9 8 10 6
19 3 5 12 12
9 10 9 7 7
14 6 8 17 9
12 6 5 14 9
5 9 8 16 8
8 8 6 10 12
3 9 5 12 11
11 6 9 9 8
12 7 10 14 16
9 7 15 9 11
10 23 7 10 9
10 13 11 11 21
