14 5 10
576 808 1314 2212
257 985 1369
623 1130
360
585 1339 1629 2452 2946
632 1318 1932 2204 2935
607 1298 1833 2147 2815
620 1133 1778 2303 2904
602 1203 1809 2299 2964
688 1111 1855 2330 3214
667 1267 1944 2425 3157
592 1296 1710 2408 2817
592 1237 1756 2326 3337
692 1197 1681 2488 2875
606 1297 1857 2098 3346
658 1308 1791 2391 3033
594 1188 1746 2333 2799
636 1132 1814 2252 2882
29 36 50 44 39
25 36 28 47 39
35 31 42 35 34
46 34 49 26 49
31 46 28 32 25
47 30 31 42 41
26 32 32 46 35
27 28 48 30 41
38 26 27 47 27
50 31 46 44 32
29 47 31 47 49
43 50 33 48 44
37 33 48 47 38
45 34 34 46 37
16 47 31 15 4
10 7 23 15 21
19 9 13 20 14
3 7 15 6 7
15 5 16 10 14
9 14 9 13 11
17 11 9 7 13
13 13 18 13 4
8 6 7 16 7
9 5 12 14 9
15 14 8 7 6
7 4 9 10 7
10 11 12 8 6
6 12 16 16 10
11 17 8 7 14
