14 5 10
202 825 1425 1933
594 1072 1776
535 1055
634
501 770 1429 2139 2848
561 887 1506 1950 2474
560 878 1402 2195 2430
586 904 1453 2313 2639
556 764 1464 1952 2852
579 889 1438 2022 2598
565 878 1310 1978 2580
547 838 1497 2342 2869
600 893 1273 2285 2581
512 828 1247 2076 2921
522 851 1262 2312 2938
495 855 1379 2010 2478
580 882 1249 1962 2605
577 843 1328 1965 2621
31 30 49 40 32
31 49 32 38 31
26 27 32 38 47
42 27 35 34 30
46 38 44 32 41
40 26 33 39 27
32 47 31 43 44
40 50 29 27 36
48 45 32 30 33
40 42 41 34 40
49 36 45 37 49
47 47 49 38 43
36 39 35 35 46
34 39 31 47 35
37 47 1 20 25
4 4 11 11 16
10 18 10 12 17
11 14 11 9 16
11 8 10 10 11
10 8 9 5 6
2 12 14 22 5
20 10 5 8 13
4 5 6 11 11
11 3 7 8 10
4 12 8 8 10
13 12 7 7 11
8 10 10 10 4
16 14 11 12 11
17 13 11 11 13
