14 5 10
252 849 1163 1978
705 1101 1923
460 1214
752
761 1033 1785 2418 3367
731 1026 2049 2386 3338
664 1059 1817 2428 3085
705 1174 1758 2649 3409
687 1133 2114 2267 3328
726 1032 1787 2265 3317
696 1151 1903 2446 3406
672 1230 2055 2233 3369
706 1029 1988 2345 3192
649 1231 2053 2557 3441
670 1034 1753 2346 3022
719 1056 1994 2536 2864
736 1018 1831 2536 3314
664 1219 2039 2644 3392
49 43 49 25 50
26 46 36 33 32
42 32 37 38 46
38 26 40 35 41
26 37 34 31 28
35 29 30 39 50
37 44 27 41 26
47 50 30 44 31
50 33 32 43 35
40 37 29 46 43
37 39 29 27 36
40 36 42 34 27
34 48 49 28 39
32 34 35 28 50
29 38 20 19 17
8 11 14 9 7
7 7 9 3 9
6 8 22 14 15
12 7 4 4 10
14 6 16 10 16
10 9 9 11 11
12 12 5 12 18
6 14 10 8 4
9 7 17 8 14
9 19 9 5 9
8 9 7 19 14
7 14 16 5 8
14 12 20 9 7
9 3 6 11 8
