14 5 10
837 1681 2298 3059
759 1289 1952
406 1342
750
910 2031 2884 3430 4366
902 1957 2660 4013 4425
1002 1789 2868 3832 4215
870 1862 2766 3745 4792
940 1877 2829 4033 4943
1030 1816 3008 3652 5092
1011 1707 2817 3911 4479
1018 1870 2976 3948 4323
1015 1893 2651 3854 5031
1001 1839 2828 4025 4443
909 1999 2842 3462 4274
1000 2032 2741 3953 5108
938 2001 2591 3571 4230
871 1757 2912 3864 4840
45 38 49 48 31
29 38 49 37 29
30 40 34 45 25
46 35 25 29 32
39 46 48 25 38
27 34 33 42 30
42 38 46 33 32
46 34 44 39 41
27 27 38 45 49
33 35 25 31 32
48 34 38 39 48
45 42 29 49 31
28 42 34 36 41
48 42 25 25 39
78 14 21 4 5
27 10 2 12 12
8 7 13 7 11
5 5 9 16 10
15 7 13 17 8
7 5 14 12 8
5 4 11 5 15
8 9 10 10 4
9 8 12 10 14
6 6 13 13 8
6 7 12 10 11
9 18 16 11 12
9 11 7 5 0
12 2 13 15 9
7 4 7 9 9
