14 5 10
570 1247 1573 2264
523 1337 1551
692 893
333
819 1622 2257 3052 3458
731 1516 2475 2742 3725
710 1427 2394 2947 3458
838 1604 2228 3085 3460
725 1395 2047 2573 3911
717 1493 2193 2708 3634
802 1574 2106 3066 3626
758 1484 2175 2795 4053
817 1499 2348 3078 3787
787 1390 2216 2885 3709
778 1441 2226 2786 3634
777 1398 2131 2792 3845
780 1584 2192 2986 3705
782 1613 2207 2945 3584
44 40 49 46 40
48 40 29 48 47
30 34 37 46 35
31 38 33 37 35
33 31 45 27 28
45 31 38 32 27
47 41 42 49 25
33 45 32 25 38
36 34 34 46 49
40 25 35 44 27
46 37 33 31 27
43 31 45 42 29
29 32 31 25 33
26 30 34 42 43
30 36 14 37 3
5 11 23 24 10
7 10 14 9 9
15 4 8 5 20
11 5 7 11 16
11 12 11 4 13
13 13 4 3 9
11 14 15 16 11
7 13 13 9 3
5 15 10 6 5
16 10 12 27 9
13 14 12 6 8
7 1 11 10 12
8 9 9 2 2
12 3 10 2 8
