14 5 10
646 1170 1872 2661
485 1308 1797
697 1125
429
915 1814 2476 3357 3818
1005 1889 2379 3686 4173
940 1809 2477 3035 3951
950 1882 2567 3340 4502
862 1721 2418 3232 4021
955 1823 2580 3380 4519
888 1989 2355 3511 4566
877 1825 2241 3375 4432
964 1659 2575 3192 4270
991 1811 2246 3324 4496
904 1665 2422 3271 4403
990 1859 2392 3168 3816
903 1967 2228 3116 3966
839 1645 2379 3176 4289
45 28 31 31 30
48 48 40 33 34
42 35 32 38 41
36 35 48 41 26
43 28 42 46 50
40 47 25 33 34
48 49 34 48 43
38 49 38 26 25
34 31 47 29 31
41 49 28 50 48
42 29 33 34 43
39 39 49 36 39
44 40 27 44 31
40 41 41 39 45
34 2 14 49 2
12 20 17 11 6
4 6 6 14 5
13 14 12 9 8
13 12 7 12 12
6 13 10 7 5
4 8 19 2 8
7 20 11 12 10
13 11 9 11 5
8 9 10 4 13
9 10 21 18 16
6 6 6 7 12
6 8 9 12 16
9 17 5 11 7
13 11 17 13 4
