14 5 10
295 828 1581 2161
543 1093 1937
766 1213
699
744 1120 1759 2572 3380
724 1071 2037 2708 3077
694 1120 1999 2282 3644
765 1103 2040 2316 3137
727 1186 1981 2689 3688
665 1118 2011 2502 3100
703 1249 2026 2563 3313
730 1074 1712 2691 3514
672 1262 1881 2631 3092
682 1106 1884 2610 3489
662 1037 1953 2305 3106
722 1035 1879 2664 3098
647 1118 2030 2494 3629
688 1204 1689 2620 3287
36 50 42 45 25
34 35 47 42 34
40 49 48 44 45
36 50 32 33 36
32 37 26 49 49
30 44 45 46 29
31 33 47 43 49
26 30 44 40 28
37 31 50 36 40
29 26 33 44 25
28 25 35 39 26
36 47 37 40 28
36 29 37 32 50
27 32 43 25 28
7 35 23 24 14
5 7 10 9 8
18 10 14 9 14
23 20 11 12 6
14 6 16 14 11
17 9 12 14 11
3 14 8 12 7
3 13 16 10 23
7 10 7 9 8
14 9 15 3 19
14 13 6 4 4
10 4 11 21 13
6 12 11 9 19
13 8 8 8 9
4 12 18 10 14
