14 5 10
270 835 2060 2759
578 1716 1965
1010 1561
492
794 1147 1895 3026 3704
736 1195 2054 2789 3527
763 1229 1767 2533 3781
670 1145 2015 2660 3658
793 1228 1800 2687 3466
799 1151 1977 2601 3206
727 1064 1869 2765 3411
724 1213 2126 2714 3250
735 1079 1785 2887 3533
746 1194 1858 2769 3655
788 1054 2061 2597 3563
730 1203 1769 2680 3652
708 1050 1992 2557 3371
676 1240 2073 2589 3588
31 32 43 47 29
35 37 31 46 41
26 31 39 41 37
32 40 49 42 44
25 43 46 35 30
46 38 35 35 32
35 39 42 44 37
37 31 37 40 50
38 29 45 41 35
30 31 46 42 35
50 42 31 27 48
48 36 27 25 47
30 38 36 50 47
47 50 48 37 50
42 3 4 22 2
7 13 7 6 8
4 7 13 10 7
7 18 20 9 23
8 4 10 4 3
9 17 14 19 9
6 12 3 12 8
11 11 14 10 11
8 18 15 8 16
6 4 11 8 4
7 8 18 4 9
18 13 8 14 11
5 8 6 10 17
10 14 11 13 4
22 2 9 12 8
