14 5 10
467 1083 1460 1884
665 1232 1442
487 750
177
622 1230 2019 2564 2815
684 1181 1881 2287 2758
616 1260 1834 2411 3199
723 1246 1907 2778 3346
697 1294 1929 2677 3273
658 1212 1793 2451 2983
716 1352 2030 2442 3237
639 1213 2100 2460 2937
686 1177 2039 2719 3256
620 1379 1842 2439 3249
644 1397 2149 2344 3190
619 1169 2016 2283 2757
611 1237 1896 2303 3066
674 1376 1935 2460 2875
25 45 49 28 27
28 34 50 39 37
32 36 29 41 45
49 46 29 27 35
30 27 46 50 44
38 33 37 46 37
50 49 41 26 48
27 43 31 36 46
50 45 43 43 26
43 41 32 44 32
43 38 33 44 39
37 40 32 47 36
27 29 48 45 25
28 28 30 39 46
37 3 53 11 9
13 4 11 9 12
5 16 5 3 7
9 7 9 7 6
11 10 8 5 9
11 6 6 16 5
11 4 8 16 8
4 8 7 10 19
9 12 3 9 16
17 6 8 14 23
18 7 17 8 8
17 19 9 4 16
12 10 6 9 7
9 11 12 21 10
11 5 14 9 7
