14 5 10
603 1449 2190 2883
829 1585 3096
658 1691
999
1014 1702 2772 3705 4968
893 1722 2374 3603 4386
892 1569 2429 3553 4611
953 1792 2660 3720 5216
1072 1887 2431 3451 4747
974 1904 2634 3974 4871
1020 1723 2730 3715 5254
1019 1815 2522 3806 4675
1077 1892 2832 3682 5237
1069 1804 2766 3922 5227
983 1900 2438 3904 4476
1027 1679 2500 4001 5069
1055 1615 2579 4028 4476
1016 1659 2527 3461 4592
34 43 36 38 31
37 31 38 34 29
25 41 32 34 37
28 25 30 32 40
44 29 43 49 27
50 41 37 33 35
32 43 50 48 36
33 26 31 29 26
38 49 48 45 28
25 39 38 40 29
43 31 44 34 34
42 28 30 29 26
31 47 31 40 45
36 40 36 29 32
25 23 41 5 19
2 11 11 10 9
11 11 18 10 19
11 3 23 5 8
8 11 9 8 6
7 9 13 10 6
6 12 6 9 13
14 7 16 8 17
12 9 11 5 17
8 10 4 13 16
14 10 10 16 11
12 3 19 7 12
10 3 8 13 4
13 4 4 8 10
10 14 2 10 6
