14 5 10
271 738 1050 1292
535 792 1148
354 659
312
564 910 1486 1871 2242
488 990 1632 1807 2470
571 983 1613 2029 2383
524 1003 1618 2021 2438
492 910 1669 1911 2527
512 896 1436 1824 2679
580 904 1501 2060 2427
571 1007 1434 1863 2601
562 939 1707 1895 2500
495 899 1668 1812 2318
553 928 1595 2026 2500
522 1063 1591 1923 2645
502 962 1487 1860 2451
491 918 1645 1803 2600
34 37 40 26 49
39 33 34 29 25
29 26 38 50 39
30 32 26 46 32
31 37 25 49 34
37 30 46 28 34
42 28 45 34 47
28 33 33 48 36
50 49 38 48 35
32 48 38 41 39
32 48 31 50 30
43 47 50 30 32
45 38 39 38 38
47 34 47 32 30
26 3 30 36 9
8 13 12 13 14
16 8 16 5 6
11 7 17 9 5
9 9 8 11 9
9 16 20 14 11
0 9 4 12 12
6 13 6 9 7
15 14 10 13 10
3 8 3 10 5
12 8 4 13 15
4 13 10 7 6
12 14 6 4 7
13 6 11 7 10
8 9 24 16 10
