14 5 5
426 1418 1674 2438
766 1320 2139
440 1444
1020
728 1243 2297 2783 4087
816 1194 2349 3035 3971
796 1246 2018 2618 3900
816 1373 2150 2771 3939
870 1281 2256 3149 4201
839 1336 2245 2728 4245
835 1386 2003 3164 3818
844 1399 1947 2901 3772
854 1402 1941 2959 3561
748 1415 2025 3002 3926
808 1255 2232 2684 3767
857 1244 2333 3077 4282
765 1370 2225 2781 3997
741 1403 1990 3103 3754
6 6 10 9 7
9 5 8 10 6
7 9 10 9 7
6 6 9 7 10
9 7 8 7 7
6 9 7 8 10
10 8 9 10 6
5 6 6 6 10
5 7 5 5 7
9 7 8 10 10
8 7 9 9 8
6 10 9 9 8
6 7 6 10 6
5 9 9 7 5
0 5 4 3 3
0 1 2 2 2
1 2 4 1 0
2 2 0 3 5
4 0 1 0 7
4 3 2 1 0
4 3 3 1 3
3 1 0 1 2
2 1 0 1 4
4 1 1 3 3
1 0 1 3 1
2 1 0 2 0
3 1 2 0 1
0 2 1 2 0
4 1 3 1 2
