14 5 5
298 727 1502 1811
488 1029 1486
673 1006
358
550 976 1539 2412 2869
616 932 1584 2420 2525
576 905 1503 2078 2749
540 859 1633 2433 2714
589 871 1399 2137 2593
535 850 1635 2417 2608
509 928 1613 2009 2782
510 1014 1435 2423 3048
558 908 1417 2251 2898
519 966 1397 2029 2719
605 843 1573 2110 2801
589 881 1627 2366 2987
510 857 1550 2086 2817
593 987 1352 2288 3019
6 8 9 8 7
10 10 10 9 8
8 7 10 7 8
5 5 8 5 7
8 7 5 6 6
8 9 7 5 7
10 9 5 9 6
8 10 8 9 7
9 5 9 6 6
10 10 9 5 5
6 7 8 10 6
8 7 9 8 5
9 5 10 6 9
7 10 10 9 9
6 4 3 7 2
0 1 2 2 4
0 2 0 0 1
1 2 3 0 5
1 1 2 0 3
4 0 1 1 2
1 0 2 2 2
5 0 1 1 3
2 2 3 1 1
1 2 0 2 0
2 1 3 4 3
0 0 0 1 2
1 0 0 5 1
1 2 0 1 1
1 1 4 0 1
