14 5 5
262 1025 1895 2581
915 1953 1919
1028 1365
211
865 1153 2240 3481 3708
751 1356 2237 3570 4192
752 1341 2248 3264 3944
752 1238 2092 3298 4248
740 1334 2125 3066 3717
823 1317 2225 3512 3974
842 1207 2305 3000 4171
856 1174 1962 3181 3974
833 1168 2257 3427 4433
810 1357 1907 3326 4158
858 1301 2026 3263 4221
832 1374 2267 3499 4044
852 1273 1906 3415 4271
755 1183 2046 3229 3931
8 5 10 6 9
10 10 8 7 10
6 6 8 6 6
10 7 9 6 8
6 9 5 9 6
6 5 6 9 8
9 7 8 7 7
9 6 9 7 6
8 7 10 8 6
7 10 7 5 10
8 9 8 9 7
5 8 8 6 7
8 10 5 5 7
5 8 6 5 5
0 10 1 6 2
4 2 1 0 2
0 1 0 1 4
1 3 2 4 0
3 3 2 5 0
0 1 1 0 1
3 0 2 1 4
1 0 0 3 1
4 3 2 4 1
4 2 0 1 2
3 3 1 5 1
3 0 1 1 0
0 3 4 1 3
0 8 0 1 0
1 2 1 0 2
