14 5 5
445 744 1476 2207
301 1206 1827
743 1822
839
671 1243 1658 2517 3586
619 1205 1834 2275 3463
713 1300 1621 2727 3476
682 1273 1790 2365 3641
637 1117 1770 2615 3265
705 1319 1650 2689 3461
717 1169 1789 2724 3585
746 1127 1902 2517 3043
631 1207 1751 2579 3270
744 1268 1776 2606 3112
651 1143 1882 2573 3631
723 1277 1848 2398 3619
634 1183 1979 2473 3457
746 1179 1898 2617 3245
9 7 6 5 7
6 7 6 5 5
6 9 10 5 9
10 6 7 8 5
7 10 9 10 8
5 7 9 9 5
10 5 7 7 8
5 10 9 6 8
6 8 5 10 9
6 8 8 7 7
7 6 10 6 5
6 7 7 5 9
8 9 8 9 5
10 9 10 7 6
12 3 1 8 1
0 2 3 0 2
0 2 1 2 1
1 1 0 2 1
2 1 3 3 1
3 1 1 0 2
3 2 3 0 4
3 1 1 1 0
2 0 0 1 2
0 4 1 2 1
1 2 2 2 3
1 2 0 1 3
2 4 3 1 2
1 4 0 1 4
2 6 2 1 0
