14 5 5
230 1289 1701 2449
932 1489 1849
483 1329
793
765 1093 2215 2760 3706
686 1182 2110 2962 3285
681 1149 2186 2750 3831
712 1304 2291 3015 3339
662 1299 2032 2646 3606
669 1251 2309 2827 3506
658 1203 2156 3001 3536
757 1120 2146 2882 3266
776 1184 2140 2889 3237
660 1206 2168 2942 3696
763 1270 1975 2498 3826
746 1283 2162 2726 3673
732 1324 2100 2721 3607
756 1092 2009 2663 3211
5 9 5 8 10
9 7 7 7 5
10 8 8 6 6
7 7 5 8 7
6 5 7 8 9
9 7 6 7 7
6 8 6 9 6
8 7 9 6 5
6 6 7 8 8
5 5 9 5 8
6 9 10 10 6
8 9 8 6 10
7 5 7 10 8
8 8 6 9 5
2 3 2 3 3
1 1 1 6 1
0 3 0 0 2
2 1 1 2 0
4 0 4 1 1
3 2 1 1 2
4 2 1 2 0
0 1 2 0 3
1 2 2 1 1
2 1 0 4 1
0 1 0 1 0
0 4 1 3 0
2 1 1 1 1
0 0 2 2 2
1 1 1 0 1
