14 5 5
364 751 1668 1683
524 1111 1595
750 1124
203
725 1127 1745 2649 2933
717 1301 1732 2540 3328
726 1113 1763 2311 3088
727 1097 1612 2346 3362
642 1260 1557 2543 2939
676 1243 1695 2608 3071
720 1286 1648 2539 3072
684 1108 1879 2280 3367
716 1297 1727 2732 2929
635 1278 1871 2671 3202
616 1172 1861 2695 2815
646 1261 1853 2650 2864
642 1232 1588 2660 3221
631 1250 1825 2558 3383
7 9 7 8 5
9 5 6 7 5
6 8 5 9 6
9 6 5 8 9
10 6 10 5 6
5 9 9 8 9
5 10 10 5 9
10 10 6 9 6
5 8 7 7 10
10 5 8 10 6
6 9 5 5 7
5 7 6 5 9
8 5 10 6 10
8 8 6 10 7
9 3 0 10 0
1 0 3 0 0
0 1 0 0 1
3 3 1 1 0
7 4 3 4 0
3 0 0 5 4
5 0 1 5 1
3 2 0 0 2
1 3 1 2 1
0 2 0 2 4
2 2 0 0 1
1 1 1 0 3
0 0 3 0 2
1 1 0 1 2
1 5 3 0 1
