14 5 5
581 1344 1621 2175
721 1025 1419
526 731
211
684 1498 2385 2954 3237
723 1571 2174 3102 3531
717 1379 2005 2571 3658
786 1507 2031 2888 3577
816 1435 2019 3046 3645
726 1360 2306 2708 3351
800 1352 2302 3093 3421
785 1495 2189 2867 3273
806 1347 2087 2909 3495
760 1491 2000 3003 3681
803 1368 2258 3128 3765
735 1448 2298 2753 3240
744 1473 2232 2837 3103
719 1428 2348 2675 3582
6 5 5 9 7
8 5 6 10 8
5 8 9 7 10
5 5 8 7 7
5 6 5 7 6
7 8 10 9 9
7 9 10 9 9
8 8 6 9 6
10 8 10 8 5
10 7 6 5 8
5 9 5 8 7
6 10 8 5 9
5 5 7 6 7
9 7 10 10 9
0 1 6 4 5
1 1 2 1 2
2 7 1 0 2
0 2 2 0 1
2 2 1 2 3
0 2 1 2 1
2 2 4 1 3
0 2 3 3 1
0 3 2 4 0
0 2 0 3 2
4 2 2 1 2
0 4 2 1 1
0 0 0 2 0
0 4 2 4 2
1 3 1 3 3
