14 5 5
403 1383 1840 3029
900 1549 2214
390 1090
856
850 1376 2598 3060 4075
1009 1316 2598 3308 4550
844 1490 2348 3661 3852
830 1481 2645 3073 4389
850 1439 2493 3438 4500
931 1326 2177 3294 4621
1003 1405 2465 3163 4244
939 1253 2240 3533 3833
924 1461 2327 3158 4379
834 1278 2643 3250 4552
1011 1372 2293 3605 3983
1009 1416 2303 3654 4520
939 1458 2310 3218 4063
866 1402 2267 3169 4026
7 7 10 6 10
9 5 5 8 7
5 7 6 6 8
8 9 7 6 9
10 5 10 6 9
10 7 7 8 8
8 9 9 10 6
8 10 5 8 10
5 10 5 5 9
9 8 6 7 8
6 7 7 8 7
10 8 8 7 10
7 5 8 5 7
6 9 6 8 9
0 0 6 10 0
3 1 0 1 0
3 3 3 3 1
3 2 0 3 2
5 1 1 2 0
2 1 5 2 0
0 1 2 0 3
0 3 3 3 0
3 1 2 2 4
1 5 2 1 1
1 3 3 2 2
4 2 0 3 0
1 2 1 0 0
3 1 1 0 3
2 2 2 2 0
