14 5 5
295 846 1507 1913
747 1427 1709
516 1303
582
766 1084 1892 2606 3386
694 1073 1768 2675 3661
771 1194 1848 2673 3452
721 1069 1808 2572 3075
784 1082 1745 2804 3448
755 1083 1769 2709 3639
711 1037 1809 2537 3539
798 1176 1868 2772 3219
700 1138 1842 2351 3589
684 1079 1937 2799 3258
775 1093 2112 2399 3052
671 1078 2052 2670 3175
788 1097 1805 2699 3399
698 1156 2002 2569 3047
5 5 9 10 5
5 5 7 7 5
6 5 7 8 7
8 7 7 5 10
7 5 10 7 6
9 8 7 7 6
8 8 8 9 5
9 5 9 5 6
10 8 5 5 10
9 5 6 5 6
7 7 9 8 8
9 9 9 5 6
7 10 7 6 8
5 8 7 9 5
8 0 2 2 5
1 2 2 2 0
1 3 0 4 1
0 1 0 1 0
4 4 4 1 2
3 3 1 1 5
1 2 1 0 2
1 6 0 3 4
2 4 1 6 2
0 1 0 2 0
0 1 1 3 2
3 0 3 1 0
3 5 1 1 3
4 0 1 1 1
0 4 2 3 1
