14 5 5
199 692 958 1250
545 937 1086
277 640
317
544 760 1454 1839 2251
484 781 1417 2046 2338
493 769 1278 2101 2371
538 836 1518 1973 2464
539 837 1513 1817 2446
527 860 1327 1990 2112
554 755 1455 1914 2210
488 882 1332 1909 2141
483 849 1510 1828 2375
508 771 1494 1794 2353
555 827 1543 1876 2311
559 849 1377 1766 2459
538 759 1415 2107 2482
529 883 1504 1884 2172
5 10 8 5 7
6 7 9 9 9
7 6 6 10 5
10 5 6 9 6
5 7 8 9 6
10 8 6 7 7
6 7 7 5 10
9 8 8 8 5
6 9 7 6 9
10 8 8 7 9
6 6 6 9 10
5 5 10 8 6
9 7 7 10 8
5 7 5 10 9
4 9 2 7 0
2 0 0 2 0
3 3 1 1 2
2 1 1 0 1
2 4 1 1 3
0 4 3 4 3
2 0 1 1 2
6 1 3 1 2
0 2 2 2 2
2 3 3 1 2
0 0 2 1 1
1 2 0 0 1
0 1 0 1 0
1 0 1 1 1
2 2 3 3 1
