14 5 5
623 1533 2368 3388
728 1271 2548
575 1665
1034
967 1836 2793 3460 4592
1051 1611 2616 3334 4398
1077 1537 2933 3594 4425
930 1730 3128 3270 4522
908 1633 2767 3903 4854
950 1693 2968 3665 5044
1004 1572 2928 3704 4923
943 1643 3042 3583 5267
956 1732 3130 3698 4421
943 1615 2706 3920 4426
938 1766 2879 3658 5256
937 1586 2662 3588 5335
1059 1817 2890 3277 5337
1024 1758 2864 3618 5138
6 10 6 6 8
5 8 5 8 10
8 9 7 7 8
5 5 5 6 9
5 7 7 9 9
9 7 8 5 8
10 7 8 6 5
10 5 9 8 8
7 6 7 9 7
9 8 9 5 8
5 6 7 8 8
10 10 9 10 5
5 6 8 7 6
5 8 7 6 10
9 0 6 5 1
1 2 2 1 2
0 1 3 0 9
1 1 1 0 0
2 2 1 2 1
1 1 1 0 0
2 1 1 0 4
6 0 1 2 0
3 1 3 5 2
2 1 2 1 1
2 2 0 2 0
2 1 2 0 0
2 3 2 0 0
1 2 0 2 2
2 1 2 3 0
