14 5 10
567 1258 1611 2603
505 1075 1477
713 1235
549
645 1317 1979 2836 3425
716 1186 1940 2471 3265
690 1194 2171 2644 3512
654 1153 2085 2466 3619
685 1142 2038 2866 3411
643 1139 2017 2671 3253
663 1352 2190 2745 3584
673 1258 1817 2542 3739
687 1168 1913 2741 3519
697 1146 1853 2839 3516
646 1363 1860 2586 3836
698 1316 1997 2872 3552
661 1198 2175 2902 3201
763 1188 1957 2579 3349
9 8 8 5 9
9 6 8 6 7
8 7 7 5 9
10 10 6 5 10
5 10 9 7 10
6 5 10 8 7
10 8 5 6 6
8 8 8 9 7
8 7 7 8 9
5 9 9 9 8
7 9 6 8 8
5 6 10 8 10
9 6 7 5 8
6 10 6 7 9
2 10 0 4 4
13 15 37 25 23
56 33 33 31 37
57 25 21 33 35
19 41 43 34 26
36 37 19 31 36
38 33 21 38 37
23 39 13 26 29
33 21 28 38 25
34 31 26 30 27
31 25 19 39 15
42 39 21 15 41
37 30 45 36 29
32 27 30 22 20
32 31 12 37 19
