14 5 10
631 1079 2329 2322
646 1510 1615
944 1296
290
746 1478 2249 3386 3781
783 1554 2024 3389 3953
794 1414 1885 3282 3850
868 1393 2069 3214 3535
836 1575 1901 3160 3567
725 1296 2220 3494 3618
740 1380 1901 3040 3522
732 1411 1973 2975 3910
788 1571 1944 3101 3866
769 1574 2231 2936 4031
749 1348 2149 3094 3727
754 1347 2002 3383 3995
820 1490 2146 3091 3941
880 1313 2225 3480 4089
8 6 9 10 7
7 7 9 6 8
8 6 5 8 7
8 9 9 9 6
7 8 9 7 10
8 8 5 5 6
8 7 5 5 6
8 9 8 6 10
9 7 8 8 8
8 8 9 5 9
9 9 7 5 7
7 5 8 8 5
6 8 6 8 5
9 8 9 5 8
7 6 4 6 1
20 36 23 40 30
20 19 21 51 13
34 24 55 28 26
26 32 15 23 31
29 28 22 35 25
32 36 38 35 36
11 11 16 41 37
26 36 22 31 38
36 33 64 47 33
23 34 41 21 48
30 23 14 10 41
34 29 26 37 33
23 30 28 43 28
49 16 5 22 23
