14 5 10
728 1139 2284 2268
459 1412 1754
1136 1448
593
937 1719 2218 3424 4063
843 1555 2346 3273 4186
935 1664 2373 3174 4077
897 1656 2221 3417 4011
821 1763 2016 3107 4442
934 1719 2088 3322 4081
896 1635 2136 3556 4629
820 1736 2446 3302 4221
901 1639 2302 3282 4706
807 1617 2208 3301 4031
895 1621 2224 3186 4573
897 1713 2427 3507 4113
939 1772 2437 3385 4437
819 1531 2251 3217 4432
8 6 7 8 5
6 9 8 9 10
6 6 6 7 8
6 10 8 6 9
6 10 9 7 10
9 8 7 8 7
8 9 6 7 9
5 10 6 7 6
6 10 6 5 10
6 7 5 10 7
6 10 5 5 9
7 8 9 7 7
6 7 5 8 7
9 6 7 8 7
2 14 3 1 0
31 31 64 36 19
20 14 23 24 43
27 40 43 61 18
29 34 19 23 57
24 26 23 21 41
32 30 22 29 31
57 36 38 26 30
20 29 23 21 22
34 31 25 27 27
31 41 36 54 31
41 39 30 27 28
18 34 54 16 32
26 33 31 26 20
21 26 48 11 49
