14 5 10
399 1291 1823 2090
921 1196 1906
570 1160
592
749 1183 2171 2779 3405
707 1284 1937 2875 3097
777 1217 1951 2485 3516
684 1266 1950 2529 3272
785 1276 2052 2762 3430
755 1076 1897 2707 3386
686 1268 2148 2835 3126
680 1108 2108 2722 3491
745 1249 2033 2842 3317
708 1296 1842 2831 3607
803 1153 2194 2588 3360
695 1276 2082 2914 3152
729 1148 1889 2667 3273
667 1228 2194 2819 3563
10 6 9 5 5
7 5 9 7 5
10 5 8 7 8
7 5 8 10 6
8 5 6 6 6
8 10 8 7 10
7 8 5 8 6
7 9 7 9 7
9 7 9 10 6
7 10 6 7 10
6 8 9 6 5
10 5 7 6 5
10 5 5 6 9
7 9 7 10 6
6 3 3 2 2
31 23 26 15 46
33 22 13 19 52
43 26 18 11 28
38 12 31 40 65
39 29 34 28 42
38 17 18 20 19
30 21 32 46 17
49 25 27 55 19
14 32 32 24 41
27 8 52 26 48
20 14 54 38 54
32 21 19 27 18
19 40 10 38 28
19 41 26 36 27
