14 5 10
355 1259 1532 2263
822 928 1669
213 987
695
575 1019 1902 2199 3059
655 862 1962 1994 2922
632 935 1950 2096 3054
673 898 1767 2287 3084
567 898 1837 2338 2736
679 922 1817 2023 3072
615 980 1830 2152 2958
676 931 1822 2261 3065
646 962 1771 2233 3240
664 999 1875 2289 2723
666 941 1689 2238 2866
619 1034 1816 2245 2896
687 959 1880 2235 3227
593 1003 1687 2298 3206
8 9 5 6 10
8 6 7 10 8
10 6 8 6 7
8 7 5 10 9
7 9 10 9 8
10 8 9 8 10
10 9 6 6 5
9 7 7 8 9
10 7 6 9 9
5 5 9 8 10
10 8 7 5 5
9 10 6 6 6
9 10 8 10 10
9 5 8 8 7
14 0 1 3 5
31 37 29 38 16
33 49 33 26 32
24 56 27 30 28
34 25 25 41 38
15 12 20 29 21
62 14 54 10 30
19 45 42 43 29
27 24 25 38 34
21 12 14 39 20
27 36 23 28 14
28 27 10 19 22
34 18 33 30 40
30 11 20 39 28
58 44 42 30 25
