14 5 10
449 819 1151 1411
311 798 1183
360 747
333
484 979 1404 1873 2244
557 1001 1503 1835 2296
491 926 1409 1898 2455
489 871 1496 1859 2412
529 846 1555 1828 2531
498 874 1340 1976 2330
493 882 1309 1944 2325
517 991 1530 1994 2339
566 942 1399 1927 2266
530 930 1352 2070 2444
517 894 1419 1737 2518
569 968 1310 2087 2304
485 863 1413 2044 2412
525 833 1342 2047 2385
10 6 8 6 7
9 8 5 10 9
9 10 5 7 10
6 5 5 9 10
9 6 7 5 9
6 5 10 10 7
7 10 10 9 5
10 8 7 10 10
7 7 5 6 6
9 7 8 10 8
6 6 9 10 9
7 5 8 7 7
10 5 6 8 9
5 8 10 8 5
10 0 4 6 4
14 45 30 39 34
20 54 53 21 20
20 28 20 17 9
38 35 18 22 29
26 41 41 17 22
21 28 31 43 26
35 43 50 30 33
14 26 45 30 36
53 21 29 66 24
32 30 38 28 25
41 38 30 31 19
18 47 27 25 51
23 15 30 38 29
16 24 24 22 12
