14 5 10
543 1301 2550 2854
583 1928 2021
1328 1562
105
1045 1711 2531 4282 4394
977 1748 2746 4223 4986
1055 1734 2347 4234 4645
1001 2069 2596 3642 4345
1070 1889 2471 3615 5161
1039 1703 2549 3896 4634
1019 1941 2857 4037 4345
942 1820 2475 3670 5057
1035 1965 2857 4277 5166
1030 1866 2721 3595 4796
1080 2014 2379 4118 4902
974 1967 2539 3904 4551
1029 2057 2537 3812 4418
1050 2014 2746 4094 4541
9 10 9 9 6
8 10 10 6 6
10 10 8 7 8
7 10 5 5 9
5 8 9 8 10
7 9 8 9 7
9 9 10 7 7
8 9 8 7 8
6 7 9 6 9
9 5 8 7 10
8 9 6 10 5
10 6 7 10 8
5 5 5 9 9
5 8 6 10 6
4 1 2 8 2
25 20 9 40 44
22 36 29 67 22
41 32 40 32 25
39 27 20 32 56
15 41 45 23 31
34 31 50 26 30
37 24 33 58 26
27 47 50 33 23
31 23 29 47 30
23 26 36 37 27
43 13 30 29 29
17 45 21 29 25
42 30 68 32 25
39 31 37 22 54
