14 5 10
321 1012 1083 1989
572 737 1383
132 855
628
583 960 1733 1915 2791
594 1055 1639 2194 2825
572 1105 1656 2037 2534
518 984 1614 1868 2573
558 953 1553 2071 2674
547 1072 1547 2150 2778
532 1145 1761 2259 2822
494 1124 1704 2053 2700
590 1105 1529 2181 2480
498 1022 1772 2034 2408
518 1068 1715 2021 2848
571 1044 1777 2240 2848
500 1059 1492 2209 2843
559 1117 1718 2050 2461
7 7 5 9 8
8 8 7 10 9
9 8 5 5 8
7 10 9 10 5
8 6 8 5 7
9 5 5 9 7
9 9 7 6 10
9 9 8 8 10
6 8 5 9 7
10 7 9 5 10
10 8 10 7 10
10 7 7 8 9
8 9 7 7 8
5 5 5 10 5
2 5 4 6 3
40 24 39 37 36
30 34 45 15 24
23 46 30 17 11
27 24 31 45 26
34 24 25 18 25
17 37 39 42 27
24 24 26 50 27
26 18 25 47 30
33 13 38 17 17
37 28 33 18 26
35 32 31 18 34
16 15 39 35 23
35 27 18 30 48
25 33 31 38 43
