14 5 10
460 983 1612 1816
544 839 1493
362 979
440
663 1262 1884 2368 2959
634 1257 1730 2563 3456
730 1182 1790 2341 3357
667 1099 2045 2810 3029
670 1261 1962 2350 3343
710 1177 1751 2775 3205
754 1193 1773 2552 3521
699 1071 1911 2330 3552
694 1196 1878 2464 3354
688 1084 1784 2715 3336
710 1175 1824 2785 3409
650 1047 1698 2442 3426
694 1045 1739 2766 3453
729 1121 1738 2330 3147
8 10 8 8 6
10 6 10 9 7
5 6 7 10 6
7 6 6 10 10
9 6 9 7 5
9 6 9 7 9
5 10 8 6 7
10 5 6 10 9
7 8 6 9 10
8 10 9 7 5
9 9 6 5 5
6 6 9 6 8
6 5 6 6 9
9 5 9 10 9
4 4 6 10 0
45 18 21 27 35
13 32 31 32 20
20 45 16 20 41
34 25 48 27 13
29 19 22 49 28
38 27 37 32 32
78 12 27 31 36
22 22 31 18 36
27 22 46 18 21
22 19 26 26 22
13 39 15 25 21
34 36 39 32 16
23 34 40 22 48
24 41 12 43 21
