14 5 10
431 894 1717 1705
496 1386 1274
640 730
167
741 1206 1912 2688 2869
696 1281 1796 2657 2949
675 1148 1956 2571 2967
677 1254 1802 2499 2916
741 1268 1816 2719 3385
737 1283 1946 2574 3232
623 1331 1962 2531 3341
651 1239 1776 2805 3259
629 1238 2043 2512 2994
674 1288 1990 2887 3379
625 1338 1932 2447 3428
650 1149 1722 2884 2875
713 1338 1714 2547 3003
723 1195 1708 2673 2909
9 7 10 8 6
9 10 8 10 5
8 5 9 10 8
6 9 7 7 10
8 6 7 5 7
10 5 6 9 10
10 8 9 9 10
7 8 10 8 8
6 8 6 10 10
8 8 6 6 5
10 5 5 6 6
10 7 5 8 6
9 8 7 10 10
7 9 6 10 5
0 9 0 5 3
28 24 37 12 52
60 16 19 44 22
47 35 21 18 17
30 39 36 37 43
21 37 30 42 19
20 38 20 21 20
27 28 21 37 9
21 53 16 35 35
39 23 14 58 44
21 23 25 25 28
57 55 25 23 25
21 26 56 28 26
33 34 21 15 18
58 49 40 30 28
