2 4 5 1000
541 827 1810
405 974
717
808 1460 1926 2761
834 1606 1906 2581
187 161 146 108
110 164 163 176
261 2 94 105
20 10 25 23
5 11 14 12
12 15 21 4
17 9 12 10
26 22 22 15
27 18 11 25
21 7 14 8
12 14 15 16
22 9 23 12
17 11 9 12
24 7 18 27
12 25 8 12
23 6 13 24
9 21 15 19
7 14 11 15
10 17 10 10
13 8 9 14
9 24 11 5
6 11 17 11
7 24 16 4
22 12 18 14
13 24 25 9
15 18 27 18
12 20 20 24
15 3 8 9
12 17 12 19
14 5 13 10
7 8 28 9
9 18 14 22
7 9 7 8
16 14 22 16
20 17 14 24
11 6 7 15
13 11 26 15
9 14 13 5
16 8 17 16
11 8 11 7
9 16 13 3
17 11 19 24
22 14 24 14
5 16 8 6
9 10 8 15
16 7 27 16
12 19 26 11
25 18 16 12
14 22 17 21
19 17 8 19
20 10 12 13
27 13 11 19
23 10 24 3
20 14 21 22
3 14 4 14
20 19 25 14
9 7 15 13
26 16 21 11
17 24 21 15
9 10 19 13
26 12 20 14
19 10 8 11
27 22 18 14
7 24 13 13
18 11 8 21
6 5 16 25
10 24 26 28
21 17 23 16
19 8 8 12
7 17 9 22
13 15 7 16
13 14 12 11
12 6 8 21
7 24 22 20
11 9 12 18
22 11 11 11
20 4 10 19
26 9 25 23
8 16 26 20
14 3 12 8
15 22 18 17
13 7 11 13
10 8 9 12
19 15 8 8
12 23 5 10
16 15 15 14
11 25 13 11
14 24 6 12
7 3 21 13
23 19 19 5
21 16 15 15
14 5 23 5
12 10 10 14
14 18 5 20
18 26 10 18
12 12 8 3
11 19 22 17
8 9 19 11
21 8 17 19
9 20 7 5
11 13 19 4
9 15 10 12
20 19 10 16
17 6 13 13
13 15 15 16
17 25 23 12
21 14 26 9
6 7 21 7
8 9 11 4
7 25 8 19
8 14 11 7
11 3 11 18
13 16 13 16
23 13 14 18
12 11 14 14
21 16 15 9
28 15 11 9
23 17 5 15
22 22 12 8
11 23 14 7
7 15 19 25
6 10 17 12
13 3 9 5
12 17 12 12
17 19 13 11
19 15 17 10
9 8 3 22
12 12 7 20
16 27 11 16
10 4 16 13
11 8 8 9
21 21 20 3
15 17 25 5
28 14 14 20
19 19 21 20
6 14 16 9
20 4 21 22
6 6 7 9
16 8 4 8
19 17 23 16
4 16 6 13
21 10 25 13
8 24 25 6
12 14 17 10
11 14 19 21
19 19 7 9
15 11 9 10
17 12 6 20
18 15 17 17
6 7 5 12
13 7 18 3
14 12 23 6
15 10 7 12
10 12 12 12
15 8 22 3
9 12 12 15
17 20 8 14
22 17 13 16
18 15 8 4
23 26 23 5
8 25 26 18
9 6 11 10
4 5 18 4
15 14 11 11
17 16 21 9
16 14 23 19
15 10 9 15
17 12 28 7
24 3 28 8
20 14 17 25
18 28 12 14
21 25 7 14
9 27 8 8
4 10 24 19
12 27 11 18
18 7 11 26
9 14 23 7
6 12 15 13
5 12 25 11
18 15 7 7
13 11 15 21
12 6 23 12
9 22 19 15
8 17 5 21
18 17 12 9
5 24 15 17
27 18 14 22
11 15 16 7
6 17 11 19
5 11 22 18
21 15 19 22
4 18 16 4
14 13 11 3
14 7 13 12
14 13 21 10
8 20 14 12
23 8 4 15
9 21 14 19
15 25 18 13
12 12 10 22
5 15 26 15
8 10 10 4
20 17 12 19
7 15 16 21
18 10 17 24
17 9 9 15
12 12 12 5
25 18 15 9
19 14 9 12
24 23 9 21
14 8 13 21
17 7 17 8
11 6 4 15
9 13 22 11
20 4 9 22
7 12 28 8
13 5 12 19
8 19 20 15
17 9 18 12
23 8 10 11
8 12 12 16
10 24 12 22
13 11 28 22
8 11 19 28
10 6 17 19
17 25 15 12
8 6 25 27
12 22 16 9
8 11 11 14
16 14 7 23
17 6 23 5
15 24 19 8
18 22 13 8
12 11 16 7
7 19 15 13
22 15 22 19
16 17 24 17
15 22 16 15
7 20 16 16
15 13 8 20
12 12 13 21
8 9 16 15
7 9 9 5
12 19 22 8
3 28 17 12
4 9 7 7
11 7 19 10
21 24 14 13
25 16 16 7
4 19 11 13
22 10 13 4
17 12 9 10
16 16 3 19
8 18 6 12
10 10 15 14
6 21 17 11
8 16 15 21
11 9 9 17
12 13 18 26
22 18 15 11
5 14 19 17
5 26 24 23
16 18 14 5
17 12 6 13
5 26 17 9
15 24 26 13
11 19 10 7
13 8 18 13
11 6 13 7
15 8 21 9
12 8 11 21
6 14 19 13
15 9 19 11
9 12 5 10
23 12 26 18
6 14 16 11
15 15 7 9
16 12 20 8
3 14 7 21
26 6 24 9
8 6 12 25
11 9 8 17
18 16 11 12
26 23 10 12
13 15 17 10
16 18 17 4
20 27 11 16
13 12 19 10
14 12 17 8
24 3 10 10
14 12 7 12
5 16 8 22
12 11 10 12
14 4 9 10
12 28 19 15
22 18 10 4
14 22 17 24
6 4 16 6
24 18 8 22
12 10 22 6
12 11 18 25
10 13 5 6
21 14 20 8
5 16 11 10
27 11 11 4
21 7 9 10
24 16 9 13
8 13 11 8
14 8 7 11
15 4 12 9
11 10 19 8
23 17 3 7
7 16 11 7
23 13 11 7
27 19 10 11
10 16 11 20
12 10 10 20
18 22 12 15
16 27 17 12
12 16 13 24
15 8 28 12
11 13 12 25
13 5 11 11
23 24 25 5
14 15 10 19
26 10 5 19
13 24 12 21
8 15 12 5
19 6 14 14
24 13 12 7
17 13 10 27
10 8 14 4
18 12 16 9
5 27 24 8
19 24 4 13
7 20 21 19
12 20 8 10
6 22 25 11
15 15 10 5
17 23 15 21
14 15 8 26
18 16 13 8
7 6 12 10
3 7 11 11
20 15 14 12
15 18 10 13
10 16 16 23
19 21 3 9
17 18 20 13
7 8 3 17
28 10 9 10
10 7 7 9
16 14 17 6
7 21 12 19
14 24 11 8
25 24 19 7
17 18 9 12
3 19 14 21
13 9 8 7
16 23 24 3
24 14 11 5
14 11 11 28
7 24 13 17
28 11 7 12
12 16 10 13
19 7 14 18
7 6 4 16
14 15 21 10
22 20 18 6
16 9 25 10
11 9 18 6
13 22 24 14
12 23 27 16
17 10 4 16
16 17 8 4
19 22 11 6
5 14 9 8
23 20 5 8
25 21 7 7
28 13 27 12
20 13 10 3
22 13 22 16
9 12 12 11
20 12 26 17
21 15 12 4
12 13 17 8
17 20 16 14
16 22 3 12
14 17 12 11
13 17 17 24
25 15 24 17
18 7 8 24
15 11 14 21
11 11 14 24
17 26 15 16
16 19 16 9
5 6 20 13
28 5 4 14
19 24 5 12
27 10 9 21
13 26 5 16
19 9 9 18
16 6 16 25
21 13 24 9
11 14 15 4
13 14 25 21
8 5 11 13
9 21 24 17
11 20 24 12
14 14 12 15
13 6 13 12
13 18 18 23
13 11 21 8
25 18 15 24
24 16 12 14
10 3 7 11
13 4 13 6
22 12 13 22
17 8 15 16
6 24 18 27
16 16 14 8
9 11 8 16
12 8 18 27
22 4 20 5
11 19 13 6
15 12 15 16
19 21 6 20
12 19 12 24
22 17 16 13
21 12 22 9
16 6 12 24
6 27 17 27
20 12 15 21
10 15 6 16
15 10 11 16
5 19 7 21
6 16 22 20
5 27 25 25
11 26 13 7
18 11 13 20
20 8 13 7
12 26 14 14
12 10 7 14
13 13 14 11
13 23 11 14
7 7 24 14
17 10 8 8
10 21 5 15
12 16 17 12
26 5 24 10
23 11 14 18
19 11 8 25
9 13 18 10
25 18 22 24
11 13 15 5
11 7 8 28
20 10 18 6
6 15 10 17
10 17 16 14
18 14 10 23
6 8 15 9
5 16 17 5
16 14 26 8
9 16 8 28
10 17 14 17
9 10 16 10
14 16 10 16
9 10 9 13
6 16 15 14
24 12 11 27
5 5 10 22
11 10 19 26
9 6 13 14
21 8 11 4
15 14 17 28
16 7 17 16
19 11 15 18
24 12 6 10
19 18 5 25
12 14 18 8
11 5 13 9
7 21 7 12
4 5 6 6
12 7 15 6
28 8 7 9
11 9 19 12
6 8 8 19
11 13 13 11
15 12 14 25
7 12 28 13
5 16 27 6
21 7 12 12
14 5 20 27
17 17 20 21
15 4 6 3
17 7 11 11
6 9 8 24
6 4 4 23
19 3 9 9
12 12 12 22
11 18 8 17
23 19 14 18
4 23 15 21
18 7 4 18
9 16 22 22
4 15 20 5
17 12 13 10
5 14 18 21
9 11 5 13
20 23 15 10
13 12 5 10
19 16 17 10
16 8 10 13
21 11 13 21
12 6 6 18
17 18 21 15
4 8 9 13
6 3 7 13
22 7 10 9
24 27 8 4
25 11 14 12
3 19 13 27
21 8 27 10
20 8 4 7
10 7 10 12
4 23 5 22
8 28 14 7
26 15 23 10
14 25 19 5
6 8 11 6
16 22 13 11
15 16 6 18
12 13 7 15
7 27 14 8
5 27 14 16
12 13 12 15
22 21 18 6
18 4 10 18
19 25 9 9
19 14 23 13
10 5 8 9
14 23 19 19
10 23 10 12
13 8 19 15
11 19 24 3
14 20 11 19
13 11 10 20
7 7 13 7
18 8 4 11
24 28 12 5
9 22 28 4
10 8 20 16
18 21 8 10
7 26 11 6
25 25 15 7
17 12 10 17
15 16 10 13
19 17 24 22
15 9 8 10
24 7 12 19
20 3 8 9
12 13 20 19
17 14 8 20
19 8 9 5
6 9 15 8
11 7 9 28
8 12 19 8
18 20 14 7
22 23 18 5
17 25 9 9
24 8 12 11
16 21 23 10
14 7 17 9
16 12 20 12
8 10 15 6
18 12 16 9
25 23 9 24
15 7 10 15
12 18 15 19
11 15 8 19
25 4 15 9
13 9 10 3
11 11 10 19
12 27 12 19
14 22 15 24
9 18 9 9
13 16 13 10
25 8 11 10
17 25 17 9
10 20 14 12
21 9 4 6
23 9 17 18
24 15 12 17
10 13 22 20
4 11 15 25
9 8 24 6
8 25 8 11
18 6 3 14
24 13 4 14
5 13 8 16
8 15 21 8
28 4 6 13
19 9 17 8
15 6 25 12
26 13 12 8
8 6 16 15
16 12 14 11
4 10 7 15
18 7 10 22
19 17 16 6
11 10 8 17
21 14 13 14
16 7 21 8
20 28 6 9
17 19 5 21
15 16 9 11
18 16 13 17
15 7 18 14
10 13 7 16
16 13 14 7
23 23 5 12
11 6 27 16
12 8 13 15
13 14 5 6
21 14 21 22
12 11 22 14
25 9 11 13
7 11 9 24
9 13 9 14
14 7 23 10
24 18 6 16
9 17 13 13
26 3 17 16
22 12 9 26
25 13 19 3
17 14 24 17
22 5 3 22
16 17 20 9
20 13 24 5
10 15 6 18
10 13 14 14
18 7 21 8
15 19 13 17
8 3 9 10
17 7 17 21
13 15 20 15
21 19 23 25
12 25 3 13
17 8 4 11
14 27 9 10
22 17 7 22
11 9 11 24
14 19 22 9
17 18 4 19
11 27 7 12
13 7 15 21
18 8 8 23
4 23 14 4
26 11 21 4
16 25 16 18
14 15 16 19
21 18 9 13
3 11 7 19
8 15 18 11
8 20 13 5
8 8 11 9
24 13 16 19
20 7 11 17
18 12 12 26
14 9 9 24
25 9 7 26
13 25 13 19
17 14 7 25
4 10 28 24
15 19 15 19
6 10 11 16
8 16 21 11
9 8 3 18
16 22 9 18
7 19 10 8
18 13 8 13
19 14 15 20
15 28 6 11
18 17 24 11
28 13 8 23
13 9 16 15
9 23 17 13
23 10 23 8
24 11 6 13
13 17 7 5
10 9 9 13
4 11 16 14
20 5 21 8
3 8 20 20
14 15 12 23
19 14 21 16
25 18 8 19
25 18 17 8
21 23 11 18
17 12 5 14
9 8 20 10
7 14 8 25
10 18 14 16
22 12 16 7
18 15 15 21
16 11 19 15
20 15 21 17
10 19 5 20
21 12 19 11
3 10 13 12
22 24 14 27
8 21 6 21
5 8 9 28
23 23 19 11
21 5 28 23
14 13 23 9
13 13 27 10
7 12 7 6
17 26 21 8
14 13 9 16
22 13 23 8
22 15 11 16
9 6 21 17
10 20 3 27
9 23 11 21
11 12 14 8
19 9 17 11
19 14 10 14
6 12 7 16
5 17 11 25
10 25 13 7
22 13 25 12
17 10 5 21
17 5 7 24
16 18 7 11
15 9 22 12
13 14 24 3
15 21 22 20
17 13 4 10
11 16 4 21
25 16 19 16
17 21 18 5
14 13 14 18
15 7 22 19
19 18 27 23
20 21 12 11
20 25 16 11
9 6 11 9
16 9 14 10
9 10 15 5
19 15 9 25
12 13 14 25
7 13 28 18
11 19 28 3
12 26 10 11
15 21 14 24
15 13 15 14
17 7 14 10
13 25 9 7
14 12 8 14
19 24 10 18
7 11 10 22
16 8 9 5
12 13 6 26
13 8 17 15
15 15 10 18
7 10 8 21
16 8 13 13
10 6 24 22
4 10 15 19
14 9 12 23
7 15 13 4
23 11 13 24
15 7 12 14
6 14 7 6
21 12 13 16
6 9 13 10
26 25 17 5
17 11 18 15
4 7 8 11
20 16 16 26
19 17 5 12
11 12 4 14
13 8 8 14
7 19 14 13
19 17 12 4
21 23 20 13
23 19 14 17
19 14 11 27
24 11 21 14
8 12 12 17
28 16 5 16
13 12 5 19
12 14 16 25
10 10 9 8
11 21 8 18
13 5 6 8
17 4 12 9
6 8 26 17
11 10 13 27
10 19 15 9
18 17 8 12
25 21 12 13
10 16 4 13
18 19 13 23
5 4 11 19
7 25 20 23
5 18 12 22
15 8 9 9
22 12 18 27
6 15 13 20
27 7 7 25
22 4 21 7
12 11 8 10
12 18 12 27
21 12 17 15
15 15 15 24
15 14 10 23
11 14 11 10
21 18 12 11
6 12 7 26
16 14 15 10
15 10 17 13
15 6 16 14
11 5 14 13
10 13 4 8
11 26 9 5
25 13 8 15
21 6 10 13
21 18 16 11
3 13 12 8
14 10 22 22
7 3 20 9
9 23 20 13
8 20 9 18
22 7 18 10
15 8 9 16
21 13 18 3
18 14 13 11
12 20 11 16
14 17 7 20
7 20 24 13
5 9 10 14
16 13 4 13
10 17 24 4
20 10 12 11
6 12 26 16
24 5 12 6
28 16 16 14
11 6 16 15
14 8 3 6
12 11 5 5
9 14 15 9
5 11 7 20
12 12 27 12
8 15 18 7
23 12 9 14
14 13 6 26
4 23 23 15
21 15 24 16
5 13 9 18
4 7 21 26
10 24 7 11
21 17 14 4
8 5 20 12
4 12 17 23
11 5 19 6
11 12 20 13
7 6 21 9
9 12 15 9
12 16 6 9
18 8 7 16
21 8 19 8
3 15 10 15
14 4 9 7
13 23 10 20
15 8 5 12
16 11 15 5
7 19 10 18
16 11 21 11
14 3 16 24
7 11 14 27
18 12 9 15
25 4 11 28
8 24 13 17
12 5 12 8
14 16 15 18
8 20 21 13
22 21 17 5
28 17 10 18
10 6 17 5
13 12 7 16
10 16 10 11
12 9 6 21
10 15 10 22
11 16 15 11
10 15 13 11
15 12 23 13
8 10 12 21
17 13 9 8
8 15 11 15
21 21 5 24
14 9 20 19
9 27 17 9
27 17 13 10
17 10 10 19
6 20 14 7
17 8 22 21
7 6 26 15
20 14 21 8
17 12 15 12
16 21 10 20
8 15 15 13
6 5 9 25
15 8 15 10
4 22 4 20
16 3 22 14
10 13 14 11
10 8 9 9
21 11 12 10
20 22 19 25
16 7 18 10
3 24 12 26
22 16 8 16
14 15 18 7
24 22 10 15
18 6 14 9
17 13 16 5
16 8 21 20
15 16 28 16
22 15 12 19
13 11 8 17
25 5 19 23
4 13 9 14
5 14 13 10
11 17 3 23
9 25 15 12
12 13 14 11
16 7 13 13
14 11 9 6
10 19 11 11
10 27 16 21
15 16 8 10
19 18 20 14
20 7 14 22
11 16 5 10
19 18 17 7
17 26 4 22
6 16 17 12
25 9 13 10
16 14 19 7
11 12 13 10
28 12 13 11
9 8 11 14
6 23 25 9
7 8 9 12
9 16 23 14
22 12 11 14
11 7 14 8
8 3 18 15
7 10 19 24
7 9 17 10
28 24 10 15
16 11 9 11
21 27 18 26
17 24 5 9
15 9 8 15
16 14 14 7
7 8 15 4
25 10 7 12
11 8 18 12
16 25 5 21
18 7 20 28
10 21 16 9
13 12 8 6
9 16 20 15
25 7 11 27
11 22 25 11
6 4 12 14
19 19 18 14
15 5 16 12
6 13 21 28
10 21 11 22
18 10 9 10
16 14 14 10
14 9 12 15
11 18 16 11
6 5 24 11
11 14 26 16
16 13 9 13
6 7 6 7
15 20 21 4
15 8 7 24
15 18 11 7
22 13 16 20
21 7 8 16
4 17 14 23
24 9 10 11
22 14 16 10
7 16 17 7
22 7 14 10
4 10 10 19
14 19 12 13
12 16 14 17
18 22 15 11
13 5 14 14
14 16 16 19
10 14 16 16
17 8 14 21
11 15 23 11
3 5 25 21
11 6 6 8
15 6 15 10
24 28 6 12
19 4 7 16
25 7 4 13
8 18 19 14
27 10 12 27
21 22 8 11
6 6 5 17
10 24 25 20
16 27 14 27
20 21 22 24
9 6 19 18
17 11 10 9
14 16 12 14
13 12 16 12
13 16 10 7
18 11 10 13
28 23 11 18
11 4 15 22
12 21 14 16
13 4 25 17
13 14 19 18
27 4 9 24
10 21 8 6
8 20 13 12
15 9 6 17
23 26 11 18
11 10 10 18
8 20 20 7
14 22 20 9
12 15 14 3
14 23 20 11
21 4 20 14
20 12 8 21
16 25 17 8
8 15 13 11
17 16 10 17
14 12 14 23
12 16 15 13
10 18 10 4
14 13 9 21
17 6 13 10
12 12 9 5
12 18 11 15
3 9 22 15
9 5 8 13
16 19 8 12
14 5 24 5
15 5 3 13
9 11 7 22
21 19 22 16
25 24 12 19
7 23 10 18
16 17 14 13
12 10 20 17
5 12 8 8
24 25 21 25
19 21 20 19
13 11 11 17
17 9 9 9
20 20 12 6
14 13 13 9
16 7 11 16
20 15 10 14
14 19 15 15
15 9 22 13
21 20 7 25
8 11 22 12
18 22 20 3
20 9 10 16
16 18 5 7
15 20 10 8
10 21 8 19
10 14 9 9
11 8 16 9
15 11 13 18
16 19 5 21
13 7 26 14
12 15 11 17
3 20 23 25
5 21 15 14
18 12 22 5
25 16 19 22
14 8 10 13
7 11 6 17
19 10 11 8
21 5 20 12
16 13 8 21
10 15 24 20
20 28 8 22
11 15 13 21
28 20 13 18
5 21 10 19
10 4 18 8
11 14 25 11
21 13 7 7
10 9 28 7
15 5 12 9
5 4 26 24
13 11 17 9
14 6 27 17
9 4 7 12
8 18 13 13
9 19 8 13
6 5 16 6
6 8 14 16
20 24 6 17
15 9 18 26
20 22 12 7
17 9 15 23
8 8 7 18
19 5 8 20
13 16 12 13
11 7 8 18
9 22 10 13
5 23 13 21
9 23 17 15
14 9 14 17
12 21 11 8
26 19 18 13
14 24 15 17
7 8 7 14
20 19 14 15
27 20 19 17
10 17 23 24
13 24 22 4
10 19 19 23
12 17 18 18
10 23 10 15
5 7 3 23
15 11 18 8
14 5 16 20
11 7 12 13
11 22 19 7
15 19 11 14
20 11 9 17
14 27 27 24
26 13 21 14
10 10 11 15
17 17 16 24
14 10 8 9
16 24 8 16
26 22 19 7
16 17 17 9
5 6 17 25
4 9 7 18
5 13 9 8
3 22 15 4
11 10 16 12
20 10 4 21
21 19 8 9
18 9 13 15
19 23 8 8
3 24 10 26
7 12 3 15
13 9 8 25
13 22 18 12
15 10 7 16
9 8 10 10
13 15 15 8
7 5 25 3
8 15 12 10
14 13 6 9
14 8 10 17
16 20 12 11
9 20 15 28
15 12 17 18
12 6 20 11
28 12 10 11
24 12 8 12
11 9 9 9
5 17 8 27
16 11 16 23
23 9 17 21
19 19 3 15
9 18 12 8
15 23 11 17
9 12 18 13
28 16 12 14
20 8 18 26
6 3 7 10
18 3 28 5
9 10 15 19
17 9 15 21
17 14 16 8
13 7 19 11
8 19 22 28
11 15 14 10
6 24 24 4
16 8 25 28
5 27 17 14
27 12 14 17
15 11 26 12
20 14 5 13
12 19 4 4
21 14 12 19
11 6 19 24
15 19 17 15
18 17 25 4
5 13 15 20
14 28 25 15
16 9 18 19
21 18 9 9
6 7 23 12
9 12 20 14
20 11 23 4
7 27 26 8
23 11 13 10
19 28 7 21
15 22 14 21
5 17 11 7
5 28 15 14
12 14 10 6
11 9 11 16
8 8 24 21
9 15 16 12
11 14 14 5
10 28 9 4
21 17 10 25
6 28 5 7
4 16 23 20
13 27 15 15
14 12 12 22
7 10 15 22
10 17 7 7
10 23 12 14
19 7 20 10
8 19 5 9
13 12 22 10
17 15 13 11
27 8 28 14
8 26 15 23
21 13 11 9
11 14 14 12
11 23 7 8
9 13 16 15
17 11 9 11
23 6 13 9
17 19 7 6
20 8 4 15
9 21 13 3
8 17 15 6
15 14 10 10
9 17 25 10
13 16 21 11
11 14 25 15
25 15 12 12
9 12 14 15
9 8 7 13
6 9 10 22
16 9 6 25
4 17 15 16
20 5 14 25
13 15 12 4
6 10 21 12
10 4 12 27
10 15 8 16
25 11 19 12
15 14 12 12
19 20 6 27
6 13 5 25
3 9 4 11
11 5 10 17
13 14 11 18
15 23 18 27
11 9 16 14
14 5 27 18
6 22 20 8
16 7 14 3
14 11 10 12
9 27 15 13
16 16 22 14
18 12 11 16
16 7 23 11
7 9 19 12
24 12 8 24
14 22 14 6
20 16 11 20
15 7 18 8
9 17 11 5
15 13 8 13
6 6 6 7
14 12 12 12
23 8 8 7
5 12 28 9
7 6 18 13
6 23 12 7
14 13 12 19
25 9 6 13
17 26 16 11
16 21 15 15
6 20 18 23
26 13 3 17
10 16 27 11
10 3 21 20
12 12 26 12
9 24 14 11
7 10 13 8
6 22 9 9
23 14 11 12
15 12 4 12
17 8 16 10
13 11 19 10
20 12 12 19
18 17 11 7
7 9 4 22
19 6 11 21
14 7 13 8
12 20 7 11
14 17 10 16
13 5 9 13
14 13 18 11
9 17 14 26
17 15 26 11
9 15 18 28
20 17 11 14
8 9 10 17
20 10 26 22
7 16 6 16
11 18 21 10
11 9 12 16
27 7 12 11
9 12 20 7
4 17 19 11
13 5 22 14
12 11 8 9
18 6 22 11
17 13 11 12
17 3 22 8
21 15 14 11
10 21 25 10
14 12 7 16
5 4 14 23
14 15 19 14
25 16 8 17
19 8 19 26
14 6 22 5
21 17 22 14
11 12 21 23
14 14 20 12
8 19 22 14
5 19 22 26
4 25 23 21
10 27 8 12
11 12 14 14
19 17 18 11
20 14 28 5
18 11 3 9
17 18 9 8
20 9 7 6
23 10 11 17
17 22 15 25
25 10 19 8
24 21 18 4
12 22 16 9
15 18 17 11
25 25 4 25
12 23 16 9
13 15 13 26
6 28 19 14
17 8 22 10
11 11 12 18
9 11 14 15
7 12 19 17
4 27 8 17
14 23 17 26
3 11 17 14
13 13 10 12
20 16 17 9
5 16 15 24
17 14 16 24
6 11 9 24
4 23 23 10
15 24 10 12
8 9 8 22
17 4 14 10
6 23 16 6
22 5 18 14
25 11 18 9
22 18 6 7
12 4 13 6
22 7 14 27
23 20 7 19
6 18 11 9
12 26 10 13
13 16 17 15
5 22 3 7
21 13 22 27
15 19 14 18
16 8 12 9
13 13 3 12
22 9 15 13
5 14 3 9
15 9 13 5
20 8 5 6
15 10 17 9
9 9 18 13
17 20 9 11
15 7 7 15
17 10 20 16
5 16 9 14
14 9 7 22
26 12 9 11
18 15 4 22
11 12 14 5
14 7 28 3
7 15 7 16
16 10 16 19
11 10 10 9
11 23 24 26
10 17 13 20
12 11 20 27
7 6 25 20
12 10 26 17
7 26 15 5
14 20 22 3
6 4 12 17
6 9 5 10
11 9 20 13
12 5 18 12
10 20 20 10
4 16 13 20
16 5 7 20
5 10 19 9
25 16 7 24
18 11 9 23
13 17 22 10
14 21 28 13
10 14 9 28
5 22 14 28
16 12 23 16
14 6 16 11
10 21 13 23
24 24 13 13
11 11 22 13
15 25 24 16
7 6 8 23
16 15 11 20
5 19 11 13
16 15 18 21
9 11 19 14
7 23 21 17
15 24 10 24
12 18 9 12
23 8 18 9
12 17 7 16
19 26 10 17
5 22 28 20
23 5 16 3
11 6 12 6
8 11 8 19
12 14 16 13
11 11 13 17
17 12 12 10
11 10 10 20
15 12 14 20
14 20 7 5
28 14 9 23
21 20 8 23
20 23 12 8
14 17 6 18
26 7 22 25
15 8 7 11
24 3 14 25
9 15 18 15
22 15 16 7
13 3 18 10
7 6 20 12
8 7 9 14
5 18 15 24
3 19 23 9
10 15 9 26
11 15 12 10
8 7 14 9
11 12 5 22
21 10 7 18
11 17 11 14
4 15 7 16
8 19 14 20
17 11 13 20
9 24 22 17
17 13 19 13
22 11 17 18
3 17 14 17
16 19 12 12
15 12 11 19
7 13 24 23
23 14 12 12
11 17 11 16
11 20 22 5
14 22 11 12
16 16 13 16
7 13 4 11
22 9 14 25
17 18 27 9
25 18 16 6
11 21 24 11
11 6 24 13
22 9 20 18
27 13 21 7
14 19 16 15
24 14 23 15
13 12 20 21
15 8 21 14
8 3 11 12
15 8 12 10
10 7 19 15
10 16 8 13
12 3 10 16
6 11 25 7
21 26 26 7
9 22 17 8
19 16 25 17
15 18 7 4
10 9 5 16
4 11 8 6
11 17 9 4
10 14 14 21
17 8 8 7
26 12 5 6
10 10 7 3
17 3 16 10
22 16 7 14
17 20 14 15
19 17 14 15
6 11 14 26
14 19 10 17
22 12 13 22
18 22 12 24
12 12 19 19
20 14 9 12
6 18 10 17
8 7 16 25
9 12 19 24
14 22 25 26
17 11 7 18
24 11 9 20
12 7 6 15
18 5 23 7
22 23 15 19
8 10 26 13
13 14 6 12
12 13 26 15
6 20 21 5
8 22 4 15
16 12 10 19
15 10 7 9
15 12 14 9
15 3 5 19
12 13 17 27
8 7 10 20
7 23 21 5
19 7 12 13
14 5 4 18
23 19 14 9
16 15 4 21
25 3 13 18
6 11 13 14
14 24 13 22
11 17 3 6
7 23 12 10
7 14 13 16
23 26 8 20
20 9 17 20
24 11 21 24
20 11 26 12
15 12 7 7
13 21 21 10
3 20 18 16
14 11 23 21
5 15 24 18
15 3 6 20
7 13 6 24
6 10 14 17
7 18 16 19
25 16 21 17
20 11 15 12
18 17 6 6
7 20 21 15
13 13 19 27
10 7 10 6
21 10 12 17
4 24 14 9
13 8 12 9
18 8 16 21
7 13 14 23
18 22 10 5
10 9 14 8
15 8 26 21
12 20 16 14
7 13 17 15
12 16 7 25
10 19 14 26
14 5 21 11
6 11 8 16
12 28 12 5
10 21 14 10
21 11 4 12
25 12 23 16
19 17 20 17
11 17 6 13
16 18 25 6
14 8 14 10
12 13 16 24
15 17 14 7
9 15 4 18
11 18 12 7
12 10 8 10
23 28 5 14
21 8 19 16
24 19 6 11
16 6 7 6
4 11 25 26
9 15 9 28
11 8 7 18
24 15 22 4
9 22 21 7
5 17 13 12
6 14 8 10
7 12 19 21
8 6 11 6
6 19 27 18
11 18 10 15
25 12 18 8
16 21 19 6
11 22 10 13
5 16 20 13
17 8 13 12
7 12 19 16
14 8 16 13
16 18 26 7
13 8 6 11
13 20 21 7
7 11 10 9
6 10 12 21
3 17 5 12
13 4 23 15
23 12 3 24
9 23 16 23
5 11 5 19
14 4 4 10
15 19 21 24
16 15 15 6
14 5 7 9
5 19 26 16
22 25 19 9
6 11 19 9
13 20 6 14
17 22 21 19
17 18 7 24
26 24 14 6
27 14 7 28
11 21 10 16
14 14 5 7
14 20 20 12
12 9 14 22
15 13 15 19
20 8 16 12
11 5 15 20
7 5 9 4
26 15 14 13
17 10 8 14
20 6 19 16
19 8 23 7
20 10 18 27
10 17 17 21
13 7 15 23
21 15 6 18
11 5 10 3
8 11 18 17
8 10 16 20
10 9 20 27
20 24 7 7
8 21 25 18
11 20 10 16
6 16 20 7
14 12 17 19
23 16 7 9
22 27 6 5
6 24 12 17
6 17 24 10
14 27 7 13
16 16 6 24
17 6 12 13
13 17 14 6
16 9 19 8
3 3 22 6
16 24 10 4
19 7 11 10
6 16 6 12
14 8 10 22
13 15 20 9
6 12 13 19
5 11 10 10
16 7 17 13
5 18 23 13
13 23 9 7
12 13 19 15
28 20 20 7
25 8 27 16
4 12 9 22
11 17 13 8
21 6 28 15
18 19 7 12
4 6 11 27
12 10 6 14
14 16 13 16
7 27 20 18
18 19 23 7
11 21 19 8
10 12 18 8
22 22 21 24
16 16 3 15
11 16 15 20
26 10 12 19
15 7 8 14
7 25 16 20
10 11 28 21
19 6 11 20
24 20 11 10
22 7 10 16
11 13 15 9
12 13 9 15
10 3 28 27
9 7 27 26
4 20 11 10
14 5 19 13
18 14 14 13
9 13 19 15
6 7 9 14
16 3 8 14
18 7 17 19
12 11 10 11
8 11 15 9
9 16 11 15
16 10 4 21
12 17 20 9
10 17 23 13
22 14 8 16
22 12 13 8
17 16 6 15
5 22 17 13
17 19 13 8
16 12 15 23
26 19 14 24
9 13 6 11
12 8 19 9
15 12 15 22
14 7 16 25
9 20 19 22
18 10 11 12
10 24 16 18
8 5 10 9
7 6 19 25
7 10 15 17
27 19 13 21
13 12 14 20
18 8 20 15
13 17 15 17
21 20 26 27
18 15 7 16
15 6 11 27
4 11 13 18
16 17 11 19
3 4 20 25
8 11 7 13
10 19 14 17
22 5 10 20
6 23 18 16
12 24 12 7
14 12 4 11
12 20 8 16
16 14 21 28
8 10 27 16
13 10 24 4
15 12 15 16
4 7 4 7
21 8 18 13
13 26 12 15
25 5 19 12
16 12 24 6
24 12 20 4
7 19 5 16
13 14 23 13
18 24 6 19
8 21 20 13
5 4 14 13
7 26 13 8
22 3 6 11
16 6 21 13
24 10 6 10
14 17 19 17
13 7 7 12
26 23 18 15
7 28 13 12
14 14 3 6
18 6 9 11
11 14 16 17
12 16 21 14
8 26 16 8
10 24 16 11
14 18 4 15
15 10 16 7
19 21 13 14
20 13 26 15
14 12 14 23
22 10 11 10
4 13 14 13
10 25 8 14
9 10 12 14
7 16 16 6
9 12 27 18
10 14 16 19
26 22 6 7
11 11 12 8
8 9 19 20
5 15 20 8
3 13 15 14
13 18 16 13
9 11 25 12
17 11 22 10
26 4 16 19
3 17 20 17
26 9 6 23
17 15 13 20
3 18 11 18
16 21 13 25
10 21 14 12
25 16 19 7
19 21 19 24
23 12 8 25
16 18 12 4
17 12 7 14
24 8 17 11
26 13 8 26
19 15 15 13
14 10 8 18
6 9 10 13
21 16 14 13
16 12 9 15
6 11 17 15
4 7 11 13
21 16 20 27
14 6 4 11
22 27 7 7
18 9 11 5
17 18 24 10
11 11 14 23
10 18 13 8
12 24 11 8
10 24 19 8
8 19 8 10
14 22 10 9
12 9 4 12
15 5 14 21
12 14 6 7
19 12 16 3
13 6 27 10
10 21 17 15
13 26 13 13
11 13 24 16
26 8 14 13
14 6 7 22
15 19 15 17
11 19 9 9
13 14 6 27
11 16 10 8
17 7 19 16
18 19 19 17
12 21 18 9
23 16 18 13
20 16 25 24
11 9 16 24
22 19 25 18
8 12 13 16
13 13 3 24
21 27 12 11
17 12 3 4
19 20 5 12
5 12 16 9
16 20 14 9
14 13 25 12
11 7 9 15
15 13 12 24
16 28 28 12
15 13 18 14
15 28 16 22
4 21 25 12
6 4 16 20
10 18 9 17
11 9 19 14
21 6 9 12
7 19 24 15
21 22 24 9
13 11 6 6
21 22 21 15
16 16 19 10
7 14 10 22
15 13 15 14
27 12 24 18
19 20 12 9
10 8 21 8
12 10 6 8
26 17 8 7
17 25 8 17
16 23 9 21
11 23 15 10
9 14 16 15
11 20 6 17
12 10 8 20
7 16 4 16
6 25 12 8
18 10 12 20
24 5 9 21
13 21 17 14
21 10 14 8
23 13 25 19
13 17 10 20
8 26 16 16
12 5 17 9
8 20 19 4
10 11 24 22
18 7 11 10
8 25 15 12
13 11 18 20
12 18 12 21
14 17 25 7
7 17 12 8
20 10 19 25
17 15 11 6
14 12 13 20
20 6 17 26
23 13 19 17
10 13 8 26
16 19 16 8
21 10 16 22
19 23 14 18
14 10 13 16
6 18 20 8
19 16 16 6
13 7 7 9
5 13 18 7
5 12 8 11
6 5 25 7
9 20 8 18
5 20 19 15
7 6 8 9
17 4 18 8
13 11 8 18
6 24 10 18
15 3 22 5
5 18 19 12
11 8 16 19
14 15 11 7
15 15 19 14
8 26 20 12
28 13 24 14
8 26 13 13
17 10 10 10
18 16 6 13
22 14 12 9
10 24 23 10
14 22 14 5
9 22 10 17
27 14 15 23
12 14 9 17
18 8 13 11
27 11 19 11
27 8 26 28
7 23 14 10
15 7 5 17
9 18 11 13
21 3 12 18
17 20 13 5
19 12 14 6
10 6 19 12
10 13 23 5
11 17 13 26
10 10 7 19
19 8 5 23
25 27 11 9
10 17 19 8
25 13 14 12
4 16 23 13
13 22 9 19
16 18 18 27
24 13 19 16
17 16 23 20
8 6 17 16
20 21 7 12
4 23 14 17
