3 10 10 5
1 1
1 5
2 5
1 2
1 2
1 1
2 5
2 2
2 5
3 3
2 2 3
1 3
0 
28982 151661 89612 67468 55435 28618 109131 23545 105057 26911
1 785 1530
2 870
3
1 672 1522
2 764
3
1 782 1625
2 734
3
1 725 1401
2 855
3
1 701 1475
2 765
3
1 714 1630
2 774
3
1 744 1589
2 797
3
1 769 1609
2 883
3
1 697 1381
2 735
3
1 764 1663
2 750
3
5 4 7
13 8 1
10 6 1
11 7 4
15 5 3
10 8 2
8 5 4
6 5 5
5 11 1
10 4 4
25 25 25
1098 1891 2640
960 1817 2464
1093 1753 2617
1097 1839 2563
1037 1694 2718
