7 3 10 1000
598 1029
462
785 1551 2040
810 1565 1987
797 1531 1894
824 1457 1875
835 1589 1977
774 1435 2235
818 1460 1919
39 49 40
46 37 32
38 46 46
50 48 33
34 34 40
36 32 37
50 26 28
64 14 2
37 33 22
18 24 31
35 31 28
16 33 33
27 26 40
36 25 23
22 22 15
36 38 26
38 22 29
15 40 33
36 31 33
20 28 17
29 25 28
38 26 28
15 16 22
32 36 26
38 25 36
21 35 17
30 34 16
19 29 37
35 26 13
39 18 17
34 25 30
23 31 35
25 38 25
23 30 27
23 30 24
28 26 28
35 19 40
17 20 19
38 15 22
19 24 33
34 28 33
36 22 23
15 22 25
27 13 24
30 18 32
38 46 35
32 31 22
34 23 23
36 32 32
14 19 18
38 13 32
14 20 32
23 13 36
24 22 22
14 17 36
26 32 37
39 26 28
27 36 40
28 37 30
36 27 24
19 32 20
34 15 23
34 29 14
21 26 23
35 33 17
29 29 29
20 21 36
23 20 33
22 33 15
19 31 37
15 23 25
35 37 40
27 17 28
33 25 29
19 24 33
34 34 16
25 32 28
43 24 22
15 41 34
31 37 27
33 28 19
19 17 24
17 25 40
27 32 25
15 26 26
20 21 25
22 27 21
31 20 27
21 34 20
20 34 15
26 28 18
29 20 24
26 33 28
29 37 24
30 19 32
14 31 32
29 27 40
34 32 28
15 26 28
29 20 22
30 36 32
13 35 30
21 45 26
34 23 38
28 32 20
30 26 28
39 39 30
32 34 23
26 29 44
42 33 22
34 23 30
36 32 37
41 25 28
30 27 40
26 30 23
38 20 19
19 16 20
34 34 15
33 27 37
33 13 28
35 25 39
32 19 32
31 46 32
42 23 22
34 25 22
27 17 36
36 26 26
39 14 19
31 35 32
36 27 29
26 13 23
33 27 18
14 30 37
31 26 20
39 27 23
28 22 15
38 40 22
23 19 16
34 24 25
30 13 22
26 26 27
23 24 32
35 22 18
29 28 34
33 23 25
15 26 27
36 32 27
34 26 28
23 14 31
29 34 27
20 37 13
26 30 33
34 19 21
26 24 28
23 23 28
18 14 30
32 19 21
38 14 39
40 40 26
34 24 40
26 27 27
41 19 28
21 34 40
44 23 32
14 29 19
35 29 16
33 14 21
23 26 19
18 14 19
38 22 17
34 35 32
38 36 28
34 19 29
23 34 25
36 22 20
29 17 25
35 36 32
26 18 27
23 25 18
25 21 28
26 31 31
24 21 31
20 21 16
25 22 35
19 26 24
24 46 32
15 30 26
22 29 30
30 32 26
23 26 17
25 15 38
32 16 23
36 22 21
25 34 20
25 24 31
34 28 31
40 24 28
28 35 26
23 36 32
32 32 27
23 23 33
27 27 21
21 32 24
14 26 20
26 15 36
46 35 15
26 17 19
28 32 33
20 34 21
28 32 30
29 26 19
30 37 36
35 37 28
18 44 35
25 30 25
34 14 21
32 24 16
35 26 28
25 32 24
17 36 21
38 13 26
22 35 33
34 34 20
27 32 34
36 26 20
31 29 28
30 24 30
32 35 37
36 34 21
34 33 33
27 19 37
44 22 28
18 17 40
33 37 32
35 45 26
26 44 19
34 34 24
36 32 21
24 26 28
39 36 27
21 18 32
34 14 35
38 21 33
32 34 35
35 21 27
18 26 28
36 19 17
33 22 14
34 28 22
23 43 18
34 29 13
27 20 37
43 14 27
15 43 28
23 24 19
29 29 32
19 21 29
23 34 40
36 28 23
25 19 26
34 32 18
23 29 24
32 37 21
34 27 18
15 26 17
27 17 20
21 26 28
32 22 21
24 30 32
18 32 36
32 35 27
32 22 32
15 29 28
43 26 28
23 21 32
19 19 25
27 28 21
20 25 19
13 31 23
28 32 20
16 25 28
15 18 27
45 30 32
33 29 23
27 45 18
17 32 26
17 24 22
24 26 26
39 44 18
15 24 31
24 19 23
13 22 33
19 31 34
36 28 37
28 26 28
38 13 30
18 18 24
26 30 20
30 33 27
30 25 15
33 29 13
28 14 26
39 34 33
28 27 32
22 24 19
19 36 33
26 29 23
36 32 21
42 26 22
24 16 32
31 35 22
19 28 28
27 28 33
17 34 30
36 32 26
26 26 25
39 15 26
31 30 32
28 34 28
26 19 25
27 34 15
32 20 21
29 26 22
32 27 22
23 20 28
26 34 32
33 44 26
33 30 27
21 25 23
15 21 28
14 39 35
36 37 32
30 18 35
27 25 20
34 26 40
36 31 13
45 26 21
26 46 40
20 21 30
30 30 17
17 27 31
28 34 17
25 32 35
27 26 26
39 36 24
39 34 30
31 22 22
16 19 33
26 34 40
32 32 23
37 26 28
16 38 38
31 15 17
15 30 39
27 36 33
34 34 34
17 24 27
20 13 28
31 26 28
15 31 29
21 29 21
31 31 33
21 19 32
25 32 37
38 26 28
30 17 15
22 36 30
31 24 16
18 25 33
23 29 27
36 25 17
14 26 26
29 18 31
24 24 14
27 29 32
17 24 33
34 28 25
27 17 37
23 26 21
25 41 33
43 20 19
30 31 37
25 23 16
27 18 40
36 32 37
44 21 24
37 16 29
21 34 32
38 32 16
23 23 28
34 32 40
15 27 24
28 26 20
39 25 40
30 32 20
33 26 38
25 24 33
34 19 25
19 24 30
23 25 28
31 25 38
33 27 28
20 20 32
22 26 33
16 20 23
36 32 17
37 26 18
26 20 40
25 27 30
27 44 36
23 30 33
34 19 21
36 26 17
26 14 28
24 39 40
28 22 32
29 14 22
18 32 21
34 32 24
19 24 26
34 26 28
34 23 32
31 30 32
37 28 31
22 29 33
34 34 20
36 30 20
36 21 28
22 22 28
39 37 20
33 26 32
22 27 24
28 21 40
34 30 34
35 26 21
39 42 40
20 16 29
17 23 31
38 31 33
24 33 29
24 22 30
44 26 28
39 21 23
18 22 32
23 33 34
44 18 33
16 15 35
29 29 26
26 14 25
39 25 19
29 32 14
23 35 35
23 19 27
21 14 40
34 31 35
35 16 28
38 23 40
39 19 17
38 27 45
22 39 24
34 31 36
35 29 25
19 26 18
26 39 36
38 35 16
35 32 19
22 33 33
28 16 23
26 28 24
26 23 17
25 41 25
32 25 32
21 34 25
46 30 33
28 34 25
17 32 20
38 21 22
30 31 35
19 37 29
28 28 36
45 23 27
34 34 22
26 25 23
30 13 21
24 36 32
32 21 32
33 28 26
32 17 33
28 25 25
36 30 35
16 17 25
35 23 22
27 30 29
26 18 38
27 28 20
31 28 29
19 30 37
19 26 28
38 29 37
28 28 32
29 22 37
42 24 33
17 21 17
36 24 37
18 26 23
19 28 25
17 27 23
15 28 33
18 22 33
19 22 23
25 32 14
36 26 28
26 33 27
17 37 20
26 23 18
21 17 26
34 15 16
23 28 18
35 26 21
26 19 33
25 18 32
38 21 42
29 33 28
26 34 30
29 24 37
28 24 28
28 24 17
20 37 32
38 33 34
21 28 33
32 27 28
36 26 18
23 26 13
16 38 40
39 32 32
38 19 29
34 23 24
27 21 25
36 32 25
20 26 28
23 21 24
28 28 14
38 22 19
25 28 33
20 19 24
28 15 29
41 26 28
29 20 34
20 23 32
20 39 16
24 25 33
29 27 18
23 28 36
27 26 28
13 29 34
21 37 32
23 23 44
33 35 26
34 34 19
30 32 27
16 25 14
26 20 40
32 37 20
17 43 42
29 23 30
26 28 40
34 31 32
41 26 19
18 21 24
22 24 32
38 26 25
23 14 29
25 28 21
29 32 37
19 26 28
25 41 28
31 37 17
18 31 33
22 26 26
34 29 40
36 26 37
36 26 27
39 37 24
24 23 32
38 42 33
31 32 32
31 16 22
24 28 19
19 26 28
39 16 21
31 28 29
37 38 41
22 38 33
34 21 29
34 32 18
19 26 24
22 35 27
22 26 32
34 22 34
35 30 29
26 24 38
19 31 33
39 26 28
27 33 38
18 33 28
15 42 29
39 23 25
34 34 35
22 19 31
36 26 28
24 40 28
29 31 26
23 43 29
30 16 33
34 31 23
15 25 31
27 26 22
13 26 16
39 19 17
22 32 42
23 36 26
34 34 31
20 32 23
33 26 20
23 28 32
39 29 29
38 19 33
33 28 28
22 27 30
32 23 37
43 26 13
23 22 25
28 20 32
22 25 19
32 25 31
13 30 39
36 28 33
16 26 15
35 38 24
22 19 27
26 28 15
35 37 19
32 34 23
31 32 23
46 26 22
22 33 34
38 33 27
18 15 36
29 24 18
21 25 35
19 32 31
44 24 25
21 30 21
27 20 21
38 28 14
28 38 23
23 34 30
13 27 37
18 26 28
15 38 28
16 37 26
33 40 18
40 29 32
15 17 40
30 32 29
15 26 27
39 23 26
23 27 13
34 32 21
23 22 33
34 23 21
31 14 14
21 26 23
39 27 31
24 37 22
20 25 20
24 26 27
34 34 40
33 13 32
22 26 28
29 19 18
36 28 28
24 27 22
31 20 33
31 16 23
25 27 37
22 20 28
39 23 39
14 37 29
29 26 41
30 24 28
29 33 26
34 32 37
34 19 27
20 34 36
30 20 21
20 17 42
37 35 23
13 29 26
15 24 31
22 26 28
16 26 38
23 22 32
38 26 25
33 45 33
24 34 40
36 32 17
27 26 28
31 31 40
46 37 25
30 31 31
27 41 24
25 20 40
33 26 18
15 26 25
30 16 32
40 25 27
38 29 21
42 26 29
33 29 15
33 28 26
40 23 28
39 18 19
31 23 32
28 24 23
32 22 33
34 22 33
33 30 24
26 26 20
39 38 20
24 23 16
23 22 25
29 25 33
28 31 36
36 30 37
28 26 28
25 25 33
34 21 26
38 37 35
21 43 28
34 32 25
32 22 27
24 26 23
13 33 22
25 29 15
20 33 26
33 24 22
20 22 22
36 32 21
16 20 13
29 30 23
36 30 24
20 21 16
21 30 29
34 34 26
36 32 28
22 26 28
26 14 23
45 37 19
24 43 14
27 36 20
23 26 30
25 32 28
27 26 28
31 19 34
25 31 32
32 16 33
37 31 29
25 18 25
27 28 18
20 16 22
39 23 24
30 20 17
23 23 14
28 46 33
28 20 22
32 32 32
28 26 19
18 45 20
28 27 32
15 41 19
32 17 33
34 33 40
36 32 33
25 19 28
35 37 26
28 30 26
35 18 42
45 38 29
24 34 31
19 21 19
15 20 24
27 32 30
26 33 32
34 33 21
30 34 25
34 30 22
34 32 29
45 14 13
33 28 29
40 35 17
32 24 18
37 35 25
34 34 36
30 14 37
31 26 28
17 44 38
32 15 32
21 33 30
23 29 33
24 27 38
33 15 29
28 26 28
24 14 14
35 34 25
23 26 16
34 18 27
28 16 17
20 19 35
20 26 28
38 30 40
37 37 32
24 45 35
21 33 17
20 19 17
34 32 22
36 26 23
37 40 25
29 21 32
38 16 28
40 31 33
34 20 29
20 32 14
45 26 17
31 17 32
18 27 18
23 15 21
26 38 28
34 28 40
20 30 19
28 26 28
27 21 34
18 16 32
35 32 26
19 31 28
25 21 33
23 16 27
28 26 28
39 26 24
21 20 25
29 30 16
31 34 33
34 34 33
28 32 33
24 26 28
23 29 40
26 19 14
15 44 29
44 23 33
29 15 21
20 32 19
29 22 17
26 18 34
19 37 32
27 28 22
44 25 23
25 33 22
27 23 35
15 26 28
36 33 35
18 36 21
29 34 23
27 44 27
34 15 15
31 26 27
19 20 28
16 33 23
27 16 28
38 28 31
37 24 33
14 30 16
33 32 33
16 26 28
31 26 30
25 37 25
22 26 27
30 24 20
32 26 26
28 23 25
21 15 28
36 15 29
27 30 17
32 22 16
30 44 28
25 24 19
36 21 33
41 26 28
18 30 39
44 21 32
22 37 37
28 17 33
21 34 27
23 32 28
24 26 28
28 15 21
16 35 26
33 25 32
33 16 23
28 31 39
17 32 33
25 26 28
28 14 17
32 30 32
38 33 25
20 18 27
29 27 38
36 32 21
25 21 28
39 29 20
28 37 32
35 38 22
17 26 31
17 34 39
36 15 37
17 26 28
22 17 27
32 30 32
28 33 14
30 31 31
30 29 32
31 31 32
26 15 28
39 33 33
34 37 32
30 37 21
34 25 28
26 27 36
16 32 20
20 26 26
26 24 19
17 37 21
23 24 38
43 16 15
26 33 19
28 28 23
21 17 15
34 24 37
42 16 22
22 41 16
31 34 13
23 34 23
31 32 20
28 24 28
33 21 26
29 17 32
15 25 31
34 28 33
16 20 26
18 29 15
21 20 28
19 28 34
22 29 27
29 22 44
30 46 32
31 17 26
36 28 16
36 17 16
39 18 40
21 33 16
17 41 24
44 29 22
34 30 17
30 28 25
24 26 25
39 19 22
28 29 30
19 34 34
42 26 25
34 34 26
29 32 17
23 22 27
20 20 31
28 30 25
34 30 46
37 31 28
34 27 20
25 29 21
38 26 28
35 18 29
22 24 32
13 43 33
20 34 15
30 28 35
16 19 37
30 23 25
36 31 32
28 37 32
30 24 20
18 30 33
17 22 28
29 26 29
25 26 28
35 40 40
42 28 32
17 17 22
40 14 33
34 15 24
34 24 21
27 26 28
32 15 25
46 30 31
29 23 31
25 32 23
34 26 33
24 20 32
24 26 28
28 18 37
33 19 32
38 24 26
28 36 33
34 25 28
32 32 19
36 21 26
31 30 35
39 20 25
19 31 40
40 20 33
19 25 15
26 21 37
19 25 28
19 14 22
35 25 32
35 22 29
34 25 29
34 33 19
26 30 33
36 22 28
33 28 18
19 23 19
38 18 22
20 33 31
17 29 35
20 28 34
23 26 19
39 24 32
35 22 27
33 28 21
43 33 16
34 21 24
30 24 34
29 26 27
34 20 20
14 30 18
30 17 23
26 31 24
31 32 39
36 32 37
24 16 20
24 28 36
26 31 23
38 19 30
17 33 28
30 34 29
13 32 37
36 26 25
25 23 14
14 24 19
25 27 19
33 23 19
31 34 20
17 27 21
36 26 28
27 30 36
13 30 30
24 44 36
31 24 30
25 25 24
28 30 28
23 26 18
18 29 38
15 22 28
34 29 39
18 39 33
33 24 13
34 18 32
17 26 27
26 23 29
16 37 32
25 23 21
27 37 33
24 34 25
28 32 27
46 26 18
21 26 28
38 34 29
28 40 29
24 18 26
32 34 15
36 24 22
31 26 27
39 23 26
18 18 32
26 25 26
28 21 33
32 22 34
22 23 25
14 22 28
29 42 27
37 27 32
32 19 38
32 30 26
24 34 21
23 25 27
24 26 28
39 24 40
37 37 32
26 40 27
40 24 33
16 14 31
28 23 14
18 23 25
27 31 24
27 37 21
16 34 26
40 35 17
22 23 28
24 32 26
40 26 20
35 33 28
23 18 32
30 19 20
20 25 16
34 33 21
23 26 31
36 14 28
35 41 32
24 23 18
25 36 24
35 32 32
19 33 29
31 32 24
18 26 28
28 21 32
26 25 20
37 32 26
27 42 23
18 26 27
33 32 25
30 26 20
30 39 21
35 37 30
22 37 36
33 25 25
26 16 29
32 30 25
33 26 13
39 33 23
18 27 32
22 28 29
14 26 33
32 34 36
33 25 15
18 26 26
28 27 37
32 32 32
13 20 35
31 19 30
20 34 24
36 32 23
24 18 19
26 24 23
46 25 25
31 22 25
29 38 23
23 30 23
22 32 28
24 21 27
22 31 24
16 28 27
28 17 34
31 40 22
34 26 25
28 14 37
29 26 28
19 18 28
22 37 23
28 15 37
25 34 28
22 23 28
25 25 19
17 26 28
27 17 39
37 37 32
35 30 21
27 18 15
21 25 21
13 32 18
22 26 28
31 18 40
32 26 27
38 28 28
21 21 33
29 31 20
16 15 24
35 26 28
26 26 39
22 22 21
31 17 25
26 28 29
34 17 26
36 19 25
28 23 28
19 44 23
29 31 32
28 23 13
25 25 29
27 34 25
13 32 29
13 26 15
27 39 17
31 37 15
26 33 30
32 20 33
28 34 36
23 22 22
38 26 22
26 33 29
25 36 21
32 29 27
39 26 21
27 14 31
17 28 28
19 26 19
36 28 28
44 26 27
36 22 23
21 30 26
16 25 33
33 17 25
43 26 16
30 35 18
36 27 26
34 29 25
39 22 14
34 34 25
13 22 28
35 26 22
23 18 39
32 22 32
38 22 34
24 18 30
31 34 34
35 23 37
40 26 28
14 44 31
28 37 17
36 29 39
30 14 20
27 34 35
32 19 16
38 26 28
32 23 33
22 36 24
18 13 26
30 28 19
34 33 28
36 21 34
29 20 16
19 38 22
36 37 16
18 44 37
21 27 33
24 34 32
24 32 29
25 26 28
25 33 20
31 31 30
23 20 39
39 30 14
30 34 19
16 16 26
21 25 28
26 22 19
18 30 32
29 29 23
24 22 27
20 28 34
34 32 33
33 26 18
28 27 27
43 27 19
26 25 39
36 29 33
30 30 21
22 25 17
31 26 21
17 25 37
31 35 14
24 33 18
17 37 33
34 20 26
36 32 21
21 19 24
35 39 23
17 23 17
25 24 38
42 14 28
31 31 21
36 28 17
28 24 28
38 46 26
28 24 19
36 19 24
20 23 32
28 23 40
36 32 27
34 21 24
25 13 31
24 26 32
32 28 18
34 22 24
32 27 35
24 19 29
39 26 24
24 32 25
17 25 26
31 21 35
33 21 33
34 23 28
36 13 22
13 16 28
25 34 34
29 20 21
38 30 21
32 26 31
21 26 23
15 18 27
22 24 28
22 35 28
19 15 32
14 34 28
40 25 33
18 24 25
13 28 37
20 26 18
25 33 27
36 15 29
27 33 38
45 40 18
25 15 24
36 22 37
19 26 28
37 15 22
29 17 32
38 38 22
31 21 27
31 33 31
28 29 28
45 17 25
18 24 36
27 32 18
22 27 45
33 24 32
30 30 32
36 17 27
43 26 28
38 17 19
30 30 25
25 38 39
23 29 26
33 18 25
36 32 32
29 25 28
32 37 16
25 25 32
21 28 19
16 27 33
15 34 22
26 32 33
20 22 20
36 26 35
41 23 32
31 28 30
31 20 18
34 32 37
31 27 13
22 26 18
29 13 36
15 37 32
26 32 13
21 34 29
13 19 21
36 30 37
31 26 26
31 36 16
19 32 20
32 23 24
44 26 16
32 34 34
22 22 23
26 22 24
28 39 39
24 20 31
38 20 27
33 13 33
34 14 22
35 21 37
31 26 28
28 39 13
24 31 24
27 24 35
32 26 26
34 34 25
21 32 13
40 26 20
25 14 33
31 37 20
21 31 20
22 25 19
23 29 22
19 32 37
34 26 20
27 23 33
21 16 27
29 33 30
31 20 22
34 18 33
18 23 37
29 26 18
25 28 20
33 19 24
37 26 16
28 17 29
18 25 17
17 30 34
14 26 28
33 38 40
40 35 28
26 26 23
31 44 33
34 34 36
21 16 28
13 14 28
39 45 22
23 37 32
35 35 32
23 21 31
34 18 15
18 27 31
34 26 28
20 19 36
26 22 18
24 19 37
17 33 33
15 16 25
27 32 37
29 17 28
29 39 25
18 37 16
23 39 25
19 34 33
26 18 39
30 32 26
27 26 22
39 39 33
16 13 32
26 31 19
20 25 33
34 31 19
29 22 31
26 26 26
29 39 33
16 27 32
29 24 14
27 21 33
20 34 20
27 20 37
45 26 25
26 44 20
44 21 19
16 43 17
23 27 33
22 18 24
36 32 37
31 19 28
28 32 15
22 32 32
24 46 19
34 43 16
25 30 25
31 21 20
23 26 20
37 20 24
26 26 23
21 32 37
20 38 17
34 32 27
20 28 35
23 26 28
31 18 21
30 37 32
37 46 24
18 39 33
34 30 34
32 32 24
24 22 28
25 17 37
43 31 16
26 33 25
24 27 31
32 34 22
26 32 14
37 13 18
16 35 30
26 20 32
33 35 26
13 29 31
34 30 26
28 18 29
37 26 21
16 34 38
31 33 32
25 31 39
43 25 33
34 22 25
36 32 32
46 16 21
39 41 29
35 25 20
19 28 30
28 31 26
33 18 36
25 20 37
39 21 18
15 27 28
21 15 32
27 33 25
15 27 33
20 20 22
36 32 14
21 26 28
17 17 38
35 31 32
13 31 33
17 28 21
26 23 19
36 30 34
19 26 17
29 24 33
29 31 32
37 17 34
29 26 24
25 21 40
20 32 29
39 26 28
39 36 34
25 23 32
30 17 28
45 28 33
26 30 29
36 32 37
20 26 22
19 44 40
45 37 20
13 31 16
33 25 20
23 25 40
36 28 37
17 26 28
30 36 26
21 37 31
32 38 29
16 24 15
34 34 25
29 32 16
36 26 22
39 18 16
17 27 20
21 26 32
24 23 33
19 16 37
28 24 35
30 21 28
33 26 26
28 30 14
33 38 31
23 20 22
22 34 34
36 23 37
22 22 28
29 23 23
32 37 15
26 37 28
37 38 20
21 34 31
24 32 21
27 22 28
27 28 30
44 32 26
26 32 43
22 29 21
21 34 15
36 32 18
29 26 26
20 31 15
13 22 24
27 31 22
32 20 33
32 32 37
19 27 29
26 26 25
21 18 40
44 13 32
38 34 31
32 20 29
22 34 18
28 32 37
20 24 28
27 23 36
18 37 32
17 20 22
24 35 32
15 34 32
18 25 14
38 26 18
25 21 30
16 25 32
15 35 18
26 32 33
34 30 27
30 32 27
30 26 20
39 39 26
21 26 24
17 29 28
40 24 25
22 21 31
14 25 20
30 26 27
25 45 35
44 37 32
19 33 22
34 30 25
18 21 40
27 32 36
25 26 26
39 15 29
15 14 19
13 22 25
27 37 18
23 34 24
33 14 16
14 16 28
16 27 26
20 31 31
27 39 21
43 32 28
34 34 39
25 32 15
35 26 28
39 27 24
22 23 23
30 29 44
19 30 22
34 24 22
19 21 22
27 23 21
31 34 33
22 31 32
34 33 38
33 17 21
16 21 31
16 22 37
35 26 23
20 38 20
16 19 23
23 41 24
28 20 27
26 27 40
36 26 32
31 26 28
21 22 40
27 30 28
13 19 13
29 20 32
32 22 18
20 23 24
37 26 28
35 20 22
30 32 32
31 22 44
27 22 33
13 34 26
28 21 34
35 26 28
28 27 24
36 21 22
13 44 29
30 29 31
31 34 34
20 32 22
33 26 28
31 17 26
25 22 32
35 29 21
35 36 31
34 21 26
32 26 24
43 22 28
39 37 23
35 27 32
33 45 16
44 33 26
31 28 26
36 32 37
20 26 28
15 43 27
40 37 32
20 27 27
32 28 33
34 27 31
25 32 26
21 19 28
31 37 22
24 21 32
27 20 18
34 23 33
28 19 18
36 23 28
27 25 22
29 30 27
19 30 23
30 20 25
33 24 31
13 18 34
21 23 15
27 22 20
34 16 34
31 31 18
37 25 21
22 39 31
29 13 30
28 32 32
18 26 23
39 28 39
35 31 21
27 44 28
30 22 33
34 15 22
30 31 15
23 26 22
19 28 23
29 30 24
20 23 33
20 46 23
32 33 28
26 15 14
29 26 28
21 33 21
20 29 28
31 19 29
36 22 25
28 21 23
22 22 14
39 16 28
14 40 35
24 31 28
29 39 45
17 21 33
34 28 29
36 32 31
34 26 28
33 20 27
13 21 27
37 30 33
39 22 17
33 17 40
17 16 19
38 26 19
27 13 18
34 36 18
18 26 31
27 41 32
34 18 29
31 32 31
22 26 28
19 14 21
28 25 15
31 33 26
22 34 33
20 34 30
28 22 37
37 26 28
16 20 40
34 29 24
38 44 45
19 23 29
23 22 29
36 24 31
29 26 17
39 31 15
23 17 14
27 36 18
39 19 33
32 31 40
31 19 37
33 26 28
24 19 19
41 37 32
35 43 26
26 17 33
24 34 20
34 23 37
16 17 28
31 25 13
43 33 32
35 16 26
32 18 24
32 34 30
25 32 31
21 23 25
22 24 40
20 28 32
26 19 25
43 14 24
34 34 31
29 32 37
23 26 28
36 30 28
19 29 32
36 16 34
34 27 26
26 34 36
29 32 30
34 26 28
20 13 34
30 28 29
38 36 17
44 27 23
22 24 40
36 32 21
32 26 26
22 24 31
15 23 15
28 35 33
22 35 22
21 29 40
23 32 18
29 26 25
18 31 23
45 37 23
19 15 23
29 46 21
34 27 19
23 32 30
40 26 28
22 38 23
22 33 24
38 35 38
35 25 29
14 19 40
28 22 26
19 23 28
31 20 19
35 23 23
25 33 33
14 42 33
31 34 35
36 31 35
27 26 28
29 27 24
25 15 24
26 20 32
29 38 31
31 33 15
32 32 37
42 22 24
39 34 26
21 34 24
38 42 46
41 29 33
31 17 19
26 32 24
23 26 28
35 19 39
27 27 32
14 36 34
30 36 33
34 33 29
32 32 26
38 25 28
18 25 27
32 17 21
30 20 16
41 25 30
17 29 38
28 21 25
21 22 28
39 25 22
21 29 24
25 34 45
20 18 33
24 31 17
29 23 28
14 20 15
21 38 40
44 22 32
30 32 28
19 33 33
30 34 34
17 32 37
20 20 17
20 21 32
27 21 21
28 27 22
18 39 19
22 34 33
29 30 15
25 26 15
33 31 29
16 30 18
17 44 43
33 17 32
34 34 25
19 32 37
32 26 15
27 22 28
28 26 15
38 38 29
13 22 25
13 34 30
30 23 36
26 23 28
26 28 39
32 36 18
28 14 14
16 22 26
29 34 32
36 27 37
30 24 28
20 15 36
34 37 30
16 36 22
33 28 28
26 24 19
14 32 35
25 26 17
37 29 24
37 22 17
27 28 25
35 25 23
27 34 23
25 30 37
17 24 15
36 42 29
19 20 32
37 22 35
30 27 17
23 34 34
35 14 31
23 26 23
37 36 40
21 37 25
18 16 17
26 25 18
22 32 20
30 19 24
44 15 21
33 28 24
40 37 13
23 40 23
46 42 19
34 34 38
36 21 33
23 26 24
39 25 29
34 14 31
31 39 22
22 27 27
19 30 26
30 26 30
21 22 28
20 22 28
19 32 13
38 32 21
23 30 21
34 25 20
36 32 35
15 26 28
27 31 20
27 19 32
28 24 28
29 35 33
32 34 29
20 30 34
32 26 28
25 30 29
44 20 20
35 26 27
36 36 33
31 34 14
28 32 30
35 21 28
20 17 27
44 37 32
31 19 35
18 42 33
34 26 20
21 18 24
42 25 28
36 23 27
32 37 32
30 38 28
25 18 27
17 34 40
31 32 37
27 26 28
34 36 15
34 21 32
34 26 18
15 29 22
20 14 20
13 25 27
28 26 27
27 28 28
20 32 30
20 36 36
25 13 28
33 19 36
20 32 32
23 26 28
18 18 31
35 37 21
38 30 43
41 29 27
28 29 26
29 28 19
27 26 28
32 43 17
38 28 24
24 29 17
36 18 21
34 34 20
27 17 17
28 23 17
21 24 19
25 24 28
23 25 39
30 30 19
21 20 17
31 21 27
21 26 28
31 16 40
31 32 32
37 31 14
41 29 24
26 19 23
23 32 16
27 26 20
36 29 21
28 37 32
38 27 30
22 30 20
24 16 40
36 32 30
13 26 18
25 43 22
28 27 32
35 40 30
21 30 28
34 20 35
36 25 37
42 26 28
39 31 36
22 31 32
15 30 26
27 39 24
26 34 39
33 18 22
38 24 28
28 17 40
33 21 31
19 44 23
35 20 33
19 34 29
36 14 30
23 19 25
18 26 32
24 27 29
21 26 36
30 28 33
31 19 40
33 32 24
35 14 26
29 28 23
24 24 32
36 46 39
37 38 27
34 33 36
31 24 31
37 26 28
30 29 17
37 20 31
38 33 36
46 26 20
15 34 29
29 26 27
24 26 28
39 41 16
41 33 30
25 27 22
36 28 22
31 34 25
28 23 28
35 23 28
39 23 31
28 32 24
26 22 25
41 39 33
26 28 21
15 32 23
24 21 17
39 30 23
26 29 31
20 41 40
30 32 27
31 34 21
16 28 37
30 26 28
24 19 38
18 23 30
20 25 39
44 31 27
34 29 27
19 32 23
29 17 28
31 33 31
35 26 21
28 29 42
19 40 28
23 20 32
24 30 37
31 26 23
30 27 27
28 26 32
38 31 29
41 19 33
17 21 34
36 14 20
46 26 28
28 27 23
29 22 18
38 20 31
18 29 33
23 31 36
29 29 37
16 23 28
39 29 19
30 22 17
37 27 39
46 24 29
31 24 40
36 20 30
30 26 28
29 20 22
40 26 32
27 33 24
38 25 24
34 23 33
28 25 31
36 25 21
22 22 39
27 35 32
32 28 28
31 28 24
31 20 40
20 32 32
38 22 13
21 36 29
44 19 32
21 28 38
25 38 17
34 18 33
36 32 27
22 14 28
22 19 24
25 35 19
38 38 18
20 28 21
34 17 36
36 28 18
37 26 25
20 26 40
23 19 32
25 19 45
24 45 26
18 30 26
13 24 25
17 24 28
33 13 15
16 23 26
38 26 34
25 30 26
27 31 21
28 32 13
30 26 17
26 27 40
28 26 23
18 23 19
27 33 33
34 24 33
35 32 37
23 26 26
39 45 25
38 31 27
26 22 25
18 28 29
34 23 33
34 24 18
21 26 28
35 24 25
14 37 27
24 34 15
29 34 28
23 34 24
36 14 30
31 26 23
24 43 15
43 14 25
20 21 33
26 40 25
23 17 17
23 29 27
25 26 18
24 30 28
23 19 30
38 21 35
34 16 33
34 34 31
28 32 15
30 25 28
32 28 34
24 37 25
14 25 32
44 30 33
32 16 33
36 24 27
37 26 28
39 26 40
20 22 22
38 23 44
28 20 33
34 27 13
34 32 37
27 23 28
17 44 18
19 34 32
38 21 32
33 45 33
29 34 33
23 32 14
14 20 28
33 38 40
40 23 29
21 38 21
32 39 21
24 34 33
36 16 36
23 26 21
39 29 30
23 22 32
34 34 32
30 31 33
28 34 35
28 32 23
30 17 18
23 25 24
36 34 32
38 32 42
24 30 33
29 19 25
26 32 33
30 26 28
28 20 40
14 29 27
33 29 28
22 46 22
34 31 17
27 18 24
17 26 28
20 28 40
33 21 30
18 36 32
27 16 17
34 29 35
26 27 35
37 26 22
26 31 36
22 31 24
34 43 43
18 19 26
34 17 18
28 29 37
33 26 27
20 42 23
24 30 21
35 21 42
17 24 13
28 14 27
19 32 34
29 26 28
34 33 28
17 37 18
26 22 38
30 19 33
33 33 17
27 27 14
14 21 20
33 17 25
28 20 32
38 29 16
30 20 33
31 24 19
22 18 26
17 26 28
27 31 33
37 37 32
17 16 28
27 40 33
33 27 25
29 20 15
25 21 28
33 44 29
18 37 25
36 25 21
28 39 30
13 28 18
36 32 31
26 23 19
28 30 39
26 17 29
17 31 46
24 34 24
34 34 21
26 30 30
21 24 21
15 17 24
31 29 32
18 23 34
41 18 23
34 21 33
19 29 37
33 26 28
20 27 22
40 33 20
31 16 24
32 29 22
22 30 17
20 32 37
30 20 23
20 14 19
18 37 32
32 40 26
26 30 14
21 34 31
36 32 37
41 26 28
20 19 21
37 22 17
34 26 24
37 14 26
34 34 36
36 32 16
21 26 23
19 27 27
36 19 24
30 33 32
33 22 33
21 33 25
36 21 21
21 18 28
39 38 36
38 37 32
32 43 43
43 17 24
17 34 39
36 30 28
37 26 21
38 25 26
24 17 32
25 37 21
26 17 33
34 29 32
17 25 28
43 14 15
39 13 23
17 14 28
20 24 43
14 20 21
21 19 36
29 20 21
34 21 16
25 30 13
27 37 21
34 35 42
45 37 23
33 34 28
30 31 27
46 26 28
26 32 17
32 37 27
37 43 23
22 21 27
33 34 21
36 25 22
33 23 25
28 29 37
32 26 23
37 34 31
32 42 33
22 20 34
24 26 35
38 26 28
22 24 17
32 37 24
15 24 33
30 20 23
24 22 24
20 26 28
30 26 28
37 43 26
20 32 22
38 27 32
17 46 20
28 33 27
27 32 34
16 26 23
35 40 32
32 32 25
36 20 32
30 26 33
31 23 36
36 32 36
39 26 21
34 37 38
26 20 29
38 24 23
22 34 18
17 13 40
36 28 37
41 22 15
17 24 34
43 28 26
17 21 18
39 15 33
20 16 18
24 32 29
18 21 26
15 33 40
34 13 30
38 21 46
38 45 20
22 34 20
18 32 26
27 26 21
37 15 13
32 35 20
38 28 27
32 19 30
33 34 23
29 17 32
31 16 28
39 33 27
18 33 32
28 17 41
36 18 31
20 32 31
30 29 35
27 26 27
19 40 30
29 23 31
26 36 28
33 19 19
27 26 30
35 28 26
33 26 24
19 20 20
32 37 32
34 43 41
23 18 27
31 34 22
36 18 22
28 26 16
26 34 21
18 37 25
19 14 30
37 37 28
26 25 33
28 22 27
20 24 25
31 44 30
18 20 19
19 41 26
38 33 33
34 20 20
36 15 28
32 26 28
20 25 18
32 37 32
23 42 35
33 34 33
21 23 19
23 32 37
16 20 28
30 15 32
41 26 32
38 40 35
24 36 26
23 28 23
19 32 25
22 26 28
31 24 37
34 25 32
24 28 33
29 29 23
26 27 25
34 25 32
39 26 28
22 14 36
43 22 21
32 24 26
14 37 20
34 33 28
23 32 19
29 13 28
39 32 32
19 37 26
31 23 41
26 24 25
34 27 22
30 26 20
25 17 22
23 29 20
37 37 19
28 37 22
21 23 27
24 34 36
36 32 20
19 26 22
21 39 25
25 33 32
24 36 33
23 23 33
34 30 18
33 19 29
25 21 28
26 14 40
42 16 32
38 30 46
30 28 21
34 34 19
20 26 34
45 26 28
35 13 24
16 34 32
16 42 29
29 29 33
30 28 40
36 32 37
39 18 26
26 18 26
21 31 25
29 20 28
26 43 13
28 30 40
28 19 37
16 26 27
27 28 25
34 31 21
21 39 33
31 27 16
32 34 34
35 18 30
26 24 28
23 23 26
22 28 28
15 36 23
37 24 22
25 31 26
20 20 16
17 26 28
28 38 40
22 35 32
31 31 35
25 25 31
34 26 40
36 32 37
23 26 28
38 25 20
30 21 17
34 14 44
14 43 30
16 21 24
33 28 35
23 22 28
13 37 23
35 25 24
38 17 23
23 21 29
29 15 19
31 27 32
31 26 26
26 37 31
17 33 29
38 32 29
21 33 15
30 24 36
36 28 35
34 26 28
39 29 23
18 25 32
19 40 37
40 29 33
34 34 38
14 32 26
23 23 28
39 17 23
17 37 31
21 27 31
28 27 17
32 15 32
19 32 31
33 26 28
25 30 38
29 24 32
23 36 18
19 19 33
21 24 18
36 30 37
35 26 28
28 21 20
35 16 23
38 36 18
36 39 27
31 17 36
16 32 30
27 26 28
35 30 38
37 37 32
23 46 28
26 22 19
15 21 36
30 28 34
41 26 21
34 22 21
15 23 27
18 21 31
35 34 33
21 14 40
17 30 37
44 26 28
37 23 40
13 28 20
22 16 23
30 30 29
34 26 25
25 23 14
34 26 28
22 33 40
34 14 25
23 36 26
33 17 17
17 30 35
36 32 37
41 23 26
30 32 29
25 34 21
18 44 36
31 28 18
22 32 23
17 28 25
25 26 28
39 35 35
22 30 32
25 18 25
16 25 19
34 30 35
29 13 27
44 20 17
24 24 29
34 37 20
34 25 29
36 33 13
26 34 26
23 32 30
30 26 28
27 24 20
35 30 18
31 21 31
21 29 30
28 34 25
19 32 17
33 26 28
21 31 15
26 32 13
38 37 37
25 29 23
34 17 40
26 32 31
36 22 26
39 30 18
22 35 25
20 22 19
25 28 33
30 34 33
22 30 27
30 13 28
16 34 26
21 37 32
17 27 31
21 26 33
21 33 40
36 31 22
35 23 28
23 32 40
28 29 32
22 37 25
43 28 30
24 34 33
36 32 36
26 26 18
29 42 24
32 32 16
26 25 43
27 36 26
34 26 39
36 32 22
17 25 24
23 15 29
28 22 24
32 23 29
43 46 30
34 34 32
23 30 19
22 20 25
16 36 22
22 19 20
28 20 31
33 23 33
30 30 25
22 24 20
23 16 28
32 27 18
38 34 21
20 33 37
33 45 28
19 34 27
36 32 18
23 26 28
39 16 40
17 21 32
23 19 26
37 36 33
16 13 22
36 32 16
31 21 28
35 14 20
21 26 13
28 34 38
25 27 33
28 21 27
30 32 36
28 16 24
16 13 39
13 26 32
16 38 34
22 31 33
30 17 22
29 32 27
32 26 25
24 35 22
21 32 24
38 35 41
41 16 22
25 34 17
34 18 29
41 21 16
17 25 21
24 29 19
24 32 29
31 36 33
34 28 31
36 22 37
28 26 28
39 44 19
40 37 24
25 23 29
24 22 33
25 19 37
28 20 37
22 15 18
24 40 26
17 30 17
35 44 27
28 24 33
18 28 31
17 19 27
40 23 25
31 13 26
35 25 19
32 42 36
37 19 31
24 34 30
29 16 20
26 26 28
27 28 31
15 36 24
31 17 28
37 42 16
34 23 19
29 27 18
25 26 28
39 14 33
24 15 28
23 25 24
25 28 18
34 13 24
15 32 21
28 25 28
25 24 22
17 25 30
25 41 30
25 46 27
34 34 29
36 27 37
31 20 25
38 25 19
22 32 17
31 20 35
20 34 28
34 26 23
16 32 35
43 22 28
39 29 29
29 27 18
21 24 30
30 23 33
20 24 33
29 32 30
25 26 28
39 43 19
28 23 24
24 39 27
18 25 20
34 24 30
25 29 20
26 22 15
25 13 16
26 14 14
36 26 29
22 28 30
22 34 31
21 19 28
26 26 28
17 39 40
33 37 27
33 28 36
32 22 15
21 19 30
20 17 18
31 26 28
34 41 40
23 31 32
28 42 39
22 33 15
30 21 24
26 23 18
20 26 23
21 21 26
37 37 27
37 30 37
39 34 33
34 27 18
22 15 37
25 26 28
30 35 17
33 31 21
26 31 20
36 14 22
31 27 24
32 32 25
25 19 28
20 18 38
19 37 29
25 39 24
42 40 33
22 20 32
34 16 16
17 15 28
39 26 32
31 15 16
30 19 42
22 28 28
25 24 40
36 32 19
34 26 28
23 29 38
32 32 32
22 19 27
29 26 33
25 34 26
23 28 33
36 18 25
17 30 40
21 24 16
31 22 38
23 29 30
34 20 35
27 27 16
17 26 16
17 37 38
30 22 32
38 24 39
34 35 24
17 29 32
23 32 26
32 26 28
25 19 32
29 20 31
17 30 20
26 25 33
28 31 40
34 32 17
30 19 28
16 39 40
27 23 32
16 33 14
30 25 28
34 32 13
36 16 37
29 21 22
23 36 29
39 21 31
19 21 15
20 17 33
32 34 40
30 21 37
27 23 28
31 31 29
13 26 30
23 37 35
14 28 33
22 24 37
28 17 35
33 26 28
32 36 37
26 30 32
21 17 30
22 29 19
25 34 18
17 32 31
35 26 28
22 17 34
26 19 20
24 40 46
22 33 33
29 21 18
33 23 37
42 26 28
19 31 33
29 20 30
33 29 28
23 21 33
16 23 21
17 32 28
41 26 26
24 29 31
43 32 27
35 34 20
27 37 33
34 27 20
14 32 31
32 26 26
29 31 32
33 19 32
24 30 21
33 25 33
24 34 32
22 20 22
29 26 22
37 24 35
13 34 31
34 16 22
36 41 28
33 28 21
36 30 31
31 14 27
36 14 21
35 23 20
17 36 39
42 19 23
32 17 25
29 28 32
23 26 22
39 20 40
13 37 32
29 18 24
33 18 17
34 34 33
36 32 20
18 26 17
30 19 22
25 24 28
27 31 40
22 33 33
26 22 34
30 26 37
17 26 28
31 24 29
22 20 32
38 24 21
29 35 21
27 27 40
21 32 37
29 24 28
16 31 16
29 23 32
37 26 23
33 15 33
33 15 22
34 31 36
34 22 27
31 24 34
38 20 32
33 31 31
32 41 16
32 17 21
26 25 16
28 21 20
29 38 22
36 17 32
31 30 29
22 20 33
34 17 17
33 18 28
26 24 28
32 19 37
20 29 30
29 29 41
20 32 24
18 34 22
25 32 13
30 26 24
29 44 27
42 30 32
23 46 24
32 29 30
19 23 37
31 32 16
18 19 18
24 24 28
24 35 31
30 16 36
31 22 18
23 34 30
36 24 13
36 26 19
31 15 40
20 33 32
37 28 37
23 35 18
32 26 32
30 23 18
33 26 18
29 37 31
46 36 32
38 38 29
20 19 29
27 31 37
33 32 29
29 24 28
25 35 40
30 37 28
25 15 39
20 25 23
22 14 28
27 32 26
39 26 28
27 28 27
22 35 16
16 21 20
41 46 33
17 30 31
28 31 28
23 26 17
34 23 28
13 25 22
26 14 40
31 25 31
27 26 30
28 29 32
37 26 14
27 28 28
23 37 32
27 31 25
18 23 20
34 33 34
24 32 20
28 26 24
21 21 25
18 36 32
38 34 31
32 15 33
29 34 29
25 13 18
37 26 28
35 16 37
20 29 17
29 19 15
26 14 28
17 17 34
14 21 20
19 26 21
26 20 32
21 37 28
17 25 28
42 29 22
30 31 40
29 32 24
37 26 28
39 46 33
14 18 32
30 29 18
41 15 23
32 34 25
19 21 35
41 26 14
39 32 25
34 16 22
29 29 27
14 13 17
34 15 36
30 26 31
43 22 14
24 28 35
41 37 26
19 21 44
20 24 25
27 21 28
22 18 26
34 24 24
28 24 34
24 37 32
30 36 33
25 26 29
32 22 17
28 27 37
20 26 28
32 26 39
33 26 32
32 21 41
20 34 33
22 26 37
17 27 30
43 26 27
34 15 26
43 21 28
32 45 22
25 20 14
22 19 27
36 18 27
37 26 28
32 31 31
43 19 16
26 43 41
39 46 27
34 34 28
13 29 24
23 26 24
34 36 28
36 35 32
22 31 21
20 20 33
30 33 37
19 29 27
24 17 28
26 28 28
16 37 32
23 34 27
41 24 33
19 31 25
19 20 16
32 26 28
39 26 25
20 20 32
35 16 21
33 14 19
20 34 33
36 22 19
26 19 23
33 26 40
42 18 31
26 30 42
22 40 33
17 34 25
23 17 15
32 21 19
23 45 32
21 28 32
19 26 15
26 28 15
28 22 24
24 21 34
23 26 27
36 27 25
27 18 25
35 25 37
14 32 25
23 28 34
22 32 24
32 24 28
30 45 25
15 22 24
18 25 33
29 24 29
20 27 28
28 31 34
32 17 28
23 44 25
28 37 27
26 26 22
39 21 33
34 15 29
36 29 37
18 17 27
16 36 13
28 25 30
32 15 15
41 44 26
27 23 24
36 32 28
36 26 28
18 26 21
34 30 32
38 26 25
27 20 26
19 34 35
36 18 37
27 24 16
28 35 31
23 24 32
34 35 30
30 23 26
18 21 34
29 32 22
41 24 21
37 25 40
37 19 32
38 15 30
36 31 33
34 18 18
16 22 34
41 14 28
38 20 27
37 37 32
17 41 45
37 33 23
22 27 26
36 23 13
18 26 24
18 39 34
20 28 32
33 17 37
25 22 29
25 34 27
36 23 31
30 26 28
17 39 27
30 35 32
29 23 39
39 39 28
25 34 40
22 28 21
40 26 28
25 34 19
15 35 25
25 26 39
19 19 18
18 26 35
32 20 37
25 26 26
27 30 28
46 27 32
29 21 36
17 29 27
17 34 34
23 32 30
23 26 28
34 18 23
23 31 29
26 23 28
22 30 30
34 34 32
29 14 31
24 26 28
28 31 40
40 23 32
32 26 37
36 23 24
33 15 40
20 20 22
29 24 21
15 14 27
30 18 27
31 41 26
33 46 25
28 34 15
19 15 20
35 26 28
24 32 26
17 37 19
30 45 26
28 21 22
13 19 19
20 16 18
33 23 15
13 34 38
23 33 13
37 29 32
15 20 24
31 24 34
26 32 24
21 26 15
19 30 17
39 28 30
38 41 26
13 16 29
20 29 15
28 27 24
29 20 25
28 31 31
28 37 32
29 13 14
35 20 31
25 34 40
36 32 34
37 26 28
25 30 39
30 27 26
23 40 46
33 15 23
34 22 24
23 29 25
27 26 28
33 26 25
44 36 29
38 13 33
26 41 14
29 34 29
19 32 17
23 26 28
18 26 33
21 34 29
19 21 22
19 32 33
30 32 23
36 26 37
39 13 26
34 20 33
31 14 16
15 22 21
24 33 20
31 21 33
16 24 24
32 26 22
37 41 18
18 33 32
29 45 24
13 39 18
34 34 40
27 32 28
26 24 28
16 31 16
29 22 32
24 29 46
37 30 20
13 31 25
24 31 33
18 26 28
30 26 16
19 27 30
25 21 16
40 40 33
33 34 22
13 32 37
24 26 26
29 24 23
18 33 19
32 27 26
37 19 33
18 32 21
22 30 37
39 25 28
34 33 20
17 37 28
18 31 45
31 27 17
22 34 18
18 31 37
23 26 27
19 42 25
19 32 25
38 26 28
34 16 33
32 20 25
20 20 34
31 26 28
32 15 23
34 25 29
19 23 37
14 25 20
19 34 22
21 32 19
31 13 28
28 14 14
26 28 32
35 39 34
37 26 33
34 28 21
36 32 23
35 26 27
35 31 40
29 30 32
22 22 25
27 24 33
21 34 33
24 19 37
20 26 28
28 39 37
29 35 32
20 31 25
37 15 33
24 31 36
36 32 20
34 26 23
29 32 22
32 32 25
33 41 24
31 25 20
34 34 26
18 26 18
26 24 17
35 21 19
29 21 32
28 40 38
18 36 27
23 27 29
30 32 37
24 24 20
32 14 15
27 31 32
14 22 21
28 36 33
21 34 26
30 27 37
26 26 28
28 21 24
43 26 24
38 34 20
20 31 27
34 34 25
23 32 22
25 21 21
21 30 37
27 28 17
30 41 23
29 35 28
34 28 33
36 25 22
24 26 28
34 23 33
44 18 32
36 24 34
40 39 33
28 25 24
24 19 31
39 26 28
23 41 15
34 37 29
16 25 43
35 21 33
25 34 18
34 25 27
32 25 25
24 26 28
32 18 26
33 36 30
22 35 15
34 34 38
15 29 27
30 26 28
18 16 37
25 37 32
33 35 29
39 31 33
14 19 34
23 24 22
31 17 28
30 34 38
44 37 20
38 28 21
30 41 23
28 23 38
29 31 30
22 25 28
24 27 26
22 34 25
38 22 37
28 36 25
34 14 40
35 32 23
30 19 27
39 29 40
24 37 32
27 21 40
46 40 33
34 27 26
28 32 27
34 26 15
19 18 29
34 36 32
17 23 31
25 32 22
17 34 25
36 32 28
24 22 20
23 13 40
27 25 28
27 34 27
40 21 23
34 15 18
36 24 35
31 26 14
39 17 25
30 37 24
31 31 28
28 37 21
24 34 22
25 18 37
43 15 28
14 36 40
27 24 32
22 33 26
19 46 22
33 20 34
23 31 26
31 26 28
23 41 40
36 19 32
16 29 28
39 23 28
17 24 14
20 32 34
25 26 28
33 23 28
38 32 24
28 37 27
40 35 22
17 20 34
23 25 37
22 26 27
38 17 23
39 37 21
34 24 30
43 36 31
34 19 20
35 32 27
14 20 28
28 27 24
36 32 32
29 27 18
34 34 28
34 34 29
17 16 17
18 26 28
16 42 29
38 15 28
32 31 32
34 31 20
21 31 29
36 32 25
34 26 28
24 28 27
44 37 16
33 24 29
38 25 31
29 30 40
21 24 17
29 26 19
27 41 21
20 27 32
33 25 22
28 27 27
34 34 19
30 29 37
35 26 17
13 17 37
20 34 32
29 29 44
33 26 30
24 21 34
17 29 25
32 18 28
23 23 40
36 35 32
35 29 18
19 21 33
28 34 13
27 19 27
24 25 23
14 26 30
36 34 32
38 23 24
34 25 33
18 29 13
17 23 19
39 26 17
33 42 25
27 37 29
38 32 43
33 24 23
34 34 40
36 16 29
21 23 28
34 18 32
26 28 32
21 40 32
32 30 33
34 32 18
28 29 25
35 17 25
30 23 40
44 37 32
23 40 28
29 33 33
34 33 20
26 27 37
26 26 26
37 20 34
27 37 32
28 25 33
29 20 29
29 25 24
36 30 26
32 26 15
36 37 31
38 35 15
35 42 38
33 30 33
34 18 30
27 32 13
21 26 28
29 37 33
24 14 32
27 17 21
23 26 33
26 28 19
28 23 18
41 24 26
28 17 29
35 17 31
21 19 28
27 32 14
29 34 35
32 22 32
17 26 28
23 33 15
34 37 18
28 36 31
34 25 25
20 20 24
33 30 29
35 19 28
39 25 29
20 28 32
38 24 44
19 41 17
27 21 27
32 30 37
17 26 28
28 30 21
23 22 26
27 28 21
30 30 16
21 33 36
19 32 19
24 26 15
39 26 28
29 32 32
38 21 33
26 26 33
28 33 31
20 22 26
15 26 26
29 24 26
13 23 32
33 33 28
44 26 27
34 25 27
28 32 15
27 26 22
37 25 31
43 29 32
22 34 22
23 21 26
27 34 34
35 13 22
27 26 23
22 29 27
19 17 23
38 34 31
27 19 33
34 32 23
36 32 13
35 26 19
20 17 17
24 18 18
29 39 23
23 24 33
19 32 14
31 32 19
41 26 28
29 30 30
30 37 18
38 38 20
23 42 29
23 21 40
36 32 37
29 26 28
33 28 28
29 15 22
38 15 38
40 19 33
22 33 26
36 20 36
42 26 25
25 32 26
17 24 30
37 20 18
22 28 20
29 31 27
20 31 20
19 26 28
21 28 15
24 18 32
30 35 24
35 44 33
22 31 33
27 32 34
24 26 28
35 17 40
37 37 30
30 19 19
23 23 33
30 32 25
36 19 31
17 26 25
30 31 30
42 33 17
26 20 25
31 41 18
34 25 32
36 26 32
27 26 21
35 33 29
32 37 32
22 33 27
30 22 16
22 34 20
22 22 19
30 26 17
36 22 26
26 37 25
28 23 25
24 16 28
29 30 17
19 21 37
32 26 24
38 29 35
33 32 32
38 34 25
22 45 19
20 33 40
27 13 28
20 26 26
33 20 36
30 21 23
23 32 21
15 24 20
34 31 20
27 27 37
31 22 28
31 44 40
37 23 32
30 27 24
32 22 33
23 27 14
21 32 34
23 23 28
17 44 17
26 27 26
27 32 34
24 31 33
18 26 16
31 15 27
25 26 28
36 38 23
45 36 32
29 22 29
41 27 33
26 24 15
36 22 36
27 26 28
21 20 33
23 28 15
38 26 34
34 46 20
33 20 29
22 24 37
30 26 21
31 35 15
21 16 32
21 38 17
23 38 21
34 21 24
24 25 25
25 24 26
35 34 25
34 18 27
25 30 42
16 43 26
34 32 35
16 26 24
18 26 20
19 21 21
23 30 30
16 26 17
41 25 30
19 34 32
19 27 24
29 17 28
16 38 18
22 14 32
16 32 30
41 18 32
31 32 36
36 21 18
32 26 21
15 28 36
27 32 25
29 28 25
14 29 25
26 27 26
26 28 24
41 26 28
25 36 17
41 25 17
23 27 35
42 17 27
34 34 38
31 23 30
20 26 28
27 33 28
37 37 32
38 38 32
29 22 22
25 32 18
15 32 17
28 26 24
24 18 24
19 13 28
23 23 27
28 34 20
34 29 27
21 32 29
25 26 24
32 17 36
19 21 27
37 21 14
46 32 33
26 32 14
36 32 37
21 15 20
39 37 17
46 35 20
25 27 19
22 19 31
30 34 30
24 19 33
45 23 21
35 46 24
43 32 27
30 38 29
20 27 33
13 24 39
36 18 36
32 23 17
37 17 35
33 34 16
28 27 39
14 35 13
34 34 26
30 32 33
30 26 21
28 35 34
14 33 32
38 31 31
27 29 33
34 18 32
32 32 24
34 21 28
26 25 39
40 37 13
38 30 42
23 22 32
25 25 22
36 32 31
30 26 28
29 23 33
18 37 20
37 38 41
15 37 21
34 33 35
27 29 37
35 26 17
13 16 20
15 22 32
31 23 33
27 18 27
33 31 40
20 26 33
38 26 26
28 28 26
34 29 27
29 30 22
43 19 17
34 27 26
13 26 16
26 26 21
39 21 17
17 32 32
26 20 39
22 34 15
33 30 40
36 32 37
31 23 28
21 15 18
40 37 23
32 15 32
25 22 23
34 32 24
26 29 28
33 21 14
19 23 20
31 31 32
29 18 44
31 23 24
31 31 30
36 16 21
28 26 27
29 31 22
22 24 29
24 15 25
35 33 33
34 20 38
36 32 22
34 18 28
34 21 40
31 14 32
20 26 16
28 33 18
22 19 24
23 26 24
18 26 28
22 41 22
18 29 26
25 23 31
35 26 26
26 34 40
25 31 29
25 20 21
19 28 21
45 18 32
38 21 34
39 15 33
25 33 40
29 32 37
41 26 22
26 37 32
21 37 23
24 31 29
27 23 25
34 17 31
26 32 32
35 26 18
39 29 36
20 14 22
37 42 32
36 24 33
25 19 19
33 32 31
22 24 28
22 30 21
23 35 32
21 35 38
19 28 32
21 34 36
35 23 20
38 26 28
32 29 29
43 37 32
32 34 43
29 30 18
30 17 19
36 22 37
31 25 26
20 19 29
31 21 32
38 25 13
29 20 30
23 34 38
22 15 22
22 26 25
36 19 37
18 37 32
38 21 38
26 21 31
21 34 23
36 24 37
32 21 28
21 24 33
43 37 32
29 20 37
27 35 28
17 30 21
16 22 37
13 26 26
38 23 22
20 33 32
20 29 20
27 26 33
24 29 40
23 32 29
36 26 20
21 18 32
44 37 30
30 23 34
39 42 21
20 26 18
27 16 19
32 25 20
32 18 21
35 37 19
27 29 17
23 26 33
15 30 35
31 19 22
26 26 14
39 35 16
25 32 15
18 18 28
33 30 23
34 34 16
26 27 16
34 26 28
25 37 31
25 24 32
16 34 40
22 19 33
27 32 20
36 32 25
20 24 20
36 25 31
18 28 21
18 30 24
35 27 15
31 34 28
27 18 25
21 26 18
25 21 21
31 37 28
33 28 15
34 25 33
24 34 21
36 13 26
34 20 27
21 32 34
28 37 27
38 35 22
32 44 29
34 32 39
24 15 20
25 26 22
39 18 28
28 33 25
29 19 26
23 42 33
20 27 20
35 16 37
33 17 28
17 35 20
22 37 32
35 30 42
27 19 33
29 33 17
19 32 33
25 26 27
33 32 22
29 24 32
37 45 13
18 33 19
34 34 14
23 32 37
34 26 25
29 23 34
37 28 29
37 22 36
35 36 25
17 31 28
34 25 27
37 26 28
30 32 27
33 35 19
26 30 20
40 24 22
34 34 28
23 32 27
42 15 28
23 26 18
34 37 22
19 33 15
33 20 33
34 21 27
27 20 16
30 26 28
33 35 29
34 30 19
36 36 29
31 41 31
34 29 21
24 28 36
24 26 25
35 32 27
20 27 29
14 20 19
20 33 24
17 30 36
19 29 14
19 26 28
31 32 27
16 23 24
16 25 24
29 31 16
32 34 40
24 28 37
31 24 28
22 37 18
34 28 32
19 22 39
19 43 15
34 29 22
33 28 18
23 26 28
18 34 36
15 32 32
38 19 26
19 42 33
29 34 39
22 26 37
28 26 28
27 21 37
40 30 16
28 39 23
37 41 23
32 34 17
29 16 31
21 26 28
31 29 31
20 14 32
25 21 44
23 31 30
34 32 34
16 20 18
19 19 19
24 38 35
43 37 22
30 28 27
20 31 28
30 32 25
36 31 23
17 26 28
16 29 35
41 36 32
37 41 25
31 16 22
29 23 23
31 32 33
29 22 28
25 20 40
19 20 25
16 33 22
32 32 33
30 34 25
34 22 37
37 18 28
37 21 38
41 35 17
27 21 28
36 34 25
13 34 32
26 26 13
28 23 28
32 23 31
44 26 32
33 21 39
24 18 33
19 28 37
23 26 18
24 26 28
39 21 21
28 17 18
19 34 37
26 31 29
34 26 16
36 29 37
33 21 27
35 27 23
46 28 25
36 39 20
17 26 17
34 17 15
27 32 37
28 26 28
34 24 19
21 23 20
20 16 38
31 20 33
22 24 19
36 22 29
39 26 28
39 16 40
28 25 28
25 22 30
32 20 32
31 25 40
35 32 23
26 26 23
32 37 14
23 31 32
21 30 22
43 29 31
18 19 40
28 29 37
30 26 28
17 33 17
25 27 27
25 22 27
33 19 25
34 34 28
25 29 37
28 15 28
19 30 27
28 16 26
23 29 17
22 27 33
29 30 39
19 32 19
37 21 28
31 27 27
25 36 16
23 17 34
44 23 31
34 16 25
25 27 22
26 26 15
37 30 29
27 33 15
24 19 32
34 27 33
16 29 21
16 22 37
25 26 22
28 22 31
26 37 26
30 23 39
26 14 33
34 29 26
29 26 27
28 26 28
20 18 37
32 35 28
26 23 40
36 20 25
31 32 21
28 31 37
17 24 25
25 31 24
45 37 32
35 41 26
26 19 32
26 29 17
27 32 24
30 26 28
28 20 29
37 37 32
25 28 31
33 32 33
31 34 21
36 30 28
35 26 27
39 24 38
28 37 32
32 29 24
17 19 13
23 16 14
20 32 37
18 26 18
26 41 19
30 37 16
17 25 25
41 24 23
22 23 37
31 32 14
32 25 21
39 46 20
39 21 31
30 32 18
21 32 33
22 34 40
36 26 28
38 26 27
30 40 24
28 19 32
23 24 18
40 17 33
21 21 32
23 22 26
26 26 27
37 30 31
19 37 32
36 28 21
16 34 33
29 23 17
24 32 37
29 20 17
27 27 27
22 19 31
17 17 27
21 28 33
30 34 31
36 24 18
42 26 28
37 25 26
18 30 32
33 34 20
13 21 33
34 25 28
34 32 24
14 23 13
37 42 30
25 36 32
30 37 38
42 24 22
22 30 27
25 24 18
29 21 28
21 16 34
22 22 32
38 14 29
30 16 24
34 34 40
18 23 30
31 26 28
32 14 23
27 32 30
26 18 18
15 21 17
29 34 26
28 32 37
37 26 16
24 22 31
32 26 18
33 38 22
15 32 29
34 33 27
21 27 30
38 26 28
31 22 33
45 26 17
24 38 35
31 20 28
22 33 23
22 32 36
19 19 16
38 16 15
34 31 15
21 29 39
36 36 33
25 21 28
31 19 25
24 21 17
29 20 30
26 29 32
30 26 34
39 38 23
20 34 28
26 23 27
23 25 24
35 33 19
25 24 32
19 37 43
39 21 33
32 34 18
28 29 37
15 26 17
19 46 40
24 20 27
36 27 39
26 21 33
34 25 32
25 30 27
32 22 17
37 20 39
36 33 16
27 27 38
40 42 33
21 27 31
36 28 22
27 26 28
27 28 40
24 30 23
31 29 31
34 32 33
31 33 26
34 32 25
28 22 25
28 31 32
23 31 28
36 22 35
38 27 23
24 32 35
36 16 25
31 26 22
39 27 22
28 30 31
21 26 28
15 22 32
26 27 14
20 27 22
37 26 19
29 24 23
22 24 27
24 28 30
41 40 29
34 33 27
34 32 21
21 26 21
14 30 36
28 37 32
38 23 28
43 34 26
17 32 39
35 32 23
24 19 28
21 29 24
32 29 30
14 25 30
21 21 33
26 19 33
30 32 17
13 26 19
36 24 40
13 34 21
22 29 39
37 26 17
20 16 14
21 32 26
31 26 25
28 34 40
31 37 32
34 17 41
41 33 30
34 16 14
18 26 35
21 19 22
37 46 17
25 22 27
30 29 17
28 13 33
29 28 40
20 29 19
20 26 21
33 23 34
32 37 32
18 25 42
40 40 19
34 22 40
20 32 15
21 24 13
33 44 21
41 37 30
38 34 27
14 22 23
32 23 31
32 29 33
28 26 28
37 25 31
13 24 30
17 17 38
29 37 22
34 22 35
33 32 23
20 26 26
26 36 34
30 32 27
30 33 40
13 31 33
29 25 29
22 32 21
44 22 22
25 46 39
33 33 31
36 34 22
45 27 26
28 30 19
35 32 32
29 25 23
26 33 23
16 27 32
38 20 28
32 21 31
25 22 18
23 30 25
25 25 14
39 29 26
43 27 32
38 27 26
29 21 23
29 34 16
25 21 30
24 26 16
39 30 13
16 25 21
22 16 26
20 16 20
30 22 36
36 32 37
32 21 28
39 26 17
33 21 32
37 16 31
19 29 33
22 22 25
25 32 24
13 26 19
29 23 38
17 25 30
22 35 30
23 24 32
27 26 27
36 32 29
23 17 28
28 15 17
23 33 32
38 28 17
32 27 28
34 25 17
21 24 25
24 22 21
18 33 29
16 24 14
20 26 16
36 22 23
14 27 25
32 23 37
14 26 28
23 44 40
26 33 29
22 25 14
41 39 29
26 33 26
15 32 14
33 24 28
24 20 15
26 37 32
21 23 31
25 35 28
18 26 33
25 23 22
32 26 28
39 42 29
20 33 29
25 34 19
29 28 33
17 20 16
23 30 27
22 26 20
17 36 34
42 18 32
34 44 43
23 24 19
32 28 40
33 32 21
27 26 24
16 34 26
21 37 32
31 23 24
25 28 27
30 25 30
31 32 37
25 26 26
39 35 40
13 27 26
38 20 32
39 40 28
30 25 29
21 32 26
28 26 20
22 26 17
22 34 30
25 19 35
36 33 33
15 34 40
36 21 27
26 26 19
33 16 29
21 29 32
38 29 25
43 34 19
23 13 20
21 32 31
40 26 23
36 38 29
26 30 23
30 19 18
29 25 33
34 34 27
22 32 24
29 26 28
32 44 27
23 30 32
37 24 24
25 40 33
34 26 23
36 26 37
43 26 28
26 39 31
22 37 24
38 19 34
40 46 22
24 24 31
23 23 21
20 25 26
16 45 29
45 21 32
38 15 24
24 34 33
13 20 30
25 32 21
21 26 28
17 18 32
42 36 32
18 28 16
19 26 23
28 33 31
36 29 16
32 26 23
21 36 31
29 29 19
22 45 38
38 25 23
32 24 28
36 32 14
20 26 28
18 33 39
42 37 32
18 28 32
46 18 33
17 23 24
36 31 26
22 14 20
38 13 30
23 20 32
19 30 27
24 42 22
34 27 25
28 32 32
21 26 18
36 26 34
34 37 31
35 39 28
22 31 32
21 19 30
20 20 24
34 19 18
39 35 33
43 22 32
13 27 39
17 13 29
34 34 33
29 21 24
21 26 24
39 29 24
37 15 26
21 27 28
21 20 14
34 16 22
30 19 19
23 20 16
37 17 17
28 29 22
25 37 29
29 18 20
33 26 29
17 28 20
36 24 24
21 35 30
27 23 24
25 30 14
21 28 28
34 30 34
21 22 35
40 22 26
22 37 33
26 29 32
36 36 45
19 46 28
31 24 40
25 20 26
34 25 28
24 15 31
29 18 17
21 33 40
30 16 33
23 34 24
22 18 26
36 14 18
25 30 40
36 24 32
38 23 34
29 34 31
30 25 40
14 32 19
26 22 23
21 41 19
19 33 29
29 27 39
23 38 30
25 21 19
20 18 32
27 26 25
15 25 38
41 31 32
34 31 45
26 38 15
34 21 36
26 24 29
15 26 28
35 24 31
17 19 21
17 35 32
21 40 17
34 28 27
25 32 36
28 23 15
17 13 29
23 32 19
28 15 46
41 28 27
33 23 31
36 32 15
25 26 28
39 36 32
35 14 32
29 24 42
27 30 19
15 31 26
26 31 19
33 26 28
34 26 19
37 14 26
38 24 31
23 43 24
15 25 38
29 26 20
22 26 28
25 34 24
22 34 32
36 28 22
37 45 27
29 24 21
35 30 35
42 26 16
39 25 24
32 33 32
17 23 30
23 28 27
34 34 33
36 31 37
27 20 28
32 26 15
27 31 29
37 15 33
30 32 26
26 28 40
36 32 34
30 22 25
22 38 38
25 26 32
38 36 36
33 32 31
27 34 39
18 25 19
42 26 28
15 37 18
17 37 19
15 41 23
19 20 30
34 34 38
26 19 13
13 26 28
39 14 40
37 19 32
33 17 17
14 35 26
26 23 28
25 24 37
34 26 27
33 40 22
36 26 22
24 20 31
37 16 33
31 34 39
28 32 33
31 16 20
39 21 35
17 31 32
19 30 28
15 46 23
25 24 34
29 23 14
22 26 28
33 30 32
21 37 24
21 25 22
29 30 33
34 28 38
36 32 37
33 22 28
22 39 18
20 30 29
13 17 16
21 36 33
15 27 26
28 18 23
30 26 28
19 30 29
40 30 28
36 32 40
21 35 33
33 25 30
31 27 24
28 26 28
30 24 23
35 30 13
38 34 26
36 46 18
34 34 28
25 32 28
46 26 28
27 18 17
45 29 31
27 28 25
19 21 27
34 31 33
34 23 36
26 24 28
36 30 21
37 37 32
25 26 20
35 27 30
33 34 28
24 22 37
26 24 28
14 28 40
35 24 32
25 23 25
34 41 26
28 21 19
35 31 25
29 19 27
28 24 40
32 37 21
15 40 27
27 15 33
26 20 27
22 23 32
26 20 16
21 33 40
23 21 17
38 17 26
38 30 33
33 23 25
36 32 23
28 26 28
30 28 23
37 21 19
16 31 34
26 31 33
20 24 14
36 14 34
35 23 14
14 22 25
24 37 28
18 22 37
25 32 33
34 30 34
36 25 26
24 26 24
27 36 40
21 14 32
34 25 25
29 23 28
31 31 20
36 15 37
22 21 19
36 32 16
33 28 32
33 17 33
21 42 27
23 34 35
31 17 33
27 26 14
24 25 36
28 37 24
13 33 38
24 19 33
31 31 19
29 30 26
19 26 24
39 24 36
30 22 23
20 27 28
25 40 33
28 27 40
22 32 37
21 24 28
39 29 24
41 36 28
23 19 13
44 21 24
25 30 33
32 32 33
29 17 28
35 27 17
40 28 20
24 27 34
33 17 27
30 27 22
36 21 28
22 20 22
14 28 37
22 23 32
14 34 25
37 27 33
34 34 39
36 21 22
42 26 21
26 27 40
24 26 32
23 38 19
23 28 21
16 28 27
29 18 37
28 26 28
36 35 40
29 37 29
38 31 43
14 30 22
34 27 30
14 28 37
22 13 28
22 27 22
34 37 30
38 13 31
27 46 22
27 20 19
36 32 37
36 24 23
39 13 36
24 37 15
38 24 41
36 21 20
34 20 13
31 32 21
25 26 28
20 21 24
30 29 32
18 35 20
21 30 16
25 34 40
32 17 18
40 26 19
35 18 19
24 30 32
34 32 37
37 22 27
17 30 23
18 31 28
28 20 16
35 21 30
32 22 19
35 21 31
22 17 25
34 20 27
25 32 23
27 19 28
31 43 30
31 28 31
25 26 23
30 42 21
29 34 31
20 23 13
29 18 28
33 41 20
21 26 31
31 23 26
33 38 30
34 34 17
13 21 30
33 26 21
39 35 40
15 32 32
24 24 21
40 21 26
25 28 34
26 32 34
32 24 24
39 39 20
13 33 32
34 33 21
22 28 20
25 20 22
36 19 27
37 20 28
16 28 34
36 19 24
38 24 28
42 17 33
28 31 18
29 24 29
19 17 26
29 28 36
32 27 15
38 39 40
38 29 15
31 34 15
28 32 19
32 21 28
16 16 38
26 20 22
24 16 18
19 38 27
34 27 40
29 28 25
37 25 28
28 28 40
34 37 31
32 24 33
27 41 26
34 26 29
25 22 20
31 26 20
18 27 31
18 22 24
38 24 34
30 30 33
34 33 18
36 22 36
24 25 17
19 40 32
31 37 30
38 36 17
30 27 33
27 31 19
36 32 32
24 24 26
34 35 40
30 27 27
30 36 24
32 37 33
30 34 35
18 32 29
36 14 28
17 36 26
28 24 32
32 17 45
28 26 33
15 34 27
23 32 32
35 15 16
19 27 19
40 31 32
13 29 24
20 16 14
34 24 40
23 32 17
25 26 28
38 37 21
45 37 28
16 29 19
21 41 33
21 26 40
29 29 30
44 26 24
22 30 18
17 23 29
18 32 37
18 19 32
19 25 26
16 21 37
21 24 25
16 30 23
17 37 32
18 45 21
41 41 33
34 33 30
36 26 14
21 25 28
39 26 26
32 37 20
22 22 16
36 19 33
34 16 23
29 32 31
34 26 20
39 21 38
25 26 28
22 24 27
19 42 21
28 23 40
18 32 37
35 17 14
17 18 18
46 37 28
35 30 38
33 22 20
20 27 15
32 32 17
26 26 26
26 31 25
40 33 32
26 23 30
20 36 23
14 28 13
28 32 37
20 26 28
36 44 30
23 37 20
33 20 33
17 23 33
22 34 20
36 23 29
35 26 28
31 23 27
33 27 32
38 30 37
40 30 33
34 34 25
35 22 27
27 19 28
25 43 40
24 21 30
31 29 38
37 39 24
24 13 40
22 24 33
24 26 20
35 16 33
25 27 32
30 15 22
39 25 17
34 23 20
31 32 31
19 20 28
26 16 26
21 18 32
37 29 33
31 43 33
34 30 40
32 27 34
28 23 28
21 44 29
31 37 32
26 19 43
30 34 33
34 26 40
36 28 35
23 25 24
22 24 36
40 13 19
24 19 27
35 30 18
34 34 31
15 31 29
45 26 19
16 29 34
39 29 28
26 22 28
40 39 33
32 16 21
33 32 35
28 26 25
23 28 13
31 19 32
18 28 32
39 28 30
21 18 21
20 32 16
23 17 19
39 17 32
35 28 31
22 28 16
34 29 19
27 23 37
25 28 35
46 18 19
31 38 30
34 37 32
20 40 31
18 24 33
32 22 29
16 22 25
43 18 28
34 45 32
28 37 25
36 41 22
27 28 31
34 34 19
31 24 31
23 20 28
23 37 25
39 31 32
38 37 16
14 42 25
17 34 24
36 30 35
27 26 28
37 33 26
28 28 31
29 33 34
42 16 24
31 24 40
33 32 33
37 26 15
30 36 30
46 24 16
15 27 28
39 38 25
23 19 40
27 16 25
34 26 28
39 28 40
14 13 13
26 27 26
26 37 32
34 32 31
36 29 21
36 26 22
35 40 34
22 31 32
33 28 17
29 25 17
24 28 19
26 21 26
25 26 28
36 34 25
29 20 30
35 16 19
30 33 33
30 33 25
36 23 37
34 26 18
14 45 30
40 33 18
22 25 26
38 40 33
24 29 40
32 18 20
44 26 28
21 35 38
33 22 16
35 24 26
36 37 33
33 34 13
36 32 28
34 26 22
39 44 19
14 18 23
29 16 38
17 39 33
34 17 23
36 32 28
23 26 28
39 22 14
40 19 32
25 22 25
14 41 26
18 26 14
16 32 18
37 26 28
39 29 24
23 36 31
30 17 41
32 37 27
24 34 40
23 32 27
26 21 28
13 32 17
14 16 16
31 25 16
26 33 32
26 15 37
36 32 32
25 26 27
39 25 40
14 35 32
37 22 44
27 36 13
15 32 26
14 17 29
43 26 28
39 31 36
38 35 14
25 32 16
30 17 33
14 15 17
21 24 17
20 26 27
39 24 20
19 23 32
38 44 22
35 20 30
26 31 28
30 27 37
45 26 28
23 27 35
43 24 27
19 32 14
46 30 33
24 29 29
36 24 37
24 26 28
18 20 40
29 36 27
36 36 29
17 17 27
26 16 15
27 32 18
28 26 26
21 42 32
16 16 31
38 28 41
23 35 26
34 34 35
35 32 25
22 26 28
30 19 19
27 24 27
29 33 30
21 36 24
23 20 39
31 32 37
39 23 20
34 37 35
31 22 21
13 36 25
32 32 23
19 23 18
34 32 22
30 26 16
21 25 17
34 19 22
27 25 20
43 22 19
28 16 28
36 29 25
27 18 28
25 30 24
37 30 24
28 28 35
44 28 33
34 34 38
22 21 26
29 26 28
34 35 31
24 26 27
17 35 20
32 28 27
30 34 27
19 28 21
22 26 14
18 43 17
17 14 22
28 31 42
33 35 20
14 30 21
21 32 30
44 26 25
35 36 24
41 25 32
28 42 19
28 27 33
34 34 40
36 32 30
30 19 28
32 19 37
28 24 20
22 25 15
22 20 24
34 30 21
33 32 33
22 19 28
29 24 40
35 37 32
33 32 46
27 33 33
22 34 35
35 29 31
36 26 15
17 30 36
19 27 23
31 16 31
31 20 32
34 21 40
31 32 37
23 26 28
18 24 37
32 37 32
23 25 35
27 22 21
22 33 40
23 32 28
31 26 28
29 39 18
25 23 32
38 26 17
27 33 24
23 33 31
31 31 37
40 26 28
19 33 40
25 37 31
36 29 18
26 25 21
34 14 15
32 23 28
18 22 28
24 27 29
19 24 16
38 40 31
27 33 24
34 16 31
30 32 37
24 26 28
24 15 40
30 18 32
21 31 30
22 15 32
30 22 35
36 32 19
27 26 28
27 18 26
28 29 26
35 41 19
23 32 32
34 33 26
36 24 37
30 23 17
13 32 19
30 29 23
27 31 41
13 31 16
33 34 40
21 17 30
29 22 28
25 21 15
25 25 32
29 32 15
29 42 22
31 21 39
25 25 37
35 26 28
38 41 27
36 24 32
35 16 30
25 14 25
34 33 20
16 14 28
39 26 27
28 28 27
32 25 32
36 28 28
41 33 19
30 27 27
36 20 27
13 22 13
17 22 38
34 30 28
20 17 25
22 28 21
26 21 40
25 26 32
24 26 28
39 30 15
26 21 32
38 43 27
33 29 33
16 34 38
32 17 28
16 26 27
39 24 27
33 13 28
34 17 24
16 35 26
29 13 31
36 25 20
29 26 28
27 39 40
26 36 15
22 24 30
43 35 17
19 16 23
33 28 25
22 26 28
33 29 30
36 29 32
23 23 38
17 46 16
34 34 38
36 32 26
15 26 17
39 32 40
22 37 32
29 22 18
38 30 33
31 33 40
22 32 13
24 26 28
18 42 35
38 29 24
13 27 19
41 28 28
22 20 27
36 22 37
34 26 27
39 26 19
33 34 32
23 33 41
34 14 33
32 31 40
34 32 34
34 26 28
26 29 40
18 26 19
20 42 14
15 35 29
19 15 40
21 16 24
26 26 28
14 27 21
29 37 23
24 27 23
26 37 33
13 34 40
19 30 21
37 26 28
39 16 36
29 37 25
38 30 17
27 39 16
16 34 40
36 30 27
45 26 26
39 36 26
17 26 15
16 18 34
23 23 32
28 34 28
29 24 25
25 26 17
27 29 31
36 16 32
34 39 22
33 28 33
26 27 28
31 21 26
22 26 28
39 21 14
42 36 32
38 30 39
15 21 22
18 26 40
26 31 34
44 26 24
26 39 22
27 37 26
31 21 17
35 29 33
19 23 35
36 32 37
26 20 23
24 26 33
20 36 21
38 33 23
35 36 27
34 25 16
33 29 32
27 16 28
16 25 35
37 37 32
21 34 32
20 46 33
22 34 26
36 19 32
32 16 28
15 25 36
31 34 16
16 40 32
34 29 33
34 23 21
24 28 28
37 26 16
22 28 28
34 32 32
31 22 28
35 23 30
23 31 18
19 32 22
23 26 28
34 18 34
32 28 32
29 29 37
23 38 30
22 34 25
34 32 15
20 26 25
33 20 20
23 37 27
38 27 27
38 27 21
33 34 39
16 27 37
16 26 25
26 17 16
33 25 32
35 16 24
15 32 32
34 26 17
23 29 27
24 21 23
19 30 31
23 22 19
27 24 16
28 20 33
14 34 15
34 29 33
22 18 28
25 23 27
34 37 26
28 20 30
19 16 33
13 27 25
25 25 23
25 21 28
22 20 31
21 37 32
25 22 37
24 27 23
23 34 37
33 32 30
34 23 24
38 29 34
22 35 32
29 41 28
33 24 30
19 16 35
36 21 20
22 26 28
28 30 24
23 33 32
19 38 34
20 17 33
22 27 27
32 32 23
33 23 28
14 14 31
19 19 20
21 38 29
29 18 32
14 16 17
36 21 37
38 26 28
23 20 29
22 37 32
33 36 35
36 19 15
26 21 18
36 32 22
43 26 28
15 22 14
40 25 27
38 36 33
25 24 33
21 28 39
14 32 28
45 26 28
20 31 38
29 31 20
29 41 19
31 41 17
17 34 40
14 32 30
15 26 28
38 22 32
18 37 32
25 20 45
30 17 33
26 28 39
34 32 30
24 26 28
36 27 19
18 19 19
36 22 22
23 26 33
34 24 24
36 19 27
30 26 28
39 33 40
38 33 30
30 31 30
22 36 28
14 14 25
30 32 22
24 26 28
39 27 40
28 34 32
26 30 27
34 28 15
23 29 23
17 32 30
35 26 28
27 46 29
24 17 20
14 28 29
27 28 22
29 30 30
31 31 19
35 26 20
34 37 28
33 22 16
26 31 38
14 31 22
34 15 31
28 30 32
41 19 28
21 23 40
19 20 24
29 18 27
28 45 33
30 34 20
36 32 37
29 22 26
13 32 40
28 37 29
29 32 30
16 43 33
25 34 40
29 27 25
18 18 28
28 25 40
30 36 32
30 33 20
23 16 33
34 21 40
23 21 25
26 26 28
39 17 35
23 26 32
29 28 17
32 43 23
19 34 28
23 18 37
27 17 28
13 30 20
31 37 32
33 37 22
24 37 19
34 21 26
31 26 37
46 26 25
33 25 22
19 17 32
20 37 16
33 27 33
34 34 29
26 32 37
46 26 21
26 30 36
24 37 32
34 41 14
19 24 27
34 31 19
17 32 30
26 26 24
32 14 19
39 18 20
38 30 31
39 37 21
18 25 33
19 31 24
15 17 26
32 22 26
34 35 32
19 27 21
35 21 26
34 13 31
31 15 31
29 24 28
34 32 32
28 27 20
34 28 23
18 19 32
22 32 37
36 22 16
21 24 28
30 32 28
45 20 30
22 15 32
26 22 32
27 30 31
24 32 37
34 23 28
31 37 25
26 36 24
37 22 40
41 27 23
34 34 15
36 32 31
32 14 28
36 31 31
29 20 22
36 39 43
36 14 33
25 34 34
25 28 28
25 17 28
23 31 26
29 26 32
38 44 19
23 30 33
34 15 34
28 32 33
32 18 28
28 24 28
36 15 28
22 33 36
32 36 22
14 34 15
21 25 15
38 26 28
35 32 38
22 26 32
15 35 18
19 27 14
26 32 40
23 26 24
38 26 21
13 20 17
23 13 29
27 33 44
29 33 33
23 34 30
17 29 27
20 26 24
16 18 18
36 31 31
33 25 21
44 21 33
18 20 38
36 32 16
21 26 24
23 30 22
26 24 14
17 26 37
13 21 27
24 27 32
20 32 34
28 26 20
35 25 16
26 32 25
37 37 29
14 29 33
25 34 38
36 26 16
29 26 28
22 28 32
21 23 30
13 18 34
34 26 20
20 23 37
31 18 19
23 26 20
25 25 36
29 33 32
15 32 41
31 26 22
17 25 37
23 32 18
14 26 28
18 25 23
18 22 18
22 33 16
21 14 30
26 26 23
36 31 31
16 26 24
32 20 22
29 37 15
20 25 18
32 24 26
28 21 40
23 32 35
28 26 28
36 31 28
23 32 19
38 31 39
41 25 26
34 24 26
20 32 17
34 22 28
37 22 13
33 22 18
38 29 16
32 28 33
34 30 25
20 16 37
38 26 20
22 43 13
29 32 28
22 43 44
37 21 21
32 28 40
18 32 37
31 15 18
21 33 37
42 26 32
38 33 18
42 41 28
33 25 27
27 24 35
24 21 16
23 23 15
24 18 20
20 44 22
30 17 33
34 34 17
36 32 24
32 20 28
39 22 24
22 34 32
21 26 20
32 25 27
25 17 29
36 32 29
38 23 28
29 46 18
31 26 29
14 34 23
45 17 31
25 25 33
36 25 30
27 17 26
39 22 14
31 37 19
16 16 20
28 37 33
34 28 30
15 32 27
39 26 28
39 18 39
33 18 17
34 44 32
37 17 32
34 26 40
36 27 37
17 21 19
19 24 36
24 32 32
29 28 21
24 38 17
31 34 34
32 25 19
45 26 28
29 31 35
22 18 22
28 41 34
25 30 33
27 29 25
28 32 29
28 26 24
23 42 18
19 26 32
16 25 22
21 33 24
24 25 32
31 32 16
25 26 25
39 14 22
39 32 32
28 14 38
28 26 33
34 14 20
18 26 31
31 19 24
15 23 23
13 37 26
21 24 23
33 38 21
30 26 40
33 15 20
40 26 28
27 20 17
23 37 29
29 19 18
13 33 23
34 25 36
22 32 18
34 20 28
28 20 17
21 19 32
26 32 32
31 26 30
27 18 29
33 17 29
43 14 25
33 35 39
32 24 16
28 14 43
27 34 33
31 21 29
32 32 17
27 26 28
20 31 38
24 37 32
36 14 33
23 22 31
31 27 24
29 32 30
15 21 28
29 20 21
31 26 25
19 32 40
29 39 32
33 27 29
36 19 20
29 26 17
36 36 40
45 37 32
30 16 28
34 45 29
34 34 25
24 20 37
16 26 18
26 13 13
26 27 27
31 46 32
21 21 33
30 20 24
36 19 24
36 26 23
20 32 32
27 16 24
21 40 33
39 28 33
21 34 18
25 26 27
25 21 23
21 31 25
34 27 26
35 26 28
36 35 33
28 34 32
36 32 28
40 22 13
39 31 24
27 37 28
38 37 33
34 27 25
34 17 40
26 32 34
37 25 23
24 18 29
41 37 22
26 29 24
36 35 33
25 32 35
13 29 30
42 26 16
20 29 40
15 37 32
32 32 18
38 32 33
34 33 23
14 24 17
17 18 28
39 31 37
34 37 32
36 25 23
40 26 19
29 34 14
34 25 24
36 24 28
39 26 14
39 17 32
30 17 27
39 23 16
29 34 35
24 25 22
26 25 22
17 37 34
33 28 22
16 36 35
22 20 22
14 34 35
36 32 37
13 26 28
38 19 36
20 22 25
22 22 30
25 21 27
34 13 37
25 22 30
32 26 20
27 37 36
17 27 32
27 34 15
32 25 28
24 34 36
36 32 20
30 17 22
39 45 34
27 30 27
26 20 38
20 42 25
34 18 26
28 23 36
24 18 24
33 20 31
22 14 32
27 28 25
45 23 18
30 16 40
33 32 27
36 26 24
20 21 23
27 30 20
22 20 30
22 30 24
28 34 21
36 21 32
18 26 28
26 33 34
33 31 32
17 34 23
18 22 33
21 30 34
36 22 28
21 26 21
16 44 18
27 37 24
17 34 36
21 31 33
30 28 20
36 26 36
31 25 24
36 24 37
15 36 32
14 27 23
15 23 33
33 31 40
18 22 37
28 20 19
18 40 17
24 21 21
28 45 35
25 28 29
31 34 23
35 27 35
24 20 19
26 16 24
27 13 32
20 25 41
39 13 33
26 30 20
25 21 23
46 26 20
30 42 16
33 25 32
38 32 22
26 17 24
16 26 37
36 25 18
41 26 20
30 24 26
38 25 30
29 39 39
23 30 33
23 22 19
35 30 20
38 19 16
25 46 22
27 37 27
38 20 30
22 19 26
34 26 21
29 22 17
22 26 25
17 30 27
18 31 31
31 41 21
42 22 32
33 19 21
32 25 33
29 26 21
18 25 25
19 33 30
38 33 29
30 24 33
18 17 35
29 32 30
38 26 28
36 32 35
38 17 23
32 23 19
38 20 25
34 21 33
24 23 32
25 26 25
39 25 27
27 31 21
24 23 28
35 34 20
23 26 20
36 32 25
16 26 24
30 20 26
22 37 17
15 38 33
44 17 22
29 34 27
22 32 35
17 26 24
27 36 27
26 18 21
38 42 36
19 32 28
20 29 39
13 24 37
24 26 21
36 31 25
17 33 32
22 28 24
30 31 33
17 34 24
30 29 24
40 26 28
28 32 31
30 21 18
24 44 18
36 42 30
34 28 18
20 32 17
13 18 28
25 23 17
27 36 32
14 13 24
37 30 28
34 28 13
26 20 37
31 13 28
37 20 24
16 20 32
34 36 33
33 22 27
15 34 30
36 21 27
20 26 19
32 27 40
31 27 32
25 40 20
22 21 21
27 24 25
26 32 22
27 26 28
14 27 22
32 37 30
23 32 15
41 40 13
23 34 38
27 23 26
24 26 16
39 42 32
26 27 24
30 24 17
36 20 26
29 34 32
30 32 31
40 26 28
27 20 36
38 16 32
35 36 30
21 39 26
34 29 29
36 16 24
28 26 28
28 28 17
37 14 32
34 27 19
28 33 33
23 34 35
22 27 19
40 26 28
15 17 34
23 16 18
29 34 26
20 40 33
34 15 23
21 18 29
29 15 22
18 36 31
31 30 16
25 20 19
17 27 33
20 16 32
36 32 35
31 26 15
33 42 35
22 37 30
13 27 14
32 36 17
24 28 17
36 27 30
35 20 28
28 27 20
19 37 25
28 27 19
34 15 23
28 24 30
36 18 31
21 20 19
31 36 40
14 37 26
38 43 42
36 17 32
26 34 22
23 32 30
24 26 17
29 31 27
31 19 30
25 22 24
24 41 18
34 25 33
31 32 14
42 17 23
35 24 29
27 33 32
24 19 25
15 13 33
34 34 20
36 32 24
22 26 28
28 39 20
31 24 32
38 17 23
23 25 33
22 20 18
25 23 37
31 26 20
14 28 13
40 15 32
38 23 23
34 28 14
27 15 40
30 17 20
37 17 28
14 34 28
18 37 32
35 29 22
33 22 28
16 27 36
21 32 37
32 26 28
28 44 20
16 35 32
38 23 23
19 19 32
16 29 28
33 32 26
45 26 28
39 17 18
15 34 24
35 30 41
43 18 30
29 34 36
17 32 28
39 26 28
32 17 35
26 30 32
32 26 46
24 31 16
23 27 19
19 30 21
40 26 28
18 31 27
21 37 32
33 36 26
25 32 30
34 23 25
36 31 37
35 17 23
25 30 36
32 33 19
18 29 41
22 20 24
24 34 28
21 32 37
36 26 27
35 16 16
15 30 15
18 41 40
14 22 33
26 33 23
36 32 32
17 24 27
25 27 37
27 18 32
33 22 26
23 33 33
34 23 21
36 32 21
29 26 28
13 29 36
30 33 32
33 24 46
25 14 30
18 30 26
32 20 37
17 26 28
34 19 28
41 37 32
26 37 35
15 39 24
34 15 23
34 32 37
36 26 28
31 43 36
22 27 17
18 18 21
33 38 33
34 34 14
36 25 37
13 26 28
24 31 26
40 18 32
19 19 40
13 34 29
29 21 22
34 13 19
22 26 28
30 25 33
31 30 20
33 15 35
28 36 33
34 22 33
36 27 34
27 26 28
24 27 33
24 37 28
14 16 40
33 18 33
34 15 40
21 31 34
38 26 28
39 34 36
19 34 19
32 28 31
31 28 33
34 34 40
19 24 24
27 26 18
23 39 40
20 37 21
23 18 22
27 32 33
26 34 24
30 25 27
30 26 23
36 37 39
34 34 21
28 42 25
16 35 33
32 31 26
19 20 35
28 15 28
19 25 38
25 17 32
32 21 35
21 19 14
33 20 14
32 24 23
27 26 26
23 33 32
21 28 16
14 41 21
34 14 33
34 21 35
19 21 37
20 14 24
34 28 31
29 33 20
21 44 24
20 31 25
34 34 23
33 19 33
34 24 28
30 26 24
18 31 32
25 18 30
28 15 21
34 34 27
26 32 22
27 21 26
39 42 27
29 22 13
27 17 32
43 17 33
34 33 31
21 32 30
27 25 28
17 25 40
23 34 16
21 27 34
29 37 33
31 24 20
30 29 22
30 22 20
39 24 34
21 26 29
34 17 39
26 23 29
34 21 26
21 31 29
35 15 19
23 18 40
26 37 32
35 40 36
20 18 28
26 20 40
28 24 37
17 26 25
39 42 22
19 15 14
38 24 28
32 20 33
32 31 29
36 32 37
23 26 26
25 13 36
36 34 32
37 20 43
24 17 21
29 16 38
35 17 37
13 26 25
33 21 40
31 29 18
37 34 24
21 16 33
30 27 40
36 13 36
40 22 28
26 23 40
25 20 21
38 21 27
18 26 33
25 15 23
35 32 34
45 20 28
27 26 23
29 37 20
23 28 18
16 21 33
34 34 19
36 20 21
31 26 28
36 43 35
17 15 13
38 42 16
39 37 33
23 30 16
25 26 23
30 26 25
29 40 40
25 27 17
35 45 13
35 39 33
34 34 25
32 23 33
34 26 28
37 28 16
23 18 32
26 33 41
29 23 23
26 34 24
27 32 37
24 24 23
20 17 37
20 23 32
18 30 43
32 29 27
15 14 34
28 16 36
24 26 21
27 30 34
41 20 25
38 38 14
13 15 23
34 32 27
29 14 28
46 26 28
39 34 13
27 19 13
20 35 15
35 25 33
34 34 37
31 32 37
25 20 28
21 33 27
33 18 29
24 27 20
19 18 33
34 34 24
23 21 37
34 22 28
16 28 40
27 31 32
21 15 40
14 26 28
21 27 24
36 13 22
30 26 28
22 26 23
32 37 24
17 29 28
22 44 32
29 34 37
31 20 30
34 26 28
39 34 32
37 23 31
34 30 44
30 35 33
16 22 25
28 18 17
32 26 21
38 33 27
35 14 32
38 35 36
36 24 22
18 34 14
32 29 37
13 21 28
26 18 31
40 18 17
38 38 36
36 28 33
27 34 35
30 31 31
20 26 25
19 16 30
41 28 19
26 26 18
40 18 26
28 28 34
30 16 24
25 26 28
24 40 36
38 16 32
29 30 27
25 25 27
24 34 23
15 32 24
29 19 22
35 36 33
37 30 22
13 25 46
38 31 23
22 34 19
21 19 31
26 26 28
28 42 19
16 37 16
38 44 33
21 28 33
34 24 23
29 32 23
19 26 20
36 22 34
46 31 24
24 33 18
18 46 33
22 29 28
36 32 24
43 23 21
18 15 29
14 24 23
26 37 20
26 22 32
34 34 38
36 32 37
16 26 25
26 26 36
40 23 20
19 30 32
16 29 29
34 23 39
17 29 23
40 26 28
19 45 40
42 29 25
22 33 26
15 37 18
34 22 30
20 22 15
16 16 28
39 26 40
22 25 32
26 30 37
16 29 15
26 34 26
36 26 36
21 26 28
29 18 40
24 25 30
36 18 14
26 32 33
32 18 25
28 31 21
20 26 27
32 24 40
26 26 32
29 25 37
37 17 33
33 13 23
36 14 14
27 25 28
31 21 29
14 16 32
21 34 34
25 35 33
34 34 33
24 31 16
26 26 18
31 22 26
25 26 32
32 36 24
26 31 25
18 19 17
30 32 18
17 18 28
22 21 31
15 32 26
26 36 33
24 34 33
31 23 30
18 29 35
23 18 23
27 29 40
22 32 13
26 41 30
20 22 27
20 25 19
36 32 26
19 26 28
36 28 27
21 36 32
23 28 27
29 40 33
29 20 25
25 20 22
30 26 28
26 34 18
18 28 32
38 18 18
17 29 33
24 28 16
36 23 29
42 20 17
25 23 37
19 37 32
34 21 38
31 27 20
34 31 27
32 14 13
19 26 19
39 23 33
22 23 32
29 26 13
31 22 27
34 19 24
34 20 26
18 26 27
25 30 22
22 37 24
35 18 32
35 39 26
27 33 27
36 18 28
29 22 28
25 24 33
36 24 25
25 39 36
15 29 22
30 26 38
16 29 18
33 26 28
28 40 28
33 16 21
32 23 27
24 30 33
18 16 23
30 18 30
38 26 28
37 45 23
21 14 30
18 37 25
45 20 23
20 34 40
27 32 17
22 26 28
28 25 22
17 15 32
37 31 32
40 39 23
23 34 18
28 32 31
22 26 28
27 23 38
32 23 32
33 41 42
25 25 18
33 34 25
31 21 18
36 26 28
39 22 26
31 36 32
32 32 22
39 26 33
22 34 33
34 30 27
34 19 28
17 30 21
17 37 32
22 25 29
17 23 32
31 13 40
21 32 18
35 17 16
29 21 37
21 37 23
38 13 22
25 37 27
16 34 15
29 19 37
27 25 22
37 42 33
44 37 31
35 18 38
30 25 33
29 33 40
17 19 37
15 17 26
16 23 28
26 31 32
31 43 19
29 32 33
27 24 21
20 20 19
15 18 13
31 37 36
22 19 32
38 19 31
42 25 33
34 34 27
36 31 30
38 22 28
15 21 40
39 37 32
37 31 24
23 20 27
27 34 31
21 32 33
46 26 28
23 39 34
28 15 27
25 29 21
24 39 19
34 29 40
28 27 22
30 14 21
39 31 19
31 37 17
38 25 44
26 22 33
16 26 23
15 31 24
33 26 22
18 37 37
24 37 32
35 41 21
39 37 32
34 28 32
36 32 14
27 26 28
24 20 40
20 19 32
38 37 38
29 36 33
24 25 21
36 17 21
34 22 19
27 20 40
34 17 32
28 31 26
39 29 29
34 34 28
20 32 16
43 26 28
24 15 37
33 23 32
30 29 36
13 24 33
16 19 40
33 20 37
24 26 27
17 43 40
36 35 15
25 31 24
20 21 33
17 17 31
29 27 37
21 26 28
19 19 35
36 31 26
27 20 23
24 17 17
14 26 28
18 20 27
22 26 21
27 24 27
45 37 31
38 35 23
36 34 32
15 21 35
27 15 26
20 22 22
33 27 23
30 27 24
19 28 24
37 35 20
28 27 20
35 27 19
26 17 28
35 46 33
31 21 14
18 43 30
40 29 21
26 30 29
36 19 37
16 26 18
26 21 40
30 32 24
38 21 39
20 23 29
33 29 40
21 32 32
17 26 27
