14 5 5
261 748 1086 1533
546 869 1176
205 657
648
637 969 1686 1933 2618
588 1044 1545 2227 2983
575 1119 1653 1912 2658
579 1059 1666 2031 2788
542 1102 1594 2117 2549
640 1118 1543 2259 2540
537 1011 1524 1890 2663
613 1032 1806 2120 2971
586 1055 1771 1913 3062
560 1024 1678 2089 2931
541 957 1781 1932 2534
606 1040 1693 2169 2570
553 972 1612 2151 2838
603 964 1619 2246 2879
44 47 38 28 34
37 41 32 35 26
48 36 44 46 33
50 34 36 29 40
35 34 48 27 47
46 28 26 39 32
25 30 36 34 50
35 43 41 28 33
45 32 33 43 49
27 27 40 44 44
46 48 30 31 34
29 40 39 37 39
42 43 29 45 50
43 41 34 35 31
25 36 11 26 22
6 14 4 3 3
2 14 8 4 8
6 4 1 7 10
11 9 6 5 6
6 5 9 8 6
8 4 5 2 6
7 4 12 2 14
1 6 5 4 9
3 1 6 7 4
6 8 2 4 2
4 2 3 1 9
5 7 1 8 4
8 3 6 5 6
4 2 8 10 2
