14 5 5
299 1050 1727 2497
729 1813 2205
1012 1192
433
808 1228 2020 3153 3623
802 1252 2122 3155 3830
803 1348 2113 3572 3699
796 1268 2157 3267 3725
786 1298 2429 3018 4298
737 1292 2064 2944 4277
767 1213 2029 3372 4059
762 1322 2067 3266 4314
832 1280 2074 3091 3931
828 1311 2099 3180 3943
856 1275 2361 2930 3634
861 1323 2325 3324 3740
887 1346 2321 3031 4306
754 1360 2179 3118 4384
29 28 30 33 25
32 28 32 46 26
48 33 26 26 46
42 47 31 48 50
47 47 40 36 37
35 37 27 38 47
47 32 40 43 27
47 43 28 50 39
28 46 43 35 37
32 46 50 37 38
36 36 30 37 36
49 32 48 44 45
43 25 45 25 40
49 44 40 32 44
26 25 10 23 10
10 5 5 9 14
1 3 0 3 2
1 2 4 5 5
3 8 6 4 3
3 6 4 3 5
0 3 8 0 4
2 0 8 4 6
3 3 13 5 5
2 2 5 9 4
4 7 2 3 8
3 9 7 6 3
5 1 0 6 5
3 0 6 9 5
5 1 8 0 6
