14 5 5
681 1353 2337 3019
691 1646 2252
1033 1485
459
1019 1792 2580 3778 4369
994 1822 2726 3583 4485
1048 1562 2778 4021 5092
984 1685 2404 4094 4318
956 1694 2655 3627 4578
943 1696 2856 3415 4511
878 1676 2841 3854 4678
1016 1769 2821 3374 4323
913 1709 2551 4017 5218
1034 1860 2855 3810 5034
886 1800 2452 4023 4366
911 1876 2389 3716 4887
960 1780 2409 3685 5167
955 1707 2395 3628 4917
31 43 32 25 49
45 38 29 47 35
40 44 39 35 38
46 41 49 39 42
38 49 47 48 49
36 43 47 38 34
36 35 27 26 27
47 36 45 43 46
47 32 49 42 29
36 40 38 35 39
50 25 44 31 42
40 49 37 49 30
40 48 45 49 40
29 31 26 48 43
47 20 22 30 4
9 9 2 4 2
3 3 3 3 15
2 9 3 4 10
4 3 4 3 3
3 9 3 2 8
6 6 2 3 7
7 4 8 4 4
9 2 3 2 6
7 7 3 12 5
10 3 1 2 2
4 2 5 4 2
4 4 12 3 2
4 11 5 2 5
0 8 7 8 2
