14 5 5
633 1873 2107 3698
935 1372 2450
286 1904
1480
948 1767 3095 3460 5151
1021 1822 2665 3770 4896
931 1774 2993 3651 4505
1060 1765 3091 3529 4656
986 1944 2775 3733 4318
952 1951 3188 3308 5139
1092 1766 2706 3848 4487
969 1921 2813 3301 4666
984 1800 3168 3516 4930
939 1904 2997 3351 4410
899 1796 3070 3558 4824
1077 1880 3017 3415 4791
946 1766 3150 3691 4957
1096 1795 3206 3526 4216
49 28 42 34 36
26 39 50 46 39
47 47 27 41 33
46 34 48 36 43
44 44 28 44 42
32 44 43 42 35
38 45 28 37 31
40 29 39 31 32
37 26 32 38 48
26 34 48 30 48
33 49 27 44 33
47 37 39 33 43
33 47 50 29 28
34 32 25 32 27
30 6 6 26 13
3 4 8 8 3
5 8 6 9 7
4 4 4 8 9
4 3 14 4 4
6 5 7 7 7
9 0 9 2 5
1 8 9 2 4
3 7 6 7 2
10 8 1 6 5
15 2 11 5 3
0 7 16 6 12
3 7 1 5 9
11 0 3 11 2
3 3 3 2 2
