14 5 5
182 655 1234 1679
486 1027 1402
524 904
465
624 841 1461 2017 2539
622 947 1489 2356 2666
597 911 1687 2339 2792
614 835 1588 2062 3055
625 985 1677 2052 2833
528 944 1483 2312 2848
566 866 1635 2254 2922
594 1001 1444 2211 2969
572 962 1489 1974 2824
627 999 1527 2324 2571
536 891 1735 2283 2615
554 842 1694 2300 2551
517 1007 1558 2218 3043
581 892 1712 2201 2791
47 39 36 35 25
46 26 40 30 37
47 44 34 44 40
49 43 32 47 37
25 43 27 39 27
42 28 41 25 30
39 30 48 43 36
45 35 26 38 26
39 25 39 29 45
46 46 39 39 34
49 30 35 25 38
26 48 41 28 40
33 28 45 27 26
41 44 47 37 42
33 28 10 17 25
3 3 8 7 8
4 5 6 2 1
1 6 5 4 9
10 3 2 9 1
11 2 8 16 4
11 11 14 7 2
10 4 3 5 5
3 12 5 4 4
3 4 1 1 1
7 1 5 8 4
2 3 2 2 3
1 5 10 4 3
6 8 0 5 2
3 8 10 8 9
