14 5 5
398 1338 1785 2912
916 1217 2339
344 1391
1013
707 1156 2238 2624 3897
771 1135 1884 2903 3532
816 1171 2232 2980 3937
735 1332 2013 2646 3990
693 1214 1993 2609 3459
765 1291 2217 2649 3988
776 1240 1992 2617 3595
761 1311 2168 2706 3612
676 1129 2015 2657 3787
721 1181 1999 3004 3956
771 1342 1979 2602 4013
753 1205 2043 2739 3379
703 1195 2225 2887 4065
729 1157 2273 2774 3436
38 26 33 49 32
45 30 42 47 35
48 50 34 28 28
49 46 43 45 44
45 25 37 34 42
26 47 31 44 45
31 40 50 25 28
32 25 39 32 36
39 32 47 28 36
43 45 46 28 48
28 34 37 35 45
26 48 25 37 41
41 43 37 32 49
32 31 44 45 46
36 14 35 34 2
5 0 15 1 6
2 4 10 3 2
8 8 1 5 0
8 3 2 2 4
2 10 7 9 6
1 5 4 2 3
2 5 9 5 6
8 6 8 15 4
4 6 9 8 14
15 1 1 2 9
8 1 18 2 3
3 3 1 6 0
2 6 2 3 11
9 7 6 8 5
