14 5 5
545 976 1327 2126
483 899 1276
440 940
445
646 1284 1874 2397 2960
657 1161 1933 2367 3041
589 1060 1821 2205 3358
625 1227 1709 2222 3235
680 1100 1948 2344 3205
629 1103 1645 2221 2960
659 1183 1878 2277 3421
647 1085 1919 2542 2906
624 1266 1906 2192 2940
626 1152 1858 2597 3392
634 1278 1729 2195 3135
674 1249 1919 2654 2927
628 1143 1960 2246 2892
650 1091 1963 2399 3157
47 50 26 28 27
47 30 28 30 28
38 33 45 43 48
49 30 47 40 33
36 32 36 35 31
28 45 27 43 42
44 45 49 31 37
30 46 46 47 33
45 38 40 50 35
31 27 47 39 37
45 41 26 43 37
46 25 36 41 30
31 44 46 43 39
46 25 50 49 28
2 35 4 6 18
2 4 7 5 5
5 3 5 0 8
8 1 4 2 3
5 8 4 13 9
8 3 2 3 0
0 2 14 7 5
6 1 5 4 4
4 4 4 6 3
3 4 2 9 6
3 7 5 4 2
6 1 4 8 4
4 2 7 3 1
1 4 3 1 5
2 3 9 2 20
