14 5 5
595 761 1951 2070
276 1197 1664
1062 1121
291
613 1364 1689 2808 3200
685 1208 1856 2389 3190
738 1390 1968 2378 3436
691 1389 1833 2893 3058
707 1345 1701 2511 3224
629 1210 1874 2628 3393
661 1271 1731 2643 3348
682 1348 1900 2840 3258
692 1186 1808 2682 3508
664 1218 1816 2440 3056
670 1418 1841 2700 3108
629 1281 1827 2618 3634
737 1364 1899 2798 3495
702 1345 1901 2445 3060
48 37 27 40 26
50 32 41 37 40
38 29 27 31 48
46 42 36 35 49
25 29 42 36 46
33 44 38 36 45
36 28 27 28 48
36 37 31 48 50
44 45 37 47 37
32 38 29 40 45
25 29 50 46 44
35 32 25 47 39
32 29 43 25 46
36 27 38 47 25
44 6 45 3 8
7 10 14 8 6
2 0 3 1 2
7 2 1 7 10
4 2 4 5 10
1 5 4 6 14
1 6 6 10 3
7 3 11 3 5
0 5 1 7 6
2 6 3 2 0
11 2 6 3 9
1 12 8 6 2
4 6 2 2 4
8 5 3 4 4
2 4 3 4 8
