14 5 5
624 1197 1969 2187
665 1327 1725
753 1094
481
873 1616 2323 3124 3802
818 1455 2186 3095 3832
812 1734 2218 3202 4139
858 1520 2203 2936 4145
854 1445 2162 3107 3813
805 1741 2131 2957 3819
826 1459 2227 3134 4054
830 1753 2266 3462 4284
810 1587 2183 2934 4239
772 1682 2043 3202 4086
786 1600 2215 3394 3971
897 1485 2178 3247 3534
818 1634 2077 3487 3697
791 1631 2146 3098 3540
48 47 25 37 44
48 39 25 38 28
28 28 42 41 26
48 42 42 45 41
33 43 50 40 42
47 33 32 30 26
29 26 33 32 42
48 31 46 26 42
45 27 30 34 33
33 40 31 38 27
31 28 39 31 35
36 44 38 27 45
35 48 48 32 42
25 27 27 50 50
60 2 23 9 1
12 5 0 6 9
6 4 2 1 4
8 1 5 7 3
5 14 7 10 1
1 3 6 3 7
7 0 5 1 7
6 6 7 3 5
4 1 12 5 5
7 11 3 3 2
2 4 4 13 4
5 2 0 0 4
1 11 8 5 3
7 3 3 9 6
4 7 5 3 6
