2 4 2 1000
475 1349 1474
777 1026
327
780 1368 2233 2664
705 1384 2054 2710
111 170 146 145
174 188 190 123
40 243 70 25
1 0 0 1
0 0 0 1
2 1 2 3
0 0 1 1
0 1 0 1
3 0 0 1
0 1 0 0
1 1 3 0
0 0 0 0
1 0 1 0
1 0 0 0
0 0 0 0
1 1 2 0
1 0 0 1
0 0 0 0
2 0 0 0
0 1 1 0
0 0 2 2
0 0 0 0
1 0 0 1
0 0 0 0
0 0 1 0
1 0 0 2
2 0 0 0
0 0 2 1
2 1 0 0
1 0 0 2
3 1 0 0
0 1 0 0
3 0 0 0
2 0 0 1
1 1 0 0
0 2 0 0
0 1 0 2
1 1 0 0
1 2 1 0
0 0 1 2
0 1 1 0
3 0 2 0
0 0 3 0
0 0 3 0
0 0 1 0
0 0 0 0
0 2 0 0
1 0 0 1
0 3 1 1
0 0 0 2
0 1 0 0
0 0 0 0
0 0 1 0
0 0 1 0
0 1 0 0
0 1 0 2
2 1 0 0
0 1 0 0
0 1 0 0
0 0 0 0
0 1 0 0
0 1 3 1
0 0 0 0
0 2 0 0
0 1 2 0
0 0 0 0
2 1 0 0
2 0 1 1
0 2 0 0
0 0 0 0
1 0 0 1
0 0 0 2
1 2 1 1
0 0 0 0
0 0 0 1
0 2 0 0
1 0 0 0
0 0 1 0
1 1 1 0
1 0 1 2
3 0 1 0
1 0 2 2
0 0 3 0
0 0 1 1
0 0 0 0
1 0 0 0
0 1 0 0
1 0 1 0
0 0 0 2
2 0 0 0
3 1 0 1
0 1 0 1
0 0 1 0
0 0 0 1
0 1 0 3
0 1 1 0
1 1 0 0
0 0 0 1
0 0 0 2
1 0 0 0
0 0 1 1
1 0 0 3
0 1 1 0
0 2 0 1
0 0 1 0
0 1 0 0
2 1 0 0
1 1 0 3
0 0 1 3
1 0 0 2
1 0 2 0
1 0 1 1
2 0 0 0
1 1 0 1
0 0 0 0
3 1 0 2
1 1 0 0
0 0 0 0
0 0 3 0
2 0 0 0
0 0 0 2
0 2 0 2
1 1 0 1
0 0 0 0
0 1 0 0
1 1 0 0
0 1 0 2
0 1 0 0
0 0 2 0
0 1 0 0
0 0 0 1
1 1 0 1
0 0 0 1
0 1 0 2
1 0 2 0
0 0 0 1
0 1 0 1
0 0 2 0
0 1 0 1
0 0 1 2
0 1 0 1
0 1 2 0
0 2 0 0
1 1 0 0
2 0 0 4
0 0 1 0
0 2 1 0
0 2 0 0
2 1 1 1
0 0 0 0
1 0 2 0
2 2 1 1
0 0 0 3
0 0 0 0
1 2 2 0
0 0 0 0
0 2 0 1
1 0 0 0
1 1 1 2
0 2 0 0
0 1 1 1
0 0 0 0
1 1 1 0
2 1 0 0
1 2 1 0
0 0 2 1
2 0 0 0
1 1 0 1
2 0 0 0
0 0 1 0
3 0 0 0
1 2 0 0
1 0 0 2
0 0 4 0
3 0 0 1
2 2 0 0
2 0 3 1
0 1 1 1
0 0 3 1
1 0 1 0
0 0 1 0
1 0 2 0
0 3 3 2
0 0 1 0
0 2 0 3
3 4 2 0
0 1 1 4
0 0 0 0
1 0 2 0
0 0 0 1
2 1 0 0
0 1 1 0
0 2 1 0
0 1 0 0
0 1 0 1
2 0 0 1
1 2 1 0
0 0 0 0
0 0 0 0
1 0 1 0
0 0 0 2
0 1 0 0
0 0 1 1
0 1 1 2
2 1 1 3
0 1 2 1
0 0 0 0
0 1 1 2
1 0 0 1
0 0 0 0
0 1 1 0
3 0 0 0
0 0 0 1
0 0 1 0
0 1 4 0
0 0 2 0
0 0 0 1
0 1 1 0
0 0 0 0
0 0 0 0
2 0 1 0
0 1 1 0
0 0 0 0
0 0 0 0
0 0 0 0
0 0 1 0
0 2 1 0
1 0 0 1
1 0 0 1
0 0 0 0
0 1 0 0
1 2 0 2
2 3 1 1
0 1 0 0
1 0 0 0
0 2 0 1
2 0 2 0
2 0 0 1
1 0 2 0
0 0 1 0
1 0 0 0
0 4 1 0
1 0 1 0
0 0 0 2
0 1 0 0
0 0 4 1
0 1 0 0
0 0 0 1
0 0 1 0
0 0 1 0
1 0 1 0
0 2 2 1
1 0 0 0
0 0 0 2
1 1 0 0
3 2 2 0
0 0 2 1
0 1 1 0
3 2 0 0
2 0 0 0
0 0 0 0
1 0 1 0
0 1 1 1
0 3 0 0
1 0 2 0
1 0 1 0
1 0 0 0
1 0 1 2
0 0 0 1
0 0 0 0
1 0 0 1
1 0 0 3
1 1 1 1
2 1 1 2
0 0 0 1
0 1 3 0
1 1 0 1
0 1 0 0
1 2 0 0
0 0 0 2
0 0 0 1
1 1 2 0
1 0 0 0
2 0 0 0
2 3 3 1
1 1 3 0
1 0 2 0
0 0 0 0
0 0 0 2
1 0 1 1
0 0 0 0
0 0 1 1
0 0 0 0
0 0 0 1
2 0 0 3
2 1 0 0
2 1 0 3
3 2 0 1
0 1 0 1
0 0 2 3
0 1 0 0
0 1 1 2
2 1 0 3
0 0 0 0
0 1 0 1
0 0 1 0
1 1 2 3
1 0 1 0
0 0 0 0
1 1 2 4
0 2 1 2
0 1 2 0
0 0 0 2
1 0 1 3
0 0 1 0
0 0 0 0
0 1 1 2
0 0 0 0
0 0 0 0
0 0 0 1
1 1 0 2
0 2 0 1
1 3 0 3
0 1 0 0
0 0 1 1
1 0 0 0
4 0 1 1
1 0 2 0
2 0 0 0
1 0 1 1
0 0 0 2
3 2 1 3
1 1 2 2
0 0 2 1
1 0 1 2
0 0 0 1
0 0 1 2
0 0 0 2
0 0 1 2
1 1 0 0
0 2 0 1
0 1 1 1
3 1 2 0
0 4 0 2
1 0 0 2
0 0 0 3
0 1 0 0
1 1 0 0
2 0 1 1
0 0 0 0
0 0 0 1
0 1 0 1
0 0 0 2
1 0 0 0
0 1 0 0
0 2 3 3
0 0 0 2
0 0 3 2
2 1 0 1
0 2 0 3
3 1 1 0
2 1 0 0
0 1 1 3
1 0 1 1
0 1 1 2
0 2 1 0
0 0 1 0
0 0 2 1
1 0 1 1
3 0 1 0
0 1 0 4
0 0 0 1
0 1 0 0
1 0 0 1
0 0 0 0
1 0 1 1
2 0 0 0
1 1 0 0
1 1 1 0
0 2 0 1
0 0 1 0
1 0 0 2
0 0 0 1
1 0 0 3
1 1 0 0
1 1 0 1
0 3 2 0
0 4 1 0
1 1 0 0
1 1 0 1
1 3 0 1
1 0 2 0
0 2 2 2
0 0 2 0
0 0 0 0
1 0 0 0
0 1 0 0
0 1 1 2
0 2 3 0
0 0 2 0
3 1 1 1
2 1 0 0
4 0 1 0
0 0 0 1
1 1 0 0
0 1 0 0
2 0 0 1
0 1 0 0
0 0 1 0
0 2 0 2
1 2 0 0
0 1 0 0
1 0 0 2
0 0 0 0
3 0 0 1
1 2 2 1
2 1 0 1
0 0 0 1
0 2 0 0
0 1 0 0
0 0 0 0
0 0 0 2
0 1 2 1
4 0 0 0
0 0 1 1
0 1 0 1
0 0 3 0
0 2 2 0
2 0 2 0
0 0 2 1
2 0 0 1
1 0 0 1
1 0 1 1
0 3 0 0
1 0 0 0
0 1 0 0
2 0 0 0
2 1 1 1
0 0 0 1
0 2 1 0
0 0 0 2
0 2 1 0
1 0 2 1
0 1 0 0
1 0 1 0
0 2 1 0
0 1 0 0
4 1 1 1
1 1 0 1
4 0 1 0
1 1 2 0
4 1 1 0
0 1 0 0
1 0 1 0
0 3 0 1
1 0 0 0
1 0 2 0
1 0 0 0
1 1 0 2
0 0 0 2
0 3 1 0
3 3 0 1
0 1 0 0
2 0 0 0
0 1 0 0
0 0 1 1
0 0 0 0
1 0 1 0
1 3 0 2
0 2 0 0
0 0 0 0
1 2 0 2
2 2 0 0
1 0 0 0
0 0 1 1
2 1 1 0
0 1 0 0
2 0 0 0
0 1 1 0
0 1 1 0
2 0 3 1
2 1 1 1
1 0 1 0
0 1 1 1
0 0 0 0
1 1 2 0
0 0 0 2
0 0 0 0
0 1 1 0
0 1 0 1
1 0 0 0
0 1 1 1
2 3 1 0
0 0 0 0
0 1 0 0
0 0 1 1
1 1 1 0
0 0 0 1
1 2 0 1
0 1 0 1
0 0 1 0
0 1 0 0
0 2 0 0
0 2 1 0
1 1 0 0
2 1 1 0
0 0 0 0
0 0 0 1
2 0 1 0
0 0 0 3
0 0 0 0
0 1 1 4
0 2 0 0
0 2 1 0
0 3 1 1
1 0 0 2
0 1 1 1
0 1 0 0
0 0 1 4
0 0 1 0
0 0 0 0
0 0 2 2
1 2 0 1
0 0 0 0
2 1 0 0
1 1 0 2
0 0 0 2
1 0 0 2
2 0 2 0
0 1 0 2
0 1 0 2
2 0 0 0
0 0 0 0
1 2 0 2
0 0 2 0
2 0 0 1
0 0 0 1
0 0 1 0
2 2 0 1
0 2 1 3
3 0 1 0
4 1 0 2
1 1 1 4
1 0 0 2
1 1 2 0
0 0 0 0
0 0 0 0
0 1 1 0
1 0 1 1
0 3 0 3
0 2 0 0
0 1 1 0
1 1 0 1
0 0 0 1
0 1 0 0
0 0 1 0
1 0 0 0
1 0 0 1
0 2 1 1
1 1 1 1
0 1 3 1
1 1 0 1
0 1 0 1
1 0 1 2
1 0 0 0
1 1 0 1
2 1 3 1
1 0 1 1
0 0 0 0
0 0 0 0
0 1 0 1
1 0 1 0
0 0 0 0
0 0 2 1
2 1 1 2
2 0 1 1
1 1 0 0
0 0 0 3
0 2 1 0
0 0 0 0
1 0 0 0
1 0 1 0
0 4 0 0
0 0 0 1
0 1 0 0
0 0 0 0
0 4 0 1
0 0 0 0
0 0 0 1
1 1 1 2
0 0 0 2
0 0 1 0
0 0 0 4
2 0 0 0
1 1 1 2
1 0 0 1
0 1 0 2
3 0 0 0
0 0 2 0
1 0 0 1
0 0 0 0
1 0 0 0
0 0 0 0
1 0 0 1
0 1 0 3
2 0 0 0
0 1 3 1
1 3 0 0
1 2 0 0
0 0 1 0
0 0 1 1
0 1 0 0
1 0 0 1
4 0 2 2
1 1 1 1
0 0 0 0
0 2 0 0
0 1 1 0
0 0 2 1
0 0 0 0
0 1 1 0
0 0 0 1
3 1 1 0
0 1 0 1
1 0 0 0
0 0 1 1
0 0 0 0
0 0 0 3
0 0 0 1
1 2 1 1
0 0 0 0
1 1 1 0
0 3 0 2
2 1 0 0
3 0 0 2
0 2 0 0
1 1 1 0
4 2 0 1
0 1 0 0
0 1 1 0
0 0 1 1
0 1 0 4
0 0 0 0
1 0 0 1
2 0 2 0
3 0 0 0
0 0 0 0
0 1 0 4
0 1 0 0
1 1 0 1
1 1 0 1
0 2 0 1
0 0 0 1
1 1 0 0
0 2 2 0
0 3 4 0
1 2 2 0
0 0 1 0
0 3 1 1
0 1 1 0
1 0 1 0
0 0 1 2
0 0 1 0
2 2 3 3
0 1 1 0
0 1 0 1
0 1 0 3
1 0 1 0
0 0 1 3
1 2 0 1
0 0 0 0
2 0 0 1
0 0 0 0
1 0 2 0
0 0 0 0
0 1 1 0
0 0 1 0
0 0 2 3
0 0 2 0
0 0 0 1
1 2 1 0
0 1 0 1
0 1 2 2
2 0 0 1
0 0 1 2
0 0 2 0
1 1 1 0
1 2 0 0
0 0 1 1
4 0 0 0
0 1 1 2
1 0 1 1
0 1 3 0
0 1 0 2
0 1 0 0
1 1 1 1
2 0 0 2
1 0 0 0
0 1 0 0
0 0 0 1
1 1 1 0
2 1 0 0
0 0 0 0
2 0 0 1
0 1 1 0
1 1 1 0
0 1 0 0
1 0 1 3
0 2 1 1
1 1 3 0
1 0 0 1
0 0 0 0
0 0 2 1
1 1 0 0
0 0 1 0
2 1 0 0
0 0 4 2
0 3 0 0
1 2 0 0
0 0 0 0
0 0 0 1
0 1 0 1
0 1 0 0
0 0 1 0
0 0 1 1
1 1 0 0
0 1 2 0
0 0 0 1
0 0 0 0
0 0 0 0
0 0 1 1
0 0 0 2
0 1 1 0
3 0 1 1
0 1 0 1
1 3 0 0
0 4 1 1
0 2 1 1
1 2 0 0
2 1 0 0
0 0 1 1
1 1 0 1
0 2 1 1
1 0 1 0
2 1 0 1
0 0 0 0
1 0 0 0
2 0 2 1
1 0 2 2
1 3 0 1
2 0 0 0
0 1 0 2
0 0 0 0
0 0 1 1
3 1 0 0
0 1 1 1
3 1 0 3
0 0 1 1
0 0 0 1
0 3 1 0
0 0 0 0
1 0 1 0
0 0 1 0
1 0 1 4
0 1 0 1
1 0 1 1
2 0 1 0
1 0 0 0
3 0 0 0
0 1 0 0
1 3 0 1
0 0 3 3
0 0 0 1
1 0 2 2
0 1 2 0
0 2 1 2
2 1 1 0
2 1 1 1
1 0 0 0
0 0 2 0
1 1 0 1
1 1 1 1
1 1 1 0
0 2 0 0
0 0 1 0
0 1 0 1
1 1 2 0
3 0 4 0
2 1 1 3
1 0 0 1
0 1 2 0
2 0 0 1
1 0 1 0
4 0 0 0
0 1 3 0
2 1 0 0
0 0 1 0
0 1 4 1
0 1 1 0
0 0 1 1
0 2 0 0
1 0 2 0
0 2 0 0
2 3 0 0
0 0 1 0
0 0 0 1
1 1 0 0
1 0 1 1
0 0 2 0
2 0 1 0
0 1 1 0
1 0 2 1
2 0 0 1
1 0 1 0
0 0 0 0
0 1 2 1
0 1 2 2
0 0 4 0
1 0 1 1
2 0 0 0
0 0 2 1
0 1 1 3
0 0 0 0
1 0 1 3
0 2 1 1
1 0 2 1
2 0 0 0
2 0 0 1
1 0 0 0
0 0 1 1
0 0 1 1
0 1 1 0
0 3 2 2
0 1 1 0
0 0 0 0
0 1 0 2
1 3 0 1
0 1 2 0
1 0 1 0
2 1 0 0
0 0 0 0
0 4 0 2
0 1 1 1
0 2 0 1
2 0 0 0
0 0 1 0
0 1 0 1
0 2 1 0
2 0 0 0
1 1 1 0
0 1 2 0
2 3 1 0
0 1 1 0
0 1 0 0
0 0 0 1
0 1 1 2
2 0 0 0
0 0 2 0
0 2 2 1
0 0 1 0
1 0 0 2
0 3 2 1
1 0 0 0
1 2 1 0
2 1 0 0
1 0 3 0
0 0 0 1
1 1 0 2
0 0 0 1
2 0 0 1
1 0 0 3
0 1 3 0
0 0 2 0
1 1 0 0
0 0 1 0
3 0 1 1
1 0 0 0
0 2 0 1
0 1 0 1
0 0 1 2
0 0 0 1
1 2 1 0
2 0 2 1
2 0 0 0
0 1 0 3
1 0 0 1
0 0 0 1
0 0 1 2
1 1 0 0
1 1 1 0
0 1 0 0
1 0 0 1
1 0 0 1
1 2 1 0
0 0 0 0
0 1 0 0
2 0 0 1
0 0 1 0
0 0 3 1
0 1 1 0
2 0 0 1
0 1 1 0
1 0 1 0
0 0 0 0
0 0 0 0
0 1 2 1
2 0 1 0
0 2 0 0
0 0 0 0
0 2 2 0
0 0 0 0
0 0 1 2
1 1 0 0
2 0 0 0
2 0 0 0
0 0 1 0
3 0 1 0
0 3 1 0
1 0 0 0
2 4 0 1
0 1 2 0
0 0 1 0
2 2 0 3
2 3 0 0
0 0 0 0
0 0 1 1
0 3 1 0
1 1 0 0
0 0 0 0
2 0 1 1
2 2 0 0
2 0 1 1
0 1 2 0
2 3 2 1
0 0 2 0
2 0 1 0
0 0 0 0
2 0 1 1
0 0 0 1
0 1 1 2
1 0 1 0
0 1 2 1
0 0 0 0
0 0 0 0
1 1 0 0
0 0 0 0
0 2 1 0
0 3 1 0
0 0 0 1
2 4 3 0
2 0 1 0
1 1 3 0
0 0 0 0
0 0 1 2
0 0 0 0
0 4 0 0
0 2 0 1
1 4 0 0
0 0 2 1
2 0 2 1
0 1 0 0
0 0 1 0
0 1 0 1
0 2 1 0
1 0 1 0
0 1 1 0
2 0 2 0
0 3 0 1
0 1 0 0
1 1 1 0
3 1 0 2
3 1 1 2
0 1 0 0
0 0 1 3
0 0 0 0
1 1 0 0
0 0 0 0
0 0 0 0
1 0 0 0
1 0 2 0
0 2 0 1
2 1 1 0
1 0 0 2
0 0 0 1
0 0 0 1
0 2 0 0
0 0 1 1
1 1 0 1
0 0 0 0
0 0 1 0
0 2 0 2
4 0 0 2
0 0 0 0
0 0 2 0
2 2 2 0
0 1 0 3
2 0 0 0
2 0 0 0
0 0 0 0
0 0 0 0
2 2 1 0
2 0 0 0
0 3 1 1
0 2 0 0
0 1 3 0
0 1 3 0
1 1 1 1
0 0 0 0
2 2 2 1
0 0 0 0
1 3 1 0
1 1 0 0
1 1 0 1
0 0 0 0
0 0 0 1
1 0 0 0
0 0 0 1
1 0 0 1
0 0 0 0
1 3 0 1
0 0 0 0
3 0 0 0
0 0 0 3
0 0 0 0
1 0 0 0
0 1 1 0
0 1 0 0
1 1 0 2
1 0 0 0
0 0 1 0
1 1 0 0
0 1 1 1
0 0 0 0
0 1 0 0
0 0 0 1
0 0 0 0
0 1 1 1
0 0 0 1
2 0 0 0
1 0 0 0
3 0 2 0
0 0 0 0
0 2 0 1
3 0 1 0
0 2 3 0
1 1 1 1
2 0 3 0
1 0 1 2
0 1 0 1
0 0 1 1
0 0 1 0
0 1 0 0
0 0 1 0
0 1 1 2
0 2 0 1
0 2 1 0
2 0 1 1
0 1 0 0
0 1 0 1
1 1 0 1
1 1 0 0
0 2 0 0
0 0 1 1
1 0 2 0
3 1 1 0
0 1 0 0
2 3 0 0
0 1 0 1
0 0 1 0
1 0 0 0
2 0 1 0
0 0 1 0
1 0 1 1
0 0 1 0
3 0 0 0
1 0 0 1
0 0 2 1
1 1 0 0
2 0 0 3
2 2 1 0
0 3 1 0
0 2 0 0
0 0 0 0
4 0 1 0
0 2 1 0
0 1 0 1
0 1 2 0
2 1 0 0
1 1 0 1
0 2 2 1
0 1 1 0
0 0 1 1
0 1 0 1
0 1 0 2
2 0 1 0
0 3 0 0
0 2 0 2
0 0 2 0
1 0 1 1
0 0 0 0
2 1 0 0
0 1 2 0
0 0 0 1
0 1 0 0
0 1 1 1
0 0 1 0
0 1 2 1
0 1 0 0
0 0 0 1
2 0 1 1
0 1 2 0
1 2 0 0
1 0 1 2
1 0 3 0
0 0 3 2
0 0 3 1
0 1 0 2
1 0 2 1
0 1 0 0
0 0 1 1
0 2 0 0
1 1 2 1
1 0 1 0
2 1 2 1
0 0 2 2
0 0 2 0
0 0 0 1
0 0 0 0
3 1 1 1
0 0 0 1
1 1 2 1
0 1 0 0
1 0 2 2
0 1 1 0
1 0 1 1
1 1 0 0
0 1 0 0
0 0 0 0
0 0 0 0
0 0 1 2
0 0 0 0
1 0 1 0
3 0 0 0
0 0 0 0
0 0 1 1
1 0 0 1
0 0 1 1
0 0 1 0
0 0 1 0
0 0 0 1
0 0 0 2
1 0 2 1
0 1 1 1
0 0 1 0
0 0 0 0
1 0 4 0
0 0 0 1
0 0 0 0
0 0 1 0
1 0 2 1
2 0 2 1
2 1 1 0
1 0 0 1
0 0 1 0
1 1 0 1
1 0 1 0
0 1 0 0
3 2 1 1
0 1 1 0
1 1 0 1
0 0 0 0
1 0 1 0
4 0 0 0
1 0 0 0
0 0 0 0
3 0 0 0
0 0 0 1
2 0 0 1
0 0 0 0
1 0 0 0
0 2 1 0
2 2 3 0
1 1 1 3
1 0 2 1
1 0 0 1
1 0 0 1
1 1 0 2
0 1 0 2
0 0 0 3
0 0 0 2
3 2 1 0
0 0 1 0
0 0 0 0
0 3 2 1
0 0 3 0
0 0 0 0
1 0 0 1
1 1 1 2
0 1 1 0
0 1 0 0
0 0 1 0
2 0 2 0
0 0 0 3
0 1 0 0
0 0 0 2
0 0 1 0
3 0 0 2
1 3 2 1
0 0 0 0
0 1 0 1
0 0 0 0
0 0 2 0
0 2 1 0
3 0 0 2
3 0 1 0
2 1 0 1
3 0 0 1
0 0 1 0
1 0 0 1
1 0 1 0
0 1 0 1
2 0 0 0
2 2 0 0
0 1 0 4
3 0 0 1
2 1 0 1
0 2 1 0
1 1 1 0
0 1 1 0
0 1 0 0
1 1 1 1
3 0 1 0
0 0 0 1
1 0 0 1
0 1 0 1
0 0 0 1
1 1 1 1
0 0 2 0
0 0 0 1
1 0 0 1
1 0 2 0
0 0 3 1
2 4 0 1
2 0 1 0
1 0 2 0
2 3 3 1
0 1 0 2
1 0 0 1
3 2 1 1
1 0 0 0
3 1 3 0
2 0 0 0
0 0 0 0
0 0 0 0
0 0 1 0
1 0 0 0
1 1 0 0
2 0 0 1
0 1 0 3
0 0 0 0
0 0 0 1
1 0 1 0
1 1 1 1
0 0 0 0
2 0 0 0
1 0 0 1
0 1 0 0
1 0 0 0
1 0 1 2
3 1 0 0
0 0 3 3
0 2 3 0
0 0 2 0
2 2 0 0
0 1 0 1
0 1 2 1
0 1 0 0
0 0 2 0
0 0 0 0
0 0 0 0
0 0 3 3
1 1 0 0
0 0 1 0
1 0 0 1
0 0 0 1
1 2 1 1
1 0 0 0
0 0 0 0
1 2 1 1
0 1 0 2
1 0 0 0
0 0 1 0
0 1 2 1
2 0 0 2
0 1 1 2
3 0 1 1
0 0 1 0
2 0 3 0
1 0 0 0
1 0 0 1
2 0 0 0
0 0 0 1
2 1 0 0
2 0 2 3
0 2 1 1
2 0 0 0
4 2 0 0
1 0 0 1
0 0 2 0
0 0 0 0
0 0 0 0
0 0 0 0
0 0 1 2
1 0 0 0
0 1 1 0
0 0 0 0
1 0 4 1
0 0 3 1
1 1 0 0
1 0 2 0
0 1 0 0
1 0 0 0
0 0 0 0
0 3 0 0
1 0 0 1
0 0 1 0
1 0 1 1
0 1 0 2
1 1 1 0
2 0 4 0
2 1 1 0
1 1 0 1
0 1 0 0
0 0 0 0
0 2 0 0
0 0 1 1
0 0 0 0
0 0 1 4
1 0 1 0
1 1 0 2
0 0 0 0
0 2 0 0
0 2 0 1
0 0 0 0
0 2 0 1
0 1 1 0
3 0 2 0
0 2 0 0
2 0 0 0
2 1 0 0
1 0 2 0
0 0 0 0
0 1 0 0
0 1 0 0
0 0 0 1
0 0 3 1
1 3 0 1
1 0 2 1
0 0 0 0
0 0 0 0
0 0 0 0
0 0 0 0
0 1 0 1
4 1 3 0
0 2 1 1
1 0 0 1
0 3 1 1
1 0 0 1
1 0 0 0
0 0 1 0
0 1 1 4
1 2 1 0
2 2 0 1
0 3 0 1
0 0 1 0
1 2 0 0
0 0 3 1
1 0 0 0
0 0 3 4
2 1 0 0
0 2 0 1
1 1 0 0
2 1 1 0
0 0 0 0
1 0 0 0
0 1 0 1
0 2 0 0
1 0 1 1
4 2 0 2
1 1 0 0
0 1 0 0
0 1 0 2
1 0 0 0
0 0 4 0
2 2 0 0
0 0 0 0
2 1 1 0
0 0 0 0
0 1 0 0
0 2 0 1
1 0 1 2
0 0 0 0
0 1 3 0
1 1 0 1
0 0 4 4
1 0 2 1
0 0 0 1
0 0 1 2
0 0 0 1
0 0 3 1
0 0 3 0
0 1 0 0
1 1 1 0
1 0 0 1
0 0 0 2
1 1 1 0
2 0 0 0
1 2 0 3
0 0 1 0
0 0 2 1
3 1 2 0
1 1 0 2
0 0 0 3
0 0 0 0
0 0 0 0
0 0 0 0
3 1 1 1
0 2 1 0
0 2 1 0
0 0 0 0
1 0 2 0
0 1 1 1
0 1 0 2
1 1 2 1
1 0 0 1
0 1 1 2
0 1 2 0
0 0 2 0
0 0 0 1
2 2 0 0
0 1 1 0
0 2 0 1
1 1 0 0
0 1 0 1
0 0 1 0
0 0 1 0
1 0 0 2
0 1 0 3
0 0 1 0
2 0 0 0
0 1 1 0
1 1 1 1
1 0 0 1
3 1 0 0
0 0 2 1
0 0 0 0
0 2 2 0
1 1 1 1
0 0 0 1
1 0 3 1
1 1 1 1
0 0 0 0
1 0 0 0
0 1 1 1
0 1 0 1
1 0 0 0
0 2 0 0
0 1 1 0
0 1 0 0
1 0 0 1
1 2 1 0
0 0 0 0
1 0 1 2
0 0 1 1
0 0 0 3
1 0 1 0
0 0 2 0
0 0 1 0
4 0 0 2
1 3 2 1
3 1 1 0
1 0 1 0
0 0 1 1
0 2 0 3
0 1 0 2
0 0 2 1
0 2 0 0
0 0 0 2
0 0 0 1
0 2 0 3
0 2 1 0
1 1 0 0
3 0 0 1
0 0 0 0
2 0 0 1
1 0 1 0
0 0 1 0
1 0 2 0
0 3 0 0
2 1 1 0
0 2 0 1
1 0 1 1
0 0 0 0
1 0 2 0
1 0 0 2
0 4 0 0
0 2 1 0
1 2 2 0
2 0 0 0
1 3 0 0
0 0 2 1
0 0 2 0
0 0 1 0
0 0 0 2
0 1 1 0
1 0 0 0
0 1 1 0
0 1 2 0
0 0 2 2
1 4 0 2
1 2 1 0
1 0 2 0
0 0 1 2
1 1 0 0
1 1 0 2
1 1 3 0
1 2 0 0
2 0 0 0
1 0 0 0
2 2 2 0
1 0 0 0
0 0 0 0
0 0 0 0
1 1 1 0
0 0 0 1
1 0 0 0
0 1 0 1
0 0 1 0
1 0 0 0
0 0 0 0
1 1 0 1
0 1 0 1
3 0 1 1
1 1 0 0
0 0 1 0
1 0 2 2
1 0 1 0
0 1 0 0
3 0 0 0
0 0 0 1
0 0 1 0
1 0 2 0
0 1 0 0
0 1 0 1
2 1 1 0
0 0 1 0
0 0 3 3
2 0 0 0
0 0 0 1
0 0 0 0
0 1 3 0
0 0 0 0
1 0 1 0
0 0 0 2
0 1 2 3
0 0 3 1
1 0 0 0
0 0 1 0
0 1 0 2
0 0 1 0
0 1 0 1
0 1 2 0
1 0 0 1
1 0 0 0
0 0 1 3
0 1 2 1
3 0 1 2
1 0 0 0
0 0 4 1
1 0 0 1
0 0 0 1
0 0 0 2
0 0 4 1
0 0 0 0
1 2 0 1
0 2 0 0
0 0 1 0
0 0 0 1
0 0 2 1
1 0 0 3
1 2 0 0
0 1 0 0
3 0 0 0
0 0 2 0
1 0 0 0
1 0 0 0
2 2 0 1
0 0 0 4
1 0 1 1
2 0 0 0
2 1 2 0
0 0 0 2
0 1 1 0
0 0 1 1
0 0 1 0
1 0 1 0
0 0 3 1
0 2 0 0
0 1 2 1
1 0 0 0
0 1 1 1
1 1 0 2
0 0 1 0
1 0 0 0
0 3 0 0
1 0 1 1
0 0 0 1
1 0 1 3
1 1 1 0
0 0 0 1
0 2 0 0
2 0 2 0
1 0 0 0
0 1 0 1
0 0 0 0
3 1 0 0
0 0 2 0
1 1 2 1
0 0 1 1
0 0 0 1
0 0 0 0
0 0 0 0
0 0 0 0
0 0 0 0
0 0 0 0
0 2 3 0
1 0 0 1
0 0 0 0
3 0 2 0
0 0 0 0
0 0 0 1
0 1 0 0
1 1 2 0
2 2 0 4
0 0 0 2
0 1 0 0
0 1 1 1
0 1 0 0
0 0 1 1
0 0 1 1
0 0 0 1
1 0 0 0
0 0 0 0
1 0 1 0
1 0 0 0
0 0 0 0
0 0 1 0
0 0 0 0
1 3 0 1
0 1 0 1
1 0 1 1
0 0 1 0
1 2 3 1
1 1 0 0
1 0 0 4
0 1 0 1
0 0 1 0
2 0 2 1
0 1 0 0
0 0 0 3
0 0 1 0
0 0 1 4
2 0 0 0
2 1 0 0
0 0 0 2
0 0 1 0
0 0 0 0
2 2 2 0
0 0 0 0
2 1 3 0
1 0 2 0
0 0 1 0
0 0 0 0
0 0 3 0
1 0 1 0
1 0 0 1
0 0 0 2
1 1 0 0
1 0 0 0
0 0 0 2
0 0 0 0
0 0 1 0
0 1 0 0
1 0 0 1
1 1 2 0
0 0 0 0
1 2 1 0
0 0 0 1
1 2 0 0
1 3 0 0
0 1 0 0
1 0 0 1
2 1 1 1
1 0 0 0
0 1 1 1
1 1 0 0
0 0 0 1
2 0 1 0
1 0 1 0
0 0 4 0
1 0 4 0
1 1 1 0
0 2 0 0
1 0 0 1
2 0 1 2
2 1 0 0
1 1 0 1
0 0 1 0
0 1 0 2
0 1 0 0
0 1 0 0
1 1 0 0
0 0 1 0
0 2 0 0
0 0 0 2
0 1 1 0
1 0 1 0
1 0 0 0
3 1 0 1
0 0 0 1
1 1 0 1
2 0 0 3
0 1 0 2
1 0 0 0
2 0 0 0
0 2 0 0
0 2 1 1
1 0 0 1
3 1 1 0
0 0 1 0
1 1 0 0
0 0 1 0
1 0 0 0
0 4 0 1
0 0 0 1
0 1 2 0
0 0 2 1
0 1 0 1
0 0 0 3
1 0 1 0
1 0 1 1
0 0 0 1
2 0 0 1
0 1 1 1
1 0 0 1
0 0 1 0
1 1 0 0
2 0 3 0
0 1 0 3
1 4 0 0
1 0 0 0
0 1 0 1
0 0 0 2
1 1 2 0
2 0 0 0
0 1 0 1
0 0 1 0
3 0 0 1
0 0 3 0
0 1 1 1
0 1 0 0
0 1 1 0
1 1 1 1
0 1 0 1
2 3 0 0
0 0 2 1
0 3 0 0
0 0 0 1
0 1 0 0
3 0 0 1
0 2 0 0
0 0 1 0
2 0 0 1
1 0 1 0
0 1 1 1
0 1 0 1
1 1 1 1
0 0 2 1
0 2 0 0
2 0 1 0
0 2 0 3
3 0 0 0
1 1 0 1
0 3 4 1
0 0 0 1
0 3 0 1
0 0 1 3
1 1 0 1
1 0 0 1
1 0 3 0
0 0 1 0
0 0 2 0
0 0 0 0
0 0 2 1
0 0 1 0
0 0 0 0
4 0 0 0
1 0 0 1
1 0 0 2
0 0 1 1
0 4 1 0
0 1 2 2
0 0 0 0
0 0 1 0
0 2 0 2
1 2 0 1
1 0 1 0
1 0 0 1
1 1 0 0
0 0 1 0
0 1 0 1
0 0 0 1
0 1 0 2
0 3 3 0
0 0 0 1
0 0 4 2
2 0 0 1
2 0 0 0
0 1 0 1
0 0 0 1
0 0 3 2
1 0 0 0
1 0 0 0
0 1 0 0
0 1 0 0
0 1 1 1
1 0 0 1
2 0 0 2
0 1 2 0
0 0 4 0
1 0 0 1
1 0 0 0
0 0 0 0
0 1 2 0
3 1 0 0
0 1 0 1
0 0 0 0
1 0 3 0
0 1 0 3
0 1 0 1
0 1 0 0
1 1 2 3
0 2 0 0
0 0 2 0
3 0 2 1
1 1 1 0
1 1 2 2
0 0 4 1
0 0 0 1
1 2 2 3
0 2 0 0
1 1 0 0
0 1 0 0
1 2 0 0
2 0 1 0
2 0 0 0
1 2 0 2
1 0 1 0
0 1 2 0
1 2 0 0
1 1 0 1
2 0 2 0
0 2 1 0
0 0 0 1
0 1 0 0
2 0 0 0
1 2 2 0
0 1 1 0
1 1 0 1
1 1 1 1
0 0 3 2
1 0 0 1
0 0 0 1
0 0 0 0
2 1 0 0
1 1 0 2
0 3 0 1
0 4 0 1
0 0 0 0
1 2 1 1
0 0 1 0
0 1 0 2
1 2 0 1
0 2 0 0
1 0 0 0
0 0 1 1
0 0 0 0
1 0 0 0
0 1 1 0
0 1 1 0
0 0 0 3
0 0 0 2
1 0 0 1
0 0 1 1
1 1 1 0
0 0 3 1
0 0 0 0
0 0 0 1
1 0 1 3
0 1 0 0
0 1 1 1
2 0 0 1
1 0 0 3
2 1 0 0
2 0 1 1
0 0 2 0
2 0 0 0
1 0 2 0
1 2 0 1
0 0 0 2
0 1 2 1
0 1 0 3
0 0 0 1
0 1 1 0
2 0 1 2
1 2 0 1
1 0 1 2
0 0 0 0
0 1 0 1
0 0 0 0
1 0 1 1
1 2 0 0
1 0 1 0
0 0 3 0
1 0 2 0
0 1 0 1
0 1 0 1
1 0 0 0
1 1 0 0
0 1 0 0
0 2 2 1
0 2 0 1
1 0 1 0
3 0 0 0
1 1 2 0
0 2 2 0
0 0 1 1
1 0 1 3
0 0 0 0
0 1 1 1
1 1 2 0
1 1 1 3
1 0 0 0
0 1 0 0
0 2 1 0
0 1 2 2
0 0 0 3
1 0 0 4
2 1 2 1
0 1 2 0
0 3 0 2
0 0 0 3
2 0 2 1
0 0 1 2
1 1 1 1
0 4 1 2
0 0 1 1
2 0 4 0
0 0 1 2
0 0 0 0
0 1 0 0
1 0 1 1
1 0 1 1
2 0 2 1
0 1 0 0
1 0 1 0
0 1 1 0
2 1 0 0
0 1 0 4
1 0 0 0
0 0 0 0
0 1 0 1
1 1 3 1
0 0 2 1
0 0 4 0
0 0 0 2
0 2 1 1
3 0 0 0
1 0 1 0
1 0 2 1
0 0 2 0
1 0 1 0
0 0 0 1
1 1 2 0
1 0 0 0
2 1 0 0
0 0 1 0
0 1 3 0
0 0 0 0
1 0 0 1
1 1 0 1
1 1 0 0
2 0 1 1
