2 2 5 1000
443
713 1183
709 1186
101 160
147 131
29 127
15 16
26 17
13 9
21 9
26 9
17 12
19 18
9 22
19 22
14 7
21 21
17 17
16 17
7 20
15 17
15 11
13 18
9 17
11 18
13 13
7 18
8 21
5 9
22 14
12 16
24 10
27 22
13 11
14 9
19 19
18 10
20 8
6 18
12 9
18 8
20 6
18 21
16 20
8 13
19 14
16 10
26 3
6 5
11 26
28 12
18 10
9 16
7 9
10 26
7 16
14 18
10 5
10 11
8 13
15 12
14 14
18 13
20 15
9 7
6 19
13 12
4 17
16 13
4 7
7 13
15 8
16 11
19 14
13 26
12 28
7 21
17 11
28 10
17 17
11 22
15 23
16 19
16 8
7 10
10 19
24 11
13 7
15 23
11 16
26 21
20 18
5 7
9 21
7 15
15 25
14 9
19 5
12 6
20 14
28 12
3 10
16 8
6 17
14 22
21 15
23 19
11 21
10 9
14 21
25 12
7 9
6 16
7 8
18 18
14 5
16 14
12 23
7 13
8 20
7 4
7 11
4 24
23 20
18 15
16 3
16 23
17 25
18 9
11 6
18 10
24 9
12 19
9 28
23 4
3 11
15 21
18 14
3 11
3 7
20 4
14 26
22 22
10 10
13 16
18 10
11 17
20 20
9 20
16 16
3 8
12 9
15 8
23 12
6 16
25 14
20 16
10 13
17 13
14 13
10 5
7 20
19 17
18 10
13 9
11 16
21 7
14 14
3 6
12 9
9 22
5 19
18 12
19 9
9 12
13 19
15 14
7 7
4 15
14 11
18 11
7 17
6 3
10 12
10 5
9 26
19 9
21 18
15 9
21 10
23 14
15 17
12 15
20 6
26 28
6 6
17 19
19 15
5 12
4 12
19 26
11 25
9 9
11 9
4 14
15 13
19 10
20 20
17 5
22 4
6 9
13 12
21 8
15 6
16 15
22 13
12 19
6 15
12 18
5 16
10 11
26 8
14 10
12 10
27 12
28 23
4 5
13 16
13 20
9 6
10 3
17 12
13 4
11 11
11 22
17 21
20 7
10 13
9 8
13 19
12 14
15 6
5 19
13 18
23 25
9 8
11 6
14 10
4 7
6 11
14 11
13 17
13 13
14 15
11 20
25 10
23 8
15 21
17 6
14 21
19 12
13 16
28 26
17 21
19 8
7 21
7 4
28 10
5 22
7 7
9 22
24 18
19 6
3 5
20 13
14 9
7 7
22 7
10 5
7 5
16 16
8 3
22 9
27 17
22 9
9 3
24 9
24 10
6 15
24 25
14 9
18 10
11 19
14 13
20 23
21 21
20 20
3 24
5 21
12 23
13 12
8 15
11 10
18 8
16 21
18 14
16 17
9 21
8 15
13 14
11 28
14 7
7 6
17 10
18 25
13 20
20 8
12 11
7 13
11 5
12 15
8 11
9 20
13 14
11 4
11 14
19 17
28 21
6 5
10 18
19 15
23 27
17 22
12 9
6 26
19 15
9 8
9 6
9 23
26 6
18 18
19 14
9 13
24 17
21 11
12 15
11 20
17 14
14 21
7 12
26 10
18 28
19 9
20 19
4 15
21 12
7 9
6 14
13 27
15 9
22 10
8 27
14 20
25 20
14 18
24 12
9 19
8 12
10 21
16 7
6 9
11 18
11 4
16 23
5 22
5 13
10 8
15 8
10 5
22 25
9 13
14 27
15 18
4 9
24 16
17 21
18 17
15 22
18 15
14 11
17 24
6 8
8 25
5 14
25 6
7 16
19 3
7 16
8 16
17 8
14 20
5 16
14 11
11 6
13 23
26 14
4 20
12 13
8 14
13 21
5 9
10 19
10 4
9 16
14 5
12 16
13 19
5 12
19 20
23 12
4 10
8 15
10 6
21 12
15 12
9 8
17 16
19 20
11 25
17 7
4 28
16 11
9 18
19 11
11 23
11 25
24 27
15 25
17 12
7 16
19 17
3 6
11 5
8 17
8 17
11 12
14 16
6 14
13 17
22 13
23 15
27 10
27 23
24 11
13 4
17 6
12 6
6 17
17 15
17 25
5 9
21 6
10 20
7 14
24 9
14 19
18 13
15 5
10 12
14 24
12 8
14 10
9 13
20 19
7 16
22 13
6 24
7 16
27 21
23 22
19 9
14 11
15 19
18 18
24 11
11 12
15 7
26 8
19 13
11 8
28 12
8 13
16 6
28 20
18 25
12 15
18 17
10 24
14 9
19 17
16 16
11 22
12 18
4 5
11 11
4 16
11 16
3 3
16 4
18 14
10 3
23 7
9 3
10 12
22 27
16 21
5 20
19 7
15 10
14 21
16 14
26 7
23 11
24 9
3 13
12 9
4 24
13 25
16 25
12 13
17 7
15 19
13 20
12 21
6 5
5 17
26 26
4 16
18 18
9 24
26 8
18 7
4 16
23 10
13 8
10 23
18 10
12 24
15 27
11 21
10 26
19 12
27 8
5 12
21 6
19 16
11 17
23 18
14 20
25 11
19 17
7 27
14 7
13 24
11 13
26 18
8 21
4 23
9 13
11 14
8 10
13 12
15 8
8 7
6 22
10 24
16 8
14 16
14 24
9 10
8 24
5 23
21 9
15 19
5 21
11 14
6 13
13 14
17 14
9 12
15 8
11 11
4 10
14 9
23 4
11 19
20 19
12 21
9 25
12 26
17 26
8 12
13 6
19 13
9 14
16 11
24 15
11 3
17 12
19 7
13 17
9 13
9 17
11 11
16 10
10 7
6 9
9 19
24 12
4 24
16 6
16 8
4 8
12 4
13 5
16 5
11 16
19 16
6 14
14 9
19 19
14 12
8 17
24 8
21 14
12 12
8 25
7 27
15 11
12 11
8 14
4 16
27 28
17 16
5 7
21 16
19 20
21 10
17 16
5 17
21 23
22 25
6 15
12 11
22 11
11 18
23 9
10 5
13 15
12 23
19 9
6 12
8 17
22 9
13 15
16 20
16 16
15 28
10 19
8 5
12 20
23 8
22 12
18 28
28 25
15 15
4 21
20 3
20 14
14 7
24 18
7 18
8 18
13 20
20 10
13 10
22 4
13 6
12 28
17 13
9 8
8 20
20 17
6 13
8 26
4 19
8 17
12 11
16 15
10 5
26 4
9 5
6 6
4 8
4 7
9 22
6 13
15 13
5 8
16 7
13 10
21 6
14 6
8 6
21 18
14 18
23 18
27 22
14 7
19 6
19 25
13 5
18 23
28 19
9 6
21 17
18 8
17 10
12 21
24 12
10 19
24 9
17 27
15 16
14 17
22 28
15 6
14 7
5 18
10 9
14 11
25 18
12 3
7 23
8 18
17 18
11 3
20 11
26 13
11 15
17 8
10 7
21 14
12 16
28 12
23 14
15 18
8 8
9 11
21 21
21 15
20 6
26 20
9 5
16 13
23 15
8 14
13 22
13 17
22 14
5 10
20 21
6 16
12 17
23 14
25 28
3 8
18 9
17 27
9 10
6 14
20 7
12 6
7 20
9 12
9 13
7 19
27 6
8 12
14 18
4 19
16 10
12 18
8 22
16 18
27 6
27 17
24 4
22 9
11 10
21 6
11 14
24 10
25 24
19 17
16 14
17 16
10 8
14 12
12 16
9 17
23 21
16 13
5 15
21 10
21 13
10 10
23 8
14 14
4 3
23 4
20 16
14 8
19 23
18 26
7 8
11 8
18 22
6 21
14 11
15 12
28 28
9 8
18 25
14 18
10 19
6 19
12 15
19 7
11 5
26 21
5 9
15 17
13 13
9 15
13 4
18 16
7 10
4 12
8 28
8 23
25 9
16 18
19 7
10 8
10 11
6 16
18 9
14 13
7 20
13 17
17 24
4 4
13 20
5 8
23 18
17 18
22 13
5 19
18 16
15 12
6 6
6 12
17 4
16 12
18 14
20 11
10 19
13 11
11 7
13 15
18 15
7 10
9 11
9 12
18 9
21 15
7 20
18 14
11 4
20 12
13 24
12 6
7 23
6 15
27 7
5 15
11 18
6 23
7 22
13 21
17 12
18 17
19 7
6 28
19 22
8 18
9 9
13 19
17 18
23 6
17 9
18 16
9 14
12 22
20 8
23 12
12 23
23 26
4 15
26 10
20 23
16 11
7 15
21 12
11 11
12 21
14 8
16 19
11 15
16 3
12 11
8 12
10 17
14 10
16 20
19 4
11 12
7 9
23 19
20 12
5 4
10 5
9 6
12 11
26 22
13 12
18 9
23 22
6 26
21 7
11 20
17 22
13 14
11 9
18 24
12 9
10 5
13 11
21 7
9 19
4 25
8 14
10 17
11 7
8 10
8 8
11 19
17 7
25 26
10 14
25 21
20 8
11 18
10 18
18 12
25 10
15 11
18 18
3 22
13 15
25 18
13 28
4 7
11 18
9 9
11 6
11 13
12 11
14 22
22 11
5 6
16 12
8 7
22 21
10 18
9 11
10 22
22 18
10 14
11 15
16 19
28 10
14 11
26 25
12 14
24 5
16 12
11 18
6 13
12 20
4 26
10 13
17 20
8 14
10 21
11 11
13 12
12 15
15 14
7 21
15 9
7 25
6 22
12 8
14 24
12 22
19 5
13 25
21 16
20 22
5 21
10 18
8 19
22 19
8 19
17 3
8 13
27 7
10 5
8 11
13 21
8 24
11 28
5 20
26 12
14 24
11 7
4 22
15 22
8 8
18 13
7 25
14 7
14 24
7 6
10 5
19 4
13 21
17 15
17 17
7 14
17 8
11 11
10 12
4 10
18 16
11 16
21 10
14 14
7 18
11 8
25 19
9 5
4 17
12 5
15 4
13 7
12 11
10 8
14 19
4 12
14 16
26 7
9 4
14 10
22 16
17 16
10 25
15 14
9 12
11 4
10 11
14 12
12 8
22 12
20 6
16 23
12 19
13 24
24 14
7 11
16 8
4 22
14 4
27 28
9 20
7 16
4 13
18 24
24 6
20 5
16 12
10 12
22 17
10 26
16 12
20 9
15 14
24 8
3 8
19 16
14 12
12 7
18 7
13 9
8 23
11 11
20 7
6 10
10 25
19 14
16 23
4 18
16 11
12 5
12 19
9 7
11 26
17 23
9 10
12 18
10 11
4 12
11 6
7 8
12 15
5 12
5 5
19 7
17 27
15 7
20 14
13 13
16 7
9 11
18 14
12 12
8 15
17 16
9 8
16 20
23 13
12 15
21 21
27 25
14 9
25 11
6 11
8 20
23 17
8 18
11 18
12 18
10 8
27 17
15 19
13 21
16 5
11 7
8 20
5 7
7 19
7 19
21 22
17 9
15 12
20 5
24 24
11 5
20 21
18 8
6 11
15 11
13 7
16 17
7 22
22 11
10 8
17 27
15 10
7 9
18 13
21 12
7 25
10 9
11 12
16 13
4 24
18 22
16 20
17 8
5 20
14 12
17 17
9 4
25 16
14 17
6 14
9 7
14 18
16 21
6 13
13 19
16 6
12 3
16 5
10 23
13 4
10 14
12 28
7 19
16 22
11 25
5 19
4 12
17 17
22 11
14 13
9 4
17 10
5 9
25 6
27 6
8 9
23 26
8 7
8 17
26 8
7 26
11 24
13 7
15 8
18 3
15 24
8 4
19 15
18 7
9 14
20 17
9 26
11 19
12 16
12 12
22 14
11 9
23 8
10 9
27 13
10 10
6 9
17 3
15 20
8 10
10 13
24 12
4 15
20 9
7 12
16 19
18 17
26 19
14 10
3 15
10 13
15 7
21 19
6 20
17 12
18 7
5 7
15 13
27 10
22 12
15 20
22 28
17 6
11 27
11 13
27 9
12 10
12 27
14 21
12 7
15 17
7 19
13 15
19 14
16 7
10 18
6 27
6 19
15 11
13 27
10 17
17 15
19 20
24 26
11 4
12 27
16 11
18 4
5 5
13 18
15 10
12 18
12 24
11 11
8 8
5 11
19 19
10 5
16 16
18 11
28 20
16 5
28 22
14 18
22 23
6 11
5 20
8 9
9 23
24 13
7 20
11 25
18 10
12 20
10 10
11 9
19 12
15 7
13 10
17 10
21 11
25 16
22 13
18 20
16 18
13 24
9 21
12 10
7 17
20 11
17 17
8 15
13 26
23 12
13 10
12 17
4 5
25 10
7 27
21 14
9 15
11 17
19 11
28 12
18 26
21 4
11 15
8 6
13 12
8 8
16 4
18 24
15 24
14 11
28 22
8 6
14 5
16 14
27 18
12 13
20 13
6 7
18 10
15 15
8 10
11 6
10 8
9 5
9 11
4 9
17 15
13 17
10 13
15 28
11 8
17 21
9 18
12 16
7 20
23 16
17 8
19 17
17 19
14 13
11 13
13 18
5 15
15 8
13 18
13 21
10 24
13 19
14 11
22 9
16 11
22 22
15 14
14 8
17 11
17 8
10 12
4 13
7 11
24 16
26 19
14 10
6 20
8 6
11 8
10 13
8 21
17 7
7 18
20 8
7 21
8 11
10 15
11 18
28 17
13 11
15 26
8 9
11 3
15 9
18 21
20 4
19 14
13 24
3 18
19 27
23 23
7 3
10 12
14 8
10 11
15 5
8 19
10 11
13 8
10 8
9 15
15 12
17 20
22 16
13 5
10 18
9 22
14 17
8 17
8 7
12 16
13 17
24 12
19 19
6 20
19 7
21 8
14 8
15 20
15 16
26 5
16 11
19 24
18 20
10 12
13 5
24 16
3 17
22 17
18 19
18 19
16 7
15 19
16 10
8 12
13 17
3 22
11 8
6 14
16 14
12 8
5 7
10 18
3 20
18 10
21 4
17 4
5 17
17 5
7 24
11 25
21 23
17 26
12 17
20 3
19 24
25 19
5 22
15 13
17 12
15 17
6 10
8 19
4 13
10 12
6 14
7 20
20 15
22 20
25 14
16 23
11 11
22 19
25 23
4 28
3 13
11 3
13 8
26 17
7 24
7 17
9 8
24 15
25 19
17 21
24 10
13 10
18 7
3 11
24 21
20 12
15 8
21 17
15 15
21 14
5 7
20 8
11 17
14 10
27 15
11 12
13 19
12 27
8 19
12 10
9 18
3 9
22 8
14 6
11 18
11 22
11 9
13 17
8 13
14 19
8 13
7 11
4 5
7 6
10 24
10 6
18 27
13 15
9 13
25 16
10 13
10 11
20 5
11 11
13 14
26 17
11 8
6 6
14 17
15 7
25 26
16 3
20 3
7 28
17 20
8 8
11 12
11 12
15 8
11 7
27 21
21 6
18 10
15 17
18 9
19 14
3 3
11 8
22 13
7 24
23 16
19 12
8 16
9 8
16 9
13 7
21 22
17 9
15 21
13 8
16 23
11 13
20 11
5 10
19 18
16 7
13 8
15 8
9 16
25 17
14 15
15 25
6 17
25 19
5 3
23 24
10 15
15 16
24 7
6 6
17 7
21 11
21 21
24 17
19 12
19 11
23 24
11 26
20 11
9 16
15 12
26 12
23 17
4 11
4 4
19 10
25 17
10 12
26 11
8 23
21 26
3 23
14 25
11 17
12 8
11 16
20 7
14 14
19 14
5 24
6 17
15 11
10 15
6 17
24 12
21 16
23 16
18 18
11 11
28 8
7 12
28 16
8 13
16 5
11 13
17 10
10 11
18 19
13 13
25 14
12 24
11 17
9 12
6 25
17 25
15 4
11 3
14 10
19 3
22 8
19 19
22 20
13 16
8 13
4 22
12 13
25 21
23 10
26 3
13 7
13 3
15 20
16 13
16 6
10 3
16 10
8 7
16 25
7 15
12 9
8 12
22 25
13 20
21 15
11 16
18 3
25 20
24 16
11 12
15 14
7 11
17 18
10 20
9 14
19 18
20 10
4 17
10 10
11 13
13 9
11 13
8 11
9 17
16 24
9 17
13 11
20 17
18 11
11 21
7 8
8 7
11 8
10 7
10 9
18 22
15 12
13 19
20 11
26 7
16 7
13 16
19 14
23 19
4 4
16 21
11 6
23 6
12 19
5 13
17 10
18 18
9 22
28 27
14 5
4 4
10 23
4 15
11 28
4 13
8 7
22 12
20 13
25 20
24 19
16 21
22 6
17 13
15 9
13 17
8 11
16 19
10 8
5 11
23 6
20 18
7 6
10 4
12 13
15 7
4 9
16 24
23 8
15 20
16 19
24 18
6 18
10 20
25 12
5 11
17 19
20 7
23 15
17 16
14 12
6 18
8 5
11 6
7 20
13 21
14 11
15 8
10 26
8 14
9 24
28 6
13 21
22 15
24 13
18 14
5 4
13 12
8 13
7 22
9 7
9 10
17 23
16 18
26 5
16 26
13 14
3 22
18 27
17 4
5 11
24 14
15 19
11 28
10 8
20 19
4 8
18 17
14 8
17 19
10 8
9 10
20 14
15 16
15 21
5 12
10 3
13 13
19 5
16 21
17 27
14 11
11 18
21 10
22 19
10 9
22 8
10 21
20 6
13 15
14 10
8 22
8 9
6 10
16 9
17 7
6 19
18 5
16 5
12 10
13 14
4 20
6 14
8 7
14 23
18 10
8 18
10 14
25 6
15 18
24 16
18 8
23 13
9 12
5 9
14 24
9 10
7 18
21 4
20 27
16 23
7 11
13 9
19 13
8 22
19 18
19 10
3 26
11 5
18 10
26 15
11 4
21 22
13 24
13 16
15 15
28 6
22 9
22 6
19 28
16 13
6 27
19 9
9 24
5 22
24 10
21 6
12 14
22 12
12 11
7 11
12 8
6 12
11 22
25 10
19 18
9 11
9 13
15 21
14 11
18 13
23 15
11 11
12 13
19 11
24 9
16 24
10 18
18 3
13 19
27 11
11 9
21 23
13 15
6 16
11 28
3 10
12 27
19 7
17 13
11 12
23 5
11 11
12 14
28 17
6 10
3 4
13 17
15 12
21 12
10 22
19 12
14 12
9 13
19 8
13 7
9 24
11 7
16 13
23 14
11 18
23 16
6 18
6 5
