14 5 2
314 857 1662 1856
474 1174 1896
664 1265
608
592 1018 1693 2402 3167
619 1082 1842 2282 2889
658 964 1834 2146 3273
572 998 1731 2344 2990
636 997 1583 2214 3135
591 980 1631 2265 3251
591 1096 1882 2298 2957
604 1012 1679 2488 2980
623 1117 1684 2448 3407
603 974 1878 2161 2846
630 1017 1807 2085 3020
580 1067 1845 2283 2944
605 1134 1681 2216 3015
625 997 1870 2189 3341
25 49 27 41 26
46 46 27 25 27
45 25 32 34 30
49 26 42 28 47
42 25 32 34 31
37 49 30 49 44
36 50 31 38 28
34 43 26 27 44
41 45 31 40 49
36 36 27 25 32
31 27 27 40 49
47 27 28 28 45
42 41 35 44 47
34 25 49 41 42
7 26 46 10 3
2 1 0 0 1
0 0 1 0 2
1 0 1 0 1
0 1 0 0 0
0 1 2 0 2
1 1 3 1 0
1 0 0 0 1
0 0 0 3 1
0 0 0 0 0
0 1 0 2 2
1 2 0 0 0
0 2 0 0 1
0 0 3 0 0
0 0 0 0 0
