14 5 2
179 833 949 1729
556 688 1445
164 816
581
485 697 1428 1634 2389
463 722 1582 1805 2498
538 793 1520 1847 2334
507 804 1638 1929 2559
481 735 1529 1831 2658
556 835 1594 1709 2487
504 788 1354 1823 2218
543 724 1555 1806 2507
532 771 1629 1824 2530
534 768 1490 1861 2630
537 808 1609 1913 2298
560 699 1556 1855 2312
480 731 1437 1713 2455
553 804 1449 1921 2473
48 49 50 32 44
39 40 38 35 37
32 35 49 46 49
50 50 44 46 27
42 34 49 42 35
26 44 48 28 27
34 27 50 32 29
43 25 31 30 33
34 31 40 43 29
29 31 43 47 34
40 39 38 27 45
47 43 39 37 28
28 32 48 50 44
35 43 47 41 28
33 5 60 4 6
0 0 0 1 2
1 0 0 0 2
0 0 0 1 3
2 1 0 0 2
0 0 0 3 0
0 0 5 0 2
0 0 0 2 0
0 0 1 0 0
1 0 0 1 0
1 1 1 0 1
0 0 0 4 0
0 0 1 0 0
1 0 0 1 0
1 0 1 0 0
