14 5 2
516 1159 1803 2205
686 1115 1746
561 986
557
605 1215 2002 2658 3276
666 1243 2061 2365 2850
618 1160 2072 2452 3247
682 1298 1812 2226 2858
683 1375 2078 2228 2871
589 1237 2039 2517 3122
658 1263 2117 2297 2921
691 1348 1834 2490 3236
674 1242 1912 2596 2930
599 1333 1951 2455 3409
601 1371 2004 2247 3192
589 1334 1815 2658 3046
605 1228 2033 2603 3244
671 1279 2073 2588 3207
35 40 33 42 36
37 39 45 33 47
49 42 45 48 43
29 40 29 29 32
33 31 49 45 37
26 41 35 26 49
47 41 50 39 28
30 33 35 47 44
37 39 42 39 28
42 49 48 38 39
50 33 50 39 44
40 37 44 26 36
37 31 25 26 34
42 25 46 31 39
33 6 35 19 19
0 0 2 2 0
1 1 0 5 1
5 0 0 1 1
0 1 0 0 0
0 2 1 0 0
2 0 1 0 2
0 0 4 2 0
3 0 1 1 0
0 1 0 2 1
0 0 1 0 1
1 2 1 0 0
2 4 0 0 0
1 0 0 0 1
0 0 1 2 0
