14 5 2
523 1282 2538 2075
768 1924 1775
898 889
-1
910 1588 2581 3617 3616
911 1514 2242 3207 4014
816 1477 2501 3329 4035
776 1412 2262 3132 3510
822 1512 2236 3378 3957
796 1351 2286 3607 3923
796 1481 2184 3415 3838
796 1509 2487 3345 4074
809 1474 2447 3258 4190
812 1529 2380 3051 3773
820 1486 2412 3505 4079
907 1491 2348 3320 4172
874 1423 2572 3007 4111
880 1510 2458 3435 3829
45 42 28 37 36
39 37 34 42 50
46 32 25 49 46
46 49 28 30 31
28 37 45 36 45
27 50 46 36 41
33 48 42 27 39
41 46 39 31 49
31 30 41 25 33
33 36 45 36 36
26 37 41 35 37
44 48 34 50 34
33 49 33 28 30
41 46 46 27 26
59 19 0 28 2
0 1 1 0 0
2 1 1 0 1
0 0 2 0 0
0 3 2 1 0
1 0 0 4 1
1 0 0 1 1
0 1 1 1 1
1 0 2 0 3
1 0 3 1 1
0 0 1 0 0
0 0 3 0 1
0 1 1 0 2
1 0 1 1 1
1 0 1 0 1
