14 5 2
531 965 1594 2078
554 1052 1296
708 1124
302
695 1401 1995 2781 3181
763 1234 1702 2407 3592
773 1253 1691 2653 3344
664 1183 1839 2715 3009
746 1343 1865 2302 3552
730 1297 1969 2618 3528
669 1306 1850 2322 3023
754 1390 1954 2334 3590
664 1204 1690 2473 3141
684 1148 1859 2357 3102
717 1219 1976 2635 3632
678 1276 1967 2574 3028
642 1183 1906 2701 3160
743 1236 1979 2755 3262
29 47 31 33 38
40 49 43 38 47
44 50 49 50 50
41 30 30 31 47
48 45 26 26 40
35 47 43 25 38
26 25 43 26 25
33 41 43 36 46
48 34 42 34 50
29 40 32 36 36
46 47 32 25 35
35 38 35 44 32
31 41 25 35 34
46 27 30 33 35
3 43 2 33 8
1 0 0 0 3
0 2 0 0 1
0 0 0 0 0
0 0 0 0 0
2 0 0 0 0
0 0 0 0 0
0 0 0 1 2
2 0 1 0 0
1 3 1 0 0
1 0 0 0 0
0 0 0 0 0
0 0 1 0 0
0 0 0 2 1
2 2 0 0 0
