14 5 2
479 671 1497 1934
297 1063 1564
979 1068
320
617 1179 1546 2668 3066
667 1035 1817 2278 2652
610 1056 1629 2258 3082
651 1200 1656 2615 2758
675 1104 1697 2537 2787
580 1072 1675 2554 2740
689 1151 1760 2513 2889
661 1040 1856 2422 2822
565 1058 1790 2244 2783
584 1085 1854 2478 2828
663 1188 1740 2565 2934
597 1153 1667 2347 2932
657 1183 1674 2590 2613
669 1025 1743 2273 2803
30 46 39 30 30
46 44 29 48 29
35 50 34 26 50
43 44 46 34 45
35 48 31 35 47
25 48 27 34 30
39 42 48 48 49
40 46 42 28 31
32 34 47 49 50
43 38 32 48 33
25 39 36 26 47
27 50 50 47 33
40 34 43 30 37
40 37 48 26 49
77 20 28 2 13
1 2 0 0 0
0 1 1 3 0
0 1 1 0 0
4 0 0 0 0
0 0 1 1 4
0 3 0 0 0
0 1 0 1 0
1 2 1 0 0
0 0 1 1 1
2 0 1 1 0
0 2 0 0 0
0 2 0 0 1
0 0 1 2 0
0 0 1 1 0
