14 5 2
721 1468 1754 2575
753 933 2043
324 1022
670
831 1640 2498 2921 3831
941 1792 2319 2816 4558
905 1690 2703 3187 3826
831 1805 2577 3197 3879
901 1749 2657 3208 4539
915 1691 2315 3058 4203
831 1734 2449 2937 3991
957 1681 2530 3224 3848
915 1807 2573 2843 4022
850 1635 2626 3400 4242
931 1858 2688 3146 4586
853 1872 2455 3391 4160
842 1621 2348 3079 4006
878 1806 2607 2964 4347
25 41 41 48 31
30 30 26 50 49
43 27 29 26 43
30 46 25 31 28
47 50 45 34 43
28 39 34 45 26
39 31 46 44 44
42 35 36 39 38
49 30 38 42 35
33 32 33 26 40
37 45 50 39 26
32 40 31 27 32
47 34 29 40 40
50 45 26 29 29
22 36 16 33 14
1 5 2 0 0
0 1 3 2 1
0 0 0 3 0
0 0 0 0 0
1 0 0 0 0
1 0 2 1 3
0 0 0 0 0
2 0 0 2 1
0 0 0 0 3
0 2 0 0 0
2 1 0 0 0
0 0 0 2 1
0 1 0 0 0
0 2 1 0 0
