14 5 2
373 953 1552 1739
546 1120 1634
400 746
431
670 1092 1855 2341 2841
689 1110 1747 2505 2916
709 1034 2085 2313 2944
638 1094 1769 2609 3144
634 1150 1748 2355 3123
600 1146 1981 2656 2969
675 1137 1773 2668 3070
639 1161 1985 2477 2929
610 1067 1753 2708 3024
629 1154 1745 2354 3000
655 1023 2126 2381 2881
646 1035 1873 2318 2733
715 1158 2088 2637 2856
604 1122 1966 2691 2971
29 39 45 32 28
41 50 44 28 28
41 46 43 28 43
29 29 25 35 49
33 44 42 33 36
25 36 49 37 27
43 43 32 31 43
29 37 47 30 30
27 49 27 47 40
34 35 33 29 38
34 41 30 41 48
35 38 48 43 47
35 29 33 31 40
32 30 46 32 35
26 28 18 22 16
0 1 3 1 1
0 0 2 0 0
1 3 3 0 0
1 0 1 1 1
1 1 1 0 1
1 0 0 2 1
0 2 0 5 0
1 1 1 0 0
0 1 0 1 0
1 0 1 2 0
1 0 0 1 0
2 0 0 1 2
2 1 0 0 1
0 2 1 1 0
