14 5 2
573 1150 1403 1934
448 928 1634
443 1039
743
647 1443 1926 2439 3328
674 1422 1775 2342 3185
641 1386 1880 2393 3180
698 1346 1762 2585 3350
695 1305 1718 2484 3004
711 1337 1956 2561 2827
661 1330 2026 2558 3148
633 1409 1997 2658 2946
647 1356 1861 2583 2872
727 1291 1698 2782 2977
694 1426 2006 2723 3157
617 1466 2006 2565 3383
669 1229 1786 2636 3125
712 1482 2040 2555 2983
46 39 32 25 46
49 40 36 47 46
49 33 25 49 43
26 42 49 48 49
35 47 44 27 50
31 42 49 39 27
48 49 37 28 50
25 47 45 34 25
25 37 35 36 38
47 26 35 44 48
48 33 44 50 46
36 50 26 33 41
49 47 29 42 34
30 36 50 32 45
20 33 30 16 19
0 1 2 1 0
0 1 0 2 1
2 0 0 0 1
0 0 1 3 0
1 1 0 0 0
0 1 1 0 1
1 0 0 0 1
0 0 1 0 3
0 1 0 0 0
2 0 2 0 0
0 2 0 0 0
2 0 2 1 1
0 1 0 2 1
0 0 0 0 0
