14 5 2
444 896 1597 1799
637 1202 1582
860 1089
268
719 1237 1931 2946 3235
673 1116 2061 2767 3366
688 1177 1903 2876 3696
764 1215 1967 2901 3361
771 1218 1900 2912 3803
752 1214 2252 2961 3710
710 1273 1934 2847 3354
754 1345 1865 2619 3274
705 1129 2259 2994 3515
705 1174 2110 2913 3247
733 1246 2094 2583 3585
752 1135 2009 3019 3451
803 1192 2077 2929 3270
731 1202 2038 2584 3764
43 30 42 47 45
49 26 37 43 46
48 30 41 43 29
48 28 26 45 48
29 39 40 30 44
38 34 35 30 50
30 43 29 25 40
45 32 31 44 43
37 27 38 27 26
26 29 42 27 28
48 31 44 36 28
37 39 37 47 42
30 33 42 39 29
36 29 48 36 36
23 15 21 22 20
2 3 1 1 0
0 0 1 2 0
0 2 1 0 0
2 2 0 0 0
0 0 2 3 0
0 0 0 3 0
1 0 2 0 2
0 0 2 0 2
0 0 0 0 0
1 2 0 0 1
2 0 0 0 1
2 0 1 0 4
0 0 0 0 0
0 0 1 4 1
