14 5 2
325 836 1448 3085
667 1109 2153
515 1551
1058
741 1122 1891 2529 4028
797 1181 2238 2576 3992
744 1261 2155 2937 3485
714 1237 1903 2509 3855
776 1204 1996 2837 4006
832 1272 1946 2877 3666
758 1223 1963 2946 3996
811 1129 1859 2553 3456
764 1321 2224 2693 3908
733 1240 2077 2992 4024
826 1258 1896 2741 3949
834 1150 1843 2539 3726
708 1244 2089 2806 3816
734 1113 2092 2994 3506
43 34 31 40 36
44 31 33 40 36
49 31 48 32 27
34 50 43 31 35
40 38 32 28 43
31 29 42 32 32
41 33 43 38 41
26 32 45 28 36
27 32 50 34 40
33 36 41 31 40
26 44 28 34 35
49 34 40 48 43
41 39 37 44 44
48 29 25 35 43
35 39 10 0 3
1 0 0 0 2
0 0 1 1 0
0 0 0 1 0
0 0 0 0 0
2 2 2 1 0
0 1 4 0 1
0 1 2 0 1
0 1 0 2 0
0 0 2 0 1
0 0 1 3 0
1 1 0 0 0
0 0 0 0 0
0 2 0 1 1
1 0 0 2 0
