3 10 10 5
1 1
1 5
2 5
1 2
4 5
1 2
5 5
3 5
4 5
4 5
2 2 3
1 3
0 
24135 114609 63275 44716 43538 49676 20820 68000 42556 51217
1 576 1263
2 623
3
1 582 1196
2 687
3
1 542 1136
2 674
3
1 535 1073
2 581
3
1 563 1237
2 686
3
1 538 1166
2 615
3
1 604 1085
2 585
3
1 545 1207
2 648
3
1 581 1182
2 613
3
1 609 1113
2 655
3
15 3 4
11 7 3
9 4 3
8 3 6
9 2 6
11 3 6
12 6 3
10 3 7
7 7 5
10 6 6
25 25 25
1053 1730 2831
1058 1782 2806
967 1952 2910
1006 1826 2778
1067 1669 2689
