7 5 5 1000
282 816 1974 2321
670 1462 2182
888 1405
584
742 1144 1873 2980 3747
723 1056 1974 3127 3478
790 1141 2207 2643 3612
772 1154 2082 3037 3725
828 1179 1951 2616 3270
760 1106 2220 2843 3236
748 1224 2019 2651 3796
190 102 169 113 119
139 181 113 142 165
119 109 114 162 139
112 106 195 133 118
131 190 162 148 185
196 134 158 132 122
190 127 114 176 141
8 113 11 128 82
3 1 0 0 1
1 2 1 1 2
2 2 1 0 0
1 3 3 4 2
0 4 2 2 1
0 1 3 2 3
1 0 0 0 5
3 2 1 1 0
2 1 0 0 0
1 0 2 1 2
0 3 4 1 4
4 1 2 2 0
1 0 1 1 0
0 2 0 4 2
1 2 0 2 2
2 4 2 0 1
5 3 3 2 3
0 1 3 2 0
1 1 1 2 1
1 2 2 1 2
1 1 2 0 0
2 2 3 0 0
0 1 1 5 1
2 2 0 3 1
3 1 1 1 2
0 2 0 0 1
2 3 0 1 1
1 0 2 2 0
2 2 0 2 2
0 2 4 2 1
2 0 0 6 3
0 0 0 0 1
1 2 0 4 2
3 3 1 1 1
2 0 2 1 1
1 3 2 3 1
2 3 1 2 3
5 1 0 1 0
0 2 0 0 5
4 2 2 3 3
2 3 1 0 2
1 0 0 3 2
0 3 2 0 0
2 3 0 3 0
0 2 1 2 3
0 2 2 0 0
2 1 1 0 6
1 1 1 2 1
1 3 1 2 5
1 3 2 2 0
4 2 0 1 5
3 3 3 1 0
2 1 1 2 1
3 1 3 1 2
3 2 3 3 1
2 2 0 2 0
1 4 1 4 2
3 0 3 1 1
2 3 1 1 0
1 1 3 1 2
0 0 2 1 5
2 3 1 2 2
1 3 0 4 0
0 5 1 0 4
4 1 3 2 4
3 0 1 2 1
2 5 0 0 3
0 0 2 4 0
4 1 3 1 4
1 0 4 0 0
3 1 0 0 1
0 2 0 2 5
0 3 4 1 1
4 0 1 2 1
1 1 2 0 3
2 5 1 0 0
0 0 0 1 3
2 1 1 4 2
0 3 1 0 5
6 1 3 1 3
2 2 1 4 1
0 3 0 3 5
6 1 2 0 1
4 2 0 5 1
2 1 3 3 0
3 1 1 1 2
2 2 2 2 4
2 1 1 1 0
1 1 4 2 3
0 0 1 5 0
3 2 1 2 1
3 4 6 1 1
0 5 1 0 1
0 3 0 3 2
5 3 1 3 0
4 2 2 0 4
2 2 1 2 2
3 1 1 3 1
0 1 1 1 3
0 0 1 1 0
3 2 0 1 0
1 0 1 0 1
0 1 1 2 1
1 6 2 3 3
0 0 0 2 2
1 2 0 3 0
0 1 0 4 1
0 0 4 4 0
0 1 1 0 0
1 1 1 1 0
0 2 1 0 1
0 0 0 1 2
0 4 0 2 5
0 1 1 1 0
1 2 1 1 3
0 1 2 3 1
2 1 3 0 1
0 5 2 1 0
0 1 1 0 0
0 6 1 2 0
0 2 2 0 0
1 1 2 1 0
0 2 2 2 2
1 2 1 1 0
4 0 1 2 0
3 2 3 2 3
2 3 0 2 2
3 4 2 1 2
0 0 1 0 1
1 0 1 1 1
1 3 3 0 1
2 2 0 1 1
3 4 0 4 1
1 1 2 0 2
3 1 1 1 2
0 0 0 1 3
5 0 0 2 0
2 2 2 1 1
4 1 3 0 0
1 0 3 1 3
0 1 0 3 1
5 1 1 4 4
0 1 0 1 3
1 5 2 2 1
1 3 0 0 1
3 1 1 4 2
2 1 3 0 1
3 3 0 5 2
5 0 2 3 0
3 0 1 1 1
0 2 1 1 2
5 0 1 0 2
2 0 2 4 1
2 0 0 2 4
3 1 4 3 2
2 0 1 1 1
1 2 1 3 0
3 6 4 1 2
6 6 0 3 1
1 3 1 4 4
2 1 1 2 2
1 3 0 1 0
3 1 1 1 0
2 1 5 0 0
1 1 4 1 2
3 1 2 3 2
0 2 1 3 2
4 0 1 2 1
2 5 0 3 2
3 0 1 2 1
4 4 2 3 2
0 1 4 1 3
1 2 2 0 2
5 3 3 1 1
3 0 2 6 2
3 2 2 3 2
1 3 3 2 0
0 1 3 2 1
0 4 1 0 0
2 1 4 1 6
0 2 3 1 2
0 1 3 0 2
2 5 1 3 1
3 0 0 2 2
3 6 2 2 1
3 1 3 0 3
1 0 4 1 0
5 2 3 1 1
3 1 0 0 2
3 1 2 2 2
1 0 2 0 3
0 1 2 2 5
0 1 2 4 0
2 1 2 3 6
2 1 1 0 1
3 0 2 0 2
1 0 1 2 1
2 1 0 2 0
3 0 1 1 1
0 1 2 3 1
3 1 6 3 1
0 0 1 1 1
5 3 0 0 3
0 1 0 3 0
2 3 4 2 0
3 1 1 1 0
2 0 1 2 0
0 1 2 1 3
1 0 0 1 1
2 0 3 3 1
0 0 2 1 1
1 1 1 1 3
3 1 0 1 1
2 4 2 1 3
2 2 5 3 3
0 4 0 1 3
1 2 2 4 1
0 0 4 1 3
1 0 3 2 1
0 1 2 1 0
0 2 0 2 1
3 0 4 1 0
3 1 0 0 1
0 2 3 1 0
1 5 0 0 1
1 2 1 1 4
4 1 0 2 3
0 3 2 2 2
3 5 0 2 1
1 3 5 0 2
3 1 2 1 4
1 1 5 0 0
0 0 3 2 4
2 0 1 5 2
1 0 1 1 3
3 2 0 1 4
2 0 0 1 0
0 1 0 2 0
2 1 1 0 1
0 1 2 3 1
3 1 3 1 1
3 4 0 4 0
0 3 1 1 2
4 0 1 2 3
1 1 1 0 0
1 2 2 1 1
0 3 3 0 1
3 0 0 2 1
2 0 0 0 1
0 4 0 2 3
1 3 1 2 1
1 2 3 2 1
0 1 2 2 3
2 0 3 0 0
1 2 0 2 0
3 2 4 3 1
1 1 2 0 2
2 0 1 0 4
2 2 0 2 3
0 0 6 3 1
0 1 1 1 1
1 2 1 4 3
3 0 1 0 3
0 2 1 4 3
1 1 4 0 0
2 5 0 2 2
3 3 1 1 3
1 1 2 2 0
1 1 0 2 1
2 0 0 0 0
0 2 2 4 0
1 4 0 4 1
3 1 0 3 1
1 1 1 3 1
1 1 0 2 3
0 0 1 2 0
2 1 0 1 1
4 3 0 2 0
5 0 0 3 2
0 2 4 3 2
1 1 3 2 3
0 0 1 2 2
2 2 2 1 1
1 2 1 0 1
3 2 2 2 1
0 0 2 0 1
1 3 1 4 1
1 1 6 3 3
0 0 2 1 3
0 2 2 0 3
0 1 0 2 2
1 2 3 2 0
4 1 2 3 0
0 0 1 0 0
0 1 2 1 2
1 1 0 2 2
0 2 1 0 2
2 5 2 2 0
1 2 3 0 2
4 1 1 1 3
1 3 0 1 0
3 1 1 0 1
1 0 2 0 0
5 6 3 0 3
0 1 1 0 1
3 3 1 3 0
1 5 3 0 1
1 1 1 1 2
0 1 4 3 2
0 2 0 1 1
1 0 4 2 1
1 0 2 0 0
2 1 0 0 2
1 3 0 3 2
2 0 0 0 2
0 0 1 1 3
4 0 1 2 3
3 2 1 1 1
0 1 2 3 2
0 0 0 0 3
2 3 2 3 5
0 0 0 2 2
0 0 2 2 2
0 2 0 1 0
3 0 3 1 2
2 0 6 1 2
1 2 3 1 1
3 3 2 6 4
0 4 2 3 2
2 1 5 3 1
2 6 1 1 6
4 6 3 2 2
1 1 1 2 1
0 0 0 1 1
4 2 1 1 0
1 1 2 1 1
0 1 2 0 2
1 0 3 2 1
2 0 3 0 1
0 4 1 1 0
0 1 0 4 3
2 0 2 0 2
2 1 0 2 2
6 2 1 2 2
2 0 0 2 0
0 2 1 0 0
1 4 0 1 1
1 0 2 0 1
5 5 1 3 1
2 1 2 1 2
1 1 3 2 3
1 3 0 0 2
1 1 0 1 2
0 2 0 1 0
0 2 3 0 4
1 1 0 2 2
0 0 2 1 1
0 1 1 0 1
1 3 2 0 0
0 4 0 2 3
1 6 0 0 1
1 2 1 6 0
1 0 0 2 2
1 2 2 1 0
2 1 4 6 0
1 4 2 0 2
3 2 1 2 3
0 2 3 1 3
6 1 1 2 0
3 1 3 1 1
0 0 6 1 0
3 1 2 1 1
2 0 1 3 1
1 0 1 0 2
1 6 2 6 3
1 1 3 0 2
1 0 1 0 2
3 0 2 3 3
2 4 0 0 0
0 2 0 0 1
0 2 2 0 2
2 2 3 3 2
2 2 5 3 2
0 4 0 3 0
0 1 5 3 1
0 1 1 1 0
1 3 1 0 1
4 0 1 2 2
6 2 1 2 3
1 2 2 1 2
2 0 0 1 2
3 0 1 3 1
2 1 2 4 2
2 4 3 1 0
4 1 1 1 1
0 0 1 0 6
1 4 0 2 2
2 2 4 1 0
2 4 4 0 0
5 4 4 3 0
1 3 1 2 1
2 4 3 1 2
0 6 1 3 1
1 1 3 2 3
1 1 1 0 2
2 0 3 2 5
0 1 2 2 0
0 4 2 3 4
0 4 3 2 2
2 1 1 3 3
1 2 0 0 3
2 4 1 1 1
1 1 0 2 2
2 1 1 0 1
0 1 0 0 3
1 0 5 4 0
0 3 0 2 1
0 0 3 1 1
1 2 1 4 1
1 0 2 4 1
1 0 3 1 4
1 2 1 2 1
4 2 4 2 0
2 2 2 1 1
0 0 0 1 0
3 1 1 1 2
0 4 3 1 2
0 2 1 1 0
3 1 1 3 1
2 1 2 4 2
4 2 4 0 1
1 4 4 2 1
1 1 0 1 2
1 0 0 2 0
5 0 5 0 0
0 1 1 2 1
0 3 1 1 1
4 1 1 2 2
1 0 1 3 3
2 1 4 3 1
3 2 1 0 4
0 2 1 2 2
0 0 1 0 1
1 2 2 2 2
3 2 1 0 3
0 2 2 1 4
2 4 1 3 3
0 1 3 1 0
1 0 0 0 1
2 1 4 2 0
2 0 0 1 3
3 4 0 2 3
1 0 1 2 1
2 1 2 0 2
1 2 0 1 1
2 2 2 0 4
0 0 0 0 3
2 3 1 0 1
3 2 3 4 2
1 3 5 0 4
1 1 1 1 1
2 2 0 2 3
1 2 1 3 2
2 0 0 1 3
1 1 3 0 1
2 2 1 0 1
2 0 3 1 0
3 0 2 1 0
2 4 4 4 2
1 2 0 2 2
2 1 1 0 0
0 1 4 0 0
0 1 5 2 3
2 3 4 2 0
1 0 0 2 1
2 3 3 4 1
1 1 1 2 2
2 3 2 1 1
3 2 2 6 4
2 1 1 0 2
0 5 3 2 1
3 3 0 4 2
1 0 4 1 0
2 0 1 0 2
0 0 2 0 0
1 2 4 1 5
4 3 2 1 1
2 4 0 3 1
2 1 2 0 2
2 3 1 0 1
1 1 3 1 4
4 1 2 2 1
3 1 2 2 0
2 0 0 4 0
3 1 2 1 3
1 3 0 3 4
1 3 5 0 2
0 1 0 5 1
4 1 2 2 0
0 1 3 2 1
2 5 1 0 0
1 3 1 2 0
4 1 2 2 0
1 3 3 2 1
1 2 2 1 4
1 3 3 0 2
1 1 0 0 1
3 0 2 1 0
1 1 1 1 2
0 3 0 2 0
2 1 0 3 1
2 4 2 3 1
4 2 0 3 3
2 3 3 1 4
1 1 0 0 2
5 2 0 0 2
3 2 5 2 2
2 1 6 0 3
3 3 3 1 0
2 1 1 3 0
2 4 4 1 1
3 3 4 3 1
4 4 2 4 2
2 1 1 3 1
0 1 2 3 2
2 3 3 0 2
0 3 0 3 0
3 3 2 4 0
2 2 2 0 1
3 0 2 1 2
1 5 0 3 0
4 4 2 1 3
2 5 2 1 4
2 3 3 4 6
0 2 6 2 2
0 1 1 2 3
1 1 2 3 1
2 4 4 0 2
5 0 1 2 0
0 2 3 1 1
1 0 3 3 5
5 1 0 0 0
0 0 0 0 1
0 3 1 4 1
3 2 0 2 1
5 0 3 1 4
1 0 1 0 1
0 1 2 0 4
1 0 2 1 1
1 2 0 5 4
2 2 1 0 0
1 4 2 0 4
4 3 1 1 1
3 3 0 1 0
4 2 0 2 0
2 2 1 0 3
1 2 0 3 2
1 0 1 5 2
2 3 1 0 0
2 2 1 2 0
1 2 5 0 1
1 1 0 1 1
4 4 5 4 2
1 1 2 0 2
4 2 3 2 0
3 4 1 0 2
1 5 0 1 2
2 3 2 1 0
3 3 0 1 1
0 2 5 3 5
2 0 3 1 3
2 1 3 5 2
1 2 6 2 0
2 1 1 1 1
1 4 4 2 4
0 1 1 4 2
2 2 1 5 2
2 1 0 2 1
1 1 2 2 2
1 0 3 1 2
3 0 2 3 3
2 1 2 0 2
0 1 2 1 3
1 0 0 0 2
1 2 3 3 1
0 3 2 3 3
3 1 0 4 2
1 0 1 0 0
3 1 0 2 0
0 4 1 5 0
0 0 0 2 0
2 0 1 3 2
6 2 0 1 2
1 4 1 0 0
1 3 2 2 3
2 1 4 2 3
1 1 4 4 1
0 3 3 2 0
1 4 2 2 0
2 1 4 3 3
0 1 1 2 0
2 3 1 1 0
0 0 3 3 3
3 4 2 1 1
1 1 0 4 2
1 3 2 1 3
1 1 0 5 1
2 2 2 2 2
0 3 4 0 1
3 4 3 2 4
1 2 2 4 2
5 1 0 2 0
4 3 3 5 4
1 2 4 0 2
2 3 2 4 0
2 0 1 2 2
3 2 3 3 0
1 0 4 0 0
3 0 0 2 2
3 1 0 4 0
3 3 1 1 3
0 1 1 0 1
2 3 2 4 1
1 1 2 0 0
0 5 0 2 0
1 0 3 3 1
1 4 2 3 1
3 1 1 3 1
1 3 1 1 1
5 1 1 3 0
1 3 0 4 0
2 0 3 1 2
1 3 2 3 3
4 2 5 1 0
5 2 2 1 3
1 1 2 6 3
3 0 1 0 1
0 5 1 1 3
2 3 0 5 1
1 1 6 1 2
0 1 1 1 0
1 2 1 1 4
2 2 3 4 0
3 1 1 1 0
3 2 0 4 2
1 1 2 2 2
1 2 1 5 1
0 0 0 1 2
1 2 2 1 1
0 0 1 2 3
0 2 0 2 2
5 2 0 0 1
0 3 0 3 1
1 0 5 0 3
1 3 2 3 1
1 4 1 0 2
0 2 2 3 2
0 3 0 0 4
2 2 0 1 0
1 2 2 0 1
2 0 2 1 0
0 3 2 0 0
0 3 0 0 2
3 1 2 3 2
0 0 1 0 4
3 2 3 2 1
2 0 3 0 2
0 1 3 3 1
0 0 3 3 1
1 0 1 2 2
1 1 3 3 1
3 2 0 0 1
0 2 1 1 3
2 0 2 1 1
2 2 5 0 2
1 2 4 3 1
2 4 3 1 1
1 0 0 0 0
2 2 0 2 1
2 1 2 1 3
0 1 1 3 1
4 3 2 2 1
1 1 0 0 0
1 1 1 2 0
0 1 2 3 1
0 2 1 2 4
1 5 0 2 4
1 2 0 2 1
0 0 4 4 4
3 1 6 0 2
1 1 1 2 1
1 1 1 1 2
0 0 0 4 2
1 0 2 1 1
4 2 0 1 1
0 1 3 1 0
4 4 3 1 0
0 0 5 2 2
1 3 0 0 1
3 1 1 1 3
3 0 3 1 0
0 1 1 2 2
3 1 2 4 0
1 0 3 1 0
2 2 1 3 0
0 2 0 0 5
2 0 0 2 0
4 5 1 1 1
2 2 3 1 1
3 2 2 1 1
1 4 0 1 3
0 0 3 3 3
0 1 3 0 3
2 0 3 2 2
3 1 2 6 3
3 2 0 0 1
6 4 0 1 0
1 2 1 1 1
1 1 1 1 4
2 1 1 0 0
4 2 2 0 3
0 0 1 1 1
1 0 3 1 1
1 1 1 3 2
1 1 4 3 2
3 1 2 1 2
4 2 2 3 0
4 1 3 4 2
2 3 1 0 1
1 5 4 2 1
2 2 0 2 1
0 1 0 2 3
0 1 0 2 0
1 2 3 0 5
1 3 0 3 5
0 3 3 1 1
1 2 0 1 1
2 0 0 0 0
4 0 1 2 0
2 3 1 0 2
1 0 3 0 3
3 0 1 2 1
3 1 3 2 2
2 2 2 1 1
0 4 3 1 1
4 0 2 1 5
3 2 1 3 3
2 2 0 4 1
1 0 1 3 4
0 3 4 0 0
2 1 2 3 1
1 1 2 0 0
2 0 1 3 0
1 0 1 3 3
6 0 6 1 1
6 3 3 0 1
1 1 3 0 2
2 3 2 0 1
0 4 3 2 1
1 3 4 4 1
1 3 0 1 1
3 1 0 3 4
0 4 4 0 0
2 2 0 1 3
1 5 1 0 1
0 0 0 0 2
0 3 2 2 1
2 0 1 0 1
3 2 1 1 2
3 0 2 0 0
0 3 2 0 1
1 2 1 1 1
4 3 3 0 1
2 0 1 1 1
2 3 2 2 1
1 4 0 1 0
2 1 1 1 1
0 0 5 1 0
3 2 1 4 3
3 1 1 0 3
3 1 1 1 3
0 2 4 2 0
1 4 1 0 4
3 2 3 3 2
1 1 1 0 1
0 1 1 1 0
2 1 0 4 4
0 1 2 0 3
4 0 1 1 2
4 5 0 2 3
2 2 4 0 2
0 2 1 3 3
2 2 2 1 3
3 4 2 0 4
1 1 2 2 1
0 2 1 2 2
1 0 0 1 2
5 3 0 0 3
0 0 0 0 2
2 2 1 0 0
1 0 4 0 2
1 1 3 3 0
1 2 0 4 2
2 0 2 4 1
2 0 0 4 1
0 1 0 2 3
2 2 4 0 0
2 2 1 1 0
1 1 0 1 3
3 1 2 2 2
2 1 2 2 1
2 0 1 0 2
3 0 1 0 5
2 2 2 2 2
6 1 2 0 0
2 1 1 5 3
2 1 0 2 2
2 2 3 4 0
2 3 1 3 0
0 1 3 0 2
2 2 1 2 2
3 1 3 0 1
2 1 0 2 2
2 1 1 2 5
1 2 1 1 1
3 0 1 4 1
1 1 0 3 1
2 2 2 2 3
0 0 3 3 2
2 2 2 4 0
0 3 1 3 4
1 1 3 0 0
0 0 2 1 1
2 0 1 0 3
2 0 2 0 3
0 0 1 1 5
0 2 2 2 5
0 1 3 2 1
2 0 1 1 0
0 5 0 1 0
0 0 0 0 1
1 1 0 1 2
2 3 3 2 1
1 1 1 0 1
0 2 0 1 3
1 3 3 0 3
1 2 1 3 0
3 0 0 0 0
5 0 0 0 0
2 1 1 5 1
3 2 3 3 4
0 2 0 1 3
2 2 5 1 4
3 1 2 3 4
3 1 1 4 1
3 0 3 3 5
1 2 1 3 1
1 0 2 1 6
1 2 1 2 3
3 1 4 1 1
0 2 2 6 2
4 2 1 1 2
3 2 4 3 2
1 1 2 1 1
6 2 2 2 2
0 1 0 1 2
0 2 0 3 0
0 1 0 0 0
1 1 2 2 3
1 1 1 1 2
0 1 5 2 1
1 1 1 5 0
2 0 1 4 1
1 3 5 5 1
2 0 2 2 0
0 0 1 1 1
1 2 1 2 1
4 1 0 0 1
0 4 1 1 3
0 2 2 1 0
1 0 0 0 1
1 2 2 0 6
3 1 1 3 2
4 1 1 0 2
2 3 4 3 4
2 1 2 0 1
4 6 1 4 3
1 2 1 0 2
0 2 0 2 4
1 3 1 2 1
0 2 3 6 1
2 1 2 0 1
0 1 1 2 2
0 0 1 3 4
5 1 4 2 3
4 0 0 2 3
0 4 2 5 3
1 1 1 0 0
0 1 3 0 0
1 2 0 1 2
1 1 1 0 0
1 1 1 0 0
2 1 0 2 3
3 0 1 3 1
0 2 0 0 1
3 0 3 4 2
1 2 2 5 0
1 0 2 0 5
0 1 0 2 0
1 1 1 2 2
1 2 0 2 1
0 2 0 2 3
2 3 2 0 0
0 2 4 0 1
2 1 1 0 2
1 0 0 5 1
1 2 2 1 1
2 1 2 2 1
2 1 3 2 5
3 0 0 0 2
1 0 2 2 1
1 2 1 1 1
0 1 4 4 0
0 1 2 3 2
3 1 1 2 2
1 5 1 0 4
3 1 3 2 1
2 1 6 0 3
0 5 2 1 1
0 3 2 0 1
2 1 0 2 2
6 1 3 0 3
1 0 1 0 0
4 4 0 2 3
1 4 3 3 3
2 1 1 3 5
2 1 5 0 2
1 0 1 2 0
1 1 3 1 1
0 2 4 1 0
0 2 0 0 0
2 6 2 4 2
0 3 2 1 0
4 1 1 2 2
2 2 1 6 5
2 1 0 3 2
1 0 0 1 0
1 1 2 0 3
0 2 0 0 1
0 2 0 5 1
1 1 3 0 1
2 0 5 1 0
2 4 2 0 1
0 3 1 3 0
1 1 3 3 1
0 1 0 0 0
3 5 4 1 2
0 3 0 0 5
2 0 0 1 0
1 1 4 3 0
2 1 5 0 1
1 1 2 0 4
0 1 1 5 1
1 1 1 2 4
0 2 1 3 2
2 2 0 0 0
1 2 2 1 1
1 1 0 1 0
1 1 6 2 4
2 2 2 2 3
1 0 0 1 4
3 4 0 3 0
1 1 3 0 1
4 1 2 2 1
2 0 2 2 3
2 2 3 2 3
0 4 0 3 0
0 0 3 0 4
2 3 1 3 0
2 2 1 1 2
1 1 2 3 2
2 1 2 0 1
0 3 1 1 1
1 1 1 3 2
2 3 2 2 1
1 0 5 2 1
3 2 0 3 3
0 4 4 0 0
0 0 4 2 1
2 1 1 0 1
3 2 1 1 3
3 5 2 5 2
1 0 2 0 4
3 0 2 2 5
1 4 0 1 3
1 1 0 2 0
3 3 2 0 3
1 3 4 0 1
0 4 4 3 3
2 1 0 2 1
1 3 0 1 2
1 1 1 2 1
0 1 0 0 0
5 0 3 0 1
1 2 2 0 0
1 2 4 3 5
2 3 0 3 2
3 0 0 4 1
0 1 0 1 1
3 0 2 4 0
2 0 0 1 2
0 2 2 5 3
5 4 1 2 1
1 1 0 1 3
1 0 3 0 0
2 0 4 3 1
2 2 1 1 1
2 3 1 4 0
3 0 1 2 0
5 1 0 4 4
1 3 0 0 0
3 2 2 3 1
0 4 4 1 2
3 2 0 1 1
0 5 0 3 1
2 0 0 1 3
2 4 2 4 1
1 2 2 0 2
2 1 1 1 2
3 2 1 2 4
0 0 2 5 1
2 2 1 2 1
1 3 1 2 3
2 0 2 2 1
1 2 3 3 2
0 2 0 0 1
0 0 2 1 1
0 2 0 2 1
3 0 0 3 1
3 2 0 5 1
1 0 1 2 2
0 2 2 2 2
5 3 2 2 1
1 3 0 1 1
4 0 2 2 2
1 2 3 1 3
2 1 1 6 1
5 2 4 2 0
3 5 1 3 2
2 1 1 4 0
2 2 2 2 2
1 3 1 1 3
0 2 1 6 0
2 1 2 2 0
3 0 4 6 2
2 2 1 5 1
4 1 2 1 3
1 3 0 0 1
2 0 2 0 2
0 3 5 1 2
2 2 0 0 1
1 0 2 2 0
1 3 1 1 0
1 0 1 4 3
3 0 3 2 1
0 2 1 4 2
5 2 1 1 2
1 0 2 0 3
1 2 0 1 1
4 3 4 0 2
0 4 1 2 4
1 1 3 2 0
1 0 0 0 3
2 1 3 5 1
4 3 3 3 1
1 3 3 2 0
0 1 1 1 1
2 0 3 0 0
1 1 1 3 3
3 2 1 3 0
4 1 1 0 3
2 0 1 0 3
1 2 4 1 1
3 0 3 2 0
1 3 0 2 1
0 4 1 3 2
5 3 0 4 2
0 0 2 5 1
1 4 1 1 0
0 2 5 6 2
1 1 1 3 0
0 0 3 1 0
0 0 1 4 0
1 0 0 1 2
3 1 1 0 1
1 2 1 0 1
5 0 4 1 5
1 1 0 1 5
2 0 1 3 1
1 2 0 0 3
4 0 4 1 0
3 0 2 2 1
0 2 0 2 1
0 1 3 1 1
1 1 1 1 3
5 2 0 2 1
1 3 2 4 1
2 6 1 3 0
5 0 3 3 1
1 4 3 0 2
2 1 2 3 0
2 1 3 1 0
0 1 2 1 0
3 3 0 0 3
3 2 1 1 2
3 2 3 5 5
1 1 0 0 2
3 5 2 1 3
0 2 0 2 1
1 1 1 3 1
1 1 2 3 3
0 1 1 0 2
0 1 1 1 1
2 5 0 3 0
0 5 0 0 0
1 1 0 3 1
1 1 1 1 0
1 1 1 0 3
3 0 2 1 1
2 2 4 0 1
0 0 2 2 1
1 0 1 4 2
1 4 1 3 0
5 4 0 3 1
0 3 2 1 1
2 1 2 2 3
2 0 0 2 2
0 0 2 1 1
3 2 2 3 2
1 0 1 2 1
3 2 2 0 0
0 1 1 4 2
0 2 3 3 1
0 2 2 6 3
1 1 0 1 2
1 0 1 3 1
1 3 2 0 3
2 3 2 2 3
1 0 2 3 2
3 3 2 1 0
3 1 2 0 0
0 0 3 1 1
3 0 0 0 1
0 2 4 4 2
1 2 2 0 3
0 2 1 1 1
3 2 3 5 5
2 1 2 0 0
4 1 1 1 2
0 3 1 0 2
3 3 0 3 2
2 2 2 0 2
2 0 1 1 0
2 5 3 0 1
3 1 1 0 1
3 2 1 0 1
5 0 1 2 4
1 5 0 1 1
0 1 1 2 3
0 1 2 2 1
3 0 3 4 0
1 2 0 2 0
2 1 2 1 0
3 2 0 2 0
0 2 5 0 3
2 3 0 1 2
0 0 3 0 1
2 0 1 1 0
2 0 1 1 2
0 6 0 0 1
1 1 3 3 3
0 3 1 1 3
0 0 0 3 0
3 0 2 1 0
1 0 3 1 3
1 2 2 3 0
0 0 2 0 2
0 6 0 1 0
3 2 2 1 0
1 3 2 1 0
1 3 2 2 3
0 2 4 3 2
3 4 0 0 0
3 5 2 1 0
0 2 2 1 1
1 2 2 0 0
2 4 3 3 3
4 4 0 1 1
0 0 1 3 1
5 5 0 3 3
1 5 2 1 1
1 5 1 0 0
4 5 2 2 2
0 2 4 0 4
0 3 1 0 1
2 2 1 2 1
3 0 0 4 0
4 1 5 1 0
3 0 0 0 6
1 1 1 5 0
3 1 2 2 1
2 1 1 1 6
2 0 2 2 5
2 3 2 3 3
3 2 2 0 0
2 3 3 3 2
0 4 2 1 0
0 0 2 0 4
4 4 3 0 3
1 0 1 4 1
0 0 0 0 3
1 0 0 0 3
6 1 1 0 1
1 1 0 1 1
1 1 1 3 0
0 2 4 1 0
0 1 1 1 2
1 2 1 0 0
4 2 2 1 1
0 1 3 2 1
1 0 1 1 1
6 4 0 1 0
2 0 3 4 1
2 2 1 3 1
0 1 0 0 4
5 2 3 3 1
5 3 1 1 1
3 2 6 0 1
0 1 0 1 1
2 3 4 2 0
3 2 0 0 4
2 1 1 3 4
3 2 4 1 1
3 1 2 1 4
0 2 2 4 3
0 1 3 2 4
0 1 0 4 5
0 2 0 1 3
3 1 1 4 3
2 3 1 0 2
1 1 1 1 1
4 1 0 2 1
2 2 1 0 1
0 1 1 2 1
0 1 1 1 1
0 3 3 2 2
3 0 2 1 1
2 3 1 0 0
2 1 1 4 2
4 4 2 1 2
0 1 0 1 1
1 1 2 1 5
2 6 3 6 1
1 4 0 5 1
1 0 2 1 0
1 3 1 1 2
0 1 1 0 2
1 1 2 6 6
4 3 3 0 4
2 3 3 0 2
4 5 2 2 1
1 2 1 1 0
0 0 5 2 3
1 1 4 5 0
6 3 5 0 2
0 2 2 3 2
1 1 5 2 3
1 0 2 3 2
4 3 5 1 2
2 0 2 2 5
2 1 3 2 4
1 1 1 3 2
2 3 2 2 1
3 1 0 0 5
4 1 3 6 1
0 2 3 3 4
1 0 2 1 4
0 2 1 1 2
0 1 2 0 3
2 1 2 0 3
1 1 2 6 3
0 2 1 1 2
1 2 2 2 0
0 1 1 1 0
4 2 4 1 4
1 0 0 1 3
4 0 2 0 3
0 1 0 2 3
0 3 0 3 1
0 2 3 1 0
1 2 3 0 0
4 3 2 2 2
1 1 1 5 1
2 0 1 2 1
1 0 0 2 5
0 1 0 2 0
1 3 0 1 4
0 2 3 1 3
4 0 0 2 0
1 1 0 1 0
0 2 5 3 2
0 3 3 1 2
2 3 1 2 1
0 1 3 2 0
2 4 1 0 2
2 1 6 0 0
1 2 1 1 2
1 1 2 1 1
1 3 1 1 3
1 1 2 4 0
3 1 1 0 1
2 2 1 2 0
2 1 1 3 2
0 0 0 3 0
5 2 1 3 1
2 2 3 0 3
3 0 1 2 5
0 1 3 2 3
1 0 5 2 1
3 1 0 2 3
2 1 4 2 2
1 1 4 0 0
0 2 1 1 0
3 0 4 3 4
0 1 5 1 3
4 1 0 4 0
3 4 0 1 0
1 0 1 2 3
0 0 6 2 0
0 2 1 1 2
0 0 3 1 0
2 1 1 1 2
2 0 2 3 0
3 2 3 1 4
4 1 2 1 1
2 1 2 0 2
0 2 3 2 0
1 0 0 0 0
1 1 3 0 2
1 0 4 1 4
0 2 4 2 2
1 2 1 1 0
0 1 1 0 5
1 3 3 5 0
0 2 2 0 0
2 0 1 2 2
2 3 1 2 5
1 2 2 0 1
0 2 0 0 0
1 0 4 3 2
5 4 1 0 0
0 4 3 1 2
0 3 1 1 2
0 1 0 5 1
1 2 1 2 2
2 0 1 1 3
1 2 3 3 1
5 0 6 2 2
0 3 3 2 5
3 1 0 2 0
0 0 2 0 0
4 2 3 1 1
1 2 0 0 2
2 0 1 0 1
0 3 3 3 4
2 2 2 0 4
2 2 0 0 1
0 1 2 0 4
2 1 3 0 2
0 0 1 3 2
0 1 0 2 1
0 2 1 0 2
3 0 0 2 0
0 0 2 2 1
2 1 1 4 0
0 0 1 4 0
0 5 5 1 2
5 0 1 4 1
0 3 4 5 0
2 1 1 0 3
1 1 2 2 0
1 1 2 0 1
1 3 1 0 0
0 2 2 0 3
4 2 3 2 1
1 0 1 2 1
2 2 1 2 3
3 1 1 2 2
1 1 0 2 2
3 2 4 1 4
1 1 0 0 3
1 1 4 3 3
2 1 0 1 1
1 1 0 0 5
0 2 2 5 1
1 1 1 0 5
0 2 3 0 3
4 0 1 0 2
3 1 2 1 2
2 1 0 3 2
2 1 0 2 2
0 2 4 1 1
0 0 1 1 1
0 2 2 0 3
3 1 0 1 1
0 0 4 3 1
0 0 1 2 3
2 1 0 2 2
0 1 0 4 6
2 4 1 0 3
2 4 3 3 2
1 1 5 1 4
2 2 1 1 4
1 1 2 1 0
1 4 1 3 5
6 0 2 3 5
1 0 0 6 2
0 2 2 0 2
2 2 4 1 3
0 1 1 0 1
3 2 6 0 2
2 0 4 2 0
2 4 2 2 0
2 0 0 0 0
1 1 1 0 1
0 2 1 2 1
2 2 1 0 0
0 1 5 5 2
1 1 1 0 2
1 1 0 3 1
4 2 2 6 3
6 1 1 1 4
3 2 1 0 0
1 4 1 5 0
2 1 0 0 3
2 0 1 0 0
4 2 1 0 4
0 2 2 2 0
0 0 0 1 1
2 3 2 4 0
5 0 2 1 4
3 3 2 2 1
1 3 0 3 1
1 2 1 3 0
3 1 0 0 0
3 1 3 1 0
3 1 0 2 1
2 0 1 4 3
1 2 1 1 4
1 1 0 1 1
0 4 0 1 1
3 1 3 0 4
2 1 5 3 2
0 1 0 0 3
0 3 0 1 2
0 3 1 2 3
4 4 3 3 0
0 2 1 2 3
3 1 2 1 1
2 2 2 2 2
3 3 1 1 1
1 3 3 4 0
4 0 0 1 5
2 2 2 1 4
2 2 0 2 3
0 1 1 1 2
2 1 3 1 1
2 0 2 0 0
2 0 3 2 2
2 3 0 3 3
1 1 2 4 0
1 3 2 0 1
1 2 1 2 1
4 1 4 0 0
1 5 1 1 1
3 4 0 1 0
5 1 2 2 1
6 1 1 1 3
1 1 1 0 2
4 0 0 5 3
3 5 0 1 2
1 4 1 1 1
2 3 3 1 2
0 2 2 1 2
2 0 1 1 3
2 4 1 0 1
0 1 2 2 2
1 2 3 3 0
4 1 5 2 0
0 1 1 0 2
2 1 3 2 3
4 2 1 3 2
3 4 1 3 1
2 1 0 0 1
1 2 1 1 1
1 0 3 1 0
2 2 2 2 2
1 1 3 1 0
2 0 5 1 3
2 1 0 2 2
2 2 1 1 3
2 0 0 2 0
2 0 6 5 4
1 1 4 2 0
3 1 0 1 0
3 1 0 1 3
1 2 0 1 5
0 1 0 0 6
2 0 0 0 1
0 0 0 1 2
0 2 0 2 2
1 1 1 0 0
0 2 2 0 3
2 1 0 1 3
0 2 1 1 4
3 1 4 3 1
1 0 2 1 0
1 3 3 2 2
1 3 1 0 1
0 1 2 3 3
2 3 0 4 5
3 1 4 4 1
2 3 0 1 1
3 4 3 1 1
2 6 0 4 2
4 1 2 1 3
0 2 2 3 1
3 0 1 0 1
2 3 0 0 3
2 5 3 2 1
3 4 2 0 4
2 4 4 0 1
2 0 0 0 1
0 4 0 6 1
1 0 2 1 2
1 1 2 0 1
0 1 0 1 4
4 2 0 3 6
3 3 3 3 0
1 1 0 2 2
5 3 1 2 1
4 1 1 1 3
1 0 2 0 0
0 0 0 2 0
0 3 1 1 2
0 1 1 4 1
1 0 0 0 0
2 0 3 4 1
0 2 5 3 1
2 0 0 3 2
1 6 2 2 2
2 3 0 0 2
4 1 2 1 1
0 1 0 4 2
1 3 1 1 1
0 2 1 2 1
3 3 0 5 0
3 2 2 0 2
3 0 2 1 3
1 0 0 6 3
1 1 4 1 0
0 0 0 1 0
1 1 2 1 2
0 3 0 2 3
0 0 1 6 0
2 1 3 0 5
1 5 2 2 3
0 4 1 1 3
0 0 2 0 1
6 2 3 2 3
1 2 2 0 2
0 2 1 1 2
0 0 2 0 1
0 4 0 0 0
0 1 1 6 3
2 1 4 0 1
1 3 1 5 6
5 2 1 0 1
0 1 1 0 2
1 1 1 1 4
1 2 0 2 1
3 2 1 1 2
0 2 2 2 1
6 0 6 1 3
5 0 0 2 1
0 3 2 3 0
1 0 4 0 0
0 0 3 3 1
3 2 3 3 2
0 0 3 3 0
5 1 0 1 0
2 2 4 0 1
2 1 0 2 4
2 4 2 1 2
3 2 1 2 2
2 1 1 2 0
2 2 2 2 5
3 1 3 1 3
0 1 3 0 1
3 1 6 2 3
1 1 1 0 1
2 2 2 1 0
2 2 2 1 1
2 3 3 3 3
0 3 3 1 2
2 4 1 0 3
2 2 3 3 0
3 1 4 0 1
3 2 1 0 1
4 5 1 1 2
2 0 2 2 3
0 0 2 4 2
1 4 1 0 0
1 0 2 5 0
0 1 3 2 2
1 0 3 1 1
0 0 0 1 3
1 2 2 1 3
1 1 1 0 0
4 1 2 1 0
1 1 1 1 2
0 4 2 1 2
6 1 1 3 0
3 2 1 1 1
1 1 3 2 0
1 1 2 2 3
5 2 0 2 3
2 3 3 2 1
2 2 5 0 4
3 0 2 1 3
3 1 0 1 1
1 1 0 0 1
0 1 2 1 0
2 4 2 3 2
3 5 3 0 3
2 0 0 4 0
2 0 1 2 3
2 1 2 2 2
1 4 2 2 1
0 0 3 3 1
0 5 1 4 0
0 1 3 4 2
2 0 3 1 0
4 2 3 1 1
1 2 0 0 2
4 1 3 2 4
2 3 0 2 5
5 2 3 3 0
3 2 1 0 2
1 2 0 3 2
2 2 5 0 1
1 3 5 0 1
0 0 0 2 5
0 0 1 1 6
0 2 3 4 2
2 2 2 1 0
1 0 1 2 0
0 1 1 0 0
0 2 1 1 1
1 1 2 1 1
3 0 1 4 5
0 0 3 1 5
2 2 1 2 0
0 0 2 2 1
1 1 4 2 1
6 1 2 3 1
2 0 2 0 1
1 1 0 3 0
2 1 2 1 0
0 1 1 1 0
2 2 1 1 1
0 4 3 1 2
6 2 1 1 2
2 0 1 0 1
1 0 0 1 0
0 2 1 0 0
5 0 1 0 1
0 3 6 1 2
3 0 1 2 2
2 1 1 0 3
1 3 1 2 0
4 0 0 3 0
1 1 0 2 1
1 0 0 2 1
1 1 3 3 0
1 0 1 3 4
2 4 0 2 1
0 2 2 0 3
2 0 1 1 0
2 0 0 3 0
1 2 2 1 2
1 0 5 0 0
2 1 2 0 0
1 3 2 2 3
2 1 0 1 0
1 2 4 0 1
0 0 2 0 2
4 0 3 2 1
1 4 2 1 5
2 0 0 0 1
3 0 3 1 2
0 0 2 5 0
3 0 4 5 0
4 1 0 2 2
4 2 0 4 3
2 1 0 0 3
0 2 1 1 1
3 1 1 3 4
1 2 3 1 3
1 2 1 0 2
0 4 2 2 0
1 2 0 2 2
3 1 2 2 3
2 3 6 2 3
1 2 1 3 0
3 0 1 0 0
4 4 1 0 3
3 2 1 1 1
1 2 1 0 1
0 2 4 1 5
1 1 2 1 1
3 1 2 3 3
4 0 2 0 1
0 4 0 1 1
4 0 2 0 4
2 3 3 1 0
2 0 1 0 3
1 0 1 2 5
1 2 3 1 2
0 3 1 3 1
2 3 2 4 5
3 1 3 0 2
0 1 2 0 1
2 3 1 2 2
0 0 1 1 2
2 1 3 0 1
5 5 1 1 4
1 4 0 3 0
1 0 4 1 0
1 0 2 2 2
0 1 2 1 2
2 3 0 0 0
6 2 2 1 1
2 0 0 0 0
1 0 6 3 2
3 1 0 6 4
0 3 2 1 2
0 1 2 0 2
3 1 4 1 0
0 2 1 1 2
3 0 5 3 0
0 1 0 4 2
5 2 2 1 0
0 3 3 2 1
1 2 1 3 0
3 1 2 1 1
2 1 0 2 0
1 1 0 1 0
5 1 2 1 0
1 0 3 2 1
3 1 0 1 4
4 4 0 0 1
0 0 1 3 1
0 2 1 0 2
4 1 3 2 1
2 1 1 1 2
1 3 0 4 0
1 4 2 2 1
0 3 1 0 0
1 1 3 3 2
2 3 1 2 0
2 1 1 0 1
2 2 0 3 1
0 0 3 2 0
2 2 0 0 0
2 4 1 0 1
0 0 0 1 0
1 1 2 1 1
2 2 2 2 1
3 2 0 2 1
0 0 1 1 2
2 1 1 0 1
1 1 0 2 1
3 1 0 1 1
0 4 2 1 3
4 4 1 1 3
1 3 1 1 1
0 4 1 4 1
4 1 1 0 2
2 2 2 1 5
0 0 1 0 2
0 3 1 1 0
1 0 1 0 0
2 0 1 1 2
0 1 4 0 2
4 1 1 2 1
2 2 3 4 2
3 2 1 4 3
1 2 0 1 1
4 2 1 1 4
1 1 2 0 0
1 1 2 3 1
1 0 0 0 1
0 2 0 1 1
2 0 3 0 2
2 0 0 0 2
1 0 1 3 2
1 0 0 5 3
1 0 0 1 0
1 1 1 4 5
0 3 1 2 1
0 2 0 3 0
0 1 2 3 5
0 3 1 0 0
1 2 1 3 5
1 0 1 0 2
2 0 1 1 0
1 0 2 0 1
0 0 0 1 2
2 1 1 3 1
0 0 1 2 1
3 3 0 2 2
0 2 1 1 1
2 0 0 2 1
2 3 1 2 1
1 0 1 2 5
0 0 3 3 3
2 3 1 0 2
2 2 2 2 0
1 1 0 0 4
3 2 0 1 5
4 1 0 4 0
0 5 1 1 5
2 0 2 0 2
3 5 0 0 0
3 1 2 0 2
2 2 1 2 2
3 1 1 2 1
1 2 0 2 2
3 0 3 1 3
1 0 2 0 1
1 4 1 0 0
2 2 1 2 1
3 2 2 5 2
0 3 6 4 3
2 0 2 1 2
3 0 0 1 1
3 2 2 0 0
1 1 3 2 3
2 2 2 2 1
1 2 2 1 3
2 1 4 1 0
0 0 0 1 2
1 2 0 4 1
1 1 2 1 4
2 1 0 6 2
0 1 0 2 3
1 2 2 2 0
1 0 0 4 1
3 2 2 4 1
0 1 2 4 4
0 3 1 1 2
0 2 1 3 1
2 2 0 5 2
2 2 2 1 1
3 0 2 3 0
0 2 1 2 2
4 0 1 1 3
2 4 5 0 3
3 3 4 2 2
1 1 0 0 3
1 1 3 4 1
0 1 2 3 5
2 3 2 4 1
1 2 0 2 1
2 1 1 3 4
0 0 2 0 0
1 4 1 0 0
2 0 0 0 2
0 1 0 2 4
1 1 1 1 1
1 1 3 1 1
4 2 2 1 1
2 1 1 1 2
1 2 3 2 2
1 4 2 3 0
2 2 4 2 3
0 2 2 4 1
0 2 1 3 3
1 2 2 1 0
1 2 0 3 4
3 2 1 2 0
2 1 2 0 3
4 0 2 0 0
1 5 0 2 1
2 0 1 3 5
4 5 2 0 6
1 3 1 0 5
1 0 0 0 4
2 4 3 1 2
2 0 1 1 1
0 5 2 0 3
5 0 3 0 1
0 1 3 4 3
1 1 0 1 1
1 0 1 1 1
3 0 1 3 3
1 2 0 3 2
1 1 1 0 1
1 0 0 5 1
2 2 1 3 2
4 1 1 0 4
3 0 2 3 2
1 0 1 1 5
0 2 0 3 0
0 0 2 0 2
2 3 2 0 1
3 0 3 2 4
0 0 1 2 1
1 0 3 1 3
0 1 2 2 0
3 3 1 3 2
2 1 2 2 2
2 1 1 2 2
2 2 3 1 4
0 1 3 2 0
3 3 0 2 0
1 4 1 3 3
3 4 2 1 5
0 3 2 4 0
4 4 1 1 0
0 2 2 0 3
0 1 1 1 0
1 2 1 3 0
2 4 1 1 2
2 1 2 4 0
0 4 2 3 0
1 0 2 3 2
1 4 3 1 2
3 1 1 4 1
0 2 2 0 2
1 2 1 1 1
2 0 1 1 0
0 1 0 5 0
3 1 1 1 1
0 2 0 1 2
3 0 5 5 2
0 4 0 2 0
5 1 1 2 0
3 2 2 3 2
1 1 3 0 0
5 2 3 1 0
3 1 2 1 2
1 0 5 0 0
2 0 0 4 2
1 4 5 0 0
1 0 3 2 1
1 2 1 3 2
4 2 1 2 2
2 3 2 2 5
3 2 2 2 1
3 0 0 3 0
0 3 1 2 2
2 2 3 1 2
5 2 2 2 2
2 1 2 1 2
3 2 1 1 4
0 4 2 2 1
0 2 2 0 1
2 0 1 4 0
2 0 0 0 2
1 0 0 1 3
2 0 1 2 2
0 3 1 0 1
4 1 0 5 2
3 2 1 0 1
2 1 0 2 2
2 0 2 6 0
3 1 3 2 0
1 0 0 0 1
2 3 3 1 0
1 1 2 6 1
0 2 2 0 0
2 4 0 2 2
0 4 1 1 4
3 1 1 1 6
2 3 3 3 1
3 2 0 2 1
2 0 2 2 1
2 1 1 1 3
5 3 0 1 3
3 1 0 2 3
3 0 1 0 1
0 2 0 1 0
1 3 1 2 1
3 1 0 0 4
1 2 2 0 4
2 2 2 1 3
1 2 2 1 1
1 1 0 1 1
0 4 0 2 1
3 1 5 4 3
1 3 1 3 1
2 4 2 2 1
1 0 1 5 1
1 1 2 4 2
2 1 1 0 1
1 2 1 3 3
1 3 2 2 1
1 0 3 1 1
3 0 4 5 1
5 0 3 2 1
1 2 2 0 1
0 1 0 2 0
1 1 2 3 2
1 2 1 0 0
3 5 3 2 0
1 1 2 0 1
2 0 0 0 1
0 1 1 0 2
1 3 0 4 5
1 4 0 2 1
1 5 2 1 0
1 1 4 5 2
2 1 4 2 6
0 3 4 0 3
0 2 2 1 3
1 1 0 1 1
0 0 2 1 4
0 1 0 0 0
0 0 1 3 2
1 1 3 1 0
1 4 0 1 5
0 2 2 4 4
0 2 4 3 1
1 0 2 3 3
1 0 0 3 3
1 2 2 0 0
2 1 0 3 1
1 5 1 2 0
1 0 1 2 4
0 4 2 0 2
1 1 1 1 2
5 1 0 1 5
2 1 1 2 3
1 0 0 0 0
0 2 2 1 2
4 3 6 0 0
1 2 3 0 3
2 4 2 0 5
1 1 0 1 2
4 4 1 3 1
0 1 0 2 5
1 2 1 0 1
0 3 1 0 4
3 2 0 3 1
2 4 0 0 0
4 5 2 1 3
5 1 1 2 3
0 3 2 2 3
4 0 0 0 1
0 1 2 3 2
1 1 2 0 0
0 1 0 1 2
0 2 2 1 1
4 0 1 2 3
4 4 1 0 0
5 3 1 2 4
1 1 1 2 1
1 2 1 0 2
0 1 1 0 2
2 1 1 4 0
1 3 2 0 1
1 1 4 0 1
1 4 3 3 1
1 1 1 2 1
2 1 5 1 1
6 1 1 1 1
1 3 0 0 6
5 1 2 3 1
3 2 3 1 0
0 1 2 1 2
4 2 2 2 0
2 1 2 3 0
2 1 3 3 1
2 1 4 1 0
0 3 1 0 2
3 1 1 2 5
3 2 2 2 1
1 1 1 0 0
0 3 0 0 2
2 0 1 2 3
0 1 1 1 1
2 1 2 1 3
2 1 1 0 4
3 3 1 1 3
3 1 3 0 2
2 2 1 1 3
1 0 1 1 0
2 1 0 1 0
1 1 5 0 5
0 1 2 0 0
1 2 0 3 1
0 1 1 0 3
4 2 1 1 2
4 0 0 0 3
5 2 3 1 2
2 2 3 3 0
0 1 3 3 2
1 1 0 1 1
2 0 3 4 2
1 1 0 4 4
1 2 1 1 6
3 0 1 1 2
0 2 0 1 2
4 1 1 1 2
2 2 3 2 1
0 0 3 1 5
4 1 0 2 1
0 4 0 1 0
3 2 2 3 3
0 2 0 3 2
2 2 0 1 0
0 1 0 1 1
1 2 5 3 1
1 3 0 1 6
5 0 1 3 2
1 2 1 3 2
2 2 2 5 1
2 2 0 0 0
1 4 1 0 0
2 1 3 4 0
3 4 3 2 2
1 1 2 1 1
0 1 0 1 2
1 1 2 2 0
0 0 3 4 2
3 0 4 1 5
4 2 2 0 1
0 0 3 2 1
1 1 2 0 1
5 1 1 1 2
1 2 2 2 1
0 2 1 6 3
0 3 2 1 0
1 1 0 0 1
2 0 1 2 0
4 0 2 0 0
3 2 4 1 0
2 3 0 1 2
0 1 4 1 1
1 2 1 2 0
4 0 0 3 0
0 0 1 1 0
0 3 1 6 5
3 1 0 1 3
2 2 2 3 0
5 1 0 2 2
1 0 1 2 2
0 1 1 2 0
0 1 1 1 5
0 0 4 0 4
1 0 4 0 1
1 1 2 1 0
0 0 2 3 2
1 2 3 1 1
2 4 5 1 2
1 1 1 0 4
2 4 3 0 3
0 2 4 2 2
2 3 3 4 3
1 3 0 0 0
5 1 2 0 2
3 1 1 1 0
1 0 5 2 2
0 0 3 1 0
1 2 0 4 2
2 0 2 1 3
1 4 0 0 1
2 6 1 3 1
1 1 0 5 0
4 1 2 1 1
4 1 4 5 2
1 0 1 1 2
2 1 3 3 3
3 1 2 5 1
0 0 1 0 1
0 1 3 0 3
0 0 3 5 2
2 1 3 1 3
0 2 1 2 0
2 0 2 3 1
1 1 1 1 1
2 2 0 1 2
2 4 3 1 2
3 0 1 3 1
4 2 4 3 0
0 1 0 1 2
1 3 1 2 2
2 0 4 0 0
1 2 0 5 1
3 1 2 0 3
5 1 0 2 4
2 0 2 0 3
4 2 1 2 1
1 1 0 2 0
1 2 0 1 2
3 1 5 1 2
1 2 0 1 0
3 6 0 2 5
4 5 1 1 4
2 0 4 3 3
0 0 2 0 0
2 0 3 3 1
1 2 2 4 0
0 3 0 0 3
1 0 2 0 2
2 5 6 2 1
0 0 0 2 4
1 0 0 1 2
1 2 4 2 3
2 3 2 2 1
1 2 1 1 0
1 1 2 0 1
2 4 1 0 2
3 0 2 2 2
5 2 2 2 1
2 3 1 5 1
3 0 2 1 2
3 1 3 2 1
0 1 5 2 1
0 1 2 3 0
0 0 3 2 0
2 2 3 1 0
0 4 2 2 2
0 5 2 2 1
2 0 0 4 2
3 1 3 3 2
4 0 1 2 0
4 2 3 0 1
1 1 4 0 1
1 2 1 1 0
1 0 0 0 1
0 1 3 2 1
3 0 1 4 0
3 3 0 1 5
0 1 5 0 3
0 5 2 2 3
3 0 2 2 0
2 2 3 1 0
1 0 3 4 0
0 2 0 3 2
0 0 0 0 2
1 0 4 0 1
2 1 3 0 1
6 3 1 2 0
2 4 1 2 5
2 2 4 1 0
1 1 0 5 1
1 1 1 2 2
4 6 1 1 2
1 3 1 5 1
2 3 2 3 1
0 3 2 0 4
0 2 1 2 1
0 4 3 2 0
0 0 2 4 0
1 1 1 4 0
0 0 0 4 0
1 1 0 3 2
0 0 1 2 3
5 3 3 0 3
2 3 1 0 1
2 5 0 0 0
3 0 1 0 0
0 2 2 0 2
0 0 2 6 1
1 1 2 3 2
1 1 2 0 1
1 3 2 2 1
1 1 0 1 1
3 2 1 2 3
2 2 0 4 2
0 2 0 1 1
1 5 1 3 1
0 1 3 4 1
1 1 2 1 2
0 3 4 1 0
5 1 2 0 2
2 0 1 0 2
0 2 3 1 2
2 2 1 1 2
1 0 1 3 1
1 0 1 1 2
1 2 0 3 2
2 2 2 1 3
1 2 3 1 0
1 2 1 1 2
1 3 0 1 2
0 3 3 1 1
2 0 0 1 1
3 2 1 0 4
0 2 4 1 1
2 2 1 1 3
6 4 1 5 1
1 1 1 1 2
0 5 1 5 4
0 0 0 4 3
0 4 1 1 1
4 1 2 1 1
4 5 0 4 0
5 1 1 0 2
2 0 0 2 3
0 0 1 0 2
5 4 1 1 2
1 2 1 0 0
0 1 0 0 0
3 3 1 1 0
0 0 0 2 3
4 1 1 0 1
3 1 1 2 1
0 2 0 2 2
0 0 1 0 2
2 2 0 0 1
2 1 0 5 3
2 1 0 2 2
0 1 1 2 2
1 0 2 0 1
1 1 2 1 3
0 2 0 2 3
2 1 5 0 2
1 2 0 4 0
3 3 1 2 3
2 1 2 0 2
2 2 2 1 1
1 0 3 1 3
1 1 4 2 3
1 2 0 2 1
0 0 1 5 0
2 4 2 2 0
1 0 0 0 1
1 0 0 2 3
1 2 2 1 1
3 1 1 4 1
3 2 2 2 0
2 3 2 0 1
1 1 1 3 0
2 2 3 3 1
1 4 2 5 6
0 1 1 3 3
0 2 2 2 2
3 2 2 4 2
2 0 2 4 0
0 0 1 3 3
1 3 2 0 1
1 3 2 3 2
5 1 5 0 0
2 2 3 2 2
4 0 3 2 3
2 2 0 1 1
2 0 3 0 0
1 2 0 1 1
1 2 0 2 1
3 1 0 3 0
2 6 0 0 5
1 1 0 3 1
5 0 0 1 0
1 3 0 1 4
1 3 3 1 1
0 0 3 0 0
0 1 1 2 3
1 2 4 2 0
2 1 1 1 0
1 0 3 4 1
1 1 1 2 2
0 0 2 1 2
1 2 0 3 3
1 0 3 1 2
0 4 3 2 2
0 0 0 1 2
0 1 5 2 2
2 1 2 2 1
1 1 2 0 0
0 2 5 1 2
4 1 3 4 1
1 2 0 3 1
2 3 1 0 3
4 2 2 2 2
0 3 0 0 1
2 1 0 0 1
3 2 0 2 2
2 1 2 2 1
1 2 4 3 6
1 1 1 1 1
2 0 0 1 4
4 2 4 0 2
0 2 1 0 2
5 1 0 1 1
2 1 0 3 2
0 1 0 1 6
0 3 1 1 4
3 2 3 5 0
2 2 2 0 4
3 0 0 2 1
1 0 0 0 1
5 0 1 0 1
2 2 1 2 0
2 1 3 3 4
0 0 1 1 0
4 1 1 5 0
1 2 0 1 1
2 1 1 0 3
0 2 1 0 5
3 1 3 2 1
0 2 2 0 1
4 1 2 1 2
1 4 1 0 1
1 1 1 1 2
3 1 4 1 1
6 1 0 0 2
0 5 1 3 4
1 4 0 0 2
1 0 0 0 0
1 2 3 5 0
3 1 1 5 3
1 1 4 1 1
2 0 3 2 5
0 3 2 3 0
1 0 3 0 3
0 0 2 3 2
1 2 1 2 0
0 0 1 4 1
0 1 1 5 0
2 0 1 2 2
2 1 1 3 0
4 2 2 1 2
1 1 2 3 0
2 3 0 2 0
1 2 1 1 0
4 2 2 1 0
3 1 1 1 0
4 2 1 4 2
2 0 0 0 0
0 0 0 3 0
1 2 1 0 0
0 2 1 3 6
1 0 0 1 1
2 3 1 2 0
1 0 2 0 1
2 2 1 0 1
2 0 2 0 1
4 1 2 1 2
0 2 2 3 1
2 5 2 1 1
4 2 3 0 2
3 3 0 4 1
0 1 1 0 1
0 1 1 1 1
0 1 1 1 1
0 1 3 2 4
2 0 1 1 2
2 4 5 2 2
1 1 3 3 3
1 1 1 2 0
2 2 3 3 0
2 2 3 1 1
2 3 3 3 1
4 2 0 3 1
0 0 1 2 5
2 0 2 0 3
0 2 1 2 1
2 1 1 6 1
0 1 2 1 3
0 1 4 1 2
2 5 1 0 2
2 1 0 3 3
1 2 0 1 2
0 3 2 0 0
2 3 2 3 1
1 1 1 0 2
1 4 1 0 3
0 2 2 0 5
1 1 3 5 1
3 3 3 1 3
2 2 1 1 0
0 3 2 0 0
4 4 3 4 6
1 1 0 2 2
3 0 1 0 0
1 0 2 1 2
1 1 1 1 1
5 0 3 2 4
0 3 5 3 0
1 0 2 1 3
2 4 4 1 4
1 4 4 1 6
0 0 2 1 3
3 3 0 1 2
1 1 2 1 0
4 0 1 1 0
0 1 1 2 2
0 0 3 0 0
1 2 5 3 0
2 0 1 2 3
5 2 0 1 2
4 2 4 0 0
1 1 0 1 4
1 0 1 1 1
2 0 2 1 1
1 4 1 2 1
1 0 0 0 1
1 2 2 5 2
2 2 1 2 3
4 2 1 1 5
1 1 2 1 1
1 3 2 0 2
1 2 1 3 0
3 2 3 3 1
0 1 2 0 1
2 1 6 0 3
0 0 2 0 0
1 0 3 2 1
5 2 3 1 3
0 4 0 5 3
0 2 0 2 0
2 0 2 4 1
0 2 3 3 1
2 2 2 1 1
4 5 2 2 2
0 1 1 1 2
2 1 2 3 0
1 4 1 0 2
3 2 2 2 0
1 0 2 1 0
0 1 0 1 0
1 3 0 0 1
4 1 0 1 1
2 2 1 2 2
2 1 0 3 1
1 3 3 1 0
3 3 0 0 0
2 0 1 3 2
2 1 3 3 1
1 2 5 0 2
0 2 1 4 0
3 1 3 0 1
2 3 1 6 1
2 0 0 2 2
2 4 0 1 2
1 3 2 2 0
2 1 2 3 1
5 0 0 1 2
1 1 0 2 0
2 1 0 3 2
3 1 1 0 4
0 3 2 0 1
2 1 1 3 2
0 1 1 4 0
1 2 4 0 0
0 2 3 4 3
0 4 1 0 0
1 4 1 0 5
1 1 1 0 3
0 1 1 0 1
1 0 0 1 0
0 1 3 0 0
2 0 4 0 3
2 1 2 2 1
1 1 2 4 1
3 4 0 0 0
3 0 1 6 1
1 2 3 3 2
0 1 1 1 1
1 2 1 2 0
4 3 1 3 4
4 3 3 2 1
0 0 3 0 1
3 0 3 3 0
2 0 3 0 3
2 4 1 2 0
0 0 2 2 2
0 2 1 4 4
1 1 4 1 3
0 1 1 1 1
0 5 1 0 1
1 0 2 3 4
3 0 0 2 2
0 0 4 1 0
2 0 0 0 1
0 0 3 1 2
1 5 0 1 0
1 0 1 0 3
1 2 0 4 1
2 1 2 0 4
3 6 2 1 1
1 1 2 1 4
3 3 0 3 2
0 3 1 2 0
2 3 0 3 0
2 2 2 3 1
4 4 1 2 1
2 1 5 0 1
3 3 1 2 2
3 2 4 4 3
4 1 0 0 0
1 4 0 0 2
1 2 4 1 0
0 2 3 1 0
6 0 3 2 1
3 2 1 6 1
0 1 1 3 2
1 3 0 0 2
4 1 0 2 2
0 2 3 2 1
1 2 5 0 3
2 0 2 1 1
1 0 1 0 0
4 1 0 2 1
0 2 1 0 5
2 0 4 2 1
0 0 2 2 2
2 4 0 6 3
0 0 1 1 0
0 1 2 2 1
1 0 5 3 1
3 1 1 3 0
3 1 1 0 2
2 1 3 1 3
1 1 1 2 1
1 1 3 0 0
3 1 2 1 2
2 1 2 1 1
0 0 1 0 1
1 2 1 2 1
0 1 0 2 0
3 2 3 1 2
3 0 0 3 1
2 1 4 2 3
1 5 2 3 0
1 1 3 2 1
1 1 0 1 1
4 0 4 0 1
0 0 2 4 1
1 1 4 3 0
1 2 2 1 3
0 2 1 1 3
1 0 1 0 1
2 1 0 3 2
0 1 0 1 1
1 1 1 5 1
3 4 2 3 5
4 0 2 0 4
1 1 4 6 1
1 0 1 4 0
1 3 1 3 2
3 0 3 1 0
0 0 1 2 1
3 3 2 3 1
2 4 1 2 1
1 0 0 0 0
3 2 1 2 6
5 0 3 0 1
2 5 1 1 2
3 1 3 1 1
2 4 1 0 1
0 2 1 1 1
1 4 2 1 2
2 3 0 1 0
6 1 2 1 2
1 2 3 1 1
3 2 1 1 2
2 1 2 5 0
1 1 1 0 1
2 3 1 0 0
4 0 1 2 1
2 0 6 3 0
0 3 4 2 0
0 1 2 1 3
4 1 0 2 0
1 2 1 1 2
1 2 1 3 3
2 5 3 1 1
2 3 3 1 1
0 2 0 0 0
3 1 3 0 2
0 0 0 2 2
6 4 1 1 0
0 3 2 0 0
2 2 4 0 1
1 1 2 1 1
1 0 3 0 4
3 1 5 2 5
1 3 1 6 1
0 1 0 0 1
1 2 4 3 1
1 2 3 4 2
1 2 0 2 1
0 2 0 3 2
3 0 1 0 1
2 4 2 0 2
3 0 3 1 3
3 1 1 4 1
2 1 0 4 0
2 1 1 2 2
4 1 1 2 2
6 2 1 2 1
2 0 0 0 0
1 0 1 2 1
4 2 0 3 0
3 1 4 3 1
2 3 4 3 2
1 2 0 2 0
0 4 0 2 1
1 0 1 3 2
1 1 4 1 2
1 2 2 0 0
3 1 6 2 2
3 1 1 2 1
3 1 4 0 1
2 0 1 3 3
2 0 5 1 2
3 0 1 0 6
0 3 2 2 1
1 1 1 3 0
1 5 1 3 5
3 0 1 3 3
1 0 0 1 4
1 1 3 1 1
2 3 0 0 0
2 2 0 0 1
2 2 2 0 1
1 0 0 3 4
0 0 0 4 1
0 0 3 4 2
1 1 1 5 1
0 3 1 4 1
2 0 3 1 0
1 0 0 1 1
2 4 0 1 3
2 4 2 2 0
2 2 1 3 1
1 1 2 0 5
0 0 1 3 0
1 1 6 5 2
2 2 0 2 3
1 1 2 2 3
2 1 1 4 0
2 2 2 0 3
3 1 4 0 2
3 2 1 2 0
2 2 2 1 1
2 1 2 4 3
2 0 1 0 1
1 2 3 2 1
2 0 0 3 4
3 5 0 1 3
0 0 2 1 1
2 5 1 1 1
1 3 1 0 1
6 1 3 0 1
4 4 0 0 0
2 0 2 5 4
0 4 1 1 2
0 1 4 6 0
4 0 0 1 1
2 1 2 0 1
1 0 2 1 5
1 3 0 0 4
3 4 5 3 2
0 4 2 0 1
2 0 3 3 0
2 0 4 2 0
1 1 1 3 1
1 1 5 2 1
1 0 1 0 0
0 0 4 2 1
1 2 3 2 2
3 2 2 0 2
4 3 0 2 1
0 3 2 1 0
1 3 0 0 0
2 1 0 4 1
2 2 1 1 2
3 0 2 1 2
2 0 1 1 5
0 0 4 0 1
2 4 4 1 4
6 5 2 4 6
0 1 0 0 2
2 1 2 1 2
2 1 1 2 0
1 0 3 3 6
4 1 3 2 2
0 0 1 1 0
0 3 0 1 1
0 2 1 1 1
1 1 0 3 2
0 3 3 2 1
2 2 2 0 3
2 0 0 1 0
1 2 1 2 4
0 1 1 1 1
2 2 2 0 1
5 1 1 0 2
0 1 3 2 1
3 6 1 0 3
2 5 4 0 2
1 4 2 1 3
3 1 1 1 2
6 5 0 1 0
5 4 1 0 3
1 3 2 4 0
1 0 1 1 2
4 2 0 0 2
2 1 0 1 3
2 3 2 3 5
1 0 0 2 1
1 3 0 0 5
2 1 1 1 0
3 0 2 2 1
2 1 3 3 0
3 3 1 1 2
2 1 2 1 2
2 4 3 0 1
4 1 1 3 0
1 2 1 3 1
2 1 4 1 0
1 3 0 3 3
2 0 1 2 1
2 0 2 1 3
0 1 2 2 2
1 2 2 0 1
0 1 0 5 1
3 1 0 3 0
1 1 3 2 2
4 5 2 2 2
3 0 2 2 1
0 1 2 0 3
2 0 1 1 0
3 2 5 5 6
0 3 1 2 6
0 2 2 1 2
5 0 1 1 1
0 0 5 0 0
2 2 3 0 1
0 0 1 0 1
3 2 1 1 1
2 0 1 2 0
3 1 0 0 0
0 0 1 3 3
3 2 2 1 2
0 3 4 1 0
0 1 4 1 3
3 2 1 3 1
0 3 1 1 5
2 0 2 2 5
3 1 1 4 1
2 0 3 1 2
0 6 4 0 1
2 1 2 0 0
1 1 0 1 1
0 1 4 1 4
1 1 2 2 0
2 0 0 4 1
4 1 3 2 0
4 2 0 1 3
1 2 2 1 4
2 4 0 1 0
1 1 0 1 2
1 6 0 1 3
1 5 2 4 1
2 2 4 1 2
0 2 2 3 0
1 2 2 0 2
4 1 1 0 3
1 2 3 4 1
4 0 2 1 1
2 3 1 0 0
3 2 0 4 0
1 3 1 2 0
2 0 4 0 3
1 1 2 0 3
0 0 0 2 2
1 4 1 2 3
1 1 0 2 1
0 2 2 2 2
3 0 3 3 0
1 2 0 1 3
0 1 0 2 2
4 1 1 2 3
1 1 1 2 3
4 1 2 1 0
0 2 0 3 1
0 1 4 2 3
0 0 0 1 0
1 1 5 1 1
1 3 1 1 1
1 1 4 0 5
2 1 4 4 0
1 2 4 1 1
3 1 1 0 0
1 3 5 3 2
1 1 1 2 0
2 2 2 1 1
2 1 2 0 0
5 0 1 0 3
1 0 1 3 1
0 2 1 0 2
0 1 2 1 3
0 0 2 5 2
2 3 2 2 2
4 1 0 1 1
1 0 2 0 0
4 0 2 2 1
3 0 3 4 1
6 1 2 2 1
3 3 3 0 1
4 4 1 2 4
0 1 5 0 2
0 0 2 1 2
1 0 0 2 1
2 0 1 1 2
1 2 0 2 1
1 4 2 0 4
1 1 0 0 3
2 5 1 3 1
1 3 2 3 0
2 3 0 2 5
2 1 1 0 1
0 4 2 0 1
5 0 1 1 2
1 2 0 1 4
1 3 1 5 3
3 2 2 6 0
2 3 2 1 1
1 2 3 2 5
2 2 1 1 1
2 3 4 2 3
1 0 1 2 2
3 0 5 2 0
1 0 0 3 2
1 5 1 0 1
4 4 4 0 1
1 2 3 2 0
3 1 5 3 3
0 6 0 1 2
4 3 0 0 1
0 1 1 2 0
3 0 1 2 4
0 0 4 0 0
2 6 2 1 1
3 0 3 1 4
0 1 1 1 5
1 0 2 1 0
0 2 0 0 0
3 1 0 2 1
1 4 1 0 3
2 1 3 3 1
2 2 1 1 0
4 0 2 2 5
0 1 0 1 5
0 0 2 3 2
2 1 2 0 3
0 3 1 1 0
0 0 2 1 1
2 0 2 4 3
3 2 5 2 0
3 2 3 1 2
2 2 1 0 1
3 2 3 0 3
1 1 2 5 1
4 5 3 1 0
3 2 0 5 1
1 1 2 3 6
4 1 0 2 0
2 1 0 0 2
1 4 1 4 1
3 1 2 1 0
1 1 4 1 2
3 5 2 5 1
0 2 2 1 0
1 2 3 3 4
1 2 0 1 0
0 1 1 3 2
5 2 3 1 2
1 1 0 0 3
1 1 1 4 1
1 1 1 2 3
1 2 0 2 2
2 2 2 2 3
1 0 1 0 0
2 1 3 1 0
1 3 3 3 2
1 2 1 5 5
0 1 2 4 0
0 1 0 2 4
1 3 4 0 0
5 2 0 2 0
1 1 1 2 1
2 1 0 4 0
3 1 3 4 2
5 1 3 3 3
1 3 1 0 2
5 0 1 1 1
1 0 1 1 3
5 0 2 1 2
4 1 1 2 3
2 3 1 2 2
2 0 4 2 1
2 0 1 2 1
1 3 2 5 3
1 0 2 1 0
0 1 0 5 1
4 0 2 1 2
1 0 1 3 4
0 1 0 1 0
0 2 0 0 1
0 1 1 1 4
1 5 2 2 4
0 2 1 0 1
1 2 0 3 1
0 1 2 3 1
1 2 4 4 2
1 1 1 4 0
1 0 3 1 3
0 0 0 0 0
3 1 1 3 5
0 2 3 3 1
0 2 1 0 0
2 2 2 3 1
6 1 2 1 3
1 3 0 1 0
2 4 1 0 1
1 1 2 1 0
1 0 0 1 5
4 1 2 1 2
5 1 1 0 1
4 2 2 1 2
1 1 5 4 1
3 1 1 0 2
2 0 4 1 0
2 1 1 3 3
2 0 1 0 3
1 3 4 1 3
1 1 0 1 2
0 3 2 2 0
1 4 1 0 0
2 0 1 0 1
3 1 0 2 1
1 1 4 3 2
1 3 2 2 0
3 0 2 0 1
0 2 1 2 1
0 0 3 2 1
3 2 3 0 1
0 5 4 2 1
2 6 2 1 3
1 4 0 2 0
0 1 3 1 1
0 3 0 3 1
0 0 1 0 5
3 2 4 5 0
0 0 1 6 0
0 2 1 3 2
4 2 4 5 4
0 0 0 1 1
3 2 5 0 1
4 2 4 2 2
3 1 0 1 1
0 2 4 1 1
4 6 0 0 4
4 0 1 1 1
1 2 6 4 1
1 2 1 5 1
0 1 1 1 3
1 5 0 0 0
3 0 1 2 2
0 3 0 1 2
0 4 0 2 3
1 4 3 5 1
2 4 3 0 2
0 0 3 2 0
1 3 0 2 1
3 0 1 3 2
2 2 1 1 1
0 3 3 3 2
1 0 1 2 0
4 2 0 3 3
2 2 0 2 1
0 2 0 0 1
0 2 1 1 3
2 2 2 1 1
1 1 3 2 1
1 1 3 2 1
2 2 2 0 2
2 3 1 3 1
2 1 4 1 2
1 3 2 1 4
1 2 1 4 3
0 3 4 2 0
1 2 0 2 2
1 2 3 1 0
3 3 3 1 1
1 1 2 0 1
0 1 0 1 1
4 2 3 2 0
1 1 2 1 3
1 1 3 0 3
2 0 2 1 0
0 2 4 1 1
1 1 2 0 1
0 2 1 1 3
3 0 1 0 4
1 3 1 2 0
2 2 4 1 2
4 0 1 0 0
1 0 2 2 0
2 0 2 3 1
2 2 1 0 4
1 0 2 2 0
1 2 1 1 2
3 0 1 3 2
1 2 0 1 1
1 1 3 2 1
1 5 4 1 1
1 4 0 0 2
0 2 1 2 5
3 0 1 2 1
0 0 1 0 0
0 2 2 1 2
1 0 3 2 4
3 0 3 3 1
1 2 0 0 0
3 1 3 0 6
0 1 2 2 0
3 3 0 3 1
1 0 0 1 4
3 1 1 2 1
1 0 0 2 3
3 1 2 0 3
2 2 2 0 1
2 2 2 0 1
4 2 1 3 0
1 2 4 3 1
3 1 1 1 0
2 4 3 1 2
1 0 1 2 3
0 5 1 4 0
1 2 3 1 1
0 1 4 0 0
3 2 1 1 0
2 0 2 0 0
0 1 0 0 3
0 0 1 1 2
3 2 1 2 2
0 0 0 0 1
3 0 1 0 0
1 0 0 0 1
0 5 3 1 1
3 4 5 1 0
0 3 1 0 3
2 3 3 0 0
2 0 3 1 1
1 4 1 3 2
0 4 3 3 1
4 2 2 4 0
4 2 1 1 0
2 1 1 3 3
0 2 4 0 2
3 1 3 1 2
2 2 1 1 2
1 1 0 0 4
1 1 1 1 0
3 1 2 0 0
1 1 4 2 1
1 2 1 1 4
3 4 1 0 1
2 2 0 2 2
2 0 2 1 3
0 1 2 5 2
0 1 2 2 3
1 0 3 1 3
1 1 2 0 1
1 2 2 4 0
1 1 0 2 0
2 3 1 0 1
2 1 4 1 0
2 2 3 2 2
2 1 3 1 1
2 3 1 0 1
1 0 2 2 3
2 0 1 2 4
1 1 3 0 2
1 2 0 3 3
3 0 5 6 4
3 5 0 1 2
2 1 0 3 1
5 1 1 1 1
0 1 0 0 4
1 0 0 2 3
1 1 2 5 1
4 3 2 2 1
4 3 1 1 3
4 2 0 1 1
5 5 1 0 2
2 3 2 3 0
1 0 0 2 0
1 1 0 4 3
4 2 1 1 1
1 0 0 1 3
1 0 1 2 0
0 2 0 2 0
2 1 0 3 1
1 2 1 1 2
0 1 1 1 0
0 1 1 1 2
0 2 2 0 0
3 1 0 1 1
0 4 3 2 2
0 1 0 3 1
5 5 3 3 1
3 0 2 3 1
1 1 3 2 0
4 2 2 1 4
0 1 0 3 0
0 4 2 2 4
1 4 0 3 3
1 0 3 1 1
2 2 4 0 3
1 1 3 2 3
2 1 2 6 3
3 3 0 3 0
4 2 0 0 2
4 1 1 1 2
0 0 2 2 0
1 0 2 2 0
2 1 1 2 0
0 1 1 0 3
1 1 2 1 0
0 1 0 3 3
5 2 2 1 1
1 2 2 2 2
1 3 3 0 1
3 2 2 1 2
2 0 0 3 3
0 1 3 2 2
3 1 0 1 5
0 3 0 2 0
0 2 0 2 1
0 4 3 0 4
2 2 0 1 1
3 5 3 1 1
4 1 2 3 3
2 0 0 2 3
0 0 6 4 2
1 1 0 2 2
0 0 5 0 4
1 2 0 3 5
2 0 1 0 3
0 1 0 2 2
2 2 6 1 0
5 0 2 2 2
2 0 2 1 0
2 2 2 3 3
4 3 0 1 2
5 2 3 1 1
1 1 0 2 3
0 1 2 1 2
1 3 2 1 1
2 3 0 4 0
3 4 2 4 1
4 3 3 4 4
1 2 1 4 0
1 3 4 0 1
2 1 2 1 2
2 4 2 1 2
4 0 2 1 1
2 5 4 2 2
1 3 1 1 1
1 3 2 0 2
0 6 1 2 1
3 0 4 3 4
0 0 4 2 2
2 2 2 2 1
2 3 1 0 2
0 1 0 2 0
0 2 3 0 3
0 2 2 4 1
4 0 3 0 2
5 0 3 3 3
2 0 2 0 1
0 2 1 3 1
1 3 0 0 0
1 2 0 0 0
1 0 2 0 0
0 1 2 3 0
3 1 0 4 1
1 1 0 2 5
2 1 1 1 4
3 3 4 3 0
2 0 4 2 1
2 6 0 2 1
0 3 3 6 0
0 1 1 1 0
1 1 3 3 1
3 0 1 1 1
3 0 1 0 2
3 0 2 1 1
1 0 1 1 2
0 5 0 2 0
0 3 0 1 0
1 3 2 6 1
2 5 3 0 2
2 0 1 0 2
1 0 1 2 0
4 2 2 1 0
0 4 0 3 1
2 1 3 1 2
2 2 3 2 1
1 5 1 1 1
3 1 4 1 0
0 0 0 0 1
3 4 0 1 1
0 1 2 3 6
0 2 1 0 3
3 2 2 2 3
3 3 2 1 0
3 5 0 0 0
2 2 1 2 1
2 5 2 0 0
0 0 2 1 1
1 1 2 1 0
1 1 5 5 1
3 3 1 0 0
0 1 2 1 3
2 2 2 5 0
0 1 1 1 1
1 4 2 0 1
3 1 3 2 5
2 2 3 0 1
3 2 0 3 2
2 1 4 1 2
1 0 1 1 3
2 1 1 1 2
0 1 4 3 3
3 4 3 1 0
0 3 1 0 3
2 1 6 0 0
1 5 0 5 4
1 2 0 2 2
0 1 2 0 2
0 1 1 1 0
0 1 1 0 2
4 3 0 0 3
0 0 0 3 1
3 5 0 3 5
2 6 3 1 0
3 0 1 3 1
0 2 1 0 4
1 0 0 1 2
3 1 1 2 0
2 1 1 2 2
2 1 3 2 4
0 0 3 1 0
1 1 3 1 3
2 0 1 1 1
0 0 2 1 3
0 2 1 1 0
0 1 1 3 2
1 1 0 1 0
3 3 1 0 2
1 2 2 0 1
3 2 0 2 3
4 2 4 2 1
0 0 3 4 2
0 2 3 0 1
0 0 1 2 2
1 0 2 3 5
0 4 1 5 2
2 2 0 2 2
2 6 0 3 0
0 0 4 1 2
3 2 3 0 3
1 3 3 0 1
1 5 2 1 2
3 1 2 1 1
2 2 0 1 2
3 1 0 1 3
3 1 1 2 2
2 0 3 4 2
1 1 0 1 0
3 4 2 2 1
2 2 1 0 1
4 0 1 3 3
2 1 2 2 0
2 2 2 0 0
0 4 1 2 0
2 0 1 3 1
2 1 2 3 4
4 2 0 0 0
1 1 1 3 0
2 1 1 3 4
2 2 0 2 3
1 2 0 2 5
1 1 1 3 4
4 2 4 3 0
0 0 6 1 0
0 0 1 3 1
3 2 1 1 3
0 4 2 2 5
1 0 2 3 2
2 0 4 5 1
1 0 0 0 0
0 0 3 4 4
0 4 0 3 0
0 1 0 5 1
5 1 0 2 0
1 4 1 3 0
0 3 2 2 0
2 2 0 2 0
4 2 3 0 1
2 2 1 0 1
4 0 2 2 1
2 6 0 2 3
1 3 0 2 0
1 2 1 0 1
1 0 4 3 0
2 2 0 1 3
2 2 1 1 0
2 1 0 1 0
2 1 0 4 0
0 2 2 2 1
2 4 2 1 0
4 0 2 1 1
3 0 2 3 0
4 1 3 0 3
1 0 5 2 1
3 0 4 2 2
2 1 2 5 1
1 3 0 0 0
0 0 3 2 1
4 2 2 1 1
0 2 0 0 0
1 3 5 1 0
3 2 1 0 1
1 2 0 0 1
3 2 0 2 5
1 0 1 1 0
4 1 2 0 0
3 1 2 4 4
1 1 1 2 0
2 3 1 3 1
0 0 1 1 2
0 1 1 1 0
0 2 1 2 2
1 0 4 1 2
0 2 2 1 1
0 3 1 3 3
3 0 3 1 2
1 2 3 2 0
6 2 1 2 0
1 1 0 3 1
0 2 4 1 4
5 1 0 1 0
0 2 0 1 3
1 0 0 2 1
2 1 1 1 1
3 2 1 1 2
3 5 3 0 2
0 0 0 0 1
4 0 1 1 2
1 1 1 5 2
4 0 0 0 1
1 1 3 4 0
1 1 3 1 4
1 1 1 1 1
2 1 1 0 0
0 2 1 5 5
2 3 0 4 0
0 0 3 0 4
2 1 3 1 1
1 2 1 1 0
3 1 2 1 0
0 1 3 0 1
2 0 0 0 0
2 2 5 1 0
1 2 0 4 3
2 1 4 3 2
3 2 0 4 1
0 0 1 1 2
0 5 2 0 0
2 2 1 1 1
1 3 5 3 5
1 2 0 0 2
0 4 1 0 1
0 2 2 0 0
0 1 3 1 1
2 1 0 5 2
1 0 2 2 1
1 1 0 1 1
0 0 1 2 2
3 0 1 2 2
4 0 0 1 2
1 4 3 1 1
4 1 1 1 2
1 0 0 0 3
3 1 1 2 1
2 0 3 0 2
1 0 2 3 3
0 4 1 2 1
1 0 3 1 1
2 4 1 3 0
2 0 0 0 2
1 2 2 6 0
3 0 0 2 1
0 5 0 0 2
4 1 2 1 0
4 2 3 1 0
2 2 2 1 1
1 2 1 3 3
0 0 1 1 4
0 1 2 1 5
0 0 0 2 4
1 0 1 0 1
3 2 2 4 3
3 3 2 0 1
1 0 0 2 3
0 3 1 1 4
0 0 4 2 2
2 2 0 2 3
2 0 0 3 1
1 2 3 3 1
2 3 3 3 0
2 1 2 4 2
1 0 2 1 3
1 3 0 3 0
5 3 1 1 0
1 1 1 2 2
1 4 0 1 0
2 1 0 0 3
1 1 0 5 1
0 3 1 0 2
0 1 2 3 0
2 3 6 1 2
2 5 1 1 2
1 3 2 0 0
1 0 1 2 0
2 3 1 0 2
0 0 2 2 2
0 0 0 4 0
1 0 4 2 1
0 1 1 3 3
4 1 3 2 3
0 1 1 0 2
1 3 3 1 0
0 1 1 4 1
2 0 3 0 0
3 1 3 0 2
4 2 2 1 2
0 1 0 0 4
3 0 0 3 0
2 2 0 2 0
1 2 1 0 4
4 0 0 2 1
0 5 4 0 1
1 1 1 2 5
0 2 0 1 2
1 1 1 1 2
1 1 0 0 1
1 1 5 1 3
1 0 3 1 1
2 0 1 3 0
2 0 3 5 2
3 2 0 2 2
2 0 0 1 3
2 1 1 3 0
0 1 2 0 1
3 1 2 0 2
0 1 0 2 1
0 1 0 0 0
2 0 1 2 2
2 0 1 2 1
0 0 3 2 5
1 0 1 3 0
2 4 0 0 0
2 3 3 4 2
0 1 0 0 0
1 1 1 5 6
4 3 5 0 1
2 1 0 0 2
0 4 1 1 0
0 5 4 0 1
2 0 0 0 1
5 1 2 2 0
1 0 3 0 3
5 3 4 1 1
2 1 0 2 4
1 1 0 2 3
0 2 2 0 4
3 0 0 4 1
1 2 1 2 2
1 0 2 4 1
1 0 0 2 0
0 0 6 1 0
3 2 0 4 3
1 0 2 3 1
0 5 2 3 1
0 0 1 0 1
2 3 1 0 0
1 1 3 5 0
2 3 0 0 5
1 1 1 5 3
2 1 0 2 5
1 1 1 2 2
2 3 2 2 1
1 1 3 4 0
1 0 2 0 1
2 1 0 4 2
5 1 4 1 3
3 1 1 2 0
1 1 1 0 0
0 2 3 2 0
1 1 1 3 4
1 0 0 1 1
2 0 2 0 2
1 1 3 4 0
2 2 1 1 0
2 2 2 1 0
4 0 0 2 4
0 4 0 5 4
3 5 1 1 5
2 1 2 2 4
2 0 2 1 2
2 2 3 1 5
1 1 1 1 2
0 4 1 2 0
2 1 3 1 2
1 1 3 0 5
0 1 1 2 2
2 0 1 3 0
1 1 0 3 2
0 3 4 1 2
3 1 2 3 1
1 3 0 0 3
2 2 1 1 3
3 1 4 2 1
2 3 1 1 2
1 2 0 3 2
0 3 3 1 2
1 2 0 1 2
2 5 0 3 0
0 1 2 2 3
1 1 1 0 2
0 4 2 1 2
1 2 0 0 3
4 2 3 1 1
2 0 2 0 4
4 1 4 1 2
2 2 2 1 2
2 1 0 0 2
0 4 1 2 0
1 0 4 0 3
1 2 1 2 3
1 1 3 1 1
2 0 1 0 1
5 2 1 2 2
4 0 1 3 1
5 3 2 2 1
1 0 0 0 2
0 1 1 2 0
2 4 0 1 3
0 1 4 0 0
1 1 0 4 2
3 3 0 1 0
0 4 0 5 0
5 1 3 1 0
2 3 3 1 2
1 0 1 4 2
0 1 2 5 0
1 0 3 0 1
0 1 3 1 0
1 1 0 1 2
1 2 1 2 2
2 5 0 0 1
1 0 3 1 2
1 1 2 0 0
0 0 1 1 2
2 4 4 2 2
0 0 2 0 1
0 1 2 4 2
0 5 1 6 1
1 3 2 2 2
2 0 1 3 0
1 2 1 1 1
3 3 0 1 0
2 0 4 0 3
2 1 2 0 0
3 3 1 3 2
2 3 0 0 3
1 1 3 5 2
0 0 2 2 1
1 2 3 0 1
2 1 3 2 2
1 3 1 1 1
3 1 1 2 3
2 0 0 2 0
0 4 0 2 0
1 0 1 3 0
4 0 1 1 0
0 1 0 0 3
0 2 1 2 2
2 0 2 1 2
3 2 0 0 3
2 1 1 1 0
0 0 2 2 2
5 4 3 0 3
1 0 3 2 5
3 1 0 4 2
3 1 1 2 0
4 2 0 4 1
1 0 1 3 0
1 0 1 1 2
1 1 2 1 4
1 0 0 1 5
1 1 3 3 0
3 1 1 2 4
3 1 1 1 1
1 3 0 0 1
5 1 1 4 1
3 3 1 1 1
1 2 0 3 0
0 0 4 0 1
0 0 3 4 1
4 1 0 2 0
1 3 0 3 4
0 0 4 6 1
1 0 2 2 1
0 3 0 5 2
2 6 2 2 1
0 5 3 0 0
4 2 4 2 0
1 1 1 1 2
4 3 2 3 1
2 1 2 0 0
0 4 1 1 0
0 0 5 1 4
2 2 1 1 0
1 1 4 3 4
6 0 0 1 3
3 2 1 1 4
1 3 0 1 1
2 2 2 5 5
3 1 1 1 1
0 2 1 2 0
2 1 1 0 0
2 2 1 4 0
3 0 2 0 3
4 0 5 1 0
0 2 2 1 2
0 3 0 2 2
0 1 3 3 0
4 0 3 0 1
2 0 1 1 3
0 3 1 0 2
2 2 2 2 1
1 1 2 1 1
1 1 2 1 0
1 2 3 1 0
2 1 2 6 2
3 1 1 0 2
3 4 0 0 1
3 0 4 1 2
1 0 3 1 1
1 0 1 2 1
1 1 2 0 0
0 0 5 1 2
5 2 1 2 3
2 1 1 3 2
3 4 2 1 0
2 2 5 0 1
3 0 1 3 3
4 1 0 0 2
1 4 5 4 1
4 2 3 0 0
5 2 2 3 2
0 1 1 6 3
1 0 0 4 0
2 1 1 0 1
0 1 0 0 3
6 3 0 1 3
3 0 1 3 1
4 1 3 2 6
1 5 0 3 1
1 1 1 5 2
1 2 1 1 1
0 5 1 2 2
3 4 5 2 2
0 0 5 3 3
1 4 2 1 2
3 1 2 0 4
2 3 1 1 1
0 2 5 4 3
2 4 3 1 3
2 2 1 3 0
4 3 0 1 0
0 1 1 2 3
3 1 2 0 0
4 1 1 4 2
1 2 3 2 2
2 3 4 1 1
3 6 1 2 3
0 2 4 3 1
0 2 1 2 3
1 0 1 0 2
2 1 0 1 2
0 1 2 3 0
3 3 0 4 4
2 0 0 0 2
2 1 2 1 1
2 4 3 2 1
2 1 1 1 2
1 3 0 3 0
3 1 1 0 4
2 2 1 1 1
3 1 5 2 0
0 1 4 1 0
0 0 2 0 0
0 0 3 4 1
2 0 3 2 1
0 1 1 1 3
0 3 1 1 5
2 0 3 0 0
5 2 2 3 0
1 4 1 2 2
1 0 0 1 0
0 3 3 0 1
3 2 1 3 0
0 2 1 4 0
2 4 0 3 2
0 2 0 1 1
6 0 1 3 0
1 2 1 1 2
1 0 2 2 5
1 2 2 1 0
4 4 1 1 3
2 5 0 1 4
1 1 1 1 4
2 1 2 0 1
1 4 2 1 1
1 0 1 1 2
0 2 0 2 0
2 2 1 1 1
2 1 2 0 1
2 1 1 0 1
0 0 0 1 1
2 0 0 1 4
2 0 0 3 4
1 0 1 2 3
0 2 2 1 0
0 1 1 2 1
1 1 0 0 3
0 1 5 1 1
0 3 2 0 1
0 4 0 1 3
3 1 1 1 0
0 3 2 3 1
5 1 3 2 1
0 3 1 0 3
1 0 1 0 6
3 1 3 0 4
1 2 1 2 1
1 2 3 1 3
3 2 1 0 0
1 2 1 2 3
3 0 3 3 1
0 0 1 1 1
5 2 5 2 0
1 2 0 2 1
0 1 0 0 0
0 5 3 0 3
2 0 4 1 0
2 2 3 1 0
2 0 2 5 0
0 4 0 0 0
0 0 1 2 2
0 2 0 4 5
1 4 6 2 3
1 0 4 1 2
4 1 0 1 3
0 0 0 2 1
1 2 0 1 0
0 1 2 4 2
1 1 3 1 4
2 1 1 1 0
2 0 4 0 0
2 2 1 3 0
2 1 0 3 0
5 2 2 2 0
3 4 2 4 2
0 2 2 1 1
2 0 0 0 1
1 2 5 1 1
1 3 2 2 0
0 0 1 0 3
1 0 1 0 1
1 4 2 1 4
5 1 0 0 5
1 1 2 1 1
1 0 2 2 4
1 4 2 1 1
4 2 2 2 1
2 4 6 2 4
3 2 0 2 2
1 3 1 2 0
0 1 1 2 1
1 5 0 0 0
1 2 1 1 1
3 2 1 3 2
5 3 0 0 1
5 2 5 2 3
1 1 1 1 4
3 0 2 4 3
0 0 3 0 1
0 0 1 5 1
3 0 2 3 0
3 0 0 0 0
1 0 1 0 1
1 2 2 2 0
3 1 1 2 1
0 1 1 1 0
1 1 2 3 3
2 3 5 0 2
1 2 1 2 2
1 2 1 4 3
0 4 0 1 2
2 1 0 0 2
0 4 2 2 0
2 2 1 3 1
0 2 0 2 2
0 0 2 3 1
0 2 4 1 3
1 2 2 1 4
1 1 0 1 0
0 1 2 1 4
0 2 0 5 2
1 0 2 3 2
0 5 2 2 1
4 4 1 2 4
1 2 1 3 3
2 1 6 1 2
2 0 2 0 2
0 5 1 3 2
2 3 1 1 2
2 4 1 1 3
0 1 2 1 3
5 2 2 1 2
2 0 4 2 1
2 0 2 0 0
1 1 1 0 0
3 3 2 1 0
6 2 2 2 1
3 1 1 2 0
3 0 1 0 1
0 0 3 3 3
0 2 2 2 2
1 0 3 2 5
2 2 1 0 2
0 3 1 0 2
1 1 0 1 0
4 2 2 1 2
1 2 1 2 0
1 2 3 3 2
1 4 2 3 1
2 3 0 3 1
1 1 1 0 3
2 3 0 1 3
2 4 0 1 0
0 1 4 3 2
4 1 0 0 2
3 0 0 2 0
5 3 1 0 1
0 1 0 0 1
2 1 1 4 1
0 1 1 2 4
1 0 3 1 0
2 3 1 0 1
1 2 1 4 3
2 1 0 2 0
0 0 3 4 0
1 0 0 1 1
0 0 4 3 2
4 0 1 0 5
2 0 4 3 1
2 1 0 1 1
3 0 1 0 0
2 0 2 2 2
1 2 3 3 3
1 2 4 1 2
1 1 3 1 2
1 2 2 3 0
0 3 0 3 1
3 0 1 5 1
2 6 1 0 3
4 0 0 2 1
2 1 3 3 3
2 1 0 6 3
0 2 1 6 3
4 0 2 4 2
4 1 1 2 0
1 0 1 3 2
1 1 4 0 1
0 1 2 2 3
0 0 2 1 2
1 4 1 3 0
1 2 2 2 5
2 2 4 1 2
1 3 2 2 1
3 2 1 1 3
1 4 1 2 2
0 3 1 3 1
3 1 3 4 0
1 0 0 1 2
1 0 1 2 1
2 1 1 3 2
0 1 2 2 2
2 3 2 6 1
1 3 0 1 1
3 2 0 0 0
1 3 0 1 1
2 1 2 1 2
1 4 2 6 1
0 1 1 3 2
0 1 1 1 1
6 0 1 0 1
2 2 0 0 1
2 2 4 2 5
2 1 1 1 4
4 2 1 1 2
0 0 1 0 1
2 1 3 0 1
1 3 0 1 1
1 2 0 3 0
0 0 1 1 0
4 1 1 2 3
0 3 0 1 2
2 0 0 1 5
1 3 0 2 1
1 2 3 1 0
2 2 1 4 1
2 1 0 0 0
1 1 1 3 0
1 0 1 0 0
2 6 3 1 2
2 2 0 2 1
0 2 2 1 3
4 2 1 4 0
2 2 2 3 2
1 0 1 2 2
0 2 2 4 2
1 0 0 2 2
1 0 0 5 2
2 1 3 0 6
4 4 1 5 4
1 1 1 2 0
1 1 1 2 2
3 0 1 1 1
1 2 1 4 1
0 2 2 1 0
2 1 3 2 0
1 2 1 1 0
1 4 1 1 2
1 0 1 0 1
2 0 4 0 2
2 2 4 2 1
3 1 5 2 2
1 0 0 1 2
0 0 5 1 2
3 2 2 3 2
1 0 2 1 1
1 1 2 3 2
2 3 1 3 2
2 1 0 2 2
3 1 0 3 1
4 2 1 1 2
1 1 4 0 2
1 2 1 5 0
1 1 0 1 1
0 1 1 2 2
0 3 2 1 2
3 2 2 1 5
1 1 1 1 2
1 5 2 1 1
1 2 1 1 1
0 0 1 0 2
3 3 3 2 2
4 0 0 4 0
2 1 5 2 3
1 3 2 2 1
1 2 2 4 1
0 2 0 0 0
0 2 3 2 1
4 1 1 3 1
1 1 1 0 2
0 1 2 0 0
6 2 5 0 2
0 1 0 1 0
2 1 1 0 1
4 1 2 2 0
1 1 6 0 1
1 4 1 0 2
1 0 1 1 1
2 3 1 1 1
3 1 1 0 4
0 1 1 0 0
3 1 3 3 1
2 3 3 2 0
0 5 2 3 2
1 3 0 1 1
1 0 2 1 4
0 1 5 2 2
2 2 3 2 0
1 2 1 1 5
1 3 0 1 6
0 3 3 1 1
1 6 4 2 0
2 2 2 3 2
2 3 0 2 2
1 2 1 1 1
3 2 1 0 0
2 4 2 1 0
0 2 2 4 4
1 1 2 3 1
0 0 1 0 1
3 1 1 0 0
2 0 2 0 2
2 1 2 1 1
0 2 0 3 3
2 4 2 1 1
0 1 0 2 0
2 3 4 1 1
6 1 2 2 2
3 4 0 1 1
0 2 1 0 1
1 3 2 1 3
1 2 0 1 0
0 0 0 0 1
4 0 1 3 1
2 0 2 3 3
0 0 2 1 1
2 1 1 1 1
1 3 2 2 1
1 0 1 2 1
2 2 2 4 1
1 3 4 3 2
3 1 0 0 0
1 3 1 1 1
2 0 1 1 1
2 1 2 2 1
3 4 2 1 2
2 0 3 1 0
1 1 2 4 2
0 0 3 2 1
0 2 1 0 4
4 2 2 0 0
0 3 0 2 3
0 6 1 2 1
2 0 2 4 1
2 0 4 2 1
1 1 1 2 4
4 1 0 3 2
1 4 0 1 1
5 1 0 0 1
4 1 0 0 0
0 1 3 2 1
0 4 3 2 3
5 2 3 0 3
1 2 1 2 4
2 1 1 0 2
0 2 0 2 0
1 1 1 1 0
3 2 0 2 0
0 0 1 0 5
0 5 2 2 2
1 3 1 2 2
1 3 3 4 1
1 2 1 0 1
3 3 0 1 3
0 3 1 4 2
2 1 2 0 3
1 2 1 1 0
1 5 0 1 4
1 0 3 0 0
1 1 1 3 4
2 0 2 0 1
0 2 1 1 1
3 2 0 3 2
0 1 1 1 2
1 0 1 0 3
2 0 0 0 2
0 1 3 1 2
2 1 0 1 6
1 1 4 2 1
2 2 4 2 0
5 5 1 3 2
3 1 2 0 2
2 5 1 2 4
0 0 0 0 2
3 2 2 2 1
0 2 0 0 1
2 2 0 4 1
2 0 0 5 1
2 0 3 1 0
3 0 2 3 0
0 0 0 1 3
0 2 1 4 2
5 1 5 0 0
0 2 0 0 0
2 0 3 0 1
1 1 3 2 1
1 2 0 3 1
2 2 5 0 2
1 1 0 0 2
4 5 1 4 5
3 2 0 2 2
3 2 0 1 3
1 3 2 2 1
0 4 0 0 0
2 3 1 3 2
2 3 0 2 1
2 5 2 1 1
1 3 2 0 3
0 0 1 0 1
0 1 0 3 2
0 2 2 2 1
0 3 3 0 2
2 3 1 3 2
1 3 1 0 1
0 0 0 2 3
5 4 1 0 1
1 2 0 1 1
2 1 2 0 2
1 1 2 3 1
2 3 2 1 2
3 2 2 1 0
3 2 2 2 2
0 5 1 4 1
2 1 0 0 0
0 1 0 0 1
2 4 1 1 1
3 1 2 2 5
0 4 0 2 3
2 1 1 0 4
0 1 0 5 4
1 1 0 4 1
1 2 2 0 3
3 1 1 1 0
4 0 4 0 0
0 3 3 0 1
1 1 2 1 0
3 2 1 5 1
0 3 2 2 5
1 2 0 0 1
2 0 0 1 2
3 0 3 4 0
1 0 0 0 0
2 1 1 1 0
0 0 2 0 2
3 1 1 0 4
3 2 2 2 3
6 3 2 2 0
1 2 1 1 0
2 0 0 1 1
2 1 2 3 0
2 0 2 1 0
0 1 1 0 2
2 2 0 1 1
1 0 0 1 0
5 1 1 1 1
2 1 2 0 0
1 2 2 5 0
3 0 1 1 1
1 1 2 1 4
0 0 1 1 4
0 1 2 1 0
0 4 0 1 2
1 3 3 0 2
1 1 3 0 2
2 1 3 1 0
1 1 0 0 0
2 1 2 2 2
2 1 2 1 1
1 3 0 1 1
2 2 1 0 3
0 1 2 0 1
3 2 1 0 2
0 5 1 1 1
5 0 1 6 2
2 0 0 1 1
0 1 1 1 0
0 0 0 1 2
1 3 0 3 0
3 1 0 1 2
0 1 3 3 1
1 3 1 2 0
2 0 2 2 2
0 1 1 1 2
1 1 2 0 3
0 2 1 2 1
2 0 0 1 1
3 2 6 1 4
2 1 0 2 1
2 0 0 0 0
0 0 2 3 1
1 0 2 2 1
2 3 1 1 3
1 2 1 0 1
0 1 2 1 0
2 3 0 0 3
1 1 2 2 0
2 1 1 2 1
3 4 0 4 3
3 0 0 1 3
1 1 2 3 3
1 3 1 1 1
0 0 1 4 3
1 0 2 0 2
1 1 1 2 2
0 4 3 2 0
5 3 1 2 0
0 2 1 1 1
2 0 0 1 1
0 1 2 2 1
4 2 4 0 5
3 2 4 1 1
4 2 0 0 0
0 2 1 3 3
3 2 0 3 0
5 1 0 4 0
0 3 1 2 3
1 2 1 2 0
0 2 2 2 1
1 1 5 5 0
0 0 1 3 3
1 0 0 0 5
1 0 2 2 3
1 1 3 0 0
0 1 2 5 4
5 0 0 2 1
4 1 0 1 1
0 2 3 2 0
1 0 0 0 0
0 0 2 1 0
0 2 2 1 3
1 1 1 1 3
1 6 1 3 0
5 1 3 2 0
1 1 0 1 1
0 0 3 1 3
2 1 3 0 0
0 0 1 1 2
1 1 1 2 4
0 0 3 2 1
2 2 0 2 3
3 2 2 1 5
5 3 1 5 3
5 0 2 1 0
1 1 0 3 0
0 0 3 0 0
1 0 2 1 0
0 3 2 1 0
1 4 0 2 2
1 3 2 0 1
0 3 2 1 4
2 0 2 4 3
1 0 1 1 1
2 0 2 0 1
3 3 5 1 1
3 1 1 3 3
1 2 2 0 5
3 3 0 1 0
2 2 0 2 0
1 4 5 5 2
3 0 3 4 1
3 1 2 1 4
1 2 0 2 1
1 1 0 0 0
1 2 2 1 1
3 0 3 2 1
1 4 1 1 0
3 2 0 0 4
0 0 0 2 1
1 0 1 2 1
1 1 0 2 1
1 3 1 0 1
0 0 1 1 1
0 1 3 1 2
0 2 2 3 2
3 2 0 0 0
2 2 1 1 1
1 1 1 1 3
1 1 2 2 4
1 1 4 4 4
0 6 0 2 0
0 2 2 3 5
1 3 4 2 1
3 0 1 0 1
4 2 1 0 3
1 0 3 0 4
0 2 0 1 3
0 0 3 4 1
3 0 2 5 1
1 0 2 1 2
3 0 2 1 2
2 1 2 3 1
1 1 4 3 3
5 0 1 3 1
5 2 2 4 1
2 1 0 1 1
2 0 1 1 1
3 5 5 1 0
2 2 0 4 3
1 3 1 1 1
5 1 0 1 1
2 3 0 1 2
2 4 0 3 2
1 3 1 1 0
1 0 0 2 3
2 1 2 0 1
0 3 1 1 1
0 0 2 1 4
1 2 4 1 2
2 0 1 1 1
1 3 4 0 2
6 1 1 4 1
1 1 0 1 1
0 2 6 2 0
1 2 2 2 1
1 5 0 4 3
1 1 1 0 3
3 1 4 0 1
0 1 1 3 1
2 1 2 3 0
0 2 2 5 1
0 0 1 0 4
0 3 1 1 0
2 1 1 0 1
0 2 2 2 0
3 1 2 3 0
0 2 1 0 0
1 0 3 4 2
3 1 0 1 2
0 1 1 1 1
2 2 2 0 1
1 2 0 2 4
4 3 1 0 1
1 0 1 0 0
5 1 1 1 2
0 0 3 3 1
0 1 1 2 1
1 1 1 2 0
1 0 0 4 1
1 0 0 4 0
2 1 2 2 0
3 1 2 0 1
2 1 2 0 4
1 4 2 1 0
1 0 1 2 2
1 4 0 1 2
1 1 3 0 2
1 1 2 3 1
2 0 1 3 1
3 2 1 0 0
3 1 4 4 1
6 0 1 2 1
2 0 3 3 0
2 1 2 3 1
1 0 2 2 1
0 1 1 1 0
1 3 3 0 6
0 1 0 2 4
1 2 0 1 3
0 0 6 1 4
3 0 0 2 2
5 0 3 0 1
2 0 1 1 1
2 1 1 0 0
5 1 1 2 4
1 1 3 2 3
4 3 1 0 4
2 2 1 2 0
0 2 1 0 1
1 4 3 1 0
2 3 2 0 1
3 1 2 0 0
2 0 2 1 1
4 1 2 1 1
1 3 0 0 0
3 1 0 1 1
1 4 2 0 4
5 1 3 2 1
1 5 2 0 0
4 4 1 3 0
0 4 1 2 1
2 1 2 0 5
2 1 2 4 5
4 2 0 0 4
3 4 2 4 0
2 2 2 2 4
2 1 1 4 1
2 0 0 0 2
2 1 1 0 4
1 2 3 4 1
0 0 3 2 2
4 3 1 1 0
1 1 4 0 3
0 0 0 1 0
1 6 3 0 3
1 2 3 1 2
1 0 0 1 2
2 6 0 2 4
2 2 1 1 5
0 4 1 0 2
1 0 1 1 2
2 2 2 3 0
2 1 0 2 3
0 2 0 1 0
1 1 0 1 4
6 1 3 2 2
3 1 2 1 0
2 1 1 1 4
2 4 4 1 2
1 0 1 4 3
0 2 3 3 0
4 0 2 1 0
3 1 1 1 0
2 1 2 1 1
2 1 6 2 0
1 1 5 4 6
1 2 1 1 2
5 3 2 2 1
3 0 2 3 2
1 4 1 1 1
4 1 1 1 1
5 0 1 0 2
3 0 3 0 1
1 1 3 2 3
1 3 1 2 0
3 1 4 1 0
1 3 2 2 4
1 3 2 3 1
2 0 4 2 0
1 2 0 1 1
3 1 5 2 6
1 3 3 0 2
0 1 1 1 4
2 2 0 2 0
3 0 2 0 3
6 1 1 1 0
3 4 0 0 2
2 0 0 2 2
1 4 3 2 2
0 0 0 2 1
1 3 2 3 2
3 1 2 2 0
0 1 3 2 2
4 2 0 1 0
1 0 2 1 2
0 1 4 1 2
1 1 0 1 5
2 1 2 1 3
3 3 2 3 1
1 1 2 4 1
2 5 0 1 3
2 2 2 3 4
2 0 3 5 0
1 0 0 0 1
2 5 1 1 1
3 2 1 0 2
2 1 2 5 2
4 1 4 0 2
1 1 3 1 1
3 2 3 2 1
1 1 1 1 4
3 0 1 1 2
2 2 1 1 0
4 1 2 3 1
1 0 1 1 1
4 2 2 2 0
3 0 3 1 3
1 5 2 0 0
2 3 1 2 4
0 3 0 3 1
1 3 2 5 1
6 4 2 3 2
5 0 3 1 1
4 0 2 3 0
1 2 1 2 2
1 0 2 5 0
1 1 2 2 0
2 0 5 1 4
3 4 1 2 3
1 1 1 0 4
0 1 3 2 1
2 0 1 2 2
2 4 1 4 0
2 3 3 0 3
1 3 5 1 0
0 3 0 2 0
1 1 2 1 2
3 3 4 0 1
2 4 2 1 3
2 1 2 1 1
2 0 3 6 2
5 4 2 3 1
4 0 1 0 3
1 0 1 0 1
3 3 1 1 0
2 0 2 0 3
3 1 3 1 1
1 3 2 0 0
2 0 3 1 0
1 0 0 1 0
0 1 0 1 5
1 1 3 0 1
2 5 0 0 2
3 0 1 0 0
2 0 1 1 1
3 1 1 0 1
2 1 3 0 1
2 1 0 3 0
2 0 4 2 1
0 3 1 3 0
3 1 3 3 6
3 3 3 1 1
5 0 1 1 1
2 2 1 2 5
0 1 2 1 1
0 0 0 1 3
1 4 2 1 3
2 1 6 0 1
1 0 3 6 0
1 3 3 2 0
1 1 4 2 3
0 0 0 1 1
1 1 1 5 3
1 0 2 3 0
1 6 0 1 0
4 0 4 0 2
0 5 1 0 2
0 1 1 2 3
1 4 3 0 0
1 1 2 1 2
1 1 3 0 1
2 3 0 0 3
3 1 0 1 3
2 0 2 2 2
2 0 4 1 1
2 0 1 2 1
2 2 1 2 1
2 3 1 0 4
0 1 0 5 1
2 2 2 1 4
0 0 4 5 5
0 5 0 0 6
0 3 2 2 1
0 4 0 2 2
0 1 1 1 3
0 0 4 0 4
1 3 0 2 0
2 0 0 1 0
3 1 3 3 0
5 1 2 6 2
1 5 1 1 1
1 2 0 1 0
1 2 2 1 2
2 0 0 2 1
2 2 3 5 1
0 1 3 1 0
0 1 0 1 1
1 1 1 2 2
0 1 0 1 1
1 1 0 2 1
5 2 1 1 5
0 4 1 1 1
0 2 4 1 0
1 4 2 3 1
0 5 0 1 1
1 1 2 0 2
1 1 0 0 0
2 0 0 1 4
0 0 1 0 0
2 2 0 2 5
3 2 1 2 2
0 3 1 0 2
0 3 0 3 1
1 2 3 1 0
1 4 4 1 3
3 1 1 0 5
2 2 3 5 0
2 2 2 0 3
1 2 1 2 0
0 5 2 0 1
0 2 1 0 2
0 1 0 1 3
1 2 3 1 2
2 0 2 1 1
0 2 3 4 0
1 1 0 1 2
2 2 1 1 0
4 5 1 1 1
1 3 1 0 2
6 1 2 1 1
3 0 2 4 0
0 0 1 3 4
1 2 0 2 0
1 1 0 3 1
1 2 0 1 0
4 2 1 0 0
2 2 1 1 4
1 4 2 1 1
2 2 0 4 0
2 0 1 1 1
0 0 5 2 1
1 3 2 0 3
1 3 3 1 1
0 0 2 0 0
1 1 4 1 1
0 0 1 1 2
1 1 0 1 1
2 2 0 0 0
2 0 2 3 1
0 2 1 1 1
2 0 1 0 0
1 3 2 0 1
0 2 0 1 2
0 4 5 3 3
0 1 2 0 2
0 4 0 2 0
3 0 1 2 3
4 1 2 0 5
3 1 2 0 2
1 1 3 1 3
2 3 2 0 1
2 1 2 2 1
3 1 4 3 1
1 3 0 2 0
0 0 2 0 1
0 5 2 2 3
2 1 0 1 1
1 1 2 2 2
2 0 1 4 0
2 1 1 1 3
2 2 2 2 4
0 2 1 1 0
1 1 1 4 0
1 1 1 3 0
1 2 2 4 2
2 1 1 0 2
0 1 0 4 2
1 3 1 2 1
1 4 0 1 1
1 2 0 0 4
3 0 1 4 2
4 2 4 4 0
0 3 0 2 1
0 1 1 2 1
1 1 1 1 3
1 0 2 3 3
1 1 2 1 1
0 1 3 0 3
1 0 1 2 3
1 1 1 1 2
0 1 2 4 2
1 3 5 1 1
0 0 0 2 1
1 0 3 4 1
3 0 2 3 2
1 1 0 2 2
1 0 0 3 0
3 1 0 2 2
0 2 2 2 1
3 1 1 3 3
3 0 2 2 1
2 4 0 0 3
4 4 2 2 0
4 0 2 0 2
4 0 0 5 1
3 1 0 2 2
1 4 3 1 0
1 1 2 1 2
6 4 1 2 0
1 1 3 3 4
2 1 5 3 1
0 1 2 4 2
2 1 0 1 2
4 2 2 1 4
2 1 0 1 1
1 0 1 0 2
3 1 2 0 1
1 2 1 0 1
2 1 3 1 2
0 1 0 0 3
2 0 3 2 1
2 5 0 0 1
1 2 1 6 3
2 1 0 1 0
2 3 1 1 1
0 0 0 0 0
0 3 1 3 2
1 1 1 0 3
2 1 0 6 2
1 2 0 1 2
2 0 0 3 6
0 0 2 0 4
1 2 2 3 0
0 1 1 2 2
1 1 3 4 5
5 5 4 2 5
0 0 2 3 3
0 0 1 1 1
0 2 3 2 0
1 3 3 3 5
2 1 0 0 3
2 4 1 0 1
2 3 0 2 1
1 1 4 2 3
2 0 1 2 2
2 1 0 0 1
3 6 2 0 0
3 1 1 1 0
4 2 1 1 3
3 1 4 2 1
2 0 0 0 0
6 2 2 2 1
3 5 2 0 4
2 2 1 3 2
3 2 1 5 2
2 1 5 0 3
0 0 1 5 3
0 1 2 0 1
2 0 3 1 1
0 2 1 0 2
2 2 3 0 0
2 1 1 2 0
2 0 2 1 5
0 2 0 4 4
1 0 1 0 1
3 1 0 2 2
5 0 2 2 1
4 1 3 1 0
4 0 4 1 0
3 1 0 2 1
0 2 5 2 3
3 4 0 3 0
1 2 5 0 3
2 0 4 4 1
2 3 2 2 0
0 2 0 4 2
3 1 4 0 2
2 0 2 1 2
0 2 0 1 2
1 2 2 4 0
4 1 1 2 0
2 0 3 2 0
2 2 1 3 1
2 1 2 1 0
1 0 2 1 0
0 2 0 5 1
3 3 1 4 1
3 0 1 0 0
1 2 1 4 4
1 0 4 2 4
2 1 2 0 1
3 1 1 3 0
2 1 4 2 2
1 0 0 2 0
0 0 0 2 0
2 2 1 1 0
5 3 1 1 4
4 2 4 1 0
2 2 1 0 2
1 2 0 2 2
0 1 3 1 0
0 0 4 2 2
4 3 0 0 1
1 1 3 4 0
0 3 0 2 2
2 2 3 0 2
3 3 2 0 1
3 1 1 5 2
3 0 3 0 0
2 2 1 2 0
2 1 5 1 2
1 2 4 3 2
4 1 1 2 2
1 2 0 5 1
0 0 1 5 1
3 1 2 1 0
1 2 0 3 1
4 3 0 3 1
1 0 2 0 2
4 2 0 3 2
1 2 0 0 2
1 2 1 1 0
2 0 0 2 2
0 3 0 1 0
2 1 0 2 1
1 0 3 4 5
2 1 2 1 3
2 3 1 4 3
2 0 0 1 0
2 0 5 0 1
0 1 2 2 2
1 3 2 0 4
0 2 1 0 1
2 1 2 1 3
3 2 2 1 0
1 3 3 1 2
1 0 2 0 6
3 3 1 0 2
0 1 1 2 2
0 0 2 0 2
1 1 0 1 2
0 0 1 3 2
2 1 0 1 4
2 5 5 3 3
3 0 2 1 1
0 3 3 5 1
1 0 2 2 2
6 3 2 2 3
0 1 3 2 0
0 3 0 1 0
2 4 6 4 1
1 3 5 1 2
0 1 0 2 0
2 1 0 2 2
0 3 1 0 0
2 3 2 1 0
1 0 1 2 0
1 3 0 0 4
4 4 0 1 1
1 1 4 1 0
0 1 4 2 1
1 2 1 0 1
3 1 0 2 0
0 3 0 1 1
4 1 0 3 1
4 5 2 1 0
0 0 0 0 1
3 2 0 1 1
0 2 2 1 1
1 2 0 1 0
0 2 1 3 5
1 3 0 0 4
3 0 0 0 2
0 0 3 5 0
2 3 1 5 0
2 0 2 0 2
2 2 1 1 0
1 1 1 1 3
4 4 1 3 1
0 1 1 1 0
1 2 3 1 0
1 0 4 2 1
4 3 3 1 2
3 1 1 3 2
1 1 3 3 1
2 0 1 2 0
0 1 4 2 2
0 1 2 0 3
1 0 0 0 2
0 4 1 1 2
0 0 3 1 0
3 3 1 1 3
3 0 2 3 0
2 4 5 2 3
1 1 2 0 2
0 1 0 4 2
0 3 1 0 1
1 1 3 2 0
4 6 1 4 4
2 3 1 1 1
4 0 0 0 0
2 2 4 0 3
0 0 1 4 3
2 5 1 2 4
1 3 0 4 2
0 3 3 1 2
0 1 0 0 2
2 4 0 0 2
2 1 2 1 1
2 0 4 1 2
0 1 4 1 0
2 0 1 1 1
1 0 4 0 2
2 2 2 3 0
1 4 1 2 1
1 2 2 1 1
3 3 0 0 0
4 2 1 1 3
2 0 0 1 3
0 3 1 0 6
0 1 1 0 0
0 5 3 0 2
1 1 0 2 1
2 1 3 0 3
5 4 1 2 1
1 1 2 1 2
1 4 2 3 0
1 2 2 1 0
2 0 3 1 0
3 2 1 2 1
1 1 2 0 1
1 1 0 3 2
2 2 1 0 0
3 1 3 0 0
2 2 2 1 0
2 0 2 1 3
1 0 4 3 3
0 2 1 1 4
0 1 0 1 1
0 1 1 2 2
1 1 3 1 0
0 1 0 3 3
3 2 3 3 1
0 4 2 2 2
1 3 2 1 1
2 3 0 2 0
0 0 1 3 3
1 5 2 1 1
0 2 2 5 0
1 4 1 0 3
1 6 3 1 4
0 3 2 5 2
3 1 2 2 0
4 4 1 0 1
3 0 1 2 1
1 0 1 4 0
0 2 3 1 2
3 2 2 0 1
3 2 2 3 2
1 2 1 1 1
0 3 5 1 2
2 2 2 4 0
1 0 1 0 2
1 0 5 4 2
3 0 3 3 5
3 1 1 1 4
0 0 2 1 0
0 0 2 1 0
1 0 3 2 1
1 1 2 1 3
1 3 2 1 2
2 2 0 4 3
0 2 0 2 0
2 2 2 4 3
2 2 1 1 2
0 3 3 0 0
5 0 4 3 0
4 1 1 1 3
2 4 1 2 3
2 2 1 0 1
0 3 1 0 2
4 3 1 0 3
1 0 2 3 1
5 1 2 2 3
0 2 2 0 2
0 4 1 1 1
0 4 2 5 1
1 1 2 1 1
3 1 2 2 1
3 2 3 4 1
2 2 3 0 0
0 0 2 1 0
3 2 2 3 2
0 2 2 2 0
0 3 2 2 3
3 1 5 2 2
2 1 3 3 1
0 0 1 0 3
0 1 3 1 0
3 0 2 0 0
3 1 0 1 0
0 2 1 2 0
2 1 0 1 0
1 0 2 2 3
3 0 2 3 4
1 0 1 2 0
2 1 2 1 4
0 1 3 5 0
1 2 1 1 2
3 1 0 0 0
1 3 1 6 0
2 1 2 1 4
1 2 0 0 0
1 3 2 2 1
4 2 0 2 1
0 1 2 4 0
2 2 0 1 1
2 2 0 1 0
1 3 2 1 0
3 2 2 1 3
2 2 1 0 1
1 2 5 1 3
6 4 0 5 1
1 1 3 0 2
4 3 1 3 3
3 1 3 2 1
0 1 3 3 2
3 3 0 1 2
3 6 4 1 2
0 3 6 1 1
2 1 4 0 3
0 0 1 2 1
4 2 0 1 3
1 3 2 2 2
2 1 3 0 5
1 3 2 0 0
1 0 2 2 5
1 2 1 1 4
2 2 2 2 0
1 1 1 1 1
0 0 4 1 1
1 2 6 2 1
0 1 3 0 1
0 1 6 0 2
0 4 1 0 3
0 2 0 3 3
1 1 3 3 1
1 3 2 4 0
2 2 2 1 2
3 0 2 1 0
0 2 1 5 1
2 3 2 1 1
0 3 4 1 0
0 0 2 1 1
2 1 1 2 0
2 1 1 5 1
1 3 0 3 2
2 1 1 0 0
1 3 0 4 1
1 0 0 1 1
1 0 1 1 1
2 1 0 4 1
3 2 1 2 0
3 2 1 1 4
3 3 0 2 0
3 1 2 0 1
0 3 0 4 3
0 0 1 2 1
2 1 0 1 5
2 1 0 0 1
3 3 0 3 1
0 4 2 3 0
3 0 1 0 2
1 3 0 2 1
3 0 2 3 0
0 1 2 1 1
1 0 1 3 0
1 1 0 2 1
2 0 3 1 3
5 0 3 0 4
0 1 4 1 2
4 4 5 3 2
2 1 2 3 1
2 1 1 0 3
6 0 1 1 3
1 0 1 0 4
0 0 0 0 2
1 0 2 0 4
1 1 1 1 1
2 0 2 4 2
2 1 1 1 0
1 0 1 2 6
0 1 4 3 1
0 1 1 0 1
0 1 3 2 3
0 1 1 2 1
2 2 3 4 4
0 2 3 1 1
0 0 3 0 1
0 1 0 4 2
0 0 0 1 3
2 2 1 1 1
2 0 1 3 2
2 2 3 0 2
1 0 4 3 2
6 2 1 2 0
1 4 0 0 0
3 3 0 2 2
2 0 0 0 2
0 1 3 1 1
5 1 2 1 1
0 0 4 6 2
2 6 2 0 2
0 1 1 1 2
4 3 1 2 1
3 0 0 6 0
0 3 0 1 3
1 1 4 2 5
1 2 2 1 2
0 1 0 1 1
2 1 0 1 0
1 0 2 0 1
4 0 1 2 0
1 1 4 1 4
3 3 1 0 0
2 3 0 1 1
1 1 3 1 0
2 1 0 2 1
1 0 3 2 1
1 1 1 1 2
3 3 0 2 2
1 3 0 4 0
4 2 0 1 0
1 0 0 2 1
3 2 3 1 0
1 1 2 2 1
1 1 2 0 1
5 2 1 3 3
1 3 2 3 1
1 0 1 0 2
1 3 3 1 0
2 0 1 2 1
3 1 2 1 1
4 0 3 0 1
1 1 1 2 3
6 4 3 0 0
1 2 0 3 0
1 1 2 2 1
1 0 6 1 4
0 2 2 0 2
5 0 2 0 4
4 2 4 1 1
2 0 3 1 3
2 3 2 2 0
2 3 1 0 1
0 1 1 0 3
3 3 1 1 2
2 2 0 0 2
2 5 1 1 3
0 4 2 4 3
4 0 2 1 2
1 2 1 2 3
0 2 4 4 0
3 1 4 1 2
1 1 1 1 3
1 1 2 2 1
1 0 1 5 3
0 1 1 1 3
2 5 3 1 3
2 3 2 0 2
1 3 0 4 0
0 0 4 4 1
2 5 2 2 6
1 0 2 6 3
1 4 3 1 1
1 0 2 6 3
0 0 1 1 4
5 0 1 1 1
2 1 2 0 3
2 0 0 2 2
3 2 3 1 0
2 5 0 2 1
1 1 0 2 3
0 0 1 2 3
2 1 2 4 1
1 3 0 1 2
3 2 3 2 0
4 0 1 1 1
3 1 1 0 2
3 4 0 1 0
3 3 0 3 3
3 0 0 0 1
0 0 1 0 2
2 0 1 0 4
3 1 1 2 4
2 0 0 3 0
1 5 1 1 0
4 1 0 1 0
3 3 3 5 0
0 2 0 2 6
1 1 0 2 3
4 3 1 3 1
2 3 2 1 1
2 2 0 0 1
0 2 2 1 1
1 5 2 1 4
3 0 0 1 5
2 2 2 2 1
2 0 2 1 1
2 1 2 1 4
2 2 2 4 1
3 4 2 2 3
4 1 0 2 0
4 2 2 0 1
1 1 3 0 3
3 3 2 0 1
1 2 1 2 3
1 4 3 4 3
1 0 1 1 1
2 1 1 3 1
1 0 1 2 0
2 2 0 1 1
3 2 0 1 1
1 1 0 2 4
1 1 1 1 1
2 1 3 2 0
1 1 3 1 1
5 0 0 2 1
1 1 1 1 2
1 4 0 2 3
2 0 0 0 3
0 4 1 0 2
1 0 3 3 3
2 4 1 0 0
2 4 0 1 0
4 1 0 3 4
2 2 0 1 2
0 0 3 3 2
1 0 6 3 4
2 0 0 2 0
0 6 5 2 3
2 2 0 2 1
1 2 2 0 1
2 2 6 2 2
0 1 3 1 0
1 0 1 2 4
1 2 3 4 1
1 1 5 1 1
0 1 1 1 3
0 0 0 5 0
0 0 4 1 0
0 1 1 3 0
4 1 0 1 0
0 1 1 2 0
2 3 1 0 1
0 2 3 1 4
0 0 3 3 1
1 2 1 2 1
2 0 2 3 1
2 2 1 0 0
0 1 1 3 3
2 1 1 1 1
1 2 1 2 1
0 3 3 4 1
1 1 0 1 2
3 1 0 2 3
1 0 1 3 2
3 5 2 2 0
0 0 3 3 0
1 3 2 1 4
0 1 0 3 1
5 2 3 1 1
1 1 4 0 0
0 3 3 2 3
0 0 1 3 3
0 1 0 1 2
0 0 1 1 2
1 2 2 4 1
1 2 1 2 0
3 6 5 3 2
2 2 1 1 5
2 4 4 1 2
1 2 1 1 2
3 2 5 1 3
1 0 3 0 0
0 0 0 0 3
2 1 1 1 2
1 0 0 2 4
4 0 1 1 1
1 0 0 0 2
0 0 2 0 1
1 2 0 4 1
2 3 2 2 5
5 0 2 2 4
2 1 0 0 1
5 3 0 0 1
3 6 3 3 1
0 1 3 3 6
0 0 4 2 2
0 2 0 0 1
0 1 1 1 0
2 0 5 1 0
0 1 2 1 2
1 2 1 1 4
2 5 2 1 2
3 1 2 1 0
3 4 3 2 2
6 3 3 1 1
0 0 4 1 0
0 5 1 2 0
3 1 0 1 3
0 0 1 2 0
1 0 4 1 2
0 0 2 4 0
4 1 2 2 0
3 0 2 0 2
1 0 1 0 2
0 0 2 2 5
1 0 0 1 2
3 2 2 1 3
4 0 2 1 3
1 3 2 3 2
1 0 0 0 1
3 1 0 1 4
1 3 3 0 1
0 1 0 1 0
2 3 1 0 1
3 2 1 1 3
3 0 0 2 5
1 2 3 0 2
3 1 0 1 2
3 3 0 1 1
0 2 1 0 5
1 1 1 2 1
2 0 1 2 1
1 3 1 3 0
1 3 1 1 3
2 2 1 2 2
3 1 1 3 0
0 3 1 1 0
0 0 1 1 1
4 0 2 0 0
3 0 4 1 2
0 3 5 3 0
1 0 3 4 1
1 2 1 1 3
2 1 1 4 0
0 0 1 2 0
1 2 1 1 0
1 3 2 1 3
2 5 2 1 0
0 4 2 3 3
4 1 2 1 0
0 0 2 2 1
3 3 1 1 1
2 2 2 0 1
0 0 0 0 2
2 0 2 2 1
2 0 0 2 0
2 0 0 1 3
2 0 0 1 0
0 3 4 4 1
4 4 1 3 0
2 0 2 2 2
5 0 0 1 2
1 1 3 0 3
1 1 3 0 1
2 1 2 0 1
1 3 1 0 0
1 2 1 0 4
4 1 1 2 0
1 1 0 3 0
0 1 2 2 0
0 4 3 3 3
1 2 2 1 3
3 1 0 1 3
0 1 2 1 1
3 1 2 4 1
4 5 2 3 2
0 0 2 1 3
0 2 4 1 3
2 2 1 0 2
0 1 0 3 0
5 0 1 0 0
4 4 1 1 5
2 1 1 1 2
2 1 1 4 1
1 3 3 0 3
1 2 1 0 1
1 0 1 3 0
4 1 1 2 5
2 0 4 1 2
2 2 0 2 0
3 1 2 3 2
2 1 0 0 2
3 3 1 1 1
4 0 1 0 0
0 0 3 1 0
2 2 2 1 3
1 2 3 0 1
3 4 2 0 3
1 2 4 2 1
1 1 0 2 2
2 2 1 0 0
4 2 1 3 2
2 0 1 1 3
5 1 0 1 2
2 2 0 5 0
0 3 4 1 2
4 0 0 3 6
0 1 5 1 1
0 0 1 1 2
0 1 1 3 2
2 1 0 4 0
2 1 2 3 0
3 0 2 0 3
1 0 6 0 1
2 1 2 0 1
1 2 3 0 0
0 1 0 1 3
2 1 0 0 2
2 1 5 0 1
0 2 0 2 4
0 1 3 0 1
1 0 4 0 0
0 1 1 1 0
2 4 0 3 4
2 1 2 2 1
0 3 3 1 3
2 0 2 1 4
1 0 2 1 1
5 2 0 4 0
1 0 3 3 2
1 0 2 0 2
2 1 2 2 0
0 2 0 2 0
3 1 4 1 0
1 2 2 1 1
2 2 3 2 2
0 0 3 0 4
4 3 0 1 0
2 1 1 3 1
2 1 2 1 0
2 0 2 3 2
0 3 3 0 6
2 3 1 3 0
2 1 0 2 3
1 0 0 3 5
2 0 0 0 0
1 2 2 2 0
3 1 2 0 2
3 2 2 2 0
1 2 1 0 0
2 1 0 0 2
1 0 1 1 0
5 0 1 0 2
1 0 1 5 1
2 3 1 1 1
3 1 2 1 2
1 0 1 1 0
3 0 2 1 0
0 0 2 2 2
2 0 3 1 1
0 1 2 1 3
1 4 1 1 2
1 2 1 1 1
3 1 2 2 2
3 0 1 0 5
0 1 4 0 1
4 2 0 2 2
3 3 1 1 4
3 0 0 1 5
2 3 2 0 1
1 1 0 1 2
3 3 1 1 2
4 3 0 0 3
1 3 2 2 0
1 1 0 0 2
3 0 2 1 2
0 0 2 0 3
1 3 2 0 2
2 0 1 1 1
2 0 0 0 3
2 3 2 3 0
1 3 4 2 0
2 0 3 1 1
1 3 1 1 0
0 3 1 1 2
0 2 1 1 1
3 2 4 3 1
4 2 0 1 2
1 1 0 1 2
2 1 1 5 3
2 3 1 3 1
0 2 0 0 2
5 1 2 0 3
1 2 5 2 1
4 1 1 0 2
6 0 2 1 2
1 2 2 1 1
1 2 3 0 2
0 0 1 1 2
5 0 3 0 3
3 1 2 2 1
0 3 2 3 5
4 5 1 1 6
3 0 2 1 2
1 0 1 1 0
1 1 2 3 0
1 1 1 0 1
1 0 0 1 1
1 1 2 4 0
2 0 1 1 1
0 0 1 1 4
5 1 2 1 0
4 2 3 2 2
3 2 1 1 4
1 2 0 3 4
3 4 1 6 1
1 0 0 1 1
1 3 3 3 4
3 3 0 1 0
0 2 0 2 3
0 2 1 2 0
4 1 2 1 0
0 0 2 2 1
1 0 5 1 1
6 0 0 4 0
2 0 4 1 4
2 0 0 1 0
6 3 3 3 2
3 4 2 2 0
2 2 1 3 3
0 2 1 2 2
3 2 4 5 4
1 0 1 0 1
3 0 1 2 3
2 3 0 0 0
2 3 2 3 1
2 1 0 3 2
5 4 0 1 3
1 2 5 1 0
2 4 1 1 2
0 2 1 2 0
1 1 1 0 1
5 1 1 2 2
0 0 2 3 0
1 0 0 0 1
0 4 1 1 0
1 1 0 3 4
3 1 1 1 1
2 1 3 2 1
0 2 3 0 3
1 1 3 3 3
1 4 0 1 2
3 0 0 0 0
0 0 0 0 3
1 3 4 0 2
1 1 2 1 0
1 3 1 4 2
4 3 1 3 1
2 0 1 0 3
5 1 1 0 3
0 1 2 0 1
0 0 2 1 1
1 2 1 6 5
2 3 2 1 5
1 6 0 1 0
3 4 1 1 0
2 0 2 1 1
4 1 3 1 0
2 1 0 0 1
2 4 1 5 0
2 2 1 4 0
0 2 3 3 2
2 2 1 1 2
1 3 0 0 1
4 3 3 3 1
1 1 1 1 1
0 1 0 0 4
4 3 0 3 2
0 1 0 3 1
1 3 2 0 2
0 0 2 4 2
1 3 1 0 1
0 0 1 1 1
2 3 1 1 1
2 0 4 0 5
1 0 0 1 1
0 2 3 1 5
0 0 2 1 1
0 1 0 2 1
4 5 2 0 2
1 3 1 2 0
3 2 0 2 2
1 0 0 1 0
1 2 3 2 0
0 0 2 2 2
6 3 5 2 0
4 3 0 2 1
2 3 1 1 2
1 3 5 0 0
1 0 1 1 1
4 0 1 5 0
0 1 1 2 4
1 2 3 0 1
1 0 1 1 0
0 0 2 0 3
0 1 2 2 4
6 4 3 4 1
0 4 4 0 3
1 1 1 0 2
2 1 1 1 2
2 1 2 1 4
2 4 3 4 2
1 1 0 5 1
1 0 0 6 3
3 2 1 4 1
1 0 0 1 1
2 1 3 1 6
3 0 1 1 3
1 0 5 0 0
2 0 1 0 0
3 2 3 5 2
4 1 0 3 1
1 2 1 2 1
2 0 4 2 3
1 0 1 4 0
1 1 4 3 3
0 1 1 1 2
0 3 1 2 0
4 2 6 5 1
3 1 2 2 3
1 4 1 3 3
2 6 1 1 1
0 4 3 1 3
2 3 2 4 2
3 1 1 4 1
1 2 1 1 3
2 1 2 3 1
0 2 3 5 0
0 0 6 0 1
2 2 1 0 2
5 2 1 1 1
0 0 3 3 1
0 2 4 2 1
3 3 3 3 0
4 0 3 1 1
3 0 2 3 0
2 1 1 1 3
2 0 0 0 3
0 1 1 1 1
3 1 2 3 4
1 3 5 0 3
2 0 1 0 2
4 3 3 1 0
0 1 1 0 1
3 3 3 3 3
1 3 0 1 0
2 0 0 0 4
1 1 2 3 0
4 3 0 1 0
1 0 3 2 3
2 3 1 1 1
5 1 4 4 1
1 1 1 1 2
2 2 0 3 0
1 2 3 2 1
3 0 3 2 2
3 2 0 0 2
1 3 3 2 0
3 0 2 0 1
0 1 0 2 1
1 1 3 0 0
1 1 0 2 3
1 1 3 0 3
2 1 2 4 0
4 3 2 1 2
0 2 1 2 4
1 2 1 0 3
1 4 2 0 0
4 0 3 1 2
2 3 5 1 2
0 0 2 2 1
1 1 6 2 3
3 5 1 4 1
0 2 1 2 5
1 0 1 2 1
1 0 2 3 2
2 0 2 0 0
0 4 0 0 2
2 2 0 2 0
5 2 1 4 1
4 1 4 2 2
0 6 0 0 0
1 2 1 5 0
2 1 3 0 1
0 1 2 4 0
3 2 0 1 3
3 0 2 1 2
2 1 0 0 2
4 5 4 1 3
3 4 2 5 3
1 0 2 1 5
0 1 4 2 1
1 2 2 3 1
1 1 4 2 6
2 2 4 1 1
1 2 1 4 2
0 4 2 2 4
0 0 2 1 0
2 0 5 1 1
1 1 1 0 5
2 2 4 2 1
4 2 3 1 3
3 5 1 1 1
1 2 2 2 1
0 3 0 3 1
6 1 1 2 0
1 0 2 1 1
2 5 2 1 3
3 4 2 3 1
0 0 6 0 2
1 1 5 0 0
3 1 1 3 5
1 1 0 1 0
0 1 0 1 2
0 0 2 0 2
2 4 3 1 2
0 1 2 1 2
0 6 4 3 1
1 1 4 0 1
3 0 2 2 3
2 0 2 1 5
1 3 1 1 2
5 1 4 1 3
2 0 2 4 0
6 4 1 1 1
0 2 1 0 0
0 1 2 0 1
2 3 1 0 3
2 0 3 3 0
0 1 2 0 1
1 4 3 0 2
0 2 0 2 1
1 1 0 3 0
0 0 2 4 2
1 0 0 4 2
0 0 3 2 1
2 1 2 1 2
2 2 3 4 2
2 2 2 0 2
0 1 3 1 3
3 1 3 1 4
1 0 2 1 0
1 2 4 5 0
0 1 0 1 1
1 1 0 1 0
3 2 1 0 0
1 2 3 0 0
1 0 3 0 2
5 1 0 3 4
2 4 0 3 1
2 0 4 2 2
2 2 0 4 0
0 2 2 3 0
3 1 3 1 1
2 0 1 2 1
1 0 0 2 1
0 3 3 1 1
2 3 2 5 0
2 4 3 2 2
1 4 0 1 0
4 1 1 3 1
1 2 0 2 2
1 2 1 4 1
0 1 4 0 1
2 2 3 3 3
4 0 0 0 1
1 0 1 2 2
3 1 2 6 1
0 4 5 0 2
3 0 2 0 1
4 2 1 2 1
0 3 5 0 1
1 2 0 1 4
2 2 0 1 3
3 1 3 1 2
0 0 0 2 1
0 0 1 0 1
2 3 6 1 2
3 2 0 4 0
3 0 3 0 1
2 0 1 1 0
0 1 2 1 5
1 3 3 2 0
1 0 5 1 1
2 2 2 2 1
2 2 0 0 2
0 5 5 0 1
1 2 1 2 0
1 4 3 0 1
4 3 1 6 4
0 1 1 0 3
1 2 0 0 0
0 1 0 3 2
1 1 2 2 1
2 1 1 3 1
0 1 1 1 1
2 2 1 2 1
0 1 2 0 2
1 2 2 3 1
1 3 1 2 0
3 2 0 1 1
0 1 1 3 0
2 1 3 1 2
0 0 1 0 1
0 2 0 0 3
1 1 1 3 1
4 0 2 0 2
1 1 1 0 1
0 4 2 3 0
1 2 2 2 0
2 3 1 3 3
0 2 1 1 0
3 1 2 1 4
1 2 1 4 1
1 1 0 1 3
1 0 1 0 2
2 5 2 2 1
1 1 0 3 2
2 1 1 3 0
5 1 0 2 3
3 0 1 1 2
2 3 3 1 5
0 1 0 0 1
2 5 1 1 3
3 0 0 5 3
1 1 2 1 3
0 6 1 1 1
3 0 1 1 0
1 1 2 3 2
3 1 0 2 3
0 1 1 0 1
5 3 2 1 1
1 2 1 1 1
3 0 1 3 2
1 0 1 3 0
1 1 2 0 0
3 2 0 2 5
4 3 2 1 0
4 2 3 1 1
1 3 1 2 4
0 0 0 0 1
1 0 2 1 0
1 3 2 2 0
2 1 2 1 2
3 5 1 2 0
3 3 0 0 2
2 1 4 1 4
0 2 0 0 3
1 1 1 1 0
3 3 1 4 2
0 2 0 1 3
4 2 2 0 3
2 1 1 2 3
2 1 1 0 2
1 3 0 0 1
3 2 1 2 2
4 1 1 6 1
1 0 3 4 0
0 2 0 0 2
0 3 1 3 2
1 1 1 0 0
1 4 5 4 1
2 1 3 1 2
1 3 0 0 1
2 1 1 4 4
0 1 1 2 1
1 3 2 0 2
2 4 1 1 3
2 0 2 3 5
2 0 1 0 0
3 1 1 2 1
1 6 3 3 3
1 0 1 1 3
1 0 1 2 1
2 2 3 3 1
2 1 0 3 3
2 2 1 4 4
3 1 1 3 0
6 4 2 3 2
2 0 3 2 3
4 1 1 1 1
1 1 2 2 6
1 2 2 1 0
1 1 2 0 0
2 2 5 2 0
4 2 0 0 1
2 4 4 1 0
2 0 2 0 0
1 3 2 4 1
3 1 3 2 3
1 1 3 1 2
0 5 2 4 1
2 1 1 1 0
4 1 2 0 1
6 0 1 1 3
0 4 1 2 0
3 0 0 1 1
2 2 1 0 4
3 0 1 2 3
2 1 0 5 4
4 1 3 0 1
0 1 1 2 0
3 3 2 0 2
2 0 3 1 1
4 3 1 1 5
1 3 1 0 3
3 4 1 2 1
0 2 3 0 2
6 0 0 5 0
3 3 1 1 1
6 2 5 2 1
1 1 2 2 2
5 3 0 4 2
0 2 0 1 3
1 4 1 0 1
2 3 1 1 2
1 1 2 1 0
1 1 5 2 2
0 2 3 3 0
0 0 1 1 1
1 2 2 0 2
2 2 0 5 1
0 1 3 2 1
1 3 2 3 1
1 2 4 3 0
5 1 1 2 6
0 2 4 1 2
0 1 0 1 4
5 3 0 0 1
3 0 4 1 5
2 1 3 2 1
3 0 6 2 1
2 4 0 6 3
3 0 4 1 1
1 0 0 4 2
2 2 1 1 1
4 0 1 0 0
1 0 0 0 2
4 0 0 2 3
0 1 1 2 3
1 3 1 2 0
4 3 3 2 0
1 1 1 1 1
1 2 3 4 0
0 1 0 1 2
0 0 0 2 2
3 4 3 1 1
0 3 0 0 0
1 1 0 3 0
1 1 0 1 4
0 0 2 2 0
2 3 4 3 2
0 0 1 1 0
2 3 0 2 0
1 1 1 0 5
1 1 0 0 0
0 1 4 0 0
1 2 1 3 2
0 1 2 4 0
1 5 2 3 3
0 3 1 4 4
1 1 3 0 5
2 2 1 1 4
0 4 0 1 5
4 3 0 5 1
2 0 1 1 5
3 2 1 1 3
1 3 3 1 2
0 0 1 1 1
1 3 3 0 2
0 4 2 4 0
1 1 3 2 1
2 2 4 2 0
1 0 3 1 2
1 0 6 3 4
4 2 0 0 0
0 0 2 1 1
3 0 1 4 0
4 1 1 0 3
1 1 1 1 2
1 1 4 1 1
0 1 0 1 1
1 3 1 1 0
0 0 0 5 1
2 5 1 3 1
0 0 5 0 2
2 4 0 1 2
0 3 1 1 1
1 1 1 1 0
0 2 3 0 3
3 0 0 1 1
2 3 4 1 0
1 1 0 1 3
0 2 0 4 6
3 3 2 3 3
3 0 0 3 1
0 2 3 1 1
0 2 0 4 2
1 2 1 1 1
1 0 2 2 3
3 3 1 3 1
1 1 2 0 1
3 2 2 3 1
1 1 2 1 4
2 1 2 1 3
6 0 6 0 1
1 4 1 0 0
0 4 1 1 1
4 1 2 2 0
4 5 1 0 1
1 1 1 1 3
3 2 0 0 5
3 2 1 5 2
1 4 1 2 0
2 0 3 0 6
1 1 2 0 3
3 5 2 3 2
3 2 1 0 0
0 1 4 2 3
0 1 4 2 2
1 3 2 0 1
2 3 0 1 1
2 0 1 2 1
3 1 2 1 6
2 0 0 2 0
4 1 3 3 2
0 3 4 1 1
1 1 1 2 2
2 3 4 1 2
1 3 3 1 1
2 1 1 3 0
0 3 0 2 1
0 1 0 1 3
1 0 6 2 1
1 1 0 0 1
1 3 1 1 0
2 0 0 0 1
1 3 0 3 1
5 1 3 6 1
1 1 1 0 4
1 1 2 4 0
2 3 0 1 4
1 1 1 1 0
4 3 0 0 4
5 0 3 0 3
2 2 0 5 2
2 1 4 2 3
1 1 1 2 0
6 3 1 1 1
1 0 2 0 0
3 1 0 3 1
0 2 2 0 0
3 3 2 4 2
1 3 0 4 1
2 0 3 0 1
0 0 1 3 2
1 2 1 0 1
1 5 1 0 2
1 1 3 3 4
5 2 1 2 3
3 1 1 2 3
5 0 5 1 0
3 0 4 0 3
1 2 2 2 0
2 1 0 1 3
1 0 0 2 2
0 2 1 0 3
6 2 3 1 2
0 1 0 0 2
3 1 1 1 1
0 1 0 0 0
0 1 1 3 2
0 2 3 0 0
6 0 1 0 3
0 2 1 3 1
1 1 3 0 0
4 6 3 3 0
3 4 2 2 4
1 1 5 2 3
2 2 0 1 2
1 1 2 1 2
0 0 2 3 2
2 3 2 2 1
2 3 2 0 3
1 3 1 1 2
1 2 0 1 0
4 3 1 0 5
0 0 1 3 0
1 2 1 0 1
2 2 0 1 3
3 1 0 1 2
0 6 0 1 1
0 1 2 3 3
1 5 2 0 1
1 1 4 2 6
2 0 0 1 0
2 2 2 0 3
0 0 0 3 2
2 2 2 0 3
1 3 4 1 0
0 1 1 4 1
2 1 0 1 0
0 3 6 0 2
1 3 1 1 4
1 1 4 1 4
1 1 1 1 2
3 3 1 1 5
0 2 3 2 0
1 1 0 2 1
0 0 3 4 1
1 4 1 1 3
2 0 2 2 4
1 4 2 2 0
0 0 1 1 1
1 0 1 1 2
2 2 5 2 1
0 0 2 0 3
3 1 1 3 2
2 0 2 1 1
0 2 3 0 1
3 1 3 1 2
1 3 2 2 3
4 3 2 0 1
0 0 2 1 2
1 1 2 1 1
1 2 2 1 0
0 1 1 5 2
1 0 1 3 3
0 5 1 1 0
1 2 2 1 1
3 2 4 1 4
4 3 6 2 2
4 2 1 1 3
0 1 0 3 2
3 0 4 0 0
0 3 0 2 0
2 0 1 3 1
1 0 0 0 3
2 0 1 2 2
4 2 4 1 0
1 2 3 0 0
0 2 2 1 1
0 6 3 5 2
0 0 1 0 2
6 1 1 3 0
0 2 0 0 3
0 2 2 0 2
0 0 2 1 1
3 5 3 0 1
0 0 0 4 1
2 0 2 1 1
3 3 0 2 2
3 1 5 2 1
1 4 3 1 5
4 2 1 1 3
3 1 5 1 0
2 1 1 2 0
0 2 3 2 0
0 2 2 2 2
2 4 1 2 2
1 2 0 0 0
0 1 4 2 3
2 0 2 2 1
2 0 1 1 0
0 0 0 3 3
2 4 1 3 5
1 1 2 2 5
3 1 0 0 0
2 0 2 6 2
1 1 1 1 0
4 3 0 1 1
1 0 1 1 1
1 2 3 1 0
0 0 4 1 1
1 3 3 1 0
3 2 2 0 2
0 0 0 1 1
2 2 3 0 3
3 3 0 2 3
0 3 1 3 2
0 0 1 0 1
1 1 0 1 1
0 4 0 4 1
0 0 3 0 1
0 1 3 2 1
1 1 1 2 1
0 0 2 3 2
0 0 3 0 0
2 2 1 4 1
1 0 0 1 2
6 1 0 2 0
1 0 0 0 1
2 1 3 0 1
1 0 3 2 4
0 6 0 0 2
1 1 5 1 1
1 3 6 2 0
2 3 1 2 2
1 0 1 0 3
3 2 0 1 2
2 1 1 2 3
2 1 2 1 3
2 1 1 4 4
1 2 2 0 4
3 0 1 0 3
2 1 0 1 1
4 1 1 0 2
1 5 2 3 0
4 1 2 3 0
0 2 4 6 0
3 0 2 2 2
0 1 4 5 3
0 0 1 1 2
1 2 5 5 3
2 2 1 1 2
5 2 0 1 2
3 1 0 4 3
0 2 1 3 1
2 1 2 3 1
2 2 1 0 1
0 2 2 3 1
2 2 2 4 2
1 1 2 1 3
3 3 3 5 2
1 1 2 0 1
2 3 2 1 3
0 0 2 4 4
1 2 1 0 1
2 3 4 2 1
0 3 0 3 0
0 2 0 1 2
5 3 3 3 3
1 0 1 1 1
1 6 1 3 2
0 1 0 0 0
0 3 0 3 3
0 2 1 2 1
1 2 5 2 2
1 0 2 3 0
1 2 1 0 1
2 0 2 2 3
1 3 0 4 3
2 1 0 2 1
1 2 0 2 0
1 2 4 2 1
1 0 2 1 0
1 2 1 0 2
1 0 2 3 3
0 1 1 2 0
1 1 2 3 0
3 1 0 0 1
1 1 0 2 2
5 1 1 3 2
1 3 1 2 4
2 0 4 1 1
0 4 2 2 3
2 2 2 3 1
0 3 2 2 0
0 1 1 0 0
3 0 0 0 2
2 2 1 1 3
0 2 4 3 2
0 1 2 0 2
3 4 0 2 2
3 1 2 3 1
0 0 1 5 1
4 2 0 0 2
0 1 4 2 1
0 4 1 2 4
2 2 3 2 1
0 2 0 3 1
4 2 1 2 3
4 0 3 3 1
1 3 0 1 0
1 0 0 3 1
1 2 2 0 3
1 6 0 2 1
0 1 1 0 2
4 0 2 1 3
2 3 2 0 2
2 0 2 0 2
2 4 3 1 1
1 3 2 0 2
1 1 1 0 1
1 2 1 0 2
0 0 1 1 5
0 1 4 2 1
0 1 3 1 2
2 2 1 1 4
3 5 0 1 1
3 5 1 1 6
1 1 0 0 2
0 1 1 1 3
5 3 2 1 3
0 4 2 0 0
0 2 3 3 3
1 2 2 0 2
0 1 1 2 3
2 0 0 1 1
2 0 3 2 1
3 3 0 0 0
2 2 5 0 1
2 0 0 1 0
0 3 4 1 1
2 0 1 3 2
0 0 3 2 1
5 2 3 4 2
2 3 0 1 1
1 3 1 1 1
3 1 3 5 2
0 3 0 3 3
0 1 4 2 1
1 2 1 0 0
1 2 3 0 0
1 3 1 2 2
0 4 0 1 0
1 4 0 2 2
1 0 0 5 2
4 2 0 1 1
3 0 4 3 0
1 0 4 1 0
2 6 1 0 1
2 0 4 0 3
0 1 3 1 3
1 0 0 1 1
0 1 0 1 2
1 1 0 4 0
1 2 1 1 1
2 3 1 1 1
1 1 1 3 1
0 1 3 3 3
4 1 2 0 3
3 2 0 0 4
4 1 5 1 0
3 2 2 1 2
4 0 0 2 0
1 2 2 2 1
2 1 0 0 0
0 3 1 3 1
4 0 0 0 1
2 1 3 3 2
1 4 2 0 0
2 1 1 1 3
1 1 0 0 4
1 1 1 1 1
1 0 2 2 0
3 0 2 1 2
3 5 1 4 1
3 1 0 1 4
0 3 1 3 4
4 1 2 2 1
0 2 4 1 4
1 2 1 1 0
4 0 4 4 1
0 0 2 1 1
2 2 1 1 2
3 3 0 3 0
1 4 1 1 0
1 1 4 3 1
1 2 2 3 2
1 1 4 4 2
2 3 4 2 1
2 2 2 0 1
1 2 6 2 1
1 0 0 0 0
1 1 3 1 1
2 2 0 2 1
1 2 2 4 2
0 3 2 2 0
1 4 0 1 3
1 1 2 3 2
0 2 2 1 1
0 2 2 0 1
0 1 1 5 1
1 1 1 0 1
2 1 1 1 3
3 1 0 4 1
1 0 0 0 1
1 3 3 2 2
2 1 5 0 1
6 2 3 2 0
1 2 2 1 4
2 1 2 3 3
0 1 2 2 3
3 3 1 0 1
2 1 0 0 3
2 4 1 0 3
1 0 1 5 0
1 1 2 3 3
5 2 3 0 0
4 0 3 3 0
0 1 5 2 1
4 1 1 4 1
3 3 5 2 1
3 1 1 3 2
2 1 1 3 1
2 2 3 2 2
2 1 0 0 3
4 0 0 2 4
2 0 2 3 0
2 1 2 4 2
1 1 0 0 0
0 1 1 1 4
1 0 2 1 0
3 3 2 0 0
4 1 1 1 0
2 0 0 2 1
1 2 0 3 1
3 1 3 3 4
4 1 0 1 1
1 1 2 0 1
2 0 1 1 1
2 1 3 1 3
0 5 3 2 1
2 6 3 1 0
2 0 0 1 3
1 5 1 1 2
1 1 2 3 1
1 0 0 2 6
1 1 1 1 1
3 2 0 1 2
1 2 2 2 6
1 0 4 1 0
0 3 1 4 2
1 2 2 0 3
6 1 0 0 0
2 2 2 0 6
3 2 2 3 4
1 3 2 4 1
1 2 2 5 2
2 3 1 2 0
2 2 1 2 1
0 0 0 4 1
1 1 2 2 0
0 1 0 1 4
3 3 1 1 4
1 3 1 0 2
2 1 3 2 2
3 2 2 4 1
0 1 0 1 2
1 3 3 6 0
1 2 1 3 0
0 1 3 0 0
2 3 3 2 1
1 1 0 1 4
3 3 3 3 0
3 1 3 1 2
2 2 0 1 0
1 2 2 0 2
1 2 3 3 0
1 5 2 1 1
4 3 2 1 2
3 3 0 2 0
3 0 1 3 1
4 2 0 3 1
2 2 3 1 3
1 1 5 1 1
3 0 0 1 3
0 1 3 1 1
3 1 1 3 0
1 0 0 0 1
0 3 3 1 2
0 0 3 1 2
1 5 2 0 0
0 1 0 4 1
3 3 3 1 4
3 0 1 0 2
4 0 0 4 0
1 2 3 1 5
1 1 2 2 3
1 0 2 2 1
1 1 0 4 3
5 1 1 1 0
4 1 4 2 3
1 1 0 3 3
2 3 2 3 1
3 2 0 2 1
2 4 3 2 0
4 0 0 0 0
2 4 2 1 2
0 0 4 0 1
2 4 1 0 0
3 1 2 1 2
0 0 1 1 0
0 0 3 4 0
0 0 0 0 4
2 0 1 2 6
2 1 3 3 3
0 1 0 0 2
3 0 3 1 1
4 4 3 1 0
0 1 0 2 1
1 3 4 2 3
2 2 1 2 1
2 3 1 2 0
1 5 1 1 3
1 0 4 1 1
1 3 1 0 1
1 0 1 0 1
1 1 4 3 0
2 0 1 0 0
2 4 3 5 3
1 1 2 3 0
1 2 1 1 1
0 1 2 1 0
2 3 3 2 2
1 1 2 1 0
2 0 1 1 2
1 1 1 4 0
0 2 1 2 2
1 2 4 2 5
1 1 2 1 0
3 2 1 1 3
0 3 0 2 1
1 3 0 2 0
2 1 1 1 3
1 5 1 1 3
2 0 0 3 2
1 2 5 1 1
2 4 1 1 0
1 3 0 0 3
3 6 2 1 1
1 2 1 1 2
1 2 4 3 1
2 4 3 0 2
0 2 1 2 0
0 0 0 2 3
1 1 0 2 2
0 3 1 1 2
2 0 1 0 1
1 1 1 3 1
3 3 1 0 3
0 0 3 3 0
0 2 5 1 1
1 4 4 2 1
2 4 0 2 2
1 0 2 3 1
3 1 4 3 3
0 1 0 6 2
3 1 1 0 3
1 2 3 2 2
3 2 1 1 6
3 2 0 4 0
4 6 3 2 0
3 1 0 0 2
0 4 1 4 0
0 0 1 2 1
0 0 1 1 1
2 2 2 2 0
2 0 0 3 2
2 0 3 2 2
1 1 0 1 0
2 4 0 1 0
1 3 0 6 1
1 3 1 3 4
2 0 0 0 2
1 2 2 3 0
3 4 0 0 2
4 4 3 2 3
0 4 1 0 4
0 3 1 1 1
1 2 2 3 0
2 1 3 2 5
4 3 0 0 2
1 0 1 4 2
2 1 1 0 4
0 2 1 2 4
1 2 1 4 1
0 0 2 3 0
5 1 1 0 0
4 2 1 0 0
0 1 5 3 2
1 1 3 1 2
5 2 0 1 2
2 1 0 5 2
1 2 0 0 0
2 3 0 1 4
2 0 0 2 3
0 0 2 0 1
3 2 1 4 2
1 1 2 0 1
1 2 1 2 0
1 3 0 0 0
0 0 1 0 0
0 5 2 2 2
1 1 1 2 2
3 1 2 1 3
2 0 1 3 0
0 6 4 0 2
0 1 3 0 1
0 2 1 2 2
3 1 0 1 0
1 2 0 6 4
3 4 0 2 1
2 4 1 0 0
0 0 4 1 2
0 0 0 3 3
5 1 0 1 1
2 4 1 0 1
1 0 0 1 2
2 1 2 1 4
1 2 1 1 1
2 2 3 3 2
4 1 0 0 3
1 2 1 2 1
4 3 1 1 0
2 0 3 2 0
0 2 1 2 2
1 4 2 0 3
0 2 1 1 1
1 1 1 5 5
2 1 1 0 6
3 0 5 0 1
0 1 4 1 0
2 2 0 1 3
1 4 0 4 5
0 2 4 3 3
0 2 3 3 3
0 0 1 1 2
3 1 2 0 2
1 0 0 0 0
3 0 0 1 1
2 0 3 1 1
1 2 1 3 3
5 1 2 1 0
1 1 3 0 2
3 0 1 3 2
0 0 0 0 2
5 2 2 2 3
1 1 0 3 0
0 4 1 5 1
1 1 3 0 2
0 0 0 1 1
0 0 0 0 1
3 3 6 1 0
1 3 0 1 3
1 1 0 4 0
3 1 0 1 2
1 0 0 0 1
2 0 3 0 2
2 3 3 2 3
2 3 4 1 0
2 0 1 5 0
5 1 3 1 2
4 1 4 2 2
1 1 0 2 2
2 1 0 2 0
0 3 3 2 1
1 2 3 3 0
2 0 0 0 1
1 1 1 2 0
2 2 4 0 3
1 1 2 1 2
0 1 1 0 2
1 3 1 3 2
3 2 0 3 2
0 0 1 0 1
2 0 3 0 4
3 0 2 2 0
1 3 2 1 1
0 0 3 3 2
3 1 0 2 1
3 1 4 2 3
2 1 3 0 3
2 1 3 1 2
1 2 1 0 2
1 1 5 0 3
2 1 0 2 0
1 0 0 1 1
1 4 1 1 4
1 0 4 4 4
1 3 0 1 0
2 0 0 0 2
1 1 0 0 2
1 6 4 4 1
0 3 3 1 5
3 0 3 0 0
2 0 3 2 0
2 1 0 0 0
2 0 3 3 1
3 0 0 1 3
3 0 2 2 2
2 1 2 1 0
5 0 1 3 2
3 0 2 1 3
1 2 0 2 1
2 1 2 1 0
0 3 1 0 3
1 2 1 0 0
0 2 1 0 5
2 2 1 0 2
2 5 5 1 0
2 3 0 2 0
1 1 0 0 0
2 0 0 3 1
1 2 4 2 6
3 0 3 0 0
0 5 3 3 2
2 1 2 1 5
4 1 3 3 2
2 4 2 1 0
2 1 3 0 1
3 2 0 5 4
2 1 2 1 0
4 5 1 1 3
1 2 2 2 2
3 0 0 3 1
1 2 0 0 1
2 2 1 0 1
2 4 2 2 2
1 2 4 2 3
5 6 4 2 3
3 1 0 1 2
2 0 1 3 1
2 0 1 1 0
1 2 3 2 0
1 2 0 1 5
1 0 0 3 1
0 1 3 1 2
2 2 0 3 1
1 0 2 1 3
3 2 0 1 2
1 2 0 3 3
1 2 2 2 1
5 2 5 3 1
1 6 1 0 1
2 3 1 1 1
0 0 0 1 1
2 3 3 1 2
2 2 1 1 1
1 4 2 2 1
1 2 2 0 2
2 3 1 2 3
2 1 1 1 0
1 1 4 1 0
6 4 1 3 2
4 1 0 0 3
1 6 0 0 1
2 3 5 1 1
0 1 1 1 3
1 4 3 2 0
1 1 0 3 4
2 2 1 1 1
2 3 1 1 4
2 0 2 0 1
0 2 0 2 2
4 1 1 0 1
2 4 0 5 0
4 4 0 0 2
3 3 2 2 1
3 1 1 0 0
3 1 1 1 3
2 0 2 0 1
3 3 2 1 0
0 0 2 1 2
3 0 2 2 1
1 2 1 2 3
1 1 2 2 3
0 3 0 1 0
4 2 2 3 1
0 5 1 0 4
3 2 1 0 2
0 0 1 1 3
1 2 1 0 2
4 2 0 1 5
2 2 3 2 2
0 0 1 3 4
1 4 3 4 1
2 3 0 2 3
0 1 1 4 3
1 2 1 2 1
1 0 2 2 3
1 1 2 1 1
2 0 1 1 4
2 0 2 0 1
0 0 1 2 1
2 1 1 2 0
2 2 2 0 3
5 1 3 0 2
4 2 0 1 1
2 1 5 1 1
1 3 2 1 0
0 0 2 0 4
1 0 1 0 0
0 4 2 0 5
0 1 1 0 0
1 3 2 2 4
3 0 3 1 1
4 4 2 2 5
1 0 2 0 0
2 1 2 0 2
2 4 2 0 1
2 3 5 0 3
5 0 1 1 1
1 1 1 1 0
2 2 2 0 1
0 3 0 2 1
1 1 1 1 3
1 0 0 3 2
3 2 1 1 1
2 1 1 1 6
1 1 3 1 2
1 3 3 0 1
3 2 0 5 5
1 0 2 1 2
2 2 0 4 1
1 1 5 2 1
4 1 2 5 2
2 1 2 2 0
1 3 0 2 1
2 1 1 4 3
0 3 0 6 2
3 3 1 3 3
2 6 1 6 1
0 3 2 2 1
2 0 1 1 5
6 1 3 3 3
0 2 2 2 2
3 1 0 1 2
6 2 1 3 3
1 5 2 0 1
4 2 3 2 1
3 1 3 1 1
3 1 2 2 0
4 4 0 2 3
1 3 1 0 0
0 0 1 0 1
1 4 3 1 0
1 1 3 1 2
0 1 2 0 0
2 3 1 2 2
0 0 2 2 0
3 2 0 1 3
2 4 1 2 1
3 0 3 4 2
1 4 1 1 0
1 0 0 2 2
0 1 2 3 1
4 1 0 1 4
1 1 4 0 3
1 3 0 0 3
0 0 1 1 3
2 2 2 5 1
4 0 0 3 2
3 4 1 0 2
0 3 1 2 1
3 1 0 1 2
1 1 2 1 2
0 1 1 0 0
0 0 2 5 0
3 1 3 1 2
1 2 0 0 0
2 0 2 0 1
1 1 0 0 0
1 1 3 2 0
3 2 2 1 1
1 1 3 0 5
0 1 2 1 1
0 0 3 4 3
3 3 0 1 0
1 3 3 3 1
0 1 0 1 0
0 0 2 0 0
1 1 2 6 0
1 5 0 1 1
6 0 1 0 0
0 0 1 2 1
3 0 4 1 0
0 4 1 0 0
3 0 0 2 2
1 3 2 0 1
1 0 2 1 1
1 1 0 1 0
2 0 5 4 2
1 1 0 2 3
1 0 0 0 2
3 1 3 4 0
0 4 4 1 0
1 1 4 0 1
2 0 0 1 2
3 1 2 1 0
0 3 2 0 3
2 1 5 3 2
1 0 2 0 1
1 0 2 3 2
4 1 1 1 2
0 4 1 5 0
0 2 2 1 2
2 1 2 2 1
6 3 6 1 2
1 0 1 2 3
1 2 6 1 1
5 0 1 0 1
1 0 1 3 0
0 4 1 2 4
