14 4 10
233 1106 1221
745 1156
414
624 949 1898 2350
631 1122 2123 2634
626 1107 2112 2747
726 992 2208 2577
691 974 2068 2749
622 947 1895 2753
729 961 1847 2811
619 1019 1889 2610
693 1032 2151 2534
661 974 2179 2606
718 968 2202 2388
674 936 2216 2787
672 1034 2097 2723
625 1128 2077 2447
8 10 9 10
6 7 6 10
5 6 7 8
9 5 8 8
6 8 7 10
7 5 5 5
6 10 9 10
5 7 7 6
5 8 6 7
6 9 6 9
9 7 9 6
7 7 7 7
10 7 9 9
6 10 10 8
7 13 0 0
56 29 51 31
29 28 39 20
30 16 36 33
26 28 33 37
52 37 38 45
30 18 24 40
51 62 30 37
12 17 23 45
30 53 36 29
29 32 16 30
39 15 35 32
55 26 39 37
32 26 42 36
35 42 21 47
