14 4 10
233 1036 1449
807 1119
498
658 933 1808 2475
565 934 1726 2276
565 927 1626 2414
560 1023 1923 2229
596 1062 1951 2510
592 1030 1693 2297
568 1060 1674 2174
594 947 1785 2390
594 1113 1951 2182
642 965 1755 2506
569 1015 1742 2098
663 1112 1622 2400
590 1061 1899 2416
566 1078 1829 2256
6 10 8 9
9 8 7 5
6 6 7 6
6 9 6 8
5 6 8 6
9 8 9 10
8 9 5 8
6 8 6 8
5 9 9 10
6 9 5 6
9 7 9 9
9 6 8 8
5 9 9 5
8 7 5 9
8 6 0 4
53 12 30 38
31 23 46 14
12 14 28 34
38 55 33 30
19 42 19 33
19 34 28 7
52 34 17 30
37 28 35 19
27 36 33 11
43 50 23 30
30 13 24 20
21 24 50 19
49 25 35 22
26 24 29 13
