14 4 10
372 786 1132
449 842
500
524 979 1485 2033
616 1127 1677 1975
624 1050 1742 2048
555 1013 1618 2136
584 1008 1442 2224
535 1063 1734 2147
628 1091 1595 2002
574 939 1484 2015
625 1042 1593 2288
543 938 1549 2289
618 998 1702 2069
519 991 1510 2276
564 1131 1450 2105
561 978 1630 1953
8 7 7 9
7 10 5 8
7 5 5 7
7 7 5 5
6 8 8 6
9 10 5 10
5 7 10 7
10 7 9 9
9 10 10 8
9 8 9 6
7 9 8 7
8 10 6 7
8 7 10 9
10 10 8 5
9 1 0 5
47 27 36 27
29 40 35 36
24 25 18 37
26 48 16 37
24 27 22 19
22 40 46 39
21 17 32 41
27 43 38 57
30 26 50 57
53 20 57 21
23 17 29 58
14 19 22 17
45 43 14 27
13 23 32 36
