14 4 10
550 1072 1722
805 990
434
766 1383 2235 2702
767 1353 2348 2757
726 1250 2124 3262
861 1331 2128 3053
745 1372 2106 3228
745 1200 2287 2799
723 1267 2195 2826
725 1396 2111 3080
736 1241 2010 3020
731 1249 2045 2991
819 1416 1970 2891
841 1329 2259 2996
854 1281 2387 2736
743 1220 2199 3031
7 5 5 5
9 7 5 9
9 8 6 9
8 7 7 7
9 5 5 8
8 10 10 5
10 8 10 6
9 8 10 6
7 6 7 10
9 9 6 7
6 5 6 6
7 6 10 9
5 8 7 8
5 6 6 6
10 2 6 2
35 34 32 23
20 17 33 48
30 27 25 22
34 25 17 59
20 32 40 21
45 48 26 27
23 48 54 40
21 41 42 41
35 47 39 38
31 44 41 18
30 23 16 40
24 33 28 26
16 58 42 16
29 44 50 31
