14 4 10
482 1150 1800
750 1330
573
665 1198 2093 2897
634 1190 2108 2721
693 1216 2249 2933
648 1239 2269 2994
647 1346 1966 2943
690 1246 2131 2853
654 1168 2045 2606
658 1320 2041 3041
754 1291 2110 2626
747 1123 2206 2699
698 1295 1973 2810
747 1277 2294 2978
658 1153 2259 2648
701 1345 1932 2637
8 5 7 6
5 6 7 9
10 6 10 8
7 7 5 6
6 10 9 7
6 9 9 10
8 5 6 6
9 6 9 9
9 9 9 6
5 6 9 9
7 7 9 7
6 9 10 5
7 10 5 7
10 8 7 7
0 0 5 3
20 38 23 32
41 26 20 30
52 22 46 38
26 16 38 47
12 32 20 25
42 38 32 23
26 10 28 29
23 41 25 27
30 14 16 29
30 35 37 35
28 42 37 31
29 47 17 32
57 19 26 28
35 20 17 29
