14 4 10
556 1504 1770
871 1189
556
985 1654 2703 3342
998 1652 2776 3411
969 1974 2912 3473
971 1735 2772 3311
1009 1683 3109 3554
911 1727 2949 3796
1042 1679 2816 3370
995 1980 2788 3203
999 1842 2870 3513
897 1839 2881 3278
1040 1948 2646 3329
973 1926 3157 3332
966 1642 2768 3211
1070 1986 2703 3498
9 8 8 9
8 6 9 6
6 9 9 7
8 9 6 7
7 10 7 10
9 8 7 10
6 7 9 5
9 9 6 5
10 9 7 5
7 10 8 7
5 7 9 7
9 5 9 10
8 6 10 9
10 9 6 10
4 5 7 3
37 17 29 6
31 52 18 23
41 37 48 37
22 12 33 18
25 15 32 15
32 42 30 28
33 27 26 21
26 27 17 56
23 33 54 30
24 45 17 23
33 18 26 23
23 50 20 35
23 20 37 24
22 28 25 41
