14 4 10
454 962 1814
629 1279
545
721 1217 2012 2665
691 1400 2008 2737
664 1416 1872 2681
753 1417 2062 2536
769 1217 2150 2836
777 1378 2133 2654
773 1252 2229 2483
777 1245 1898 2451
784 1378 2185 2624
702 1371 2044 2587
769 1286 1894 2425
726 1295 1837 2349
662 1219 2167 2721
783 1437 1893 2620
8 8 10 6
9 9 10 5
5 5 7 6
8 6 7 5
7 9 7 5
5 8 9 10
6 6 7 6
5 6 6 5
9 8 7 8
9 6 6 10
8 6 8 5
9 6 8 7
9 8 10 7
7 10 9 8
9 5 3 1
47 23 15 9
21 23 20 29
37 36 31 35
24 37 17 14
23 30 10 8
17 26 23 49
45 20 38 21
52 23 18 15
61 12 69 32
12 42 27 26
18 57 18 32
46 24 39 41
39 25 38 27
41 37 29 22
