14 4 10
282 1341 2480
1041 1943
859
816 1214 2494 3439
854 1340 2356 2923
884 1145 2463 3316
778 1378 2274 3299
893 1210 2479 3017
850 1196 2325 3155
816 1310 2627 3487
872 1385 2523 3459
802 1329 2564 3285
779 1245 2560 3413
873 1295 2224 2923
848 1222 2253 2912
736 1270 2592 3257
868 1304 2593 2938
8 8 9 6
7 9 6 9
8 8 6 6
5 9 7 5
5 10 6 5
7 6 6 8
8 6 5 5
10 8 8 10
5 5 10 7
6 7 7 6
10 5 7 5
6 5 10 7
10 6 10 7
10 10 7 8
0 4 6 4
37 22 17 41
25 24 62 23
14 50 24 50
30 22 25 22
23 49 30 60
21 18 13 59
30 28 53 27
29 24 27 50
43 43 38 17
54 40 23 42
23 15 29 23
38 22 16 27
47 33 65 19
33 12 24 31
