14 4 10
364 1198 2652
780 1936
1127
1040 1547 2505 3893
970 1655 2553 3367
995 1728 2519 3973
984 1646 2951 3952
890 1656 2745 3545
908 1548 2531 3307
996 1677 2655 3388
1023 1743 2925 3295
961 1732 2858 3611
896 1572 2651 3730
905 1538 2613 3595
1008 1640 2454 3337
996 1660 2924 3375
1026 1701 2602 3407
9 8 9 8
10 7 6 7
7 5 7 5
10 10 7 9
6 6 7 6
5 9 5 5
5 8 9 10
7 6 9 9
5 7 7 5
7 10 8 9
10 7 9 7
9 5 7 9
10 9 10 10
10 5 5 10
2 4 1 3
25 40 25 25
26 26 43 16
46 14 20 65
10 29 32 27
28 25 11 37
22 54 36 19
24 26 23 32
39 21 31 15
32 46 17 17
17 47 25 25
30 45 29 14
17 32 40 37
25 27 24 34
30 14 35 39
