14 4 10
363 929 1135
500 826
451
638 1141 1693 2233
635 1185 1693 2451
562 1146 1650 2629
572 1234 1478 2508
568 1104 1468 2264
650 1074 1504 2534
578 1192 1701 2414
646 1045 1590 2599
629 1034 1518 2461
564 1138 1658 2392
656 1194 1533 2347
619 1130 1480 2566
669 1071 1522 2396
678 1151 1439 2291
10 7 10 10
9 7 8 5
7 10 10 6
10 6 9 8
8 10 10 7
8 6 5 7
9 8 7 10
7 10 5 7
10 10 10 10
9 7 8 5
8 10 9 10
8 9 8 9
7 7 8 10
7 7 6 5
3 1 4 5
53 18 26 39
28 26 41 28
25 19 9 31
13 22 22 21
35 39 17 45
17 39 28 16
46 16 25 35
43 31 21 50
16 16 41 35
23 34 21 30
24 28 39 49
41 36 27 23
30 19 20 41
47 38 23 35
