14 4 10
335 687 1040
396 788
385
544 935 1399 1935
498 1026 1304 2104
536 1083 1371 2015
565 982 1482 1781
475 986 1360 2053
530 992 1306 1848
530 1067 1488 1775
487 1095 1320 1822
566 1093 1225 1950
555 1061 1315 1883
530 962 1366 2048
477 932 1345 1926
469 947 1263 1908
468 1044 1411 2105
10 7 9 7
5 5 8 9
5 6 9 8
5 9 10 6
6 9 10 8
8 8 8 5
5 7 5 8
7 6 5 10
8 5 5 9
8 10 6 6
6 5 6 7
5 10 6 6
10 9 5 9
5 5 10 6
2 7 0 3
30 44 49 18
15 23 22 16
9 39 34 15
39 19 62 23
36 34 53 51
29 23 26 30
39 31 44 31
29 41 32 18
50 31 32 39
31 23 44 30
18 44 26 14
31 47 12 46
31 41 36 28
19 25 18 36
