14 5 15
415 924 1338 2939
654 1048 2364
553 1598
1129
715 1224 1987 2595 3859
786 1108 1850 2964 3651
778 1204 1875 2746 3609
720 1246 2150 3001 4204
771 1101 2036 2887 3976
851 1188 2149 2945 3845
811 1303 2048 2764 3810
734 1170 2017 2962 3685
779 1207 1925 2917 4127
760 1111 2171 2774 3622
805 1100 1853 3096 3869
734 1154 1893 2631 3959
861 1183 2028 2884 3877
765 1254 1904 3055 3747
40 50 26 27 41
45 50 32 25 50
49 36 33 27 38
34 27 27 41 29
43 38 40 43 38
34 41 49 27 36
42 47 48 26 49
34 28 50 26 35
30 32 46 29 32
34 31 31 44 39
44 30 32 40 26
30 32 39 42 44
25 28 50 41 47
37 42 47 33 28
5 24 53 1 19
18 9 23 6 11
10 13 11 13 22
11 16 14 12 24
14 11 20 14 23
13 8 8 10 17
14 24 17 13 21
25 12 8 19 11
10 17 12 14 19
17 11 12 23 14
8 9 10 16 19
19 16 17 19 16
14 20 24 20 12
16 11 18 6 9
21 10 14 20 16
