14 5 15
430 778 1278 1995
304 978 1213
714 902
369
563 1111 1488 2327 2772
554 1107 1690 2390 2886
552 1192 1483 2156 2792
630 1144 1800 2286 3059
631 1153 1551 2346 2595
601 1136 1499 2292 2640
602 1200 1495 2177 2681
579 1142 1666 2390 3078
624 1010 1507 2237 2941
628 1114 1676 2362 2786
550 1169 1539 2239 3115
537 1028 1587 2181 2810
535 1053 1507 2360 3031
529 1004 1540 2137 3137
31 28 40 28 32
50 28 31 39 45
25 28 34 31 40
41 30 42 30 37
44 47 28 26 33
35 50 45 50 37
36 32 46 46 26
50 26 42 41 31
40 42 46 42 35
39 35 42 31 29
43 48 27 29 36
30 31 34 43 37
25 29 25 28 44
47 41 50 50 31
32 17 4 12 21
28 19 8 11 16
6 16 9 18 23
13 14 8 20 21
11 23 12 24 9
20 9 17 10 18
14 13 32 10 17
6 14 14 11 9
17 16 10 28 16
19 16 20 17 24
8 16 13 16 5
11 27 17 18 18
17 10 19 21 25
17 12 20 23 9
16 15 10 28 9
