14 5 15
330 704 1358 1813
378 874 1623
503 1214
566
722 1112 1579 2206 3007
703 1171 1656 2419 3379
616 1124 1721 2133 3347
724 1094 1571 2215 3366
682 1124 1909 2406 2835
701 983 1913 2134 3158
657 1043 1788 2492 3226
640 1045 1798 2171 2956
599 1029 1637 2586 3161
678 1012 1639 2520 3319
712 1080 1597 2136 2856
729 1046 1721 2242 2854
701 977 1697 2529 3268
682 1160 1826 2479 2950
40 33 35 30 35
25 27 34 45 40
49 25 33 29 42
33 29 30 49 48
39 39 31 34 32
26 44 30 48 38
34 28 43 49 32
48 27 38 50 33
28 47 39 50 40
49 31 44 45 31
41 25 28 29 34
28 31 29 48 39
36 33 31 29 31
37 41 42 37 29
28 29 37 24 18
21 18 17 8 17
20 18 11 15 14
12 23 18 20 12
8 20 13 16 11
17 11 17 10 18
7 15 15 13 14
7 14 21 6 14
8 28 17 16 11
9 24 15 24 14
14 26 22 15 11
13 7 10 15 17
7 13 16 18 19
16 14 20 32 13
15 6 10 18 7
