14 5 15
378 1013 1626 2280
689 1481 1874
658 1240
295
744 1176 1939 2859 3257
723 1166 1967 3034 3101
655 1267 1991 2538 3149
683 1275 2053 2741 3218
682 1260 2112 2555 3598
731 1115 1913 2642 3367
779 1156 2110 2759 3144
724 1291 1897 2615 3107
755 1310 2168 2516 3374
657 1314 1808 2895 3262
687 1318 2085 2825 3367
734 1278 2200 2743 2967
712 1281 2193 2994 3016
774 1208 1930 2847 3115
44 34 39 36 38
35 41 41 37 37
43 37 40 26 41
37 30 36 50 31
36 40 42 37 34
43 36 32 38 32
49 29 38 25 43
40 38 32 28 29
43 40 47 34 29
46 35 42 27 34
35 40 33 29 45
43 42 41 32 40
27 46 25 29 25
47 27 30 29 47
0 7 0 10 10
16 14 11 21 15
10 18 5 20 14
15 6 17 22 12
9 15 11 13 5
13 23 17 17 16
19 19 8 19 20
20 13 13 13 12
12 20 12 9 17
17 10 22 16 7
9 16 19 9 13
7 12 13 9 12
8 19 10 9 8
19 13 18 21 14
8 6 13 21 15
