14 5 15
344 1061 1538 2562
689 1192 2063
648 1310
551
655 1118 1912 2688 3358
659 1137 2039 2747 3275
723 1235 2087 2822 3398
763 1155 1984 2480 3588
727 1240 1950 2637 3164
686 1276 2255 2789 3236
642 1181 2190 2448 3619
713 1308 2189 2706 3232
770 1119 1848 2675 3711
663 1159 2198 2880 3629
695 1097 2146 2474 3663
697 1204 1953 2572 3306
737 1073 2077 2534 3161
685 1081 2007 2542 3548
44 35 45 40 42
26 47 33 49 25
32 48 40 43 39
46 25 48 34 32
43 25 29 29 42
28 40 32 38 26
41 48 48 32 26
26 41 32 33 32
37 39 47 25 50
37 33 27 31 39
40 29 39 46 48
48 36 41 47 30
47 30 34 49 44
25 47 47 32 25
20 50 11 28 8
13 38 16 31 18
13 26 16 7 22
13 18 14 8 21
7 16 12 5 8
10 17 8 18 10
12 12 19 12 13
24 18 10 21 10
22 20 7 18 16
17 26 19 13 30
18 13 10 15 25
9 23 11 12 25
15 15 18 16 15
18 6 14 14 14
21 12 13 7 17
