14 5 15
381 914 1131 2316
458 924 1713
245 1172
1064
662 1144 1784 2133 3401
655 1128 1544 2326 3279
603 1152 1658 2183 2840
621 1008 1644 2334 3210
662 1147 1689 2225 2820
602 1205 1562 2457 3278
699 1099 1583 2301 2971
602 1095 1824 2385 3411
692 1019 1742 2528 3410
679 1166 1735 2247 2858
612 1037 1567 2231 2804
648 1154 1532 2271 3248
697 1133 1715 2296 2886
637 1082 1609 2155 3157
36 38 31 30 27
35 48 43 27 42
49 29 49 37 45
39 37 37 30 46
26 35 30 47 37
30 26 41 35 32
37 45 29 27 40
27 30 29 48 39
32 32 28 42 32
33 30 49 48 26
48 26 41 32 47
25 46 38 43 48
29 29 32 36 42
25 50 25 48 44
32 44 1 32 20
21 15 8 11 15
21 23 12 15 16
16 17 19 22 15
12 16 9 21 23
17 18 11 14 11
9 14 13 11 17
19 11 11 7 12
10 10 16 20 18
21 17 23 19 13
17 23 15 46 11
11 7 19 7 19
14 10 11 10 11
11 17 16 15 8
20 20 16 6 11
