14 5 15
678 939 2100 2856
425 1531 2025
993 1681
556
1030 1869 2349 3708 4456
1026 1753 2397 3996 4675
1047 2090 2688 3843 4412
1050 1807 2695 3781 4317
874 1936 2612 3735 4330
1052 2062 2760 3922 4670
928 2064 2368 3571 5005
961 1962 2614 3844 4301
1032 1914 2320 3767 4155
1005 1825 2655 3516 4391
1051 1908 2432 3686 4202
1011 1977 2347 4058 4938
958 1756 2443 3615 4673
1035 1845 2295 4005 4294
38 44 50 37 38
40 39 50 29 45
30 38 26 43 49
40 30 46 45 41
34 26 34 46 26
27 31 45 25 46
32 37 32 25 34
30 45 39 50 38
48 29 25 49 36
46 41 28 48 40
31 37 27 34 31
45 43 27 40 27
48 43 31 48 41
43 28 38 28 29
5 21 15 39 9
17 6 9 6 10
6 14 11 18 13
12 21 19 10 16
24 16 14 12 25
18 9 19 14 10
17 15 13 19 19
19 8 14 10 16
13 10 6 13 10
6 22 24 18 16
15 21 20 20 12
9 23 20 16 11
20 21 22 19 15
11 5 8 9 13
17 13 18 23 20
