14 5 15
433 1168 1756 2516
671 1017 1613
353 947
843
742 1325 2240 2623 3589
780 1187 2421 2922 3626
806 1272 2194 2510 4022
807 1320 2258 2591 3466
740 1345 2059 2732 3737
819 1336 2355 2928 3500
756 1375 2289 2764 3693
681 1216 2212 2932 3710
806 1352 2285 2728 3428
788 1335 2170 2701 3460
725 1345 2167 2716 3893
776 1223 2261 2954 3372
678 1281 2307 2750 3840
723 1349 2240 2919 3912
43 34 47 36 45
45 40 29 37 29
38 49 34 31 34
36 33 45 32 50
42 41 35 42 38
38 27 25 50 33
32 33 40 38 39
48 28 41 30 38
29 29 26 42 33
48 47 40 35 28
38 35 36 41 37
34 43 40 48 25
34 27 38 46 34
32 44 37 32 34
10 30 21 24 25
13 7 15 20 6
21 19 23 24 26
26 10 4 19 14
13 18 17 21 13
10 21 16 18 16
8 18 23 14 7
19 11 16 9 16
9 14 8 8 11
8 24 16 15 19
7 4 10 15 11
10 12 20 10 15
18 25 23 15 13
13 11 5 14 17
14 11 8 21 24
