14 5 15
312 1178 1379 2989
900 1094 2174
301 1411
1128
821 1197 2358 2720 4067
778 1101 2291 2888 3832
789 1067 1971 2846 3941
833 1086 2301 2884 3854
709 1234 2075 2468 3712
723 1137 1993 2523 3407
730 1153 2157 2794 3754
815 1257 2311 2960 4062
722 1198 2068 2671 3936
701 1266 1978 2903 3684
799 1280 2238 2897 3541
812 1177 2083 2934 3688
758 1262 2039 2615 3497
813 1103 2290 2723 3864
44 25 36 35 39
32 26 45 41 33
33 44 38 46 48
35 47 44 49 42
43 29 50 28 35
48 40 37 27 48
48 39 44 46 44
47 38 47 49 33
42 41 38 35 38
32 40 45 32 50
42 44 47 41 41
49 40 37 42 32
29 50 40 43 47
48 32 42 26 27
30 53 10 21 4
20 17 20 15 7
12 7 18 17 16
8 10 20 9 8
17 13 13 17 15
20 16 9 19 18
14 11 16 21 22
17 19 14 10 15
18 23 9 9 11
14 15 16 16 12
25 11 17 14 7
13 12 17 18 19
11 15 12 19 17
19 11 19 20 24
26 14 22 13 23
