14 5 15
612 1281 2149 3462
819 1831 2269
911 1757
994
962 1763 2630 3733 4821
985 1800 2982 4214 5018
901 1622 3033 4025 4380
958 1746 2961 3633 4210
1025 1831 2637 3725 5005
1010 1771 3070 3698 4814
1045 1776 2711 3936 4824
963 1785 3038 4082 4691
992 1588 2960 4084 4856
1081 1859 2992 3826 4887
928 1771 2822 3651 4505
989 1820 2996 4016 4840
998 1676 3033 3804 4778
1008 1625 2799 4244 4508
49 34 28 42 29
48 44 38 37 30
30 35 35 42 45
49 30 50 30 29
46 37 38 34 31
30 50 45 40 26
48 33 36 50 39
26 40 35 46 29
37 44 39 44 37
46 38 47 37 32
29 43 34 49 28
25 36 43 46 50
28 27 40 48 49
50 36 43 48 46
10 49 8 22 26
12 20 9 19 6
14 22 17 16 15
21 12 14 10 14
10 16 26 5 24
9 14 17 23 18
17 17 22 14 14
12 14 14 18 9
13 23 11 14 14
19 11 7 16 18
8 15 15 9 7
10 18 20 17 19
16 10 13 24 20
16 26 7 25 9
18 12 13 27 21
