3 10 10 5
1 1
1 5
2 5
1 2
2 5
2 5
2 5
2 5
3 5
1 2
2 2 3
1 3
0 
7465 36080 35179 22216 31475 39243 24934 26338 18028 12778
1 549 1279
2 603
3
1 575 1122
2 646
3
1 525 1215
2 645
3
1 614 1278
2 629
3
1 611 1263
2 590
3
1 507 1085
2 685
3
1 599 1177
2 576
3
1 528 1307
2 659
3
1 583 1172
2 664
3
1 541 1285
2 685
3
6 1 1
5 1 1
4 2 2
4 4 1
6 2 1
4 2 2
3 2 1
6 1 1
5 2 0
7 1 0
25 25 25
1014 1888 2793
1037 1911 2722
900 1734 2733
907 1641 2899
984 1686 2774
