14 4 5
310 787 1411
648 1075
386
746 1121 1831 2259
746 1125 2156 2730
740 1210 2006 2306
733 1209 1869 2404
688 1103 2106 2680
692 1256 2077 2292
650 1262 1952 2578
718 1160 2012 2369
640 1197 1797 2341
751 1275 1872 2655
639 1182 1851 2272
654 1096 2025 2502
740 1118 1827 2519
739 1319 1950 2252
101 124 132 140
140 167 105 177
131 133 140 161
188 121 187 103
162 120 122 104
166 195 102 188
139 130 166 193
164 102 129 102
124 164 128 174
178 136 161 192
160 144 148 134
187 190 160 100
200 154 108 160
185 195 193 134
145 39 14 99
3 8 18 9
20 11 30 9
4 10 5 22
9 19 5 12
26 22 11 9
7 9 15 16
18 5 20 21
9 20 36 17
13 14 14 15
7 8 9 9
14 5 16 12
7 10 4 24
3 12 13 14
32 16 15 16
