14 4 5
770 1390 1934
739 1364
810
1067 1933 2833 3763
957 2020 2705 3236
897 1718 2899 3779
936 2005 2717 3336
928 1744 2536 3779
918 2041 3019 3479
931 2076 2783 3507
977 2045 2643 3490
1084 1855 2692 3657
1065 2036 2772 3375
1011 2043 3075 3525
1035 1896 2769 3751
908 1866 2712 3877
1023 2031 3006 3295
183 140 112 198
138 150 169 164
169 155 159 161
121 151 167 148
144 145 159 198
120 114 103 157
148 147 141 117
199 174 156 151
172 154 181 168
153 175 151 175
147 116 131 153
188 189 106 123
190 153 167 102
197 160 123 158
60 175 57 61
10 20 16 11
16 37 15 23
15 27 10 6
24 20 8 18
20 5 18 7
34 8 11 6
11 16 19 15
22 8 4 17
23 11 17 19
16 19 5 12
20 24 10 7
17 6 13 24
23 14 9 13
11 7 9 14
