14 4 5
591 1469 2308
731 1545
899
884 1696 2559 3692
1046 1868 2680 3473
953 1637 2362 3579
1046 1632 2563 3700
889 1609 2573 3888
1014 1896 2334 3990
908 1582 2699 4040
945 1775 2386 3929
931 1899 2632 3841
988 1580 2449 3440
949 1744 2807 3855
940 1688 2610 3899
888 1671 2524 3601
941 1889 2400 3492
183 101 108 140
112 101 124 106
165 168 146 184
138 160 103 117
106 172 163 172
152 117 171 106
166 104 177 146
103 124 169 119
105 118 153 186
142 135 185 191
132 188 115 136
199 191 130 192
185 103 171 150
122 127 125 160
181 2 55 77
14 17 36 5
6 23 9 29
8 8 11 13
12 8 18 8
2 16 13 6
8 13 10 20
7 18 14 14
20 16 8 14
14 10 12 24
20 19 25 23
15 20 8 14
10 19 16 12
24 7 11 11
18 13 30 6
