14 4 5
232 1106 1097
842 1039
171
533 842 1854 2088
578 912 1629 1933
568 891 1879 2031
534 1000 1630 1963
521 844 1661 2225
609 932 1655 1905
632 897 1776 1994
537 974 1698 1996
586 949 1678 1968
626 896 1754 1978
535 850 1830 2232
523 916 1871 2237
629 869 1757 2068
546 913 1860 2128
116 193 147 195
141 134 194 131
131 136 183 200
179 155 174 161
183 183 107 184
165 102 198 159
193 141 102 185
154 132 158 100
185 114 117 142
101 137 106 141
189 194 124 153
192 117 167 181
141 167 143 143
134 145 165 102
182 8 88 50
9 23 18 11
17 27 28 5
14 4 10 13
11 8 6 28
31 10 18 23
11 25 10 16
8 15 9 24
19 27 37 16
10 28 8 18
16 5 5 6
9 9 12 8
23 18 8 14
13 13 24 10
26 9 26 16
