14 4 5
286 896 1344
679 889
308
526 887 1612 2025
530 837 1510 1903
518 963 1563 2192
568 885 1421 2139
523 826 1532 1901
598 1000 1604 2161
581 976 1548 1861
524 894 1405 1842
571 935 1519 1950
596 975 1463 1897
520 976 1415 2146
628 877 1498 1888
584 840 1679 1994
560 829 1514 2092
112 125 194 173
146 152 130 198
190 152 141 184
130 139 164 115
171 185 155 139
155 163 112 122
184 155 149 170
123 125 131 191
161 162 165 133
135 116 173 122
141 128 110 120
139 176 168 137
161 172 163 189
199 164 120 158
143 159 117 17
34 10 12 28
10 14 15 10
37 27 18 18
20 8 15 19
15 18 21 7
7 9 15 14
7 29 8 15
22 36 29 24
15 14 20 12
9 5 16 11
21 14 16 8
18 13 10 9
6 9 23 16
14 14 9 14
