14 4 5
261 929 1410
831 1245
450
603 902 1894 2501
576 971 1858 2340
607 894 1945 2190
562 895 1867 2289
633 1041 1934 2542
602 913 1961 2350
562 945 1979 2358
595 962 1983 2173
627 887 1638 2270
549 877 1764 2542
599 893 1658 2168
665 928 1843 2260
616 889 1858 2370
650 877 1714 2297
140 197 141 111
146 135 142 163
120 194 142 145
119 102 159 191
112 180 157 136
126 136 151 189
112 179 154 197
168 107 138 118
188 114 109 129
153 108 188 171
115 165 192 138
196 198 130 168
109 145 121 173
122 188 190 161
148 59 175 39
15 8 9 8
10 15 21 12
9 17 8 19
17 11 18 16
12 16 17 39
7 42 18 27
18 10 16 5
15 10 6 29
6 36 3 28
29 6 11 13
8 6 13 23
10 15 16 6
19 25 10 12
18 35 9 4
