14 4 5
464 1116 2500
546 1585
1205
982 1625 2389 3686
916 1660 2475 3083
915 1728 2268 3531
850 1702 2231 3481
969 1572 2544 3363
957 1553 2547 3425
1011 1700 2523 3210
867 1560 2403 3263
874 1844 2291 3402
851 1662 2363 3057
905 1815 2370 3651
1007 1597 2395 3520
957 1729 2330 3089
832 1826 2647 3083
116 143 128 181
139 200 144 132
145 140 107 125
134 195 140 110
182 127 177 167
197 179 198 181
192 148 159 180
154 117 109 144
160 104 152 126
168 186 174 173
137 152 134 126
199 101 168 186
129 135 155 174
192 144 116 196
105 204 54 22
18 13 8 14
9 13 19 11
18 13 19 3
14 11 21 9
24 11 28 13
10 12 11 13
10 7 35 18
11 17 4 24
15 10 13 18
13 11 8 12
12 41 27 21
20 14 12 18
17 5 31 18
17 7 23 16
