14 4 5
252 822 1714
442 1297
855
776 1125 1717 2649
641 1104 1625 2453
710 1014 1827 2564
758 1012 1686 2445
683 1193 1720 2256
680 1032 1932 2585
699 1117 1599 2314
725 1150 1719 2569
709 1196 1944 2451
753 1060 1891 2551
694 1062 1804 2666
686 1181 1656 2511
697 1032 1675 2543
709 1150 1926 2275
112 171 138 152
140 174 198 178
160 161 195 156
136 129 191 170
105 101 115 148
190 179 198 186
125 132 144 138
162 159 103 110
147 137 145 187
125 143 165 140
184 131 199 195
145 195 116 108
117 161 158 176
153 163 122 147
93 180 77 22
6 15 22 9
15 12 25 12
4 22 28 12
8 5 17 5
9 16 20 12
11 11 3 35
16 21 17 3
8 26 7 9
13 3 11 18
7 5 21 22
21 22 11 37
32 6 14 11
22 14 7 5
32 6 7 8
