14 4 5
562 1273 1753
626 1495
577
749 1445 2314 3047
687 1352 2324 3114
751 1584 2177 3116
705 1508 2237 2963
729 1387 2198 2912
772 1426 2078 3010
716 1328 2032 2968
814 1475 2071 2860
803 1318 2308 3116
679 1549 2049 2994
706 1536 2298 3224
784 1313 2053 3085
780 1350 2150 2842
794 1465 2056 2783
141 145 154 192
153 174 110 107
116 148 160 172
122 182 157 126
184 190 155 136
198 125 174 156
167 131 190 139
141 199 139 142
114 178 199 115
123 104 152 185
137 189 176 177
194 181 128 195
160 133 102 179
111 171 147 168
44 220 2 73
2 45 11 14
8 7 4 18
11 8 15 12
13 11 9 19
16 46 9 12
18 20 12 8
15 11 24 9
15 11 16 4
17 8 9 21
11 27 23 9
19 30 19 16
10 25 10 7
12 28 17 8
11 21 17 12
