14 4 5
308 684 1977
441 1507
979
623 1000 1593 2720
688 987 1879 2637
672 1079 1600 2578
673 1018 1602 2314
693 1015 1615 2569
626 1076 1902 2423
701 1117 1789 2463
643 1010 1878 2752
662 1086 1616 2620
639 1053 1587 2581
634 974 1921 2389
682 1138 1667 2364
606 1150 1593 2769
633 977 1885 2710
134 153 180 150
159 123 114 165
132 195 145 108
194 143 165 168
134 122 189 112
158 136 168 124
145 198 191 136
105 196 166 138
115 177 141 183
128 153 186 138
165 101 183 120
186 173 152 121
148 181 166 134
156 102 130 122
65 143 59 77
10 4 19 11
19 8 9 28
12 7 5 15
8 15 6 19
5 20 6 8
10 17 20 7
12 19 8 21
7 15 18 11
8 35 23 8
10 6 7 16
17 7 12 26
18 18 14 19
24 20 17 4
18 8 4 15
