14 4 5
540 1039 1373
514 1038
402
569 1158 1737 2257
671 1119 1755 2284
678 1080 1870 2367
624 1152 1890 2400
629 1189 1797 2213
603 1191 1824 2553
580 1027 1735 2564
611 1083 1767 2233
673 1089 1678 2220
590 1160 1743 2475
624 1176 1777 2306
675 1034 1655 2423
681 1131 1816 2226
626 1235 1820 2434
165 141 199 157
117 102 163 157
153 145 169 189
196 139 102 116
141 110 154 147
173 157 111 138
115 160 122 174
182 192 115 160
145 109 157 136
105 139 104 122
144 129 137 113
176 152 106 185
168 193 200 131
177 158 135 145
32 3 144 58
21 15 27 23
11 33 36 12
33 20 23 16
15 24 9 6
5 20 5 19
15 18 27 11
18 17 11 9
32 14 11 17
16 2 14 20
5 10 29 11
7 15 12 23
10 4 50 12
13 11 5 25
38 14 22 12
