14 4 5
504 1416 2439
971 2039
1086
883 1577 2640 3898
1010 1747 2499 3806
1011 1519 2264 3930
894 1699 2665 4058
1047 1475 2267 3880
1013 1749 2623 3972
950 1596 2624 3945
898 1707 2412 4077
934 1766 2506 3779
927 1488 2257 4089
934 1705 2440 3942
908 1526 2530 3569
943 1691 2332 3530
894 1508 2582 3913
148 145 145 184
178 107 193 128
134 193 111 163
122 193 146 152
103 129 145 134
128 198 151 124
194 106 116 114
102 165 108 117
167 167 145 175
154 105 163 177
167 137 195 171
197 159 196 143
166 144 119 167
179 182 193 128
2 104 28 30
18 24 21 5
36 18 30 15
15 8 20 21
17 16 11 13
59 8 18 19
18 28 4 13
34 19 32 12
9 25 5 8
11 11 9 17
18 13 9 10
6 15 2 19
19 9 29 13
21 6 18 8
4 13 14 23
