14 4 5
315 963 1537
659 1118
685
809 1215 1927 2737
761 1104 2062 3151
768 1319 2112 2984
752 1235 1877 2738
788 1171 1976 2821
829 1116 1809 3282
822 1269 1921 3087
742 1308 1872 2718
841 1191 2167 3049
820 1314 2063 3268
756 1109 1880 2884
791 1230 1920 2919
805 1142 1814 3138
756 1306 2046 3173
193 150 169 100
152 147 197 189
130 157 133 103
187 145 174 170
141 125 172 113
135 138 158 163
130 109 192 118
113 169 172 112
119 181 198 121
167 159 199 103
152 181 200 126
106 135 154 180
169 175 130 180
101 125 198 126
7 166 12 75
15 25 6 22
16 12 19 12
15 7 5 10
29 8 8 18
9 28 8 4
41 4 25 14
41 11 27 14
6 11 1 17
20 10 21 3
17 11 17 5
16 12 20 13
14 30 27 3
19 8 13 13
22 14 7 27
