7 3 15 1000
185 650
562
592 841 1470
542 802 1613
555 925 1696
565 935 1419
541 946 1699
541 802 1677
591 846 1576
39 41 35
32 36 35
33 33 33
34 43 49
39 43 30
49 46 33
39 40 34
27 24 25
35 41 35
32 36 35
33 33 33
34 37 49
25 37 26
48 46 33
39 40 34
39 40 35
26 34 35
33 33 33
34 35 49
28 36 30
38 27 33
39 40 34
39 31 35
32 32 35
33 33 33
34 43 49
39 43 29
45 46 33
38 40 32
39 41 35
32 36 35
30 33 29
34 38 40
39 43 30
42 38 33
39 29 34
39 30 35
32 36 35
33 33 33
34 43 49
39 43 30
49 46 33
35 40 34
39 41 35
32 36 35
33 33 33
34 43 49
39 43 30
30 45 30
39 39 33
39 25 35
32 36 31
33 33 33
34 32 46
28 38 30
37 46 33
39 35 34
39 37 35
32 36 35
33 33 33
34 43 33
39 34 30
36 40 33
32 37 34
39 41 35
32 36 32
30 33 33
31 43 34
39 35 30
49 46 33
39 35 34
39 31 25
32 30 35
31 26 33
34 39 36
39 37 30
48 39 33
39 40 34
39 35 35
32 36 35
33 33 33
34 34 32
39 37 30
42 46 33
39 36 34
39 38 35
32 27 35
33 33 33
34 25 49
39 39 30
49 45 33
25 29 27
39 41 35
27 31 30
33 33 33
34 40 49
39 41 30
41 35 32
39 40 34
31 33 32
32 36 33
33 30 33
34 43 49
39 43 30
49 46 33
34 40 34
39 30 32
32 33 32
33 33 33
34 27 28
37 43 30
48 33 33
38 26 34
35 41 35
32 36 35
29 33 33
34 43 49
39 38 30
31 34 33
39 40 26
39 41 29
32 31 35
33 33 33
34 43 45
35 25 30
40 46 33
32 31 33
31 38 35
32 34 35
29 33 33
25 43 26
38 43 30
40 31 33
39 40 34
37 37 35
32 32 35
33 33 33
34 43 27
31 43 30
35 37 25
39 40 34
39 41 32
32 36 35
29 33 33
34 32 49
39 36 28
49 40 33
39 38 34
39 41 35
32 36 35
33 33 25
34 43 49
39 27 30
38 46 33
33 40 26
39 41 35
32 36 35
33 33 33
31 39 49
39 35 30
40 46 33
39 40 34
38 36 35
32 36 35
33 33 32
34 43 37
39 43 30
42 35 33
30 40 34
39 41 35
32 36 35
33 30 33
34 43 49
39 36 30
38 44 33
28 40 34
39 39 35
32 36 35
33 33 33
34 41 36
34 31 30
37 26 33
39 33 34
36 41 35
32 36 35
33 33 29
25 43 49
39 43 30
37 41 33
39 40 34
39 41 35
32 36 35
33 33 33
34 43 32
36 43 30
43 46 33
39 40 34
39 41 35
32 29 34
33 33 25
27 38 42
39 43 30
45 30 33
35 36 34
39 41 35
32 35 35
33 33 33
34 43 49
38 39 30
47 39 33
28 40 34
26 41 35
32 36 35
33 33 33
32 43 41
38 43 30
39 36 33
39 40 34
39 41 35
32 31 35
33 33 32
34 43 46
39 41 30
47 30 33
39 40 34
36 32 35
32 36 35
33 33 33
27 38 31
39 32 30
32 46 33
39 40 34
39 40 35
32 36 28
33 33 33
34 43 35
39 41 30
29 42 33
39 40 29
39 41 35
32 36 35
33 33 33
34 43 36
39 41 30
49 38 33
27 33 34
39 41 31
32 29 35
33 33 33
33 38 35
39 43 30
34 46 33
39 40 34
39 41 35
32 36 35
33 33 33
34 35 49
26 43 30
48 46 33
34 40 34
39 41 27
32 36 34
33 33 33
34 38 46
39 34 30
34 46 33
39 33 26
39 28 35
32 26 35
33 33 33
34 32 49
39 37 30
43 46 33
31 40 34
28 36 35
32 36 35
33 33 33
34 36 48
39 43 30
35 35 33
39 40 34
30 26 35
32 36 35
26 33 28
28 36 49
39 43 30
27 37 33
30 34 34
39 41 35
32 36 27
33 33 33
34 40 44
39 39 30
39 45 33
29 40 34
39 31 35
32 25 35
33 33 33
34 43 47
39 40 30
49 46 33
39 40 31
39 41 35
32 32 25
33 33 33
34 43 45
39 33 30
49 27 33
39 31 34
33 41 35
32 36 35
33 33 33
34 32 39
39 43 30
49 26 32
39 40 34
39 26 25
32 36 35
33 33 33
33 35 35
28 43 30
49 28 33
39 40 34
35 25 35
32 36 35
33 25 33
34 43 47
39 43 30
43 40 33
32 40 34
36 36 35
32 36 35
33 33 33
34 43 41
39 43 30
49 30 33
39 28 26
39 41 35
32 25 35
33 31 33
34 43 43
39 33 30
30 30 33
32 39 34
39 41 35
32 36 35
33 33 33
34 42 39
33 35 30
38 45 33
39 40 25
39 39 35
32 36 35
33 33 27
34 27 45
39 43 30
42 46 33
39 40 29
39 34 35
32 36 35
33 33 30
30 34 49
39 43 30
44 46 33
39 37 30
39 34 35
32 36 31
33 33 33
34 43 49
25 43 30
45 46 33
31 37 34
39 34 35
28 36 35
33 33 33
33 43 43
39 31 30
32 46 33
28 40 34
37 41 35
32 36 35
33 33 32
34 35 40
39 36 30
48 46 26
39 32 34
37 34 35
32 36 35
33 33 33
34 38 43
37 43 30
38 46 33
39 40 34
39 37 35
25 35 35
31 33 33
34 26 43
39 43 30
49 35 33
39 38 34
39 26 35
32 32 35
33 33 33
34 43 36
39 42 30
47 46 33
39 28 31
39 41 35
32 36 35
33 33 33
34 43 45
39 43 30
49 42 33
39 35 34
39 41 35
32 36 35
33 33 33
34 34 36
39 39 30
46 26 33
29 40 34
39 26 35
32 35 35
33 33 33
32 43 29
39 43 30
49 31 33
39 35 34
39 35 35
32 36 25
33 33 33
30 36 27
30 43 30
27 37 33
39 40 34
39 41 35
32 36 35
33 33 33
34 43 49
36 34 30
44 46 27
39 30 34
39 41 35
32 36 35
33 33 33
34 43 30
39 33 30
37 43 33
39 40 34
39 41 35
32 36 35
33 33 33
34 43 39
39 28 30
45 32 33
39 40 31
39 41 35
32 36 35
33 33 27
34 38 49
39 43 30
28 30 33
39 40 34
39 28 35
32 36 35
33 30 33
34 38 46
29 29 30
46 34 33
33 40 34
36 33 35
32 34 29
33 33 33
34 42 49
39 43 30
43 46 26
39 33 34
28 41 35
26 36 32
33 33 33
32 43 46
39 40 27
44 46 33
39 26 25
39 39 35
32 36 35
33 33 33
34 43 48
38 40 27
26 35 33
39 40 29
35 38 35
32 36 35
33 33 33
34 43 31
33 41 30
28 46 33
39 26 34
28 41 29
32 36 35
33 33 33
32 35 49
29 43 30
33 35 33
29 40 34
39 41 35
32 27 35
33 33 33
34 42 44
39 41 26
49 30 33
39 25 34
26 41 35
32 33 29
33 33 33
34 43 43
39 40 30
49 26 33
38 37 34
33 32 35
32 34 35
33 31 33
31 32 28
35 43 30
25 46 33
39 40 34
33 41 35
32 33 35
31 27 25
34 30 49
39 43 30
29 46 33
28 40 34
39 41 35
30 36 35
33 33 33
34 30 49
39 43 30
29 38 33
39 40 34
38 41 30
32 28 35
33 33 33
34 42 46
31 43 30
49 30 33
37 40 34
39 41 35
32 33 35
33 33 33
34 37 40
39 27 30
45 42 33
39 28 34
39 37 35
32 36 35
33 33 33
34 43 38
39 43 30
40 28 33
39 40 34
39 41 35
32 36 35
29 33 33
34 43 35
39 36 30
46 46 33
39 28 34
34 40 35
32 36 35
33 33 33
27 43 49
36 40 30
37 37 33
39 31 25
39 41 35
32 36 35
33 33 33
34 39 49
39 34 30
30 41 33
32 40 34
39 28 35
32 25 35
33 33 33
34 43 25
31 33 30
49 42 33
39 40 25
39 41 35
32 36 35
27 33 33
34 30 41
39 43 30
49 44 33
39 40 34
39 34 35
32 36 27
33 33 33
34 43 31
35 43 30
27 29 28
32 40 34
39 41 25
32 32 35
33 33 33
28 43 46
39 38 30
39 46 33
39 40 28
38 41 35
32 36 35
25 33 27
34 40 35
39 34 30
49 44 33
39 39 28
39 41 35
32 36 29
33 33 33
34 27 49
25 43 30
49 34 33
25 28 34
39 41 35
32 36 35
33 33 33
31 43 32
33 43 30
38 43 29
39 40 34
39 41 35
32 28 35
33 33 33
30 43 34
32 43 30
49 35 33
39 37 33
39 41 30
32 36 33
33 33 33
34 43 33
39 39 30
27 39 33
35 34 34
34 41 35
32 36 35
33 33 33
34 27 32
37 39 30
27 46 33
27 32 34
39 35 35
32 36 35
33 33 33
34 34 39
39 37 30
36 46 33
39 40 34
39 41 35
32 36 35
33 33 33
34 43 49
39 43 30
49 36 33
39 25 33
39 41 35
32 31 30
33 33 33
28 37 47
33 43 30
45 26 33
39 40 34
39 41 35
32 36 35
32 33 33
34 33 42
39 38 30
49 39 30
39 40 30
39 41 30
32 28 35
33 33 33
34 43 43
39 32 30
49 40 33
39 33 34
31 28 25
32 36 35
33 33 33
34 43 46
39 43 30
48 38 33
39 40 34
39 41 35
27 36 35
33 33 33
34 43 46
39 43 30
25 46 32
39 40 33
39 41 35
32 36 35
33 33 33
34 32 32
39 30 30
49 37 33
39 40 34
39 39 35
32 36 35
33 33 33
34 39 31
37 43 30
45 33 33
35 40 34
39 41 35
32 36 35
33 32 33
34 43 35
35 43 29
32 46 33
39 40 34
39 41 35
32 33 35
33 26 33
34 42 39
39 43 30
49 46 33
39 29 34
39 36 35
32 36 35
33 33 33
34 38 49
39 39 30
38 46 33
39 40 34
39 41 35
32 36 35
33 33 28
34 36 44
39 43 30
35 44 33
39 40 34
39 27 28
32 36 35
33 33 33
32 43 43
39 43 30
45 36 32
39 40 34
39 41 35
32 34 34
33 33 33
34 34 44
39 33 30
28 26 33
31 40 28
38 26 35
32 36 35
33 33 33
32 32 49
39 31 30
49 30 33
32 40 34
31 28 35
32 36 35
33 32 32
34 43 31
39 43 30
45 46 33
34 40 34
31 41 35
32 36 35
33 29 30
33 41 37
39 42 30
38 37 33
38 40 34
31 41 35
29 36 35
33 32 33
34 43 28
39 43 30
38 30 33
32 33 29
30 41 32
32 36 35
33 31 33
34 43 33
27 43 30
36 41 33
34 40 34
39 41 34
32 36 35
33 33 33
34 36 49
39 30 25
41 46 33
39 39 31
34 30 35
32 36 26
33 33 28
26 36 49
39 43 30
49 27 33
39 38 34
37 41 35
32 36 35
33 33 33
34 43 43
39 29 30
43 45 33
39 39 34
34 41 31
32 36 29
33 33 33
34 43 42
39 43 30
37 37 33
36 37 34
39 41 35
32 36 33
33 33 33
34 43 25
31 43 26
47 37 32
39 40 34
38 26 29
32 31 35
33 33 33
34 28 42
39 43 30
32 43 33
39 40 34
26 41 35
32 36 33
33 33 33
34 43 49
39 32 30
49 37 33
33 40 33
36 41 35
32 36 35
33 30 33
34 43 39
39 43 30
39 38 33
39 40 34
39 41 32
32 36 35
33 33 33
34 43 39
31 42 29
41 25 30
38 39 31
29 35 30
32 36 35
25 30 33
34 42 44
39 43 30
26 31 33
39 40 34
39 36 30
32 36 35
25 33 33
34 43 48
37 40 30
49 41 30
26 36 34
25 41 35
32 36 35
33 33 33
34 43 40
39 37 30
35 41 33
39 40 34
39 26 35
32 36 35
33 33 33
34 43 49
39 32 30
49 42 33
39 40 34
39 41 35
27 36 35
33 33 32
34 43 49
39 43 30
49 36 33
30 25 34
39 41 33
32 36 31
33 28 31
34 32 36
39 31 30
30 46 33
39 40 34
35 41 35
26 36 35
33 33 33
34 38 49
25 41 30
37 34 33
39 36 34
39 41 35
32 36 35
30 33 33
34 43 44
39 42 30
49 41 30
39 40 31
39 35 35
32 36 35
33 33 33
34 43 45
29 43 30
43 29 33
37 40 34
39 41 35
32 36 35
33 33 32
34 31 39
39 42 30
48 46 33
35 40 34
39 41 35
32 36 35
33 33 28
34 43 40
33 43 30
28 40 31
39 36 34
39 40 35
32 36 35
27 33 33
34 41 49
39 33 30
49 41 33
39 40 34
39 25 35
31 36 35
33 33 33
32 43 32
39 43 30
42 40 33
39 40 26
33 31 35
32 36 35
33 33 33
34 39 46
39 31 25
48 32 33
39 40 34
39 41 35
32 35 35
33 29 33
34 41 38
39 34 30
49 46 31
39 26 34
39 41 35
32 36 35
28 28 33
34 43 29
39 42 30
34 30 29
35 40 34
39 33 34
32 36 35
33 33 33
34 40 31
39 43 30
49 41 25
39 31 34
39 41 35
32 36 33
33 33 32
34 43 28
39 43 30
34 46 33
39 39 34
35 41 35
32 36 35
33 33 33
34 43 30
37 43 30
40 46 33
39 40 34
26 41 35
32 36 35
33 33 33
34 34 47
39 37 30
39 38 33
39 40 34
37 41 35
32 36 35
33 33 33
34 43 49
34 43 30
49 46 33
25 40 28
39 33 35
32 36 34
33 33 30
34 43 37
39 43 30
36 38 33
39 35 34
39 41 35
32 35 35
33 29 33
32 43 43
30 25 30
48 40 32
39 40 34
39 41 35
32 32 35
33 29 33
34 29 34
28 36 29
46 46 33
39 40 34
39 41 33
28 35 35
33 33 33
34 43 49
39 26 28
41 36 33
29 40 34
38 38 35
32 36 35
33 33 33
34 42 37
32 43 30
49 28 33
39 39 34
39 41 35
32 36 35
25 33 33
34 43 33
39 33 30
44 46 33
39 38 34
39 41 35
32 36 35
28 33 33
34 43 49
34 28 30
44 46 33
39 40 34
37 31 35
32 36 29
33 33 33
33 34 49
39 38 30
34 36 33
34 37 34
39 30 32
32 36 35
33 33 33
34 43 41
31 35 30
46 46 33
39 37 34
35 41 34
32 31 33
33 33 33
34 43 43
35 35 30
37 46 33
39 40 34
39 31 35
32 36 31
33 33 33
34 43 30
37 43 30
35 46 25
39 37 34
32 34 35
32 26 35
33 25 33
34 38 32
39 31 30
44 25 33
39 40 34
39 27 35
31 36 35
33 33 33
34 43 32
38 33 30
31 43 33
39 40 34
39 40 35
28 36 35
33 33 33
34 26 49
37 38 30
42 46 33
39 40 34
39 41 35
32 36 30
33 33 33
34 43 33
39 34 30
49 35 28
39 40 34
39 32 35
32 36 35
33 33 33
34 43 43
39 43 30
49 46 33
26 37 34
39 37 35
32 36 35
33 33 33
29 35 44
39 43 30
34 46 33
29 40 34
39 41 30
32 36 35
33 33 29
34 27 49
39 43 30
45 43 33
39 33 34
39 38 35
32 36 35
33 33 33
34 43 46
39 43 30
33 41 33
30 40 34
38 41 30
32 36 35
33 33 33
34 43 32
33 34 30
49 46 33
39 40 33
39 41 35
32 36 35
33 33 33
34 43 49
39 39 30
49 46 33
25 40 32
39 30 35
32 36 35
33 33 32
34 43 45
39 43 30
40 34 33
39 26 34
39 29 35
32 29 35
33 29 33
34 30 40
36 35 30
49 44 33
39 37 31
28 41 35
32 35 35
33 33 33
29 37 49
36 43 30
49 38 28
38 40 34
35 41 35
32 36 35
33 31 33
34 43 45
36 30 30
48 46 33
39 40 34
39 41 35
32 36 34
33 33 33
34 43 49
39 34 30
37 36 33
39 40 34
39 41 35
32 36 35
33 33 33
30 43 33
33 43 30
49 46 33
39 40 34
39 41 35
32 27 28
33 32 33
34 43 42
32 40 30
49 44 33
39 39 34
39 41 35
32 31 31
33 33 33
34 37 49
31 32 30
46 43 33
39 34 34
39 34 35
32 36 35
31 33 33
34 25 49
39 43 28
49 46 33
39 40 34
39 34 35
32 30 35
33 33 33
34 42 48
34 42 30
49 30 30
39 40 34
39 34 34
32 30 35
33 33 33
31 43 32
39 42 30
36 39 33
39 40 34
39 41 35
32 36 35
33 33 33
34 43 49
39 43 30
43 33 27
35 40 34
28 34 35
31 36 35
32 33 33
28 43 41
31 43 30
40 32 27
37 40 34
39 25 35
32 33 35
31 33 29
34 43 49
39 43 30
49 34 32
32 33 34
39 35 35
26 36 35
31 33 33
34 31 44
39 43 30
27 28 32
32 28 34
39 33 27
32 36 35
33 33 33
34 43 44
26 43 30
49 29 33
39 40 34
39 37 35
32 36 35
33 33 33
34 43 49
34 31 30
49 39 28
39 40 34
38 41 26
32 32 35
32 33 33
34 43 44
39 36 30
37 40 33
32 35 26
39 38 35
28 36 32
33 33 33
34 31 49
39 43 30
49 46 33
39 40 34
38 41 35
32 28 35
33 33 33
34 43 49
39 43 30
32 30 33
39 40 28
39 41 35
32 36 35
33 33 33
34 42 29
39 43 30
30 28 33
38 40 34
38 41 35
32 36 35
33 29 33
34 27 49
31 43 30
49 46 33
31 25 34
36 41 35
32 36 35
33 31 33
34 36 49
39 26 30
49 41 33
39 40 34
39 33 35
32 36 35
33 33 33
34 39 49
39 43 30
38 46 33
35 34 34
39 41 35
32 36 33
33 33 33
34 35 34
39 43 30
42 46 31
39 40 34
39 41 35
32 36 35
31 33 33
34 37 44
39 43 29
29 30 29
39 40 29
38 32 35
32 36 35
33 33 33
34 43 46
39 43 30
35 37 33
27 40 29
38 41 35
32 31 35
33 33 33
34 40 39
39 43 30
33 44 33
30 40 34
35 41 35
32 36 35
33 33 33
34 42 49
39 31 30
42 45 33
37 40 34
32 38 35
32 36 31
33 33 33
34 43 30
26 43 30
49 42 33
39 40 34
34 37 35
32 26 33
33 33 33
34 29 49
39 43 30
49 46 33
39 29 34
38 35 35
32 36 35
31 33 33
34 43 44
29 43 30
34 42 33
36 40 27
39 34 35
32 36 28
33 33 33
34 43 31
37 35 30
33 46 33
39 26 34
30 41 35
32 34 35
33 33 27
34 43 49
39 36 30
49 44 33
39 40 34
39 41 35
32 36 35
33 33 33
34 43 49
33 43 30
37 46 33
35 40 34
39 38 35
32 36 35
33 26 32
34 43 45
39 39 30
49 38 33
26 40 34
39 26 29
32 36 35
33 33 33
34 43 49
39 33 30
43 43 33
39 40 25
39 41 33
32 36 35
33 33 33
34 43 49
39 39 30
49 46 28
39 40 34
39 41 35
32 36 35
33 33 33
34 34 27
39 41 30
46 26 33
39 40 29
39 37 35
32 36 35
33 33 33
34 28 37
39 43 30
49 46 33
39 38 34
39 41 35
28 36 35
33 33 33
34 43 43
39 43 30
49 46 33
32 40 27
32 41 27
32 33 35
30 33 33
34 41 32
37 43 30
45 44 33
28 40 32
39 30 30
32 36 35
33 33 33
34 43 48
39 39 30
46 45 33
32 40 34
25 41 35
32 36 35
33 32 31
26 36 49
39 43 30
48 45 33
39 40 34
38 36 35
32 31 34
33 33 33
34 43 35
37 29 30
37 39 33
39 33 34
39 37 35
32 33 32
33 33 33
32 43 31
39 42 30
38 34 31
25 25 31
39 41 35
32 36 32
33 27 33
34 41 47
39 43 30
34 46 33
35 28 34
39 41 26
31 36 31
33 33 33
27 36 49
39 28 30
34 31 33
39 27 34
39 34 31
32 36 35
33 33 32
34 36 49
34 43 30
49 31 33
39 40 34
39 41 35
32 33 35
33 33 33
34 43 32
39 43 30
49 44 28
33 34 34
39 40 35
32 36 35
33 33 33
34 43 49
39 42 30
33 46 28
39 40 34
39 41 34
32 36 35
33 33 33
34 43 49
39 39 30
49 30 33
39 26 34
34 41 33
32 36 35
31 31 33
33 36 36
39 43 30
31 46 33
35 33 34
36 41 35
32 36 32
33 33 33
34 29 32
33 43 29
36 42 33
37 40 34
39 41 35
32 36 35
33 32 33
34 43 28
33 39 30
49 41 33
39 40 34
35 28 35
32 36 35
33 33 32
34 37 31
37 43 30
48 46 31
36 37 34
30 33 28
32 31 35
33 33 33
34 43 49
39 43 30
42 46 28
39 40 34
39 41 35
32 30 35
33 33 33
34 34 47
39 43 30
40 41 33
39 39 34
39 41 35
32 27 35
30 33 33
34 43 38
37 34 30
45 33 33
39 40 32
39 41 35
32 27 35
33 33 33
34 43 49
39 43 30
49 45 33
39 38 34
39 41 35
32 30 35
33 33 33
34 26 29
39 43 30
49 46 33
39 33 34
39 41 27
32 36 35
33 32 33
26 43 37
39 43 30
33 38 33
36 40 34
39 41 35
32 36 35
28 30 33
34 43 32
31 41 30
49 37 33
39 40 34
39 41 35
32 25 35
33 33 33
34 40 49
39 43 30
49 46 33
39 40 34
38 29 33
32 36 30
33 30 33
34 43 49
37 43 30
41 42 33
39 40 34
39 41 27
32 36 35
33 33 33
34 37 49
39 39 30
42 43 33
34 40 34
34 41 35
32 26 33
33 33 33
34 43 49
38 42 30
38 45 33
31 40 34
39 41 35
32 36 35
29 33 33
33 41 47
39 40 30
49 26 33
28 40 34
39 41 34
32 33 35
33 33 33
34 43 32
39 39 30
29 46 33
39 40 34
39 34 35
32 34 35
33 33 33
34 43 43
39 38 30
48 41 33
38 40 32
33 30 35
32 33 35
33 26 33
31 35 35
39 32 29
49 46 33
39 40 34
39 38 35
32 36 31
31 33 33
34 43 48
39 43 30
28 30 33
39 29 34
39 41 26
32 36 30
33 33 33
34 43 27
39 43 30
41 46 33
39 40 34
39 41 35
32 36 35
33 33 33
26 38 44
29 43 30
36 46 33
39 40 34
39 37 27
32 36 35
33 33 33
34 43 36
37 43 30
34 45 33
38 30 34
39 41 35
32 36 35
33 33 33
30 43 49
28 39 30
26 46 33
39 40 34
39 41 29
32 29 35
33 33 33
34 43 33
39 37 30
48 46 33
39 33 30
39 34 35
32 36 32
32 33 33
34 39 40
39 43 28
49 25 33
39 38 28
39 41 29
32 36 35
33 33 32
34 35 35
33 39 30
49 39 33
39 30 31
39 41 35
32 36 35
33 33 33
34 36 49
39 43 30
37 46 33
39 29 34
35 41 27
32 36 28
30 33 33
34 43 46
39 26 30
28 46 33
32 40 34
25 33 35
32 36 35
33 31 33
34 43 46
39 43 30
36 30 33
35 40 34
39 35 35
32 36 29
33 33 33
26 43 33
39 27 30
34 43 33
39 40 34
39 41 35
32 36 35
33 30 33
34 42 49
34 32 30
28 39 33
39 40 34
31 41 32
32 29 35
33 33 30
34 43 49
39 43 30
42 36 33
39 29 34
39 41 32
32 29 35
33 33 33
34 43 36
32 37 30
47 38 33
37 40 34
39 41 35
32 31 33
33 33 33
34 43 41
26 43 30
47 36 33
31 40 34
39 40 29
32 36 35
33 32 33
34 43 38
39 43 30
36 46 33
39 40 33
39 34 35
32 36 25
30 33 25
34 43 47
39 43 30
35 25 33
39 40 26
39 38 35
32 36 35
33 33 33
34 40 31
39 43 27
36 46 33
29 26 34
39 34 35
32 36 35
33 33 33
34 34 43
39 43 30
41 46 33
39 40 34
39 33 30
32 36 28
33 33 33
34 43 29
32 43 30
49 25 33
29 28 34
39 41 35
32 36 35
33 32 33
34 43 49
39 43 30
41 42 33
33 40 34
33 37 35
32 36 35
33 33 30
32 43 49
39 43 30
49 30 33
36 40 34
39 41 35
32 36 35
33 25 33
34 43 28
39 43 30
45 29 32
39 26 34
39 41 35
32 36 34
33 33 29
34 43 49
39 43 28
49 46 33
39 39 34
39 41 35
32 36 35
33 33 33
34 29 49
29 43 30
44 32 33
39 25 34
38 41 35
32 36 35
33 28 33
34 43 39
37 42 30
33 46 33
31 30 34
39 41 35
32 36 35
33 33 33
34 43 49
39 43 30
25 46 33
39 26 34
39 41 35
32 36 35
33 33 33
34 43 40
31 38 30
36 46 33
33 40 34
39 41 35
29 36 35
33 31 31
34 31 32
36 28 30
42 46 33
39 40 25
39 41 35
32 36 35
33 33 33
34 34 37
39 38 25
27 46 33
39 39 34
39 38 30
32 36 35
33 33 33
34 43 46
27 43 28
37 44 33
28 40 34
39 41 29
32 36 35
33 33 33
34 41 49
39 43 30
49 25 33
39 32 34
38 37 35
32 36 31
33 29 33
34 38 49
34 39 30
48 46 33
28 40 34
39 26 35
32 36 34
28 33 33
34 43 47
38 43 30
26 46 33
39 25 34
38 41 35
26 30 35
31 33 33
34 42 37
39 43 30
49 34 33
39 40 34
30 34 35
32 36 35
26 29 33
34 43 45
39 32 29
40 44 28
39 40 33
37 41 28
32 29 35
33 33 33
34 42 29
39 29 29
49 28 33
39 40 34
37 41 35
32 36 35
33 33 29
34 43 37
39 43 30
49 33 33
39 40 34
39 41 35
32 36 35
33 33 33
34 43 41
39 27 30
49 34 33
39 37 30
29 41 34
32 36 35
33 32 33
34 43 49
39 43 30
42 46 33
39 40 28
39 41 35
32 36 35
33 33 33
34 42 28
34 43 26
38 45 33
39 40 34
39 33 25
32 36 35
33 33 33
33 43 49
39 43 30
45 38 33
36 40 34
39 35 35
32 36 35
33 33 33
34 43 49
39 43 30
42 46 33
37 40 34
32 41 35
32 36 35
33 33 33
34 37 42
37 40 30
47 46 33
28 40 34
35 41 35
32 36 35
33 33 33
31 43 43
39 28 26
34 41 33
39 40 34
30 41 35
32 36 33
33 33 33
34 43 49
39 40 27
45 43 30
39 40 34
39 41 35
32 36 35
25 33 33
34 43 37
35 32 30
27 45 28
35 40 34
39 36 35
32 35 35
33 33 33
34 26 33
39 31 30
44 46 33
39 40 34
39 41 35
32 36 33
33 33 33
32 43 32
39 43 30
44 46 33
39 36 34
38 41 35
32 36 35
33 33 33
34 30 49
29 43 30
49 46 29
39 40 34
30 41 35
32 33 32
33 33 31
34 43 35
38 37 30
48 46 33
39 40 34
39 41 28
32 36 35
33 33 33
34 37 39
32 43 30
49 44 28
39 40 34
30 36 35
31 33 35
33 28 33
34 38 45
39 43 30
41 43 33
39 40 34
39 39 35
32 36 35
33 33 33
32 27 35
35 26 30
49 42 33
39 40 34
39 41 35
32 36 35
26 33 32
34 43 33
38 43 30
37 46 33
39 37 34
39 27 35
32 36 35
33 28 26
34 32 49
39 43 30
49 37 33
36 40 34
35 41 35
32 36 32
33 33 33
34 43 42
39 25 30
37 46 33
39 38 30
38 41 35
25 36 33
32 33 33
34 43 29
39 39 30
49 39 31
39 34 34
34 41 35
32 36 35
33 28 33
34 34 37
39 29 30
33 40 33
37 40 34
28 39 35
32 36 35
33 33 33
30 39 49
39 43 30
39 46 26
30 28 34
39 34 35
32 36 35
31 33 33
34 43 45
39 43 30
27 39 33
31 40 34
39 41 30
32 36 35
33 33 30
34 39 34
39 43 30
38 46 33
33 30 25
26 41 35
32 28 35
33 33 33
34 43 42
38 40 26
49 46 33
39 40 34
39 39 35
32 36 35
33 33 26
32 43 38
31 43 30
44 36 33
39 40 34
39 41 35
32 36 35
33 33 33
34 43 49
39 43 30
32 34 33
39 40 34
39 41 35
32 36 35
33 30 33
34 30 49
39 43 27
49 46 33
39 40 34
39 38 35
32 36 35
33 33 32
34 40 41
39 43 30
37 36 33
39 40 30
39 27 35
32 32 35
33 33 33
31 43 49
39 43 30
49 42 33
35 40 34
39 33 35
32 36 35
33 33 33
34 30 49
39 43 30
34 46 33
39 40 34
39 33 33
25 36 35
33 33 32
34 43 38
37 43 30
37 37 33
36 40 30
33 33 35
32 36 35
33 33 33
34 39 49
39 43 30
49 41 26
30 26 34
28 40 35
32 36 34
31 31 33
34 43 44
39 36 30
49 39 33
39 40 34
39 41 35
32 36 35
31 33 33
30 43 40
39 40 30
49 29 32
39 40 34
39 36 35
32 31 35
33 33 33
34 43 38
39 42 30
40 44 33
39 40 34
39 41 35
25 32 35
33 33 33
34 37 35
38 43 30
39 46 33
37 39 34
39 30 35
28 36 35
33 33 33
33 43 36
39 26 30
40 32 33
39 40 34
39 39 35
31 30 35
33 33 33
34 43 32
39 42 30
49 46 33
39 40 34
39 41 35
31 36 35
27 33 33
30 32 34
31 42 30
29 42 33
39 40 34
39 41 35
32 36 35
33 33 33
34 43 42
39 43 30
40 39 33
39 40 34
39 29 35
32 36 35
33 33 33
34 43 49
39 43 29
49 46 33
39 40 34
33 41 35
32 36 34
33 33 33
34 43 46
38 43 29
49 46 33
36 40 34
39 41 35
32 34 35
31 33 33
34 32 28
28 36 30
41 46 25
39 40 34
39 41 27
32 36 35
32 33 33
34 43 26
39 43 30
42 46 28
39 40 34
39 37 35
28 28 35
33 33 33
27 43 38
39 30 30
38 46 33
39 40 34
39 27 33
32 36 35
33 33 33
34 39 42
39 43 30
37 36 33
39 40 33
37 38 30
32 36 35
33 33 33
34 43 36
39 43 30
39 37 33
32 25 34
39 41 35
32 36 35
33 33 33
31 38 33
39 43 30
45 46 33
33 40 33
28 28 34
32 36 35
33 33 33
34 26 49
35 39 30
41 46 33
39 40 34
39 37 35
32 36 35
32 33 33
34 43 41
30 31 27
33 39 33
39 40 28
39 38 35
32 36 35
33 33 33
34 34 49
39 43 30
46 37 33
26 40 34
39 41 35
32 29 25
32 33 33
28 36 49
39 36 30
49 46 33
38 32 32
39 41 28
32 36 35
33 33 33
34 43 33
39 38 30
30 46 33
39 36 30
39 38 35
26 36 35
33 33 33
34 38 29
37 43 30
44 29 33
39 40 33
39 38 35
32 36 35
33 33 33
34 43 49
39 39 30
42 46 33
34 36 34
39 41 35
32 36 34
33 33 33
28 41 49
39 43 30
47 40 33
39 40 34
38 41 32
32 36 35
33 26 33
34 39 40
39 25 30
26 46 33
25 40 34
38 32 29
32 36 31
33 33 33
34 43 49
39 43 28
49 36 33
39 40 34
39 41 35
32 36 35
33 33 27
34 43 43
26 42 30
46 46 33
39 34 33
39 31 35
32 36 35
32 33 33
34 35 46
33 43 30
42 32 33
39 39 34
39 41 35
32 36 33
33 33 32
34 43 37
39 43 30
37 27 33
39 40 34
39 26 35
32 36 28
33 33 32
30 27 47
39 43 30
49 46 32
38 40 27
39 41 35
32 33 35
33 33 33
34 43 47
39 30 30
39 38 33
39 34 34
39 35 35
31 32 29
33 33 33
29 36 37
30 43 30
49 43 33
39 40 34
39 31 27
25 30 35
32 33 33
34 40 27
39 33 30
37 46 33
26 40 34
38 41 35
31 36 35
27 33 33
34 43 40
32 43 30
35 41 29
34 40 34
39 41 35
32 36 31
33 29 33
34 33 49
39 36 30
41 46 33
39 36 34
32 41 29
32 36 35
33 33 33
34 43 29
39 41 30
34 35 31
36 40 34
39 41 35
32 36 35
33 33 28
30 43 28
32 43 30
37 30 33
39 40 34
39 41 34
32 36 35
33 33 25
28 27 29
39 29 30
31 32 33
39 40 34
39 39 35
32 36 35
33 33 30
34 33 42
38 35 30
45 46 33
39 26 34
38 41 35
32 32 35
31 33 33
31 32 29
39 34 30
49 46 33
39 39 34
39 31 35
32 36 35
33 33 33
34 32 35
39 38 30
43 46 33
39 28 34
39 41 34
30 36 33
33 33 33
34 35 49
31 43 30
47 46 33
39 40 34
39 41 35
32 36 35
33 32 33
31 43 36
39 43 26
49 36 33
34 40 34
39 41 35
32 36 35
30 33 33
34 42 49
36 43 25
49 25 33
37 36 34
39 31 35
32 36 32
33 33 33
34 43 44
33 33 30
49 46 33
39 36 34
39 41 35
32 27 35
28 33 33
34 36 39
29 32 30
49 43 29
39 40 27
39 41 31
32 36 35
33 33 33
34 43 37
39 43 30
49 40 33
39 40 34
31 41 35
32 33 35
33 33 33
34 43 34
39 43 30
33 46 33
39 40 34
32 41 35
32 36 35
33 33 33
34 43 49
31 43 30
49 41 28
37 40 34
39 41 31
32 36 35
33 33 33
34 40 39
39 31 30
49 46 33
30 40 34
39 41 35
32 25 35
33 33 33
34 43 39
39 43 30
25 31 33
36 40 34
39 41 35
32 36 32
33 33 33
25 41 49
33 36 30
49 46 33
35 40 34
35 26 33
32 36 35
33 33 33
28 33 38
39 43 30
37 40 33
39 31 34
32 41 35
32 30 35
33 33 33
34 43 36
39 43 27
49 46 33
38 40 34
38 26 35
32 36 35
33 33 33
34 43 34
39 34 30
42 35 33
39 40 34
39 27 35
32 36 35
33 33 33
26 43 47
29 37 30
39 34 33
39 40 34
39 31 35
32 36 35
33 33 33
34 36 49
36 43 30
49 36 33
33 40 34
39 41 31
32 36 35
33 31 33
34 41 49
39 43 30
40 46 32
39 40 34
39 41 33
32 36 35
33 33 33
33 43 47
39 43 30
49 38 33
39 40 30
39 41 35
32 32 35
33 33 33
34 27 43
36 28 30
44 46 33
39 28 34
39 26 35
32 29 35
33 33 33
34 33 37
39 43 30
43 39 33
39 40 34
39 41 34
32 36 32
33 33 33
34 43 31
39 43 30
30 30 33
39 40 34
39 41 35
32 36 35
33 28 33
34 25 49
38 43 30
48 43 33
39 40 34
33 41 35
32 36 35
33 33 33
34 43 44
39 43 30
40 45 33
30 40 34
39 41 31
32 28 35
30 33 33
34 43 42
30 43 30
49 32 30
33 33 29
31 41 30
32 36 35
33 33 33
28 42 49
39 33 30
41 26 33
39 40 34
39 41 35
32 33 35
33 33 33
30 41 49
39 28 30
32 34 33
39 40 34
39 41 29
32 36 35
30 33 33
34 34 40
30 34 30
45 43 33
29 40 34
39 41 35
32 36 29
33 33 33
34 43 49
39 43 30
49 39 33
28 40 34
39 41 35
32 36 35
33 33 33
34 43 49
39 35 30
46 46 33
34 28 34
26 27 35
32 36 35
33 33 33
34 43 44
39 43 30
37 46 33
39 40 34
39 41 35
32 36 35
29 33 33
34 43 49
39 27 30
29 36 33
39 36 34
39 41 35
32 36 35
33 33 33
33 43 44
30 43 30
49 46 25
39 32 34
32 41 26
32 36 35
33 26 33
34 29 49
30 30 30
46 46 26
37 40 34
35 41 35
32 36 35
33 33 33
33 42 49
33 39 30
33 46 33
39 40 34
39 34 32
32 36 35
33 33 32
34 29 48
39 29 25
41 29 33
39 32 34
32 41 35
32 36 35
33 33 33
34 32 31
35 43 30
49 46 33
39 40 34
39 39 35
32 36 35
33 33 28
29 36 45
28 43 30
43 35 33
39 40 34
31 41 35
32 36 35
33 33 33
34 41 49
39 43 30
41 46 29
39 40 32
39 41 30
32 36 35
33 33 33
34 30 47
39 43 30
49 46 33
39 30 34
26 41 35
32 36 32
33 33 31
34 31 37
28 37 30
49 34 33
39 40 34
36 29 31
32 36 35
33 33 33
34 43 34
39 43 30
40 31 33
28 40 34
28 35 35
32 36 28
33 33 33
34 38 44
39 43 30
32 31 33
36 40 34
39 41 28
32 36 35
33 33 33
34 43 49
30 43 30
41 46 33
39 40 30
34 34 35
32 36 35
27 33 33
34 43 49
39 43 30
32 46 33
39 40 32
39 41 35
31 36 35
33 33 33
34 41 46
39 43 29
32 42 33
39 40 34
39 41 35
32 36 35
33 33 30
32 43 44
39 43 30
49 46 32
31 40 31
39 28 35
32 25 35
33 33 33
34 43 45
39 43 30
36 41 33
25 35 27
34 25 35
32 36 35
33 33 33
33 26 49
30 38 26
27 41 33
39 35 34
37 37 35
32 36 28
33 33 33
34 41 49
39 34 30
49 37 33
39 39 34
39 41 35
32 31 31
33 33 33
34 43 39
39 29 30
36 36 33
39 33 34
33 32 35
32 36 29
33 33 33
34 43 43
39 28 30
49 28 33
27 40 34
35 37 35
32 36 35
33 33 29
34 43 38
39 43 30
49 46 33
39 40 34
39 41 35
32 36 35
31 33 33
34 34 40
29 43 30
49 46 33
39 30 34
39 41 35
32 33 30
33 33 33
34 43 35
33 43 30
30 46 33
39 39 33
39 41 35
32 36 35
33 33 33
34 43 41
39 43 30
43 46 27
39 40 34
34 41 29
32 36 35
31 31 33
34 43 49
39 26 30
45 33 29
39 29 34
39 38 35
32 36 35
33 33 33
34 43 49
39 43 30
38 46 31
39 38 34
39 37 35
32 36 35
33 33 33
34 37 49
39 43 30
38 33 33
25 40 34
31 35 35
32 36 35
33 30 33
34 31 49
39 36 30
45 46 29
25 40 34
31 41 25
32 32 32
33 33 33
34 43 47
39 31 30
35 31 33
28 40 34
29 29 35
32 36 35
33 33 33
25 37 29
39 43 26
49 46 33
39 40 34
39 41 32
32 36 35
33 33 33
34 43 39
39 43 30
34 46 33
36 40 33
36 41 34
32 36 35
33 28 33
34 33 49
39 43 30
32 35 33
36 40 34
35 41 35
32 36 35
33 33 33
34 43 43
39 43 27
44 39 33
39 40 34
39 41 35
32 36 35
30 33 33
34 43 49
39 43 29
40 44 33
39 40 34
39 41 35
32 31 35
33 33 33
28 43 49
39 43 30
49 35 27
38 40 34
36 26 35
32 25 35
26 33 33
34 25 49
29 43 30
49 46 33
39 40 29
39 41 35
32 34 35
33 33 33
34 43 49
26 43 30
49 46 33
39 40 34
39 41 35
30 36 35
33 33 33
34 34 39
39 29 30
49 31 31
32 40 34
39 41 35
26 36 35
33 33 33
34 43 39
27 42 30
43 46 33
39 40 27
39 41 27
30 36 33
33 33 33
34 34 49
37 43 30
32 30 33
39 26 26
39 41 27
32 36 35
33 33 31
34 43 32
39 43 30
42 34 33
39 40 34
39 31 35
29 36 35
33 33 33
34 43 49
39 43 30
46 46 33
39 38 34
39 41 35
29 36 35
33 33 33
34 42 33
28 43 30
38 36 33
39 28 34
39 41 35
32 36 35
33 33 33
34 43 39
39 43 30
49 31 33
39 40 27
39 38 35
32 36 32
33 26 32
34 42 36
35 43 30
49 46 33
39 40 33
39 40 33
32 36 35
31 33 33
34 43 29
37 35 30
37 46 28
39 38 34
39 35 35
32 36 35
33 33 33
33 43 49
39 38 30
25 25 33
36 32 34
36 41 35
32 36 35
33 32 33
34 32 31
34 31 30
49 46 33
39 40 34
34 41 31
32 36 35
31 33 33
34 36 30
39 43 30
42 45 33
39 40 34
39 32 29
32 29 35
27 33 33
34 43 39
38 43 30
49 33 33
32 40 34
32 41 35
32 34 35
33 33 33
34 43 47
39 39 30
48 45 33
39 40 34
39 41 35
27 36 35
33 33 33
34 43 49
35 43 30
49 28 33
39 30 34
39 41 35
29 35 35
33 33 33
34 43 49
31 41 30
34 42 33
39 40 34
39 36 35
32 27 31
33 33 33
34 43 39
39 43 30
49 40 33
34 40 34
39 41 35
32 30 35
33 33 33
28 35 49
34 42 30
31 45 33
39 40 34
39 41 35
32 36 35
30 32 28
34 39 45
39 43 30
29 33 33
35 40 34
39 41 30
32 36 35
33 33 33
34 27 41
39 43 30
41 46 33
38 40 34
31 37 34
32 36 35
33 33 33
33 32 49
30 39 30
46 46 33
39 40 34
39 30 35
32 36 35
33 33 33
34 43 35
39 43 28
49 33 33
39 40 25
33 39 35
32 29 35
33 33 32
34 43 40
30 43 30
37 46 33
39 40 34
39 29 35
32 36 28
33 32 33
34 33 43
39 27 30
39 31 33
39 40 34
39 41 35
32 31 35
33 33 33
34 43 32
39 34 30
38 42 33
39 29 34
39 41 35
32 36 35
33 33 33
34 43 49
39 39 30
30 46 32
35 37 34
39 38 35
32 36 35
33 33 33
34 43 49
27 36 30
31 35 33
38 40 34
39 32 31
32 36 35
32 33 33
34 35 49
39 43 30
43 31 33
37 39 34
36 41 33
32 36 26
33 33 33
34 43 28
26 43 30
37 42 33
33 40 34
39 41 35
32 36 34
33 33 33
34 43 49
39 43 30
49 46 33
39 39 33
39 41 35
32 36 35
25 33 33
30 40 49
39 43 30
39 40 33
39 29 34
39 30 35
32 36 35
33 33 33
34 43 40
39 43 30
39 40 33
39 40 28
34 41 26
27 36 35
33 26 33
34 43 46
35 39 30
34 44 33
39 40 34
39 37 35
32 36 35
33 33 33
34 39 38
35 32 30
49 31 33
39 32 34
39 39 35
32 36 35
33 33 33
34 43 45
39 43 30
49 46 33
39 40 33
39 39 35
31 36 35
33 28 33
34 34 49
39 37 30
49 46 31
27 27 29
39 41 35
32 36 35
33 33 33
34 43 27
27 31 30
32 41 33
30 40 34
31 41 35
32 31 35
33 30 33
34 43 47
39 43 30
30 42 33
39 29 34
39 41 35
32 36 35
33 30 33
34 37 49
39 41 30
26 41 33
39 40 34
28 39 35
31 36 35
33 28 29
34 31 43
39 43 30
49 34 33
39 40 34
39 40 27
32 27 29
33 33 33
34 43 42
28 41 30
39 46 33
39 26 34
39 36 35
32 36 35
33 32 33
29 43 37
39 43 30
48 46 33
39 40 33
39 41 31
32 36 35
33 33 33
31 37 44
39 39 30
39 33 33
39 26 31
36 41 35
32 36 35
33 33 33
34 42 45
39 41 30
49 37 33
39 40 34
39 34 35
32 30 34
33 33 33
31 38 48
39 43 30
32 46 33
26 35 34
39 41 35
27 36 28
33 33 33
34 43 49
39 43 28
31 46 33
39 35 34
34 41 35
32 30 35
33 33 33
34 34 40
38 43 30
40 46 32
30 40 34
39 41 35
30 36 28
33 33 33
34 41 40
39 39 30
48 46 33
36 40 34
39 38 35
32 28 35
33 33 33
34 37 49
35 43 30
49 46 33
39 40 34
39 41 35
32 36 32
33 33 33
34 39 37
39 37 30
28 29 32
39 38 34
29 33 35
32 36 35
33 33 33
30 43 29
34 28 30
28 46 33
39 38 34
39 30 28
32 30 35
33 33 33
34 43 33
39 43 30
27 36 33
33 40 34
38 41 35
32 36 35
33 33 33
34 43 49
37 43 30
46 30 33
39 40 34
39 32 30
32 36 35
33 33 33
34 25 33
38 42 30
25 46 33
39 32 34
39 41 31
32 36 35
33 33 33
34 43 49
26 33 30
45 32 33
38 40 34
39 29 25
32 36 35
33 33 33
34 42 36
39 42 30
35 37 28
39 40 34
39 41 34
32 36 35
33 33 33
34 43 47
36 42 30
41 31 33
39 40 34
39 37 35
32 36 35
33 33 33
25 43 49
39 43 30
49 46 33
39 40 34
35 41 35
32 35 35
33 33 33
33 33 26
39 32 30
40 29 33
39 39 34
33 39 29
32 36 35
33 33 33
34 41 36
39 42 30
32 41 33
39 40 34
39 34 33
32 36 35
33 33 27
34 43 44
39 26 30
35 31 33
30 38 34
39 35 35
32 36 35
33 33 33
33 43 27
39 43 30
49 36 33
39 32 34
39 31 35
32 36 34
33 33 33
26 28 33
39 42 30
36 28 33
39 40 34
34 38 35
32 29 35
33 29 33
34 43 49
39 43 30
49 27 33
39 27 34
29 41 35
32 36 35
33 33 33
34 38 37
39 43 30
38 46 33
39 40 31
39 39 35
32 36 35
33 33 33
29 39 49
39 33 30
49 33 33
39 40 34
39 30 30
32 26 35
33 33 33
34 43 31
26 43 30
49 30 33
39 40 34
39 26 35
32 36 35
33 33 26
34 43 49
38 29 30
42 46 33
36 40 34
39 41 35
32 36 35
33 33 33
34 28 31
35 34 30
34 32 33
39 27 34
29 41 34
29 36 35
33 27 33
32 32 31
26 26 30
49 46 33
39 29 34
39 40 35
32 36 26
33 33 33
34 43 38
39 43 30
41 34 26
39 30 34
32 41 35
32 33 35
33 33 30
34 36 35
39 43 30
43 46 33
39 38 34
35 41 35
32 33 33
33 33 27
34 43 49
39 43 30
40 45 30
39 40 34
33 41 35
32 36 35
33 33 33
34 43 42
28 31 30
29 46 33
38 40 34
37 41 30
32 36 28
33 25 33
34 43 34
31 43 30
34 46 33
39 33 34
39 32 33
32 32 35
33 33 33
34 43 34
27 33 30
37 39 33
29 40 34
39 33 35
32 36 35
33 33 33
31 43 49
26 43 30
43 43 33
39 39 34
39 32 35
32 28 35
33 33 33
34 43 46
39 32 30
49 46 33
36 40 34
36 41 26
32 36 35
33 29 33
34 43 49
39 34 30
47 46 33
39 35 34
39 41 34
32 36 35
33 33 32
34 40 33
39 32 30
49 38 33
39 40 27
35 41 35
32 36 35
33 30 26
34 43 49
39 38 30
47 36 33
39 40 34
39 41 35
32 36 35
33 33 33
34 43 44
31 36 30
49 42 33
39 34 34
35 41 35
32 36 29
33 33 33
34 43 49
39 28 30
35 36 33
28 40 34
38 38 35
32 32 35
33 33 33
34 42 49
39 42 30
46 31 33
39 40 34
25 41 35
32 26 35
33 33 33
34 34 46
28 38 30
33 46 28
28 40 34
36 32 35
32 36 35
32 33 33
34 35 49
39 43 30
44 39 33
37 36 27
39 41 35
29 36 35
33 33 33
34 43 49
27 43 30
49 46 33
39 40 34
39 41 35
32 28 35
33 33 33
34 43 49
27 32 30
41 46 33
39 40 34
39 41 34
32 36 35
33 33 33
34 34 40
38 37 30
45 46 33
35 36 34
39 41 29
31 36 35
33 33 33
34 32 47
39 43 30
49 46 33
39 30 34
39 41 32
32 36 35
33 33 33
27 43 47
39 43 30
29 29 33
36 40 34
37 27 35
32 36 30
33 33 33
34 33 46
39 36 30
37 25 33
39 34 34
39 41 33
32 36 35
33 33 26
34 37 47
39 39 30
42 34 33
39 40 34
39 28 35
32 36 30
33 33 32
34 43 44
39 43 30
42 46 33
34 40 33
39 35 35
32 36 35
32 33 33
34 43 41
39 43 30
42 36 33
39 30 34
39 35 35
31 36 35
33 33 33
34 43 49
39 43 30
49 31 33
34 38 34
28 41 35
32 29 30
33 33 33
27 27 34
35 38 30
49 45 33
29 40 34
39 35 35
31 36 35
33 33 33
34 37 47
37 43 30
49 43 33
29 38 34
35 40 35
31 36 35
33 33 33
34 38 32
39 42 30
40 31 33
39 40 34
39 32 35
32 36 35
33 33 33
34 28 30
34 38 30
36 25 33
39 40 28
26 37 32
32 36 35
33 25 33
34 43 36
31 43 30
30 28 33
39 40 34
39 41 35
31 31 35
33 33 28
29 42 28
39 41 30
31 46 33
31 36 34
39 39 35
31 36 35
33 33 33
34 43 48
39 26 25
46 46 33
39 40 34
32 29 35
32 36 35
31 33 33
34 42 49
30 36 30
36 26 33
38 40 34
39 41 32
32 35 31
33 33 29
34 40 33
30 42 30
26 46 33
39 40 30
39 36 35
32 36 35
33 33 33
29 43 31
39 32 30
41 41 33
39 40 34
39 41 35
32 36 30
31 33 33
34 41 43
39 41 30
37 29 33
39 40 34
39 41 30
32 36 35
33 30 33
31 39 49
39 43 30
45 34 33
39 40 34
33 36 35
32 36 35
33 28 33
33 43 49
39 43 30
47 35 33
36 32 34
39 34 35
32 36 35
33 33 33
34 43 49
39 33 30
39 42 33
39 34 34
39 41 35
32 36 35
33 31 30
34 43 36
39 43 30
25 46 33
35 40 34
39 41 35
31 36 35
33 33 33
34 37 41
39 42 30
49 46 33
39 38 34
39 41 31
32 36 35
33 33 26
34 43 39
39 43 30
45 46 33
33 37 34
36 29 35
32 36 34
33 33 33
34 34 39
39 43 30
49 46 33
26 28 32
39 33 35
32 36 35
33 33 31
34 43 47
39 25 30
49 46 33
39 32 34
39 41 35
26 36 35
33 26 33
34 35 39
39 34 30
47 46 33
39 38 25
39 26 35
32 36 35
28 33 33
34 39 49
35 43 30
49 44 33
28 40 34
36 41 35
32 36 35
33 33 33
30 43 49
39 43 30
46 35 33
39 40 34
39 41 35
32 36 31
33 33 25
34 43 28
34 38 30
32 38 33
39 40 34
39 41 35
32 33 35
33 33 30
34 28 37
39 43 30
49 46 30
39 40 34
36 41 35
27 36 35
33 33 33
34 43 49
39 43 30
39 26 33
38 40 34
39 41 35
32 29 35
33 33 33
34 40 46
35 35 29
49 33 30
39 40 34
39 39 35
32 36 35
33 33 33
34 34 49
39 34 30
46 40 33
25 28 34
38 41 35
32 27 35
33 26 29
34 38 44
39 38 30
44 42 33
37 40 29
26 41 35
32 36 35
33 33 33
34 40 46
38 43 30
49 29 33
39 40 34
30 41 26
32 31 35
33 33 33
29 42 41
38 43 30
49 44 33
39 40 34
39 35 26
32 36 31
33 33 33
30 43 49
31 43 30
49 46 33
39 40 34
39 41 35
31 31 35
33 32 33
29 43 49
39 43 30
44 46 33
39 40 34
39 41 35
32 36 35
33 29 33
34 43 32
39 43 30
48 46 28
39 38 34
39 41 35
32 36 27
33 33 33
34 30 26
39 42 30
43 46 33
39 28 34
39 41 35
32 36 35
33 33 33
34 38 49
39 41 30
38 44 33
39 40 34
39 41 35
32 36 35
33 33 33
34 37 39
29 43 30
49 45 33
39 40 34
39 37 35
29 33 35
28 33 33
34 32 34
39 32 30
46 28 33
39 40 32
39 41 35
32 34 35
33 33 33
34 26 38
30 27 30
49 36 33
30 40 32
39 41 34
32 36 35
33 33 33
33 35 36
39 40 30
48 31 33
26 40 29
39 27 35
32 30 35
33 33 33
34 33 41
39 43 30
47 45 33
35 27 34
29 41 35
32 36 35
33 33 33
34 43 49
25 31 30
40 46 33
27 40 34
39 41 33
32 36 35
33 33 33
34 43 49
39 34 28
40 43 33
37 38 34
39 41 35
32 36 35
33 30 33
34 43 30
39 34 30
49 46 33
39 40 34
39 41 35
32 35 32
32 33 33
33 38 29
39 43 30
46 44 33
27 35 34
39 41 32
32 33 35
33 33 33
34 43 49
39 39 30
48 46 33
39 40 34
36 41 35
32 36 35
33 33 33
34 34 42
39 43 30
46 35 33
39 40 34
39 36 35
32 29 35
33 33 33
34 43 49
39 37 30
27 34 33
39 40 29
37 41 35
32 36 35
33 33 33
34 43 47
39 36 30
28 46 33
37 39 34
39 41 35
32 36 35
33 33 30
34 42 49
39 40 30
30 46 33
39 38 34
27 41 35
32 28 35
27 33 33
27 43 44
39 43 30
40 37 33
28 40 34
37 40 32
32 36 28
33 26 33
34 29 31
39 28 30
40 43 33
39 35 34
39 41 26
27 36 35
33 33 33
29 43 43
35 43 26
37 44 33
39 40 34
39 28 29
32 36 35
33 26 33
34 43 46
39 34 30
49 33 28
39 40 33
32 37 35
32 36 35
28 33 33
29 43 49
28 32 30
25 26 33
31 40 34
38 40 26
32 36 35
33 33 33
34 38 41
39 43 30
39 46 33
35 40 34
39 33 35
32 36 35
33 33 33
34 43 34
39 43 30
45 28 33
36 39 33
39 34 26
32 36 35
33 33 33
34 36 28
39 43 30
32 46 33
39 40 34
37 36 35
32 28 35
33 33 33
34 41 32
38 28 30
28 31 33
31 32 34
39 26 35
32 36 35
33 33 33
28 43 38
37 41 30
49 46 33
39 30 32
39 41 35
32 36 35
33 33 33
34 43 44
30 43 30
49 43 33
39 40 34
39 41 27
32 34 35
33 30 33
34 27 47
36 43 30
45 36 33
39 39 34
37 31 34
29 36 35
33 33 33
34 36 48
39 39 28
35 41 33
39 40 33
39 41 25
28 36 29
33 33 33
34 43 48
39 34 27
44 46 33
39 38 34
39 41 35
32 36 35
33 25 33
34 43 49
39 43 30
34 38 33
39 40 34
34 41 33
32 36 35
33 29 33
34 43 31
39 43 30
49 27 33
32 40 32
39 30 30
32 33 30
33 33 33
34 43 42
39 33 30
49 39 33
39 30 34
32 41 32
30 36 35
33 33 25
29 29 37
39 43 30
49 46 33
36 39 26
39 37 31
32 33 31
31 31 33
34 43 48
39 43 30
49 41 33
39 35 34
39 34 35
32 33 35
26 33 33
34 25 37
39 42 30
33 46 33
27 40 34
39 41 35
32 36 35
33 33 33
34 30 49
39 43 30
36 25 33
36 26 34
39 41 35
32 26 35
33 33 33
34 38 47
38 43 30
32 38 29
39 40 34
39 41 35
31 36 33
30 33 33
33 43 33
39 43 30
45 45 33
31 40 34
39 41 35
32 36 35
30 33 33
29 42 38
39 43 30
40 42 33
33 40 34
34 41 35
32 36 35
33 30 33
32 43 49
38 32 30
30 46 33
39 36 34
39 40 28
32 36 35
33 33 26
34 43 30
33 28 30
49 36 33
39 40 34
31 41 35
32 34 33
33 33 33
27 43 49
38 37 30
49 30 33
39 38 34
39 41 35
32 36 35
33 33 33
34 43 40
39 27 30
49 46 33
39 40 34
39 41 35
32 36 35
33 33 33
34 43 49
39 33 30
48 42 33
36 31 27
39 41 35
32 36 31
33 33 33
34 35 49
39 43 30
39 43 33
25 37 34
32 41 35
32 36 35
33 33 33
34 41 33
39 25 30
49 46 33
39 40 34
31 41 31
32 34 35
33 33 33
34 42 49
34 40 30
49 46 33
31 40 34
39 41 35
32 36 35
33 33 33
30 43 34
39 43 30
38 38 33
39 40 33
39 41 35
29 33 35
32 33 33
34 43 41
38 37 30
32 39 31
39 40 34
39 36 35
32 36 31
33 33 33
34 38 49
39 43 30
49 34 33
39 40 27
39 26 35
32 30 35
25 33 31
28 43 49
39 28 30
49 36 33
39 40 34
26 41 35
32 36 35
33 33 33
34 43 34
39 43 30
49 46 32
37 38 34
32 38 35
32 36 35
33 33 33
34 43 45
33 43 28
35 46 32
39 40 34
39 41 35
32 34 35
33 33 33
34 37 35
39 37 30
35 26 33
39 37 34
39 31 35
32 36 35
26 33 33
34 28 33
39 38 30
49 45 33
33 28 34
39 41 35
32 36 35
33 33 33
31 43 49
39 43 30
47 39 26
39 40 34
39 30 35
32 26 35
33 33 33
34 40 47
39 43 30
49 46 32
39 40 34
39 41 35
32 33 33
33 33 26
28 41 33
39 28 30
39 44 33
39 40 34
39 41 34
32 36 35
33 25 25
34 43 49
39 43 30
42 46 33
39 40 34
39 41 35
32 29 35
33 33 26
33 43 38
39 40 30
36 46 33
39 31 34
39 31 35
32 31 35
33 27 33
34 43 49
36 37 28
36 28 33
39 40 34
39 28 35
32 31 35
33 33 30
34 41 37
39 43 30
48 29 33
39 40 34
39 28 32
32 36 35
31 29 33
34 30 25
39 43 30
33 45 33
39 40 34
39 41 35
29 36 35
33 33 33
34 43 48
39 43 30
48 35 33
39 40 34
39 41 35
32 33 35
33 33 33
34 43 44
28 34 30
40 28 33
39 40 29
38 39 29
32 36 33
33 33 33
34 30 49
39 43 30
49 46 33
39 33 34
39 41 35
32 36 35
33 33 33
34 43 48
33 43 30
35 46 33
28 40 34
39 41 35
32 36 35
33 33 33
32 43 41
39 34 30
29 43 33
39 27 34
39 41 35
32 32 33
33 33 33
34 43 34
39 36 30
42 46 33
39 40 34
39 30 35
32 32 35
33 33 33
34 43 49
39 43 30
43 30 33
32 40 34
39 41 35
32 36 35
33 33 33
34 43 48
36 43 30
31 39 33
39 40 34
39 41 30
32 33 35
33 33 33
34 43 37
30 43 30
43 30 33
38 35 34
38 41 35
29 36 35
33 29 31
34 33 46
39 38 26
49 30 33
33 32 34
39 29 35
32 36 34
33 33 33
34 37 29
38 43 30
49 44 31
39 29 30
30 41 35
32 36 35
33 33 33
34 43 49
39 38 30
45 34 33
35 40 34
39 35 35
32 36 25
33 33 33
34 43 44
39 38 30
47 46 30
39 40 34
39 41 35
32 29 35
33 33 33
34 41 38
34 43 30
49 32 33
39 40 25
38 41 35
32 36 35
33 33 33
34 43 25
37 43 30
33 46 33
39 40 34
30 40 30
32 36 26
33 33 33
34 43 45
39 30 30
45 41 30
39 40 34
39 31 32
31 36 30
33 33 33
25 29 45
39 43 30
37 46 33
39 29 34
39 35 35
32 36 29
33 33 33
34 28 46
39 43 30
43 46 25
39 27 34
39 41 32
32 34 35
33 33 33
34 43 49
39 41 30
42 46 33
39 40 34
39 41 35
32 36 31
28 33 30
34 29 49
39 43 30
33 46 33
39 40 31
39 35 35
32 29 35
31 33 33
32 39 37
36 35 30
49 32 33
39 29 34
29 41 35
32 34 35
33 33 33
34 34 38
39 43 30
37 32 33
32 40 34
37 41 35
32 36 35
33 33 33
34 35 34
39 39 30
25 34 33
33 40 34
39 36 35
32 36 35
33 33 33
34 43 49
39 43 30
40 32 33
37 35 34
39 41 35
32 36 32
33 29 33
34 34 37
36 43 30
49 42 33
39 35 34
39 41 35
32 30 35
33 33 33
34 43 25
39 25 30
48 46 33
39 39 34
39 28 33
32 28 35
33 31 33
34 43 30
39 43 30
49 46 33
31 38 34
39 41 35
32 36 35
33 33 33
34 42 36
39 43 30
49 46 33
39 32 34
25 41 35
32 36 35
30 33 33
34 37 49
39 43 30
45 46 25
29 33 34
39 39 35
32 36 35
33 33 33
32 43 34
32 36 30
49 34 28
39 40 34
39 41 35
32 36 35
33 33 33
34 32 40
39 39 30
41 39 33
35 40 34
39 41 27
32 36 30
33 33 28
34 32 40
39 36 30
49 44 25
39 38 34
39 41 35
32 35 29
33 33 33
28 34 48
39 39 30
38 37 33
39 29 34
39 41 35
32 31 35
33 33 33
28 32 43
39 43 30
49 29 33
37 34 34
39 33 35
32 36 33
33 33 33
34 43 30
39 31 30
33 43 33
39 40 34
30 41 35
32 36 35
25 33 33
34 43 48
39 38 30
38 46 31
39 40 34
39 41 35
32 30 33
33 33 33
34 32 39
39 43 30
25 46 33
39 40 34
38 41 35
32 36 35
33 31 33
34 43 34
27 39 30
49 46 33
30 40 34
28 41 35
26 36 35
33 33 33
34 43 33
39 43 30
49 36 33
39 40 34
39 32 35
32 32 35
33 33 29
34 30 34
39 43 30
44 46 29
39 40 34
39 39 35
32 36 35
33 33 33
34 43 49
34 26 30
43 32 33
39 40 34
39 41 35
32 36 35
33 33 29
34 42 49
36 38 30
42 28 33
39 40 34
39 41 35
32 36 35
33 33 33
31 43 26
39 43 30
40 46 33
35 34 34
36 41 35
32 36 35
33 33 33
34 25 49
39 26 30
33 46 33
39 40 32
39 41 35
28 36 35
33 33 33
34 43 33
34 31 30
36 46 33
39 34 26
30 26 35
32 36 29
33 33 33
34 33 28
29 43 25
36 31 33
39 40 34
39 41 35
32 34 35
33 33 32
34 43 34
39 43 30
29 41 33
39 40 34
34 34 35
32 36 35
32 33 33
30 38 49
39 43 30
46 38 33
34 40 34
30 41 30
32 36 35
33 33 33
28 43 49
39 33 30
43 46 33
39 40 34
39 40 35
32 36 35
33 33 33
34 32 49
39 39 30
39 46 33
26 40 33
39 41 35
32 36 30
33 33 33
34 43 40
28 43 30
49 27 33
39 40 34
26 41 35
26 36 35
33 33 33
34 43 26
33 42 28
49 27 33
39 33 26
39 41 35
32 36 28
33 33 33
34 43 49
39 43 30
35 45 29
32 40 34
39 30 35
32 36 35
33 26 33
34 33 49
39 43 25
47 46 33
39 31 34
39 35 35
32 36 26
33 33 33
34 43 30
39 36 30
44 41 28
39 32 33
39 41 28
32 36 35
33 33 26
34 43 49
33 42 30
49 35 33
39 40 34
39 37 28
32 36 35
33 33 33
34 43 35
38 43 30
49 46 33
37 40 27
39 25 35
32 36 28
32 33 33
34 43 49
39 40 30
30 33 33
38 30 34
25 38 35
32 36 35
33 33 33
34 29 44
39 43 30
49 46 33
39 40 34
39 32 35
32 36 35
33 33 33
34 43 49
39 36 30
49 28 25
39 35 25
33 28 34
32 36 35
33 33 33
34 43 38
39 43 30
49 46 33
37 40 34
39 41 33
32 36 35
33 25 33
34 43 49
39 43 30
34 42 33
39 38 32
36 41 35
32 27 35
33 33 33
34 43 49
39 41 30
32 33 33
39 40 34
39 35 35
32 31 35
33 33 33
34 43 44
39 43 30
40 46 31
39 40 34
39 41 35
28 27 35
33 33 33
34 43 35
32 36 30
40 45 33
39 40 34
39 41 30
32 36 33
33 33 33
34 42 37
39 43 30
48 38 33
39 39 34
39 41 35
30 36 26
33 33 33
34 36 49
39 40 30
46 37 33
39 40 34
39 35 35
32 35 35
33 33 33
34 38 49
39 37 30
36 34 33
39 38 34
39 41 35
32 34 35
33 33 27
34 43 41
39 39 30
28 46 33
33 40 34
39 34 35
32 36 27
32 33 33
34 43 48
36 30 30
49 36 33
39 30 34
39 41 35
32 32 35
33 33 33
34 40 48
39 28 30
33 46 33
36 40 34
39 41 35
32 36 35
33 33 29
34 43 49
39 43 30
37 38 33
39 40 34
39 41 26
32 33 35
28 32 33
34 41 45
39 43 30
49 46 33
39 40 34
33 41 34
27 36 35
33 33 33
34 43 41
39 37 30
49 46 33
37 40 34
39 41 35
30 36 35
33 33 33
34 42 36
39 34 30
36 31 33
38 40 34
39 41 32
32 35 35
30 33 33
34 43 49
39 37 30
32 46 33
39 40 34
39 27 35
32 36 35
33 33 33
34 43 49
39 37 30
49 43 33
39 40 34
26 37 35
32 36 34
26 33 33
34 43 49
39 43 30
49 46 33
39 40 34
39 41 35
32 36 28
33 31 33
34 40 31
33 32 30
49 33 33
39 40 34
39 41 35
32 33 35
33 26 33
34 29 42
39 43 30
49 44 26
39 38 34
27 41 34
29 36 35
33 33 33
34 43 45
39 43 27
36 46 33
28 40 34
30 41 35
32 36 35
33 33 33
32 43 40
39 43 30
39 31 33
39 40 32
30 39 35
32 36 31
33 33 33
34 43 41
39 34 30
38 46 33
32 40 34
29 41 35
32 36 30
33 33 29
34 34 46
39 27 30
35 46 33
39 37 34
36 41 35
32 33 27
33 33 33
34 42 45
39 35 30
49 39 33
31 40 34
31 39 35
32 36 30
33 33 33
34 43 41
39 43 30
46 33 33
39 26 34
39 41 35
32 36 35
33 33 33
29 43 49
39 43 30
36 30 33
26 32 34
39 41 35
30 36 35
33 33 33
34 43 33
39 43 30
49 42 33
39 40 34
39 32 35
32 32 35
33 33 33
34 43 49
37 43 30
49 26 33
39 38 33
39 39 32
32 36 35
33 30 33
34 43 49
39 43 30
39 32 33
39 39 34
39 41 35
32 36 31
33 33 33
34 43 31
39 42 30
47 32 33
30 35 34
39 38 35
32 33 27
33 33 33
30 43 47
39 43 30
27 46 33
39 39 34
37 31 30
32 36 35
33 33 33
26 43 49
35 38 30
46 46 33
39 29 34
39 39 35
32 36 27
33 33 33
34 42 49
34 43 30
27 46 33
32 38 34
32 41 35
31 36 35
28 33 33
34 43 27
39 39 30
49 43 33
29 38 34
31 32 35
32 36 35
33 33 33
34 37 36
39 43 30
48 39 33
26 27 34
37 30 35
32 36 35
33 33 33
34 43 49
39 27 30
43 33 33
39 37 34
39 26 35
32 33 35
33 33 33
27 40 49
39 40 30
26 45 26
26 40 33
39 41 35
32 36 35
29 33 32
34 43 49
33 43 26
29 46 32
39 33 34
39 41 35
32 36 35
33 33 33
34 36 27
39 43 29
42 46 33
34 40 27
39 41 35
32 36 30
33 28 28
34 43 44
39 43 30
34 46 33
39 39 34
25 29 35
29 36 35
31 27 33
29 43 29
39 43 30
49 46 28
39 40 34
39 28 35
32 36 35
33 33 33
34 38 32
37 43 30
29 34 33
33 40 34
39 33 35
25 36 35
33 33 33
34 43 40
39 43 30
25 43 33
39 40 34
39 40 35
32 34 35
33 33 33
34 34 42
32 43 30
43 33 33
28 28 34
39 41 35
32 36 35
33 33 33
34 30 38
39 43 30
49 46 33
39 40 34
39 41 35
32 36 32
33 30 33
34 43 43
35 34 30
28 46 33
39 27 34
39 41 35
32 36 35
33 33 33
34 43 49
39 43 30
49 34 33
25 40 34
35 31 33
32 36 35
27 33 33
34 43 31
39 39 30
41 36 31
39 40 34
39 41 35
32 36 35
27 33 33
34 41 40
39 43 30
49 42 33
39 40 34
39 33 34
32 36 28
32 33 28
34 37 49
39 28 30
35 46 33
39 40 34
39 41 26
32 36 30
33 33 33
34 43 48
39 34 30
49 46 33
37 40 34
28 36 35
32 34 35
33 33 33
27 39 34
39 28 29
31 29 33
38 40 34
30 41 35
32 36 35
33 33 33
27 37 43
39 32 30
40 46 33
35 25 29
39 36 35
32 36 35
33 33 33
30 35 36
33 42 30
35 37 33
39 25 34
39 41 35
32 36 35
33 33 33
34 33 36
25 43 30
49 46 33
37 40 34
39 40 35
31 36 35
33 33 33
34 38 27
37 43 30
43 39 28
39 36 34
39 41 35
32 36 35
33 33 33
34 43 49
29 34 30
40 29 32
39 40 25
39 31 35
29 36 35
33 33 25
34 41 46
39 43 30
27 46 33
36 40 34
30 41 26
31 36 35
29 33 33
34 43 42
39 43 30
49 28 33
39 40 34
34 41 35
32 36 35
33 33 33
34 43 47
39 43 30
49 30 33
39 40 34
39 41 35
32 33 35
33 33 29
26 43 31
39 34 30
44 30 33
39 40 34
39 31 35
25 33 29
33 33 33
34 30 32
31 43 30
43 46 33
37 28 34
39 41 35
32 36 35
33 33 33
34 43 49
39 43 30
49 46 33
39 40 34
39 29 35
32 36 35
33 33 33
34 39 35
39 32 30
46 46 33
26 40 34
39 33 35
32 35 30
31 33 27
33 40 41
32 43 30
36 46 32
39 40 26
39 31 35
32 36 35
33 32 33
34 43 46
39 42 30
30 46 33
39 40 33
39 41 35
32 36 35
33 33 33
32 35 47
39 38 30
34 46 33
27 38 34
39 41 35
32 36 35
33 33 33
34 43 47
39 43 30
49 36 27
33 40 34
39 25 27
32 36 35
30 33 33
34 43 35
39 43 30
45 46 33
39 37 34
39 41 35
32 36 29
33 33 33
34 43 31
30 38 30
49 46 29
29 40 34
27 41 34
32 36 31
33 31 33
34 25 39
39 43 30
49 30 33
27 40 34
39 38 35
32 36 35
33 33 33
34 34 49
39 27 30
49 45 33
39 40 34
39 35 35
32 27 35
33 33 33
34 38 49
32 42 30
30 38 29
33 40 34
37 29 35
32 36 30
33 33 33
34 31 45
34 43 30
49 46 33
39 40 25
39 41 35
32 36 35
33 33 33
34 36 49
30 42 30
36 46 33
39 40 34
39 41 35
32 36 35
33 33 27
34 43 38
31 28 30
49 40 29
39 40 34
31 33 35
32 29 35
33 26 33
34 32 26
39 37 30
41 27 33
27 40 34
39 30 25
32 36 35
33 33 33
34 43 49
39 43 30
49 37 31
39 40 34
39 38 35
32 36 35
33 33 33
34 43 37
39 43 30
27 46 29
36 37 34
29 32 35
32 36 34
33 33 33
34 27 25
37 38 30
49 46 33
39 40 34
37 41 35
32 36 29
33 33 33
34 42 49
39 43 30
32 46 33
34 40 34
39 36 34
32 36 29
33 33 25
34 43 49
33 43 30
47 37 33
33 40 34
39 41 35
32 34 35
33 33 33
34 42 37
39 43 30
49 41 33
39 40 34
39 38 33
32 36 35
33 33 33
33 33 49
36 34 30
30 32 33
39 40 33
36 41 35
32 34 35
33 33 33
34 38 49
32 37 30
36 46 31
38 31 34
39 37 35
32 36 35
29 33 33
34 34 43
39 43 30
44 46 33
39 39 34
28 40 35
32 28 35
27 33 33
25 43 38
39 41 30
49 41 33
37 40 34
39 27 35
32 36 27
33 33 33
25 43 49
39 43 28
41 46 33
34 37 34
33 41 31
32 35 35
33 33 33
34 40 45
34 43 30
49 46 33
39 30 34
34 41 35
31 36 35
33 33 33
34 35 26
35 41 30
45 27 33
39 35 34
39 38 35
31 36 28
33 33 33
30 43 49
39 42 30
47 43 33
26 35 34
37 41 35
32 36 33
33 33 33
34 43 49
39 43 30
49 46 33
39 40 34
38 36 35
32 36 35
33 33 33
34 39 37
37 43 30
44 45 33
39 29 34
37 41 34
32 36 26
33 28 33
32 40 35
39 43 30
35 45 33
35 30 34
26 37 35
32 36 35
33 33 33
34 43 36
39 43 30
49 38 33
39 28 32
36 25 35
32 36 35
33 28 33
34 43 44
27 43 30
45 46 33
39 32 34
38 37 35
32 36 35
33 33 33
28 43 49
39 37 30
30 40 33
28 40 34
39 29 33
32 30 35
30 33 33
34 42 49
26 33 30
33 38 27
39 40 34
39 29 35
32 36 35
33 33 28
34 42 48
39 39 30
49 46 33
39 36 34
35 30 26
28 36 35
33 33 33
34 40 46
39 43 29
49 46 31
39 40 32
36 33 35
32 36 28
33 32 33
34 27 26
39 43 30
34 46 33
39 40 34
34 41 35
32 30 35
33 33 33
34 40 41
39 43 30
42 38 33
39 40 34
39 41 35
32 34 35
33 30 33
34 43 43
38 43 30
36 25 33
39 40 25
39 37 35
32 36 35
33 33 33
33 43 28
39 41 30
39 37 33
30 40 34
39 36 35
32 36 27
33 33 33
34 43 36
39 43 30
44 46 29
39 40 32
37 41 35
31 34 29
33 33 33
34 29 49
39 43 30
43 40 33
32 35 34
39 35 32
32 36 35
33 33 33
34 43 49
39 36 30
38 44 33
32 40 34
39 31 35
32 36 35
27 33 33
34 43 36
39 35 30
49 46 33
26 40 31
39 36 31
32 36 35
30 27 33
34 43 41
39 43 30
49 35 33
39 40 34
39 41 35
32 36 35
33 33 33
34 25 48
31 43 30
47 42 31
25 28 34
35 41 35
26 36 35
33 33 33
34 36 49
39 43 30
49 39 33
28 33 34
39 41 35
27 36 35
31 33 33
34 43 49
37 43 30
49 46 33
39 38 34
34 27 35
32 34 35
33 33 33
34 34 38
39 43 30
33 46 26
34 40 34
39 41 35
30 36 35
33 33 33
34 39 49
39 25 30
39 46 33
31 40 34
39 38 35
32 36 35
33 33 33
34 39 49
39 35 30
49 41 33
39 32 34
39 41 31
32 36 35
33 33 33
32 43 30
34 37 30
33 27 33
39 40 34
39 41 35
32 36 27
33 31 33
34 43 45
39 33 30
49 33 33
37 40 34
39 41 35
32 36 35
33 33 30
34 42 49
39 43 26
26 40 30
39 40 34
39 37 31
32 36 32
33 33 33
34 40 49
39 43 26
48 38 33
25 28 31
32 41 35
32 32 35
25 33 33
34 41 46
39 35 30
44 46 33
26 40 28
38 41 35
32 36 35
33 33 27
34 30 49
39 41 30
49 46 33
37 39 34
39 32 35
32 36 35
33 33 33
26 43 37
31 43 30
40 30 33
39 37 34
39 38 35
32 36 28
33 33 33
34 43 28
39 31 30
31 30 33
39 40 34
39 37 35
32 36 35
33 33 33
26 34 49
27 43 30
49 46 33
32 40 34
39 41 35
32 36 27
33 33 33
34 43 47
39 27 30
38 45 32
39 38 34
32 29 35
32 36 33
33 33 33
34 43 49
39 33 30
29 43 33
39 27 34
39 35 35
32 36 35
33 33 33
34 43 49
39 43 30
26 37 33
39 37 34
29 41 35
32 29 35
33 33 33
34 34 45
26 43 30
40 37 33
39 40 34
34 41 35
32 27 35
33 29 33
34 43 36
39 43 30
49 46 28
39 40 34
28 41 35
32 36 35
33 33 33
34 36 49
39 40 30
34 41 33
37 40 34
39 41 35
26 36 35
29 33 33
34 43 49
37 43 30
44 40 33
39 40 34
39 41 35
32 36 35
33 33 30
34 43 27
39 43 30
33 40 33
39 40 34
39 41 35
26 36 35
33 26 33
34 43 49
39 38 30
42 46 33
39 33 34
39 33 35
32 36 26
33 29 33
34 43 39
39 42 30
30 46 33
39 40 34
36 41 35
31 36 25
33 30 33
32 28 42
39 35 30
49 46 33
39 40 34
39 41 34
32 36 35
33 33 33
34 43 42
33 37 30
36 39 33
29 40 34
39 36 25
32 36 35
33 33 33
34 43 49
39 30 30
49 30 33
39 40 34
39 41 35
32 36 35
33 33 33
34 43 49
39 36 30
27 42 31
39 40 34
39 27 35
32 36 34
33 33 33
34 42 49
39 37 30
49 42 33
30 28 34
37 41 35
32 36 31
33 33 33
34 33 37
39 39 30
49 46 27
39 33 34
38 33 35
32 32 35
33 32 33
34 36 48
39 43 30
37 46 33
35 31 34
39 41 35
31 29 29
33 33 33
34 39 49
39 43 30
49 33 33
26 27 34
39 37 35
32 36 35
33 33 33
34 38 49
39 43 30
49 31 33
39 40 34
39 41 35
31 36 35
33 33 33
34 27 49
38 33 30
34 46 33
39 40 34
39 33 29
32 36 34
33 33 33
34 35 45
39 43 30
28 36 33
39 40 34
39 41 35
29 36 35
33 33 33
34 43 49
38 41 30
49 38 33
39 36 34
39 38 35
32 36 35
33 33 33
34 39 49
39 43 25
49 43 33
38 40 33
39 38 27
32 36 35
32 33 33
34 38 49
26 43 30
49 38 33
39 40 28
36 40 35
32 35 30
33 33 33
34 40 48
39 34 30
27 46 33
39 32 28
39 34 35
32 36 35
33 28 26
34 43 43
39 28 30
48 38 33
39 34 34
37 41 35
32 36 35
33 33 33
34 43 47
39 39 30
48 46 33
39 40 34
26 34 35
32 36 35
33 33 31
33 36 34
39 28 30
49 46 33
39 40 34
29 41 35
32 34 33
33 33 31
34 43 49
39 37 27
49 46 33
39 40 34
34 34 35
26 36 35
33 33 33
29 37 49
39 32 30
40 46 32
39 37 34
39 35 35
32 36 35
33 33 33
32 43 38
39 35 30
37 33 33
39 38 34
39 39 35
32 36 33
33 33 33
34 37 37
39 43 30
41 43 27
35 40 29
39 41 35
32 36 26
33 33 33
34 25 40
39 43 30
36 46 33
39 40 31
39 41 35
32 36 35
33 33 33
34 43 46
37 37 30
49 46 33
27 35 34
39 38 35
29 36 35
33 33 27
34 43 39
39 43 30
42 46 33
39 40 34
39 36 35
32 36 30
33 33 33
31 43 49
38 43 30
49 26 33
39 27 34
31 41 33
32 31 35
33 33 33
33 43 49
31 37 30
49 27 25
39 40 34
36 41 35
32 32 35
33 33 32
34 31 29
39 30 30
49 46 33
35 40 34
39 41 35
32 36 35
31 33 33
34 27 41
39 43 30
45 38 33
39 40 34
39 41 35
32 36 35
33 33 33
34 43 46
39 38 30
29 46 31
39 35 34
39 33 35
32 36 35
33 33 33
34 31 45
29 43 30
45 30 33
29 40 34
39 40 35
32 36 35
33 29 33
34 40 42
39 30 30
44 35 33
33 40 34
39 41 35
32 26 35
26 33 30
34 32 27
39 27 30
30 32 33
29 40 34
39 36 31
32 36 35
25 33 33
34 43 29
39 43 30
49 46 33
39 40 34
39 41 25
32 32 32
33 33 32
34 43 34
39 43 30
35 46 33
35 40 34
39 41 31
32 36 35
31 33 33
34 43 49
28 27 30
48 46 33
39 40 34
30 41 35
27 36 35
33 33 33
34 43 49
39 43 30
36 46 32
39 35 34
39 41 35
32 36 30
33 33 26
34 43 31
37 40 30
37 41 33
39 40 34
39 41 29
32 36 35
33 33 33
34 36 25
36 43 30
37 46 31
34 40 32
36 41 35
32 34 35
33 33 33
34 40 29
31 43 30
45 46 33
39 34 34
39 41 35
32 27 35
33 27 33
34 43 42
39 25 30
49 46 33
39 40 34
39 29 35
32 36 35
33 33 33
34 34 49
38 26 30
33 46 33
39 35 34
35 41 35
32 36 35
33 33 33
34 40 47
39 31 30
49 46 33
39 40 34
39 39 35
32 36 35
27 33 33
34 43 42
39 43 30
46 32 33
29 29 34
39 31 35
32 36 35
33 33 29
29 43 38
31 43 30
49 46 33
39 40 34
39 39 35
32 36 29
33 33 33
34 40 34
38 42 30
26 40 27
30 40 30
39 41 26
32 34 28
33 33 33
34 38 33
34 43 30
37 46 33
39 40 34
39 41 35
32 27 35
33 33 29
34 40 37
39 43 30
41 36 33
39 40 34
39 36 35
32 36 35
33 33 33
34 27 33
28 43 30
49 46 33
39 32 27
39 41 35
32 31 34
33 31 33
34 32 49
35 43 30
32 28 33
37 28 34
35 41 35
32 28 35
33 33 33
34 43 43
36 43 30
46 44 33
39 40 34
39 41 35
32 27 35
33 26 33
34 41 48
39 42 30
45 41 27
27 35 34
39 41 35
25 35 35
33 33 33
34 38 31
33 43 30
28 40 33
39 40 34
39 26 35
32 31 26
33 33 33
34 43 39
38 43 30
44 46 33
39 40 34
39 41 35
32 36 35
26 33 33
34 42 33
25 43 30
32 46 33
39 40 34
39 41 35
30 36 35
33 33 31
34 43 49
39 43 30
34 46 33
37 40 34
39 29 35
32 36 26
33 33 33
34 27 49
39 43 30
40 37 33
39 33 34
35 37 35
32 36 35
33 33 33
29 43 49
39 43 30
43 27 33
36 40 34
39 35 35
32 33 35
31 33 33
34 30 49
34 43 30
32 45 33
39 40 34
39 41 35
32 36 35
33 33 33
28 43 46
39 43 30
35 46 33
39 40 34
26 26 35
32 26 35
33 33 33
34 35 37
39 43 30
33 46 27
39 30 28
32 41 35
32 31 35
33 33 33
34 33 36
39 32 30
49 29 33
39 40 34
32 41 35
32 36 35
33 33 33
34 33 49
39 43 30
49 46 33
39 40 34
39 38 34
32 36 35
33 33 33
34 36 30
37 43 30
49 46 27
39 40 27
39 41 35
32 36 35
33 33 33
34 43 49
27 39 30
43 34 33
37 40 34
31 33 26
32 36 35
33 33 33
34 43 49
39 43 30
49 44 33
39 40 34
37 41 35
32 32 35
33 33 33
34 41 32
39 43 30
36 46 33
39 40 34
39 36 35
32 36 29
33 33 33
30 43 49
39 43 30
49 33 33
39 40 27
27 41 35
32 36 35
33 33 33
34 32 31
39 43 30
47 46 33
39 40 34
39 41 35
32 36 35
33 33 33
28 43 34
39 43 30
49 25 33
39 40 34
39 41 35
32 30 35
33 33 33
34 30 49
38 43 30
38 43 33
39 36 34
39 41 35
32 36 35
28 33 33
34 37 33
39 34 30
40 43 33
29 40 34
39 41 34
32 36 35
33 27 33
26 43 26
39 43 30
47 35 33
28 40 34
39 38 35
32 36 34
33 33 33
34 41 39
25 43 30
49 43 33
39 40 34
39 41 35
32 36 35
33 33 33
34 43 49
39 43 30
32 46 33
39 33 34
39 41 30
32 36 35
33 33 33
32 43 48
39 43 30
45 38 33
35 40 34
39 41 35
32 36 35
33 33 27
34 43 32
35 36 30
44 46 33
39 26 34
33 41 35
32 36 35
33 33 33
34 43 47
39 29 29
39 27 27
39 40 34
28 41 35
31 36 35
33 33 33
34 43 37
27 43 30
35 46 33
39 39 34
39 41 35
27 31 35
33 33 33
34 38 49
39 43 30
44 46 28
39 40 34
39 41 35
32 25 35
33 33 33
34 41 36
33 40 30
34 46 31
39 30 34
39 31 35
32 36 33
33 33 33
34 43 48
34 28 30
45 31 33
30 29 29
39 30 35
32 36 35
33 33 33
34 38 36
39 43 30
49 35 33
34 40 25
39 41 35
32 36 31
33 31 33
34 32 27
39 42 30
47 40 32
39 27 34
39 33 35
32 36 35
33 33 33
29 43 47
39 38 30
41 36 25
39 40 27
36 41 35
32 36 31
33 33 33
34 43 45
39 43 30
46 35 29
39 40 34
39 31 35
32 36 25
32 33 33
34 36 36
29 32 30
32 42 33
32 37 34
36 41 35
32 36 34
30 33 33
34 37 49
36 43 30
42 42 33
33 38 34
39 41 35
32 36 35
33 33 33
34 33 39
39 43 30
49 27 33
33 28 34
31 41 35
32 30 35
33 33 33
34 43 49
39 43 30
41 41 33
37 28 34
27 41 35
32 36 35
33 32 33
34 38 46
39 43 30
27 25 33
31 40 34
39 41 35
32 36 35
27 32 33
34 43 37
35 32 30
49 31 25
39 28 34
39 39 30
32 31 35
30 33 33
33 39 49
25 43 30
43 39 33
39 40 34
39 41 28
32 36 35
25 33 33
34 43 49
35 43 30
34 46 32
39 38 34
34 41 35
32 36 35
33 33 29
34 43 46
36 43 30
46 46 33
39 40 34
39 39 35
32 36 35
33 33 33
34 43 49
39 43 30
49 26 33
39 40 32
31 40 30
32 36 26
30 30 33
32 43 49
39 43 30
48 45 33
37 31 34
39 33 35
32 26 35
33 33 33
34 43 49
38 34 30
32 31 33
39 40 34
39 41 29
32 36 35
33 33 33
34 43 49
39 43 30
49 44 33
39 40 34
39 41 28
30 30 35
33 33 26
30 43 49
39 43 30
28 33 33
39 30 34
36 41 35
32 35 28
33 33 33
30 28 49
39 31 30
46 45 33
39 31 34
39 33 33
31 36 32
33 33 33
34 29 45
33 43 30
36 29 33
39 40 33
28 30 35
32 36 30
33 33 33
34 30 49
34 43 30
31 46 33
39 34 27
39 41 35
32 36 35
33 33 33
34 41 49
39 43 30
49 31 26
31 40 34
39 41 35
32 34 35
33 33 33
34 43 49
28 38 30
39 45 33
39 33 34
39 41 35
32 36 35
33 33 33
34 43 49
37 26 30
26 46 33
39 30 34
35 38 31
32 36 35
33 33 30
34 33 38
39 41 30
49 46 33
36 40 34
39 37 35
32 36 35
33 32 33
34 43 39
39 40 29
32 46 33
39 40 34
35 28 35
28 36 29
33 33 33
34 43 45
39 33 30
32 40 33
39 40 34
27 41 35
32 36 35
33 33 33
34 38 42
36 37 29
33 46 33
39 40 34
39 27 35
32 35 35
33 33 33
34 42 45
39 43 30
34 46 33
39 40 34
33 32 35
32 35 35
33 33 33
25 43 38
39 37 30
30 46 33
36 36 33
39 39 35
32 36 35
30 33 33
34 43 30
35 40 30
29 46 33
39 26 30
39 40 35
32 36 26
33 32 33
34 43 49
39 43 30
49 42 33
35 39 34
39 41 35
32 33 35
33 33 33
34 26 49
31 43 30
40 39 25
39 40 33
36 38 35
32 36 35
33 33 26
34 39 44
39 43 30
37 46 33
39 40 34
32 41 35
32 36 27
33 33 33
34 43 40
39 43 30
49 46 33
39 40 34
39 36 35
32 30 35
33 33 33
34 43 39
39 43 30
49 46 33
39 40 34
39 38 35
28 36 35
33 33 33
34 43 49
37 28 30
47 25 32
39 34 34
39 41 29
32 36 35
33 33 33
34 43 40
39 34 30
31 39 33
30 40 34
35 30 35
32 36 35
33 33 33
34 39 49
39 29 30
48 46 33
39 40 34
29 41 35
32 36 35
33 33 33
34 43 47
39 43 30
43 33 33
39 40 34
34 37 35
27 36 35
33 33 33
34 43 44
26 43 30
47 45 33
34 40 34
38 37 33
32 36 31
29 25 33
34 39 49
39 41 30
48 30 33
39 36 30
39 26 34
32 36 35
33 33 33
34 43 45
34 41 25
38 34 33
39 40 34
39 36 35
32 36 26
33 32 33
34 43 49
25 35 30
49 46 33
38 40 34
39 41 35
32 36 35
30 33 28
34 43 49
26 35 30
46 43 30
39 38 32
38 33 35
27 36 29
33 29 33
34 40 49
39 36 30
40 46 33
39 37 34
39 41 35
32 36 35
33 33 33
34 43 34
39 28 30
46 46 32
35 40 34
33 28 35
32 30 35
33 33 33
33 28 49
33 43 30
34 46 33
31 40 34
36 41 35
32 36 28
33 33 33
34 43 49
32 43 30
36 38 33
39 37 34
33 37 35
32 36 35
33 33 33
34 43 39
39 43 30
49 46 33
28 40 34
39 41 35
32 26 35
33 33 33
34 43 44
39 31 30
47 44 33
39 40 34
39 26 35
32 36 35
33 33 33
29 43 30
26 43 30
39 35 33
39 40 34
31 41 35
32 36 30
33 33 33
34 37 39
39 43 27
42 39 33
32 40 34
39 29 33
32 36 35
33 33 33
34 43 49
39 36 30
26 46 33
39 40 34
36 41 35
32 36 32
33 29 33
34 43 49
39 38 30
49 38 33
39 40 34
36 41 35
32 36 35
33 33 33
34 35 37
31 43 30
49 46 33
37 40 34
32 41 35
32 36 29
33 33 32
34 39 49
39 25 30
45 45 33
32 40 34
32 41 35
32 36 32
33 33 33
34 43 49
38 43 29
49 39 26
39 40 34
37 37 35
32 36 33
33 33 33
34 42 49
28 36 30
49 46 33
38 32 34
39 41 35
26 36 35
33 33 33
34 31 30
39 43 30
41 46 33
25 39 34
39 41 35
32 36 26
33 33 33
34 43 49
39 28 30
49 46 33
39 34 34
29 41 27
32 31 35
33 33 33
34 32 44
25 29 30
26 46 33
28 31 34
39 28 35
32 36 35
33 27 31
34 35 49
39 43 30
49 46 33
39 25 34
39 41 32
32 36 31
33 33 33
34 33 36
35 40 30
40 46 33
39 37 34
39 41 35
32 36 35
33 33 33
34 43 33
39 43 30
32 30 33
39 40 29
36 38 32
32 36 35
33 33 33
34 39 49
36 28 30
35 46 33
36 40 30
28 41 35
32 36 35
33 28 28
34 38 37
39 28 30
49 28 33
39 40 34
26 40 35
32 36 35
33 33 33
34 43 48
39 43 30
35 34 33
39 40 34
39 34 35
32 36 35
33 28 33
34 43 49
33 43 30
49 38 33
34 40 34
39 38 35
32 36 35
33 33 33
34 35 33
39 43 30
49 35 31
39 40 34
29 34 35
32 26 35
33 33 33
34 39 36
28 43 30
43 42 33
36 39 34
34 41 28
32 27 35
33 33 33
34 43 40
39 33 28
44 46 33
33 33 34
39 41 35
32 36 35
33 33 33
34 41 49
31 43 30
45 43 33
39 40 34
34 41 35
32 36 34
33 33 33
26 43 49
29 43 30
49 42 26
39 40 31
39 41 35
32 36 34
33 33 33
34 35 32
25 35 30
49 40 33
39 39 31
27 41 35
32 36 32
33 33 33
34 43 30
39 28 30
37 28 33
36 33 34
39 41 35
32 36 29
33 33 33
31 40 40
39 43 30
30 46 33
39 39 34
37 41 25
32 36 35
33 33 33
34 43 49
39 43 30
42 32 33
39 40 34
39 38 35
28 36 35
33 30 33
34 40 37
39 30 30
39 46 33
39 40 34
39 35 35
32 36 35
26 33 33
34 43 49
35 43 30
38 32 33
39 40 34
36 27 35
32 36 33
33 33 33
34 43 30
29 43 28
42 46 29
37 39 34
39 41 35
32 36 35
33 33 28
34 31 46
39 33 30
45 27 33
39 40 34
39 41 35
32 36 35
33 33 33
34 27 34
35 43 30
48 46 33
33 26 34
36 41 35
31 36 35
33 33 33
34 31 49
29 43 30
33 46 33
39 40 34
36 30 35
30 36 31
33 33 33
34 34 37
33 43 30
40 39 33
34 40 34
39 41 35
32 34 35
33 33 28
34 34 35
39 43 30
31 46 33
39 33 34
39 41 35
32 34 32
33 33 33
34 35 47
35 43 30
49 35 33
39 40 34
39 41 35
32 36 35
32 33 28
34 42 48
31 36 30
45 41 33
39 37 34
39 37 35
32 30 35
33 28 30
34 43 37
39 43 30
39 46 33
39 26 34
39 41 35
32 36 28
33 33 33
34 36 29
32 43 30
38 46 33
39 40 34
35 41 35
32 36 35
33 33 33
34 43 38
39 43 30
34 38 33
39 40 34
36 41 35
32 36 35
33 33 26
34 43 40
39 43 30
49 39 33
39 39 34
39 41 35
32 36 35
33 33 31
34 37 49
39 43 30
41 36 33
38 33 33
30 38 35
32 36 35
28 33 26
34 43 36
39 40 30
32 46 33
39 40 34
39 41 35
32 36 29
33 33 33
30 32 49
28 43 30
33 46 33
39 37 34
39 34 35
32 36 29
33 33 33
30 43 49
39 43 30
33 46 28
39 40 30
39 31 35
32 36 35
33 33 26
34 43 49
28 28 30
37 45 33
34 40 34
39 39 35
32 36 35
29 33 33
34 43 49
39 43 30
49 43 33
39 32 34
39 41 35
27 36 35
33 33 33
28 43 45
39 43 30
42 46 33
31 33 28
39 29 35
32 36 35
33 33 33
34 43 31
39 43 30
40 43 32
34 40 34
29 33 35
32 36 35
33 33 32
34 27 30
39 43 30
49 46 33
38 36 34
39 41 35
32 29 35
33 33 33
34 43 49
34 40 30
43 46 33
39 32 34
39 41 35
32 36 29
33 33 33
34 43 29
39 43 30
49 28 33
37 39 34
39 41 35
32 36 35
33 33 33
34 43 49
39 38 30
41 34 33
39 38 33
31 36 35
31 36 35
25 33 27
34 36 49
39 29 30
49 46 33
39 40 34
35 41 35
31 36 35
31 33 31
34 43 49
39 26 30
49 46 28
39 40 26
33 41 35
32 36 35
27 31 30
34 43 49
31 28 30
40 36 30
39 40 26
39 38 34
32 36 35
33 33 26
34 43 40
39 43 30
37 45 33
33 29 34
39 41 35
32 36 35
33 33 28
29 43 45
39 38 30
43 46 33
39 40 34
38 39 35
32 29 35
33 33 33
26 27 27
33 43 30
39 46 33
39 40 34
39 41 35
32 36 35
33 33 32
34 36 44
36 43 30
49 45 33
39 40 34
36 41 31
32 36 32
33 33 33
34 43 49
39 43 30
41 39 33
39 40 34
39 41 35
32 36 35
28 33 33
34 43 35
39 30 30
25 46 25
31 40 34
39 41 35
32 36 35
33 33 29
31 43 26
39 43 30
49 40 33
39 40 34
32 40 35
26 36 35
33 33 33
34 43 37
39 43 30
31 35 33
36 34 34
