14 4 5
326 879 1221
419 805
278
509 969 1557 1949
590 844 1518 2185
590 970 1338 1813
600 846 1625 1878
522 932 1335 2151
525 824 1539 1962
518 937 1390 2157
536 872 1502 1890
597 972 1618 2072
595 860 1626 2060
609 894 1438 2039
504 933 1390 2000
561 946 1338 2181
539 949 1522 2086
7 10 9 9
5 8 6 5
5 10 5 9
6 10 5 5
8 7 6 10
8 10 10 6
8 6 6 8
9 9 7 7
8 9 6 9
8 5 6 6
7 6 10 6
5 5 6 10
7 8 7 6
5 5 6 5
8 4 3 2
3 1 3 3
1 0 2 4
0 2 0 1
5 0 2 1
1 3 1 2
1 2 3 2
1 0 1 2
2 0 1 0
2 6 1 2
0 1 1 0
1 0 2 5
0 0 2 4
1 2 3 1
1 1 1 1
