14 4 5
630 1013 1624
414 895
405
799 1534 2122 2700
761 1496 2126 2903
860 1424 2186 2701
798 1522 2176 3208
817 1406 2343 3202
822 1642 2009 3138
735 1455 2223 2819
767 1481 2239 3169
748 1474 1986 2715
773 1462 2155 3049
825 1482 2307 2763
822 1486 1961 3197
776 1576 2036 3082
823 1612 2007 3148
10 10 10 7
8 7 8 6
10 8 10 10
6 5 8 7
8 10 10 9
9 9 8 9
9 6 9 7
6 9 9 8
10 9 6 10
10 6 6 8
9 5 6 6
10 6 5 8
10 7 7 10
5 7 9 7
1 6 7 1
0 3 1 2
2 2 5 0
5 2 0 0
2 1 0 1
1 0 1 2
3 1 1 5
1 2 2 2
2 0 1 1
3 1 1 3
3 5 2 4
1 6 1 1
0 2 1 3
2 1 4 3
1 0 5 2
