14 4 5
437 1000 905
396 654
160
535 1068 1612 1787
588 971 1737 1971
585 1121 1516 1904
591 1036 1656 1785
523 1020 1617 1869
554 1138 1743 2080
535 1041 1604 1887
581 1047 1635 2013
527 1137 1715 2110
572 957 1537 2124
515 994 1531 1858
527 988 1683 1999
521 1099 1688 2011
506 963 1723 1822
9 9 6 7
10 5 9 8
6 6 8 7
6 5 10 5
7 6 8 8
8 10 10 10
5 9 10 7
9 8 5 10
8 10 8 9
7 7 9 6
9 8 8 7
10 7 9 5
8 7 6 8
10 9 10 7
6 0 7 3
3 2 0 0
1 4 1 4
3 2 0 2
1 1 1 5
1 2 3 4
1 2 0 0
2 0 2 1
1 2 0 3
1 2 2 3
3 0 1 1
2 3 0 2
0 2 3 1
1 4 0 5
3 2 0 1
