14 4 5
395 900 1415
535 976
407
546 1008 1576 2123
551 998 1432 2045
532 1033 1466 1847
550 973 1502 2175
534 917 1560 2157
506 1004 1404 1832
484 1019 1642 1847
507 925 1656 1995
524 1056 1694 2038
505 923 1439 2128
540 1082 1601 1955
551 911 1493 2010
572 933 1667 1974
500 1015 1470 1869
9 5 10 6
9 7 8 5
7 9 8 6
5 7 8 8
5 7 9 10
7 9 7 6
5 9 8 8
10 5 9 8
5 10 10 8
9 6 10 6
9 8 5 7
5 5 9 5
6 7 5 9
6 9 5 7
3 3 7 2
0 1 0 0
2 3 0 5
0 1 3 1
0 0 1 4
1 0 2 1
2 1 4 5
1 0 1 5
1 1 3 3
3 1 1 0
6 2 3 1
1 4 0 8
1 1 2 3
1 1 1 1
4 2 2 1
