14 4 5
759 1098 1920
583 1272
871
918 1737 2448 3420
891 1563 2604 3482
825 1476 2341 3706
916 1699 2508 3881
965 1498 2490 3490
953 1637 2411 3508
952 1599 2485 3691
900 1547 2501 3460
954 1721 2332 3777
953 1777 2758 3647
989 1737 2484 3542
873 1504 2770 3369
879 1719 2729 3706
893 1586 2658 3361
8 9 7 10
5 6 10 7
7 6 8 9
9 8 10 8
9 8 7 7
8 7 10 9
10 6 10 10
8 8 8 5
5 8 10 8
8 6 8 7
5 8 9 10
6 9 8 8
10 9 7 5
7 9 6 6
3 10 2 4
2 1 0 0
3 0 3 0
5 4 0 2
1 3 1 0
1 0 0 1
0 3 0 1
1 2 1 1
2 2 2 3
4 1 2 3
1 2 1 0
3 1 0 1
2 0 3 0
1 2 3 2
0 1 1 1
