14 4 5
351 1403 1849
1018 1261
283
806 1230 2393 2777
700 1322 2471 2716
737 1176 2102 2603
822 1223 2165 3019
787 1340 2324 2664
722 1162 2150 2569
718 1277 2215 2856
822 1364 2266 2630
837 1342 2361 2736
717 1294 2458 2911
806 1370 2342 3026
797 1364 2331 2694
794 1221 2395 3029
846 1183 2169 2627
8 8 9 9
7 7 10 5
6 9 9 5
7 6 7 8
8 7 5 6
6 9 8 7
5 10 8 7
5 5 6 7
10 10 5 10
5 8 6 5
7 9 7 6
7 6 6 7
9 8 8 8
6 8 6 9
5 6 5 1
0 3 2 1
1 0 5 2
1 3 1 1
2 1 3 0
1 3 0 1
0 0 1 1
1 1 7 0
2 3 0 0
3 1 1 4
1 2 0 6
0 1 1 2
0 0 0 2
2 4 0 2
1 2 1 0
