14 4 5
428 518 1259
188 741
645
636 1131 1332 2156
530 1075 1559 1899
594 1068 1557 2081
614 1065 1363 1939
555 1182 1496 1894
600 1117 1552 2136
640 1205 1548 1994
571 1004 1382 2222
527 1220 1564 2006
565 1016 1612 1957
583 1166 1490 2136
609 1208 1416 2089
619 1010 1388 1958
585 1106 1334 2115
5 10 10 9
7 9 10 9
6 10 9 10
6 10 10 9
9 7 9 9
8 8 5 7
5 5 7 7
5 7 8 6
7 9 10 6
10 8 6 7
8 9 6 10
9 9 8 8
10 10 5 5
9 5 10 8
4 10 1 3
0 4 1 4
0 2 3 1
1 5 0 5
0 2 2 0
5 1 2 1
4 0 3 2
0 2 3 1
2 0 4 0
1 2 1 2
4 1 2 1
2 3 10 1
6 1 2 0
2 3 0 0
1 1 0 0
