14 4 5
271 755 1060
510 904
436
467 795 1376 1905
544 761 1273 1969
558 830 1288 2027
550 787 1424 1770
538 792 1365 2018
491 804 1415 1685
556 832 1450 1889
556 872 1283 2041
514 789 1276 1867
548 766 1334 1778
558 783 1356 1990
525 729 1453 1858
547 847 1276 1908
476 839 1258 1910
9 6 6 10
7 10 8 8
10 9 9 10
7 10 5 5
10 10 6 5
5 5 7 7
6 6 7 6
7 7 9 10
7 7 10 8
7 5 8 5
8 10 7 7
5 5 7 9
10 5 8 6
7 10 9 10
3 11 1 1
0 0 3 1
3 1 3 2
3 3 3 2
5 5 0 0
0 1 1 1
3 1 4 1
2 3 3 1
0 1 0 1
0 2 2 3
2 6 1 1
1 1 2 1
0 0 1 3
4 1 0 2
7 1 0 2
