14 4 5
355 944 1161
563 778
163
611 1020 1646 1868
569 1082 1488 2122
611 1119 1660 2089
580 1040 1647 1969
517 1056 1495 2220
576 968 1607 1849
548 1013 1509 1999
580 1127 1697 2164
527 947 1553 2052
511 1053 1422 2226
595 1125 1523 1877
623 1023 1667 1842
544 1072 1598 1855
574 1074 1552 1859
5 10 8 6
8 7 9 7
6 7 9 5
8 8 8 9
5 7 7 9
7 9 5 10
10 10 7 9
10 8 10 7
6 9 5 7
8 7 8 8
10 9 6 9
8 9 6 7
6 10 8 9
7 8 5 10
0 0 0 4
3 3 0 2
2 0 2 0
3 0 3 7
3 2 1 1
0 1 3 2
0 2 3 1
2 1 3 2
1 1 3 0
1 1 1 1
0 1 2 3
2 1 3 3
4 0 0 2
2 1 0 1
4 0 1 2
