14 4 5
431 731 1322
339 874
521
498 970 1358 1974
491 1037 1370 1725
503 1097 1364 2070
563 940 1581 2000
564 1010 1472 1825
504 930 1589 2088
492 934 1532 1765
525 1113 1388 1748
471 1063 1544 1835
499 1092 1615 1836
562 974 1638 1931
531 1088 1586 1924
563 1108 1539 1838
559 1035 1621 1808
8 10 8 9
8 8 10 10
9 8 10 10
8 5 7 9
7 9 9 10
7 9 10 8
5 6 5 8
6 8 10 7
8 8 10 10
9 8 8 7
7 8 5 8
5 9 5 6
6 7 6 7
8 7 10 7
13 2 2 2
1 2 1 1
1 0 1 1
1 5 2 0
2 1 3 4
2 0 3 1
2 0 1 2
1 3 0 1
1 2 1 4
0 2 2 0
1 3 1 2
1 1 2 2
2 1 1 4
2 0 4 1
1 2 2 0
