14 4 5
570 1091 2246
673 1776
880
975 1680 2528 3773
1042 1718 2517 3911
1049 1571 2632 3938
1069 1621 2758 3689
981 1581 2651 3732
991 1759 2918 3908
914 1570 2744 3994
1025 1711 2586 3515
937 1523 2823 3568
921 1495 2633 3518
1026 1681 3058 3566
1059 1486 2767 3591
1051 1533 2786 3703
1053 1571 2806 4012
7 6 5 5
5 6 9 7
7 8 7 10
6 7 8 7
10 6 8 8
5 6 10 6
5 10 10 6
8 10 5 6
5 7 7 5
10 5 5 6
5 9 5 6
9 5 10 7
5 9 5 7
8 5 8 6
0 6 5 3
1 1 0 2
4 4 3 0
2 1 6 2
2 2 0 1
0 0 2 5
2 1 4 0
2 1 1 1
0 2 4 0
3 0 2 0
2 2 4 0
4 3 2 4
3 2 3 3
0 0 2 0
2 2 0 2
