14 4 5
776 1418 1917
640 1588
940
911 1757 2450 3480
1027 1771 2395 3429
933 1922 2497 3985
899 1982 2641 3533
1030 1839 2644 3918
1068 1763 2397 3538
922 1877 2714 3485
934 1774 2360 3973
1071 1769 2756 3883
940 1723 2470 3556
1047 1952 2823 3688
1044 1774 2675 3929
1086 1751 2724 3548
978 1983 2753 3645
9 10 8 8
10 5 7 9
9 8 5 8
10 9 7 10
5 9 9 8
9 7 7 5
8 7 6 7
7 5 10 5
6 8 9 6
8 7 10 8
7 9 6 9
6 6 9 8
10 6 10 10
5 10 8 10
2 4 6 1
5 0 0 1
0 0 1 2
0 2 1 1
2 3 1 2
1 0 1 1
0 2 1 0
1 0 1 0
2 1 1 2
2 2 1 0
2 0 0 2
0 0 3 5
0 0 0 2
1 1 3 0
0 0 1 1
