14 4 5
466 1222 1535
696 932
265
642 1207 1981 2272
672 1331 1816 2676
691 1252 1867 2642
672 1163 2031 2452
645 1204 1773 2540
686 1308 1961 2680
632 1174 2040 2408
609 1306 1799 2559
620 1257 2050 2581
627 1293 1971 2700
661 1152 1695 2500
714 1195 1814 2300
688 1305 2046 2713
676 1167 1778 2618
5 6 10 8
8 10 5 7
10 9 5 5
6 10 8 8
6 10 6 8
9 7 6 8
9 10 10 9
6 10 10 6
6 9 8 7
9 6 7 9
8 8 7 7
8 6 9 9
8 8 10 8
8 9 9 10
6 5 6 2
0 0 3 2
2 1 2 1
1 1 3 2
2 2 3 1
2 1 1 1
0 2 1 0
1 2 0 3
1 0 3 3
2 1 1 0
1 1 2 10
0 2 3 3
2 3 1 4
0 6 1 0
1 1 1 4
