14 4 5
480 1612 1691
859 1171
366
667 1323 2372 2802
789 1282 2055 2835
738 1270 2162 2621
713 1150 2003 2734
706 1142 2109 2897
736 1185 2390 3012
690 1308 2236 2643
780 1086 1992 2756
763 1124 2273 2843
776 1180 2155 2811
799 1260 1962 2846
796 1120 2311 2791
673 1256 2310 2935
740 1321 2037 2987
9 8 10 5
7 9 6 7
7 5 9 5
6 8 9 6
8 5 6 5
10 8 6 5
6 6 8 10
7 10 8 6
10 8 5 8
9 8 6 5
7 9 10 9
10 8 10 10
5 5 8 8
8 5 6 5
7 6 5 2
0 1 3 1
2 2 3 1
0 3 2 0
1 4 1 2
0 3 3 1
0 0 0 0
1 1 2 1
0 3 5 0
0 3 1 5
3 1 4 2
2 0 0 1
1 0 3 0
0 2 0 1
0 0 0 0
