14 4 5
313 852 935
465 721
216
635 1002 1595 1880
567 1072 1624 2006
573 1053 1884 1886
581 990 1751 2152
526 1127 1642 2136
601 1167 1813 2132
550 1081 1893 2114
632 1141 1736 2149
564 1082 1733 1922
591 1056 1721 2008
566 1019 1795 1886
621 1001 1864 2175
528 983 1754 2209
604 1004 1732 2208
8 5 7 5
8 5 7 10
6 9 8 9
9 5 7 8
8 7 6 7
7 8 5 10
5 5 6 8
9 9 6 5
10 5 10 9
8 6 10 5
7 7 10 5
7 7 8 6
5 6 6 7
8 8 10 9
14 0 1 3
4 2 3 0
2 0 0 0
0 4 2 2
1 1 1 1
3 3 6 3
3 3 1 1
2 2 4 1
2 1 1 5
2 4 0 3
2 1 0 0
1 1 0 1
2 1 0 2
0 4 1 4
0 2 0 0
