14 5 5
316 733 1254 1991
424 778 1545
376 902
732
611 949 1498 1944 2727
564 869 1364 1881 3055
553 879 1363 2256 3006
567 887 1636 2105 3048
542 853 1605 1873 2661
518 1005 1356 1982 3083
625 940 1559 2194 3014
564 851 1434 2003 2789
560 849 1427 1878 2801
580 864 1385 2055 2878
614 907 1469 2158 3059
549 867 1438 1932 2938
528 899 1430 2011 2935
551 989 1569 2000 2932
46 42 29 29 29
25 42 29 48 49
46 26 32 47 43
29 42 39 47 25
43 49 44 40 25
49 41 36 41 38
50 25 48 46 50
50 36 25 32 37
28 33 48 41 30
47 30 33 30 31
38 48 39 50 30
40 34 38 45 40
45 32 35 44 44
25 46 35 39 42
21 0 24 7 25
3 1 2 0 0
2 1 0 0 2
3 2 1 1 4
3 4 1 3 0
0 1 1 0 0
2 3 1 2 0
3 1 2 1 2
2 2 2 1 0
1 1 2 0 1
2 0 1 5 5
2 0 3 3 1
1 1 2 0 2
0 7 2 1 0
4 1 0 3 1
