14 5 5
413 636 1693 2029
242 1337 1288
1107 949
110
592 1145 1469 2676 2795
670 1181 1726 2698 2924
684 1157 1569 2468 3249
601 1048 1684 2391 2814
606 1112 1498 2497 2769
670 1147 1746 2451 3141
680 1080 1548 2449 2896
663 1132 1726 2441 3006
569 1130 1447 2342 3248
686 1029 1691 2423 3183
672 1148 1698 2551 2998
568 1151 1700 2542 2690
659 1032 1708 2246 3250
612 1035 1525 2458 2919
43 27 40 50 29
39 39 46 34 33
46 46 45 33 36
48 25 44 41 39
29 30 25 48 43
40 48 46 48 31
31 27 37 35 41
49 48 36 30 46
44 48 42 47 33
32 25 42 38 26
49 50 43 47 36
43 33 35 47 28
46 50 35 40 46
41 49 29 34 26
5 45 16 23 11
3 0 1 0 1
0 2 1 2 3
0 5 0 3 3
2 0 1 2 2
2 0 2 0 1
2 0 1 2 5
2 0 1 2 2
1 6 1 1 1
2 3 1 0 2
0 0 3 0 2
4 3 0 0 0
2 0 6 0 2
1 2 0 4 2
3 4 2 0 2
