14 5 5
342 972 1022 1735
532 800 1190
312 981
606
680 1124 1744 2105 2789
689 1027 1872 2130 3079
609 952 1810 2365 2754
596 1085 1913 2498 2813
724 1122 1741 2500 2779
635 966 1739 2291 2960
727 1118 1758 2165 3235
685 1010 1768 2115 2982
709 1126 1710 2186 3127
683 1078 2037 2196 3304
648 1133 1891 2302 3309
727 1036 1786 2097 2915
719 1007 2042 2347 2999
647 1094 1706 2368 3008
44 40 29 34 35
25 50 27 25 45
35 25 48 32 34
45 25 38 39 33
25 28 42 39 37
49 35 43 31 40
33 32 33 48 25
43 26 34 50 32
42 32 40 40 36
26 48 26 46 34
47 45 36 36 40
28 41 40 44 46
29 29 45 46 46
40 39 42 30 26
19 9 34 28 13
1 0 0 3 1
0 1 1 1 4
4 2 4 2 4
1 1 2 1 0
2 3 3 2 2
3 1 3 0 1
0 4 3 1 0
0 2 2 3 0
0 2 1 1 2
3 2 0 0 2
1 1 2 1 0
1 2 2 0 2
1 3 0 2 2
3 1 1 1 2
