14 5 5
501 924 1390 1866
512 932 1379
392 893
464
601 1240 1793 2267 2772
658 1259 1532 2217 2709
592 1279 1713 2040 2604
608 1151 1794 2325 3002
634 1174 1702 2300 2958
641 1111 1733 2322 2543
575 1172 1515 2053 3001
617 1085 1733 2166 2474
624 1142 1595 2039 2656
636 1149 1651 2274 2881
633 1202 1629 2271 2984
660 1276 1575 2337 2885
566 1204 1704 2010 2993
546 1081 1723 2016 2834
33 31 29 46 29
38 44 26 33 44
42 33 43 38 50
47 25 44 43 30
40 35 40 34 25
37 29 40 46 31
27 36 27 43 37
39 41 46 26 29
46 28 31 41 47
26 34 31 29 26
33 49 43 44 38
28 44 49 44 37
45 32 50 32 44
39 38 31 48 38
16 33 44 21 1
1 3 2 2 0
3 2 1 2 2
3 2 1 0 1
0 1 2 1 4
1 1 4 2 0
0 2 3 3 1
2 0 1 0 5
4 3 0 1 2
0 1 1 1 2
0 6 4 1 4
0 1 2 2 1
3 3 2 1 1
0 2 1 3 2
4 2 2 4 1
