14 5 5
715 911 1964 3102
464 1188 2240
720 1777
1359
854 1609 2156 3126 4598
842 1500 2475 3065 4489
848 1687 2273 3152 3943
861 1516 2282 2978 4786
940 1491 2366 3446 4326
954 1666 2443 3239 4209
833 1667 2445 3279 4069
958 1505 2329 3386 4283
953 1582 2474 3432 4662
878 1480 2569 3026 4065
845 1725 2345 3219 4295
949 1682 2291 2935 4102
837 1517 2327 3181 3983
834 1633 2292 3391 4507
32 35 25 42 36
25 31 43 31 31
49 49 28 32 27
26 36 38 50 34
35 39 30 48 34
44 27 35 45 34
37 46 34 45 44
28 38 44 44 43
49 40 30 36 34
39 50 43 40 38
50 46 33 40 42
38 36 50 36 49
42 32 27 25 46
45 36 44 47 30
9 43 5 48 3
4 0 3 0 1
5 1 1 1 6
0 0 0 0 6
1 4 1 1 1
0 3 2 0 1
1 2 6 2 0
0 1 7 0 1
1 4 3 1 1
1 2 0 1 3
1 0 1 0 0
4 0 3 0 0
4 2 3 0 0
0 2 2 0 1
2 3 4 1 3
