14 5 5
393 1584 1850 2969
1052 1481 3004
459 1734
1291
1001 1494 2789 3379 4756
1016 1364 2521 3263 4762
900 1478 2573 3954 4267
866 1613 2737 3630 4709
1021 1397 2447 3459 4805
907 1392 2899 3719 5087
914 1413 2726 3422 4781
902 1439 2823 3541 5002
996 1360 2905 3912 4869
1001 1484 2416 3332 4306
1022 1598 2814 3878 4594
879 1573 2513 3937 4767
1026 1350 2545 3804 5051
972 1592 2562 3859 4854
45 40 48 48 27
41 46 42 36 25
26 32 30 46 32
28 31 25 29 28
39 50 47 39 46
37 42 44 32 39
44 32 44 29 28
35 30 25 48 43
32 25 36 30 25
30 37 50 46 49
50 37 36 30 30
48 35 39 32 41
27 39 25 38 35
34 37 35 40 34
32 5 10 4 10
1 1 2 1 2
2 1 1 1 1
1 1 0 2 0
3 4 3 0 5
1 5 0 2 0
0 0 0 1 2
0 0 1 3 3
1 4 0 0 1
1 1 0 1 1
1 1 4 5 0
3 1 3 0 0
2 1 0 1 0
6 2 2 4 1
0 0 3 2 1
