14 5 5
768 1309 2310 2742
733 1128 2514
565 1480
1252
841 1789 2707 3398 4749
967 1715 2443 3260 4720
929 1662 2562 3346 4734
847 1572 2748 3765 4790
1016 1786 2585 3358 4575
945 1676 2580 3360 4752
891 1707 2669 3406 4252
1001 1626 2610 3626 4754
996 1506 2864 3773 4119
1012 1695 2835 3325 4890
874 1512 2776 3583 4063
944 1570 2730 3598 4362
920 1776 2565 3438 4271
884 1758 2620 3330 4768
42 28 45 38 50
30 48 26 35 37
40 29 44 33 47
31 32 39 48 50
29 27 44 41 27
35 40 44 29 45
28 36 48 37 36
32 41 40 38 40
46 32 42 41 35
40 33 28 39 27
26 43 44 46 33
31 38 30 34 29
32 43 41 39 47
32 31 41 50 43
25 8 19 19 17
3 2 1 5 0
3 2 1 2 0
1 3 4 3 3
9 0 2 0 3
1 2 0 2 0
1 1 1 4 0
2 0 3 1 0
1 2 1 1 1
3 2 0 1 3
2 1 1 0 1
5 0 1 2 2
2 0 1 0 0
2 3 1 2 1
3 0 1 1 0
