14 5 5
351 1155 1423 2529
1044 1269 1843
380 1025
665
651 1058 2196 2678 3605
659 1091 2124 2714 3280
714 1177 2199 2959 3553
692 1011 2177 2620 3598
752 1134 1987 2652 3471
711 1194 1949 2789 3434
768 1086 2204 3053 3217
679 1019 1973 2561 3389
733 1219 2225 2809 3443
700 1157 2123 2563 3096
659 1087 2148 2814 3655
740 1159 2113 2663 3296
693 1137 1867 2995 3369
660 1041 1868 3040 3181
40 43 48 36 45
49 34 50 44 32
43 41 38 43 38
35 41 48 36 38
39 35 30 29 32
45 36 38 30 25
28 37 30 48 28
50 47 44 25 44
46 32 31 28 36
27 27 34 26 42
36 45 48 36 34
49 49 34 35 33
49 39 27 31 32
31 41 33 50 39
37 29 32 20 8
0 0 1 1 2
5 4 0 0 2
3 2 1 2 1
4 5 1 2 2
3 2 4 0 1
0 2 2 4 0
4 1 1 0 2
0 3 4 0 4
1 2 3 5 3
1 1 2 2 1
2 2 2 1 2
2 1 5 3 0
0 0 1 1 0
0 1 2 2 2
