14 5 5
383 826 1381 2033
284 859 1244
663 1177
442
587 1111 1471 2176 2789
527 1138 1410 2137 2706
517 1206 1592 2021 2465
561 1127 1468 2238 2287
505 1128 1618 2240 2666
527 1170 1569 2064 2318
583 1124 1334 1892 2478
575 1087 1589 2021 2334
505 1177 1588 1939 2532
591 1054 1346 2004 2299
551 1068 1576 1871 2420
514 1124 1362 2201 2631
595 999 1615 2071 2293
552 1049 1583 1881 2630
47 42 43 49 49
46 38 43 35 40
47 42 28 49 26
35 28 27 49 26
47 30 45 49 29
46 45 30 39 42
47 40 49 48 35
41 38 38 35 33
48 38 48 27 32
34 47 38 30 35
41 39 35 30 37
34 33 26 31 46
27 28 48 33 36
27 38 27 36 44
4 32 32 19 7
0 3 3 3 1
0 8 0 0 5
1 1 1 0 0
1 0 1 1 2
1 0 3 1 1
0 1 4 0 1
0 0 1 2 2
2 0 1 0 0
4 2 0 4 0
0 6 4 2 0
3 0 0 1 3
1 1 3 2 4
0 3 5 0 2
2 1 1 1 4
