14 5 5
323 1220 1565 2276
865 1337 1942
425 949
582
798 1138 2289 2744 3567
764 1133 2324 2579 3232
679 1377 2167 2693 3522
766 1295 2042 2685 3276
663 1168 2315 2754 3373
789 1333 2136 2609 3152
680 1190 2119 2581 3294
679 1358 2225 2740 3614
685 1260 2112 2766 3270
725 1278 2103 2883 3624
687 1348 2040 2446 3025
740 1151 2306 2510 3270
768 1193 2065 2499 3284
763 1254 2053 2872 3066
39 37 46 30 34
31 29 45 39 32
28 44 38 50 27
50 48 35 36 27
31 33 49 25 48
35 37 34 42 36
49 40 36 44 32
37 34 33 35 48
37 47 31 49 33
42 32 40 29 42
32 29 31 28 44
41 40 47 40 28
25 50 33 45 28
37 46 48 42 30
22 54 27 7 2
3 0 1 3 3
1 5 1 3 2
5 3 0 1 3
1 2 1 3 4
2 5 6 2 2
0 0 1 2 4
0 0 2 0 1
1 1 0 2 0
4 5 1 3 0
1 2 3 1 0
1 3 1 1 0
3 0 2 2 3
2 0 3 1 2
0 3 1 4 7
