14 5 5
697 1273 1687 3044
870 928 1976
125 1345
1093
789 1557 2536 2668 4038
826 1393 2441 2597 3405
745 1617 2365 2631 3781
864 1608 2260 3047 3882
756 1453 2175 2921 4092
788 1574 2392 2593 3906
851 1558 2194 2618 3786
810 1429 2346 3123 3833
823 1460 2221 2892 3981
861 1561 2472 2817 4107
793 1616 2460 2986 3735
735 1511 2089 2759 3784
793 1557 2385 2933 4103
739 1649 2373 2922 4032
43 39 42 44 39
50 39 39 26 35
41 34 35 27 39
39 42 50 25 50
30 30 46 42 25
42 46 45 30 49
28 42 36 42 50
35 35 41 47 26
35 33 29 37 36
46 28 46 30 35
27 40 35 34 30
35 46 43 28 44
41 47 45 30 36
34 27 43 36 26
24 8 8 13 23
1 0 2 0 1
1 1 0 2 2
0 5 3 1 1
3 4 0 0 1
1 0 1 2 0
1 0 2 1 2
2 0 4 1 0
3 2 1 4 3
5 2 1 2 1
2 3 1 4 1
7 5 1 2 2
3 2 1 3 2
2 2 0 1 1
0 2 4 1 1
