14 5 5
532 1212 2411 2716
724 1544 1951
881 1004
243
809 1378 2328 3463 3733
846 1301 2561 3218 4026
801 1431 2472 3270 3618
878 1465 2396 3280 3554
839 1337 2282 3173 4195
882 1459 2371 3140 4079
833 1354 2635 3463 3770
780 1494 2352 3379 3681
876 1438 2420 3538 4224
769 1354 2571 3146 3692
920 1469 2263 3013 3977
769 1439 2249 3368 3727
863 1550 2607 3276 3680
856 1383 2373 3162 4110
31 48 30 32 29
30 42 40 33 25
32 27 35 31 43
27 43 36 48 47
34 48 32 47 43
29 30 37 40 48
33 48 34 32 36
40 48 36 40 38
29 28 50 39 50
36 44 28 25 34
27 25 49 35 40
43 28 33 31 37
46 31 25 47 42
28 39 31 37 41
5 26 20 1 22
2 0 0 1 3
1 2 3 1 3
0 1 1 1 4
2 3 4 3 1
3 2 4 1 2
3 2 0 0 1
3 2 2 1 3
1 1 3 1 0
1 0 1 4 3
0 2 3 0 2
3 1 2 2 1
0 5 2 0 1
1 3 1 2 1
2 0 1 1 2
