14 5 5
566 1108 1459 1694
475 954 1205
398 815
532
642 1302 1940 2384 3010
626 1109 1774 2634 2908
736 1209 1686 2341 3092
623 1205 1841 2609 3063
635 1302 1949 2435 3144
717 1229 1777 2218 2912
700 1308 1995 2440 3157
662 1186 1707 2254 2896
692 1305 1823 2238 3409
718 1159 1885 2466 2909
608 1174 1948 2385 3445
693 1201 1767 2515 2844
739 1240 1828 2290 2999
722 1284 1772 2459 3100
26 31 40 39 29
44 34 49 25 46
37 38 29 28 35
48 27 35 34 34
48 44 49 35 50
33 40 41 46 30
49 43 42 30 39
30 41 46 40 26
28 31 40 45 48
50 32 37 35 37
44 29 38 47 32
41 31 30 43 40
26 37 34 47 39
37 42 27 39 41
33 12 19 4 18
2 2 4 0 1
2 1 1 0 4
2 2 1 0 1
0 2 2 1 1
3 0 2 2 1
3 1 8 0 5
3 2 2 1 3
1 0 2 4 0
0 0 2 2 2
2 2 3 2 0
4 1 0 0 6
0 2 2 1 5
1 3 1 2 4
1 2 1 2 0
