14 5 5
284 1280 1539 2677
828 1530 2527
532 1408
929
844 1221 2383 2979 4190
919 1340 2183 2767 3836
894 1305 2428 2914 4319
912 1378 2294 2797 3686
930 1335 2517 2885 4038
913 1360 2541 3143 4032
905 1364 2591 2911 3894
873 1373 2485 3175 4225
877 1288 2211 2783 4286
824 1404 2548 3084 3959
839 1391 2347 2769 3764
842 1237 2296 3280 4421
794 1337 2422 2937 3959
919 1262 2166 2799 3913
49 32 49 28 27
36 32 39 30 50
39 49 25 46 33
34 30 37 38 42
45 50 44 31 26
42 37 36 45 47
29 47 30 48 31
47 40 26 47 43
26 44 26 34 47
35 46 48 31 30
25 29 32 36 25
45 35 35 39 36
29 40 47 28 45
47 47 37 33 31
4 61 27 7 7
2 2 2 2 1
3 2 0 0 5
2 1 0 4 1
0 2 3 1 1
0 4 5 5 2
0 1 4 7 2
0 1 0 2 3
0 0 0 1 5
0 0 4 2 3
1 2 1 2 1
0 2 2 2 4
1 5 2 1 2
1 2 1 1 1
1 0 1 2 0
