14 5 5
343 1037 1886 2789
805 1470 2027
716 1355
865
894 1289 2340 3113 4075
822 1305 2464 3497 3975
865 1368 2220 2904 4615
822 1343 2450 3020 4535
893 1248 2333 3406 3944
818 1384 2383 3457 4145
896 1403 2142 3260 4059
853 1317 2234 3435 4522
902 1299 2155 3196 4127
857 1208 2127 3174 4598
951 1277 2157 3432 3950
788 1233 2418 3197 4401
902 1210 2130 3062 4356
936 1312 2472 3192 3822
47 35 38 25 30
27 27 33 40 42
38 33 34 38 40
49 27 40 32 42
49 46 28 42 31
31 34 28 42 34
40 25 37 42 32
45 34 48 46 45
38 50 35 38 33
44 27 37 43 32
42 43 45 36 26
42 37 38 31 30
50 44 37 45 40
29 33 35 45 36
8 5 46 32 1
1 2 5 0 0
0 4 0 1 4
4 3 2 0 0
2 1 2 2 0
7 6 3 3 0
0 3 0 0 6
0 3 2 2 2
1 0 3 0 2
2 1 1 2 3
2 5 1 0 1
1 1 0 2 2
0 5 0 0 1
1 2 2 2 0
0 2 3 1 0
