7 4 10 1000
468 1211 2096
776 1575
544
727 1231 2331 2970
713 1176 2068 2612
813 1254 2321 2760
727 1182 2337 3145
802 1276 2369 2942
831 1323 2294 2728
710 1170 2075 2938
33 26 33 25
49 37 33 37
28 27 32 25
30 46 33 50
28 48 26 30
47 43 41 29
48 41 25 46
13 34 36 0
14 26 33 25
30 26 15 35
20 27 32 25
30 35 22 26
15 27 14 30
34 35 23 29
13 38 25 34
28 26 30 20
27 28 33 21
28 27 32 25
27 32 20 37
28 36 26 22
22 27 26 26
31 16 18 22
31 17 28 19
35 31 29 32
28 26 18 17
30 28 27 25
25 30 15 13
25 31 27 29
22 41 14 26
23 26 33 25
30 21 17 27
25 27 17 24
30 38 30 24
21 37 26 27
33 31 33 21
41 26 25 34
25 26 19 22
32 25 22 37
19 27 21 25
23 32 29 29
13 31 26 24
42 29 40 29
30 24 25 15
20 26 33 25
38 16 20 16
28 17 32 25
19 14 26 36
28 23 25 28
18 30 40 29
13 22 25 43
33 26 28 23
31 26 26 26
28 18 22 25
26 34 13 41
28 29 26 22
27 35 34 29
36 30 25 21
22 25 25 25
33 26 24 23
25 23 19 25
18 26 32 31
23 31 26 30
16 28 41 29
26 24 25 15
32 26 19 25
27 25 29 37
28 23 27 25
24 33 33 17
28 30 24 17
28 36 21 29
30 23 25 26
33 26 33 18
21 30 33 13
28 27 26 16
27 14 21 30
28 42 26 23
31 27 39 26
36 28 25 26
18 16 25 25
28 18 33 37
21 26 22 25
27 27 33 26
22 20 17 30
27 38 20 29
34 14 25 37
25 26 23 18
45 17 23 16
28 27 28 14
22 41 25 29
27 19 16 21
34 15 13 29
22 18 23 39
29 15 31 25
37 32 19 29
28 27 24 20
24 26 20 24
16 16 26 24
23 32 38 29
35 16 25 33
31 26 23 25
36 32 28 22
28 27 32 25
15 34 33 24
28 34 17 24
43 31 41 29
27 38 20 40
33 20 25 25
27 23 19 22
28 22 32 21
30 40 30 24
28 33 16 27
25 22 41 20
25 40 18 25
22 26 25 20
28 21 33 33
20 23 30 25
30 42 28 39
19 13 15 30
31 35 30 29
32 40 25 21
31 17 31 23
27 34 25 37
28 27 31 25
26 39 33 28
28 15 25 21
20 24 27 29
28 22 25 20
32 26 16 25
23 37 33 37
22 14 27 25
27 25 18 32
28 29 26 20
31 39 20 29
21 26 16 26
33 18 33 25
15 35 19 23
27 27 22 25
30 32 31 25
24 21 18 26
27 24 29 19
30 28 25 20
33 26 33 25
25 23 33 31
28 26 29 25
13 36 22 28
28 21 26 23
18 30 33 17
36 41 25 27
33 26 13 14
13 36 33 34
28 27 32 25
30 23 31 42
28 24 18 20
31 23 13 29
23 38 22 34
17 16 24 23
31 36 33 34
28 14 32 25
29 19 33 41
15 23 17 23
21 31 20 24
21 31 25 37
32 25 28 25
22 26 26 36
28 17 22 16
20 42 17 36
28 22 26 29
17 35 24 17
25 32 25 39
33 18 33 13
24 33 31 34
28 26 32 25
22 28 15 34
28 36 17 30
35 42 23 27
30 30 25 27
31 26 25 25
35 27 33 37
28 19 26 25
27 33 33 25
28 27 26 30
37 32 18 29
30 34 25 33
20 26 24 25
38 37 24 37
17 27 32 25
21 44 33 24
23 19 26 18
31 39 24 29
32 18 25 34
24 26 33 25
16 37 31 25
28 22 32 25
30 34 25 38
16 37 26 29
45 29 33 18
36 32 25 24
28 20 31 25
26 37 32 35
15 27 32 25
30 30 14 24
28 42 26 30
27 43 20 29
16 27 25 35
33 26 33 25
35 20 31 31
28 27 14 25
30 25 30 27
28 36 26 22
38 38 30 23
32 40 25 39
26 26 31 25
27 37 25 31
24 22 32 25
30 13 31 31
28 21 26 22
21 23 36 29
37 26 24 23
23 25 29 25
17 28 33 24
28 27 22 17
27 31 27 32
21 39 26 21
26 34 29 29
40 18 25 26
32 23 33 25
33 29 24 24
28 27 21 25
16 30 22 27
27 26 20 30
16 43 26 24
25 28 25 22
27 20 23 25
36 34 26 34
28 27 24 25
22 37 33 36
22 13 26 30
30 25 34 16
41 38 17 32
29 26 30 25
40 31 33 33
28 27 32 23
30 19 23 17
28 41 21 30
25 19 22 20
37 28 25 24
19 25 33 25
32 26 19 37
24 27 16 24
13 17 33 18
28 22 26 13
18 22 38 23
30 35 25 24
23 14 13 25
41 29 33 17
26 27 20 25
23 42 33 14
28 20 26 25
14 21 25 29
20 24 14 36
33 21 23 25
23 28 33 17
14 27 23 18
30 25 31 23
13 35 26 29
22 40 33 29
31 20 25 42
33 19 33 25
27 14 33 37
26 23 19 21
30 38 29 33
28 16 26 29
27 13 28 23
39 13 14 38
26 21 21 16
32 19 31 27
28 16 32 25
27 30 33 26
22 18 26 25
36 30 20 29
37 41 25 23
22 17 32 23
39 37 27 37
20 27 32 25
26 39 33 15
27 14 26 30
22 20 41 29
30 37 25 32
24 26 26 25
38 34 33 28
28 27 27 25
30 17 33 26
17 41 26 30
30 29 24 21
39 35 25 21
33 25 33 20
39 31 28 27
22 27 18 25
22 21 28 32
16 36 26 30
18 38 39 22
42 26 25 15
31 26 20 15
26 20 13 21
28 19 25 25
27 43 33 35
24 13 26 30
16 25 33 16
26 22 25 36
15 26 25 25
39 24 32 19
28 20 29 25
18 45 33 33
28 15 18 26
44 43 24 19
33 40 25 17
33 18 33 25
23 32 22 35
28 27 29 25
20 19 32 26
18 28 26 30
21 39 40 29
18 23 25 19
24 26 33 25
18 25 21 37
17 27 30 22
19 15 32 24
28 24 22 24
29 32 26 29
39 27 25 28
26 23 17 18
31 28 23 29
20 27 23 25
30 22 24 22
19 37 16 26
35 27 19 29
18 19 20 30
20 26 33 25
29 18 27 21
22 27 24 19
29 27 30 33
28 33 26 30
31 41 14 29
23 17 25 43
33 26 30 25
30 37 33 27
28 27 19 25
30 25 20 35
21 25 26 30
13 39 17 29
42 33 25 34
30 26 24 25
26 25 20 37
19 27 31 25
18 34 30 23
28 34 26 30
25 18 26 29
34 13 25 20
25 26 18 25
32 37 30 18
28 27 32 17
28 26 31 42
14 38 26 30
28 34 23 28
38 32 25 31
13 23 29 19
44 21 29 20
28 27 29 25
20 29 19 18
28 25 26 30
46 25 27 26
42 21 23 24
20 15 33 21
28 37 28 14
28 27 29 25
20 41 28 21
25 31 26 30
28 30 28 29
26 26 25 40
33 26 33 25
18 35 33 34
27 19 31 25
25 41 26 34
28 22 26 25
15 22 31 29
31 20 25 30
16 21 33 25
29 18 19 13
24 24 14 20
30 21 17 42
25 36 24 30
27 26 22 29
20 39 25 15
33 26 29 14
20 37 33 23
28 27 22 25
20 25 33 30
28 32 26 30
19 34 19 29
19 29 25 15
23 17 33 25
31 26 25 24
28 27 16 25
22 34 28 24
26 24 26 23
35 33 16 27
26 18 25 35
31 26 33 25
15 24 33 20
28 27 32 25
30 38 33 29
23 19 26 30
43 28 29 19
26 24 25 24
29 26 33 25
35 25 29 16
28 27 32 24
24 28 31 33
15 26 26 30
30 41 24 20
14 34 24 19
33 26 17 25
21 37 25 37
23 27 32 25
27 32 30 32
19 21 15 22
37 40 28 17
23 19 25 35
23 26 22 25
34 24 32 26
28 27 32 17
24 31 14 32
27 29 26 20
27 40 15 22
16 18 25 38
33 26 17 22
43 36 24 27
21 17 32 25
30 38 33 31
28 19 26 30
37 30 19 23
24 35 22 40
26 26 29 18
45 26 20 27
22 27 23 25
30 25 26 40
13 45 24 30
32 22 34 28
24 22 25 30
32 20 22 25
27 23 33 37
28 15 24 25
18 25 17 43
28 32 26 21
44 35 32 29
25 35 25 27
22 26 29 21
27 31 33 20
26 20 21 25
30 44 22 37
14 25 26 30
25 23 18 25
23 16 25 15
23 26 33 25
37 37 22 23
25 27 22 25
24 38 32 26
28 23 14 24
33 30 23 29
40 18 25 39
29 26 33 13
23 23 33 30
24 26 32 18
27 27 24 39
26 22 26 30
23 20 41 21
46 31 25 23
21 14 33 24
23 24 27 33
21 17 32 25
30 34 20 25
16 18 26 30
46 20 41 29
14 41 25 26
21 26 26 15
18 16 33 33
25 20 28 25
20 28 27 42
28 28 26 18
29 33 35 29
34 37 25 31
19 17 33 15
39 14 16 34
28 16 20 25
30 20 33 31
28 39 26 21
15 25 29 20
34 17 25 32
21 26 33 25
31 26 17 37
15 25 30 22
30 37 18 16
28 28 22 23
30 28 35 29
17 27 25 21
19 26 30 25
26 30 32 37
28 27 32 25
29 32 29 25
28 34 22 21
43 30 27 18
45 31 25 29
33 26 33 25
18 26 17 35
26 17 32 25
30 29 21 37
28 23 26 30
37 20 18 29
32 28 25 19
29 17 33 20
14 21 27 23
20 27 32 25
30 29 15 45
28 31 21 19
19 30 34 29
34 28 25 40
32 24 27 25
25 31 29 37
28 27 32 23
17 14 27 15
28 44 25 18
30 30 41 19
39 27 25 21
33 26 33 25
14 37 27 23
28 27 15 25
30 18 22 29
28 25 26 19
32 32 36 29
14 36 25 39
33 26 33 18
42 35 33 18
28 24 26 25
17 29 26 32
28 29 26 17
41 43 36 22
15 20 25 44
21 26 23 25
18 32 29 30
15 27 18 24
20 30 26 22
25 28 26 30
28 18 22 28
31 21 19 17
33 23 33 18
39 21 32 26
28 24 32 19
30 15 33 39
28 34 20 30
33 29 27 29
35 24 19 27
26 21 33 19
29 28 26 30
26 26 32 25
22 46 33 38
16 24 26 30
15 17 27 20
27 13 25 22
20 26 32 25
13 37 18 27
28 27 32 16
30 24 20 20
14 35 14 21
30 40 34 26
40 29 25 23
23 25 23 25
35 34 19 29
28 20 27 25
30 21 33 28
28 22 24 30
27 27 28 19
17 34 17 26
24 26 32 25
24 29 33 37
20 27 32 25
27 25 33 46
28 21 21 26
28 37 34 29
24 24 25 38
33 26 13 25
41 26 14 37
28 24 17 13
28 31 17 37
28 28 26 30
36 21 22 23
15 15 25 26
33 16 33 25
23 31 27 37
13 24 32 22
30 20 25 24
28 25 24 30
27 27 41 18
36 22 25 23
33 26 33 25
43 35 23 14
28 27 32 20
29 31 33 40
15 16 26 17
16 21 40 29
23 16 13 16
25 21 24 25
46 33 24 27
28 20 20 25
14 27 33 25
28 16 26 27
16 20 23 29
27 28 23 46
14 26 21 21
33 37 33 33
28 23 23 19
24 16 24 26
20 25 26 30
34 43 35 29
37 41 21 34
24 26 33 21
27 21 23 13
28 27 20 25
24 19 24 26
17 32 13 30
17 13 29 19
28 36 25 29
33 13 33 25
33 13 33 27
15 26 26 25
24 22 33 17
23 13 14 19
15 20 24 24
41 30 20 39
29 26 33 25
35 33 27 37
28 27 32 25
17 30 27 27
28 39 26 20
16 43 29 29
32 23 24 29
33 26 14 25
28 30 16 22
26 27 32 25
30 33 32 31
28 30 24 28
29 40 40 29
27 16 25 20
21 25 18 25
28 29 33 36
23 27 32 15
19 40 33 23
23 20 26 30
32 26 18 29
40 16 25 42
17 26 20 25
17 36 22 35
23 27 28 23
30 13 33 22
28 18 21 16
29 33 19 20
38 31 25 24
33 26 33 25
33 19 32 13
28 23 32 25
27 24 19 22
27 16 15 22
20 25 30 29
34 38 25 22
32 26 26 25
20 35 33 15
28 27 24 23
30 32 33 20
28 18 24 26
16 37 41 29
30 34 22 23
33 26 19 25
35 33 24 27
28 27 24 18
30 31 25 33
28 28 26 29
21 26 40 28
36 25 25 17
33 26 23 25
35 24 27 37
28 27 32 25
21 23 33 46
28 22 24 19
31 43 41 29
34 13 25 22
18 22 19 25
17 37 33 24
28 27 32 25
17 16 33 26
28 15 14 30
33 22 21 29
16 29 16 21
23 24 28 20
39 37 19 24
23 24 29 25
23 28 25 31
28 19 26 30
29 43 32 23
24 31 25 15
27 26 33 25
15 13 22 37
28 13 32 14
29 27 33 23
28 30 26 20
17 42 27 13
23 18 23 23
22 26 23 22
25 31 23 30
28 19 14 25
23 15 33 24
28 21 26 29
24 34 32 26
21 23 21 33
27 26 33 21
40 26 33 37
28 27 32 20
26 25 27 32
22 21 26 18
36 26 39 29
19 34 16 18
33 26 33 25
34 15 30 37
17 21 20 25
30 21 32 42
19 22 20 30
43 31 25 29
17 24 16 35
21 26 21 18
42 24 33 27
28 27 18 25
20 24 18 23
28 42 20 30
22 21 20 29
22 28 25 24
17 15 21 25
34 26 14 29
28 18 17 25
16 14 33 37
16 24 15 14
35 36 17 24
34 27 20 22
23 26 33 25
18 20 31 17
26 27 30 25
30 28 33 34
28 34 26 27
36 30 20 27
28 23 25 30
31 22 21 19
34 16 33 30
28 27 22 23
20 26 33 33
28 32 24 30
31 34 28 27
29 26 25 43
27 26 33 25
28 35 27 28
28 27 28 25
30 20 23 24
28 41 26 25
23 30 33 27
22 34 25 46
27 23 33 25
28 34 33 21
24 27 18 17
30 26 30 21
17 27 26 27
26 43 30 29
27 17 25 25
25 26 30 19
26 33 33 33
28 24 18 25
28 26 18 14
23 26 26 30
43 40 41 29
17 34 25 36
29 16 33 25
33 37 32 36
14 27 32 18
30 28 33 46
18 39 26 30
37 39 28 26
27 23 25 30
22 19 33 16
31 24 33 27
21 13 32 25
24 28 27 35
24 30 24 23
32 43 27 29
26 33 25 22
33 19 25 25
20 32 33 20
13 27 26 23
22 21 27 19
13 29 22 30
38 16 41 25
26 30 22 34
33 26 28 21
34 16 27 37
28 26 20 21
28 22 33 15
20 31 26 24
13 29 29 29
27 41 25 22
31 26 33 15
28 28 25 34
28 20 32 21
23 26 20 39
28 46 22 30
27 22 33 29
14 17 15 37
21 19 33 22
19 37 33 27
27 18 28 25
20 27 33 26
20 35 19 27
24 24 40 29
23 25 25 17
16 22 21 23
33 25 28 33
28 27 27 25
30 25 33 32
28 38 16 15
28 29 35 29
41 21 25 29
33 26 29 25
45 21 20 37
28 27 25 25
14 19 33 16
28 18 26 30
30 35 21 29
43 18 23 43
27 26 29 22
30 26 29 37
28 18 30 25
17 31 24 44
28 20 26 24
27 40 38 26
23 41 25 30
33 26 14 25
20 37 33 24
27 27 25 25
20 15 16 25
24 23 24 27
25 41 41 18
25 14 25 33
32 26 27 25
24 37 33 24
28 27 27 25
17 43 30 26
28 33 23 21
17 31 41 26
27 23 25 32
33 26 25 25
26 22 20 29
15 27 15 25
30 35 33 26
28 19 25 16
34 34 39 27
34 18 24 23
33 20 33 25
20 17 33 26
28 27 30 25
24 27 22 29
22 27 21 27
27 32 26 20
34 25 25 21
21 22 15 20
35 29 28 37
17 27 13 25
29 18 33 29
16 43 26 29
46 13 24 29
42 24 25 40
22 26 30 25
28 28 27 37
28 27 14 25
30 25 13 32
23 19 19 30
33 21 17 29
25 33 25 26
26 17 19 16
38 37 14 30
20 18 14 19
30 27 20 24
28 26 26 30
38 40 26 29
36 30 25 33
32 19 33 25
23 22 19 25
28 20 32 25
19 16 21 35
28 33 19 30
44 42 21 22
18 24 25 45
33 20 33 25
30 25 20 17
28 27 32 25
30 36 31 20
28 33 21 25
17 27 29 29
33 15 25 25
17 20 33 25
14 32 31 23
28 27 32 25
27 15 18 32
28 31 26 26
31 38 26 29
30 18 20 35
33 26 26 25
22 37 33 31
27 15 19 25
29 24 26 16
28 25 26 21
29 41 17 29
39 18 23 31
33 26 27 25
35 19 13 32
28 27 22 25
20 38 21 19
28 31 26 30
14 40 19 29
30 27 20 23
30 25 33 25
13 37 15 37
28 23 26 22
20 30 33 40
26 26 26 26
31 30 30 13
26 36 25 20
33 26 16 25
31 22 22 21
25 20 32 25
30 42 33 27
24 27 26 17
46 20 41 19
29 41 25 29
16 26 33 25
16 34 20 37
28 27 24 24
30 17 27 22
28 26 26 30
18 20 26 29
17 34 16 27
20 21 28 25
34 36 28 35
25 27 15 21
26 36 33 27
28 29 26 22
28 23 25 27
24 39 25 18
18 13 22 25
39 21 24 31
28 14 32 25
28 21 33 24
28 14 24 26
17 25 21 21
22 20 19 24
27 23 33 25
19 36 33 37
27 24 22 25
28 16 33 29
28 41 26 23
18 30 20 23
20 25 20 41
30 26 33 25
19 19 33 37
28 19 32 21
30 21 33 26
27 34 26 30
30 17 29 22
31 24 19 23
24 26 18 25
20 21 28 28
27 25 16 24
25 19 21 33
15 44 22 25
42 37 14 21
14 37 17 21
33 26 33 25
26 29 31 36
28 19 23 25
30 28 27 31
28 21 20 30
30 25 13 20
32 35 13 14
14 26 25 25
43 27 24 29
24 25 23 25
19 31 28 33
28 38 26 30
33 42 29 29
33 30 20 26
25 23 25 25
41 31 33 30
24 24 24 23
27 33 33 33
28 21 18 30
30 43 16 27
35 13 25 35
28 26 18 21
46 37 18 37
28 27 28 25
24 22 29 27
28 18 23 19
38 31 39 26
33 23 24 46
33 26 33 25
32 29 18 25
20 21 31 25
30 24 33 28
28 24 24 25
40 29 31 26
14 24 21 32
26 23 25 25
31 32 20 13
14 27 31 25
30 34 25 25
28 36 25 30
38 19 31 29
24 35 25 37
29 26 14 25
19 16 33 36
27 16 27 19
23 40 33 21
28 14 26 30
28 15 29 14
20 31 21 29
33 26 33 17
13 33 33 26
28 27 31 25
22 24 17 18
28 34 26 25
38 23 33 29
17 39 21 19
31 26 28 25
40 24 32 26
26 27 20 25
24 42 23 38
28 35 26 30
39 19 29 17
26 30 18 46
24 26 30 25
23 24 20 16
28 16 27 25
30 31 18 27
27 28 26 21
28 15 41 17
43 30 22 39
26 26 33 25
21 26 33 30
28 18 32 25
24 26 27 38
28 36 22 29
19 33 41 29
36 38 15 20
29 18 14 25
21 18 33 29
28 27 23 24
17 29 33 22
26 14 13 30
20 25 20 29
24 26 25 27
31 25 33 23
24 28 29 17
26 27 27 20
29 38 33 18
27 23 25 30
29 28 24 29
22 41 20 22
33 22 16 25
21 20 33 25
28 18 32 25
30 19 33 33
16 26 26 30
44 31 23 29
28 33 25 41
15 16 26 24
35 25 33 23
28 27 32 15
20 39 33 30
24 31 26 26
32 34 41 29
16 22 13 18
33 26 33 20
29 28 25 37
28 27 31 25
20 26 20 23
15 31 26 30
30 28 17 14
31 41 25 27
27 26 33 15
33 35 33 34
27 17 32 25
25 15 17 24
28 34 21 26
41 43 27 29
35 15 17 40
33 22 33 25
39 14 33 37
28 27 31 25
14 34 33 40
28 40 15 30
15 35 29 27
25 39 25 29
33 26 22 18
39 34 22 37
27 24 28 25
17 26 31 30
28 42 26 20
39 37 34 29
28 34 17 39
33 26 21 25
19 30 30 31
25 27 32 25
30 40 17 18
23 24 25 16
29 31 16 22
42 21 25 45
24 26 33 25
13 28 33 19
14 22 21 25
30 28 33 44
28 19 26 28
35 17 14 29
38 29 25 16
25 26 23 25
16 17 33 22
28 14 25 25
22 22 22 34
28 27 22 27
19 21 26 29
22 26 25 38
33 26 33 25
22 35 33 30
28 15 25 22
28 32 22 34
18 35 25 30
41 36 25 29
20 41 20 39
18 14 32 17
44 33 33 14
28 23 32 25
30 31 33 31
27 34 25 20
35 21 31 22
31 26 25 29
33 26 21 23
24 29 33 17
18 24 25 15
22 42 20 20
13 18 26 29
20 26 40 29
34 36 25 15
29 24 33 20
31 36 22 22
28 23 15 25
30 19 19 23
26 27 26 26
24 43 21 29
33 41 25 29
33 17 26 25
32 35 31 27
28 27 22 25
30 28 19 17
28 23 23 30
23 43 27 29
14 35 25 22
30 23 27 20
19 37 30 34
28 27 22 25
30 34 24 32
17 29 26 14
38 19 40 18
18 38 25 31
28 26 21 25
35 33 22 23
20 27 28 25
30 21 32 26
25 30 26 30
44 20 31 26
37 32 25 35
24 26 28 25
23 26 31 23
28 24 23 25
15 18 31 29
21 44 26 16
22 22 16 29
29 13 25 24
21 26 33 22
34 34 32 25
28 21 32 18
30 25 26 39
28 34 26 29
21 14 40 29
35 22 25 44
32 18 33 25
44 24 33 32
24 21 28 22
13 41 29 25
19 24 26 13
19 18 30 29
32 41 25 46
33 25 28 25
22 29 17 20
21 27 30 23
28 21 33 26
20 22 26 18
30 24 25 29
37 28 18 18
29 26 33 25
26 37 33 37
28 27 32 25
24 29 33 26
28 33 26 30
19 28 25 29
16 39 24 18
33 26 23 18
30 27 13 29
28 27 26 25
30 42 27 28
28 39 18 30
16 32 19 29
26 31 25 18
29 19 30 24
25 24 33 14
14 16 32 25
17 33 33 29
28 22 21 30
33 37 37 26
31 31 25 13
25 26 33 25
19 37 33 31
25 16 32 19
16 31 23 24
28 24 26 15
40 31 32 29
33 24 21 20
20 18 29 25
26 26 30 18
20 26 32 25
26 21 33 30
28 15 26 30
29 34 13 29
30 36 20 23
33 26 20 25
14 23 32 20
21 27 32 19
28 16 24 21
28 38 26 30
25 30 24 26
24 33 25 37
33 20 32 25
39 21 31 30
13 16 32 25
27 29 24 40
28 14 25 30
20 37 36 29
34 16 25 26
17 26 33 25
13 18 21 37
27 19 27 22
27 17 20 19
16 14 16 28
30 30 31 29
17 19 25 35
33 26 21 21
19 19 33 23
28 27 28 25
29 30 33 24
28 37 17 18
43 32 25 29
23 37 25 44
33 26 22 25
30 16 33 27
28 27 24 25
30 13 24 36
16 45 26 30
14 26 40 29
29 31 25 15
27 22 33 22
27 34 16 20
14 27 32 23
30 27 22 29
22 44 22 18
21 31 24 29
28 25 25 41
25 24 22 25
43 37 33 31
25 27 20 25
29 19 27 25
16 19 26 30
14 21 23 27
14 41 25 26
32 26 29 25
26 13 17 18
28 27 32 25
30 22 30 17
28 33 26 25
35 23 30 29
21 16 22 36
31 18 28 18
28 37 16 21
28 27 32 25
22 17 26 34
17 25 20 25
15 28 37 25
25 36 23 30
28 13 32 25
41 24 33 37
28 27 32 25
20 38 33 38
16 43 16 20
42 34 20 17
23 41 21 37
27 14 19 25
23 32 33 24
28 24 28 25
30 37 17 29
28 36 26 21
42 21 35 29
32 14 25 39
33 22 21 23
24 35 24 20
28 27 22 15
30 33 31 33
28 32 13 30
14 28 16 29
41 41 25 31
33 18 33 21
38 33 20 34
22 22 21 25
14 22 33 24
28 31 26 29
42 37 30 29
33 36 25 23
33 19 24 16
25 33 33 37
28 27 32 25
27 41 17 34
21 21 26 27
20 27 22 29
30 24 25 25
31 13 26 21
32 31 31 37
28 19 32 25
30 39 33 24
28 15 26 30
25 28 22 29
21 33 23 34
33 21 18 18
33 37 33 32
14 27 32 25
28 16 24 29
25 27 26 30
26 23 22 18
27 26 25 25
33 23 33 24
30 26 33 36
26 27 22 18
30 24 30 29
25 17 26 30
29 26 38 24
19 39 25 28
22 26 21 25
40 37 25 35
28 27 27 25
13 29 31 32
28 22 26 30
36 37 27 27
19 41 25 38
31 25 25 25
14 25 14 23
28 27 21 24
30 25 17 29
28 36 26 30
22 32 25 29
28 40 14 24
30 26 19 25
41 34 33 33
28 27 32 25
30 21 28 34
28 46 26 30
37 22 37 26
33 22 25 20
14 19 30 20
32 15 33 27
24 24 19 25
18 37 24 25
28 33 26 28
24 31 41 29
23 20 21 29
33 26 32 20
32 22 17 30
28 23 31 20
30 36 25 15
28 24 26 24
33 33 35 29
26 14 25 41
13 26 28 13
31 30 24 37
28 27 32 15
30 16 13 29
19 41 19 26
39 38 25 28
20 32 25 18
28 26 28 25
20 22 33 13
28 21 13 25
23 34 25 43
28 27 26 22
28 43 22 26
34 32 15 18
33 26 33 25
25 37 20 19
28 27 20 25
29 36 27 16
28 45 22 17
27 43 19 13
27 24 21 17
28 23 33 25
21 37 33 34
22 22 32 25
30 30 20 23
22 29 26 30
34 37 18 29
29 25 25 41
33 20 24 25
20 37 24 37
14 23 32 15
25 45 18 40
24 15 16 23
24 29 28 29
42 19 25 16
26 26 23 16
21 17 21 16
27 27 22 25
25 28 33 18
20 43 15 29
25 33 33 27
32 20 25 34
14 26 29 25
39 30 33 37
21 27 32 18
30 17 30 23
22 31 22 30
21 33 30 29
27 37 18 39
26 26 22 25
28 35 25 35
20 27 28 19
28 23 27 19
25 37 26 29
29 31 17 29
15 28 25 35
21 21 29 25
36 21 20 22
28 17 32 25
19 43 23 38
15 13 26 17
28 13 21 21
31 31 25 39
25 25 29 25
25 23 33 17
28 27 24 25
30 20 25 25
28 25 18 21
18 35 21 29
26 41 20 20
31 26 17 20
37 23 33 30
24 20 23 17
22 42 33 21
17 38 26 30
26 19 30 29
33 26 13 35
29 26 30 25
30 33 33 37
26 27 16 22
30 13 20 43
28 31 26 22
25 39 40 27
29 26 25 36
13 15 25 25
17 21 24 24
22 27 32 25
28 31 15 25
27 15 25 23
24 32 36 25
17 16 25 18
33 19 33 13
31 21 33 19
26 27 32 25
22 16 20 25
28 35 20 30
31 17 22 20
18 30 25 38
33 26 33 24
40 37 14 34
28 20 30 19
22 34 28 23
28 25 17 30
36 22 24 15
35 34 18 43
18 15 13 24
22 22 33 29
28 27 28 22
30 18 33 22
23 30 15 30
27 21 18 25
26 23 25 30
29 26 23 25
38 30 33 37
16 21 18 22
27 28 29 29
26 22 26 25
19 14 24 29
34 26 25 20
32 23 22 20
31 22 33 20
18 22 18 25
30 40 33 37
20 28 26 19
28 36 30 29
20 36 22 24
30 26 23 19
15 19 33 30
28 27 16 25
18 14 33 21
28 28 26 30
13 24 29 29
15 16 25 16
33 26 19 22
35 35 32 33
28 27 13 24
24 23 33 33
28 17 26 26
25 20 20 21
33 14 25 31
26 23 31 25
24 17 33 26
27 27 15 25
28 17 33 18
25 41 22 30
25 38 14 19
24 41 25 41
18 26 28 25
20 35 16 18
28 27 18 23
30 22 18 14
21 46 26 23
40 36 21 25
45 41 25 33
22 17 28 25
15 25 24 22
15 25 32 25
30 34 26 39
17 18 25 14
22 37 36 29
23 36 23 40
33 26 33 25
24 37 33 28
14 27 22 25
30 45 33 27
28 46 26 16
20 30 41 29
40 18 14 43
21 26 24 16
24 28 33 27
21 27 18 25
14 44 33 28
16 22 26 30
28 30 37 29
39 27 16 27
32 26 33 25
39 22 33 35
23 27 20 20
17 15 25 45
17 21 26 13
15 30 32 24
20 28 17 21
33 25 23 14
26 25 27 32
25 24 32 23
27 31 33 19
28 41 26 15
16 32 29 16
28 22 25 14
30 19 33 18
16 37 33 25
28 17 30 25
30 30 20 34
28 28 26 24
21 26 29 29
29 26 25 33
33 24 33 20
31 20 27 29
28 27 27 25
28 30 33 26
13 27 24 30
18 42 24 29
46 41 25 34
26 26 33 20
25 18 30 28
18 27 13 23
19 32 19 16
28 23 24 27
34 25 25 29
21 41 25 33
25 26 24 25
42 37 16 25
28 27 15 25
30 39 33 34
14 14 26 30
13 36 32 17
17 39 25 39
28 14 26 25
41 37 26 37
28 20 32 25
30 15 19 18
28 40 26 30
42 29 35 29
28 34 24 31
33 22 33 25
38 35 33 22
28 27 25 18
14 26 16 40
19 32 26 30
26 22 30 29
42 36 25 21
33 24 33 25
35 18 18 35
28 27 32 15
19 37 14 37
28 18 24 30
46 22 28 29
42 35 24 29
30 26 33 25
24 17 28 37
17 27 28 25
30 13 33 15
22 25 26 24
44 35 35 23
13 35 22 23
28 26 25 25
44 25 31 29
22 27 32 25
24 22 23 21
28 28 25 30
13 30 24 29
25 28 25 19
18 26 32 25
22 31 18 19
23 23 32 25
29 41 32 26
25 28 26 23
16 23 23 29
27 25 25 35
33 25 31 25
29 24 28 28
25 25 14 24
30 33 33 26
25 35 26 21
31 30 21 22
20 21 25 35
19 17 33 24
27 26 23 32
28 27 20 25
30 26 27 17
28 30 22 22
44 28 38 29
44 18 25 27
33 26 33 22
29 37 33 34
25 23 28 25
30 24 33 44
18 43 19 21
18 26 16 17
18 41 23 30
14 19 33 25
21 28 33 20
28 22 27 23
30 35 28 36
28 31 26 30
36 17 17 26
32 27 19 13
28 26 28 20
23 34 18 15
18 22 32 25
30 23 33 21
26 27 21 29
24 24 41 24
46 39 23 21
33 20 24 25
21 31 27 14
24 26 32 24
30 19 33 31
28 39 17 30
35 29 41 19
21 31 25 21
28 26 32 15
21 37 33 26
15 26 15 25
30 37 33 43
21 35 13 30
32 27 41 13
42 21 25 31
22 19 33 20
20 15 23 37
26 27 32 14
30 25 26 40
28 22 26 30
27 37 41 23
37 25 21 26
25 26 21 15
19 24 25 30
28 27 32 25
18 31 33 24
28 37 26 30
18 18 14 29
46 25 25 34
26 20 20 24
24 30 30 33
28 27 26 25
30 17 15 35
25 27 13 27
16 33 41 13
19 25 25 41
33 16 33 19
29 25 24 29
28 27 31 25
30 28 33 30
28 38 26 22
17 17 16 29
35 18 25 26
19 26 19 25
22 37 33 30
28 22 22 25
24 27 19 30
28 30 25 30
22 41 20 19
29 28 25 29
33 26 28 25
19 31 25 32
24 27 14 25
27 26 33 33
28 31 16 30
35 38 32 29
35 29 25 21
29 26 33 25
29 24 27 25
23 15 22 25
30 46 30 29
28 23 26 23
32 43 41 29
28 40 25 38
33 26 33 25
21 31 23 32
28 27 26 13
30 25 25 39
28 35 26 30
31 33 18 25
35 19 25 18
30 26 24 25
38 37 33 20
22 27 32 25
30 27 33 26
25 40 26 30
45 24 26 29
26 32 21 26
26 17 33 19
24 17 23 37
26 27 32 25
30 26 28 36
27 20 26 26
31 20 25 21
46 28 25 13
33 19 19 25
38 31 33 35
27 27 32 25
30 37 25 22
28 29 26 30
16 17 22 29
29 26 25 22
33 19 33 13
21 19 29 21
28 26 24 25
30 33 27 40
17 25 26 23
20 27 32 18
43 17 25 20
22 26 18 25
28 19 17 30
17 19 19 13
19 25 23 19
18 22 26 30
20 22 33 29
25 38 25 28
13 26 33 22
30 22 32 24
28 25 28 18
26 39 19 35
22 21 26 20
13 24 28 23
18 31 25 35
16 16 33 25
33 21 28 29
25 14 32 14
30 28 27 41
18 16 22 30
15 13 37 28
25 16 25 33
25 18 19 23
46 30 33 37
22 27 32 25
30 43 31 30
28 16 14 16
28 33 40 29
38 40 25 34
24 26 29 25
21 26 33 37
28 24 17 25
23 31 15 31
26 39 26 25
44 38 38 25
29 29 25 14
17 26 21 25
35 27 19 20
28 27 32 25
21 36 18 36
23 27 26 15
13 39 25 17
18 36 25 25
28 26 22 24
24 22 22 23
23 23 32 25
30 13 33 22
20 32 26 30
27 34 37 28
19 32 25 35
33 26 23 21
29 19 30 23
28 23 24 19
21 30 18 37
28 18 15 30
27 18 23 29
35 39 25 34
33 25 33 25
43 37 28 37
28 22 18 25
18 35 22 27
28 27 19 22
35 28 15 29
36 25 25 30
15 26 32 25
36 20 33 26
28 27 31 25
18 18 25 39
28 32 26 21
16 23 31 29
30 18 25 32
25 26 33 25
23 16 14 37
18 27 28 15
30 14 28 21
17 30 22 26
29 26 30 29
39 25 24 39
27 13 13 25
38 24 21 23
18 27 32 25
21 18 14 44
28 34 20 30
19 18 13 29
45 41 25 15
18 26 33 21
37 37 23 25
19 21 21 25
30 17 24 30
22 38 19 30
33 30 21 29
27 33 23 40
33 26 27 25
36 37 31 27
13 27 17 20
25 43 29 19
27 41 20 30
19 17 23 29
43 31 25 28
33 24 17 25
15 24 33 37
28 24 25 25
26 21 33 33
22 42 26 17
26 36 13 27
24 36 19 24
33 26 32 15
46 23 17 18
28 27 32 25
30 25 21 25
28 30 26 27
43 39 41 29
39 34 25 35
33 17 28 25
35 24 27 28
26 24 27 22
30 19 18 19
28 38 17 24
27 20 30 29
23 29 25 39
33 24 27 25
17 24 32 36
13 19 32 18
22 28 27 22
28 25 22 30
17 17 28 17
31 23 25 27
33 19 24 22
44 37 27 37
20 17 26 25
30 34 33 36
25 41 26 27
30 30 41 29
34 34 20 28
27 23 14 25
22 24 22 16
26 14 15 25
13 15 33 24
28 24 26 30
38 35 26 29
41 35 25 13
31 26 33 25
28 24 33 15
18 26 18 25
30 29 19 43
25 21 26 28
44 25 35 25
29 31 17 42
23 26 20 25
34 36 32 37
28 21 32 25
20 22 14 44
28 19 16 30
21 23 34 20
25 29 25 30
17 26 31 25
18 37 17 37
23 20 28 17
30 20 27 16
14 20 26 30
40 17 29 17
25 15 25 38
30 18 19 25
35 18 18 24
28 27 29 23
30 43 29 37
27 31 19 13
29 32 18 25
29 38 14 28
14 16 26 23
25 28 18 37
28 23 31 25
15 19 33 39
21 27 26 30
21 39 26 26
24 33 25 38
26 23 27 25
22 26 33 37
28 27 32 25
19 31 29 22
28 14 26 30
32 20 34 18
26 32 24 23
33 26 25 17
41 30 33 23
28 18 32 15
28 24 23 27
22 26 26 28
13 38 41 26
28 41 17 39
18 26 19 25
25 28 13 37
13 25 28 25
17 23 33 24
24 16 25 30
28 42 16 22
29 21 25 33
33 18 19 23
44 25 28 23
28 27 29 18
23 26 17 41
28 26 26 30
45 38 33 29
13 32 19 25
17 18 19 25
31 30 19 17
15 27 29 21
30 17 21 26
28 19 17 30
27 32 29 29
29 33 25 31
26 26 23 23
32 36 33 19
24 27 32 23
27 17 28 21
28 30 19 26
23 30 26 21
26 19 17 25
33 26 33 18
23 32 29 23
28 27 23 25
30 43 21 44
28 17 26 30
22 42 23 29
29 27 25 41
33 14 33 20
45 15 26 22
24 17 32 25
20 25 30 42
28 46 26 15
25 28 21 29
33 41 21 14
33 26 16 25
35 30 32 23
20 27 32 18
30 21 33 33
28 36 16 30
38 20 15 27
26 39 25 29
33 26 26 13
28 24 19 32
25 16 32 25
15 38 33 45
26 44 26 29
16 24 34 16
21 24 25 33
18 26 16 25
26 18 30 27
28 25 28 22
30 17 20 36
28 30 26 13
21 17 15 29
23 27 25 26
22 21 26 25
15 26 33 13
18 27 32 25
21 21 33 32
26 16 26 28
36 38 17 29
42 34 25 42
33 23 18 25
19 20 16 24
28 26 21 23
17 28 24 27
21 46 20 21
24 32 38 13
21 28 25 30
22 21 19 17
23 37 33 31
28 27 27 25
26 22 20 34
26 31 19 30
23 21 30 29
17 32 25 24
32 26 28 25
21 14 18 36
28 27 27 25
22 27 25 37
28 41 26 27
33 14 22 29
27 29 18 23
33 26 31 25
24 37 21 24
24 27 32 25
15 36 33 20
23 28 26 30
22 31 41 29
39 25 18 18
15 26 33 19
36 37 18 37
28 21 13 25
30 26 20 19
28 22 26 30
39 43 26 27
39 18 25 20
22 18 26 25
40 37 28 32
25 27 32 25
30 32 26 35
28 23 19 30
32 32 18 29
33 31 25 32
33 25 33 20
16 20 24 37
28 15 24 13
30 33 20 22
28 14 26 24
22 34 16 29
42 29 25 18
33 26 20 25
16 18 30 22
27 22 32 23
21 37 23 41
28 41 25 15
26 39 20 18
35 21 23 28
33 26 24 25
23 20 33 37
28 14 14 16
27 19 19 36
28 37 26 30
23 37 32 29
30 18 19 34
33 26 19 24
20 37 33 37
17 19 29 17
18 40 33 39
28 14 26 30
26 38 29 19
33 41 21 20
19 25 31 25
32 31 33 17
28 27 19 25
30 19 33 16
28 25 21 26
26 18 24 26
43 41 25 27
23 19 33 25
26 26 24 29
25 27 32 25
24 28 23 22
26 28 26 25
44 24 41 29
15 27 25 29
33 18 27 25
34 19 17 25
28 18 30 15
30 32 33 34
28 34 26 16
26 34 40 17
32 33 25 31
30 26 29 25
31 23 33 30
28 15 31 20
30 43 33 26
19 46 22 14
33 36 15 29
34 18 25 26
27 26 32 13
33 25 23 37
25 25 32 25
30 22 26 43
28 17 15 30
37 33 41 27
43 37 25 29
33 14 25 25
36 19 33 29
24 27 32 17
30 35 33 34
23 32 26 28
31 23 26 24
46 18 16 22
29 26 33 25
35 22 30 25
24 27 32 22
29 26 33 39
28 33 26 30
17 23 27 25
23 33 25 39
33 26 30 25
14 16 32 15
17 27 23 21
30 33 33 43
28 43 26 30
19 20 14 29
21 23 25 26
33 26 22 25
30 23 22 37
27 24 31 22
17 36 19 26
28 14 26 30
19 28 31 29
13 33 25 31
21 22 26 25
28 29 28 37
25 13 28 24
30 33 26 25
26 21 18 30
16 25 41 29
43 22 25 30
26 26 30 25
14 27 21 29
19 22 32 16
30 36 28 20
28 23 26 21
35 42 22 20
15 21 25 40
33 26 25 22
21 23 15 27
26 27 32 20
30 42 22 19
25 27 26 14
18 25 40 29
35 30 25 33
18 14 33 24
19 32 33 30
28 27 28 25
30 22 21 39
28 35 26 18
22 20 21 29
31 35 25 21
29 20 21 22
17 30 24 35
28 27 32 16
30 31 30 16
21 32 26 17
39 22 41 26
36 23 25 16
33 19 33 25
38 23 19 24
20 21 25 25
30 32 33 35
20 15 26 30
18 35 31 29
40 33 25 34
26 26 13 14
39 16 33 37
28 27 14 25
30 39 14 31
24 24 18 30
24 41 20 29
42 38 14 37
18 26 23 25
22 27 22 33
28 27 32 22
27 29 30 35
17 32 26 29
18 30 39 29
39 17 25 32
22 26 31 16
20 32 33 37
28 24 32 25
30 19 19 29
23 30 26 28
38 30 25 29
36 25 18 31
24 14 27 15
30 14 26 35
28 26 21 25
25 34 33 26
28 41 24 24
22 39 28 18
34 41 25 23
25 26 22 17
15 25 15 31
18 27 32 22
30 33 33 21
27 25 26 17
26 29 15 29
28 28 25 23
32 26 33 25
24 15 23 28
28 27 27 25
30 23 27 18
13 37 26 30
31 16 41 29
25 18 25 25
33 15 33 25
21 22 19 20
20 22 23 25
27 28 18 15
28 15 26 30
42 17 30 29
40 28 25 21
33 20 29 25
33 19 31 30
28 27 26 25
30 34 31 13
22 33 26 21
36 17 22 29
30 37 14 24
23 26 33 25
42 31 26 28
14 14 18 25
30 39 20 35
13 38 26 25
19 35 38 21
43 27 13 19
30 26 33 25
29 33 23 37
28 27 30 25
30 26 25 27
14 23 26 30
25 16 14 29
22 27 25 20
30 20 29 16
25 34 19 37
28 27 16 25
28 36 19 15
21 30 25 26
24 29 19 26
23 25 25 46
21 26 33 22
17 24 32 37
28 27 27 25
22 35 33 37
28 22 22 30
24 35 41 22
22 19 22 29
24 26 15 23
41 27 33 37
21 24 32 25
29 34 25 38
28 23 26 21
30 23 16 21
23 31 19 44
28 26 33 25
31 37 25 37
28 27 32 25
30 35 24 38
25 32 20 19
28 38 25 29
30 39 22 24
33 26 17 25
28 32 21 34
14 18 32 25
30 22 23 35
28 34 26 30
31 26 29 29
34 18 25 27
14 26 33 25
23 25 33 33
28 27 32 25
24 28 23 30
28 35 26 30
28 33 27 15
28 41 25 35
21 21 33 20
22 23 33 17
28 27 32 25
22 15 25 24
28 31 26 30
18 35 28 29
30 28 25 20
24 26 27 20
26 30 33 22
28 27 32 14
24 13 30 39
28 31 26 19
43 29 31 26
28 13 25 26
19 23 23 18
15 37 29 37
28 20 32 15
21 29 30 14
19 23 22 21
33 36 41 28
29 36 25 45
29 26 33 25
25 22 33 37
28 27 20 24
30 23 33 42
28 20 21 27
20 20 20 18
16 35 25 26
28 26 24 25
25 37 33 18
24 21 32 21
30 25 33 21
28 37 26 21
15 40 23 29
27 29 25 41
20 18 16 25
32 37 31 27
17 26 18 25
22 35 24 23
13 39 22 30
28 18 36 16
34 22 13 20
30 26 33 23
17 16 21 26
23 23 18 25
30 38 33 23
28 27 26 17
15 13 25 17
28 24 25 25
23 18 18 25
34 37 33 23
20 27 32 23
26 37 22 22
28 39 26 30
25 38 30 27
26 27 18 24
29 23 23 25
27 35 25 27
25 21 30 25
30 16 18 25
26 39 22 30
30 42 26 23
23 34 25 44
31 15 33 25
15 34 32 37
21 19 32 25
30 26 25 38
28 30 26 24
32 43 33 29
15 31 25 21
21 26 20 25
39 31 22 37
22 24 32 25
28 41 33 42
18 33 26 20
35 33 24 19
31 41 25 30
26 26 28 17
29 29 33 33
28 20 17 25
30 21 33 31
21 34 26 30
24 32 27 29
32 31 20 16
33 21 18 25
20 22 25 37
28 27 25 25
29 16 33 45
16 40 26 21
24 25 14 29
43 30 25 45
33 26 33 25
25 19 18 36
25 27 25 25
22 36 33 37
28 16 26 30
28 32 13 27
25 41 25 36
27 26 31 25
26 34 23 37
28 27 32 23
21 18 24 44
28 38 26 25
44 30 28 23
28 31 25 19
23 20 30 19
14 26 30 37
23 14 32 25
30 14 33 43
18 20 24 28
43 30 28 29
17 24 25 21
23 25 32 19
39 22 22 36
21 27 30 19
30 34 18 22
27 27 26 18
30 43 18 29
23 28 25 22
22 25 33 14
31 29 31 17
14 21 21 25
26 42 33 29
28 20 26 25
34 41 22 29
22 14 25 24
29 21 31 25
32 36 28 28
25 18 32 25
30 31 23 30
28 46 26 30
20 37 18 29
23 40 25 21
33 16 24 25
23 22 28 15
28 24 28 16
30 24 27 36
28 28 20 13
34 28 17 29
28 41 25 16
33 20 33 25
27 26 19 17
28 27 32 25
18 28 19 23
28 22 26 30
45 43 31 29
41 18 23 27
33 26 33 18
29 22 22 26
28 27 15 25
16 41 25 16
28 40 26 30
18 22 38 16
36 26 25 26
26 21 25 24
39 37 22 14
23 26 20 25
30 36 30 28
13 38 26 30
21 34 18 29
28 26 24 36
33 26 30 25
21 19 33 37
28 23 21 16
13 18 33 28
28 38 17 30
39 22 31 29
35 24 15 22
30 26 20 25
32 29 25 37
25 27 24 25
23 20 26 17
25 35 26 27
36 26 40 25
20 28 25 46
28 20 30 25
41 37 30 19
23 23 32 25
17 33 33 35
22 46 26 30
30 22 30 29
39 41 25 28
25 26 23 25
25 20 21 37
28 20 29 25
30 27 33 30
20 37 26 16
15 23 33 23
26 32 20 27
33 23 33 22
23 37 33 25
28 27 27 25
30 34 28 21
28 17 26 30
39 27 40 26
25 18 25 13
33 26 25 24
29 32 33 36
28 27 16 25
18 17 28 21
25 20 26 30
30 30 24 29
23 24 25 36
29 26 31 25
40 24 32 37
28 23 25 25
29 39 32 28
28 43 26 30
21 32 31 28
38 27 25 39
27 18 33 25
27 25 25 13
28 17 23 25
23 38 18 23
27 30 26 30
39 24 25 26
24 22 25 42
19 17 25 25
25 26 33 33
20 22 24 25
30 13 31 38
28 30 26 14
26 23 30 21
38 30 25 25
33 26 25 18
33 22 33 31
28 22 23 25
13 34 30 21
14 28 26 30
30 15 32 16
23 32 23 36
28 16 28 25
23 24 33 16
14 20 32 25
30 38 33 17
28 21 26 30
23 37 36 25
29 15 25 29
28 14 31 23
29 25 24 26
22 27 32 25
30 36 13 28
20 45 26 28
42 37 41 13
26 17 16 27
25 16 33 25
21 26 28 32
17 19 32 25
30 32 19 36
28 27 26 15
24 34 14 15
24 16 24 29
33 26 33 18
35 35 33 24
28 17 32 25
25 16 33 27
28 22 26 21
37 20 24 28
16 18 25 20
33 19 22 13
43 27 32 27
28 27 26 25
26 17 27 29
27 29 26 30
37 36 35 27
37 30 25 39
33 26 32 25
21 36 28 23
28 22 30 25
28 23 33 31
28 24 26 25
29 34 26 29
36 41 25 13
33 26 25 25
44 37 33 27
23 16 25 21
24 39 22 38
28 23 21 30
42 27 36 29
16 19 25 17
31 26 14 25
40 19 33 28
16 23 32 25
20 31 33 19
21 19 26 23
13 21 25 14
24 29 25 29
23 25 23 22
19 36 29 26
22 27 26 25
30 34 33 31
15 14 22 22
36 30 25 29
31 36 24 29
33 26 33 21
22 19 30 24
28 27 24 25
23 39 29 38
17 19 26 30
30 25 30 29
37 33 16 27
15 17 17 16
21 31 19 36
27 27 32 21
30 26 33 21
28 25 26 25
37 39 41 14
32 23 25 15
27 16 25 25
19 16 25 27
28 27 24 20
30 26 22 28
24 28 26 30
22 21 16 15
38 36 25 36
29 25 33 25
35 28 33 23
21 27 32 25
30 22 20 31
24 20 26 23
18 15 31 29
29 40 25 22
33 26 33 25
42 16 33 18
28 27 24 25
19 21 14 21
17 42 17 21
45 22 17 22
45 29 25 16
33 24 33 25
30 26 22 27
22 18 23 25
30 36 25 21
28 24 26 30
33 19 41 29
33 25 25 46
33 26 25 25
43 37 31 31
28 27 32 25
29 34 31 41
22 29 26 30
18 26 31 29
26 26 25 26
33 26 29 25
16 19 16 28
27 27 32 21
30 17 32 31
28 33 26 22
17 40 41 29
34 17 25 31
33 25 32 25
23 25 24 19
28 27 32 25
28 35 22 27
28 30 26 13
14 28 19 29
34 21 25 19
21 26 30 25
34 36 25 19
27 25 15 23
26 28 33 17
28 28 21 30
31 36 23 23
36 24 25 35
27 26 31 25
31 32 17 19
28 26 31 25
30 18 24 41
24 17 26 25
23 29 32 29
21 41 25 25
33 21 23 17
35 30 17 33
14 27 16 25
20 28 25 30
27 16 26 30
40 43 41 29
23 39 25 18
29 26 25 18
22 32 30 21
26 27 32 25
19 28 19 40
28 16 26 30
39 43 21 26
37 32 25 29
25 26 33 20
23 32 25 21
15 27 24 24
16 28 33 30
28 15 18 30
27 41 34 29
33 40 25 26
21 25 26 25
29 28 33 27
22 27 32 25
30 37 32 17
20 37 26 25
28 25 38 27
39 27 14 24
26 15 24 25
29 34 33 37
28 25 32 25
30 16 19 24
21 25 14 25
27 19 34 29
23 25 25 17
33 26 27 25
22 29 33 15
27 27 32 25
23 39 33 43
27 42 26 29
24 23 30 27
29 20 25 22
33 22 33 25
30 22 33 19
28 27 32 25
30 13 33 32
28 17 26 29
36 31 16 27
34 25 25 30
25 26 27 25
21 20 33 21
26 24 32 21
25 37 26 25
28 26 25 19
17 38 20 29
21 29 25 36
28 26 30 15
14 26 14 19
28 25 30 25
30 19 33 30
27 21 26 29
33 16 41 20
13 26 25 26
33 23 33 25
34 30 32 27
21 27 20 21
22 36 33 23
28 36 26 30
30 27 17 26
44 38 25 26
20 26 33 23
29 25 23 37
21 27 32 25
26 37 29 31
24 33 26 26
22 36 32 24
35 26 14 27
25 25 23 23
31 34 25 23
28 20 16 25
30 38 33 14
28 38 21 27
22 38 14 25
27 33 19 18
33 26 30 23
32 14 16 23
26 23 28 25
25 40 21 27
28 34 26 26
28 34 36 29
24 31 25 33
33 17 19 25
36 14 25 25
22 27 32 25
26 30 32 30
28 31 26 30
18 19 13 29
31 24 14 30
29 15 21 25
46 37 21 31
28 27 31 25
21 16 23 30
28 40 25 24
27 22 25 29
27 28 23 27
19 26 16 17
19 18 33 26
25 27 20 25
26 28 33 18
25 33 23 30
25 32 30 25
46 27 25 27
19 26 33 25
35 31 23 27
28 27 26 24
30 35 25 30
25 19 26 18
33 24 20 17
34 25 18 27
28 18 33 25
38 37 31 37
16 26 32 20
30 19 33 43
14 39 26 30
43 14 30 18
15 21 24 22
33 26 33 25
16 26 33 16
28 27 24 25
25 15 33 23
23 18 26 30
33 14 37 26
35 28 23 29
23 26 33 25
33 30 33 26
16 21 24 25
26 33 33 28
19 14 18 27
16 23 29 27
16 26 25 36
18 26 33 20
27 23 33 37
21 26 26 25
30 28 16 33
28 25 26 27
22 31 27 27
17 38 25 30
30 26 30 24
17 36 28 37
19 27 28 25
30 38 27 37
28 37 26 30
28 22 17 20
22 41 25 38
19 26 17 19
37 37 31 22
21 27 25 19
30 31 21 31
19 31 20 30
44 38 24 19
20 32 16 27
32 26 33 25
36 30 33 26
23 27 15 16
23 22 15 13
28 26 26 14
18 21 30 29
23 27 25 24
29 26 23 25
20 24 32 20
26 27 18 25
23 41 32 30
19 21 26 23
18 29 36 29
34 16 15 37
20 26 30 25
29 31 32 37
28 25 26 16
17 36 19 30
28 43 26 30
22 34 41 19
27 32 25 26
24 20 19 25
35 37 30 16
28 27 32 23
23 36 33 29
28 26 26 30
29 18 22 27
32 24 25 41
26 26 19 18
29 37 33 37
24 17 32 25
30 41 28 38
22 27 25 24
31 43 32 27
16 38 25 28
16 26 19 25
24 29 33 26
28 27 32 25
23 45 27 42
26 42 16 30
20 36 21 28
28 35 25 31
22 26 25 25
21 33 33 37
28 24 30 25
30 41 19 26
28 43 21 21
39 28 23 29
28 27 25 32
33 26 33 25
38 37 33 23
26 27 32 25
27 19 33 18
28 28 26 24
38 27 18 23
16 22 25 46
20 26 28 25
18 32 20 22
28 27 32 21
18 33 27 43
27 15 24 28
36 36 22 28
46 27 25 36
33 26 28 23
41 27 33 34
28 26 25 25
30 19 33 34
25 23 26 15
30 42 25 26
31 26 25 17
23 20 31 25
22 35 33 25
23 27 21 14
29 13 21 34
27 26 17 27
20 22 24 18
23 40 25 21
28 26 33 25
42 25 33 31
28 27 32 25
17 32 25 27
28 29 15 30
37 23 14 29
29 37 25 30
33 14 20 25
23 22 18 18
28 27 29 25
24 41 19 45
18 24 26 22
26 31 30 29
30 37 25 26
29 21 33 25
27 32 29 27
28 27 28 25
25 45 21 26
19 19 26 30
25 34 41 29
27 16 25 17
26 26 26 25
25 18 27 24
13 27 23 25
26 29 28 33
28 21 26 30
20 37 19 19
35 26 25 17
14 26 26 25
29 37 22 35
28 17 26 25
30 35 20 29
28 27 26 30
31 19 40 19
34 16 25 20
25 26 21 16
28 32 13 37
28 22 26 23
30 43 31 21
28 26 25 13
35 35 15 29
18 39 25 21
26 26 30 25
25 36 33 30
28 24 32 25
30 18 32 44
28 21 26 30
40 24 37 29
45 21 25 35
27 25 30 25
29 34 26 27
16 18 31 25
30 28 33 37
22 38 22 30
21 22 29 25
17 38 17 15
23 26 31 23
35 18 29 37
20 23 32 14
22 32 16 20
28 16 26 18
19 37 35 28
23 38 25 35
19 26 22 25
23 29 30 37
28 27 31 25
26 28 33 23
21 35 26 19
16 19 14 29
38 20 25 30
27 26 33 23
33 32 33 28
28 20 32 21
27 31 33 26
26 31 26 30
20 43 24 24
45 13 25 34
33 14 33 25
24 21 32 28
21 27 32 25
17 15 33 19
28 17 17 28
22 28 14 27
34 41 25 27
21 26 26 25
24 15 30 24
28 27 25 20
30 20 18 36
16 24 19 17
28 41 15 25
33 23 25 20
29 19 21 25
31 31 20 33
28 27 27 22
30 36 25 16
28 22 26 20
19 41 26 14
27 26 25 36
19 19 26 25
26 26 29 23
27 17 26 25
30 16 33 24
28 35 26 28
17 16 38 29
40 34 25 17
27 26 27 25
41 24 31 25
28 19 32 21
24 36 33 29
26 42 26 19
37 43 32 29
24 36 18 30
33 16 23 13
18 34 20 36
28 18 26 22
20 36 17 31
28 26 26 30
24 16 25 29
42 26 25 33
33 26 33 25
36 37 33 37
27 27 17 25
25 16 27 40
28 25 17 30
26 32 41 14
23 41 25 20
32 15 28 16
28 37 21 26
26 27 32 25
30 29 31 25
28 26 26 30
18 30 33 17
30 17 25 22
33 24 20 25
23 36 29 34
28 27 32 25
29 28 29 17
28 27 26 18
25 28 16 18
16 39 25 34
32 26 31 25
32 37 30 27
28 27 18 25
26 32 33 23
20 23 19 30
29 22 27 20
30 34 20 31
33 26 33 25
41 29 23 37
28 19 21 25
30 29 33 29
23 24 26 28
31 31 36 29
14 34 25 38
29 26 30 18
29 37 33 33
15 27 20 25
30 15 25 21
21 14 24 29
21 19 34 29
28 29 25 18
22 26 24 25
39 22 33 30
28 22 32 25
30 24 21 19
28 31 15 30
33 14 33 25
27 30 25 35
33 25 21 14
46 37 20 37
28 22 28 25
15 21 20 33
28 24 25 30
20 27 23 24
17 34 25 24
33 21 30 25
23 22 33 37
25 27 18 25
30 34 30 23
28 40 26 22
35 23 31 29
27 31 25 45
16 26 22 25
16 22 16 34
28 27 32 25
30 14 16 27
28 31 26 24
32 38 29 29
15 33 21 29
33 26 17 13
38 37 18 13
28 26 29 25
30 30 18 15
18 28 26 20
39 24 14 15
26 36 25 34
27 21 22 25
28 30 29 28
24 23 32 24
23 37 33 22
28 45 26 13
16 22 24 16
20 31 25 43
25 26 16 25
34 28 17 19
23 27 32 21
30 18 31 33
28 36 26 23
25 28 23 24
16 30 21 39
18 26 15 25
19 32 22 37
14 18 27 25
22 30 22 37
28 26 21 21
28 34 33 29
16 34 17 35
29 25 26 25
18 24 24 22
21 27 21 22
30 26 30 29
27 28 26 30
20 23 17 25
35 31 25 14
33 17 13 23
28 27 13 31
28 26 32 24
30 25 29 30
25 28 26 30
45 32 37 15
41 25 25 26
17 24 20 23
27 30 31 37
28 27 32 25
26 20 25 45
28 32 19 17
44 36 23 29
44 32 25 29
26 24 33 25
22 33 33 29
28 23 26 25
30 42 33 17
28 24 26 15
34 25 20 29
30 17 14 26
32 26 21 25
24 37 33 28
28 20 16 21
29 13 33 29
28 17 13 19
37 41 39 27
29 15 25 26
31 26 25 25
38 16 33 30
28 27 32 19
24 32 25 27
28 43 26 30
31 30 27 29
28 21 25 46
26 26 33 17
39 37 31 37
28 26 23 24
30 19 23 33
25 32 24 19
30 29 25 29
27 19 25 32
19 23 33 21
31 16 31 25
28 27 29 25
19 41 17 19
19 28 26 21
28 27 29 16
32 27 25 15
28 21 33 25
25 30 33 29
14 27 32 19
20 40 25 20
17 29 20 30
16 21 14 29
27 25 25 34
21 24 16 25
18 32 26 32
28 27 32 25
18 43 33 28
28 31 22 30
26 25 30 29
19 16 25 34
15 17 33 18
37 32 31 37
22 27 27 17
25 31 25 27
18 34 25 24
28 36 24 29
39 31 25 23
33 26 23 13
38 26 13 37
28 27 18 24
28 24 20 21
28 37 26 25
32 39 38 20
15 25 25 32
33 26 33 25
38 27 33 30
28 27 32 25
27 30 31 18
14 24 16 30
29 35 41 19
28 15 16 29
33 26 23 25
27 27 14 22
28 27 26 25
23 23 33 21
28 31 26 15
15 29 34 22
30 20 25 32
26 26 33 25
33 25 33 37
19 19 30 22
28 46 33 20
28 18 14 30
26 33 23 16
31 29 19 28
26 26 33 25
24 31 23 32
18 22 18 25
30 20 30 20
22 25 20 30
23 26 26 29
28 32 25 32
30 17 33 13
45 29 22 34
28 27 32 24
28 23 33 42
28 40 14 16
27 18 24 28
37 41 25 42
33 23 29 24
18 25 33 26
28 27 32 25
16 25 33 18
17 24 14 30
30 37 32 29
16 16 25 27
22 26 14 25
19 16 32 21
28 27 14 25
30 24 14 24
19 24 21 30
32 20 31 19
33 34 25 30
23 15 33 21
26 35 24 35
24 27 32 24
30 18 21 43
28 25 26 30
42 16 29 29
40 39 25 32
27 26 17 23
18 33 32 37
28 21 27 25
30 39 20 24
17 24 21 27
24 43 30 29
41 26 25 18
28 20 30 14
18 23 33 20
15 27 32 25
26 44 22 29
28 30 17 30
34 31 28 29
29 25 13 29
33 26 26 25
41 29 33 36
28 20 27 25
30 29 33 20
28 20 26 30
39 29 20 18
20 13 25 35
33 24 33 25
25 34 33 37
28 27 32 25
30 41 26 31
28 35 14 30
31 41 31 29
30 21 24 42
21 26 33 25
19 35 33 37
28 27 21 15
30 24 27 36
14 45 26 30
45 33 22 29
42 27 17 28
33 13 33 25
28 21 33 37
17 27 25 24
17 20 33 23
24 24 26 30
31 33 28 27
23 34 25 23
28 26 28 16
46 27 32 37
28 17 17 25
30 28 33 39
28 24 26 28
29 24 35 17
21 18 24 32
33 26 33 15
37 24 33 37
28 27 32 25
30 43 32 45
28 18 15 20
26 20 41 29
23 23 22 23
31 26 31 22
24 31 22 31
26 27 27 25
26 21 30 46
16 18 13 24
29 21 28 27
34 23 25 28
15 19 23 25
41 37 27 31
28 27 25 25
30 30 31 23
24 40 26 27
45 42 16 20
23 23 25 35
33 26 24 21
26 27 22 26
28 27 23 25
30 36 28 37
21 27 26 30
25 30 41 28
36 21 25 27
23 26 33 23
26 20 27 21
28 27 19 25
19 21 23 30
24 37 19 28
19 39 39 29
27 28 25 40
19 26 24 25
22 35 29 37
28 27 14 20
22 20 15 28
21 26 26 30
23 22 31 29
24 33 25 36
18 26 33 25
16 29 22 32
20 27 32 25
23 37 18 36
28 30 20 30
26 22 41 29
24 24 14 24
33 26 33 24
17 37 22 37
28 27 32 25
30 22 23 15
16 15 26 30
19 32 26 24
40 19 15 31
31 26 24 22
26 29 29 25
28 27 27 25
30 27 24 37
28 21 26 15
34 17 34 24
22 31 23 20
28 13 33 25
26 33 33 18
26 27 32 25
28 37 28 24
24 35 26 28
29 42 17 29
28 20 25 18
30 26 30 23
31 37 22 25
28 22 27 25
21 42 23 17
25 17 18 30
22 32 14 29
27 34 25 35
33 23 26 15
26 15 25 29
28 17 15 13
30 33 20 42
19 34 26 30
26 40 26 22
24 41 16 33
27 24 26 25
16 37 29 35
25 27 32 17
30 25 33 39
28 38 15 27
25 39 27 18
35 29 22 26
22 24 16 25
25 25 17 21
15 27 32 25
30 18 33 45
25 35 26 30
19 24 40 29
22 18 22 27
33 26 23 25
33 32 24 37
28 27 32 25
30 21 33 29
28 19 26 28
33 25 36 20
41 16 21 27
31 16 17 25
39 15 33 23
28 17 27 25
28 20 33 30
28 30 19 30
45 22 37 17
27 41 19 24
28 20 31 25
20 19 15 31
28 27 24 21
17 37 33 25
20 41 24 19
22 26 41 22
16 16 25 33
31 26 22 20
31 25 33 30
28 20 32 25
30 36 22 27
28 28 26 30
26 33 37 23
24 31 25 22
33 26 23 25
25 37 33 37
19 27 21 25
30 15 33 41
28 26 26 26
38 39 38 26
29 36 19 39
32 26 31 25
30 13 21 23
28 26 18 16
28 16 25 20
28 41 22 26
29 34 30 29
36 36 25 26
21 19 33 13
35 33 15 37
23 27 14 25
28 38 33 31
28 15 26 29
26 38 24 29
23 23 25 15
23 13 20 25
34 27 33 37
28 27 20 25
25 15 26 40
28 16 15 30
29 25 21 29
39 37 25 14
28 26 27 25
29 20 33 35
28 25 32 16
21 20 13 19
28 25 26 27
38 20 36 29
22 34 25 29
33 19 28 19
27 37 16 24
19 27 27 25
20 33 22 19
28 20 26 30
19 29 22 27
33 29 25 20
23 26 26 25
38 27 22 17
22 16 18 25
24 43 33 27
22 22 26 28
45 27 13 19
17 41 21 21
33 26 27 25
30 22 27 21
25 27 16 16
21 34 33 19
28 27 26 30
39 24 27 22
38 36 25 23
27 15 17 14
46 24 33 35
28 24 14 25
30 35 23 21
28 26 24 30
24 32 41 19
24 26 25 28
13 26 15 25
30 37 31 16
28 27 19 25
29 35 26 43
24 43 25 22
34 40 41 27
25 41 25 23
32 26 33 23
34 37 30 20
28 24 13 25
27 32 30 14
14 25 26 30
42 33 35 25
35 13 25 31
13 26 33 25
34 25 24 36
28 27 20 25
30 38 21 24
28 22 14 21
32 25 26 28
28 28 25 22
15 26 32 25
39 33 33 37
28 27 20 25
14 16 25 20
28 27 21 19
31 21 24 29
30 23 14 23
30 26 27 25
26 21 27 14
24 27 32 23
30 36 33 21
23 43 26 18
38 31 28 29
23 22 25 27
22 26 21 21
23 37 33 37
28 27 31 24
28 25 33 27
27 17 26 22
43 19 29 29
35 41 20 45
33 17 24 24
43 17 33 20
28 20 31 25
24 29 33 17
28 23 26 23
29 21 23 25
34 41 25 26
19 26 25 25
24 22 33 14
23 22 32 24
28 38 16 21
24 17 26 30
43 22 20 17
16 16 25 33
15 26 18 25
46 21 30 32
28 20 32 18
26 21 28 44
19 31 26 30
18 29 27 22
31 22 17 30
33 19 26 19
27 30 33 37
28 27 32 24
26 38 26 27
26 18 16 30
20 28 41 14
19 30 25 26
32 26 33 25
39 19 33 27
28 27 22 25
28 41 24 20
28 26 26 27
18 25 37 27
29 28 19 36
33 26 33 25
33 31 20 19
15 27 20 22
30 33 24 20
28 19 26 15
19 19 25 23
22 13 25 27
32 26 18 25
33 37 13 37
26 27 26 25
14 34 21 13
28 26 23 27
43 30 16 29
39 26 25 26
26 26 21 25
24 37 33 16
28 27 30 25
16 45 17 34
28 25 23 15
39 18 41 29
30 29 21 28
33 24 14 25
33 22 33 37
26 27 19 25
16 27 23 14
24 25 26 25
25 19 41 29
39 29 25 30
33 26 32 25
28 29 25 23
16 21 27 23
30 25 33 29
26 36 26 27
39 20 30 22
29 28 14 31
33 25 24 25
42 19 33 37
28 27 32 21
30 32 33 13
27 29 26 30
40 40 15 25
25 35 25 24
32 26 17 25
17 31 33 37
15 27 32 25
22 35 32 43
28 32 26 22
39 14 27 29
26 17 25 34
27 26 33 25
28 26 29 28
21 27 32 25
18 30 25 24
28 34 24 17
27 19 23 29
22 32 20 37
33 26 33 25
16 23 33 17
22 20 15 25
30 15 33 27
25 23 26 23
30 19 34 24
26 41 25 22
33 20 27 21
25 37 23 34
28 27 32 24
26 29 33 15
24 30 22 22
37 43 29 26
25 30 23 26
17 26 28 25
30 27 18 18
28 19 18 25
30 24 33 23
17 24 26 30
44 19 24 29
34 41 25 26
30 18 28 23
33 37 26 17
15 27 32 25
24 36 29 24
26 19 26 29
33 34 33 21
38 34 25 21
33 22 33 25
29 23 13 14
28 25 32 25
27 46 33 30
24 41 26 27
21 34 40 19
22 20 25 40
15 26 26 25
29 29 24 24
28 25 32 25
22 34 18 16
26 26 19 15
38 43 30 23
31 21 19 29
33 26 28 14
29 25 20 25
22 27 27 25
30 15 33 23
28 22 25 19
41 40 36 29
35 13 25 25
23 26 30 25
31 31 27 25
28 27 31 25
30 37 32 38
16 34 25 28
33 40 28 23
21 32 25 31
19 23 26 25
23 26 33 37
24 15 14 25
26 31 24 16
27 33 20 30
36 26 24 14
31 20 17 16
33 20 27 20
36 33 30 28
28 24 28 25
19 28 33 26
20 16 26 13
21 37 27 28
45 25 25 27
33 26 33 15
26 27 23 37
28 27 32 25
28 15 17 25
21 27 26 18
29 16 23 13
22 38 25 31
33 23 33 17
36 25 33 37
24 27 14 25
30 28 33 26
28 46 26 28
45 40 33 29
19 41 25 24
29 26 22 25
28 28 23 37
27 20 21 25
30 31 28 44
28 20 17 18
32 26 18 29
42 22 25 30
17 26 33 25
35 36 31 13
28 27 22 25
18 30 18 35
27 30 26 30
16 26 35 22
19 18 23 40
22 22 26 25
29 31 33 31
18 21 32 25
30 36 23 21
28 27 26 30
39 18 34 19
38 21 25 24
33 26 33 25
22 29 30 37
28 27 32 15
25 22 25 24
19 21 26 21
19 21 28 23
25 38 18 18
33 26 23 25
14 27 20 22
25 27 22 21
30 36 27 15
26 36 24 27
22 37 41 29
39 36 15 24
33 24 22 13
23 31 22 26
19 27 25 25
19 32 33 35
27 32 26 19
38 25 39 29
25 41 25 16
33 26 25 25
16 37 28 23
28 27 32 13
30 28 33 18
23 24 26 20
31 43 22 27
44 37 25 38
31 21 33 20
25 23 21 21
27 23 23 25
30 34 31 21
28 40 26 25
22 36 29 16
27 41 25 22
14 26 33 25
39 27 29 24
28 27 32 25
30 33 30 41
17 31 26 30
19 26 37 29
32 31 23 46
21 24 33 25
31 37 32 30
26 27 32 15
24 25 30 28
28 20 26 29
21 29 21 24
30 31 25 26
29 26 24 25
14 15 33 22
28 26 30 25
13 28 19 36
21 20 22 30
25 25 33 29
28 32 25 45
33 26 32 25
17 24 29 29
27 27 32 19
18 27 33 16
28 24 26 30
44 27 29 29
35 40 25 27
26 26 26 25
46 23 16 37
28 27 32 18
25 18 33 24
28 13 23 22
43 23 31 26
28 32 22 32
13 26 33 19
21 18 33 26
19 23 32 25
30 24 26 19
28 17 23 17
15 29 34 29
25 21 14 17
27 26 14 25
36 17 27 30
14 27 32 25
30 18 33 27
28 23 24 30
19 30 32 18
15 19 25 27
33 22 27 25
43 32 23 23
28 19 32 20
20 18 13 38
27 34 26 30
27 43 16 19
21 30 25 31
33 17 33 25
25 37 18 37
28 27 20 19
24 20 27 28
24 24 23 20
21 35 32 24
25 29 25 44
27 23 13 25
13 23 24 29
28 22 32 23
27 31 33 26
28 33 26 20
29 35 27 29
35 38 25 19
33 14 33 25
46 37 33 17
28 27 17 25
28 24 23 30
28 21 26 23
19 15 27 29
25 28 25 31
33 24 32 25
39 18 33 30
23 27 32 25
26 19 31 29
28 14 26 25
19 25 40 29
35 24 25 34
33 26 33 17
16 28 16 23
23 27 24 25
28 28 23 23
28 26 23 16
39 33 35 28
23 13 25 28
26 13 33 23
25 20 29 30
28 27 13 25
30 27 24 43
28 24 15 18
15 32 23 29
36 16 22 36
17 20 17 23
32 17 33 19
24 27 32 25
14 26 31 18
19 19 13 23
41 30 34 29
25 27 25 30
33 26 33 25
25 37 29 24
28 18 14 25
20 38 21 25
28 28 26 30
18 21 18 29
44 27 25 33
31 26 33 25
36 33 33 37
22 27 30 25
30 36 33 41
24 20 19 21
33 28 18 29
42 39 25 29
33 26 27 25
35 29 24 27
28 13 25 23
29 23 33 20
28 36 26 30
31 23 36 29
34 31 25 27
22 26 20 25
24 37 13 20
24 27 27 25
18 22 28 18
26 35 23 30
18 39 41 29
29 35 25 28
33 26 29 25
36 29 30 25
24 23 32 25
24 43 17 30
27 17 26 18
20 36 41 29
20 38 25 18
33 26 30 24
25 18 18 22
25 27 32 25
24 16 33 40
23 25 26 21
22 43 35 29
39 21 18 33
31 26 24 25
22 37 21 17
23 27 32 17
28 32 32 31
28 34 17 29
32 21 41 29
32 19 16 39
33 26 23 25
19 24 33 36
28 24 28 25
28 15 32 19
15 44 24 22
33 30 28 22
31 32 25 19
16 26 29 25
21 23 16 23
27 17 20 25
28 34 18 39
28 22 24 30
27 20 20 29
24 37 25 22
31 18 33 25
29 33 26 37
28 27 32 23
23 31 25 21
21 28 26 30
21 13 35 29
17 40 24 19
33 26 28 25
16 29 33 22
20 17 32 25
21 30 21 16
19 44 24 30
31 32 31 24
39 41 25 24
16 26 21 25
17 37 33 31
28 18 32 25
25 18 16 39
21 26 26 27
37 35 41 26
43 32 18 24
21 26 32 20
19 23 33 20
28 27 32 25
30 41 23 36
28 39 26 26
40 36 19 28
35 31 25 30
25 26 20 22
17 27 33 30
28 23 21 21
16 30 33 15
28 34 26 17
36 20 39 29
24 18 25 27
29 26 32 17
22 32 27 27
28 14 32 24
30 45 24 26
28 15 26 26
24 29 41 18
35 24 25 25
33 22 16 20
32 24 33 24
20 27 27 25
28 31 22 22
26 13 26 21
28 38 22 29
20 37 25 32
33 26 16 25
42 18 17 37
28 27 32 22
19 17 26 37
20 23 26 13
23 13 37 29
34 24 25 36
33 26 30 25
31 19 21 23
19 25 24 25
23 20 32 21
28 43 26 23
24 19 27 15
30 22 25 22
33 26 24 24
23 28 25 16
28 27 23 21
30 30 32 24
28 21 26 29
27 23 37 28
25 16 25 23
14 26 26 25
20 37 20 22
13 27 32 25
30 31 28 31
26 39 17 30
26 21 32 23
22 24 25 32
33 26 21 25
26 26 31 29
28 27 26 25
19 13 23 44
13 38 26 30
24 25 25 29
18 39 25 31
33 16 22 14
17 25 25 18
28 27 32 21
30 37 28 46
22 27 26 19
20 22 21 23
33 24 25 28
33 26 27 22
32 37 16 28
27 18 29 25
30 22 25 38
17 24 18 27
24 28 21 29
19 28 25 29
17 26 21 25
19 37 30 29
17 27 25 25
30 36 28 24
17 27 26 29
26 33 32 23
29 31 22 45
27 26 33 25
22 36 29 37
25 27 22 25
30 33 33 27
28 24 26 30
25 26 30 29
39 19 20 25
21 26 33 22
25 35 33 37
28 26 18 25
27 36 19 20
28 23 26 20
37 43 28 16
32 41 25 15
24 17 33 20
29 23 33 37
20 27 32 25
30 30 33 25
28 25 16 17
18 40 36 28
29 22 25 25
33 26 33 25
24 31 20 28
14 27 32 22
30 24 17 39
16 41 26 30
21 29 39 29
44 35 24 27
29 26 33 25
21 23 33 35
28 27 24 25
30 29 24 42
28 16 26 17
26 22 36 29
26 22 19 24
24 26 18 23
22 35 30 37
23 16 30 25
30 32 33 42
28 33 26 25
40 29 34 29
32 19 25 33
33 26 17 23
41 20 33 33
28 26 22 23
30 18 22 18
28 45 23 30
19 26 41 23
27 39 25 21
13 24 33 18
21 30 33 22
28 14 17 25
30 36 33 23
28 27 26 30
24 18 31 29
27 26 25 25
26 23 14 25
21 37 33 18
22 27 29 19
28 18 17 22
28 25 25 23
22 26 31 29
29 27 25 30
15 24 33 18
44 15 30 30
22 14 32 25
27 39 33 37
28 26 26 30
32 33 14 19
16 34 24 18
22 25 32 23
18 23 20 37
28 18 21 25
24 42 33 34
28 39 26 30
23 38 24 29
30 18 16 20
33 25 33 25
35 15 26 26
14 18 23 25
30 13 22 42
28 29 26 30
26 33 14 29
25 32 25 15
33 20 26 25
30 30 32 37
28 27 22 25
30 21 15 44
22 20 26 30
19 38 20 21
22 15 25 20
33 18 21 21
43 26 26 37
28 27 32 20
23 25 32 21
17 26 26 30
22 25 23 29
22 28 25 19
33 26 33 19
26 37 32 34
28 27 25 25
30 31 24 46
28 38 17 16
14 36 20 23
15 27 25 41
21 26 16 25
34 33 25 35
20 27 32 25
28 30 27 38
28 24 17 30
31 14 31 20
24 20 15 35
31 26 33 25
32 15 33 29
28 27 24 25
19 30 17 34
28 39 26 30
46 17 38 17
35 25 17 14
33 26 33 21
27 29 29 37
22 27 32 25
30 39 22 38
28 31 18 29
16 43 23 21
28 23 25 27
30 20 31 25
28 29 30 25
28 22 32 25
28 22 23 21
19 18 26 20
23 32 36 29
39 19 25 31
33 16 33 25
44 26 33 32
28 27 32 25
30 18 32 26
28 25 20 30
38 27 28 29
24 33 25 21
22 26 33 23
31 16 22 22
18 20 18 22
20 45 33 25
19 28 26 30
32 32 21 29
21 27 25 31
28 23 29 19
34 37 30 30
21 21 32 25
17 21 33 29
21 23 26 19
37 43 36 29
14 24 21 14
18 26 33 25
40 26 24 27
25 13 23 22
23 42 22 43
28 17 26 15
26 17 41 29
26 35 23 24
33 20 17 16
40 25 20 28
13 17 21 25
14 15 28 16
28 21 26 30
29 36 41 22
34 13 21 33
21 20 27 25
35 37 17 37
24 27 23 21
25 36 33 31
25 17 26 30
44 24 18 24
32 34 18 31
33 14 33 24
22 34 17 18
19 19 28 25
25 30 33 27
21 19 26 30
31 27 30 21
28 34 22 36
15 19 19 25
37 28 33 31
28 27 18 24
30 41 31 17
28 32 22 29
38 26 20 20
15 41 21 23
27 23 23 15
20 28 31 31
28 27 31 25
27 25 33 30
24 16 22 30
40 26 31 20
34 41 25 46
30 26 26 25
28 25 32 32
21 27 25 25
30 14 16 28
22 19 26 30
45 30 23 22
34 32 25 29
20 26 20 25
36 19 16 35
28 27 23 25
13 18 22 33
28 23 20 30
19 28 39 26
24 28 25 24
33 18 24 23
43 28 29 37
22 27 14 25
20 27 20 28
26 31 19 30
31 18 33 29
24 33 25 29
29 26 28 15
13 37 33 22
28 27 19 13
25 20 33 40
28 29 26 30
26 36 41 29
17 31 25 40
23 26 33 21
29 25 17 23
28 27 32 25
30 34 33 42
23 26 26 17
30 32 33 22
20 30 25 27
33 26 14 25
21 37 33 19
28 19 22 25
21 34 33 33
28 32 26 30
23 29 27 29
36 35 25 24
33 26 30 25
27 20 33 37
22 27 26 18
29 36 33 42
23 22 24 30
17 39 36 29
46 37 17 13
33 26 16 25
34 17 32 26
28 27 32 25
30 27 26 36
20 16 26 30
46 28 25 29
27 33 13 30
33 21 33 25
18 28 27 26
28 27 17 21
30 28 19 22
28 30 14 24
23 35 15 29
41 41 14 30
33 17 14 25
14 20 25 16
28 23 16 25
22 27 26 38
28 44 26 30
26 35 13 18
36 41 21 31
29 26 33 17
26 29 14 34
28 27 17 16
30 30 33 30
28 40 26 30
33 34 29 29
17 25 25 42
33 24 15 25
36 29 28 37
28 27 28 25
20 34 15 30
28 31 21 30
20 19 34 29
22 37 25 36
33 20 33 14
15 25 33 30
15 27 32 17
25 35 24 29
28 23 23 22
37 21 36 26
33 21 25 34
28 26 33 13
37 26 33 19
21 26 32 25
30 28 33 40
28 14 26 30
30 43 15 29
16 30 25 28
29 26 27 25
21 19 32 26
19 16 18 20
30 29 33 18
18 34 26 30
37 19 28 17
41 39 24 25
33 17 33 23
26 26 33 23
28 20 19 25
30 43 33 24
28 27 26 30
19 17 27 29
21 30 23 27
28 26 22 25
30 31 26 37
28 27 25 17
21 23 33 43
20 20 26 30
32 36 27 26
34 28 25 20
20 21 17 24
42 21 29 32
28 27 31 19
30 25 29 22
28 38 21 30
40 24 25 29
40 26 25 41
24 23 33 25
26 36 30 32
28 27 15 25
30 29 29 28
20 42 26 17
28 29 32 23
28 24 20 26
30 20 33 25
27 13 20 37
28 27 18 14
30 21 33 26
28 22 26 30
27 27 23 29
24 36 25 29
19 20 18 25
23 34 20 37
18 27 31 25
25 22 33 26
22 13 26 23
19 30 33 26
24 27 25 22
25 26 23 19
34 26 27 31
28 26 32 25
30 32 24 16
20 22 26 29
17 43 30 29
22 28 25 45
21 20 33 25
21 16 25 37
28 27 26 25
30 42 21 14
28 35 26 30
26 34 41 15
33 25 25 46
26 26 33 25
24 20 33 37
27 27 23 15
29 28 33 19
28 28 26 19
22 27 20 29
29 34 25 35
33 26 26 16
43 37 33 18
28 16 21 17
26 26 33 31
28 16 26 28
22 43 20 29
22 38 25 36
29 18 17 25
42 29 24 21
23 24 20 25
30 32 33 41
22 25 18 30
32 19 37 23
22 36 25 18
33 26 33 25
44 21 33 36
28 22 21 25
30 27 20 23
20 38 22 24
46 36 18 29
40 25 25 27
25 26 27 25
24 32 24 18
28 27 32 25
22 31 33 43
28 31 26 22
23 23 37 29
15 32 23 28
33 24 20 19
46 27 17 32
14 27 32 25
30 32 23 27
18 21 26 22
21 43 28 29
45 34 25 29
31 26 30 25
15 25 33 37
28 17 32 24
30 34 30 17
19 43 25 30
30 26 22 27
33 34 25 20
33 23 21 25
35 21 24 24
25 27 21 25
30 37 21 18
28 37 26 30
24 28 20 29
36 29 16 26
28 26 22 23
19 34 33 37
28 27 26 25
30 28 33 18
28 14 26 30
18 23 24 29
27 25 20 24
15 26 25 25
42 26 25 37
28 27 32 25
30 27 25 43
19 17 26 13
33 40 24 19
26 40 19 34
22 26 28 25
16 37 26 33
28 24 32 22
30 24 32 22
28 41 26 30
45 23 22 29
29 21 25 30
33 16 33 18
17 37 33 21
26 22 32 25
23 28 33 19
28 22 24 21
37 22 32 29
22 26 23 18
24 26 22 21
28 30 32 20
28 27 20 25
20 19 20 30
28 38 15 23
33 25 35 29
41 30 19 30
19 26 31 19
27 24 23 28
24 27 24 25
20 29 33 29
21 24 26 29
35 15 32 29
18 21 24 42
33 17 33 25
36 26 23 37
28 27 19 25
30 37 17 13
28 19 25 28
35 43 37 25
21 30 25 29
15 26 26 25
13 20 33 37
22 24 21 18
30 23 30 21
28 23 26 30
24 24 25 29
34 33 21 24
23 26 33 25
25 17 29 20
20 27 28 25
30 35 33 21
17 27 26 16
27 23 26 22
35 25 25 41
33 26 23 25
33 28 25 32
28 27 29 25
30 18 33 41
26 18 24 30
24 16 28 17
38 30 25 30
30 17 27 25
35 37 15 32
28 27 29 24
26 34 33 21
28 15 26 19
35 26 18 23
45 26 25 29
23 14 20 25
41 37 33 36
28 17 17 25
15 18 26 16
28 32 26 22
31 31 13 29
30 33 25 32
17 26 15 23
18 24 28 37
22 27 28 25
30 21 32 24
28 26 23 24
26 32 41 29
45 27 17 36
33 26 26 19
23 16 27 36
28 22 32 25
30 42 20 21
28 23 19 24
25 31 34 27
37 26 16 19
33 26 23 17
37 35 15 29
28 14 31 25
30 40 33 22
15 30 22 19
36 35 41 13
22 36 25 31
26 26 20 19
35 28 17 26
20 20 32 18
18 27 15 38
28 20 22 21
19 32 41 29
32 28 25 38
17 26 33 25
15 37 26 37
28 27 32 25
21 28 21 26
28 28 17 30
34 27 30 13
20 28 25 17
33 26 13 14
27 24 33 24
28 17 20 20
30 40 19 32
27 43 20 30
40 16 35 21
35 16 25 30
33 26 17 25
18 17 33 29
28 27 31 18
30 28 13 43
27 13 16 30
26 38 28 29
18 15 25 44
33 26 33 17
30 34 26 37
18 27 24 25
21 24 18 34
28 32 26 28
15 28 34 29
31 35 25 33
27 26 17 20
39 18 33 21
28 27 32 25
30 26 17 26
28 44 26 19
33 14 13 29
14 32 25 19
28 21 30 25
37 36 24 27
28 27 32 25
26 23 33 19
15 37 20 23
42 38 41 28
41 28 25 30
33 26 17 21
24 29 33 35
28 27 32 25
22 15 22 24
23 18 21 24
23 21 23 26
26 13 25 32
29 26 15 15
32 36 33 19
23 21 26 21
30 19 18 17
28 32 26 30
33 27 30 28
30 28 25 45
33 23 33 25
27 37 16 30
13 27 32 17
30 25 33 33
23 34 26 19
13 40 31 29
38 39 25 23
26 23 33 25
37 17 33 24
28 21 32 24
26 21 29 15
28 29 23 30
17 33 23 18
38 21 25 43
28 26 25 25
24 35 20 25
27 23 22 25
14 33 33 35
20 31 26 30
34 32 15 29
33 33 25 20
28 24 31 25
31 14 32 37
26 26 32 25
26 38 26 24
28 27 18 30
31 40 27 29
27 29 25 19
19 26 33 25
35 36 17 29
20 25 32 17
27 43 33 37
16 23 23 30
33 16 28 14
43 25 25 21
29 25 26 25
34 31 22 37
28 27 32 20
30 21 21 16
28 18 16 26
25 36 26 29
16 41 16 14
19 26 22 25
33 28 22 37
17 27 21 16
30 28 33 31
24 46 13 24
29 25 36 29
39 22 25 19
14 25 22 19
21 34 22 21
28 27 32 25
30 17 33 21
26 33 20 16
40 28 23 29
41 25 25 29
31 26 33 25
25 26 31 23
28 20 30 25
29 35 33 29
28 39 26 19
23 28 27 14
32 24 25 31
29 18 21 21
28 17 20 18
28 18 32 25
30 32 18 43
28 27 26 26
40 43 41 29
16 36 25 30
32 15 31 25
29 18 26 21
24 22 16 25
30 30 33 17
28 20 26 15
37 40 30 25
34 31 24 21
33 26 22 17
25 33 33 37
28 27 29 13
30 36 33 17
17 33 26 30
13 31 18 21
22 33 25 30
19 26 30 25
19 15 31 34
28 27 22 25
17 15 22 37
28 41 22 30
27 43 23 29
19 25 19 26
33 26 17 25
26 29 16 28
25 20 32 25
27 31 24 25
20 21 13 22
34 20 22 29
31 37 25 27
32 16 33 25
26 24 33 37
28 27 27 22
24 14 29 23
23 45 26 30
45 24 25 29
39 18 25 26
32 26 33 23
34 32 27 31
17 27 32 23
30 43 33 16
22 28 26 16
45 31 41 26
30 29 25 27
30 26 30 25
20 37 20 17
24 27 30 25
16 20 33 29
28 35 26 30
19 43 20 22
19 30 25 45
27 24 33 24
33 18 21 29
28 27 20 25
21 21 21 21
21 23 26 24
21 23 34 29
43 35 25 16
33 26 33 19
17 35 33 37
28 27 19 25
30 29 33 15
22 38 23 30
41 22 33 23
16 27 25 26
19 26 33 25
45 37 15 30
28 27 19 25
25 34 33 43
28 40 21 30
36 18 26 29
34 30 25 26
30 26 27 25
25 24 30 31
28 27 32 25
30 24 33 24
28 18 26 30
21 29 29 29
15 23 24 27
23 26 33 25
34 15 17 37
28 25 24 25
27 16 23 22
21 28 26 30
17 43 41 29
31 28 21 15
33 26 16 25
21 15 33 27
28 27 32 16
30 36 30 29
28 34 21 19
20 33 37 22
46 25 25 34
33 26 19 25
28 26 19 19
28 22 25 22
29 42 28 29
18 41 26 26
33 33 18 28
24 36 25 35
24 26 33 25
44 34 15 30
28 27 28 25
30 41 33 43
20 37 26 30
42 16 31 20
13 39 25 23
27 26 29 21
29 37 22 18
14 27 23 23
23 17 28 23
28 20 26 24
28 43 29 27
24 24 25 39
30 22 24 25
37 34 32 23
16 22 16 25
25 29 14 20
28 26 26 19
42 43 34 29
40 26 25 27
14 25 29 18
29 20 30 29
20 27 32 25
25 14 19 31
28 34 16 23
38 43 24 29
28 35 25 19
29 26 31 25
15 19 32 37
25 18 23 21
30 37 20 38
25 35 26 30
30 29 33 29
24 20 19 25
33 26 33 25
27 35 24 33
28 27 32 25
30 44 26 13
28 27 21 30
39 28 38 24
31 37 25 32
26 26 26 25
26 20 31 36
28 27 32 25
30 25 18 27
25 26 26 26
17 42 36 22
29 26 22 24
27 26 29 25
36 31 19 33
28 27 24 15
30 36 33 38
28 17 26 18
37 27 26 29
39 37 18 38
18 26 23 21
37 18 14 35
15 27 32 25
17 21 30 13
28 42 26 30
26 23 30 17
40 40 25 29
26 26 33 25
41 25 26 14
27 27 32 25
18 17 33 24
28 21 20 30
25 37 16 22
27 13 17 14
33 20 33 25
41 23 17 37
24 27 32 25
15 26 28 19
28 32 26 19
22 18 29 20
32 30 25 26
33 26 24 25
45 34 18 36
20 27 14 25
22 34 28 30
28 21 26 24
41 43 40 23
26 16 25 13
17 26 13 25
16 34 23 24
16 15 29 25
21 17 33 38
14 45 25 29
21 22 40 14
25 13 25 16
21 17 31 25
21 27 28 35
28 25 15 25
30 35 33 43
28 27 23 15
34 17 37 21
34 41 14 36
24 26 33 25
15 22 32 18
26 27 29 25
29 19 27 28
24 25 19 18
37 21 20 29
38 28 21 23
29 15 20 20
28 34 33 26
28 25 28 25
30 23 22 17
28 28 26 17
30 32 32 28
19 23 25 38
20 26 33 25
26 15 25 27
26 23 23 17
30 36 33 32
28 30 26 30
20 29 26 24
42 27 25 33
24 26 13 25
22 24 28 19
13 24 32 25
16 38 29 20
28 46 26 28
39 38 41 29
37 33 25 31
15 23 21 25
30 37 27 23
28 22 23 25
16 27 31 28
28 37 26 30
26 25 24 23
35 20 14 44
33 26 30 22
23 17 30 22
28 17 30 25
25 31 31 29
14 34 26 26
28 17 26 29
31 40 17 45
28 17 26 25
13 37 33 26
17 27 32 25
30 35 18 46
28 41 26 30
22 31 31 29
15 16 25 27
33 17 33 25
27 21 25 20
17 26 21 25
24 40 16 46
28 35 26 23
34 36 26 29
42 30 25 28
33 17 22 25
29 16 29 22
28 27 32 17
30 27 26 40
28 14 26 28
28 27 41 22
28 24 25 37
27 26 33 24
28 17 17 16
28 27 21 25
18 45 15 41
28 23 26 30
46 33 41 29
25 41 25 41
18 24 33 25
41 25 33 30
17 27 18 20
30 23 33 39
28 28 22 30
34 29 41 29
35 28 25 22
33 18 22 25
41 26 28 37
28 27 29 25
30 16 30 36
26 43 21 18
18 13 34 24
18 27 25 27
29 22 33 25
32 33 14 37
21 22 29 25
25 38 33 19
28 45 23 30
39 25 28 29
25 35 19 21
27 26 16 21
24 37 33 37
28 15 32 25
28 32 23 32
28 45 22 30
30 14 23 29
45 26 25 13
24 26 33 25
29 20 29 24
13 27 29 20
27 38 33 13
28 24 26 26
32 30 36 29
43 37 25 38
26 22 33 13
26 33 25 33
28 27 32 23
26 26 33 21
28 29 25 30
24 26 41 29
26 34 25 13
24 26 33 25
23 23 28 33
28 26 32 21
30 44 25 19
28 30 26 30
40 35 40 29
34 30 25 33
13 22 26 19
15 24 26 34
22 26 28 25
27 18 21 32
26 31 26 30
19 14 34 29
28 26 25 42
32 26 33 25
34 37 22 28
19 27 32 25
30 32 23 35
22 28 22 27
40 40 26 20
28 41 21 40
27 26 13 25
45 20 31 24
27 27 32 25
30 24 33 23
28 32 26 23
36 25 13 24
29 41 25 33
27 26 33 25
27 35 20 23
21 27 24 18
24 45 33 31
28 19 26 26
25 27 21 24
18 38 18 35
33 26 16 25
25 26 30 30
28 27 32 25
30 28 23 25
28 14 26 16
36 30 20 29
30 41 25 13
25 26 33 25
30 37 28 21
28 21 20 25
18 43 26 27
28 45 26 20
43 36 39 22
27 32 25 20
26 26 33 19
19 22 24 28
28 27 32 25
15 16 23 23
28 33 16 15
29 27 26 29
26 30 25 45
28 25 33 25
33 23 25 34
22 27 32 25
24 22 33 13
26 30 26 30
15 23 28 19
16 17 25 22
33 18 26 25
30 31 29 17
26 20 13 25
20 25 21 26
13 32 26 18
31 17 14 29
40 24 25 16
33 26 28 21
39 26 32 19
28 14 32 25
27 45 26 31
19 43 26 30
19 37 23 29
17 17 25 31
33 26 22 25
32 37 18 37
15 27 21 23
30 27 33 25
28 17 26 16
17 29 20 27
34 30 25 40
31 24 23 25
34 18 30 18
28 27 24 25
24 42 14 35
28 29 26 24
28 43 28 29
30 31 25 36
29 18 20 25
37 35 28 35
28 23 32 25
30 39 13 35
28 22 26 27
21 18 37 13
21 36 22 25
20 26 31 19
30 34 18 13
21 27 32 24
30 19 33 14
28 38 26 20
42 29 31 15
26 31 25 31
22 19 29 15
31 21 19 13
25 27 16 18
20 19 33 24
28 46 25 30
35 34 22 29
37 29 25 36
22 26 33 25
20 29 32 37
28 24 32 23
19 33 33 34
24 14 26 18
25 32 33 29
39 26 17 40
32 26 22 25
39 37 30 35
28 27 23 13
16 41 26 32
16 31 25 15
30 39 28 19
14 29 25 22
30 26 31 25
38 24 32 20
28 16 20 25
30 29 33 18
24 18 26 30
21 30 31 18
38 25 25 37
23 25 30 14
32 19 28 20
28 27 25 16
20 20 23 26
22 22 19 28
45 28 39 19
43 36 25 14
23 16 24 23
18 34 21 21
28 22 32 25
28 20 29 15
24 36 26 25
25 26 16 16
43 24 25 34
17 26 23 25
18 37 33 37
19 25 32 25
24 41 28 15
28 27 20 17
28 25 21 15
35 34 25 36
33 26 30 22
26 29 25 13
28 21 19 14
30 18 33 40
28 44 26 28
18 41 20 25
24 38 25 21
22 13 31 25
33 16 22 22
22 17 31 23
30 23 31 30
27 45 26 30
40 24 25 13
19 27 25 28
27 26 33 25
17 37 33 18
17 19 31 25
30 22 31 30
28 46 22 14
19 43 21 29
25 14 25 35
33 21 33 25
32 19 28 21
28 15 30 14
30 28 24 28
26 37 25 23
42 36 38 29
41 38 22 26
18 26 18 25
14 24 23 37
28 27 25 25
30 42 32 38
28 18 23 30
23 23 30 26
41 33 25 39
33 24 33 25
20 35 18 24
19 16 29 25
25 39 20 29
28 20 26 13
39 18 24 29
44 32 25 38
33 23 32 25
26 37 26 25
28 27 32 16
30 31 32 35
28 23 26 25
42 27 34 29
39 25 24 15
26 17 30 25
36 37 26 35
28 27 15 25
20 35 27 38
28 46 26 30
38 27 30 29
22 18 25 29
15 26 29 25
29 28 33 27
28 27 32 21
21 22 33 39
19 38 21 30
29 28 39 29
20 16 21 37
33 26 24 25
31 19 29 27
28 27 32 18
25 31 30 22
26 31 26 26
20 35 33 27
28 29 25 27
30 17 26 25
23 28 33 24
28 27 32 25
30 28 32 41
19 40 26 17
42 33 32 26
24 27 25 32
25 22 30 25
31 30 33 25
28 27 20 25
30 29 31 43
28 25 22 28
24 20 36 29
16 38 19 18
27 17 19 24
22 27 33 30
21 27 25 15
30 37 33 37
25 29 26 30
28 29 24 21
36 26 23 38
33 21 32 25
32 31 21 22
19 18 32 17
30 27 33 17
24 36 26 30
29 23 41 24
16 41 19 40
30 26 24 25
34 22 33 18
28 19 22 23
30 22 31 19
18 23 26 26
17 38 25 27
21 41 19 20
33 25 23 25
32 24 33 33
15 27 24 23
23 20 24 33
26 18 21 20
18 30 15 20
30 28 25 34
33 26 33 25
33 25 26 29
28 24 20 25
30 35 18 33
28 32 26 30
25 26 20 29
42 38 22 37
17 26 21 23
18 35 26 22
22 27 16 18
30 24 20 23
28 13 26 18
25 29 41 24
17 32 25 25
27 26 16 25
33 24 33 24
23 27 13 25
17 19 25 27
28 26 14 30
35 25 18 20
32 34 22 29
33 26 32 13
25 20 24 36
27 27 32 25
30 32 29 39
28 26 26 30
41 20 20 29
41 29 17 21
22 22 33 25
31 31 24 18
28 19 31 24
22 27 22 28
28 25 26 23
17 25 32 29
27 30 18 45
33 26 33 25
32 36 29 21
28 27 32 25
30 40 33 32
24 25 26 30
24 39 33 15
18 41 14 32
29 23 25 14
26 37 19 16
28 26 32 25
30 18 17 21
20 21 26 30
39 16 31 29
26 38 25 29
33 19 29 25
32 14 18 22
22 22 26 25
25 23 26 24
28 28 26 30
39 23 17 29
14 28 25 36
32 26 29 25
45 29 33 22
28 26 32 19
16 22 22 38
28 27 21 30
22 23 27 29
26 31 25 19
27 14 17 25
13 37 29 36
28 25 32 24
24 14 33 22
28 33 17 22
24 20 32 23
32 37 25 34
29 26 30 25
26 35 31 32
28 15 32 25
30 46 33 24
28 42 17 22
21 18 28 28
32 28 19 17
29 26 20 23
18 18 33 37
27 22 24 25
30 20 25 26
28 35 16 24
21 23 36 27
29 31 21 33
17 18 15 25
26 15 14 37
28 24 22 22
22 44 33 20
28 36 26 30
20 38 20 18
21 32 19 26
33 26 21 25
21 32 33 17
28 20 21 25
30 25 22 24
28 36 26 26
30 43 36 28
43 17 18 29
29 23 33 18
25 25 33 28
28 27 31 20
13 43 23 22
28 18 22 30
28 41 30 28
19 41 14 15
20 26 23 25
25 20 22 37
21 27 32 25
22 26 19 31
21 34 26 25
13 23 38 19
23 31 25 30
26 23 27 25
17 15 33 32
28 17 23 22
30 24 23 19
28 29 26 15
39 34 13 29
15 24 25 23
27 26 28 21
34 37 33 30
28 27 23 25
25 38 24 13
23 28 22 30
42 33 31 29
23 37 17 18
23 16 18 13
40 24 33 32
28 27 32 25
30 31 26 28
28 21 26 22
40 22 32 25
39 25 21 26
18 26 33 14
30 19 27 25
28 21 22 25
30 33 33 30
16 31 26 18
39 33 35 29
33 14 25 26
33 26 33 15
24 36 17 28
28 27 26 25
29 24 30 45
24 19 26 21
31 15 25 29
30 36 19 27
17 26 33 25
21 37 20 22
15 16 32 25
23 30 33 25
28 32 26 16
17 19 19 29
31 18 25 22
23 26 26 20
29 27 33 17
16 22 23 25
30 25 31 39
28 34 26 29
20 40 29 16
46 21 25 28
27 20 25 20
35 14 17 20
28 27 32 25
20 17 23 30
28 29 15 30
27 23 39 29
33 38 17 15
33 26 23 25
32 35 33 19
28 27 20 25
30 18 33 44
28 23 26 30
31 16 15 29
36 27 25 31
33 26 33 18
20 37 33 37
21 26 21 25
30 30 33 42
28 45 18 21
14 14 20 23
23 15 25 16
33 26 22 25
31 13 33 29
21 26 28 25
28 40 19 29
28 34 26 30
26 20 23 25
43 14 25 39
33 26 20 14
35 24 33 34
17 21 28 23
30 30 33 31
25 21 26 30
14 23 30 29
27 25 25 40
20 23 33 21
33 21 14 37
28 17 31 24
18 27 13 22
28 19 21 30
29 22 22 29
46 18 19 29
24 26 20 22
30 37 33 35
28 27 18 14
29 36 33 24
28 25 26 23
22 20 35 20
14 34 25 38
18 20 27 24
30 24 33 19
24 22 17 14
30 26 17 35
20 17 26 25
27 35 31 24
44 29 24 37
21 17 33 17
29 28 28 16
27 27 20 25
30 36 18 31
17 29 24 17
37 38 19 24
19 27 25 30
33 26 33 25
19 21 29 30
18 26 32 22
19 18 30 30
28 25 22 30
25 25 28 26
25 22 16 24
30 21 33 25
30 22 24 25
28 27 13 25
30 43 29 28
26 26 19 30
30 27 24 29
33 20 25 38
30 14 33 25
28 37 31 32
15 26 32 25
28 15 33 36
28 32 22 23
29 22 28 29
29 26 25 19
26 22 24 25
20 25 33 27
25 21 25 13
14 33 25 26
20 31 22 17
25 16 25 25
31 29 25 35
30 23 31 25
44 17 30 37
13 19 31 16
30 18 33 37
21 28 26 30
39 29 29 19
27 28 25 43
33 22 26 25
37 25 32 37
23 27 32 25
30 29 27 32
15 31 21 17
24 30 19 29
28 15 25 37
30 26 29 25
19 17 20 37
28 24 22 21
22 23 33 33
28 25 26 28
25 32 28 29
13 31 25 23
26 23 33 25
14 22 31 16
20 21 31 25
22 36 32 29
23 20 15 26
31 22 39 29
29 41 22 27
30 17 32 25
23 29 31 17
28 27 32 21
23 29 21 31
28 18 26 29
18 22 19 29
22 26 17 30
17 26 32 25
36 37 33 36
28 27 18 16
22 30 33 28
21 42 21 30
43 36 29 23
28 33 23 20
32 13 31 25
25 36 33 25
28 27 32 23
27 21 28 28
16 30 26 28
17 43 13 25
34 41 25 27
33 26 16 13
32 16 25 28
28 26 24 22
25 41 25 17
28 31 21 17
23 38 16 29
33 25 25 23
27 26 27 25
21 30 33 25
28 15 25 23
13 18 26 29
28 25 22 22
15 43 32 16
17 37 24 34
16 22 33 17
42 28 29 13
24 27 28 20
30 18 21 22
28 21 23 23
21 41 18 15
27 26 25 21
27 24 13 20
42 24 16 37
27 23 32 25
17 24 33 21
28 13 26 30
19 43 27 29
34 30 25 23
30 26 31 23
22 33 30 29
14 27 25 25
30 25 33 21
28 29 26 30
25 25 17 20
13 32 21 41
20 26 33 25
41 25 24 35
23 22 32 24
23 25 14 40
23 29 26 21
35 29 25 17
24 18 22 43
33 26 33 25
19 37 22 34
19 21 23 14
17 36 24 21
14 36 26 18
19 28 27 29
27 29 25 15
33 26 20 24
36 37 22 29
28 24 29 23
30 21 33 44
28 30 26 30
23 20 41 26
36 33 19 32
20 26 31 25
26 19 20 36
28 14 20 25
27 46 33 20
25 20 26 28
24 39 17 29
38 28 25 30
24 26 33 16
33 37 33 18
23 17 26 25
23 28 33 25
28 38 26 30
15 30 24 29
24 31 25 16
19 22 24 25
25 31 29 22
28 27 32 25
21 18 19 21
28 23 26 26
21 33 40 29
22 28 25 19
29 26 27 23
22 25 16 23
27 27 24 25
14 38 33 25
28 22 26 18
17 25 19 23
34 24 25 22
22 21 18 25
22 28 33 25
28 27 17 25
30 27 20 37
28 18 21 17
37 15 41 29
16 21 25 42
32 26 26 25
41 37 33 31
21 20 28 25
30 32 22 44
28 28 26 29
35 25 19 20
42 16 25 20
33 26 22 19
32 24 33 23
19 27 23 23
30 23 13 31
16 26 26 30
23 38 41 29
28 40 25 17
23 18 33 19
45 17 16 29
28 19 22 25
30 28 33 31
24 40 26 29
37 26 32 21
35 18 25 20
25 26 33 25
37 35 33 29
16 27 32 23
26 19 33 44
15 21 26 30
15 20 25 29
33 22 25 33
18 26 32 25
15 29 26 37
17 24 17 25
30 16 23 46
28 34 26 30
21 13 39 29
24 32 19 16
33 26 23 25
16 27 33 34
26 19 32 25
13 28 26 21
28 22 26 17
35 19 41 29
46 21 25 46
33 21 18 15
38 36 26 27
28 27 27 17
30 24 33 33
17 31 23 30
36 26 18 22
22 22 13 18
18 14 29 25
31 25 25 28
28 27 32 19
30 20 33 27
28 19 26 30
28 28 25 27
29 38 25 25
27 26 33 25
37 21 30 37
19 26 19 20
22 35 33 17
24 26 26 28
32 31 26 26
26 31 17 38
33 25 19 25
44 23 24 37
15 23 32 25
30 18 32 13
28 19 26 15
24 22 35 24
46 23 25 36
27 26 18 25
25 26 27 37
28 27 32 18
24 26 33 24
28 46 21 30
44 37 17 21
33 38 25 38
20 26 31 25
15 21 30 20
20 27 28 20
26 38 33 38
28 29 26 27
25 28 36 29
24 32 25 19
14 26 30 25
23 37 30 30
28 27 32 23
25 46 23 24
22 33 26 30
19 26 28 20
18 22 20 27
20 26 18 21
24 13 29 33
28 27 32 20
17 29 33 28
16 43 22 15
34 36 25 29
32 28 25 13
31 25 15 25
45 17 27 37
22 27 32 25
24 38 22 28
23 28 26 29
17 26 14 29
38 27 25 32
33 26 23 25
16 23 33 27
28 18 26 24
30 33 22 20
28 26 16 27
26 22 29 29
28 13 25 28
30 26 33 18
39 28 14 30
28 27 30 25
30 23 33 32
26 30 14 30
18 41 36 29
18 34 18 27
33 15 20 22
16 32 30 34
28 25 32 25
22 46 31 23
22 34 26 30
38 22 34 29
14 41 25 24
33 26 32 25
34 24 29 21
28 18 28 24
30 25 26 34
28 33 26 30
28 34 32 29
28 41 25 33
17 26 30 25
34 15 33 37
28 27 18 16
29 35 33 23
17 18 23 30
24 36 35 27
43 25 25 26
24 18 33 25
22 37 33 37
24 27 32 22
29 26 22 37
25 29 26 20
28 19 21 29
40 35 21 26
29 26 19 25
39 29 23 37
25 27 32 25
29 30 23 23
18 33 26 27
20 21 18 17
22 20 25 27
33 17 33 25
36 37 18 15
24 27 22 15
26 42 23 30
17 44 21 30
36 21 32 29
26 31 22 37
33 26 26 25
20 24 33 24
28 27 28 25
24 37 33 14
24 34 26 29
19 25 15 29
43 27 25 44
23 25 21 25
19 37 33 30
27 25 29 25
30 38 33 19
19 26 26 20
38 33 32 29
25 35 24 19
16 26 14 25
21 20 23 17
27 25 32 22
30 18 26 33
21 24 17 20
24 26 21 24
31 28 25 29
33 23 33 25
31 20 33 28
28 27 32 25
25 21 24 20
28 32 24 26
29 32 24 18
31 29 25 25
20 20 33 25
24 36 33 31
15 21 28 25
29 18 15 40
28 34 26 30
30 32 40 29
17 33 25 22
33 26 31 25
41 29 33 37
28 22 29 24
29 34 27 25
28 31 26 29
32 13 22 24
20 13 25 33
33 22 33 20
38 37 24 31
28 14 31 25
29 32 25 32
25 28 26 30
19 27 38 29
16 30 25 14
27 17 33 25
33 29 26 25
17 24 32 16
23 25 27 36
28 44 26 30
17 18 24 29
44 32 22 32
33 26 28 21
20 32 33 29
26 27 32 25
30 38 33 23
28 36 19 30
29 26 20 27
28 14 21 31
33 26 30 17
23 36 28 37
28 27 30 24
30 15 33 23
28 46 14 30
27 33 23 22
32 19 19 29
27 26 22 25
29 29 33 23
28 27 30 25
27 30 30 34
28 29 26 23
17 28 27 22
30 35 25 23
33 26 31 25
27 33 25 17
20 22 29 22
30 27 32 38
26 21 26 30
45 22 26 29
25 33 20 33
33 17 32 20
27 20 33 30
28 27 32 18
30 17 33 36
28 21 26 30
17 27 37 29
41 20 24 24
28 26 30 25
42 24 29 37
28 27 32 20
30 15 28 40
28 25 19 21
37 29 30 29
37 41 25 24
32 26 30 18
40 22 25 34
28 24 32 25
25 32 33 32
28 29 18 13
21 21 20 26
36 32 25 40
21 26 24 25
24 33 30 21
20 27 32 25
21 31 33 17
28 33 26 17
22 36 35 25
16 38 25 13
30 26 33 25
24 30 17 33
24 27 32 25
28 14 31 28
28 25 26 27
38 34 34 22
43 22 25 16
33 26 31 19
35 32 31 21
22 27 32 21
30 35 18 25
28 15 20 30
16 23 32 29
34 23 25 26
33 17 16 25
31 37 24 29
28 18 32 25
21 32 28 28
28 29 18 28
34 31 38 29
43 21 25 38
30 26 33 21
18 37 33 36
18 27 20 25
23 23 19 18
28 27 26 30
28 33 41 24
22 34 25 32
17 14 15 25
37 14 33 20
25 18 16 25
30 35 33 21
28 38 26 20
28 26 23 29
21 31 25 32
17 26 28 25
21 30 33 24
28 27 32 25
30 16 33 32
28 17 24 26
32 43 22 29
34 18 25 19
24 25 21 25
15 26 32 16
26 27 32 25
30 37 22 27
28 28 26 30
39 19 26 29
18 20 25 32
33 26 33 18
26 37 33 26
20 24 26 13
30 18 33 25
16 22 26 25
30 27 33 26
30 17 25 23
29 20 30 25
32 18 23 37
27 27 27 20
22 15 33 45
28 19 26 30
22 30 16 17
30 25 23 45
19 26 18 20
16 34 29 37
28 27 32 25
30 22 13 34
26 25 26 24
26 30 16 27
35 26 25 18
26 25 28 24
36 31 33 21
23 27 27 25
28 19 33 29
28 22 26 30
29 28 37 29
26 22 13 25
25 26 33 24
19 16 30 28
28 27 29 25
30 22 16 17
20 19 26 20
29 39 20 14
39 39 24 45
16 26 33 23
36 29 17 37
28 27 26 25
30 30 33 17
28 30 21 23
33 37 30 29
44 19 21 29
16 26 28 16
29 13 33 37
28 27 32 25
30 23 17 30
28 38 26 25
30 37 40 21
20 23 19 27
31 26 33 13
26 27 28 32
21 27 30 25
25 22 13 33
15 44 26 23
32 35 27 29
22 26 25 41
15 21 33 25
40 25 26 37
14 22 26 25
30 42 33 46
23 34 26 30
24 35 35 23
20 32 25 28
25 26 33 25
32 33 27 28
28 21 16 24
30 31 18 29
28 24 23 30
25 36 18 29
45 18 25 41
33 26 16 25
16 37 27 37
17 27 32 24
26 17 31 37
28 22 26 30
41 42 29 29
38 27 25 22
29 26 33 25
32 16 33 32
28 27 31 25
17 28 20 13
23 29 15 24
32 25 40 29
35 30 25 22
33 26 27 14
30 24 26 20
18 27 17 25
30 26 19 44
20 26 26 30
18 23 20 29
25 26 25 27
33 26 33 25
32 21 27 37
25 20 22 25
30 18 26 19
28 31 18 30
19 21 19 24
23 38 25 23
13 26 17 25
33 27 16 29
21 26 16 23
30 45 21 33
28 24 23 29
19 23 19 29
21 38 25 26
32 26 33 25
31 22 33 36
28 23 32 25
16 23 26 36
18 41 24 22
21 27 19 29
35 23 23 24
31 15 21 25
35 19 33 37
16 27 28 25
30 38 33 18
26 31 22 30
29 43 18 29
23 40 25 28
33 21 33 16
20 31 29 17
28 27 30 20
30 21 21 46
28 37 15 13
26 37 22 19
45 20 17 23
29 20 33 25
17 26 33 26
24 27 32 25
16 42 32 18
21 27 18 27
33 24 17 29
24 21 25 37
33 24 25 25
18 25 27 32
19 26 21 18
28 34 33 15
28 44 17 27
36 18 19 26
19 31 25 35
32 26 18 25
27 37 24 36
24 26 32 25
30 26 22 35
28 29 26 18
15 25 27 29
26 29 21 20
32 26 33 25
34 28 19 27
28 27 23 25
22 28 33 29
15 39 26 30
18 22 20 29
32 21 25 24
28 26 33 13
27 17 33 27
24 27 32 25
30 32 33 14
18 36 22 24
33 32 23 29
30 41 25 46
22 26 21 20
14 33 33 37
28 27 22 17
30 26 33 19
25 45 26 24
23 39 16 29
20 32 25 29
18 15 16 25
25 20 33 24
28 27 14 25
30 26 33 45
16 44 23 30
37 43 40 15
19 26 25 44
13 26 26 25
19 37 27 20
17 27 28 25
30 33 33 18
23 24 21 30
31 28 20 29
38 40 25 28
33 26 33 24
23 20 18 26
28 27 25 18
30 24 30 41
28 46 26 26
32 30 17 20
41 14 21 37
15 20 21 23
38 27 33 37
28 27 32 25
23 36 29 19
28 28 26 26
23 38 35 29
20 41 22 22
23 24 33 25
19 23 31 19
28 18 15 25
30 27 33 20
28 45 22 20
36 37 22 25
35 26 22 14
29 21 33 23
27 29 33 14
19 27 30 25
25 45 19 21
22 16 21 28
35 16 33 13
20 26 25 38
16 15 33 25
39 16 28 13
24 21 22 23
30 29 16 30
23 31 26 30
21 24 24 15
25 29 14 32
21 18 26 25
28 37 33 23
24 27 23 25
21 26 33 17
28 31 26 30
25 39 14 28
26 25 25 27
26 26 33 19
31 30 33 29
28 27 32 22
30 44 30 18
28 33 24 18
41 16 41 29
25 29 25 26
26 17 15 25
25 34 33 32
23 18 16 25
30 22 30 39
28 25 26 24
31 17 38 29
41 23 25 26
33 26 22 25
33 29 21 20
27 27 26 25
30 24 33 18
26 36 18 16
30 26 31 17
37 39 22 40
33 26 13 24
19 28 18 18
28 25 32 23
16 35 33 25
28 23 26 30
34 35 16 29
26 36 18 36
19 25 25 18
25 34 19 28
20 27 22 25
30 23 33 35
21 17 18 19
28 29 34 29
21 20 25 14
24 26 14 25
29 37 23 37
25 27 27 18
30 35 29 27
28 28 26 30
37 21 34 24
19 15 25 15
33 22 13 25
35 31 24 15
20 22 20 14
26 35 33 23
19 34 26 17
22 34 16 29
39 38 22 25
33 26 33 25
32 26 25 33
28 20 28 25
26 25 28 28
22 31 21 30
16 14 41 29
21 33 20 18
26 26 33 20
28 32 27 27
22 27 32 21
30 25 33 28
28 23 25 27
39 19 36 14
21 24 25 24
33 26 33 25
32 37 33 37
28 27 29 20
30 42 33 32
28 28 26 30
26 21 36 29
29 16 25 34
33 21 17 18
29 25 33 19
28 15 24 25
30 13 23 43
18 26 26 30
43 19 20 29
15 18 25 18
20 26 23 23
23 28 15 37
18 27 15 23
24 33 33 27
28 22 26 30
34 20 36 21
33 40 25 18
19 26 23 25
37 18 19 24
16 26 23 21
30 15 22 26
25 34 23 22
26 24 41 15
25 35 25 35
29 17 24 25
30 23 29 28
21 27 32 21
18 26 27 21
28 19 26 17
42 35 30 29
18 26 23 35
33 18 26 13
26 28 28 36
28 27 30 25
19 15 33 34
28 32 24 24
42 38 34 29
26 24 25 40
33 26 33 19
18 37 20 30
20 26 26 15
17 34 23 23
28 33 26 28
24 25 30 29
38 30 18 21
24 15 25 25
23 21 33 37
28 27 32 16
30 25 19 15
25 19 26 30
29 24 28 29
38 38 23 35
32 26 16 25
19 15 18 37
28 26 28 16
24 34 33 24
28 44 26 30
43 33 38 19
31 33 25 14
21 26 18 25
36 33 32 23
19 27 32 24
21 35 33 25
28 21 23 22
27 41 24 29
40 21 25 29
33 26 33 25
39 25 33 19
24 24 26 25
20 29 33 29
28 21 26 23
35 32 22 29
32 39 25 29
26 22 33 25
38 19 25 37
28 26 32 25
30 25 33 42
21 16 24 30
40 37 25 15
37 21 25 17
22 25 33 25
28 22 20 36
15 27 22 20
30 36 32 26
25 19 26 30
19 43 16 29
19 14 25 32
28 26 33 25
30 27 33 37
25 24 31 13
30 28 22 21
28 39 26 27
30 29 24 29
43 34 25 28
26 23 13 18
26 37 31 22
28 14 22 25
30 21 26 44
28 35 23 30
45 21 36 23
33 38 18 35
33 26 33 25
14 22 21 25
18 27 32 25
27 30 25 28
18 24 18 27
31 22 36 25
20 24 25 32
33 16 30 25
17 27 32 14
28 27 24 17
30 35 18 30
28 34 16 30
28 19 30 17
21 36 25 39
18 26 19 25
36 24 33 37
20 27 32 17
30 44 18 28
27 22 21 28
25 18 39 21
40 35 25 36
14 26 23 25
37 34 16 19
28 27 25 16
19 23 33 25
22 43 26 18
23 33 19 29
36 27 25 35
33 26 33 25
31 37 33 25
25 27 32 25
30 38 14 18
27 29 26 29
31 24 26 29
42 16 25 18
33 26 28 25
25 37 33 15
28 18 21 25
30 22 23 30
28 32 13 30
46 21 19 25
43 21 25 26
24 26 33 22
34 22 31 24
28 24 27 25
29 23 19 29
21 35 26 27
33 36 22 29
18 32 23 36
33 21 29 25
26 32 33 30
28 27 32 25
25 44 26 25
17 22 13 23
33 20 28 29
24 19 25 41
24 24 33 14
27 21 24 14
28 27 30 19
27 13 19 46
28 45 18 30
24 36 17 21
31 27 25 27
33 24 32 18
18 19 24 26
28 13 32 24
26 46 31 18
23 21 26 30
22 31 34 29
24 41 18 19
22 20 21 25
15 37 33 30
28 27 22 25
28 39 31 40
18 32 23 24
21 28 29 18
31 21 25 24
33 22 27 25
29 17 31 16
21 17 16 24
24 25 14 15
20 13 26 30
31 19 20 27
26 26 23 39
32 26 33 25
40 27 29 14
28 27 24 23
21 37 18 39
28 34 19 30
20 17 36 27
31 40 25 27
29 26 21 19
26 27 33 34
28 27 17 22
23 25 25 19
28 19 26 26
45 20 16 29
21 33 25 38
24 19 33 25
35 37 33 36
18 27 32 25
16 42 33 17
17 31 26 30
34 38 36 29
26 40 25 23
30 26 32 20
22 20 19 37
23 27 23 25
26 24 33 23
18 37 13 30
36 42 16 23
15 30 25 22
23 26 29 25
17 37 20 37
28 27 32 23
30 28 29 26
14 13 14 30
14 28 23 22
41 35 16 25
33 26 33 18
26 37 31 22
22 27 22 22
30 15 16 26
22 22 13 30
31 15 41 29
25 41 22 46
33 26 27 25
28 27 31 22
26 27 27 25
30 36 30 27
22 19 17 30
21 28 25 28
22 28 25 23
33 26 33 19
27 25 22 19
17 27 32 23
27 14 26 17
25 21 24 30
25 40 41 22
18 34 16 32
27 26 33 25
25 37 23 28
28 27 26 25
29 31 33 39
28 21 26 29
33 20 34 25
23 39 25 41
33 26 21 25
15 37 19 36
21 27 32 21
18 22 32 26
21 16 26 17
16 36 25 21
37 21 19 31
24 26 16 15
27 37 33 31
14 24 29 25
23 34 33 17
28 29 17 30
19 23 18 28
22 41 25 31
27 26 33 20
22 26 33 28
16 25 32 22
30 27 33 33
28 44 26 30
28 24 23 29
23 20 25 40
33 26 23 25
20 37 33 37
22 26 25 15
19 20 33 42
22 21 26 26
22 20 36 29
24 31 25 41
33 26 24 25
26 34 20 20
28 20 32 25
30 22 25 37
28 22 20 30
44 29 15 22
36 23 25 31
29 26 20 21
31 34 33 25
27 27 24 15
18 27 25 42
28 24 26 30
43 40 41 18
15 20 25 28
20 26 18 21
24 36 27 32
28 27 13 25
30 40 31 40
17 18 24 18
22 13 23 29
28 29 25 32
30 18 28 25
25 15 15 18
28 27 32 25
23 19 19 15
28 39 26 30
23 13 27 29
43 21 25 29
26 26 18 25
26 34 33 37
26 27 26 25
22 24 25 31
22 26 26 19
27 23 41 29
18 27 20 35
33 26 30 25
20 16 33 17
28 27 29 25
27 22 33 46
19 34 26 17
28 19 31 29
14 41 16 29
30 26 17 25
26 20 33 30
19 27 27 25
27 23 17 15
24 39 26 16
13 35 31 21
28 22 14 23
23 26 33 13
14 13 17 27
21 27 29 24
30 28 20 36
13 16 17 30
29 28 21 17
30 24 25 25
29 22 20 21
33 21 33 37
23 19 31 17
30 36 29 32
28 15 26 26
27 22 37 23
15 21 25 30
27 22 32 25
33 17 33 20
21 22 18 25
27 41 16 37
28 24 26 30
41 37 28 21
26 40 25 28
29 26 33 19
37 28 20 23
28 16 27 23
30 19 28 24
28 16 26 30
29 25 35 29
24 18 24 21
23 22 21 25
25 19 17 37
14 27 23 24
23 31 21 32
18 36 25 22
29 25 41 29
20 39 20 20
30 20 30 25
29 30 33 32
28 25 13 25
30 14 32 40
28 23 22 30
27 41 41 29
32 16 24 27
33 26 17 25
42 24 32 21
28 27 14 25
16 20 33 34
24 19 26 18
31 38 21 28
25 28 19 16
33 26 33 13
40 16 19 14
28 27 16 25
30 23 30 25
28 29 26 30
34 26 22 18
43 13 25 24
32 26 18 25
32 28 18 25
28 21 18 25
30 24 29 23
28 28 26 23
25 27 25 26
33 31 25 14
21 26 28 25
28 24 25 28
28 17 32 25
18 41 33 40
28 20 26 16
30 37 37 29
44 18 25 31
31 26 31 25
37 16 27 22
28 27 23 25
30 23 33 14
28 39 26 17
25 23 20 27
22 22 25 32
33 23 14 25
33 23 33 37
18 18 21 14
23 31 33 24
28 19 26 30
19 34 22 17
22 23 25 22
28 17 33 23
37 27 33 24
27 24 27 25
30 39 22 22
28 24 26 30
39 21 31 24
30 23 25 29
33 26 33 19
36 17 33 21
22 27 22 18
25 22 33 32
28 37 21 30
20 21 20 29
20 19 25 33
30 26 26 25
25 37 24 37
27 16 32 25
30 30 28 28
13 29 26 18
29 17 29 17
41 22 25 23
22 26 33 19
30 23 28 32
21 26 20 14
30 24 22 26
17 42 26 23
40 32 13 23
23 33 25 16
28 24 27 25
42 28 16 37
24 27 20 22
30 20 16 17
19 43 26 30
23 18 33 25
23 28 25 38
33 18 33 25
19 37 26 22
25 26 23 18
25 15 25 28
28 21 26 30
16 34 15 23
18 30 21 26
20 26 27 16
17 29 30 17
24 22 25 25
23 27 27 40
22 16 26 27
31 22 39 24
23 24 25 19
29 23 33 25
42 27 31 25
17 14 32 25
21 17 28 31
28 20 26 30
29 26 24 29
31 29 25 19
24 18 33 25
38 33 27 28
28 14 32 25
17 26 33 35
28 40 26 16
22 38 26 24
28 41 25 26
23 26 21 22
28 37 20 36
28 27 32 25
30 32 24 23
25 28 26 21
25 17 31 29
43 33 25 31
33 18 28 25
15 37 23 15
28 25 32 25
30 36 25 16
24 27 26 28
25 24 33 17
34 29 23 27
33 18 33 25
35 29 33 37
28 27 32 25
30 23 33 30
28 44 26 22
20 19 25 23
21 28 25 18
33 26 14 25
24 28 32 14
28 27 32 25
14 14 33 34
28 30 17 30
23 28 20 23
26 28 23 40
23 22 22 23
13 24 16 34
28 27 21 25
30 15 26 21
26 38 26 30
42 18 23 28
26 16 17 38
20 26 33 24
36 18 25 21
13 27 32 25
22 38 33 41
28 16 26 30
16 27 35 22
28 22 25 16
25 26 25 25
29 18 15 34
28 18 30 25
17 45 33 21
25 17 26 17
19 21 17 29
18 23 25 29
29 26 23 25
44 32 33 26
28 17 32 25
18 30 33 28
21 16 26 17
23 28 24 15
24 16 13 38
31 26 27 25
25 24 18 33
28 24 32 25
27 27 33 42
20 27 26 28
37 19 32 29
29 32 25 23
31 26 28 25
29 19 24 32
28 27 17 22
29 39 25 40
20 23 26 24
20 24 22 29
15 41 25 30
33 24 24 25
18 37 33 32
28 20 32 25
28 23 18 34
18 21 26 28
27 38 23 29
22 30 25 33
32 26 19 25
26 37 33 37
28 27 28 25
22 35 33 19
28 32 18 15
34 23 15 29
34 28 25 22
28 26 25 25
27 37 14 23
24 27 32 25
30 16 19 38
24 21 20 18
18 14 15 26
32 41 22 23
27 26 28 25
16 33 33 29
18 27 30 25
18 37 33 19
13 27 26 26
32 29 34 26
14 31 25 34
26 13 33 20
30 14 33 18
26 17 31 22
30 25 26 13
27 29 19 23
24 22 25 29
45 20 19 34
27 26 31 25
29 37 33 37
16 27 25 17
23 32 28 31
28 38 26 22
23 33 29 29
39 34 25 32
14 21 24 25
22 37 18 25
28 27 32 25
21 34 26 19
28 20 16 21
30 15 33 21
26 41 21 29
22 26 25 25
30 25 25 25
28 27 21 25
30 19 32 27
28 46 26 27
19 25 36 29
20 41 25 13
30 17 33 25
28 35 18 29
28 21 32 25
23 13 16 28
28 19 15 30
29 20 18 29
34 35 25 41
29 26 33 21
29 37 20 37
18 17 28 25
30 42 33 39
20 36 15 20
37 43 28 26
29 19 25 34
22 26 30 25
42 29 33 30
28 27 20 21
30 19 33 14
22 35 26 23
36 17 19 29
33 24 25 29
18 26 15 24
27 30 24 37
28 27 32 25
30 27 14 21
28 25 22 30
39 16 19 28
40 35 25 19
28 15 28 22
22 30 25 37
20 17 20 25
30 18 33 15
28 35 26 30
22 43 15 29
29 13 25 27
33 26 33 22
33 30 33 24
28 27 32 25
30 34 25 18
25 36 26 29
35 33 33 25
28 23 25 34
23 26 21 25
28 35 24 34
28 25 23 25
18 25 28 37
28 23 22 30
31 31 27 29
38 33 24 31
29 26 33 25
31 25 33 34
24 27 17 25
20 33 30 33
20 40 26 25
27 31 37 16
23 22 25 25
29 26 29 22
15 34 33 30
23 27 32 25
30 21 31 38
27 27 23 25
18 32 16 28
33 41 25 34
33 16 20 25
23 23 30 27
28 15 32 25
23 22 33 23
28 41 26 25
37 26 29 21
21 19 25 23
21 17 14 23
18 26 21 34
28 27 18 23
18 29 24 22
28 34 23 30
37 21 30 29
24 33 22 39
25 26 23 25
39 15 31 28
21 27 32 25
30 28 29 17
28 19 26 30
24 36 32 27
37 17 25 36
