14 4 10
646 1621 1666
950 1238
336
854 1571 2583 3011
930 1397 2512 3083
866 1382 2926 3210
878 1564 2720 3383
897 1331 2896 3541
942 1353 2916 3405
990 1341 2713 3121
904 1604 2583 3392
997 1494 2425 3508
821 1474 2741 3423
831 1516 2742 3565
893 1442 2505 2975
987 1563 2809 3183
875 1480 2431 3213
185 135 110 180
142 151 120 160
146 151 128 104
134 167 130 134
197 105 182 157
131 120 177 101
131 170 128 178
186 119 178 193
179 116 112 159
133 193 200 105
117 130 149 191
105 123 177 103
132 172 188 103
144 151 116 153
199 61 54 4
11 12 8 17
11 11 8 9
2 7 9 6
15 10 6 11
24 11 9 9
15 12 8 7
13 9 12 13
11 20 6 23
8 7 12 8
6 5 17 16
10 11 7 12
11 16 13 10
19 7 8 12
24 20 8 7
