14 4 10
665 1640 1863
1000 1110
340
1023 1728 2806 3263
950 1849 2404 3699
997 1917 2354 3402
974 1978 2478 3236
1040 1657 2797 3345
895 1703 2445 3663
930 1855 2752 3596
944 1756 2763 3691
1015 1840 2486 3615
1035 1962 2750 3620
1015 1773 2534 3753
912 1823 2818 3865
1047 1966 2523 3678
908 1868 2669 3769
120 137 182 151
102 138 162 132
182 189 156 183
159 169 125 141
165 123 181 143
174 146 122 139
101 167 199 169
145 164 105 177
175 193 180 100
182 169 169 189
191 102 148 182
153 106 200 181
141 146 164 189
180 174 156 196
190 29 61 100
11 11 9 4
21 14 19 12
15 15 9 10
2 18 5 21
13 8 8 1
5 7 6 11
5 8 11 9
9 5 3 8
11 10 14 12
9 6 9 16
19 8 5 19
6 7 16 13
10 6 6 11
14 4 6 14
