14 4 10
601 1175 1559
434 1158
616
692 1392 1947 2737
702 1412 1969 2547
782 1425 2307 2791
691 1497 1929 2923
697 1293 2210 2619
667 1314 2292 3015
760 1508 2209 2606
765 1387 2260 2755
788 1378 1934 2549
679 1493 2055 2749
778 1362 1962 2941
668 1345 1925 2566
793 1473 2295 2934
756 1516 2294 2613
136 167 187 177
133 143 127 107
102 181 108 177
119 196 173 163
140 138 123 117
180 154 145 171
174 193 115 150
146 107 138 170
128 170 171 150
128 186 190 149
108 114 146 127
119 121 131 158
150 148 139 140
188 124 180 190
4 158 134 8
7 4 5 5
10 10 10 7
21 7 10 12
11 12 15 13
5 12 6 12
11 12 9 6
14 7 14 9
8 12 15 4
9 8 5 12
12 13 8 13
10 5 11 11
5 9 12 16
5 9 9 9
9 6 6 15
