14 4 10
361 1241 1919
711 1684
813
771 1197 2196 3104
818 1449 2355 3157
804 1313 2330 3361
883 1384 2085 2912
827 1405 2317 3087
878 1206 2037 3026
828 1191 2329 3281
834 1398 2337 2914
857 1358 2009 3131
803 1237 2330 3176
782 1256 2344 2914
878 1297 2003 3207
814 1292 2058 2896
754 1219 2080 3039
169 122 197 147
105 181 156 115
123 177 191 169
118 142 111 144
164 112 128 182
102 196 167 113
159 193 193 115
194 198 152 109
150 170 166 140
191 151 110 177
185 142 199 163
197 158 105 123
152 172 155 128
101 114 111 107
99 42 70 81
6 11 8 3
6 15 5 12
10 18 15 6
6 7 10 11
5 16 20 17
11 6 8 9
8 4 11 12
11 8 11 17
9 8 9 2
13 8 6 9
8 6 11 4
13 10 11 7
18 6 13 8
5 14 10 14
