14 4 10
726 1215 1541
709 1063
377
785 1616 2372 2843
843 1552 2499 3052
935 1552 2266 3407
865 1608 2461 3077
793 1542 2299 3081
778 1445 2316 2878
814 1504 2471 3438
780 1645 2114 3012
817 1413 2361 3317
913 1453 2471 3327
778 1413 2368 3281
908 1482 2527 3144
859 1510 2259 3359
829 1453 2458 3398
180 156 147 156
192 120 138 200
134 159 141 167
149 102 148 121
185 187 148 128
101 181 190 145
189 141 127 109
130 108 193 104
152 145 106 107
165 135 126 127
148 145 182 134
191 165 173 122
176 110 145 165
108 197 137 152
89 206 21 58
18 8 15 7
6 4 11 13
14 6 7 7
18 7 8 16
11 2 15 5
14 8 5 9
6 9 9 12
8 20 15 11
6 9 9 5
9 6 9 7
9 14 7 15
8 6 4 8
10 10 9 7
11 6 19 8
