14 4 10
548 1583 1943
989 1558
531
848 1500 2625 3276
920 1265 2378 2889
846 1406 2493 3187
784 1485 2757 3211
780 1458 2605 2841
895 1380 2341 2939
789 1471 2678 3314
811 1376 2407 2829
867 1320 2676 2731
802 1387 2549 3260
946 1427 2328 2823
839 1287 2778 3105
860 1309 2751 3034
813 1291 2625 3157
175 112 157 193
106 140 130 144
112 200 186 106
147 190 198 102
111 121 178 194
113 185 162 125
128 181 123 190
115 116 158 108
170 166 191 101
183 129 132 179
130 197 126 125
184 172 140 189
175 133 107 166
134 162 106 188
198 5 101 43
14 9 8 12
13 11 9 15
17 13 13 11
5 15 10 8
11 10 9 23
6 4 20 13
6 7 10 9
7 17 4 6
5 11 11 6
12 2 17 9
12 17 10 11
15 14 8 5
14 8 13 6
13 12 11 11
