14 4 10
384 1378 2170
1048 1797
575
758 1240 2546 3350
862 1252 2461 3096
843 1177 2357 2942
792 1173 2264 3416
868 1174 2476 3153
876 1250 2355 2976
747 1232 2635 3354
755 1232 2212 3012
808 1255 2264 2823
771 1364 2499 2901
844 1213 2180 2943
785 1284 2173 3337
801 1363 2167 3331
727 1232 2601 2873
104 113 148 124
116 166 131 122
174 175 112 131
184 198 107 177
126 115 194 170
199 181 110 151
197 177 108 120
134 126 177 156
121 193 179 161
167 146 188 178
128 199 168 176
118 128 171 121
178 184 100 183
132 153 149 117
56 134 181 4
13 9 3 7
12 11 8 3
9 16 2 11
9 2 7 10
12 3 14 13
11 7 9 6
9 6 8 15
8 18 9 7
4 14 13 17
7 9 1 13
8 9 7 9
9 10 19 8
0 8 14 15
15 9 14 6
