14 4 10
548 1394 1518
823 1210
379
705 1377 2424 2842
788 1423 2220 2895
829 1347 2212 3008
822 1497 2280 2791
689 1322 2095 2990
702 1528 2464 2868
735 1522 2223 2761
762 1402 2290 2618
734 1341 2453 2669
831 1375 2198 2740
725 1352 2108 3143
713 1502 2130 2681
784 1320 2467 2697
802 1492 2183 3158
159 159 174 102
192 123 151 200
100 126 184 178
156 109 165 137
122 163 151 104
113 188 120 180
114 182 139 143
160 153 125 138
104 170 112 131
120 132 133 118
147 144 175 107
126 142 133 141
122 150 180 130
182 103 148 179
143 210 39 9
11 15 4 5
4 2 11 15
8 5 6 6
4 11 12 13
11 8 25 13
4 10 20 6
11 9 13 10
6 8 10 22
7 18 6 11
10 8 8 12
13 13 7 10
14 4 6 9
4 8 11 8
11 9 12 11
