14 4 10
580 1448 2158
802 1291
766
935 1635 2503 3375
837 1703 2428 3129
878 1631 2428 3227
928 1692 2817 3561
870 1810 2620 3265
908 1540 2437 3037
958 1794 2450 3438
954 1805 2518 3052
805 1528 2391 2987
861 1795 2533 3125
913 1711 2401 3127
829 1603 2769 3172
830 1819 2723 3623
920 1640 2841 3554
176 182 143 193
147 123 150 191
109 102 197 185
189 106 106 133
135 166 142 120
111 141 147 159
127 180 114 133
183 194 199 169
197 128 187 158
147 111 126 103
152 102 179 159
160 198 102 158
187 176 123 125
190 183 116 187
115 154 9 69
2 9 24 14
10 6 11 16
17 4 6 9
11 21 9 16
10 5 7 8
5 10 10 5
12 8 2 8
5 12 7 7
10 16 6 11
12 8 10 11
4 10 15 9
6 8 16 6
11 13 5 13
14 18 8 6
