14 4 10
392 1228 1911
715 1621
869
862 1343 2327 3359
873 1445 2564 3397
895 1425 2199 3647
923 1383 2562 3330
917 1490 2311 3340
951 1489 2505 3784
847 1393 2136 3244
863 1460 2457 3336
936 1397 2343 3360
895 1354 2469 3613
865 1571 2310 3818
884 1406 2427 3559
942 1548 2192 3841
966 1333 2530 3536
197 116 195 101
118 100 129 114
155 167 112 192
181 157 154 135
166 128 158 105
191 186 148 113
180 174 145 195
108 147 177 163
131 146 161 193
127 105 185 197
117 125 136 172
184 141 132 112
155 132 103 122
167 156 110 189
159 134 102 14
8 14 6 3
15 13 9 10
6 14 9 12
7 25 12 7
4 11 11 8
11 5 10 10
9 4 8 7
14 6 18 6
3 13 14 14
15 8 2 11
6 10 9 7
12 7 11 7
14 10 16 9
8 5 7 11
