14 4 10
431 984 1892
748 1367
799
733 1240 2063 2994
730 1176 1881 2632
754 1096 1988 3063
761 1063 1990 2747
753 1171 2067 2718
742 1172 2092 2940
675 1043 1844 2868
679 1109 2154 2571
668 1096 1986 2969
702 1052 2038 2823
724 1090 1924 2714
781 1183 1968 2891
782 1086 1908 2897
723 1082 1996 2981
178 155 102 114
183 128 129 109
136 185 159 193
131 188 195 119
172 184 145 149
159 197 197 156
189 135 199 129
101 191 102 172
147 115 175 168
180 132 152 171
117 191 199 106
145 170 103 113
197 164 157 113
200 177 123 186
130 5 57 35
9 11 10 8
11 4 18 17
5 7 21 15
17 9 9 15
7 10 18 7
3 17 11 11
10 5 8 11
6 7 13 6
1 12 10 13
0 6 5 4
11 7 7 10
13 10 10 13
12 9 14 16
17 12 7 7
