7 5 2 1000
873 1541 2277 2366
911 1187 1776
423 937
457
1001 2020 3018 3546 4111
1020 1800 2919 3782 4804
1025 1841 2661 3477 4741
962 1767 2708 3670 4125
928 1804 2611 3513 4741
940 2049 2973 3708 4402
1052 1946 2641 4133 3975
7 5 5 9 5
8 9 8 6 8
7 8 10 10 10
6 9 6 5 10
9 5 5 10 5
8 5 6 10 8
7 10 10 9 10
3 6 0 6 4
1 1 0 1 1
0 1 0 0 0
0 0 0 0 0
0 1 1 2 0
0 1 0 0 1
1 1 1 1 0
1 1 2 0 0
1 0 1 2 1
0 0 0 3 1
0 0 1 2 0
2 1 3 0 1
2 2 0 2 2
1 0 1 1 1
1 2 1 1 2
0 0 0 0 2
1 0 0 1 0
0 0 1 0 0
0 0 1 0 1
0 3 0 2 1
1 1 0 1 0
0 0 0 0 0
0 3 0 0 0
1 0 0 3 0
2 0 0 2 0
0 0 1 0 0
2 0 0 0 1
0 1 0 0 0
3 0 0 1 0
0 0 1 0 0
2 1 0 0 1
0 2 1 1 0
1 0 2 1 0
0 0 0 0 0
1 0 0 1 0
0 0 0 0 0
2 0 1 1 0
0 0 0 0 0
0 0 3 1 3
1 2 0 0 0
4 1 3 1 2
2 1 0 1 0
1 1 3 0 1
0 0 2 2 0
1 0 0 0 0
0 0 0 0 0
0 3 1 1 1
0 0 1 0 1
1 1 1 1 1
0 0 0 1 1
1 0 0 0 1
1 0 0 2 0
0 1 0 0 2
2 2 0 0 1
1 0 0 0 0
1 2 1 0 0
0 0 1 4 0
1 2 0 3 0
0 1 0 0 0
4 1 0 0 1
0 0 1 0 0
0 0 0 0 0
1 0 0 1 1
0 0 0 3 3
0 0 1 0 1
1 0 0 1 0
1 0 0 0 0
1 0 3 0 1
0 0 0 0 1
0 0 1 1 0
0 2 1 3 3
0 0 3 0 1
0 0 0 0 0
2 2 0 0 1
0 3 3 1 0
0 0 1 0 0
0 1 0 0 0
0 0 0 0 0
0 0 1 1 0
3 0 0 0 0
0 0 1 0 0
2 2 2 1 1
0 1 0 0 1
4 0 3 1 1
1 0 0 0 0
2 1 0 0 0
0 2 0 0 1
1 2 0 1 1
0 2 0 0 1
0 0 1 2 1
1 0 0 1 1
1 0 0 4 1
2 0 0 0 2
0 1 1 0 0
1 0 1 0 1
0 0 1 1 2
0 1 0 0 1
0 0 0 0 1
4 1 0 0 0
1 1 1 0 0
1 0 0 0 0
2 0 0 1 2
1 2 2 0 0
0 1 0 0 0
4 1 0 0 1
0 1 2 0 2
1 1 1 1 0
0 0 0 0 1
0 1 1 2 0
0 0 0 2 0
2 0 0 0 0
2 0 0 0 0
0 1 0 2 0
0 0 0 0 1
1 0 2 1 1
4 1 1 0 3
1 1 0 0 0
0 1 0 0 0
0 0 0 2 0
0 0 0 1 0
0 0 0 1 0
3 2 2 0 1
2 0 0 0 0
1 1 0 0 0
1 0 0 1 0
2 0 2 0 0
0 0 2 0 0
2 2 0 0 0
0 1 1 1 0
0 1 2 0 1
2 1 2 0 0
0 0 0 0 0
0 2 1 0 0
4 0 1 1 0
0 0 1 0 0
0 0 0 0 0
0 0 1 0 1
1 0 3 3 1
1 2 1 0 0
0 1 0 0 0
0 1 0 1 1
2 0 1 0 0
1 1 0 0 0
0 2 0 0 0
0 1 0 0 2
0 0 0 1 0
0 1 1 2 2
1 0 3 0 1
2 0 1 0 0
0 0 0 1 1
0 0 0 0 0
0 0 0 0 0
1 0 0 1 1
0 0 1 1 0
0 2 1 2 0
0 0 1 0 0
2 1 1 0 0
0 3 1 2 1
0 1 0 0 0
1 0 0 1 0
0 0 0 1 1
1 0 0 0 1
1 2 1 2 0
4 0 0 0 1
0 0 0 0 0
0 2 0 0 0
0 0 0 0 2
0 0 2 1 3
0 2 4 2 1
1 1 0 0 1
0 0 0 1 1
1 2 2 0 1
0 0 0 2 0
0 0 2 0 3
0 0 1 0 0
0 0 1 3 0
1 0 0 0 0
1 0 0 3 0
0 0 0 1 0
0 3 0 2 2
0 3 1 0 2
1 0 0 0 0
0 0 0 0 0
1 2 1 0 0
0 0 0 0 2
0 2 1 0 1
0 0 0 0 1
0 1 0 0 0
0 0 0 1 0
4 1 0 3 0
2 2 0 1 0
0 3 0 2 0
0 1 4 2 1
0 2 0 1 1
1 0 3 2 0
0 1 0 2 0
2 0 0 1 1
0 2 1 0 0
0 0 0 1 0
2 0 1 2 0
0 0 1 0 1
1 0 1 0 1
1 1 0 0 1
0 0 3 0 1
0 2 2 0 4
0 1 0 0 0
0 1 1 1 0
0 1 1 0 0
1 0 0 1 1
1 1 0 0 0
0 0 1 0 2
0 0 3 1 2
0 0 0 1 1
1 1 1 0 1
0 0 0 1 0
1 1 0 1 0
0 1 2 0 1
1 1 0 0 1
0 0 1 1 1
1 0 0 1 0
0 0 1 1 1
0 0 1 1 2
2 0 0 1 0
1 2 2 0 0
0 1 0 1 1
1 1 0 0 1
1 0 1 0 0
0 0 0 1 1
2 0 3 0 1
0 4 1 0 0
1 0 1 1 2
0 1 0 0 0
0 0 0 0 0
1 0 0 1 2
1 1 3 0 0
0 0 2 0 0
1 2 0 0 0
0 0 1 0 0
1 0 0 0 0
0 0 0 1 0
1 0 0 0 1
0 0 0 0 0
1 0 0 1 1
1 0 0 0 0
1 1 2 0 0
1 0 0 2 1
0 1 0 2 1
1 0 1 0 1
0 0 0 0 0
3 0 0 1 1
0 0 1 0 0
0 1 1 0 1
0 0 0 1 0
1 1 2 2 0
0 0 2 1 0
2 0 1 0 0
0 0 1 0 0
0 2 1 0 0
1 1 1 1 0
0 0 0 1 2
1 2 0 0 1
1 0 0 0 0
0 0 0 0 1
0 1 0 0 0
0 0 0 2 2
2 2 1 3 0
0 0 0 0 2
0 1 0 1 2
1 0 2 0 0
1 0 0 1 0
2 0 0 0 0
0 1 0 2 0
1 0 1 0 0
0 1 0 0 0
0 0 0 2 0
3 0 1 0 1
2 0 2 1 0
0 2 0 0 0
0 0 3 2 0
0 0 0 0 4
1 2 0 2 3
0 0 0 1 0
1 2 0 0 0
0 0 0 0 1
1 1 1 1 1
1 3 0 0 0
0 0 1 1 0
0 1 0 0 0
0 0 0 0 0
1 0 0 1 0
1 1 0 0 0
0 0 0 1 2
2 1 0 0 1
0 0 2 0 1
0 0 2 1 1
2 2 0 0 0
2 1 2 1 1
2 2 0 0 1
0 1 0 2 0
1 0 0 0 1
0 1 1 3 0
0 0 0 0 4
0 1 0 2 0
0 0 1 1 0
1 0 0 0 1
0 1 0 0 0
1 0 0 0 2
1 0 0 0 0
1 0 0 0 1
1 1 0 1 1
0 1 2 1 4
1 0 0 0 0
0 0 1 0 0
1 1 1 0 0
0 3 0 1 0
0 2 0 0 2
0 0 0 0 1
1 1 0 0 2
0 2 0 3 0
1 1 0 0 0
0 0 2 0 0
0 1 0 1 1
0 1 0 0 0
0 0 0 2 0
1 0 1 0 2
1 3 1 0 0
0 1 2 1 1
0 0 1 1 1
1 0 2 3 0
0 1 0 3 0
0 0 1 3 1
0 0 1 0 0
1 1 1 1 0
0 0 1 0 1
1 0 3 2 1
0 1 4 0 0
0 1 0 3 2
0 0 0 0 1
0 2 0 0 0
0 0 0 1 0
0 2 1 1 0
1 2 1 0 0
1 0 0 2 1
1 0 0 1 1
1 1 0 0 0
1 1 2 0 1
1 0 0 0 0
0 0 1 0 0
1 2 1 0 1
0 1 1 2 1
1 0 0 1 0
2 0 1 2 3
2 2 1 0 2
1 1 0 1 0
3 2 0 2 1
1 0 1 0 0
2 1 1 1 1
2 1 0 0 1
0 0 0 0 0
0 2 2 0 1
2 0 0 0 0
0 3 0 1 0
1 0 0 0 1
1 0 1 0 0
0 0 1 0 0
2 0 1 2 1
0 2 0 2 1
1 2 0 0 1
0 0 0 1 1
0 1 3 0 0
0 1 0 1 1
2 1 1 3 0
0 0 0 0 1
0 0 0 1 1
0 3 1 1 0
0 0 0 0 0
3 3 0 0 1
1 0 1 0 0
2 0 1 0 0
0 0 0 0 0
0 0 2 0 0
0 0 2 0 1
1 2 0 1 0
0 0 1 1 0
0 0 0 0 4
2 0 0 0 0
0 0 1 2 0
0 1 1 0 1
0 0 1 3 2
4 1 0 0 0
0 1 2 1 3
0 1 0 0 2
2 1 2 0 0
1 2 0 0 0
2 0 0 1 0
0 0 3 0 0
2 1 0 0 2
1 0 0 0 0
1 0 1 2 1
1 1 1 0 1
1 0 0 0 0
0 2 2 0 1
1 1 0 0 0
0 2 0 1 1
0 0 0 1 1
3 0 3 0 1
1 0 0 0 1
0 1 0 0 0
0 1 2 2 0
1 1 0 2 0
0 0 0 0 0
0 0 0 0 0
0 0 0 2 1
2 0 0 2 1
1 1 0 0 2
0 1 0 2 0
1 0 0 1 0
0 2 1 0 1
1 1 0 0 2
0 1 1 0 1
0 0 1 0 0
0 1 1 3 1
3 0 2 0 1
1 1 0 2 1
0 0 1 0 1
0 0 2 1 1
0 1 4 0 1
0 0 0 0 0
2 1 2 0 0
1 2 0 0 0
0 0 1 0 1
0 0 1 1 0
0 2 0 0 0
0 0 2 1 1
0 1 2 1 0
0 0 1 2 0
0 1 1 0 1
1 0 0 1 1
0 0 3 0 3
1 0 1 3 0
0 0 0 0 1
0 1 3 0 0
0 0 0 1 0
2 0 0 2 0
0 1 0 2 0
0 0 1 2 0
1 0 0 0 0
1 1 0 0 2
1 3 0 1 0
0 0 1 0 0
0 0 0 1 1
0 0 0 0 1
1 2 0 1 1
0 0 1 1 1
1 0 0 2 1
1 0 2 0 2
1 1 0 0 0
1 3 0 0 1
0 0 2 0 1
0 1 0 0 0
2 0 1 0 0
0 0 1 0 0
1 0 3 1 0
1 0 0 0 0
0 0 0 1 0
1 1 0 1 0
0 0 1 1 1
1 0 0 0 0
0 0 1 0 0
0 0 2 0 0
1 1 1 2 2
0 0 0 0 1
2 0 0 0 0
0 1 1 4 0
0 0 1 1 1
0 0 1 0 0
0 2 1 3 0
0 1 1 0 1
1 2 1 0 0
2 1 3 0 0
1 1 0 1 0
1 1 1 1 0
0 0 0 0 0
0 0 2 0 1
1 1 0 2 0
1 0 1 1 0
1 1 1 2 2
0 0 0 0 1
2 1 0 1 0
1 0 0 2 0
0 0 0 2 1
0 0 0 0 2
0 1 2 0 0
1 1 0 2 0
1 1 0 1 1
0 0 0 0 0
1 0 1 0 2
0 0 0 2 1
0 0 0 0 0
0 1 0 0 0
1 2 0 1 0
0 2 0 0 3
0 0 1 1 2
0 3 0 0 0
0 0 0 0 0
0 1 0 0 0
0 0 0 0 1
0 0 0 2 0
0 1 0 1 0
1 0 1 1 0
1 0 1 1 1
1 1 0 0 0
0 1 0 1 0
0 3 1 1 1
1 1 0 0 2
2 0 0 0 1
0 0 0 1 1
4 0 0 1 1
0 2 0 2 0
3 1 1 1 0
1 0 0 0 0
1 1 1 0 0
1 0 0 0 3
1 1 1 0 2
0 0 0 2 0
0 1 1 1 0
0 1 0 0 0
1 0 1 0 1
0 1 0 2 1
0 0 0 0 0
0 0 0 0 0
1 2 4 0 0
1 3 0 1 0
3 0 1 1 1
0 0 0 0 2
1 2 0 0 3
1 1 0 1 0
0 0 1 0 0
0 0 0 1 0
0 2 1 3 1
0 1 0 0 1
0 2 1 1 1
0 0 0 1 0
2 0 2 0 0
2 1 0 4 1
0 2 1 2 0
0 0 0 4 0
1 0 1 0 3
0 0 1 0 0
0 1 0 1 2
0 0 0 0 0
0 0 0 2 0
0 0 2 0 2
0 0 2 1 0
1 0 0 1 0
2 1 1 0 0
1 0 0 0 1
2 2 2 0 0
1 0 1 1 0
1 0 0 0 2
2 2 1 1 0
1 1 0 0 0
0 1 0 2 0
2 1 0 0 2
0 1 0 1 0
0 0 0 0 0
0 1 0 0 1
2 1 3 0 0
0 3 0 0 0
0 1 0 2 0
2 2 2 1 1
4 1 0 0 1
0 2 1 0 0
0 2 3 1 2
0 1 0 0 1
0 0 1 0 0
0 3 3 0 0
0 0 0 4 0
0 1 0 2 0
0 2 4 1 2
1 2 2 1 0
0 0 0 0 1
0 1 0 0 0
1 0 2 0 0
0 2 1 2 3
2 0 1 0 0
0 0 2 1 3
0 0 2 1 1
0 0 0 1 0
0 0 2 0 1
1 0 0 3 0
1 1 0 0 0
1 0 0 0 0
0 0 0 1 0
0 0 0 0 0
0 3 0 0 2
1 0 1 1 0
3 1 0 0 1
0 0 2 0 3
0 0 0 0 1
1 0 0 0 1
0 1 0 3 1
2 0 0 0 0
0 1 0 0 0
4 2 0 1 1
1 1 0 2 0
0 1 1 3 0
0 3 1 3 0
3 0 2 0 3
0 3 1 0 0
1 0 0 0 2
0 0 2 1 1
0 0 0 2 0
1 1 0 0 0
0 0 1 0 0
0 0 1 2 1
0 0 1 0 0
0 0 2 0 1
0 1 1 0 1
0 0 1 0 0
0 2 2 0 3
3 0 0 0 0
1 0 1 1 3
0 0 1 0 0
2 0 1 1 0
0 0 1 0 0
0 0 1 4 2
0 0 0 1 0
1 1 1 0 1
0 1 0 1 0
0 2 0 0 0
1 1 0 1 0
0 0 0 0 2
0 0 0 0 0
1 1 2 1 0
1 0 0 2 0
0 0 1 1 0
0 0 0 0 2
0 2 0 0 0
0 0 0 0 0
0 1 2 0 1
1 2 0 1 0
1 3 1 1 1
0 0 0 1 2
0 1 0 0 1
0 2 0 0 0
0 1 0 1 3
1 0 2 2 1
0 0 0 0 0
0 0 0 0 0
0 1 0 1 0
0 0 0 1 0
4 2 0 0 0
1 0 0 0 0
1 0 0 1 2
0 1 1 1 2
0 0 0 1 2
0 0 0 1 1
0 2 0 2 1
0 0 1 2 0
0 0 1 1 3
0 2 0 0 1
1 0 0 1 0
0 2 0 1 0
0 0 1 1 0
2 0 2 0 0
0 1 0 3 0
1 1 0 0 1
3 2 0 0 0
0 1 0 0 0
0 0 0 2 0
0 1 0 2 2
0 0 1 2 0
1 0 0 0 0
3 2 1 1 0
0 0 1 1 0
1 0 2 1 1
0 1 1 0 0
0 0 0 0 0
1 1 1 0 1
1 2 0 2 0
1 1 0 1 0
3 2 2 2 1
0 0 1 1 2
0 1 1 0 2
1 0 0 0 1
2 0 1 0 1
1 0 0 1 4
0 1 0 1 0
0 0 1 1 0
0 0 1 0 1
0 1 1 0 0
1 0 1 3 0
0 0 0 1 0
1 0 0 0 1
1 4 0 0 0
1 1 1 0 1
0 0 3 0 0
0 1 1 0 0
0 0 1 0 2
4 1 1 0 0
0 0 2 1 0
1 1 2 1 1
0 1 2 1 0
0 0 2 1 1
4 0 0 0 2
1 2 2 0 0
1 1 1 0 2
2 1 1 1 2
0 2 0 1 0
1 0 1 0 0
0 1 0 1 1
0 0 2 2 1
2 1 1 2 0
1 1 0 0 2
0 0 0 1 3
0 0 0 0 0
0 1 1 1 1
3 0 0 1 1
0 1 0 1 0
0 1 0 0 0
0 0 1 0 0
1 1 0 1 1
1 2 0 0 0
1 1 0 1 0
1 0 3 0 0
0 0 2 0 0
0 2 1 0 1
0 0 2 0 1
0 0 1 0 0
2 1 0 0 1
0 0 1 0 0
1 0 0 1 0
0 2 1 3 0
0 0 0 1 2
0 0 0 0 0
0 1 0 1 0
2 0 0 0 0
1 0 0 1 2
0 1 0 0 0
1 0 0 0 1
0 2 1 1 0
0 0 2 1 0
0 3 0 2 0
1 0 0 1 0
0 0 0 1 0
1 0 0 0 3
0 0 3 1 0
2 0 0 2 1
1 0 4 3 0
1 0 1 0 1
0 2 0 0 2
0 0 1 0 0
0 2 1 0 0
0 1 0 1 0
0 1 0 0 1
2 0 1 0 0
1 0 1 0 0
0 4 1 1 1
1 1 0 0 0
1 0 1 0 1
0 2 1 1 1
0 0 0 1 1
3 1 0 1 2
1 0 1 0 0
0 1 0 0 0
0 0 1 1 0
0 0 0 0 0
0 0 2 0 1
1 1 1 0 1
0 0 0 1 0
0 0 0 0 0
2 1 0 0 0
1 0 0 1 1
0 0 1 1 0
0 1 0 2 1
0 0 0 1 0
0 2 1 1 0
0 0 3 0 1
1 0 0 0 0
2 0 0 0 2
0 1 0 0 1
0 1 1 1 0
0 0 0 1 0
0 0 2 1 2
0 1 2 0 0
1 1 1 0 0
0 0 0 2 0
0 1 1 2 0
1 2 1 0 0
0 1 0 0 1
0 0 2 2 0
0 0 2 0 0
0 2 1 1 1
0 0 0 0 0
2 1 0 0 0
0 0 1 1 3
1 0 0 0 0
1 0 3 0 1
0 2 0 0 0
0 0 1 0 0
1 1 0 0 0
0 0 0 2 0
0 1 0 2 4
0 1 0 0 1
0 0 1 0 0
0 1 0 2 0
0 0 0 1 0
2 1 0 0 0
0 0 1 0 1
0 0 2 0 0
0 2 0 0 2
0 1 0 0 0
0 0 0 0 0
0 1 1 0 0
0 0 1 0 0
0 0 1 1 1
1 2 1 1 0
0 2 2 0 0
0 0 1 0 0
0 0 0 1 1
0 3 0 0 0
1 1 3 0 1
1 1 0 1 1
0 0 1 2 2
0 2 1 1 2
3 0 0 1 0
0 0 4 0 0
0 2 1 0 1
0 1 0 0 1
2 0 0 1 0
0 1 0 1 0
1 0 0 0 1
0 0 1 0 0
2 0 1 0 0
1 0 1 0 0
0 0 1 1 0
3 1 0 1 1
1 1 0 0 0
0 1 0 1 2
0 0 0 0 2
2 0 1 1 3
1 1 1 3 0
0 0 0 0 3
2 0 2 1 0
3 0 2 1 0
1 3 0 3 1
0 0 1 0 0
0 0 0 1 1
1 0 0 0 1
1 0 0 0 0
1 0 1 2 2
0 0 0 0 0
0 0 0 0 0
0 1 3 0 1
1 0 1 1 0
0 0 0 0 0
0 0 0 0 0
0 0 1 1 1
4 0 0 2 0
2 0 0 0 0
3 0 3 1 3
1 1 0 3 0
1 1 2 0 1
0 1 0 1 0
0 0 0 1 0
0 2 0 0 1
0 0 0 0 1
0 0 0 0 0
0 4 0 0 2
0 0 0 0 0
0 0 2 0 0
0 1 0 0 0
2 0 0 2 1
1 0 0 0 2
0 2 3 0 2
1 2 1 0 0
0 0 2 1 0
0 2 0 0 1
0 1 2 2 1
1 0 0 0 0
2 1 2 0 0
2 2 0 0 1
2 1 2 0 2
0 1 0 1 0
0 2 0 0 0
0 4 0 0 1
3 1 1 0 1
0 0 1 2 0
1 0 0 1 1
0 0 1 0 2
0 0 0 1 0
0 1 0 1 0
1 0 0 2 1
0 1 0 2 2
0 1 1 1 2
1 0 0 0 0
0 0 2 2 3
1 3 1 0 1
1 0 0 0 0
1 0 0 1 1
0 0 1 1 1
0 0 1 0 0
0 0 1 1 2
0 1 0 4 0
0 1 0 1 0
0 0 0 1 2
0 0 1 0 0
1 0 0 0 0
0 0 0 3 0
0 0 0 0 1
0 0 1 2 0
0 1 1 1 3
2 1 0 1 0
0 0 0 0 0
1 0 2 1 1
2 2 1 3 1
1 1 0 0 0
1 0 1 0 0
0 0 0 1 0
1 0 0 1 0
1 1 0 0 1
1 3 1 0 3
1 0 0 0 0
0 1 0 3 2
0 0 0 1 0
1 1 1 0 0
0 2 0 0 0
0 1 0 1 0
0 2 0 0 0
2 1 0 0 0
0 0 0 0 0
2 1 0 1 0
0 0 0 2 0
3 1 0 0 0
0 0 0 1 0
0 1 0 4 0
1 0 1 1 1
0 0 0 0 1
0 1 0 0 0
2 0 0 0 1
0 0 2 1 2
0 0 0 1 0
0 4 0 0 0
1 0 0 2 3
1 0 0 0 1
0 1 0 1 0
3 1 0 0 1
0 0 0 2 2
1 0 0 0 0
2 0 0 0 0
1 0 0 1 1
0 1 0 3 0
1 1 0 0 1
0 2 1 0 3
1 0 1 1 0
0 0 0 0 0
1 1 0 0 0
1 0 0 0 0
0 1 1 1 1
0 1 1 0 1
2 1 3 0 0
0 1 0 0 0
1 0 0 0 1
3 0 0 0 1
0 0 2 2 1
0 0 1 1 0
0 1 0 0 0
0 1 0 0 1
0 0 1 0 0
1 0 2 3 1
1 0 1 0 0
1 0 2 0 1
2 0 0 0 1
3 1 0 1 1
0 0 2 0 0
1 2 0 1 0
0 1 0 2 0
0 1 1 0 0
0 0 0 0 2
2 1 0 1 0
0 3 1 0 0
0 2 0 0 0
1 1 0 0 0
1 0 1 1 0
0 2 1 1 0
0 1 0 0 1
0 0 1 0 1
0 0 0 0 0
1 1 0 2 1
0 1 1 0 2
0 0 1 1 0
3 3 0 1 0
4 0 0 2 0
1 1 0 0 0
0 0 3 0 0
1 1 0 2 0
0 0 3 1 0
2 2 0 1 0
0 1 0 2 1
0 0 0 0 0
1 0 0 0 0
0 0 0 1 1
0 0 0 0 2
0 0 0 2 1
0 3 0 0 0
0 0 1 1 1
0 0 1 3 0
0 3 0 1 2
0 1 3 0 0
0 1 0 0 0
1 0 0 0 0
0 1 0 1 1
1 1 1 0 0
0 1 0 0 0
0 0 0 2 0
1 0 0 1 0
0 2 0 3 1
0 0 1 0 0
3 1 0 0 3
1 0 0 0 1
0 4 1 0 2
0 1 1 0 1
2 1 0 0 0
1 0 1 0 0
3 1 1 1 0
0 1 0 1 0
0 0 0 0 0
2 1 1 1 2
0 1 0 0 0
0 0 1 1 0
0 1 1 0 0
3 0 0 0 0
1 0 1 0 1
1 0 1 1 1
0 4 1 2 0
2 0 0 0 0
2 0 0 0 1
2 0 0 0 0
0 0 0 1 2
2 1 1 0 0
0 0 3 0 0
1 0 1 0 0
0 1 0 0 1
0 1 0 1 1
0 0 2 0 0
1 1 1 0 1
0 0 0 0 0
0 2 0 0 0
1 2 0 0 1
1 1 0 0 0
0 0 0 1 1
1 0 1 4 0
1 0 1 4 2
3 0 0 2 0
1 1 0 1 0
2 1 3 1 0
0 2 0 2 0
0 0 0 4 0
0 0 1 1 0
0 1 1 0 0
0 0 0 0 1
1 0 0 0 1
1 1 0 0 4
1 0 0 0 0
0 1 0 2 0
0 1 0 0 1
0 0 0 0 0
0 0 2 0 4
0 1 0 0 3
0 0 1 1 2
0 0 1 1 0
1 0 2 0 0
1 1 0 1 1
1 1 0 0 0
0 0 2 0 0
0 0 0 0 1
1 0 0 2 0
2 3 1 1 0
0 0 1 1 1
2 1 2 0 1
0 0 1 1 1
0 1 1 0 1
0 0 0 0 2
2 0 1 1 3
0 1 0 1 0
1 1 1 1 3
1 1 1 0 0
0 1 0 0 1
0 0 2 0 1
1 0 4 0 2
3 1 0 1 0
0 0 1 0 2
2 0 1 1 2
2 2 1 0 0
3 1 0 2 2
1 1 4 0 1
0 2 0 0 1
1 0 1 1 2
2 0 0 1 0
0 0 2 0 2
2 0 0 2 0
0 1 0 0 1
0 1 1 3 1
1 0 1 1 1
0 0 0 0 0
0 0 0 0 1
0 0 0 3 1
0 1 0 0 0
1 2 0 0 2
4 2 0 2 1
0 1 0 0 0
0 0 0 0 0
0 0 1 0 1
1 1 1 0 0
0 1 0 0 1
1 0 0 0 0
0 0 1 0 0
3 2 0 1 0
1 1 0 0 1
2 2 1 0 1
0 1 0 0 1
1 0 0 0 1
4 0 0 0 0
2 3 1 0 0
0 0 0 0 2
1 1 2 0 0
0 0 1 0 1
3 2 3 2 0
0 1 0 0 0
0 1 0 0 2
0 0 1 1 0
4 2 0 0 0
0 0 0 1 2
2 0 0 2 0
0 0 4 0 0
1 2 0 0 0
1 0 0 1 0
0 0 2 0 0
1 1 0 0 2
0 0 4 0 0
0 1 1 0 2
1 0 3 2 1
2 0 2 2 1
0 1 0 1 1
0 2 0 0 0
0 3 0 0 1
0 1 0 0 1
0 1 1 1 0
0 0 0 0 1
0 0 1 2 0
3 1 0 2 0
1 0 1 0 0
1 0 0 0 0
0 0 1 0 0
0 1 0 3 0
3 0 0 0 1
1 2 1 0 0
2 0 1 0 2
0 0 0 1 1
0 0 0 0 0
0 0 0 0 2
0 3 0 0 2
0 2 0 0 0
0 0 1 0 0
0 1 0 0 2
0 0 0 0 0
0 0 0 2 0
0 1 1 1 1
0 0 0 0 1
0 1 2 0 2
0 0 0 0 2
1 0 0 0 0
0 2 2 1 1
1 1 2 0 2
0 0 0 0 1
2 0 0 0 0
0 0 0 0 0
0 0 2 2 1
0 1 1 2 0
0 0 1 3 0
0 0 1 2 0
0 0 1 0 3
2 1 1 1 1
0 1 2 0 2
1 1 1 0 3
0 1 0 0 1
0 0 1 0 0
0 3 0 3 0
0 0 0 0 1
0 0 1 0 0
2 0 0 1 1
3 0 1 1 0
3 0 0 0 4
0 0 1 0 1
0 0 0 0 1
1 0 0 0 0
0 0 1 3 1
0 3 3 0 0
1 0 0 0 1
3 0 0 0 0
1 2 0 1 0
0 2 0 0 0
0 0 0 2 0
1 0 0 0 0
2 1 0 2 1
0 0 0 1 0
2 0 0 0 2
0 1 3 2 0
1 1 1 1 0
1 0 0 0 0
1 0 0 2 2
0 1 1 0 0
0 0 0 0 0
0 0 0 2 2
1 0 0 0 1
0 0 1 1 0
1 0 0 0 0
0 0 0 1 0
0 0 1 0 3
0 1 0 1 0
0 0 1 0 0
0 2 1 1 2
0 0 1 0 1
0 3 0 1 2
0 0 1 0 1
0 2 0 0 3
0 2 2 2 2
0 0 0 0 1
0 2 0 0 1
0 0 0 0 0
0 0 0 1 2
0 1 0 0 2
0 0 0 0 2
2 0 0 1 0
0 0 2 0 0
0 0 0 1 0
2 1 0 0 2
0 0 0 2 1
1 0 1 1 1
1 2 0 0 0
2 0 1 3 3
1 0 3 2 2
2 0 1 0 0
1 0 3 2 0
0 1 3 0 1
0 0 0 0 0
0 1 0 0 0
1 1 1 0 1
0 0 0 1 1
0 0 0 1 0
0 1 0 2 1
0 1 0 0 0
0 1 0 2 0
3 0 0 0 0
0 1 0 1 0
0 1 1 0 0
0 4 0 2 0
0 0 0 0 1
0 0 3 1 2
0 1 1 0 1
0 0 0 0 2
1 0 0 2 3
3 1 2 1 1
0 3 0 3 0
1 1 1 1 1
0 1 0 3 2
0 1 2 1 0
0 3 0 2 0
0 0 0 0 0
1 1 0 1 0
3 0 2 0 0
1 0 0 1 1
2 0 0 0 1
0 0 0 0 4
0 1 3 0 0
0 2 1 0 0
1 1 2 3 0
1 2 2 0 1
0 0 1 0 0
0 2 0 1 0
2 1 0 0 0
0 1 0 2 0
0 1 0 0 2
0 0 0 0 2
0 0 0 3 2
1 1 0 0 3
0 0 0 0 0
3 1 0 0 0
0 0 0 0 0
0 0 0 1 0
2 0 0 0 0
0 0 0 4 2
1 1 0 0 0
1 1 0 0 0
0 2 1 0 0
0 1 0 2 1
1 0 1 2 0
1 0 0 1 1
1 1 0 0 0
1 0 0 0 0
0 0 3 1 0
0 1 0 0 0
0 0 0 2 4
0 0 1 0 0
2 0 0 0 2
0 0 0 0 1
0 0 2 2 0
1 0 0 1 0
0 0 1 0 0
0 0 1 1 1
0 0 1 0 0
1 0 0 3 0
0 0 0 1 0
0 1 1 1 1
2 3 0 0 3
0 0 1 2 0
0 0 0 0 4
0 0 1 0 1
0 0 1 0 0
2 0 0 0 2
1 4 1 1 0
0 0 0 0 0
0 0 0 1 0
0 0 0 0 0
1 1 0 2 0
0 2 0 1 0
1 0 0 0 0
0 2 2 1 1
1 2 0 0 0
0 1 0 0 0
0 0 0 0 0
2 0 2 0 1
0 0 0 0 1
0 1 2 1 1
0 0 1 0 0
0 0 1 0 1
0 0 0 1 2
0 0 1 0 1
0 0 1 2 1
3 0 0 0 0
2 0 0 0 0
0 0 2 0 1
2 0 2 1 0
0 0 0 1 0
1 3 0 0 0
0 3 2 0 2
0 2 1 1 0
0 0 2 0 0
0 1 1 0 1
2 0 0 0 1
0 3 1 0 0
0 0 0 0 1
1 1 0 2 1
0 1 0 1 0
0 2 0 0 0
0 0 0 0 0
0 1 0 3 1
0 0 4 0 2
0 0 0 1 1
0 2 0 2 0
2 1 0 0 0
0 1 0 0 0
2 0 1 2 0
0 4 0 0 1
0 4 1 2 4
2 1 0 0 1
0 2 0 1 1
0 1 2 0 2
0 1 2 2 0
0 1 0 1 0
0 3 2 0 1
0 1 1 0 0
0 0 0 3 1
0 2 0 2 0
0 0 3 0 1
1 0 1 0 2
0 1 1 0 3
2 1 2 1 0
1 1 3 0 1
1 0 0 0 0
1 0 0 0 1
1 0 2 0 1
1 0 0 0 0
0 0 2 0 0
2 1 0 2 0
1 0 2 0 0
1 2 0 0 0
0 0 0 1 0
0 1 1 0 2
1 1 2 4 1
1 2 0 2 3
2 1 0 0 0
2 1 0 0 0
1 1 0 0 0
0 0 2 1 1
1 0 0 1 0
0 0 0 0 1
0 0 0 1 1
0 0 0 0 1
0 1 1 0 0
1 0 0 0 0
0 0 1 0 1
0 3 1 2 0
2 1 0 1 0
1 1 2 2 0
0 0 2 2 1
0 2 1 1 0
1 0 0 0 1
0 0 1 2 3
0 1 3 1 2
1 0 0 0 0
1 0 3 0 4
0 1 0 0 0
0 0 0 1 3
0 0 0 0 1
1 0 0 0 4
0 1 1 2 0
1 0 0 0 0
0 0 1 0 0
0 0 2 1 0
1 3 0 1 0
0 1 1 0 2
0 3 0 0 0
0 1 1 0 1
1 1 2 0 0
0 0 0 1 0
0 2 0 0 0
0 0 3 1 0
0 1 0 0 2
0 1 0 0 1
0 0 2 0 0
0 0 1 0 1
0 1 0 1 0
1 0 0 0 0
1 0 1 0 0
0 0 0 1 0
0 0 2 0 1
0 0 0 1 0
0 0 0 0 0
0 0 1 1 0
1 0 1 1 1
1 0 1 2 0
1 1 0 1 0
1 2 1 2 1
1 2 0 0 0
0 1 0 0 0
0 1 1 0 1
0 0 0 3 0
0 0 0 0 0
0 1 0 0 0
1 2 0 0 0
0 0 0 0 0
1 1 3 0 0
0 0 0 0 0
1 1 0 0 0
0 0 0 0 0
1 0 1 0 0
0 1 1 1 2
1 1 0 0 1
0 0 0 2 0
1 3 0 0 0
1 0 0 0 0
1 0 0 3 3
2 1 4 3 0
0 0 1 0 1
0 1 0 0 0
0 1 0 0 4
0 0 1 1 1
1 1 0 0 0
1 2 3 0 0
0 2 0 1 1
1 1 0 1 0
2 0 1 0 0
0 2 0 0 0
0 0 0 0 1
1 2 0 0 0
4 2 0 2 1
0 1 1 0 1
1 0 1 0 1
1 2 0 1 0
1 2 0 1 1
0 1 0 1 0
0 0 0 0 1
0 0 0 0 0
2 0 0 0 0
0 0 0 1 1
0 0 1 2 0
2 0 1 0 0
0 2 2 0 0
2 1 0 0 0
1 2 1 1 1
1 2 1 0 0
3 1 1 0 0
0 1 2 3 0
0 1 0 0 1
0 1 0 0 0
0 0 0 1 0
0 1 2 1 1
0 0 1 0 0
0 0 0 2 1
2 0 0 0 1
0 0 1 2 1
1 2 0 0 3
1 0 0 0 1
0 0 1 4 0
0 1 2 1 0
0 1 2 1 0
1 0 2 0 0
1 0 0 0 0
0 0 0 1 0
0 1 0 1 0
0 0 1 0 0
1 0 3 1 0
2 0 1 1 2
0 1 0 0 0
1 0 1 1 0
0 0 0 2 0
0 0 0 0 0
0 0 1 1 0
1 0 0 0 2
1 0 0 0 1
0 1 1 0 0
0 0 1 0 0
0 0 0 2 0
0 0 0 1 0
0 0 0 1 0
0 1 0 0 0
2 2 0 0 0
0 2 1 0 3
0 0 0 0 2
0 1 2 0 0
1 2 0 1 0
2 0 0 1 0
2 0 0 2 0
2 1 0 0 0
0 1 0 1 0
0 0 0 0 1
0 0 0 0 0
0 0 1 0 0
0 0 0 1 0
1 0 0 1 0
1 0 0 0 1
0 4 3 0 0
0 1 0 0 0
1 0 4 0 0
0 0 0 0 0
0 0 0 0 0
1 1 0 0 0
4 0 3 0 0
2 1 0 0 0
0 0 1 0 1
1 0 0 0 2
1 0 3 0 1
1 0 0 0 3
0 0 1 0 0
1 0 0 2 0
0 3 0 2 1
0 0 3 0 0
1 0 0 1 0
0 0 1 0 1
0 0 1 0 0
0 0 0 1 0
0 0 2 0 1
0 0 0 0 0
0 0 1 0 1
0 0 1 0 0
0 0 0 0 4
1 0 0 0 1
0 0 0 1 0
1 1 1 0 0
0 0 0 1 1
2 1 0 0 0
1 0 0 1 1
0 0 0 0 1
0 1 0 0 1
1 0 3 0 1
0 0 0 1 0
2 1 0 0 0
0 1 1 1 0
2 0 0 0 0
0 0 0 0 0
0 0 0 0 0
0 0 1 0 3
0 3 0 0 0
1 0 1 1 1
2 0 1 1 0
0 0 0 0 0
0 3 0 1 1
0 0 0 1 0
3 0 0 0 2
1 0 0 3 1
0 1 0 1 0
0 2 0 0 0
2 0 2 2 0
1 1 0 3 0
1 1 1 0 2
0 0 0 0 1
1 1 2 1 0
1 0 3 0 0
0 0 0 0 0
3 0 0 0 2
0 0 0 1 0
0 3 0 0 0
1 0 0 1 0
0 0 0 0 3
0 0 0 0 3
1 0 0 0 0
0 0 2 3 0
0 2 0 2 1
1 0 1 1 1
0 0 1 0 0
1 1 1 3 0
0 2 0 0 2
0 0 0 1 1
1 0 0 1 0
0 0 1 1 0
1 2 0 2 2
0 1 0 2 0
2 1 0 1 0
0 0 2 0 0
2 0 0 2 1
0 0 1 0 1
0 0 2 0 2
1 0 0 1 1
0 1 0 0 0
1 0 1 0 1
0 1 0 0 1
0 0 0 0 1
0 1 0 0 0
0 1 0 0 1
0 0 0 1 0
0 1 0 0 0
2 1 0 0 0
1 0 0 0 1
0 2 0 1 0
1 0 0 0 2
0 0 0 1 2
0 1 1 1 1
0 0 0 0 0
2 0 0 1 2
0 0 1 0 1
1 0 1 0 0
1 1 1 0 0
0 0 0 2 0
3 0 0 1 0
1 1 0 0 3
1 3 0 4 2
0 0 0 0 2
3 0 0 0 1
0 1 1 0 2
0 0 1 0 0
1 0 1 0 2
1 1 1 1 2
0 0 1 0 0
1 0 0 3 2
0 0 0 0 2
1 2 0 0 0
0 0 0 0 2
1 1 0 1 0
0 0 0 0 1
1 0 0 2 0
0 0 0 1 0
0 1 0 0 1
1 0 0 0 2
1 0 1 0 1
0 1 0 0 0
0 2 0 0 0
0 1 0 0 1
1 0 0 2 0
0 1 1 1 0
2 0 0 1 0
0 0 0 1 2
0 1 0 2 2
2 0 4 2 0
0 1 0 0 0
1 0 3 0 0
0 0 1 0 2
1 0 0 0 1
1 0 1 0 0
1 1 0 1 0
0 0 0 1 1
0 1 1 1 2
0 0 0 0 0
0 0 0 0 1
1 2 0 0 0
2 2 3 1 0
1 0 0 1 0
0 0 0 0 0
0 0 0 1 1
1 3 0 4 3
1 0 2 0 2
1 2 1 0 3
1 2 0 0 1
1 0 0 1 0
0 0 0 1 0
0 3 0 0 0
0 0 0 0 0
1 0 2 1 0
0 0 0 0 3
3 0 0 1 0
0 1 1 0 0
0 2 1 0 1
0 0 1 0 1
0 0 0 1 0
0 1 0 1 1
0 1 1 0 1
2 0 0 1 1
0 0 0 3 4
1 3 0 1 3
0 3 2 0 0
0 3 0 0 0
0 0 0 2 0
2 0 0 1 0
0 0 0 0 0
1 3 0 0 0
0 0 0 0 1
0 0 0 2 0
0 0 1 0 0
0 0 0 1 2
0 1 2 0 0
1 2 0 1 1
0 0 0 0 4
1 3 0 1 0
0 2 2 0 1
0 1 3 0 0
0 1 1 0 1
0 0 0 0 1
0 0 1 1 1
0 0 0 0 1
0 2 0 0 1
0 0 1 0 0
0 0 1 0 0
0 0 1 2 0
0 0 0 2 0
0 0 2 1 0
1 1 0 0 0
4 0 0 0 1
1 1 0 0 0
0 0 0 0 2
1 0 4 1 0
1 3 2 3 0
0 0 0 0 2
0 0 2 1 0
1 3 1 0 0
0 1 0 0 0
0 2 1 1 1
1 1 1 1 1
0 0 2 0 2
0 0 1 0 0
3 0 0 1 0
2 0 1 1 1
1 3 0 0 0
0 0 0 0 3
0 0 0 0 1
0 0 0 0 0
0 2 0 3 0
1 0 1 1 0
0 2 0 1 1
1 0 0 2 1
1 0 0 1 0
1 0 0 1 4
0 1 0 1 1
2 0 1 0 2
2 2 0 1 1
0 1 0 1 0
0 0 2 0 2
1 1 1 4 2
2 0 0 0 1
0 0 0 1 0
0 0 2 1 0
1 0 1 3 1
1 0 0 1 1
0 3 1 0 1
1 2 0 0 3
0 0 0 1 0
1 0 1 1 0
1 0 0 1 0
0 4 0 2 0
0 3 1 1 1
0 1 1 0 0
0 0 1 1 0
2 0 0 1 0
1 4 0 1 0
0 1 0 0 1
0 0 0 0 0
0 0 0 0 1
2 0 0 0 1
0 0 1 0 1
0 0 1 0 0
0 0 0 1 0
1 1 0 0 0
4 0 0 1 0
1 1 0 2 0
0 0 1 0 1
2 1 0 0 0
1 1 0 0 0
0 1 0 0 2
3 0 0 1 0
0 1 0 0 0
1 0 2 0 2
0 0 4 0 0
0 1 1 0 2
0 3 0 2 0
0 3 0 1 0
1 1 0 2 0
0 0 0 0 1
2 1 0 1 1
0 0 1 0 1
1 1 1 0 1
0 1 2 0 0
0 0 1 1 0
0 0 2 0 1
2 1 0 0 0
0 1 1 0 0
0 3 0 0 0
0 2 0 2 1
0 1 0 2 0
1 4 0 1 0
0 0 0 1 0
0 0 1 0 1
0 0 2 0 0
1 0 2 0 2
0 3 1 0 0
1 0 0 1 2
2 0 0 0 1
0 0 3 0 0
0 0 0 0 0
0 1 1 1 0
0 0 1 3 0
0 1 0 0 1
0 1 0 0 1
2 0 0 2 0
0 1 0 1 2
0 1 3 0 0
1 2 0 0 0
0 1 3 1 0
0 0 3 0 0
0 0 0 1 0
0 0 1 0 0
0 0 0 2 2
3 2 2 1 0
1 1 2 1 0
0 1 1 0 2
0 0 1 2 1
1 0 0 2 1
0 0 0 1 1
0 0 0 0 1
0 1 0 2 1
2 1 1 0 0
3 3 0 0 0
0 0 1 1 1
0 1 1 2 0
2 1 1 0 0
1 0 0 1 2
0 0 0 0 0
1 1 0 0 1
0 0 1 0 0
2 0 2 0 1
0 0 0 0 0
1 0 2 0 2
3 0 1 0 0
3 0 0 0 0
1 0 0 1 1
0 0 0 0 0
0 2 1 1 0
0 0 0 3 0
3 2 2 0 1
1 0 0 1 0
0 2 0 0 1
3 0 1 1 4
1 0 0 1 0
0 1 0 0 1
1 1 0 1 4
0 0 1 2 0
0 1 1 0 0
0 1 1 0 0
2 0 0 0 0
0 1 0 1 1
0 3 1 3 0
0 1 2 0 1
0 0 3 0 0
1 0 0 1 1
2 2 0 1 0
1 0 0 0 0
0 0 1 1 0
0 1 1 1 0
1 1 0 1 0
2 2 0 0 2
0 1 0 0 0
1 0 0 3 0
0 2 1 1 2
0 0 1 1 2
3 0 1 1 0
0 1 2 1 2
0 0 0 0 0
1 0 2 0 0
0 0 1 0 0
0 1 0 3 1
0 0 1 1 0
1 0 1 1 1
0 1 2 0 1
0 0 1 2 0
0 1 0 1 2
3 1 0 0 0
0 1 0 0 1
0 0 1 0 0
0 0 1 0 0
0 0 0 3 0
1 1 1 1 1
1 1 2 0 0
0 2 0 1 1
0 1 2 0 0
0 1 0 1 1
1 1 0 2 1
0 1 0 0 0
0 1 0 0 0
0 0 0 1 1
0 1 1 2 1
0 0 0 0 1
0 1 0 0 0
0 0 1 1 2
0 0 0 0 0
0 0 0 2 2
2 2 2 1 0
0 0 0 0 0
1 0 0 0 2
0 0 2 0 1
1 1 1 0 1
0 0 0 1 0
0 1 2 0 0
0 0 0 0 3
0 1 1 0 1
0 0 0 3 0
0 0 3 1 1
1 0 0 0 0
2 1 1 2 0
0 0 1 4 1
0 1 0 0 1
0 0 1 0 0
0 0 1 1 0
3 0 1 0 0
1 0 0 4 1
1 1 0 0 0
0 0 0 0 4
0 1 2 0 2
1 0 0 1 1
0 1 1 3 2
1 0 1 1 1
1 0 0 1 0
2 1 1 1 0
1 0 0 0 0
0 1 1 1 0
0 0 0 1 4
0 0 0 2 3
1 0 0 0 2
0 2 2 4 0
1 2 2 1 0
1 1 0 2 2
1 1 1 0 1
2 1 0 1 0
0 0 1 0 0
0 0 0 0 0
0 0 1 1 1
1 0 0 2 3
1 3 0 1 1
0 1 0 0 1
1 1 0 1 0
1 0 0 0 1
2 1 0 0 2
0 1 0 0 2
3 0 1 0 1
0 0 0 0 0
0 0 2 0 0
0 0 0 0 0
4 1 0 0 0
0 1 0 0 1
1 0 0 2 2
1 2 3 0 2
1 0 0 0 0
0 1 0 0 2
0 1 0 3 0
0 0 0 0 0
2 0 0 0 4
0 0 1 2 1
0 1 2 0 0
2 0 2 0 4
0 0 1 2 1
1 0 1 0 0
0 1 1 1 1
0 0 1 1 2
2 1 0 1 0
0 0 0 0 0
1 0 1 0 0
0 1 1 1 0
0 0 2 0 1
2 0 1 0 1
0 1 0 1 0
0 1 0 0 0
0 2 1 0 0
1 1 0 1 0
1 1 1 2 2
1 1 0 0 0
0 2 1 1 1
0 0 0 0 2
0 0 1 1 2
1 2 0 0 0
3 0 2 2 0
2 0 0 1 2
1 2 0 1 0
0 0 0 0 0
0 0 0 0 1
0 1 0 0 1
1 0 0 0 0
1 1 1 3 0
2 0 0 1 2
0 0 2 0 2
0 0 0 0 0
1 0 1 0 2
1 0 1 0 0
0 0 1 1 1
0 1 2 0 0
0 1 0 0 0
0 0 0 0 0
0 0 0 0 0
1 0 3 0 0
0 2 0 2 0
1 0 0 0 0
0 0 0 0 1
0 0 0 1 0
0 1 1 0 0
3 1 0 0 0
3 0 1 1 1
0 0 0 4 1
0 1 0 2 1
0 1 2 0 0
0 0 0 2 0
0 0 0 0 0
0 0 0 2 1
0 1 1 0 0
1 0 2 0 2
0 1 1 1 2
1 1 0 0 0
0 0 0 0 1
0 2 0 3 2
1 0 1 0 1
0 0 0 0 0
1 0 2 0 1
1 0 0 0 0
0 0 2 0 0
2 1 3 0 0
0 1 0 4 1
1 0 1 0 0
0 0 0 0 1
0 0 0 1 0
0 1 0 1 1
1 0 1 1 0
1 1 2 0 2
0 0 0 2 0
0 1 0 2 0
0 0 0 0 1
0 1 1 3 0
0 0 0 0 0
0 1 1 1 0
0 0 1 0 0
0 0 1 2 0
1 1 0 1 2
4 1 0 0 1
0 1 1 0 0
2 2 0 1 0
1 1 1 1 4
4 1 0 0 0
0 0 1 1 1
0 0 1 0 1
3 2 0 0 1
0 3 1 0 2
0 1 1 0 0
2 0 0 0 0
1 0 0 2 1
0 1 0 1 0
1 1 1 1 0
0 0 1 1 0
0 1 1 0 0
1 0 0 2 1
0 1 1 1 1
2 0 2 1 1
2 0 0 0 1
0 1 1 0 1
2 0 1 1 0
3 3 0 2 1
0 0 0 0 0
1 2 0 3 0
1 1 1 0 1
0 1 2 0 0
1 0 0 1 0
0 0 0 1 1
0 1 1 0 2
0 0 3 0 0
1 0 0 1 0
0 1 0 0 1
0 0 0 0 0
0 1 0 0 1
1 2 1 0 1
1 0 0 1 0
0 0 1 1 0
0 0 0 0 1
0 0 0 0 0
3 0 0 1 0
0 1 0 0 1
1 1 0 0 0
0 1 2 0 1
0 1 1 0 0
1 0 3 1 0
0 3 0 0 0
3 1 1 0 3
1 0 1 1 0
2 0 0 1 0
0 0 0 1 1
0 0 1 0 3
3 0 0 0 1
0 0 2 0 2
1 0 1 1 1
2 0 0 1 0
0 1 0 2 0
0 0 0 1 0
1 0 1 0 0
0 0 2 1 0
1 0 1 0 0
0 1 2 0 0
0 2 0 0 0
0 1 0 0 0
2 0 0 0 1
0 0 0 0 0
0 1 0 0 0
3 0 0 0 0
0 1 0 1 0
1 0 2 0 0
0 1 0 1 0
1 1 0 1 0
0 2 0 0 0
1 1 0 0 0
0 2 3 1 1
1 2 0 0 3
0 1 0 1 0
0 1 2 0 2
1 0 0 1 0
0 1 0 0 1
1 0 0 1 2
1 2 1 0 1
0 0 0 0 1
1 1 1 0 1
1 0 1 0 0
2 0 0 0 0
1 0 1 2 0
1 0 1 1 0
0 2 0 2 0
0 0 1 0 1
0 0 0 0 0
2 0 0 1 2
0 1 1 1 1
0 4 3 3 2
1 1 0 1 1
3 0 0 2 1
1 3 1 1 0
1 1 2 1 0
0 0 0 0 0
2 2 0 0 0
0 1 2 0 1
1 1 1 0 1
0 0 1 0 0
0 3 2 0 0
3 0 0 0 0
1 0 0 0 0
2 1 0 0 0
0 0 1 2 2
1 0 2 0 1
1 0 0 1 1
1 1 1 0 0
1 0 1 1 0
0 0 0 3 4
2 0 0 1 1
1 0 0 0 1
0 1 0 0 1
1 1 1 2 1
0 0 2 2 0
2 2 0 3 0
1 0 1 2 0
1 0 1 1 0
1 0 0 0 2
0 2 0 3 1
0 0 1 1 0
1 0 0 0 1
0 0 0 0 2
3 2 1 0 0
0 1 1 1 0
2 0 0 0 0
0 0 0 1 0
1 0 0 0 2
0 0 0 0 0
0 0 0 0 1
1 0 0 0 0
0 0 0 1 0
0 1 2 0 2
0 1 2 2 0
1 0 0 3 1
0 2 2 2 0
1 0 1 1 0
0 1 0 3 4
0 1 1 2 0
0 1 1 4 0
1 1 1 0 1
0 0 0 0 0
0 0 0 0 2
2 0 0 2 0
0 0 1 2 0
0 0 2 0 0
0 2 0 0 1
0 3 0 0 1
1 0 2 0 0
0 1 2 0 1
2 1 0 0 0
0 1 0 0 1
0 0 0 1 0
0 0 2 2 3
0 0 0 0 0
2 1 1 1 1
1 0 1 2 3
0 1 0 0 0
0 2 0 2 2
1 2 0 0 0
2 2 0 1 0
0 0 1 0 0
1 1 0 1 1
2 0 1 2 1
0 0 1 1 4
0 0 1 0 0
3 4 0 0 1
0 3 0 0 0
1 0 0 0 0
0 1 0 0 0
0 3 1 0 1
0 1 0 1 1
2 0 0 0 0
0 0 1 2 1
0 0 1 0 1
1 1 0 0 0
0 2 0 0 1
0 0 0 1 1
0 1 1 1 2
0 1 0 1 0
0 2 1 0 0
0 0 0 1 0
1 1 0 0 1
0 1 0 1 1
0 0 2 0 0
0 0 2 0 3
2 1 0 0 0
0 0 1 1 0
1 1 2 0 0
2 1 3 0 0
0 0 0 0 1
0 1 0 0 0
0 1 1 1 2
0 1 0 3 0
1 0 0 1 0
0 1 0 1 0
1 1 1 1 0
0 0 0 0 0
0 0 1 1 3
0 0 1 1 0
1 0 0 0 0
2 1 0 1 0
2 0 0 0 2
0 0 0 0 0
0 0 0 0 1
0 3 1 1 1
0 0 0 0 0
1 0 1 0 0
0 0 1 1 1
1 4 0 1 4
1 0 0 0 0
0 0 0 0 1
1 4 0 0 0
1 0 0 2 1
0 1 0 3 1
0 1 3 2 1
2 2 1 0 3
0 4 0 2 0
1 2 1 0 1
1 0 0 0 0
0 2 1 0 0
2 0 2 0 0
0 2 0 1 0
1 1 1 0 0
0 0 0 0 1
1 0 0 1 0
3 0 1 0 0
3 1 1 1 1
0 0 0 1 0
0 2 1 0 1
0 2 1 0 0
2 0 1 0 1
0 1 1 2 0
1 0 0 3 1
0 0 0 0 2
2 1 0 1 2
4 1 0 2 2
0 0 0 0 0
0 0 0 1 1
0 0 0 0 0
1 0 0 0 0
0 1 0 1 1
0 0 2 1 0
0 0 2 0 2
1 0 0 0 0
0 0 2 0 1
0 0 0 1 2
0 1 0 0 0
1 2 3 0 3
0 2 1 1 0
0 0 0 1 0
1 3 1 0 2
0 0 0 2 0
0 0 0 1 0
1 0 3 3 0
0 4 1 0 0
1 0 0 0 2
0 0 1 0 0
1 0 0 0 0
1 0 0 0 1
1 4 0 0 0
1 1 1 0 0
0 0 0 0 0
1 2 0 3 0
0 0 1 0 1
1 1 0 0 0
0 1 1 0 0
1 0 0 0 2
1 1 1 0 0
0 0 0 0 0
1 0 1 1 0
1 4 0 1 0
2 0 0 1 0
0 2 0 2 0
1 0 2 0 1
0 1 0 0 0
0 1 1 0 0
1 1 1 0 1
0 0 0 0 1
0 3 0 0 0
0 0 1 1 0
0 1 0 1 1
0 1 0 1 0
1 0 1 0 1
2 0 0 1 1
1 0 0 0 0
0 0 0 1 0
0 0 0 0 0
0 0 2 0 0
2 1 0 0 1
0 0 0 0 0
3 0 2 3 0
0 0 0 0 0
0 0 1 0 0
1 0 2 0 0
0 0 0 0 1
2 2 0 0 0
2 0 1 2 2
1 1 0 0 1
1 1 0 0 0
0 2 2 0 1
0 0 0 0 1
1 0 2 0 0
1 0 0 1 1
0 0 1 0 1
0 1 0 0 0
0 0 0 0 1
1 1 0 1 1
1 2 1 0 1
1 1 0 0 1
2 0 0 0 1
0 0 0 1 0
3 2 0 0 0
1 0 0 1 0
2 3 0 1 1
0 0 0 0 0
1 1 0 2 0
1 0 1 0 1
1 1 3 0 0
0 0 1 0 0
0 0 0 0 1
0 0 1 0 4
0 0 0 0 0
1 0 0 1 0
0 0 1 0 1
1 1 0 0 0
0 0 1 0 0
1 1 0 1 1
0 0 0 0 0
0 0 1 1 1
1 1 2 2 1
0 0 0 2 0
0 0 0 0 2
1 0 0 1 0
0 0 0 0 0
1 0 1 1 1
1 0 0 3 1
0 1 2 1 0
0 0 1 3 0
1 0 0 0 1
1 0 1 2 2
2 1 0 0 1
0 1 1 1 1
1 0 0 1 0
0 2 0 2 0
1 3 0 2 1
3 0 0 0 0
1 0 0 0 0
2 0 0 0 2
0 1 0 0 0
2 3 0 0 1
2 0 0 0 0
0 0 1 1 0
0 1 1 0 0
0 1 2 0 0
2 0 0 3 0
0 0 0 0 0
3 2 0 1 1
1 0 0 0 1
0 1 0 1 1
1 0 0 0 0
1 1 0 1 0
0 0 0 1 0
1 3 0 0 2
0 0 0 2 0
1 1 0 0 1
0 0 1 0 1
0 0 1 0 0
0 1 0 0 0
1 0 0 1 0
1 1 0 0 0
0 1 4 1 1
1 0 0 0 0
0 2 0 1 1
1 0 0 0 0
1 1 0 1 1
0 1 3 0 1
1 0 0 0 0
0 0 0 2 1
0 0 0 0 2
0 1 0 0 0
1 0 1 1 0
1 1 1 0 0
0 2 2 1 0
0 0 0 0 1
0 2 0 2 0
1 1 2 1 0
1 0 0 3 0
0 0 1 0 3
1 2 0 1 0
0 2 3 1 0
0 0 0 2 0
0 0 0 2 0
0 0 2 0 0
0 0 0 0 0
1 1 0 4 0
1 0 2 0 1
0 2 0 0 0
2 0 1 1 2
0 2 0 2 1
0 0 3 0 1
0 0 0 1 0
1 2 0 0 1
0 0 0 0 0
0 1 1 0 0
2 2 2 0 0
1 1 1 0 2
1 0 0 1 0
1 1 0 0 0
2 0 1 1 0
1 0 2 1 0
1 4 0 0 0
1 1 1 2 0
0 3 0 1 0
0 1 0 0 0
1 2 2 0 2
1 1 3 1 0
2 0 3 1 0
1 1 0 0 1
0 1 0 0 0
1 1 2 0 2
2 0 1 0 0
0 0 1 1 0
0 0 0 0 0
1 2 1 0 0
0 1 1 3 0
0 1 0 0 1
0 2 1 0 2
1 0 1 1 0
2 0 1 0 2
1 0 1 2 1
0 3 0 2 1
1 0 0 1 0
1 0 0 0 0
0 1 1 0 0
0 0 0 1 1
0 0 0 0 0
0 0 0 0 0
1 0 0 1 1
0 2 0 1 0
0 1 1 0 0
2 1 1 2 0
0 1 1 0 0
0 0 4 0 1
0 1 0 1 0
1 1 1 0 3
0 1 0 0 0
0 1 3 0 1
0 0 1 0 0
0 0 3 3 0
2 1 1 2 2
2 0 1 0 0
2 0 0 1 0
0 1 1 1 0
3 0 0 0 0
0 1 0 1 0
1 0 1 3 1
1 1 2 1 1
0 1 0 0 1
0 0 0 0 3
4 0 2 3 1
1 0 2 0 1
2 1 2 1 0
0 0 1 0 0
0 0 0 1 1
1 1 0 0 1
3 0 0 0 1
1 0 0 4 1
2 0 0 0 0
3 0 0 1 1
1 0 2 0 0
0 1 3 0 3
4 1 2 1 0
0 1 0 0 1
0 0 0 0 0
1 2 1 0 1
1 2 1 2 0
4 0 0 2 1
2 1 2 0 0
0 2 0 0 2
1 1 0 0 0
0 1 0 0 3
1 1 0 0 2
1 2 1 2 0
2 0 0 2 0
0 2 1 0 0
0 0 0 0 0
0 2 0 0 1
0 2 0 0 1
2 0 0 1 0
0 0 0 0 1
0 0 0 0 3
0 2 0 2 1
0 0 0 0 0
1 0 0 0 1
0 1 0 0 0
0 0 1 1 4
1 0 0 0 1
1 0 0 1 1
0 0 0 1 2
0 1 2 0 1
1 0 2 1 0
0 2 0 0 0
3 0 0 0 1
0 0 0 4 1
0 0 1 0 1
1 0 1 0 2
0 2 0 1 1
1 0 2 0 1
0 0 1 1 0
1 1 2 1 2
0 1 3 3 1
1 0 0 1 2
3 1 0 1 0
2 0 0 0 0
1 1 0 0 0
0 3 0 0 1
1 0 0 0 1
1 0 0 1 0
1 1 0 1 1
0 0 2 0 1
0 1 0 1 1
0 0 0 0 0
0 1 1 0 1
0 0 2 0 0
1 0 1 1 0
1 2 1 0 0
0 1 1 0 0
1 1 0 0 1
2 0 0 1 1
0 1 0 0 0
1 2 0 0 2
1 1 1 1 0
0 0 1 0 0
0 1 0 2 0
3 0 0 1 3
0 0 1 0 0
0 1 0 0 1
0 0 1 2 0
0 2 0 0 0
0 0 0 0 0
0 0 1 4 0
0 1 1 1 0
2 0 0 1 2
1 0 0 0 1
0 0 0 0 0
0 1 0 1 0
0 0 1 1 1
2 1 0 1 0
1 2 0 0 0
0 0 2 3 0
0 1 1 1 0
0 1 2 1 0
1 2 0 3 1
2 0 0 1 0
0 1 0 0 0
0 0 0 0 1
0 1 0 1 0
4 0 1 1 1
1 0 0 0 0
0 0 0 0 1
0 0 0 0 0
0 3 2 1 0
2 2 0 0 0
0 0 3 0 2
0 1 1 0 0
0 0 0 1 0
0 1 1 1 1
0 1 0 1 1
2 0 0 0 0
1 0 1 0 0
0 0 1 3 1
0 0 0 1 4
3 0 0 0 0
0 0 0 0 0
0 2 0 0 0
0 1 2 0 0
1 2 1 1 0
2 0 0 0 1
0 4 2 0 1
0 2 0 2 2
0 0 0 1 1
0 0 0 3 1
0 0 0 3 0
1 0 0 0 0
1 0 0 1 1
2 0 0 2 0
0 0 1 0 0
0 0 0 1 0
0 0 0 0 0
0 0 1 1 0
0 1 0 0 0
0 0 0 2 0
0 2 1 0 0
0 3 1 1 0
0 0 1 0 0
3 0 0 0 1
0 0 1 1 0
0 1 0 3 0
0 2 0 0 1
0 1 0 0 0
1 0 0 0 0
1 0 0 0 0
0 1 0 0 1
0 1 1 0 1
1 2 1 0 0
0 1 0 3 1
0 3 1 0 0
1 3 0 1 0
1 0 0 0 1
0 1 0 0 1
0 1 0 1 2
2 0 1 0 1
0 0 0 0 0
0 2 0 1 0
2 0 1 1 0
1 0 1 0 0
0 1 0 2 1
0 1 1 0 0
0 1 0 1 0
1 1 1 3 0
0 1 0 1 2
0 0 1 0 0
1 0 0 0 0
1 0 1 0 1
0 0 0 0 0
0 0 1 1 3
0 0 0 0 1
0 4 1 2 1
0 0 2 0 2
0 1 1 2 1
2 0 0 0 0
0 1 0 0 4
0 1 0 1 1
0 0 2 0 0
0 3 0 0 1
1 0 3 0 0
1 2 0 0 1
0 1 0 2 0
0 1 1 1 2
1 1 0 0 0
2 0 1 0 0
1 2 2 0 0
1 0 1 1 0
0 0 1 0 0
0 3 1 0 1
1 0 1 2 0
1 1 0 0 2
0 0 0 0 0
0 1 0 0 0
0 1 1 2 0
1 0 0 0 0
0 0 0 3 2
2 2 0 0 2
1 0 0 0 0
0 0 0 0 1
0 0 0 1 0
0 2 1 0 2
1 2 0 0 0
1 0 1 1 0
0 1 2 0 2
1 2 0 0 1
2 0 0 3 0
2 0 0 1 1
0 0 1 0 1
2 0 2 4 1
0 0 0 0 1
0 0 0 0 0
0 0 0 2 0
0 1 0 3 0
0 1 1 0 2
0 0 1 0 1
1 0 0 1 1
0 0 0 0 1
1 3 2 1 0
1 2 0 0 0
0 3 2 1 0
2 0 2 0 0
1 1 0 1 1
0 0 0 2 1
1 1 0 0 0
2 0 1 1 2
0 0 1 0 0
0 1 0 0 1
0 1 0 2 0
0 3 0 2 0
0 1 0 1 1
0 0 0 2 2
2 0 1 1 0
0 0 0 2 1
1 1 0 0 0
2 3 1 1 0
1 1 0 0 0
0 0 4 0 0
3 0 0 0 0
0 0 0 1 0
4 0 0 0 1
0 3 0 1 0
1 0 1 0 2
0 0 0 0 0
1 0 0 0 0
0 0 1 1 0
0 2 1 0 1
2 0 0 2 2
0 0 1 1 1
1 1 1 2 0
1 0 1 0 1
1 3 1 2 0
1 0 0 0 0
0 2 0 0 0
0 1 1 0 2
1 0 1 0 0
0 0 2 0 2
1 1 0 1 0
1 0 0 0 0
0 1 0 0 4
1 0 0 0 0
3 1 0 0 0
0 1 1 1 1
0 0 1 1 0
1 0 0 0 2
1 1 0 3 2
0 1 1 0 0
0 1 0 0 1
0 1 0 0 0
2 0 0 0 1
0 0 0 0 0
0 1 2 0 0
1 0 0 2 0
0 2 0 0 3
2 0 1 0 1
0 0 0 0 0
0 1 1 2 0
2 1 0 3 0
3 0 2 4 0
1 3 0 0 1
1 2 0 2 1
0 0 0 3 0
0 0 2 1 1
1 0 1 4 3
0 0 1 0 1
2 1 0 2 0
0 0 0 0 0
1 1 0 0 2
1 0 0 0 1
0 0 0 0 0
0 0 1 1 3
2 1 1 0 0
4 1 1 0 0
1 1 1 0 0
1 0 0 1 1
2 0 0 1 2
0 1 1 0 0
0 0 0 2 0
2 0 0 1 0
0 0 0 0 0
0 0 0 0 0
0 0 2 1 0
2 2 0 1 1
1 2 0 1 0
0 0 1 1 1
0 0 2 0 0
0 2 0 0 0
0 0 0 0 3
0 1 1 0 0
1 1 1 0 0
0 0 0 1 2
0 0 3 1 2
2 1 0 0 0
0 0 0 0 1
0 0 0 0 3
0 0 0 3 0
0 0 0 1 1
1 1 0 0 0
0 0 0 0 0
1 1 0 0 0
0 0 3 1 0
1 0 1 1 0
0 0 0 0 0
3 2 0 2 1
1 0 0 1 0
0 1 0 2 0
1 2 1 1 0
0 1 0 1 0
0 0 2 0 0
0 0 1 0 0
0 0 0 2 1
0 0 1 2 0
1 1 2 0 4
0 0 1 1 3
2 1 0 0 0
0 1 1 1 1
1 3 0 0 0
0 2 1 0 1
0 1 1 0 0
0 0 0 0 3
0 1 0 1 0
0 0 0 1 1
0 0 2 0 1
0 0 1 1 0
0 1 0 0 0
0 0 2 0 1
1 0 0 2 0
1 0 0 0 0
0 0 0 0 0
1 1 1 0 0
0 1 0 0 1
0 3 1 0 0
0 0 1 1 2
0 0 1 1 0
1 0 0 0 0
0 1 0 0 0
0 0 1 0 0
1 1 0 0 0
3 2 2 0 0
0 1 1 1 0
0 1 0 0 1
2 1 2 0 0
1 2 0 2 0
1 0 0 2 1
1 1 0 1 0
0 3 1 0 0
0 1 0 0 2
3 1 1 0 0
0 2 3 0 2
3 0 0 0 0
0 2 0 0 3
1 1 0 0 4
0 0 0 0 1
2 4 1 0 1
0 0 0 0 0
0 0 0 1 2
0 0 1 1 1
0 0 0 0 0
0 0 0 0 1
1 0 2 0 2
0 0 1 0 0
1 1 1 0 1
1 0 1 0 0
3 0 0 2 1
0 2 0 0 1
0 0 0 2 1
0 0 0 0 1
0 1 0 0 0
0 0 1 0 0
0 0 2 1 1
1 1 0 1 0
0 0 0 4 1
1 1 2 2 2
0 0 0 0 1
0 1 0 0 0
1 0 0 0 0
0 0 0 1 0
0 0 1 1 0
1 1 0 2 1
0 0 0 0 0
0 0 0 0 0
0 1 0 0 0
0 1 1 2 1
2 0 0 2 2
0 3 0 0 1
0 0 0 2 0
1 0 0 1 0
0 2 1 0 2
1 1 2 0 1
0 1 2 1 0
0 0 3 0 1
1 0 1 1 1
1 3 0 2 0
0 1 0 0 0
0 1 1 0 2
0 0 1 1 1
1 0 0 2 2
1 1 0 1 0
0 4 0 4 0
0 0 0 0 1
0 0 3 1 0
0 0 4 0 0
0 1 0 0 0
0 2 1 0 2
0 0 1 0 0
1 0 1 3 0
0 0 2 1 0
0 4 1 1 1
0 0 1 0 3
0 0 0 0 1
2 1 1 2 0
1 0 0 2 2
0 0 0 0 4
0 1 0 0 0
1 0 2 1 2
0 0 1 2 2
2 1 0 0 0
1 0 2 2 1
3 0 0 1 0
0 0 0 2 0
1 0 1 0 1
2 0 1 3 2
1 0 2 1 0
0 0 0 0 0
0 0 1 0 0
0 2 1 0 0
0 1 0 0 1
2 0 1 0 1
0 1 0 1 0
0 3 1 3 1
0 0 2 0 0
1 0 1 0 4
0 0 1 0 1
0 2 1 3 0
0 0 0 1 1
2 0 2 0 1
1 0 1 0 2
0 1 1 3 1
0 1 2 0 1
0 2 0 0 2
0 3 0 0 0
1 0 2 2 0
2 1 0 0 0
1 0 0 0 1
1 0 0 0 1
0 0 3 2 1
1 2 2 1 1
2 0 1 0 0
0 0 1 0 1
0 0 0 0 0
1 0 0 1 0
0 0 0 1 1
1 1 0 2 0
0 0 2 1 0
1 0 0 0 0
1 1 0 0 0
0 1 0 0 2
1 0 0 0 0
2 0 3 0 0
0 1 0 0 1
1 3 1 1 1
0 2 1 1 2
0 0 2 1 0
2 0 1 1 1
0 0 2 0 0
0 1 0 0 3
2 1 0 0 0
2 1 1 1 0
0 2 1 0 1
0 1 1 0 0
1 0 0 1 0
3 0 0 2 1
0 0 1 1 1
1 0 0 0 0
0 0 0 1 1
3 1 0 0 0
0 2 1 0 0
0 0 1 2 1
0 0 0 0 1
0 2 0 1 0
0 0 0 1 1
1 0 2 0 1
0 2 1 0 0
0 1 2 0 1
0 3 0 3 0
0 0 1 1 0
1 1 0 0 0
1 2 1 0 1
0 0 0 0 1
0 1 1 0 0
2 1 0 0 0
0 2 0 1 0
0 1 0 0 3
1 0 0 1 2
0 0 1 1 0
0 1 0 0 1
0 1 0 0 1
2 0 0 0 2
1 0 0 0 0
0 1 0 0 1
2 0 1 1 0
3 2 0 1 1
0 1 0 0 1
2 0 0 1 0
2 2 1 0 0
0 0 0 1 0
0 0 0 1 1
0 1 1 0 0
0 0 0 1 4
1 0 0 1 0
0 1 1 1 0
0 0 0 0 0
2 0 0 0 1
0 0 0 0 0
2 0 1 0 1
1 0 0 1 0
0 2 2 1 0
0 1 1 0 1
2 0 0 1 0
1 0 0 0 1
0 0 1 3 2
0 0 1 1 0
1 0 0 0 0
2 2 0 0 0
0 0 0 1 0
0 0 0 0 1
0 1 0 1 1
1 0 1 0 0
0 4 1 1 1
1 0 1 2 1
1 1 2 1 0
1 0 2 0 0
0 0 0 0 0
2 2 0 0 2
0 0 1 1 1
2 0 2 0 1
0 2 0 1 0
0 0 1 0 1
1 0 0 1 0
0 3 0 0 0
0 1 0 0 2
0 0 0 1 1
0 1 0 0 1
1 3 0 0 3
0 0 0 0 0
1 1 0 0 0
1 1 1 0 2
0 1 2 1 0
0 1 2 3 0
2 0 2 0 0
0 0 0 2 1
0 0 0 0 0
0 0 0 2 0
0 0 3 0 1
0 0 2 1 0
1 0 0 1 1
0 0 0 0 2
0 1 1 3 2
1 1 1 1 2
1 1 2 1 0
0 0 0 0 0
3 0 1 0 0
1 0 0 1 0
0 1 2 1 2
1 1 1 0 0
3 0 0 0 0
1 1 0 0 0
0 0 0 0 0
0 1 0 0 0
0 0 1 0 0
3 2 2 0 0
0 0 0 0 1
0 0 0 0 1
0 0 0 1 0
1 0 0 1 0
3 0 0 1 0
1 0 2 0 0
0 0 1 0 0
1 0 0 1 0
0 0 0 0 0
1 0 1 0 0
2 0 0 1 1
0 0 1 0 2
1 0 0 1 2
0 1 1 2 1
1 0 1 0 2
3 1 0 1 0
1 2 0 0 1
1 0 0 1 0
0 3 0 1 0
0 3 0 0 1
0 1 0 1 0
1 0 0 1 0
1 0 0 2 0
1 2 0 0 0
0 2 0 0 0
0 0 2 0 0
0 1 2 1 0
2 1 0 3 0
0 1 2 2 0
1 1 1 1 1
1 0 0 0 1
0 0 0 0 0
2 0 0 0 2
3 0 0 0 2
1 0 0 0 1
0 0 0 0 0
2 0 0 0 0
0 1 1 0 1
1 0 1 2 0
0 1 0 1 0
0 0 0 0 0
0 0 0 1 1
0 0 0 0 0
1 1 1 1 0
0 0 0 2 1
0 0 0 0 1
0 0 0 1 1
0 0 3 2 2
0 0 0 0 0
3 2 1 0 0
1 0 2 0 0
3 1 2 0 1
0 1 2 1 0
0 2 3 0 0
1 0 0 0 2
3 0 0 0 0
0 1 0 1 0
3 1 0 1 0
0 1 1 0 0
0 1 1 0 0
0 0 0 1 0
1 0 2 0 0
0 0 2 1 0
0 1 1 0 0
1 0 2 0 0
0 0 0 0 1
3 0 0 0 0
1 0 0 0 0
0 2 1 1 1
1 0 0 1 0
0 0 1 2 0
1 0 0 0 0
0 0 1 0 0
0 0 3 0 4
0 2 1 1 3
1 0 0 3 0
1 0 2 1 0
1 1 0 0 0
3 1 1 1 0
0 2 2 4 1
0 0 1 0 0
0 0 0 0 0
1 3 0 1 0
2 0 1 0 0
0 2 0 1 2
0 2 2 0 3
2 0 0 1 0
0 1 0 1 0
0 1 1 1 4
1 0 0 1 0
1 0 0 2 0
1 0 1 3 2
1 2 0 0 1
0 0 0 0 1
0 1 1 0 0
0 1 0 0 1
2 0 0 0 3
0 4 0 0 1
2 1 1 0 2
0 2 1 0 0
0 1 0 0 0
0 0 0 2 1
0 1 1 1 0
0 1 0 1 0
0 0 1 0 1
1 0 2 1 0
0 1 0 1 0
2 3 0 0 1
0 4 0 0 0
1 0 1 0 0
1 0 1 0 0
1 0 0 0 2
0 0 0 0 0
1 0 0 1 0
1 0 0 1 2
0 3 0 1 1
2 0 1 1 1
0 0 0 0 0
2 0 0 1 1
1 2 0 0 0
0 0 0 0 2
0 0 0 1 0
0 0 0 0 2
0 2 0 1 1
0 0 1 1 1
1 0 0 1 0
0 0 0 0 0
1 0 2 2 0
0 0 2 0 4
0 1 0 0 1
1 1 0 0 1
0 2 1 0 1
0 2 3 1 1
1 1 1 1 1
0 0 2 0 1
0 1 0 0 2
0 0 1 1 0
1 2 1 2 1
1 1 0 1 1
3 1 0 0 0
0 1 1 0 0
3 2 0 0 0
0 0 3 0 0
0 0 0 0 0
1 1 1 0 2
1 1 1 0 0
1 1 0 0 1
0 1 0 0 2
2 0 2 0 2
0 1 0 0 0
0 1 0 0 1
0 1 0 0 1
1 0 3 2 0
0 1 0 0 0
0 0 0 1 0
1 0 1 0 2
1 0 3 0 0
1 2 0 0 0
1 1 1 0 0
0 2 1 0 0
0 1 1 0 3
0 2 0 1 2
2 0 0 0 0
0 3 2 1 0
0 1 3 0 0
0 0 0 1 0
2 2 1 0 0
0 0 0 2 4
1 0 2 0 1
2 2 1 1 1
0 1 0 1 1
0 0 0 1 3
0 1 0 2 0
0 0 0 0 0
1 0 1 2 2
1 0 0 1 0
1 0 0 0 0
0 0 0 0 0
1 1 0 0 1
2 0 0 0 1
1 1 0 0 0
0 4 0 0 0
0 1 1 3 2
1 2 0 4 1
1 1 0 0 1
0 0 0 1 0
0 1 1 0 0
1 1 0 2 1
1 0 2 1 0
2 0 0 1 0
1 1 0 1 2
0 0 0 1 0
2 0 2 1 0
0 2 0 0 0
0 2 0 1 2
0 0 1 0 2
1 1 1 0 0
1 0 0 1 1
0 1 0 0 0
0 0 0 1 0
0 0 0 2 0
0 1 1 0 0
0 0 3 1 0
1 0 0 0 1
0 0 0 0 3
1 0 0 2 1
2 1 0 0 0
0 0 0 1 0
0 0 0 1 1
0 0 1 1 0
3 2 0 1 3
1 0 0 0 0
0 0 0 0 0
0 0 1 0 0
0 1 1 1 0
0 0 0 3 1
0 0 0 0 0
1 3 1 0 0
0 0 1 2 0
1 3 2 1 0
1 1 1 0 0
2 0 2 1 0
0 0 0 0 0
0 0 0 2 0
0 0 1 0 0
2 0 0 2 0
0 2 0 2 0
0 0 0 1 1
2 1 0 0 0
0 0 2 3 0
1 1 0 0 0
0 0 0 0 2
0 1 2 0 0
0 0 0 0 0
0 0 0 0 0
1 0 0 1 0
1 1 0 2 1
3 1 0 2 0
1 2 0 0 1
1 0 3 1 0
0 1 0 0 0
0 1 0 0 0
1 0 1 1 1
3 0 3 2 1
0 0 0 0 0
0 0 0 0 1
1 1 3 0 0
2 0 3 0 1
1 1 0 0 1
0 1 1 0 1
0 0 0 0 0
4 1 1 0 0
1 1 1 0 0
0 0 0 4 1
1 0 0 0 0
0 0 0 0 0
2 1 1 0 0
1 0 0 0 0
0 0 1 1 2
0 0 0 0 0
0 0 0 0 0
2 0 0 1 1
1 2 1 0 0
2 1 2 1 0
1 0 0 0 0
1 1 2 0 2
0 0 0 2 2
1 0 0 0 0
1 0 1 0 2
1 0 0 0 2
0 0 1 0 0
1 0 1 3 1
2 2 0 0 0
2 3 2 3 1
0 1 1 0 0
1 1 0 1 3
0 0 1 1 0
0 0 0 0 0
1 0 1 0 1
0 1 1 1 0
0 1 1 0 0
1 0 2 1 0
0 0 1 0 0
1 1 0 0 0
0 0 1 0 2
0 1 1 0 1
1 1 1 0 3
0 4 1 1 0
1 0 0 1 0
1 1 1 0 2
2 0 0 0 0
1 0 2 1 1
0 1 0 3 0
0 1 2 1 1
2 0 0 2 0
0 0 0 2 0
1 0 0 0 2
0 0 0 4 3
0 3 0 0 0
0 0 1 1 0
0 1 0 0 0
2 0 0 2 1
0 0 2 2 1
0 1 2 0 1
0 0 0 3 0
0 0 0 1 2
0 1 0 0 0
0 1 0 2 1
2 2 0 0 0
3 0 0 1 3
2 1 2 3 2
0 1 0 0 2
2 3 0 2 0
0 0 0 0 0
1 0 0 0 0
0 0 0 0 0
0 0 0 0 0
1 1 0 1 0
0 1 0 0 2
1 2 0 1 0
0 1 1 3 0
1 0 0 0 0
0 0 0 0 1
1 1 1 2 1
0 0 1 1 0
0 0 0 0 0
2 1 1 0 0
0 0 1 0 0
0 0 1 0 1
0 0 1 0 0
0 0 0 0 0
2 0 1 0 4
3 0 1 1 0
0 1 0 0 1
0 0 1 1 0
0 1 1 0 1
1 3 0 1 0
0 2 0 0 2
2 0 0 0 0
0 0 0 1 0
0 1 0 2 0
1 1 1 1 2
1 0 1 1 3
0 2 0 2 2
0 1 3 3 0
0 0 0 0 0
1 0 0 0 0
4 0 0 1 1
0 0 0 0 0
0 3 1 1 2
0 0 2 0 3
0 0 0 0 3
4 0 1 1 0
1 1 0 1 0
1 0 1 0 0
1 1 1 1 2
3 0 0 0 2
0 2 0 0 0
1 1 1 2 0
0 2 0 1 1
0 0 0 1 0
0 0 0 1 0
2 1 1 0 2
1 0 0 1 1
0 1 1 3 0
0 1 0 1 1
1 0 0 1 1
0 1 0 0 0
1 0 1 1 1
2 0 0 0 1
3 0 0 1 0
0 0 0 1 0
2 0 0 0 2
0 1 1 0 1
1 0 1 0 3
2 0 1 0 0
1 3 0 0 0
1 1 1 2 0
0 0 0 2 2
0 1 0 0 1
0 1 0 0 2
0 0 1 2 0
0 0 1 3 3
1 1 4 1 0
2 0 0 3 1
0 0 0 0 1
0 2 2 0 0
1 0 0 1 1
0 0 1 0 0
2 1 0 0 0
0 0 2 1 1
0 0 0 0 2
0 0 2 1 1
0 0 0 1 0
0 0 1 0 0
0 2 0 0 0
0 0 0 0 0
4 0 0 0 1
1 0 1 0 0
0 3 1 1 0
0 1 0 0 0
1 0 0 1 0
0 2 1 0 0
2 1 0 0 0
1 2 0 2 0
0 1 0 0 1
0 0 1 0 1
1 0 0 3 0
1 0 1 1 1
0 2 1 0 2
0 1 2 1 0
1 0 0 1 2
0 1 2 0 0
1 2 3 1 0
0 0 0 1 1
1 1 0 0 1
0 2 2 2 1
0 0 0 1 0
1 1 0 2 2
0 1 1 0 0
1 1 1 0 1
0 0 1 0 1
2 1 1 0 1
1 2 2 0 1
0 0 1 1 1
1 2 0 0 0
1 0 0 0 0
0 2 0 0 0
0 0 3 0 1
0 0 0 0 1
1 0 0 0 2
1 1 1 0 1
1 0 0 1 1
1 1 3 1 3
1 1 2 1 3
1 0 0 1 1
0 1 0 0 0
0 0 3 0 1
1 1 0 0 0
1 0 0 4 1
2 1 0 0 1
0 0 1 0 0
1 1 1 0 0
0 0 0 0 0
0 1 0 0 1
0 0 1 3 0
0 0 1 0 0
1 0 0 1 0
4 3 0 0 1
0 1 2 1 0
0 0 2 0 2
0 0 0 0 0
2 0 0 0 0
0 1 0 2 0
2 0 1 0 1
3 1 1 0 0
1 1 1 1 1
1 2 0 4 0
0 1 1 0 1
1 1 1 1 0
2 0 1 0 0
0 0 1 0 0
2 0 0 1 0
0 0 2 0 0
1 0 0 1 1
1 0 0 1 0
0 1 0 0 0
0 1 2 0 0
1 0 0 0 3
1 0 0 0 0
0 1 1 2 1
2 1 1 0 0
1 0 0 1 0
2 0 0 0 0
0 1 0 1 1
0 0 0 2 0
0 0 1 1 0
0 0 1 0 2
1 1 0 0 0
0 0 1 0 0
0 0 0 0 0
1 0 1 0 0
0 1 1 0 0
1 0 0 1 0
0 0 1 0 0
0 0 0 3 2
1 0 0 0 0
1 0 0 0 0
0 1 1 1 0
0 0 4 1 0
1 0 0 0 0
2 0 1 1 0
0 0 0 1 0
0 1 0 0 0
1 1 2 0 0
0 1 1 0 1
1 1 1 2 0
0 0 0 1 0
0 0 0 3 1
1 2 0 0 0
1 0 0 0 0
2 0 1 2 2
0 0 0 0 0
1 1 0 0 0
0 0 0 1 0
2 1 1 1 0
0 0 0 3 1
0 0 0 2 0
0 0 0 1 1
0 0 1 0 0
0 0 1 1 0
0 0 0 0 2
1 1 1 2 0
0 0 0 0 0
1 1 2 0 0
0 1 0 0 0
0 1 2 1 0
0 1 0 1 0
1 0 2 1 1
0 0 3 0 1
0 0 0 1 0
0 1 0 0 3
0 0 0 0 0
1 0 2 0 0
0 1 0 0 3
0 0 1 1 0
0 1 0 0 0
0 0 0 0 0
0 0 1 0 1
0 1 0 0 2
0 3 0 0 0
0 0 0 0 0
2 0 0 1 0
3 0 0 0 1
0 0 2 1 0
0 1 0 0 1
1 0 0 0 1
0 0 1 1 1
2 0 1 0 0
3 0 1 0 1
1 1 0 2 1
0 0 0 0 0
0 1 0 0 0
2 0 0 0 2
0 0 0 0 1
0 0 0 2 0
1 1 1 0 2
0 0 1 0 1
0 0 1 0 1
0 0 1 1 1
0 0 1 1 0
1 1 1 1 2
1 0 0 0 1
0 1 1 0 0
0 0 0 0 0
0 1 0 0 1
3 2 0 0 0
2 2 0 0 0
1 1 1 1 0
4 0 1 0 1
0 0 0 0 1
1 0 2 0 0
0 3 0 1 1
0 0 0 0 0
0 1 1 1 2
1 1 0 1 2
1 0 2 1 0
1 0 1 2 0
0 0 0 3 2
0 0 2 1 0
0 0 2 1 0
0 1 1 2 0
1 1 1 1 0
0 1 0 0 2
0 0 0 0 1
2 0 0 0 1
1 2 1 0 0
0 1 0 1 1
1 0 0 1 0
0 0 1 0 0
0 1 3 2 0
0 0 0 2 0
0 2 0 3 1
0 0 0 1 2
1 2 0 1 1
2 1 1 1 1
0 1 1 0 4
2 0 0 2 0
0 0 0 0 0
0 0 0 0 0
0 0 0 0 2
0 0 0 0 0
1 0 1 0 0
0 0 0 1 0
0 2 0 0 0
3 3 1 1 0
1 0 2 0 1
0 1 0 0 2
1 1 1 0 1
0 2 0 2 0
0 1 0 2 1
0 0 0 2 1
2 0 0 0 2
0 0 0 0 0
0 1 1 3 1
1 0 0 0 0
0 0 4 0 0
1 0 1 0 1
2 0 1 1 0
1 2 0 2 0
0 1 1 0 0
0 1 0 0 2
2 1 1 0 0
0 0 0 0 0
1 2 1 1 1
0 2 0 0 2
2 1 1 2 0
0 0 0 0 2
0 0 0 0 1
1 0 0 0 2
3 1 0 0 0
0 0 0 3 0
0 2 0 2 0
0 1 2 0 0
1 1 2 0 0
1 0 0 0 0
1 1 0 0 0
0 1 0 0 2
0 2 0 0 1
0 1 0 0 1
1 0 0 0 0
0 0 0 0 0
4 1 1 0 1
0 3 1 0 0
0 0 0 0 0
1 1 0 3 0
0 0 0 0 1
1 1 2 0 0
1 1 1 0 2
3 1 1 0 0
0 1 1 0 0
0 1 1 0 0
3 1 0 1 0
0 1 1 2 0
0 0 0 3 1
0 1 0 1 0
0 0 0 0 1
1 1 1 0 0
0 3 0 1 1
0 0 1 1 2
0 2 0 0 1
1 1 0 0 0
2 2 1 0 0
0 0 0 0 0
0 0 3 1 1
0 0 2 0 0
1 1 0 0 3
1 0 3 1 0
1 2 1 0 0
0 0 1 1 1
0 1 0 0 0
0 0 0 0 0
1 0 3 3 0
0 2 0 0 0
1 0 0 1 2
3 0 0 1 1
0 0 1 1 0
1 0 0 0 0
0 3 0 0 1
2 0 0 1 1
1 0 1 0 4
2 0 1 0 0
2 1 1 2 0
0 0 0 1 2
1 0 1 0 0
1 0 0 1 0
0 2 0 0 0
1 0 0 0 2
3 0 1 0 2
1 0 0 1 0
0 0 4 3 1
1 1 0 0 2
0 2 0 0 0
0 0 0 2 1
0 0 1 0 0
0 0 1 0 0
0 1 0 0 0
1 0 0 0 1
2 1 0 1 2
1 0 0 0 0
1 0 1 2 0
2 1 0 0 0
1 2 1 1 1
0 0 0 0 0
2 0 2 0 0
1 1 0 2 0
1 3 0 2 0
0 1 0 2 0
1 4 1 0 2
0 3 1 0 0
0 1 0 0 0
0 0 1 0 1
1 1 1 0 1
0 0 0 0 0
2 2 0 0 0
0 0 3 0 1
0 0 0 0 1
0 1 0 1 0
0 3 0 4 0
0 0 0 0 0
2 1 1 0 0
1 0 0 0 1
0 1 1 0 0
1 0 2 0 2
0 3 2 0 1
0 1 0 0 1
0 0 0 0 2
0 0 1 0 0
0 1 1 0 0
0 0 0 2 0
0 2 0 0 0
0 2 0 0 2
0 0 0 2 0
1 0 1 2 1
0 1 1 3 0
0 0 0 0 0
1 1 0 0 0
0 1 1 1 1
0 1 0 0 1
1 1 0 0 0
0 2 0 2 0
0 1 1 1 0
0 2 0 0 0
0 1 0 0 0
0 3 0 0 1
0 0 0 1 1
0 1 0 0 0
1 2 0 0 0
0 4 1 1 0
2 1 2 0 0
1 2 2 1 0
1 1 0 1 1
0 0 2 3 1
0 0 1 2 0
0 1 0 0 0
0 2 0 0 1
0 0 1 0 0
0 0 0 1 1
1 2 0 0 0
0 2 0 0 0
0 3 1 4 0
0 0 1 1 0
0 2 1 0 1
0 1 0 0 0
2 0 1 1 1
2 0 1 2 1
1 1 0 0 1
1 1 0 0 1
0 1 1 3 0
1 0 1 0 0
0 0 0 0 0
1 0 0 1 2
0 0 2 1 0
1 0 0 0 1
0 0 0 0 0
1 0 1 2 1
0 1 0 1 1
1 0 0 2 1
0 1 0 1 0
0 0 0 0 1
1 0 1 0 0
0 0 2 0 0
1 0 1 0 0
0 0 0 1 1
0 0 0 1 2
0 1 1 1 0
1 0 0 0 2
0 0 0 1 0
1 0 0 0 3
1 2 1 0 0
1 0 0 0 1
0 1 0 0 2
1 1 1 2 0
0 0 0 3 1
0 0 1 1 1
1 0 1 0 0
0 0 3 2 0
1 1 0 0 1
0 0 1 0 1
1 0 3 3 0
0 0 3 1 0
0 2 0 0 0
1 1 1 2 0
0 0 1 1 0
1 0 2 0 0
2 1 1 2 0
1 0 0 1 1
0 0 0 1 1
1 0 1 0 1
0 0 0 1 0
0 0 0 0 0
0 1 0 3 1
0 4 0 0 0
0 0 0 1 0
0 3 2 0 1
0 0 0 0 0
0 0 0 0 0
0 0 0 0 1
1 0 0 0 0
0 1 0 0 0
3 2 0 2 1
0 0 0 1 2
0 0 1 4 2
0 0 0 0 1
0 0 2 1 0
0 1 0 3 1
1 0 1 2 0
2 1 1 0 0
0 1 0 1 1
0 0 1 0 1
1 2 4 1 1
0 0 0 0 1
0 0 0 0 1
1 1 0 0 2
2 1 2 0 0
2 1 1 3 1
0 1 0 1 1
0 0 3 1 3
1 1 0 0 0
0 0 0 0 0
0 0 1 0 0
0 0 0 1 0
0 2 4 1 0
0 0 0 1 0
1 1 1 2 0
0 3 0 0 0
2 1 0 1 0
0 0 1 1 0
0 2 0 0 1
1 3 0 0 0
0 1 2 0 1
1 2 0 1 1
1 2 0 1 4
0 0 0 1 2
1 2 2 1 0
0 0 0 1 1
1 0 1 2 0
4 0 1 1 0
0 4 0 1 0
0 2 1 0 0
0 0 1 0 0
0 1 0 1 0
2 0 0 2 0
0 3 1 1 0
2 1 0 0 0
0 4 0 1 2
0 1 0 3 2
0 3 1 0 0
0 0 0 0 0
0 1 2 0 0
0 0 1 0 0
2 1 2 0 0
0 2 0 0 1
1 2 0 0 0
1 0 1 1 2
1 0 0 3 0
2 0 0 0 0
0 1 0 0 2
0 1 2 1 1
1 0 0 1 0
0 0 0 0 0
2 1 1 0 0
0 2 0 0 1
0 1 0 0 1
0 1 2 0 2
0 1 1 1 0
0 0 1 0 0
0 0 0 0 1
3 0 0 0 0
0 0 0 1 1
0 1 1 4 0
1 1 0 1 1
0 0 0 1 2
1 1 1 0 2
1 0 1 3 1
4 1 0 0 0
1 0 0 2 0
1 0 1 0 1
0 0 0 0 0
0 0 0 0 1
0 0 1 2 0
1 0 0 0 0
1 0 1 0 0
0 0 2 3 0
0 0 0 1 2
0 0 1 1 0
0 0 1 0 0
0 0 1 0 2
0 0 1 0 0
0 0 1 1 2
0 1 0 0 1
1 2 0 0 0
0 0 0 1 0
1 3 0 1 1
0 2 2 1 0
3 1 1 0 2
1 1 1 0 1
1 0 0 1 0
1 1 1 0 0
1 0 1 0 0
0 0 1 2 0
3 1 1 2 0
0 1 0 0 0
1 1 1 0 0
0 1 0 0 1
0 1 1 1 0
0 0 1 1 1
1 1 2 1 1
0 0 1 0 1
0 0 0 1 0
1 0 2 1 0
0 1 2 0 0
2 2 0 0 2
0 0 0 1 1
0 0 1 3 0
1 2 0 0 0
0 0 0 1 1
1 1 0 0 0
2 1 0 0 0
0 0 1 2 0
0 1 2 0 1
0 2 0 0 3
1 0 2 2 0
0 0 0 1 0
0 0 0 0 0
0 1 1 0 1
0 0 0 0 0
1 1 0 3 3
0 0 0 2 2
0 2 0 0 0
1 1 1 1 0
2 2 1 0 0
0 0 1 2 0
1 0 0 1 2
0 2 0 0 1
3 1 1 0 1
0 0 1 1 0
1 0 2 1 0
0 0 0 0 0
0 0 1 1 1
0 0 1 0 1
0 1 1 0 1
0 0 0 0 3
1 0 0 0 0
3 0 1 0 0
1 0 2 1 1
2 0 1 0 4
0 1 0 0 0
0 1 1 0 0
1 1 1 0 0
0 0 0 1 0
0 1 0 0 1
0 1 1 1 1
1 2 4 0 1
2 1 0 2 0
0 1 1 1 0
0 0 0 1 3
0 1 1 3 0
1 1 2 3 0
0 2 1 0 0
0 0 0 0 1
1 1 0 0 0
0 0 1 1 1
3 1 2 0 0
4 0 0 4 3
0 0 0 0 3
1 1 0 0 0
0 0 1 0 0
1 1 1 0 1
0 0 0 0 0
0 1 2 0 0
0 0 0 0 0
0 0 2 0 0
0 0 0 3 0
0 0 1 0 2
2 0 2 2 1
0 1 0 0 0
0 0 1 0 0
1 4 0 3 3
1 0 0 1 2
0 3 0 1 0
0 0 1 0 0
0 0 0 1 3
0 1 1 0 3
0 0 4 0 0
1 0 1 0 1
0 1 0 0 1
1 1 1 0 1
1 0 1 0 0
1 0 0 0 1
1 0 1 0 2
3 1 0 0 0
0 1 0 0 0
1 0 0 1 0
0 0 0 0 1
0 1 0 2 0
0 2 0 0 1
0 1 1 0 1
0 0 2 0 0
0 0 1 0 1
0 1 2 1 1
1 0 0 1 0
2 2 0 2 1
2 1 0 1 0
0 0 1 1 1
1 0 2 2 1
1 2 0 0 0
0 0 2 1 0
1 0 1 0 1
1 1 0 1 0
0 0 0 0 2
0 0 1 0 0
0 0 0 0 0
3 0 3 1 0
1 1 1 0 1
0 0 0 0 3
0 1 0 2 1
0 1 1 0 1
1 0 1 1 0
0 1 0 3 0
0 0 0 2 0
3 0 0 0 0
0 0 0 1 2
1 1 1 0 0
1 0 0 0 1
2 0 0 0 3
0 0 0 0 0
1 0 0 1 0
1 0 0 0 0
0 1 1 0 3
0 3 1 1 1
0 0 0 0 2
0 0 1 0 0
0 1 1 0 1
1 2 0 0 1
1 0 0 0 2
1 1 1 0 0
3 0 0 1 0
2 1 0 0 0
0 0 0 1 0
2 1 0 3 1
0 0 3 1 0
0 0 0 0 1
0 1 0 1 1
0 3 0 2 1
2 0 0 0 3
2 0 1 1 0
1 3 0 0 0
0 1 0 1 0
3 0 1 1 2
1 0 0 2 1
1 0 1 2 1
0 2 0 0 0
0 0 0 1 1
0 0 0 0 0
0 0 0 0 1
1 2 0 0 1
1 1 1 0 0
1 1 1 0 0
2 1 0 0 1
1 0 0 0 0
0 0 0 1 1
1 1 0 0 1
2 0 0 1 1
1 0 1 0 0
0 3 0 1 1
0 0 1 0 0
1 2 0 0 1
1 2 0 0 0
1 2 0 1 2
1 0 0 2 2
0 0 1 0 0
1 0 0 1 0
2 0 1 0 0
2 0 1 1 3
1 0 0 0 0
1 0 1 3 0
0 1 3 2 0
0 0 2 1 0
1 1 4 0 0
0 0 1 1 1
0 2 2 0 0
3 1 2 0 3
1 2 1 0 2
0 3 0 0 0
0 0 1 0 0
0 0 3 0 0
0 0 1 2 0
1 0 0 3 0
0 0 0 4 0
0 0 2 1 2
0 1 0 0 1
0 0 0 0 0
0 1 2 0 0
1 0 0 0 0
0 1 0 0 1
0 1 1 0 1
0 0 0 1 0
0 0 0 1 0
0 0 0 0 0
0 0 0 4 0
1 0 0 0 0
1 1 0 0 0
0 1 0 1 0
1 0 0 0 0
0 0 1 0 0
0 1 0 0 2
0 3 1 2 0
2 0 0 1 0
0 2 1 0 0
1 2 1 2 1
0 1 0 2 1
1 0 0 2 1
0 0 0 0 0
0 0 0 0 1
0 0 1 1 1
3 0 0 0 0
2 0 1 2 1
0 1 0 0 0
1 2 0 0 3
1 1 0 0 1
0 0 2 0 0
0 0 0 0 1
1 0 2 3 0
1 1 0 1 1
0 1 0 1 0
0 0 0 0 0
0 2 1 0 0
1 2 1 2 1
0 1 0 2 0
1 0 0 0 0
0 0 1 1 1
0 0 1 3 1
0 2 2 0 3
2 2 1 0 0
0 0 0 1 1
0 0 0 0 0
0 0 1 1 0
2 2 2 0 0
0 0 1 0 0
0 0 1 0 0
0 0 0 0 2
0 1 2 0 0
1 0 1 0 0
1 0 2 2 0
2 0 0 0 0
0 0 1 2 0
0 0 0 0 0
1 1 0 3 0
1 0 0 0 0
2 0 0 1 2
0 0 0 0 2
2 2 0 0 0
1 1 1 4 0
2 0 0 0 1
1 2 2 0 1
0 1 1 0 1
0 2 1 1 1
2 0 1 1 0
0 0 1 1 0
1 0 0 0 0
1 1 0 0 1
1 0 1 0 1
1 1 1 2 1
1 0 0 1 1
0 0 0 1 2
0 1 1 0 1
0 1 1 1 0
0 1 0 3 0
1 1 0 1 0
2 2 0 0 1
2 2 0 0 1
2 1 0 0 0
1 0 0 0 1
0 0 0 4 2
1 1 2 0 1
1 1 1 1 0
2 0 0 0 0
0 0 3 0 0
0 0 1 0 2
0 2 0 0 0
0 0 0 0 2
0 1 1 0 0
0 0 1 0 0
2 0 1 1 1
0 2 0 0 2
1 0 0 0 1
0 0 0 1 2
2 1 0 0 1
0 1 0 1 0
0 1 1 1 2
2 0 3 2 0
1 0 0 0 0
2 0 1 1 0
0 1 1 2 1
0 0 0 0 1
0 0 0 1 0
1 2 0 0 2
0 0 0 2 0
0 2 0 0 1
0 0 0 0 0
0 0 0 1 0
0 0 0 1 0
1 0 1 1 0
0 3 0 0 0
0 0 0 0 1
0 0 0 0 0
2 0 0 0 0
0 1 0 0 4
2 1 1 1 0
3 0 0 2 0
0 0 2 0 0
1 0 1 0 0
0 2 0 0 1
0 2 1 0 1
2 0 0 2 0
0 0 0 0 0
4 0 2 0 2
0 0 0 0 0
1 0 1 0 0
0 1 0 0 1
1 0 2 1 0
2 0 0 0 1
0 1 0 1 2
1 1 0 1 2
0 0 0 0 1
1 0 0 1 2
0 1 0 3 0
2 0 0 1 0
1 0 0 0 0
1 1 0 2 1
1 1 1 0 1
0 1 1 0 0
0 1 0 4 0
0 0 0 0 0
0 0 2 2 3
1 0 0 0 0
3 3 0 0 1
1 0 0 1 0
0 0 1 1 0
0 2 1 0 0
2 0 0 0 0
1 0 1 1 1
0 0 0 1 0
0 1 0 0 0
0 0 0 1 0
0 0 0 1 0
2 0 0 0 0
0 0 0 0 0
2 0 0 0 1
0 0 3 0 3
1 2 2 1 1
2 3 0 1 1
0 1 1 2 0
1 2 0 0 0
1 0 0 1 0
1 0 4 2 1
0 0 0 1 0
1 0 1 0 1
2 0 1 0 3
0 1 0 0 1
2 2 1 1 2
0 2 0 1 0
0 0 1 1 1
0 0 0 0 1
2 0 0 1 0
0 0 0 1 1
0 1 0 1 0
0 0 0 0 0
0 2 2 0 0
0 0 0 0 1
1 0 0 1 1
2 1 1 0 2
0 1 0 0 0
0 0 1 1 0
0 0 0 3 3
0 0 0 0 1
0 0 0 2 1
1 2 4 1 0
2 0 0 0 0
1 0 1 0 0
4 0 2 0 0
0 0 0 0 0
3 2 2 0 1
1 1 0 1 0
0 1 2 0 1
0 2 1 0 0
3 0 0 2 0
0 0 2 2 0
0 0 1 0 0
0 0 0 2 0
1 0 2 1 1
0 1 3 1 1
0 0 0 1 0
0 1 1 2 0
0 0 0 0 0
0 0 1 0 0
1 0 0 1 2
1 0 0 1 0
0 0 1 0 0
0 0 1 3 1
0 0 0 0 0
2 0 0 0 2
1 4 0 0 0
2 1 0 1 1
1 0 2 2 0
0 0 1 0 2
1 3 0 3 1
1 3 0 0 0
0 1 0 2 0
2 1 0 1 1
0 1 0 1 3
1 0 1 0 2
1 3 0 0 0
0 0 2 0 0
0 1 0 0 0
0 0 0 0 1
1 1 0 1 0
3 2 0 1 0
0 2 0 2 0
1 0 0 0 0
0 0 0 1 0
0 0 1 1 0
1 1 0 1 1
2 2 0 0 0
0 0 1 0 0
1 0 1 0 2
0 0 0 0 0
0 0 2 0 1
0 0 2 1 1
0 0 3 3 0
2 0 3 0 0
2 1 3 1 2
0 0 0 0 0
4 0 1 2 0
0 0 1 0 1
1 1 1 1 0
1 0 0 0 1
0 0 1 0 0
0 0 0 1 2
0 1 0 1 0
0 0 3 1 0
1 2 1 0 0
0 0 1 0 0
1 0 0 1 0
0 1 0 0 0
0 0 0 0 1
1 0 0 0 2
0 0 1 0 0
1 0 1 0 0
3 2 0 0 0
2 0 2 0 1
0 2 4 1 1
0 1 1 0 0
0 0 0 2 4
1 0 0 0 1
0 0 1 1 0
0 0 1 1 0
0 1 2 2 3
2 1 0 0 0
0 1 0 0 0
1 4 1 3 0
1 0 0 0 0
3 0 1 0 3
0 1 4 0 0
0 0 1 1 1
0 0 0 3 0
0 0 2 0 1
2 0 0 2 2
1 0 0 0 0
1 2 0 1 1
0 1 0 0 1
1 1 0 0 0
0 0 0 2 4
2 0 0 1 1
1 1 0 0 0
0 3 0 1 2
1 0 2 1 0
1 1 1 2 2
0 0 0 0 0
1 4 0 0 1
0 1 0 0 0
3 0 1 0 0
0 2 0 1 1
0 0 0 0 0
0 0 2 2 0
0 0 0 1 2
0 1 0 0 1
0 0 1 0 0
1 1 1 0 1
0 1 0 0 2
1 2 1 0 1
2 1 0 1 0
2 0 0 0 1
0 0 0 0 0
2 1 0 0 1
4 0 0 2 0
1 0 1 0 0
0 1 4 1 1
0 0 0 0 0
3 1 0 1 0
1 2 1 1 2
0 1 0 1 0
1 0 0 1 1
1 0 0 1 0
1 0 0 2 0
0 0 1 2 0
0 0 2 1 0
1 0 1 0 1
0 0 1 0 0
0 0 1 1 3
0 1 1 2 0
0 0 0 1 0
1 1 0 0 0
0 1 0 1 2
1 0 0 0 0
1 1 0 0 0
2 1 1 0 0
0 0 2 1 0
1 0 0 1 0
0 0 0 0 1
0 0 0 0 0
0 1 3 0 1
1 1 0 0 0
1 0 1 2 0
1 1 0 0 1
1 0 0 1 0
0 1 0 1 0
0 4 0 0 1
2 0 1 0 2
1 0 0 0 1
3 0 1 1 0
0 0 1 0 3
0 0 0 0 0
0 1 0 0 4
1 0 0 2 1
1 1 1 1 0
0 0 0 0 1
0 0 0 3 0
1 0 0 0 1
1 0 1 0 0
0 1 2 2 0
0 1 0 1 0
0 0 0 1 0
0 0 0 0 0
0 2 4 1 0
0 0 2 2 0
0 0 0 2 0
0 1 0 4 0
2 3 0 0 1
0 0 0 0 1
0 2 0 0 1
1 0 2 0 1
0 0 2 0 0
0 0 1 1 3
0 1 1 1 0
0 2 0 0 0
0 1 0 0 0
2 1 1 0 0
1 1 0 1 0
0 0 0 1 1
0 1 0 0 0
0 0 0 1 0
1 4 0 0 0
0 1 0 2 1
1 0 0 0 2
1 3 0 0 0
1 1 0 3 0
0 0 1 1 0
2 0 0 0 0
0 1 1 0 0
0 3 0 0 0
0 0 1 0 1
0 0 0 1 1
2 0 3 0 0
0 0 2 0 0
1 0 0 0 0
0 2 0 1 1
2 0 0 0 1
3 0 1 1 0
0 0 0 1 2
0 0 2 0 0
0 0 1 0 2
2 2 1 3 1
0 1 0 0 0
1 0 0 0 1
2 0 0 1 1
1 2 1 3 0
0 0 0 2 0
0 0 0 2 2
0 3 1 0 3
0 0 0 1 0
1 2 0 0 1
1 2 2 1 0
1 0 1 0 1
1 0 0 0 0
0 0 1 1 0
0 2 0 1 0
2 0 0 1 2
0 0 0 3 0
0 1 0 4 1
0 0 1 0 0
0 1 0 1 0
0 0 0 0 1
0 0 1 0 0
0 0 0 1 0
0 0 0 1 2
0 0 0 1 3
0 0 2 0 1
0 0 0 1 1
1 2 0 0 4
0 1 2 0 0
1 0 0 0 0
1 1 1 0 1
1 0 0 0 3
0 0 1 2 0
0 0 1 0 0
0 1 0 1 1
2 0 1 0 0
1 0 0 0 1
0 0 1 1 0
0 1 0 2 2
0 0 2 1 0
0 0 0 0 0
2 2 0 0 0
0 0 0 0 2
1 0 0 1 1
1 1 1 1 1
2 0 0 1 0
0 2 0 1 1
0 2 1 0 1
1 1 0 0 2
1 1 0 1 0
0 1 0 0 0
0 2 1 1 1
2 1 0 1 1
0 0 2 0 1
2 0 1 1 0
0 0 0 3 0
0 1 1 4 1
0 1 0 0 0
0 2 0 1 0
1 0 0 2 0
0 1 3 0 0
0 4 0 2 2
0 1 1 1 0
2 3 0 1 0
2 0 0 1 1
2 1 0 0 0
3 0 0 1 0
4 1 1 0 0
0 1 2 1 1
0 1 0 0 0
1 2 1 0 1
0 0 3 0 0
0 1 0 1 1
0 0 0 1 1
1 1 1 1 0
0 0 0 1 0
0 0 1 0 2
0 1 0 3 1
1 1 0 0 0
1 0 0 0 0
0 0 0 1 1
0 1 1 0 2
0 1 1 2 1
0 1 1 1 0
0 1 0 0 2
2 0 0 0 0
1 0 0 1 1
0 0 0 3 1
0 0 0 2 0
0 0 0 0 0
0 2 0 1 0
0 1 0 1 1
0 0 1 0 1
0 0 0 0 2
0 2 0 2 0
0 0 2 0 2
1 2 0 0 0
1 3 0 1 2
0 0 1 0 0
0 1 0 0 1
3 0 0 2 1
2 3 1 0 0
0 1 1 2 0
0 0 1 1 2
1 2 2 0 0
2 0 0 0 0
0 0 0 1 2
1 2 2 0 0
1 1 0 0 0
1 1 0 0 4
0 0 1 1 0
2 0 0 0 1
3 0 3 1 0
1 0 0 0 0
1 1 0 1 1
1 0 1 3 0
2 0 0 0 0
2 0 0 1 0
1 1 2 2 3
0 0 3 0 0
0 0 0 0 0
3 0 0 0 0
1 0 0 2 1
1 1 1 1 4
3 0 0 1 0
1 4 0 1 0
0 2 0 0 0
1 0 0 1 1
2 1 1 0 0
0 1 0 2 1
0 0 1 0 2
0 1 0 0 0
1 2 1 1 4
1 0 0 0 1
2 0 0 1 0
0 1 1 3 0
0 0 1 1 0
1 4 0 0 2
1 0 1 0 0
1 0 1 1 0
0 0 2 0 0
2 3 0 0 1
0 0 0 2 0
1 1 2 4 0
0 2 2 0 0
0 0 0 0 1
1 1 4 1 0
0 1 0 2 0
1 4 0 1 0
2 0 0 2 0
0 0 3 1 0
0 0 0 0 0
0 1 0 2 4
0 0 0 0 1
2 0 0 0 0
1 0 0 0 1
3 1 0 2 3
0 1 0 0 1
0 1 0 0 1
0 0 2 0 0
1 0 0 1 0
0 0 1 0 1
0 1 1 1 0
1 1 2 2 0
0 0 0 0 3
0 0 3 1 0
0 2 2 1 0
0 0 1 1 1
4 1 0 2 0
2 3 3 0 1
0 0 2 0 0
0 1 2 2 1
2 0 0 1 0
0 1 2 1 0
0 2 0 0 3
1 0 1 0 0
0 0 0 0 0
0 0 1 0 0
0 1 0 0 1
0 0 1 1 1
0 0 1 1 1
0 0 0 0 2
2 0 0 0 0
1 0 0 0 1
1 0 0 1 1
1 1 4 0 0
0 2 0 1 1
1 0 1 2 0
0 0 0 4 3
0 0 0 0 1
0 0 0 0 1
0 1 2 1 4
0 0 2 0 2
0 0 1 0 0
0 0 0 3 0
0 0 0 1 0
1 0 0 0 0
0 0 0 3 1
1 0 1 0 2
1 1 2 0 1
1 0 1 0 0
0 0 2 3 0
0 0 0 0 3
0 0 0 0 1
0 0 0 3 0
0 2 1 0 1
1 0 1 0 1
0 1 0 0 1
0 0 2 0 0
0 0 0 0 0
0 0 0 0 0
2 0 0 0 1
0 0 1 0 0
2 0 1 2 3
0 1 0 0 0
2 0 1 0 2
1 2 0 1 1
1 0 1 0 2
0 2 3 2 1
3 1 3 0 0
0 0 1 0 0
1 0 1 0 0
2 0 0 1 0
1 1 2 0 0
1 0 0 1 2
0 1 1 1 1
0 1 1 0 1
0 0 0 0 0
1 0 2 1 1
0 0 1 0 0
1 1 4 3 2
1 1 0 0 0
1 4 1 0 0
2 1 0 1 0
1 2 1 1 0
0 2 0 1 0
0 0 0 0 0
0 0 0 0 3
0 0 0 0 0
1 1 1 0 0
0 1 2 0 0
0 0 1 0 0
0 0 0 1 1
1 0 2 0 0
0 0 0 0 0
0 1 0 0 1
0 1 0 0 2
0 0 2 0 0
1 1 4 0 0
0 1 0 1 0
0 1 1 1 1
2 0 0 0 0
2 1 1 2 0
0 1 0 0 0
0 1 0 1 0
0 0 3 0 0
1 0 0 1 3
1 3 1 1 1
1 0 0 0 0
1 0 1 2 3
0 1 0 3 0
0 0 0 0 0
0 0 1 0 1
0 4 0 0 0
0 0 0 1 2
1 1 0 0 0
0 1 0 0 2
0 1 1 2 1
0 1 1 0 0
1 0 1 0 0
0 2 3 1 1
0 0 2 2 2
0 0 1 0 0
0 0 0 0 0
0 0 1 0 2
1 1 0 2 0
0 3 0 1 0
0 0 2 0 0
1 0 0 0 0
1 1 0 2 1
2 0 2 0 0
1 1 2 0 1
3 1 0 0 0
0 3 0 3 1
0 0 0 1 1
1 0 1 1 0
0 0 1 0 0
0 0 1 1 0
2 2 0 0 0
0 1 0 1 2
1 1 0 1 0
1 1 2 0 0
0 1 0 0 0
2 0 1 1 0
1 1 0 1 0
0 0 1 0 1
0 0 1 2 0
1 1 1 0 1
0 0 0 0 0
3 1 0 1 1
2 0 0 3 0
2 1 0 0 0
2 1 1 1 1
0 0 2 1 3
1 0 0 2 1
1 1 1 1 0
0 0 0 0 0
1 0 0 0 1
1 2 2 2 0
4 1 2 0 0
0 1 0 1 0
0 1 1 0 1
1 2 0 0 2
1 1 0 0 0
0 2 1 2 0
1 0 1 0 0
1 1 0 2 0
0 2 0 0 0
1 0 0 0 1
1 0 0 4 0
1 0 1 0 2
0 2 0 0 0
0 0 0 1 0
0 2 2 3 0
0 0 1 0 1
1 0 0 0 1
0 0 0 0 0
0 0 0 0 0
0 0 0 2 0
0 1 0 1 0
0 1 1 1 1
0 0 1 1 1
1 0 1 0 0
0 0 2 0 0
0 0 1 0 0
1 0 0 0 2
0 1 1 1 0
0 0 0 0 2
1 0 1 0 1
0 0 1 0 0
0 0 0 0 0
0 0 1 0 0
0 0 2 0 0
0 4 1 1 0
0 0 2 1 0
1 0 2 0 1
1 0 0 3 0
0 1 0 0 0
1 0 3 2 2
0 0 1 0 0
1 1 1 1 1
0 1 1 0 0
2 1 0 0 0
1 1 0 0 1
0 0 2 2 1
0 0 1 0 0
0 0 0 2 0
2 0 1 1 2
0 0 0 1 1
1 0 0 0 1
1 0 1 1 1
0 1 3 0 0
0 1 0 0 0
0 2 1 1 0
0 0 0 0 2
0 0 0 1 1
1 0 3 2 4
1 0 0 1 0
1 1 0 0 1
0 0 3 1 1
0 1 2 0 0
4 0 0 2 0
0 0 4 0 1
0 1 1 1 0
0 1 0 0 0
0 0 1 0 1
0 0 1 0 0
0 0 0 0 0
0 0 0 0 2
0 0 2 0 0
0 1 2 0 3
0 0 0 1 0
1 0 0 1 0
1 1 0 0 0
1 0 2 1 0
0 0 0 0 2
0 0 0 0 0
0 0 1 0 0
1 4 2 0 1
1 0 1 1 1
0 1 0 1 1
0 0 0 2 0
1 0 0 2 0
2 0 0 0 0
1 1 0 1 0
4 2 1 0 1
1 1 3 0 2
0 0 2 0 0
0 1 1 1 0
0 0 1 1 1
0 2 0 1 1
0 2 0 2 1
0 1 3 2 0
0 2 0 0 0
0 1 0 0 0
0 2 3 0 0
1 1 0 0 0
0 0 1 2 2
0 3 2 0 1
1 0 2 0 0
0 0 0 1 1
1 0 1 0 1
0 0 0 2 0
1 2 0 0 1
0 2 3 2 3
0 0 1 0 0
0 0 1 0 0
0 0 1 1 0
0 1 0 0 4
0 3 0 1 0
0 1 1 0 0
0 2 0 0 1
0 2 0 1 0
1 0 0 0 1
1 0 0 0 1
0 2 2 0 2
0 0 1 0 2
1 1 0 0 1
0 3 1 0 0
2 2 0 0 2
0 1 1 1 2
1 2 0 4 0
2 0 1 1 0
0 0 0 0 0
0 1 0 2 0
1 0 0 1 0
0 0 0 2 0
2 0 1 1 0
0 2 0 0 0
2 0 0 1 1
0 0 0 0 0
1 1 1 1 1
0 0 0 0 0
0 1 0 1 2
0 3 0 0 0
1 1 0 1 1
0 0 0 2 1
0 1 1 1 1
2 0 0 1 0
1 0 2 0 0
2 0 0 0 1
1 0 0 0 0
0 1 1 0 1
0 1 0 1 1
0 0 0 0 0
1 0 1 0 1
0 0 0 3 0
0 0 0 0 1
0 2 1 0 0
0 1 3 1 1
3 0 0 0 1
3 1 2 0 0
0 0 0 1 0
1 0 1 0 0
1 1 0 1 0
0 2 0 1 0
1 0 1 1 0
1 1 0 0 1
3 0 0 0 1
0 1 0 0 0
0 0 0 0 1
0 0 3 1 4
0 0 0 0 0
0 0 1 1 1
0 1 0 2 1
0 1 0 1 1
0 0 1 2 0
0 0 2 0 0
0 0 0 0 1
1 0 2 0 0
0 0 1 4 0
1 1 2 1 2
1 1 0 1 1
1 1 1 0 0
1 1 0 0 3
1 0 0 0 0
0 0 3 0 0
1 0 1 0 0
1 1 2 3 0
0 0 2 0 4
0 0 1 0 2
1 0 1 0 1
0 0 1 0 1
0 1 1 0 2
1 1 2 0 1
0 3 0 1 0
0 0 0 0 0
0 2 0 0 0
0 1 1 0 0
0 0 0 0 0
4 1 1 2 0
1 1 1 3 1
0 0 1 1 1
1 2 2 0 0
1 0 0 0 0
2 0 0 0 0
0 3 0 0 0
1 1 0 0 2
0 1 0 2 1
0 0 0 0 0
1 0 1 1 2
1 4 1 0 1
0 0 2 0 0
0 0 3 1 0
1 0 0 1 1
1 1 2 0 2
0 1 0 2 1
1 0 1 0 0
0 0 0 0 0
0 1 0 2 0
0 1 3 0 0
0 0 0 3 2
1 0 0 0 0
2 2 1 0 0
3 1 0 0 0
4 0 0 0 1
1 2 1 0 0
0 1 0 0 0
0 1 0 0 0
0 1 2 0 1
2 0 0 0 0
1 0 1 0 0
0 0 0 0 1
0 0 0 0 0
1 0 1 0 0
1 0 1 1 2
1 0 1 0 1
0 0 0 2 0
0 0 4 0 0
0 1 0 2 1
0 2 2 0 1
0 1 1 2 4
0 0 0 1 2
0 1 0 0 1
0 0 0 1 0
2 1 0 0 1
0 0 0 0 0
2 3 0 0 0
0 0 1 1 0
0 1 1 0 1
0 2 0 1 0
1 0 1 0 0
1 0 1 0 1
0 0 0 1 0
0 0 0 0 1
0 0 0 0 2
0 0 0 1 2
1 0 2 2 0
0 1 1 0 0
0 2 0 3 1
1 0 0 0 0
1 0 0 0 0
1 1 0 1 1
2 1 1 0 1
0 2 1 0 2
0 0 0 0 1
1 0 2 0 0
1 0 1 0 1
1 0 1 3 1
3 1 0 0 1
0 0 0 0 0
0 0 0 0 3
1 0 0 0 3
0 0 0 0 1
0 0 0 0 1
0 1 1 2 0
0 0 3 0 0
0 0 0 0 0
2 1 1 2 2
0 0 0 0 1
3 0 0 1 0
0 0 1 0 3
1 0 0 2 0
0 0 0 1 0
1 1 0 0 1
1 0 0 0 0
1 2 1 1 0
0 0 1 2 0
0 0 0 0 0
0 1 2 1 2
0 1 2 1 0
0 0 3 0 0
0 0 0 0 2
1 0 0 2 1
2 1 1 0 1
0 1 0 1 1
0 1 0 0 1
0 2 0 0 0
2 0 1 2 0
0 2 2 0 1
1 1 0 1 1
0 1 1 0 0
0 1 2 1 0
0 1 0 0 0
2 1 1 0 2
0 1 1 1 0
2 2 0 0 0
1 0 4 0 3
1 1 1 1 2
0 0 0 0 0
2 1 1 3 2
0 0 1 0 1
0 0 0 0 0
0 0 1 0 0
0 0 2 2 0
0 0 0 0 1
0 1 0 2 0
0 0 0 0 1
0 2 0 1 0
0 0 0 1 0
0 2 0 0 0
0 1 0 0 0
0 2 2 0 0
0 1 0 0 0
2 1 0 0 1
0 3 0 0 1
0 0 0 0 0
0 0 0 0 0
0 0 0 0 0
2 0 1 0 0
2 2 0 3 0
0 2 1 0 1
0 0 0 0 0
0 0 0 0 0
1 0 1 0 0
0 0 1 0 0
0 1 1 2 0
0 1 0 0 0
1 0 2 2 2
2 0 0 4 0
0 1 2 0 1
0 1 1 2 2
1 1 0 1 0
1 0 1 1 4
1 0 2 2 2
0 0 0 1 1
0 0 1 0 0
0 3 1 1 0
0 2 0 0 1
2 0 0 1 0
1 2 0 0 1
1 1 1 0 0
0 0 1 0 0
0 0 1 1 0
0 0 2 0 0
3 0 2 0 0
1 1 2 1 1
0 3 0 0 1
1 0 0 0 0
2 0 1 2 0
0 0 0 0 0
0 0 1 1 1
0 3 2 1 1
0 1 1 3 0
0 0 0 0 0
1 0 0 3 1
1 0 4 0 0
4 1 1 1 0
0 1 0 1 0
0 0 0 2 1
1 4 1 1 1
1 0 0 1 1
0 0 0 4 1
0 0 3 0 3
1 1 1 0 0
0 0 0 1 0
1 0 0 0 2
0 3 0 0 0
2 1 1 1 0
0 0 4 1 2
0 0 0 0 1
4 2 0 0 4
1 0 2 0 0
0 1 0 0 0
3 0 1 0 0
1 1 0 1 1
0 0 0 0 1
2 2 0 0 1
1 0 0 0 1
0 0 3 2 1
0 0 1 0 2
0 4 1 1 2
0 1 1 1 2
2 1 1 0 2
0 1 0 1 1
1 0 0 3 0
0 0 1 1 1
0 2 0 0 1
1 2 0 1 0
4 0 0 1 0
0 2 0 0 0
2 0 0 0 0
0 4 1 0 0
0 0 0 2 1
0 0 4 1 0
1 0 0 0 0
2 0 0 1 0
0 2 0 0 1
0 0 1 1 0
1 0 0 4 0
0 0 0 0 1
0 4 0 0 0
0 0 4 0 0
1 0 0 1 2
3 1 1 0 0
0 1 0 0 1
0 0 1 2 0
0 0 0 1 1
0 2 0 1 0
0 1 0 1 2
0 2 0 2 0
0 0 1 1 0
1 2 0 2 0
0 1 1 1 1
0 2 1 2 3
1 0 1 0 1
0 0 0 0 3
2 0 1 3 0
0 0 1 0 0
0 0 4 1 1
0 0 0 0 0
1 0 0 0 0
0 3 0 0 0
0 0 0 1 0
2 2 0 0 0
0 0 0 1 1
1 0 1 1 1
0 2 1 0 0
2 1 3 0 1
0 1 0 0 2
2 2 1 1 0
2 1 0 0 0
0 0 0 1 0
0 1 2 0 0
0 0 0 0 0
0 0 1 0 0
0 1 0 0 1
0 0 0 0 0
0 0 1 0 0
1 0 1 1 1
0 0 2 0 1
0 0 1 0 0
2 1 1 2 1
0 4 0 0 0
0 0 2 0 0
0 1 0 0 2
0 0 1 2 0
1 0 0 1 0
1 3 0 1 1
1 0 1 0 1
0 0 0 2 1
0 2 1 1 0
1 2 0 0 0
0 1 0 1 3
1 1 0 0 0
0 0 0 0 2
1 0 0 0 0
0 0 0 0 0
0 0 1 0 3
0 0 0 3 0
2 0 1 1 0
1 2 1 0 1
1 1 0 1 0
3 1 0 0 0
0 0 1 2 1
2 0 0 0 1
1 0 0 0 1
1 1 1 2 0
1 0 1 0 0
2 1 2 2 0
0 0 2 1 0
0 0 2 2 0
1 1 0 0 0
1 1 0 0 0
3 0 1 0 0
3 0 2 2 0
0 0 0 1 1
0 0 1 0 0
2 1 0 0 1
1 1 0 3 0
1 2 1 0 0
0 0 1 0 0
1 0 3 3 0
0 1 0 1 0
0 0 1 0 1
3 0 1 1 1
0 0 0 1 0
0 0 0 1 0
1 1 0 1 1
0 1 0 2 0
0 0 0 1 1
0 1 1 1 0
0 0 1 0 0
0 0 1 1 0
0 1 0 2 0
1 1 0 0 0
1 0 4 1 1
0 0 0 1 3
0 0 1 0 4
1 0 1 1 0
0 2 1 0 0
0 1 0 1 0
2 0 1 1 0
2 1 0 0 0
0 0 0 0 0
2 2 0 0 0
1 0 0 2 0
0 2 0 0 3
0 0 3 0 0
1 0 0 0 2
1 0 1 4 0
1 0 2 0 0
1 0 1 0 0
0 0 2 0 0
0 1 2 0 0
2 2 1 0 0
0 0 0 1 4
1 0 0 0 1
1 2 1 0 0
0 0 2 0 0
0 0 0 1 2
0 0 1 0 2
1 2 1 1 1
1 0 0 1 0
0 0 0 0 0
0 0 0 0 0
2 0 1 2 0
2 0 2 0 0
0 0 0 0 2
0 3 2 0 0
0 2 0 0 1
1 0 1 0 0
0 0 0 0 0
0 0 0 4 0
0 0 0 1 3
0 0 1 0 0
1 0 0 0 0
0 0 1 1 1
2 2 0 0 0
0 2 0 0 1
0 0 1 1 2
1 0 0 3 0
0 0 1 1 0
1 0 1 0 0
2 1 0 0 0
1 0 0 1 0
1 0 0 0 1
1 0 1 0 0
0 1 0 1 0
0 1 2 0 1
2 0 1 0 1
0 1 0 0 0
0 4 0 1 2
0 0 0 0 0
1 0 0 0 1
0 0 1 0 1
0 0 0 0 0
0 0 0 1 0
0 1 0 2 0
0 2 0 3 2
0 0 0 1 0
1 0 0 0 0
0 1 1 0 0
0 1 1 3 1
0 0 0 0 0
2 1 0 0 1
1 1 0 0 0
1 1 0 0 0
0 0 0 0 0
0 0 0 0 2
0 0 0 1 0
1 0 0 0 1
1 1 0 0 0
2 1 0 0 1
1 1 3 1 0
1 0 0 0 2
2 0 0 0 0
0 0 0 0 0
1 1 1 1 0
1 0 2 1 0
0 1 1 1 2
0 1 0 1 0
2 0 0 0 0
0 0 1 0 0
0 0 1 0 1
0 1 0 1 3
0 0 0 0 0
2 0 1 0 1
1 0 1 2 0
2 1 0 0 2
0 1 0 0 1
0 0 1 1 0
0 0 0 1 1
0 3 0 2 0
0 0 0 1 0
1 0 1 0 0
0 0 0 3 0
1 1 0 1 0
3 0 0 1 0
0 1 0 1 0
0 1 1 0 1
1 0 0 0 0
0 1 1 1 0
0 0 1 0 0
0 1 1 0 1
2 4 0 1 0
2 0 0 0 0
2 1 0 0 0
0 1 2 1 3
3 2 0 0 3
0 1 0 0 2
1 0 1 1 0
0 1 2 1 1
0 1 0 0 0
0 1 1 0 0
1 1 2 1 0
1 1 2 0 0
1 0 3 1 2
1 1 1 0 0
1 0 3 1 0
0 0 0 2 0
0 0 0 0 0
0 0 1 1 0
0 1 1 1 0
1 0 4 0 1
1 1 1 1 0
0 1 1 0 0
1 1 0 0 0
0 0 0 0 0
4 0 0 1 0
0 0 2 0 1
2 1 0 0 0
3 0 2 0 1
0 0 0 0 1
1 0 0 1 0
1 0 1 2 0
0 0 0 1 0
0 4 0 1 2
1 2 0 2 0
1 1 1 1 0
0 1 1 0 0
0 1 1 0 0
0 2 0 0 2
1 0 1 4 1
0 0 0 0 1
2 0 0 0 0
2 0 0 0 0
0 0 0 0 0
0 0 0 1 2
1 0 0 1 2
2 2 2 0 0
0 1 2 0 0
3 0 0 0 1
0 0 0 0 1
0 4 0 0 0
1 0 0 1 1
1 0 0 1 2
0 0 0 0 0
1 1 0 1 1
1 2 0 0 0
0 0 0 1 0
0 0 0 0 0
0 2 1 0 1
1 0 0 3 0
1 2 1 2 0
0 1 0 0 0
2 0 1 2 1
1 0 0 0 0
0 0 0 1 1
2 2 2 2 1
0 1 1 0 0
0 0 0 0 1
0 0 0 1 0
0 0 0 2 0
1 2 0 3 0
0 0 0 2 0
0 0 0 0 0
1 0 1 0 0
0 0 0 1 3
1 0 1 0 1
0 0 1 1 0
0 2 0 0 0
1 0 0 0 0
0 0 0 0 1
0 0 0 4 1
1 0 0 1 1
0 0 1 1 0
1 0 0 0 1
3 2 1 1 0
1 0 0 0 1
0 2 0 1 2
0 0 0 1 1
0 3 1 1 1
1 0 0 0 0
1 0 1 0 0
1 0 2 0 0
0 0 1 1 2
0 0 2 0 1
0 1 1 0 0
0 0 1 1 0
0 0 2 2 1
1 0 1 1 1
1 0 1 0 0
0 3 0 1 0
0 0 0 1 1
1 0 2 0 0
0 1 0 0 1
0 0 2 0 1
0 1 0 2 0
0 3 0 2 0
0 2 0 0 1
0 3 1 0 0
0 0 2 0 2
0 0 0 0 1
0 2 2 0 0
0 0 1 0 0
0 1 0 0 0
0 1 0 0 1
0 0 0 1 0
0 0 0 0 0
1 0 1 0 2
0 1 1 2 2
2 2 0 1 0
3 0 1 0 0
0 0 0 1 0
0 0 1 0 0
4 1 2 2 0
0 1 1 1 0
1 1 1 0 1
0 0 0 0 0
0 0 0 0 0
0 0 2 2 1
0 1 1 0 1
1 4 0 2 1
1 0 0 2 2
2 2 0 1 0
0 0 1 1 1
0 1 0 1 2
0 1 0 0 1
0 3 0 0 1
3 1 1 0 2
2 0 1 2 0
0 0 1 0 0
0 0 1 1 0
0 1 0 0 0
1 0 3 1 1
0 0 0 0 1
1 0 0 0 0
2 2 1 0 0
1 1 2 0 0
2 0 0 0 4
0 1 1 1 0
0 0 1 0 1
0 0 0 0 0
2 0 1 0 0
1 0 0 1 0
0 0 0 1 1
0 0 0 1 0
0 2 0 1 2
2 1 1 0 0
1 1 0 0 0
3 0 1 0 0
0 0 0 0 1
2 1 2 1 4
0 1 1 1 0
0 2 0 0 2
0 0 0 0 0
0 3 1 0 2
1 1 0 1 0
0 0 0 1 2
0 2 0 1 4
0 0 0 0 0
0 0 1 0 0
1 0 1 0 2
2 2 2 2 0
2 2 0 1 0
0 0 1 0 0
2 1 1 4 0
0 0 2 0 1
0 2 0 0 0
0 0 0 0 0
2 4 1 0 1
1 0 1 0 4
1 1 0 1 0
3 0 0 1 0
1 0 0 1 0
0 0 0 0 0
0 1 0 0 1
1 0 3 2 1
0 0 0 0 2
0 3 3 0 1
1 0 0 1 1
1 0 1 0 0
0 0 2 2 1
0 1 0 0 0
0 0 1 0 1
0 0 1 0 3
0 2 2 0 3
3 2 1 0 0
0 2 0 0 0
0 2 0 0 0
0 0 0 2 1
0 0 0 1 0
0 3 0 0 0
1 0 1 0 1
0 1 1 0 0
1 0 1 2 1
0 2 1 0 0
0 1 0 0 0
3 1 0 1 0
0 3 0 1 1
0 0 1 2 0
1 1 0 0 0
1 0 1 0 0
0 2 0 0 2
1 1 0 2 0
0 1 0 0 1
0 2 0 0 0
2 0 0 0 1
1 1 0 1 1
1 0 0 2 0
1 0 1 0 2
0 0 0 1 1
0 0 0 1 0
0 1 0 0 0
1 0 0 0 0
2 0 0 1 0
1 0 0 2 1
0 1 0 3 1
0 0 0 1 0
0 1 0 1 1
0 0 3 0 1
1 0 2 1 0
0 0 0 1 0
0 0 0 0 0
0 2 4 3 0
0 1 0 2 0
0 0 0 0 0
1 0 0 0 0
0 0 0 1 0
0 2 2 0 0
0 0 0 1 1
2 1 4 1 0
3 1 0 1 1
0 0 1 0 2
0 0 1 3 1
0 1 1 1 0
2 0 3 0 0
0 1 0 0 4
1 0 0 0 1
0 0 1 1 1
0 0 1 1 0
1 1 1 0 0
0 2 0 2 1
0 0 2 0 1
1 2 1 0 0
0 4 1 0 1
1 1 0 0 0
0 1 0 3 0
0 0 0 2 0
0 1 0 0 1
0 0 0 0 1
1 2 1 0 1
1 0 0 2 1
0 0 0 0 1
0 0 0 0 1
1 0 1 0 0
1 0 2 0 0
1 0 0 2 0
1 0 1 1 0
0 1 0 0 0
0 0 1 0 0
0 0 0 0 1
0 1 1 2 0
0 1 3 0 1
0 0 1 0 0
0 1 2 0 0
2 0 0 1 0
0 1 1 2 1
2 0 0 1 1
3 0 1 1 1
1 0 1 0 1
0 1 0 1 0
2 0 0 0 0
1 0 1 2 2
0 1 2 1 0
0 1 0 1 0
0 1 0 0 0
1 0 0 1 0
1 0 0 2 0
1 2 0 0 0
0 0 0 0 0
0 0 1 0 0
1 1 1 1 1
0 0 0 1 2
0 1 0 0 0
1 0 0 1 2
0 0 0 1 1
1 1 2 0 1
2 0 0 1 1
0 0 1 0 0
0 0 0 0 1
0 1 1 0 0
0 0 2 0 0
0 1 0 0 0
1 1 0 1 0
2 1 2 3 1
0 2 1 0 2
1 1 0 0 0
2 3 1 0 0
0 0 0 1 1
0 1 0 0 1
1 2 0 2 3
0 0 0 0 0
1 0 4 0 1
3 1 0 2 0
0 1 0 0 0
0 0 1 1 1
1 1 0 0 0
0 0 0 0 3
1 0 0 0 0
0 1 1 0 1
2 0 0 0 1
0 0 1 0 1
0 1 0 0 3
0 0 1 0 1
1 0 1 1 0
0 0 0 0 2
1 0 1 0 0
0 0 1 0 1
0 0 0 0 0
2 1 1 0 0
0 1 0 0 0
3 0 1 0 0
3 0 1 2 1
1 1 0 1 1
1 1 0 0 0
0 1 2 0 2
0 0 1 1 0
0 0 1 0 4
1 0 0 0 1
0 1 0 0 0
0 0 0 2 1
0 0 0 0 0
1 0 1 0 2
1 1 1 0 0
0 1 0 2 2
3 0 0 0 1
0 1 1 0 0
0 0 1 0 1
1 1 0 0 0
0 2 0 1 0
0 0 0 0 1
0 2 1 1 0
1 1 1 2 0
0 0 0 1 1
0 0 1 0 3
1 0 1 1 0
0 0 0 4 0
1 0 3 0 0
0 0 1 0 0
1 1 0 2 1
3 0 1 1 0
0 1 0 0 1
3 0 0 1 0
1 2 1 0 0
0 0 1 2 0
0 1 0 1 2
0 0 0 2 1
2 3 1 3 2
0 1 0 3 0
0 1 0 0 1
1 1 0 0 1
2 2 0 0 0
2 0 0 0 0
1 1 0 0 0
1 1 1 1 0
0 0 0 0 0
1 2 0 1 0
0 4 0 1 0
1 1 1 0 1
2 0 1 4 1
0 1 0 0 0
0 1 0 2 0
1 0 1 0 0
1 1 0 0 0
0 0 0 3 0
0 1 1 0 1
1 0 2 1 0
1 1 1 1 2
1 4 0 0 1
0 1 1 0 1
2 0 1 1 1
0 0 0 1 2
2 1 0 0 2
0 0 0 0 0
0 0 0 1 0
3 0 0 2 0
0 2 0 1 0
1 1 1 2 0
1 2 1 1 0
0 2 0 2 0
0 0 0 0 4
2 0 0 0 0
2 0 0 1 0
1 3 0 0 2
3 1 0 0 2
1 0 0 1 0
0 2 0 0 0
0 0 0 0 1
0 0 0 2 2
0 0 0 4 2
0 0 0 1 2
0 0 3 1 1
1 0 0 0 0
0 0 0 3 1
3 0 1 1 0
3 0 0 0 0
2 0 3 0 0
0 1 0 0 0
0 3 1 1 0
1 1 3 0 0
0 0 1 1 0
0 1 0 1 0
0 0 0 0 1
1 0 1 0 0
0 0 0 0 2
1 1 0 1 1
0 1 2 1 0
0 0 0 0 0
0 1 0 2 0
0 0 1 1 0
0 1 0 0 1
4 2 0 1 0
0 2 1 2 3
2 1 1 1 0
0 1 1 1 0
0 3 0 2 1
0 1 0 0 0
0 3 0 2 0
1 1 2 0 0
2 1 1 0 2
3 2 0 3 0
1 0 0 0 0
1 0 0 0 2
0 0 0 1 0
0 1 0 0 0
0 0 1 0 1
3 0 2 0 0
2 1 4 0 0
0 0 0 2 1
2 0 0 1 0
0 0 1 1 0
0 1 1 0 3
0 1 0 0 0
0 2 0 0 1
1 1 0 0 0
4 1 0 0 2
0 0 0 1 0
0 1 0 0 0
1 1 2 0 1
0 1 0 1 0
1 0 2 1 0
1 2 0 0 1
0 0 1 2 2
0 0 0 0 0
0 2 3 1 1
0 0 0 1 1
0 0 0 0 2
0 0 0 0 3
0 0 0 0 3
0 0 0 0 1
0 1 0 3 0
0 1 1 0 0
1 0 0 0 1
0 0 0 0 0
2 0 0 0 0
1 0 0 0 0
2 1 0 0 0
0 0 0 1 1
0 1 1 0 0
0 0 1 1 0
0 1 0 1 0
0 0 1 0 0
1 1 0 0 0
0 3 4 0 0
0 2 1 0 1
0 2 0 0 1
0 0 0 1 1
0 1 0 1 0
1 0 1 0 1
0 0 0 0 1
0 2 0 0 0
1 0 2 0 0
0 0 3 0 2
1 2 0 1 0
0 0 1 0 0
4 0 1 1 0
1 0 0 0 1
0 0 1 0 1
0 1 0 1 1
1 0 0 0 1
0 1 0 0 1
0 0 1 0 0
0 3 2 0 0
0 4 1 0 0
0 1 0 0 2
0 2 2 0 1
1 3 0 0 0
0 0 1 0 1
0 0 0 0 0
1 0 0 0 0
0 0 0 2 0
3 1 0 1 1
0 0 1 1 1
2 0 0 0 0
0 0 1 0 3
0 0 0 0 0
1 0 0 0 0
3 1 1 0 0
0 1 0 0 0
0 1 0 3 1
1 0 0 0 0
2 0 0 0 1
1 0 1 0 0
0 1 1 1 0
0 0 0 0 1
0 2 0 0 0
1 0 0 0 1
0 0 0 1 1
0 0 0 1 1
1 1 1 1 1
0 1 0 0 2
0 1 0 1 1
0 0 0 2 1
0 3 2 0 0
1 0 3 2 2
0 0 0 0 1
0 1 2 0 1
3 0 0 1 0
0 1 0 0 0
0 0 0 0 0
2 1 2 0 3
0 0 0 0 1
0 0 0 0 0
1 1 1 0 0
2 2 0 3 0
0 0 0 1 1
0 0 0 0 0
0 1 0 0 1
0 0 2 1 3
0 0 1 1 0
1 0 1 1 0
2 0 1 4 3
1 0 0 0 0
0 4 0 1 1
0 0 0 2 0
0 0 4 2 2
0 0 0 0 0
0 0 0 0 0
0 0 0 3 0
1 1 0 0 0
0 0 1 0 2
0 4 1 0 0
1 0 0 1 0
1 0 2 1 1
1 0 0 0 1
2 0 1 3 0
1 0 0 0 0
1 1 1 0 0
1 0 0 0 0
0 0 0 4 1
0 1 0 0 0
0 1 0 2 1
1 1 0 2 0
1 1 1 2 3
0 0 2 0 0
1 0 1 3 0
2 1 0 0 1
2 1 2 1 1
0 0 0 1 1
1 1 0 0 1
3 0 2 1 0
1 0 0 0 0
0 1 0 1 1
1 1 0 0 4
1 0 0 0 1
1 0 0 1 0
0 0 0 0 1
0 2 0 3 0
1 0 1 0 0
1 3 0 0 0
2 0 1 1 0
1 0 3 2 1
1 1 0 0 3
1 2 0 2 0
0 1 0 1 0
0 0 0 4 2
0 0 0 1 2
0 0 0 0 0
2 1 1 0 1
1 0 0 1 0
0 0 2 3 2
0 2 0 0 2
0 0 0 0 0
0 0 1 2 0
1 0 0 0 0
0 1 1 3 1
0 1 0 0 0
0 3 0 0 0
0 0 1 2 2
0 0 2 0 0
0 1 1 0 4
2 0 1 0 3
1 0 1 0 0
0 1 0 2 1
0 0 0 0 1
0 2 4 1 0
0 0 0 1 0
2 0 1 1 2
1 0 1 0 0
0 1 1 3 0
1 1 0 0 0
2 0 0 0 0
1 2 3 1 0
0 0 1 0 0
0 3 2 1 0
1 0 0 0 2
1 0 0 0 0
0 2 0 1 1
0 1 1 0 0
2 0 0 1 1
1 3 0 0 0
1 0 0 1 0
2 0 0 0 0
0 0 1 0 0
0 0 1 0 1
0 1 1 1 0
2 2 1 2 0
1 0 0 0 4
0 3 1 0 0
0 0 0 0 0
0 1 0 0 0
0 1 0 0 0
1 0 1 0 0
0 0 1 0 0
0 0 0 1 0
0 0 0 2 4
2 0 0 0 0
2 1 1 0 2
0 4 0 0 0
2 1 0 0 2
2 2 0 0 1
0 0 0 2 1
1 0 2 4 1
0 2 2 1 0
1 0 0 0 0
0 0 0 0 0
0 0 0 1 0
1 1 1 1 0
1 0 0 0 0
0 0 0 1 0
0 0 3 3 0
0 1 0 1 0
3 0 1 2 3
0 0 0 0 0
0 0 2 1 1
0 1 0 2 1
1 1 0 0 1
0 0 0 0 0
3 1 0 0 2
0 1 1 0 0
0 1 2 0 2
0 0 3 0 0
0 2 0 2 1
1 0 0 1 0
1 1 0 1 1
0 0 0 1 1
0 0 1 1 0
0 1 0 0 0
0 0 0 0 2
0 0 0 0 0
0 2 0 1 0
1 1 2 1 1
0 0 1 0 0
0 0 0 0 0
2 0 1 0 1
1 0 0 2 1
0 1 0 0 0
1 0 0 2 0
1 0 3 0 0
0 3 2 0 0
4 0 0 0 0
0 0 0 1 0
0 0 0 1 2
0 0 0 2 2
2 1 0 0 2
1 0 0 1 0
1 0 2 0 2
0 0 1 0 0
2 1 0 2 0
0 0 0 1 1
1 1 2 1 1
0 0 0 0 0
1 1 3 4 0
0 0 0 1 0
0 0 1 3 0
1 0 3 2 1
0 2 1 0 1
0 0 0 1 1
0 1 0 1 3
1 0 0 3 0
2 1 0 2 0
2 0 1 0 1
0 1 0 0 0
2 1 0 0 0
0 0 0 1 0
0 0 0 0 1
2 0 0 0 0
0 1 1 0 0
0 0 0 0 0
0 0 0 1 2
0 1 0 2 1
0 0 0 1 1
1 1 1 0 1
0 2 1 2 0
1 0 0 0 0
1 2 1 1 1
0 0 0 0 0
2 0 1 1 0
4 2 1 1 0
0 3 2 0 2
1 0 3 2 0
1 0 1 3 0
2 0 0 0 0
0 0 0 1 3
1 0 0 1 0
0 0 1 0 1
0 0 0 0 0
1 2 0 0 0
1 1 0 0 3
0 0 0 0 0
0 2 1 0 0
0 0 1 2 0
2 0 0 0 1
0 2 2 2 1
1 0 1 0 0
0 0 0 0 0
0 1 3 1 0
1 2 0 0 0
0 2 0 0 2
1 1 0 0 0
2 0 1 0 1
1 0 2 0 1
0 0 0 1 0
1 0 0 2 1
0 1 0 1 0
4 0 0 1 0
1 0 0 0 1
0 0 0 0 0
0 1 1 0 0
0 2 0 0 1
1 1 0 0 0
0 0 0 0 0
0 1 0 0 0
0 0 0 0 0
1 1 1 1 1
1 0 1 1 0
2 0 0 0 0
0 0 0 0 1
1 0 1 0 0
3 1 2 1 1
0 2 0 1 1
0 0 0 0 0
0 1 0 0 0
1 0 0 0 0
1 0 0 1 0
0 0 0 2 1
0 1 0 0 0
0 0 1 1 0
3 0 2 2 0
4 0 0 0 1
0 0 2 0 1
0 1 0 3 0
0 0 1 0 0
1 0 0 0 0
1 0 0 0 0
1 0 1 0 0
0 1 0 1 2
0 1 0 0 0
0 1 1 0 2
0 1 0 2 0
2 4 1 0 0
0 0 0 0 0
0 0 0 1 2
2 0 0 0 1
1 1 3 0 0
0 1 1 3 1
0 0 0 0 0
0 1 0 0 0
1 0 0 1 0
0 1 1 0 0
0 1 0 1 1
0 1 1 0 0
0 0 1 0 1
0 0 1 1 1
2 2 1 0 0
2 0 0 0 3
1 0 0 1 1
0 1 1 0 0
1 0 1 3 0
0 1 1 0 0
1 0 0 1 3
0 2 1 0 0
0 0 1 0 2
0 0 1 0 2
0 0 0 2 3
0 1 0 1 2
1 0 0 0 1
0 0 0 0 1
1 0 1 0 1
1 1 0 0 1
3 2 1 1 0
2 1 1 1 0
1 0 0 0 0
3 1 0 0 0
1 3 0 0 1
0 1 0 3 1
0 0 0 0 0
1 0 0 2 0
0 1 1 0 1
0 1 1 3 0
0 1 1 2 1
0 0 0 2 1
1 0 0 0 0
3 0 2 1 0
0 3 1 0 0
0 0 0 1 0
2 0 0 0 2
3 0 0 0 0
0 1 0 2 0
1 0 1 1 2
3 2 2 2 2
0 3 1 0 2
0 0 0 0 0
0 1 2 0 0
0 0 1 0 0
2 0 0 1 0
0 0 0 0 2
0 1 0 0 1
1 0 0 1 1
2 1 1 0 0
2 1 0 1 1
0 0 0 2 0
1 1 0 0 2
1 0 1 2 0
1 0 0 4 0
1 2 0 2 0
1 0 0 0 0
0 0 1 0 2
0 0 0 1 1
0 0 1 0 3
0 2 2 0 0
1 0 1 0 0
1 3 0 1 0
1 1 0 1 1
0 0 4 0 0
1 1 0 0 0
2 0 0 1 1
0 0 0 0 1
0 0 1 1 0
1 0 1 0 0
1 0 0 2 0
0 0 1 0 0
2 1 0 0 0
2 0 0 1 0
0 2 0 0 1
2 0 0 0 1
0 0 0 0 1
1 2 0 0 1
0 1 1 0 0
0 0 2 0 2
1 0 3 2 1
2 0 0 0 0
1 1 2 0 0
0 0 0 0 1
0 1 0 0 0
0 0 1 1 0
2 0 1 0 1
1 0 0 0 0
1 4 4 2 0
1 2 0 0 0
0 0 0 0 0
0 1 0 0 1
1 0 0 0 0
0 1 0 1 0
0 0 0 0 3
0 0 0 0 0
1 0 0 0 0
2 0 0 2 0
0 0 2 2 0
2 0 0 0 1
0 1 1 0 0
0 1 0 0 1
0 0 0 0 0
0 0 0 0 1
0 1 1 0 0
0 1 0 3 1
0 2 2 0 2
0 0 0 2 2
0 0 1 0 1
1 0 1 0 0
0 2 0 1 1
2 1 0 0 0
1 0 4 1 2
0 0 1 0 0
0 0 2 0 1
1 0 0 0 1
0 0 0 0 0
1 0 1 1 3
0 3 1 1 0
0 2 2 1 0
1 1 2 1 0
0 1 2 0 1
0 1 0 2 0
0 2 2 1 1
1 0 0 0 0
0 0 0 1 0
0 1 1 0 1
0 1 0 0 2
0 1 1 1 0
0 0 2 0 2
1 0 1 4 2
1 0 0 0 1
3 0 0 0 0
0 0 1 0 1
1 0 0 0 2
0 2 0 2 0
0 1 0 1 3
0 0 1 0 0
1 0 1 1 0
0 0 0 1 1
1 0 0 2 0
1 4 1 1 3
0 1 1 2 2
0 0 2 2 1
1 0 1 0 0
2 1 1 0 0
1 2 0 0 0
0 0 2 0 0
1 0 1 0 1
2 0 0 0 0
0 2 0 0 0
0 1 1 0 1
0 0 0 2 0
1 1 0 0 1
1 0 0 0 1
4 1 0 0 0
0 2 0 0 0
1 2 1 0 0
0 0 1 1 4
1 0 1 0 0
1 0 1 0 0
1 0 1 0 1
2 0 0 0 0
0 0 0 1 0
0 0 0 2 1
0 0 0 0 0
0 1 2 0 0
0 1 2 1 1
0 0 2 0 1
2 0 1 0 2
0 0 0 1 1
1 0 0 0 2
1 4 2 0 1
0 1 1 0 2
0 1 0 0 0
0 1 0 0 0
0 1 1 0 0
0 1 2 0 0
0 1 0 0 0
0 0 0 0 0
0 1 1 0 2
0 2 0 0 0
3 1 0 1 1
0 1 0 1 0
0 0 1 1 1
2 1 0 1 1
2 0 0 1 2
0 0 1 0 0
2 1 0 0 0
2 0 1 3 0
0 0 1 1 0
0 1 1 0 0
0 0 1 0 1
0 2 1 0 2
0 2 0 0 1
2 3 0 0 1
0 0 1 2 0
0 0 4 0 0
0 2 0 0 0
1 0 1 0 0
1 3 1 0 0
1 2 4 0 1
2 0 0 0 1
3 2 0 4 2
2 1 3 1 0
1 0 0 1 0
0 0 1 3 0
1 1 0 0 0
1 2 1 0 1
2 1 1 2 0
1 1 2 3 0
1 1 0 1 0
3 1 1 0 0
1 0 0 0 2
1 2 1 1 0
0 1 0 0 1
2 0 2 1 1
0 1 1 0 0
0 0 0 0 0
0 0 0 3 1
1 1 0 0 0
0 0 0 1 0
1 1 0 0 0
0 0 2 2 1
0 0 0 1 0
0 1 3 0 1
0 1 0 1 0
1 1 1 1 1
4 2 0 1 1
1 1 1 1 1
0 0 2 0 4
1 1 0 1 4
0 0 2 0 1
0 1 0 1 0
0 4 3 0 0
1 0 1 0 1
2 1 0 2 0
0 1 0 0 0
0 0 0 2 0
0 1 0 0 0
3 1 1 1 2
0 1 0 1 0
1 0 2 0 0
0 1 0 1 0
1 0 2 0 0
1 0 0 0 0
0 0 1 0 0
0 1 0 0 0
1 0 1 3 1
1 0 1 0 1
1 1 2 0 1
0 0 0 0 0
0 1 2 1 3
0 0 3 0 0
0 0 1 0 1
0 0 4 3 1
0 1 0 1 0
0 2 1 1 1
1 1 0 0 3
2 0 0 1 0
0 0 0 0 0
0 0 0 0 1
1 1 1 1 1
0 1 1 1 3
0 2 1 1 2
0 0 0 1 0
0 2 0 1 0
0 1 1 2 0
0 0 0 0 0
1 0 0 3 0
0 0 0 1 2
0 0 0 0 1
0 0 0 0 0
0 0 0 0 0
0 1 1 0 0
1 0 0 0 0
0 0 0 2 0
1 0 0 2 0
0 2 1 1 1
0 1 0 0 1
0 0 0 0 1
1 0 0 0 1
1 1 0 0 0
2 0 1 0 0
0 2 0 1 0
0 1 1 1 1
0 0 0 2 0
1 0 0 0 0
1 1 0 2 0
1 1 0 1 0
1 1 0 0 1
1 0 0 0 0
0 0 1 1 0
1 0 1 0 0
1 0 3 1 0
1 2 2 0 0
0 3 0 1 2
1 1 3 1 3
0 0 0 3 0
0 2 4 0 1
1 1 1 3 2
1 0 2 3 1
3 0 0 0 0
0 2 0 0 0
0 0 0 0 1
0 0 0 0 0
1 1 0 2 0
1 4 0 0 1
1 0 1 1 0
0 0 1 1 0
1 0 0 1 1
3 0 1 0 0
0 0 1 0 1
1 1 0 0 1
1 0 0 0 0
0 0 1 0 0
0 0 0 0 1
0 1 0 0 1
0 0 1 1 2
3 4 1 1 0
0 1 0 1 1
1 0 2 0 0
1 0 2 1 0
1 0 1 0 2
0 0 1 1 0
3 1 1 0 1
0 2 2 1 0
0 1 0 0 0
1 0 0 0 0
1 0 0 0 0
0 0 1 0 0
0 1 1 1 0
0 0 0 1 0
0 0 0 3 0
0 0 1 1 0
0 0 2 0 0
1 0 3 2 1
0 1 0 2 1
0 0 1 0 1
0 0 0 0 1
2 0 1 0 1
3 0 2 2 1
0 0 1 0 0
0 0 1 0 1
1 1 1 0 2
0 2 0 0 0
0 0 0 0 0
0 2 0 0 0
0 0 1 0 0
0 0 2 0 1
0 0 2 0 0
3 1 1 0 0
0 0 1 2 0
0 0 0 0 1
0 1 0 2 0
0 1 1 2 0
0 0 0 0 0
1 0 0 1 0
0 0 0 0 0
0 1 0 2 2
0 2 0 0 0
0 1 0 0 1
0 0 3 0 1
0 2 1 0 0
0 0 1 0 0
0 0 1 0 0
1 0 1 1 0
0 0 0 1 4
0 1 1 0 0
0 1 0 1 0
1 1 0 0 0
0 0 0 2 3
0 0 1 1 0
4 1 0 0 0
1 1 3 1 1
1 1 2 0 1
2 4 1 0 0
0 0 0 1 1
3 2 1 1 1
0 1 0 1 0
0 3 0 0 1
0 0 1 0 1
0 0 1 0 1
1 1 0 0 1
0 0 1 0 0
0 0 0 1 0
1 0 0 0 2
1 1 1 0 1
0 0 0 0 0
0 1 0 2 0
1 0 0 0 0
0 0 0 1 2
0 2 0 1 0
0 0 1 0 1
2 0 3 0 0
1 2 0 0 0
0 0 0 0 0
0 1 1 2 0
1 1 0 1 0
3 2 0 1 0
0 0 0 0 1
0 0 4 1 0
0 0 0 1 2
0 1 0 4 2
2 0 0 1 0
0 0 0 2 2
0 0 0 0 2
0 1 0 0 1
1 0 0 2 1
0 0 0 0 0
0 0 0 1 2
3 2 0 1 0
1 0 1 0 0
4 0 0 2 0
0 0 2 0 0
2 0 1 1 0
0 1 0 2 0
0 0 2 0 0
0 0 0 0 1
0 0 2 1 0
0 0 1 1 0
0 2 1 2 1
0 0 0 1 0
1 0 0 0 1
0 0 1 1 0
0 0 1 0 0
0 1 3 0 1
2 1 1 1 0
3 2 1 1 4
0 0 0 0 0
1 3 1 0 1
0 0 2 0 2
0 0 3 0 1
0 0 0 0 2
0 2 0 1 0
0 2 0 0 2
0 0 1 1 1
1 1 0 0 0
0 2 1 0 1
0 0 1 1 3
0 1 0 0 0
1 1 0 0 0
1 0 2 3 4
1 0 0 0 3
3 0 0 3 0
0 0 0 0 3
1 1 0 1 0
1 1 0 1 1
1 1 0 2 0
0 0 2 0 0
0 1 1 1 0
0 0 0 1 1
0 1 0 0 0
0 1 1 2 2
3 2 0 3 0
0 1 2 0 0
0 0 0 0 0
1 4 2 0 0
0 1 0 0 1
0 0 2 0 1
0 2 0 0 0
0 0 0 1 1
0 4 2 0 0
1 0 2 1 0
0 0 3 2 0
0 0 0 2 0
1 0 0 1 0
0 1 0 0 0
0 2 1 0 4
0 0 0 0 0
0 2 1 1 0
1 1 1 1 0
1 1 3 0 1
0 0 2 1 3
1 2 2 0 2
0 1 1 0 0
0 0 1 0 1
2 2 0 0 3
1 1 2 0 2
0 0 0 0 0
0 2 0 2 1
0 0 1 2 1
2 0 0 1 3
2 1 0 1 0
0 2 2 0 1
0 0 1 1 0
1 0 2 0 0
0 0 0 1 0
0 0 0 2 0
1 0 0 2 0
0 0 0 0 1
0 1 1 0 3
0 2 1 0 0
4 0 0 1 0
1 0 0 2 0
0 1 0 0 0
0 0 0 0 2
1 0 0 0 1
1 1 0 0 1
0 0 0 0 0
0 0 0 1 2
0 0 0 0 1
0 0 1 1 0
0 0 2 1 1
0 0 0 2 1
1 1 0 1 2
1 1 2 2 0
0 2 0 2 2
1 2 0 0 0
0 0 2 2 3
3 1 0 0 0
0 2 1 0 2
1 1 0 0 0
1 0 0 1 0
0 1 1 1 0
1 2 3 2 0
0 1 2 3 2
0 1 3 3 3
0 0 0 0 1
2 3 0 2 0
0 1 0 0 0
0 1 0 0 0
1 1 0 1 1
1 2 1 1 0
0 0 0 1 0
0 0 3 1 2
0 0 0 0 0
0 0 0 1 0
1 0 0 0 1
0 1 3 1 2
1 1 1 2 0
0 0 0 2 0
0 1 1 1 1
0 0 2 3 1
0 0 0 1 0
0 1 0 2 0
2 0 3 0 0
0 2 0 0 1
1 1 0 0 0
0 0 0 0 0
1 0 0 0 1
1 1 4 0 1
1 0 0 1 0
0 1 1 1 0
0 0 0 0 0
1 0 0 0 0
1 0 3 3 1
0 0 1 3 0
0 2 0 1 0
0 0 1 2 0
0 2 0 2 0
0 1 0 0 0
0 0 1 3 0
0 0 1 0 2
3 1 0 0 2
1 0 1 1 0
2 0 0 0 1
1 0 0 0 4
3 0 1 0 2
2 1 3 0 0
1 0 2 1 4
0 0 0 1 2
1 1 3 0 0
0 1 0 1 2
0 0 0 1 1
0 1 1 0 0
0 2 0 0 0
0 1 0 0 0
1 1 1 0 2
0 0 0 3 0
0 1 0 0 3
0 0 0 0 1
3 1 1 0 0
0 0 0 0 0
0 0 1 1 0
0 0 0 1 0
1 0 0 0 1
3 0 2 0 2
0 1 0 0 0
1 0 0 0 0
1 3 0 0 0
0 0 1 2 0
1 0 1 0 0
1 1 0 1 0
0 1 0 0 4
0 0 4 0 1
0 0 0 0 0
1 1 0 2 0
0 1 0 0 2
1 1 3 1 0
1 0 1 0 1
2 1 0 0 0
2 2 0 3 0
0 2 0 1 0
0 1 0 1 1
4 0 0 1 0
1 0 0 0 0
1 0 0 0 0
0 1 0 1 1
3 2 0 2 3
0 0 2 0 2
0 0 2 1 0
0 0 3 0 1
0 2 0 0 1
1 1 2 0 2
2 1 3 0 0
2 1 1 1 0
2 0 0 0 1
1 1 1 0 3
1 0 1 0 0
0 2 1 0 0
0 1 0 0 1
0 1 0 1 0
0 0 0 0 0
0 0 0 4 0
2 1 0 1 1
1 1 0 0 0
1 0 0 1 0
1 0 0 0 0
0 0 0 0 0
0 0 0 0 0
0 2 1 0 0
0 0 0 0 1
0 0 0 2 0
0 0 0 0 1
1 1 1 0 0
0 0 1 1 0
0 1 0 0 1
0 1 0 0 0
1 1 0 1 0
1 1 0 1 2
1 2 0 0 0
2 0 3 0 2
0 0 1 0 0
0 0 0 0 2
1 0 0 1 2
0 0 2 3 0
1 0 0 0 0
1 0 0 2 0
0 1 1 0 0
0 0 0 2 1
0 0 0 0 1
0 2 0 2 0
0 0 0 0 0
2 1 0 0 0
0 1 0 1 0
0 0 0 0 0
0 1 2 1 0
1 1 1 0 0
0 1 2 0 0
1 1 0 0 1
2 1 0 0 1
0 0 0 1 0
1 0 1 0 0
0 1 0 1 0
0 0 0 1 0
0 3 0 0 2
0 0 1 4 0
0 1 1 0 1
0 0 1 0 0
1 0 0 1 0
1 1 3 1 2
0 0 0 0 3
2 0 1 1 2
0 1 2 1 0
1 2 0 1 0
0 1 0 0 1
1 1 0 0 0
1 3 0 0 0
2 0 0 1 0
0 0 0 1 0
0 1 0 0 0
1 0 1 0 2
1 0 0 1 1
0 0 2 1 1
0 1 0 0 0
2 0 0 1 1
0 0 3 0 1
2 0 0 2 1
