14 4 2
639 907 2051
408 1272
821
835 1524 2107 3039
782 1400 2463 3016
865 1564 2393 3133
808 1553 2412 3202
839 1479 2202 2829
897 1514 2138 2878
864 1517 2357 2922
868 1474 2385 2772
843 1578 2448 2929
845 1642 2411 2899
797 1591 2341 2702
772 1560 2270 2741
879 1553 2288 3054
873 1665 2107 2909
137 149 121 186
155 142 139 144
135 152 114 114
177 188 178 187
107 183 195 180
180 154 166 125
175 135 115 114
143 131 174 183
177 157 188 157
105 122 155 121
163 136 170 139
174 145 115 152
116 120 112 103
145 111 185 123
121 111 113 68
1 5 3 3
1 1 1 9
1 2 2 5
3 1 2 0
1 3 2 1
3 5 2 0
1 2 3 5
3 9 6 1
3 0 2 0
5 1 1 0
6 0 0 0
1 2 0 0
1 3 2 0
2 0 1 2
