14 4 2
440 879 1603
428 1249
611
625 1153 1725 2580
604 1310 1788 2384
718 1362 1833 2576
698 1304 1785 2691
672 1165 1885 2268
626 1291 1968 2367
625 1273 1713 2533
703 1287 1722 2288
652 1298 1750 2525
685 1247 2006 2250
670 1148 1761 2411
665 1170 1996 2638
604 1183 2068 2303
673 1223 2061 2417
122 156 129 113
110 122 139 109
177 166 152 183
140 107 115 111
163 149 103 118
182 102 161 179
149 124 131 192
179 110 159 172
175 182 112 147
116 122 194 168
148 113 114 174
117 186 103 117
136 164 200 181
136 122 166 103
42 88 44 81
4 0 5 1
1 5 2 2
0 1 2 5
5 1 2 1
4 3 8 0
2 0 1 1
1 4 0 1
1 3 0 1
1 0 1 0
2 3 6 1
1 2 2 3
1 0 4 4
1 3 2 0
1 1 2 2
