14 4 2
511 773 1407
333 713
539
627 1309 1687 2269
596 1177 1720 2452
599 1168 1862 2275
633 1210 1909 2427
641 1201 1936 2247
711 1184 1600 2640
640 1198 1891 2449
620 1333 1608 2446
641 1139 1636 2644
693 1286 1796 2346
687 1153 1867 2305
688 1231 1749 2602
667 1165 1591 2251
650 1367 1597 2617
146 142 118 193
162 174 195 172
180 199 102 138
125 146 166 165
103 176 152 194
111 150 182 130
165 185 128 180
136 167 132 116
190 187 165 130
163 171 161 173
157 123 155 200
136 191 143 165
116 140 144 113
116 163 103 144
286 48 94 1
5 1 0 8
5 10 0 3
4 1 1 6
3 1 0 4
2 0 2 2
2 1 1 2
2 4 1 6
4 2 2 4
0 6 3 6
1 0 1 1
8 0 5 4
3 1 3 1
1 0 3 1
0 0 0 0
