14 4 2
884 1343 1831
587 960
328
1059 2071 2861 3244
1026 1703 2772 3870
977 1937 2817 3815
1049 1791 3046 3873
893 2034 2758 3221
1004 1919 2866 3419
1050 1917 2985 3806
994 1952 2780 3220
1070 2040 2588 3815
939 1877 3025 3201
945 1903 2858 3604
910 1924 2668 3270
1019 1990 2635 3397
988 1837 2905 3424
137 200 171 151
171 168 180 117
196 162 183 109
107 184 192 195
165 171 147 166
173 146 112 134
179 190 156 190
144 147 192 184
129 135 129 175
178 102 157 127
147 144 126 147
121 121 134 136
176 107 159 152
144 101 125 182
102 70 96 106
1 0 2 5
0 2 0 4
7 4 2 1
3 0 2 1
0 2 1 1
1 2 2 3
0 1 6 1
0 3 2 1
3 2 1 2
1 1 2 2
1 1 3 4
3 2 4 0
4 2 1 2
3 4 0 1
