14 4 2
539 1357 1761
760 1147
451
836 1433 2374 2903
811 1535 2169 3228
823 1606 2213 3070
847 1394 2299 2895
803 1686 2296 2958
754 1656 2193 2917
859 1554 2420 2863
840 1677 2368 3167
826 1572 2296 3249
765 1473 2390 2813
780 1524 2286 2848
882 1474 2167 2841
797 1408 2413 2686
796 1448 2517 2776
145 172 178 148
167 135 112 149
158 193 152 162
170 101 182 152
145 133 199 149
137 106 169 152
140 131 135 133
152 167 122 165
196 187 199 103
100 121 158 159
179 136 156 148
131 101 128 188
162 165 138 145
163 119 100 182
63 118 76 24
0 1 5 1
3 5 4 7
1 0 1 2
3 0 4 3
7 2 0 1
4 6 1 0
0 2 0 1
2 3 2 1
0 2 0 1
2 0 2 1
1 2 1 2
4 2 0 9
3 7 0 3
6 3 5 0
