14 4 2
411 668 1537
453 1127
748
723 1180 1668 2479
663 1274 1629 2351
624 1153 1615 2298
671 1175 1901 2508
611 1240 1572 2616
726 1144 1732 2197
638 1118 1881 2581
708 1173 1636 2166
722 1122 1831 2595
687 1162 1822 2346
689 1230 1788 2266
675 1176 1852 2336
698 1170 1878 2456
662 1264 1781 2382
140 151 132 146
128 185 111 185
119 144 168 165
131 103 146 181
101 113 114 192
140 143 151 123
111 179 157 183
115 166 128 121
135 194 131 196
173 120 149 105
178 109 150 108
116 199 160 172
125 168 185 141
153 187 103 133
197 8 193 10
2 2 4 2
0 3 3 0
10 2 3 2
4 5 6 5
2 2 5 5
0 1 1 0
1 0 2 3
1 7 1 0
4 3 2 5
2 0 0 2
2 2 1 0
1 2 1 0
1 1 0 2
1 2 1 5
