14 4 2
811 1614 2268
661 1270
430
987 1978 2891 3457
1005 1752 2731 3534
965 1967 2494 3297
859 1888 2573 3806
988 1948 2895 3801
952 1776 2929 3323
877 2003 2757 3498
878 1987 2995 3764
1003 1795 2817 3211
929 1799 2943 3789
949 1711 2588 3511
966 1863 2762 3436
876 1773 2501 3139
905 1732 2687 3621
103 171 121 174
173 177 192 133
184 198 144 160
184 103 150 113
194 166 160 110
193 117 149 139
100 131 178 157
183 112 133 105
106 150 114 186
155 124 154 153
154 121 114 157
197 177 191 115
198 167 126 189
130 149 133 132
148 55 200 7
3 3 1 3
4 0 1 5
0 1 4 3
0 2 2 2
5 3 4 0
3 1 1 0
1 4 3 0
1 5 1 0
1 0 4 3
0 2 0 0
0 1 5 0
1 0 4 2
2 4 5 2
2 0 1 4
