14 4 2
451 1190 2385
698 1802
726
799 1361 2322 3344
802 1432 2261 2976
780 1428 2234 2904
796 1275 2036 3360
829 1366 2168 3033
866 1339 2398 3339
853 1246 2050 2960
774 1447 2024 3156
889 1421 2202 3096
914 1471 2232 3111
858 1457 2285 2974
877 1395 2124 3276
803 1344 2178 2881
837 1326 2290 3087
154 196 145 193
131 141 112 194
117 156 200 116
120 145 104 191
127 144 141 176
106 166 183 152
146 124 132 107
180 103 103 171
180 155 135 150
147 145 114 147
188 179 197 189
120 193 163 176
170 151 120 116
179 177 103 118
112 1 28 89
2 4 5 5
1 1 0 3
4 2 1 2
3 3 3 0
0 1 0 1
1 0 2 2
2 6 1 1
1 0 2 4
4 2 2 1
0 3 4 0
1 1 5 0
0 0 3 0
0 4 2 1
4 0 0 2
