14 4 2
512 1189 1737
624 1488
685
815 1388 2147 2969
793 1363 2091 2682
721 1528 2248 2730
712 1605 2192 3019
788 1552 2033 2784
789 1422 2111 2981
712 1380 2343 2727
700 1508 2017 3079
725 1319 2381 3001
760 1569 2348 2880
771 1606 2391 2681
829 1360 2065 3074
744 1528 2267 2813
783 1552 2367 2764
197 176 195 128
129 118 101 108
149 172 151 105
150 122 158 162
124 144 130 173
125 178 167 117
194 147 115 103
137 147 197 134
186 144 135 165
133 134 160 135
134 184 145 166
151 193 145 100
171 184 120 117
108 125 127 118
108 40 60 39
3 1 3 1
3 6 1 5
7 2 2 0
2 1 3 0
0 2 1 6
0 2 0 2
4 0 1 2
2 0 0 2
0 0 7 1
0 0 4 2
1 1 4 1
2 2 11 2
1 2 1 1
3 6 2 1
