14 4 2
423 1409 1652
975 1515
484
879 1445 2475 3111
813 1280 2790 3493
830 1513 2474 3579
951 1496 2535 3101
933 1450 2605 3254
838 1486 2494 3427
885 1456 2654 3288
926 1546 2753 3366
923 1503 2445 3073
911 1458 2534 3338
920 1546 2906 3063
854 1432 2769 3655
899 1441 2645 3281
872 1473 2853 3690
150 106 113 146
103 189 154 168
182 188 177 135
117 190 192 106
162 173 171 104
160 131 102 124
158 130 112 186
189 180 139 119
195 152 122 197
149 132 186 144
178 189 179 107
194 155 167 176
117 160 154 103
188 101 153 183
224 152 14 6
2 0 2 2
2 0 2 0
0 1 0 0
1 4 4 2
1 1 0 2
0 4 0 1
5 2 0 1
0 0 1 8
8 2 3 1
4 4 3 6
1 2 1 0
1 3 3 0
0 3 1 2
0 3 0 1
