14 5 10
297 1020 1537 1639
650 1156 1378
278 832
594
693 1097 1960 2325 3012
753 1100 1914 2284 3005
651 1048 2158 2588 3247
697 1026 1822 2444 3115
729 1033 2110 2697 3433
761 1153 1955 2285 3463
719 1173 1929 2705 3132
745 981 2101 2460 2880
766 1002 1889 2412 3467
761 1040 1890 2481 3152
748 1029 1799 2516 3254
727 1111 2156 2456 2901
650 989 2055 2723 3168
667 1144 1924 2604 3033
43 34 40 43 37
32 39 44 47 45
46 33 44 40 25
46 41 41 35 34
48 38 49 37 35
36 25 30 45 33
36 37 41 31 25
44 50 26 42 32
38 38 50 47 33
36 34 25 42 37
27 26 35 32 29
36 46 27 38 32
47 47 28 35 32
46 47 30 49 45
17 42 19 21 2
1 3 3 4 2
6 2 3 2 1
6 4 5 4 8
2 3 4 7 5
4 1 6 1 3
3 3 4 0 2
1 6 4 3 5
2 3 4 7 3
12 6 2 2 3
2 4 3 5 3
3 6 7 2 1
7 2 1 2 6
8 1 2 1 3
4 6 4 7 9
