14 5 10
421 661 1253 1474
300 956 1036
548 876
319
527 1007 1371 2028 2439
483 1003 1618 1709 2263
486 989 1563 1942 2431
509 903 1421 1964 2395
497 964 1581 1795 2315
550 827 1393 1821 2213
508 833 1469 1956 2181
541 894 1494 1908 2121
543 932 1593 1741 2498
543 1004 1434 1872 2476
539 939 1412 1712 2308
500 970 1424 1983 2364
465 987 1602 1686 2288
549 879 1452 1742 2449
30 50 33 50 49
44 29 33 38 29
35 27 25 35 28
37 48 39 40 43
42 34 37 45 32
26 42 37 39 37
42 48 48 26 47
36 40 25 45 43
26 27 40 27 43
43 34 34 35 35
43 32 39 46 38
50 27 37 46 45
37 45 32 34 33
30 40 35 27 30
15 49 22 9 12
5 3 1 5 3
1 3 2 0 2
0 4 8 3 2
8 1 5 1 4
6 4 1 2 8
3 3 5 5 2
2 1 6 2 4
4 11 2 2 9
8 7 7 4 2
2 3 2 1 1
4 3 2 2 4
7 1 2 4 8
2 1 1 7 6
2 6 8 2 1
