14 5 10
492 1234 1914 2338
852 1250 1762
551 975
511
749 1359 2278 2859 3484
779 1287 1987 3119 3539
740 1309 1998 3235 3578
794 1379 2046 2760 3264
813 1330 1957 2794 3228
735 1551 2113 3073 3436
726 1451 2354 3134 3612
762 1488 2284 3260 3720
739 1406 2042 2912 3627
802 1410 2045 2886 3280
724 1392 2265 2951 3774
803 1371 2361 3118 3580
694 1404 2158 2964 3772
728 1361 2350 2863 3442
45 38 25 48 50
46 34 47 40 35
50 48 34 35 33
33 43 31 33 27
25 38 28 26 28
42 33 39 48 28
25 42 37 33 49
40 30 48 30 31
43 36 46 35 35
37 50 42 39 48
39 31 50 30 38
46 40 30 36 37
28 36 37 32 50
46 29 38 38 49
29 32 23 39 2
2 2 4 2 4
5 7 2 5 6
7 3 3 2 4
3 3 5 0 1
2 3 6 7 4
2 2 0 6 6
4 4 4 5 3
3 1 1 7 3
4 2 3 1 1
2 3 6 9 1
6 3 2 4 6
3 1 2 1 7
0 4 5 3 5
2 5 1 4 0
