14 5 10
989 1516 2651 2842
650 1655 2614
739 1476
932
853 1919 2827 3675 4741
926 1928 2684 3621 4955
881 1756 2663 3239 4440
940 1620 2642 3100 4821
910 1780 2512 3626 4424
922 1677 2766 3348 4195
1002 1705 2779 3352 4587
934 1614 2429 3311 4240
989 1748 2446 3141 4967
926 1795 2683 3390 4960
1003 1800 2596 3384 4243
926 1789 2644 3335 4979
948 1656 2524 3312 4738
986 1825 2667 3572 4313
46 40 46 46 42
46 31 47 41 49
48 29 37 27 38
26 44 36 45 41
37 36 29 32 28
30 36 38 37 39
44 31 26 25 32
45 44 43 36 49
34 30 44 33 43
30 37 29 47 26
31 37 35 29 34
25 42 30 39 45
29 46 32 37 45
39 25 32 29 40
23 57 12 4 24
7 4 6 4 7
4 1 4 6 1
3 8 0 2 2
3 4 2 5 8
2 2 6 3 1
1 2 10 5 6
2 7 6 5 5
0 1 6 2 4
4 2 5 5 4
4 8 3 3 2
3 6 3 1 5
7 3 4 2 6
3 4 5 6 5
6 6 3 4 2
