14 5 10
402 945 1804 3037
598 1316 2542
812 1914
1117
963 1419 2149 3274 4772
933 1672 2210 3455 4409
909 1602 2402 3142 4139
933 1428 2438 3656 4503
902 1416 2099 3640 4266
909 1645 2440 3656 4386
843 1448 2113 3359 4262
857 1502 2374 3776 4558
846 1658 2479 3661 4830
806 1597 2368 3173 4033
965 1610 2100 3537 4354
813 1612 2336 3759 4496
928 1550 2364 3316 4731
937 1607 2239 3298 4463
31 37 41 34 39
35 47 40 34 35
30 39 43 49 28
33 27 26 46 27
46 25 33 38 40
48 38 48 26 29
32 45 50 42 43
44 34 40 40 26
28 44 39 35 28
40 29 25 39 47
34 30 28 34 46
35 27 46 48 36
35 49 38 49 30
45 28 45 31 41
47 25 25 4 14
4 1 3 7 6
3 4 3 4 10
4 2 2 2 4
1 6 2 2 2
1 1 4 5 4
5 6 3 1 2
1 0 4 8 2
5 6 3 1 6
4 4 3 2 4
3 1 1 4 0
2 0 2 1 5
3 7 4 1 5
2 0 4 6 4
4 3 5 9 7
