14 5 10
469 1026 1447 1462
602 1085 1276
500 551
127
570 1072 1721 2269 2433
557 996 1558 1938 2493
508 908 1582 2176 2618
561 919 1736 2295 2861
594 894 1570 2240 2646
592 1023 1548 2009 2639
603 995 1738 2049 2740
529 1068 1584 2199 2535
569 941 1593 2051 2648
516 942 1449 2312 2589
511 996 1645 2225 2495
539 1057 1568 1918 2638
512 995 1704 1972 2611
610 1024 1718 2338 2724
45 41 43 49 50
50 35 50 47 26
35 43 39 25 41
43 30 32 46 37
28 31 50 42 50
48 26 47 31 25
41 47 31 44 30
29 30 47 48 49
30 30 27 47 32
49 38 37 40 35
37 34 46 33 41
26 26 33 29 41
31 44 37 25 33
26 32 25 38 48
5 40 15 16 22
1 4 1 4 4
3 4 8 4 2
4 5 1 2 1
6 1 1 4 4
2 4 5 8 6
3 1 5 4 2
4 1 3 3 3
5 4 5 3 4
2 5 5 5 7
7 5 3 1 0
2 3 2 1 4
2 0 2 1 2
4 5 2 4 6
5 2 2 3 5
