14 5 10
506 1198 1976 3064
905 1561 2680
554 1533
996
1010 1655 2636 3338 4685
1069 1626 2697 3649 4467
1047 1641 2764 3320 4810
1079 1654 2763 3537 4110
987 1717 3021 3394 4813
1025 1713 2972 3622 4807
1017 1682 2802 3255 4427
943 1845 2856 3240 4002
1060 1632 2906 3585 4301
1015 1588 2738 3300 4365
983 1816 2746 3308 4852
945 1674 2587 3543 4870
986 1695 2785 3814 4753
886 1860 2864 3595 4304
32 37 28 25 28
45 42 28 35 39
40 40 40 45 32
47 32 39 49 42
38 46 30 34 40
32 38 43 41 31
37 26 43 33 30
35 35 32 25 40
38 42 48 28 32
49 31 45 48 46
36 40 26 30 48
29 48 35 26 33
39 29 28 30 31
46 50 46 46 49
43 10 23 41 4
6 3 5 3 6
7 2 3 1 6
1 0 3 1 6
3 7 2 5 1
4 3 0 5 4
1 4 5 5 4
5 10 1 2 3
3 2 5 4 4
2 4 3 1 3
3 3 2 1 4
3 5 5 8 7
4 4 5 4 4
1 12 4 7 3
4 3 1 2 1
