14 5 10
450 1388 1377 2065
773 1192 1337
240 532
376
638 1176 2126 2446 2852
750 1199 2173 2420 2850
658 1031 1931 2831 3011
635 1170 2252 2407 3308
731 1066 2155 2469 3351
691 1031 2172 2791 2876
722 1019 2077 2586 2881
682 1003 2158 2446 3142
669 1067 2054 2681 2978
674 1005 2203 2594 2874
737 1142 1875 2609 2885
760 1082 2065 2900 3253
717 1057 2024 2844 3150
700 1118 2110 2554 3238
28 38 25 37 30
44 40 25 26 34
33 38 43 40 31
50 35 50 32 46
36 39 32 48 27
41 28 29 43 32
33 48 33 34 29
29 35 34 45 45
48 48 40 35 40
44 48 49 47 38
45 29 26 37 43
31 42 43 45 26
47 37 31 25 47
49 44 48 44 49
14 27 2 47 4
1 0 5 5 4
2 3 3 4 4
3 2 4 2 0
1 1 4 9 1
1 3 6 4 3
1 2 0 3 1
8 7 7 1 1
7 1 1 2 2
1 2 3 3 2
3 3 2 1 7
4 3 6 6 1
4 1 4 7 2
2 4 1 4 2
3 2 4 6 3
