14 5 10
875 1040 2595 3141
300 1633 2220
1158 1556
468
816 1790 2131 3571 4224
785 1760 2014 3758 4468
797 1618 2300 3598 3927
813 1797 2005 3719 4449
940 1746 2382 3624 4137
927 1679 2390 3271 3982
919 1753 2312 3311 4448
814 1877 2031 3093 3833
929 1800 2377 3282 4515
896 1747 2323 3653 3889
890 1813 2100 3730 4455
789 1778 2060 3112 4460
926 1834 2374 3350 4188
942 1554 2026 3703 4377
49 44 46 31 45
35 30 40 42 36
48 49 29 48 47
37 25 29 42 42
38 42 49 44 28
37 38 38 35 39
42 31 39 26 36
33 47 45 47 39
29 38 34 26 25
48 41 33 30 44
46 27 26 41 43
50 28 38 46 40
43 30 44 46 32
48 47 49 42 28
29 69 12 1 1
2 1 4 5 5
1 0 3 4 4
4 2 3 4 1
1 3 2 6 0
3 4 4 3 4
6 5 5 7 0
7 5 4 3 0
3 5 0 2 2
6 2 3 2 1
3 3 3 2 6
3 4 4 2 1
5 4 1 3 7
1 4 10 2 0
3 6 5 2 2
