14 5 10
420 1339 1898 2658
948 1637 2491
590 1700
904
968 1443 2530 3274 4371
993 1526 2541 3186 4785
953 1564 2473 3567 4137
890 1627 2483 3105 4104
899 1579 2538 3163 4177
963 1469 2819 3186 4161
852 1455 2640 3002 4509
903 1397 2445 3233 4752
926 1516 2431 3068 4493
965 1411 2664 3125 4745
961 1459 2547 3254 4357
877 1394 2791 3149 4841
971 1469 2388 3439 4842
935 1505 2687 3523 4572
41 32 39 44 40
42 42 39 35 50
47 30 26 29 42
34 49 39 33 47
49 28 39 37 32
28 46 36 30 29
29 30 26 33 43
25 42 34 29 45
32 41 29 47 43
45 49 34 43 48
29 42 35 28 42
37 39 46 38 40
50 35 32 29 44
40 43 46 30 28
22 34 1 14 17
3 3 2 7 1
1 5 7 3 1
3 5 1 2 1
2 0 6 3 2
7 4 2 7 4
2 2 4 1 2
4 3 3 3 4
7 8 3 3 3
2 6 2 2 5
8 1 6 1 3
3 3 3 2 1
4 7 1 8 5
1 5 3 2 1
3 3 0 1 2
