14 5 10
605 1385 1382 1902
701 766 1514
240 795
644
674 1384 2170 2455 3242
655 1451 2291 2462 3115
770 1349 1904 2919 3437
724 1306 1906 2582 3260
708 1303 2056 2692 3149
772 1249 2038 2457 3273
743 1199 2126 2884 3525
740 1342 2147 2638 3562
724 1227 2318 2696 3323
652 1340 2323 2582 3398
753 1448 1953 2945 3296
750 1410 2039 2946 3564
760 1364 2208 2824 3276
752 1306 2289 2730 3374
36 46 33 50 25
46 26 41 40 46
34 36 46 44 36
49 28 35 42 44
44 42 42 29 43
33 39 43 34 38
47 50 39 26 49
25 41 42 49 28
48 32 37 30 39
44 44 32 47 48
43 33 37 26 34
34 34 39 37 29
31 31 49 45 39
27 48 43 44 26
17 56 26 13 9
1 4 5 3 9
1 3 3 0 2
11 2 4 4 7
3 0 2 4 1
0 3 2 3 3
4 2 4 10 5
7 4 7 1 4
3 7 1 1 4
1 2 2 5 8
1 3 5 3 1
6 2 7 2 3
4 11 4 2 2
1 2 2 5 1
3 3 3 5 4
