14 5 10
510 1097 2062 3130
489 1188 2171
864 1895
996
806 1448 2082 3093 4459
873 1338 2122 3394 4060
765 1262 2058 2986 4134
828 1310 2055 3045 4448
875 1226 2028 3407 4276
819 1218 2315 3223 4227
885 1347 2182 3151 4134
887 1396 2180 3402 3883
793 1368 2137 3487 4225
816 1339 2233 3379 4271
837 1443 2363 3504 4358
750 1419 2328 3379 3809
882 1479 2248 3432 4406
774 1350 1986 3458 3834
28 26 31 43 41
48 29 45 47 48
30 46 29 29 25
43 47 47 26 30
27 50 47 30 48
40 40 31 26 37
40 49 43 39 27
30 49 37 28 47
46 34 26 32 28
37 40 40 33 46
38 27 35 33 40
37 48 43 41 28
31 44 33 47 37
50 48 50 49 27
10 16 2 20 2
7 2 9 3 2
2 1 1 3 0
1 3 3 5 1
5 3 3 5 5
5 3 4 6 4
5 2 0 5 3
2 6 6 3 2
2 1 2 1 3
4 2 2 2 1
8 3 4 2 4
4 0 6 4 4
5 3 4 4 1
3 6 8 2 2
2 5 9 4 3
