14 5 10
226 707 1207 1745
456 1097 1362
515 980
473
560 806 1399 1968 2512
522 839 1381 2111 2450
552 805 1485 1916 2355
478 796 1402 1800 2532
526 900 1473 2040 2448
476 875 1505 1936 2501
501 742 1382 2034 2310
517 821 1418 1949 2245
465 808 1358 2081 2382
521 871 1514 1990 2510
553 887 1519 1791 2631
536 882 1305 2000 2599
503 747 1550 2078 2483
503 766 1467 2000 2260
42 31 43 46 25
32 40 47 27 33
49 37 45 29 36
26 38 39 37 28
28 34 26 26 36
36 41 45 37 50
26 48 46 39 42
45 39 38 50 46
27 44 28 27 38
30 27 34 30 29
36 40 42 40 40
30 46 50 39 31
40 25 38 50 48
26 42 37 42 28
45 17 29 3 12
4 7 4 3 4
3 2 1 1 2
6 2 4 4 3
6 4 2 4 4
1 0 3 0 3
2 6 4 4 3
5 4 4 2 9
2 1 3 2 3
7 5 3 3 3
5 2 1 11 4
1 2 3 1 1
1 6 4 1 5
2 4 5 4 2
8 3 2 4 2
