14 5 10
371 1273 1971 2585
810 1672 1988
619 1089
476
920 1420 2493 3200 3720
835 1448 2177 3408 3695
884 1280 2242 3475 4345
906 1370 2074 3418 3774
790 1425 2163 3437 4234
868 1484 2230 3520 4296
893 1491 2062 3180 3870
918 1378 2457 3189 3983
842 1436 2392 3257 3785
828 1480 2216 3458 3736
936 1302 2419 3411 4336
781 1426 2153 3411 4017
940 1479 2403 3434 4065
856 1321 2243 3076 4158
26 38 36 47 33
28 36 40 45 33
28 49 42 49 38
38 35 42 27 41
37 26 37 44 30
32 39 29 25 27
38 43 46 30 32
50 40 28 45 35
26 31 47 32 40
29 39 25 50 41
46 25 38 31 26
36 34 48 26 26
38 50 50 49 50
47 35 48 45 31
15 8 15 31 7
6 1 4 5 4
3 0 2 5 3
5 5 2 4 6
4 4 2 1 1
0 1 7 1 5
2 2 1 3 4
4 2 3 1 8
3 4 3 3 1
2 1 4 4 3
5 4 1 0 2
1 3 4 7 7
2 1 2 0 5
1 4 4 4 4
1 6 3 1 0
